  2.0938986e+000  2.2450470e-001
  1.9421348e+000  3.2163239e-001
  1.7782108e+000  5.0103951e-001
  1.6202422e+000  5.3772717e-001
  9.9891750e-001  6.2747986e-001
  7.7204470e-001  8.3112841e-001
  5.3158390e-001  1.0620835e+000
  9.5596300e-003  1.2848961e+000
 -2.4240563e-001  1.2539352e+000
 -6.0838259e-001  4.7637004e-001
 -1.0066794e+000  6.8259293e-002
 -1.1799473e+000  3.5702501e-002
 -1.5011964e+000  2.9199835e-002
 -1.8295341e+000  2.9036182e-002
 -2.1651672e+000  3.7394867e-002
