* first attempt at a decribing the Iter sub-divertor - 23/02/2011, from Excel file divertor_space_v7.xlsx
1.0																							
{INNER DIVERTOR}																						
4.0673881	-2.5516002																						
4.0000000	-2.5400936																						
3.7497426	-2.5400936																						
3.7497426	-2.6433398																						
3.8254111	-2.7035665																						
4.0696141	-2.7052871																						
4.1177668	-2.7328189																						
4.1951543	-2.8911296																						
4.1960364	-2.9567335																						
4.2502212	-3.0046996																						
4.2983387	-3.1389194																						
4.2966190	-3.2301197																						
4.2794216	-3.3053466																						
4.1831162	-3.4916758																						
4.0956475	-3.5635256																						
4.0990064	-3.6637521																						
4.0388155	-3.7928096																						
4.0646116	-3.8754067																						
4.1618700	-3.9151880																						
4.1813502	-3.8802993																						
{OUTER DIVERTOR}																				
5.5543089	-4.4918542																						
5.5543200	-4.6000000																						
5.6216734	-4.6153343																						
5.7162583	-4.5189716																						
5.7196978	-4.4157255																						
5.7572292	-4.3367119																						
5.7093793	-4.2316042																						
5.7076596	-3.9700481																						
5.7351754	-3.8427118																						
5.7902071	-3.7446279																						
5.8796335	-3.6534275																						
5.9621810	-3.6086876																						
6.0860015	-3.5553444																						
6.1561197	-3.5487166																						
6.2049005	-3.4951176																						
6.3373205	-3.4314498																						
6.3871929	-3.4073590																						
6.4250272	-3.3144381																						
6.3459192	-3.2886260																						
6.3568560	-3.2492550																						
6.2364800	-3.2368900																						
6.1322584	-3.2448688																						
{INNER REFLECTOR}																						
4.3915691	-4.0801771																						
4.3898494	-4.0543657																						
4.4620785	-4.0388789																						
4.4857090	-3.9129700																						
4.3847390	-3.9050240																						
4.2837680	-3.8970770																						
4.1827970	-3.8891310																						
4.1749285	-3.9304704																						
4.1370942	-3.9545613																						
4.2069345	-3.9924184																						
4.1577311	-4.0492034																						
4.1594508	-4.1593324																						
4.2254650	-4.2081579																						
4.3279845	-4.2195591																						
4.3915691	-4.0801771																						
{OUTER REFLECTOR}																						
5.1740191	-4.5568288																						
5.2359297	-4.5533870																						
5.3786673	-4.6032892																						
5.4749930	-4.6755610																						
5.5494190	-4.5507420																						
5.4547840	-4.4561080																						
5.3601500	-4.3614730																						
5.2655150	-4.2668390																						
5.2359297	-4.3090390																						
5.2049947	-4.4191672																						
5.1740191	-4.5568288																						
{OUTER CONNECTOR}																					
5.2359297	-4.5533870																						
5.2967377	-4.6195739																						
5.3786673	-4.6032892																						
5.2359297	-4.5533870																						
{MUSHROOM}																					
5.0123943	-3.9820931																						
5.0278720	-3.9528408																						
5.1035398	-4.0096258																						
5.2457990	-3.9888670																						
5.1425540	-3.8421010																						
4.9914230	-3.7535600																						
4.8149130	-3.7130400																						
4.6393100	-3.7499650																						
4.6890833	-3.8495946																						
4.8232230	-3.8719649																						
4.8129046	-3.9046591																						
5.0123943	-3.9820931																						
{OUTER TRIANGLE}																					
5.2049947	-4.4191672																						
5.1671604	-4.4260507																						
5.1035398	-4.2574155																						
5.0898680	-4.2161172																						
5.0260662	-4.0233915																						
5.0123943	-3.9820931																						
4.8129046	-3.9046591																						
4.7721468	-3.9258245																						
4.5819442	-4.0245963																						
4.5411865	-4.0457617																						
4.4397218	-4.0939434																						
4.3915691	-4.0801771																						
4.3279845	-4.2195591																						
4.5911047	-4.3090390																						
4.6370216	-4.3260745																						
4.8513006	-4.4055735																						
4.8972175	-4.4226090																						
5.1740191	-4.5568288																						
5.2049947	-4.4191672																						
{INNER TRIANGLE}																					
4.9040507	-4.0251126																						
4.8662165	-4.0096258																						
4.8246848	-4.0310492																						
4.6308701	-4.1310254																						
4.5893384	-4.1524489																						
4.6409314	-4.1748192																						
4.6863324	-4.1915966																						
4.8982037	-4.2698912																						
4.9436048	-4.2866687																						
5.0020759	-4.3004350																						
4.9873721	-4.2591366																						
4.9187545	-4.0664109																						
4.9040507	-4.0251126																						
{INNER CASSETTE}																				
4.9766222	-4.6614289																						
4.3258305	-4.4376998																						
4.2288786	-4.3455402																						
4.1889597	-4.2455821																						
4.1125356	-4.1830482																						
4.0151539	-4.0011627																						
3.9521348	-3.7804623																						
3.9303205	-3.6106946																						
4.0048198	-3.5351488																						
3.9884916	-3.4312263																						
4.0885665	-3.2800220																						
4.1143626	-3.2146329																						
4.1349987	-3.1268736																						
4.1315600	-3.0391149																						
4.1427337	-2.9743713																						
4.1006047	-2.9272655																						
4.0232164	-2.8188570																						
3.8993951	-2.7313234																						
3.8013700	-2.7328189																						
3.7910516	-2.7190534																						
3.7532173	-2.6932413																						
3.6311165	-2.7844424																						
3.5984415	-2.9599604																						
3.6311165	-3.1526857																						
3.6448745	-3.2318403																						
3.6448745	-3.3092751																						
3.6827080	-3.3092751																						
3.7841726	-3.2283992																						
3.8340450	-3.2283992																						
3.8340450	-3.2473271																						
3.7136633	-3.4744685																						
3.6809882	-3.5553444																						
3.6661256	-3.6325219																						
3.6661256	-3.6931537																						
3.6927879	-3.8338183																						
3.7436878	-4.0157120																						
3.8309446	-4.2121574																						
3.9428694	-4.4037464																						
4.1319267	-4.6098923																						
4.1973691	-4.6535470																						
4.2846265	-4.6899259																						
5.2008247	-5.0003582																						
5.3098958	-5.0076339																						
5.4356911	-4.9865342																						
4.9766222	-4.6614289																						
{OUTER CASSETTE}																				
6.1000733	-4.3360783																						
6.1008687	-4.1612171																						
6.6777344	-4.1612171																						
6.7140912	-4.0375296																						
6.7892295	-3.9138414																						
6.7868055	-4.0375296																						
6.9201149	-4.0399544																						
6.9928292	-4.1563669																						
7.1074920	-4.0622663																						
7.1940050	-3.9332432																						
7.1262901	-3.8459353																						
6.9710816	-3.8483593																						
6.9370813	-3.7464992																						
6.8280102	-3.6858674																						
6.8304342	-3.3802861																						
6.5856297	-3.3205026																						
6.5856297	-3.3205026																						
6.5420010	-3.4263656																						
6.5032202	-3.4675947																						
6.2438733	-3.5912830																						
6.1774571	-3.5956878																						
6.1323782	-3.6470637																						
6.0063400	-3.7028445																						
5.9627120	-3.7295221																						
5.9312025	-3.7586252																						
5.9069641	-3.8022799																						
5.8924217	-3.8483593																						
5.8877252	-4.2921819																						
5.8426106	-4.3628060																						
5.8828773	-4.4595241																						
6.1000733	-4.3360783																						
{CASSETTE HOLE}																				
5.8828773	-4.4595241																						
5.8513677	-4.5468335																						
5.8150109	-4.5953385																						
5.7519918	-4.6583950																						
5.6477687	-4.6947739																						
5.3365574	-4.7505569																						
5.2756159	-4.7020453																						
5.1935527	-4.7360053																						
4.9766222	-4.6614289																						
5.4356911	-4.9865342																						
5.7292137	-4.9373016																						
5.8285896	-4.9057730																						
5.9231183	-4.8499923																						
5.9885614	-4.7869358																						
6.0985962	-4.6608205																						
6.1000733	-4.3360783																						
5.8828773	-4.4595241																						
{VESSEL PORT}																					
6.6463763	-3.2565994																						
6.9445040	-3.0189241																						
7.0200000	-2.9534000																						
7.6982411	-2.9534391																						
7.9000000	-2.9534391																						
7.9000000	-5.0900923																						
5.2056719	-5.1070693																						
5.0263105	-5.1022191																						
4.7718108	-5.0609892																						
4.5779062	-5.0027837																						
4.3840024	-4.9106240																						
4.1755547	-4.7699594																						
3.9864981	-4.6001917																						
3.8309446	-4.4037524																						
3.7000591	-4.1660772																						
3.6128024	-3.9090008																						
3.5764449	-3.7271071																						
3.5643257	-3.5427878																						
3.5639784	-2.9599604																						
3.5639784	-2.5108420																						
3.5639784	-2.4358417																						
3.5914943	-2.4358417																						
3.5914943	-2.5091215																						
4.0369061	-2.5125625																						
{OUTER VESSEL}																						
7.6982411	-2.9534391																						
7.5625077	-3.2759974																						
7.2304465	-3.9526428																						
7.1286043	-4.0884582																						
7.0267620	-4.2242737																						
6.8500998	-4.4157052																						
6.6144685	-4.6074698																						
6.3842072	-4.7626859																						
6.1414892	-4.8912214																						
5.7873856	-5.0149097																						
5.4092717	-5.0900923																						
5.2056719	-5.1070693																						
