* number of heading lines in this data file : 15
* 
* BM 3D coordinates extracted from CASTEM
* Post-proc in Matlab : only reading CASTEM raw data (for checking) and write concatenate ascii files - no modifications of X,Y,Z coordinates
* Date CASTEM calculations : 15/03/2011
* Date Matlab post-processing data : 15/03/2011
* Files can be found in : C:\CASTEM_FW.BM coordinates for Steve. march. 2011 (bis) -  whole column - def
* Modif compared to latest version : - 
* 
* FIRST WALL GEOMETRY:
* Reference design November 2009 - slightly adjusted in January 2010 (CATIA skeleton post-Blanket CDR)
* Spatial resolution corresponds to resolution used for previous FLT CASTEM calculations => definition of (rho,S) grid for DIVIMP (2010)
* 
* DATA
*   nºnode  nºelem  X(m)    Y(m)    Z(m) 
  1.000   1.000   8.115   0.678   2.140
  2.000   1.000   8.153   0.678   2.059
  3.000   1.000   8.157   0.678   2.061
  4.000   1.000   8.119   0.678   2.142
  5.000   2.000   8.077   0.678   2.220
  6.000   2.000   8.115   0.678   2.140
  7.000   2.000   8.119   0.678   2.142
  8.000   2.000   8.082   0.678   2.223
  9.000   3.000   8.039   0.678   2.301
 10.000   3.000   8.077   0.678   2.220
 11.000   3.000   8.082   0.678   2.223
 12.000   3.000   8.044   0.678   2.304
 13.000   4.000   8.002   0.678   2.382
 14.000   4.000   8.039   0.678   2.301
 15.000   4.000   8.044   0.678   2.304
 16.000   4.000   8.006   0.678   2.384
 17.000   5.000   7.997   0.678   2.391
 18.000   5.000   8.002   0.678   2.382
 19.000   5.000   8.006   0.678   2.384
 20.000   5.000   8.002   0.678   2.393
 21.000   6.000   7.990   0.668   2.388
 22.000   6.000   7.997   0.678   2.391
 23.000   6.000   8.002   0.678   2.393
 24.000   6.000   7.995   0.668   2.390
 25.000   7.000   7.962   0.550   2.375
 26.000   7.000   7.990   0.668   2.388
 27.000   7.000   7.995   0.668   2.390
 28.000   7.000   7.966   0.550   2.377
 29.000   8.000   7.953   0.431   2.370
 30.000   8.000   7.962   0.550   2.375
 31.000   8.000   7.966   0.550   2.377
 32.000   8.000   7.957   0.431   2.373
 33.000   9.000   7.947   0.313   2.368
 34.000   9.000   7.953   0.431   2.370
 35.000   9.000   7.957   0.431   2.373
 36.000   9.000   7.952   0.313   2.370
 37.000  10.000   7.958   0.176   2.373
 38.000  10.000   7.947   0.313   2.368
 39.000  10.000   7.952   0.313   2.370
 40.000  10.000   7.962   0.176   2.375
 41.000  11.000   7.975   0.040   2.381
 42.000  11.000   7.958   0.176   2.373
 43.000  11.000   7.962   0.176   2.375
 44.000  11.000   7.979   0.040   2.383
 45.000  12.000   7.976   0.030   2.382
 46.000  12.000   7.975   0.040   2.381
 47.000  12.000   7.979   0.040   2.383
 48.000  12.000   7.981   0.030   2.384
 49.000  13.000   7.981   0.030   2.373
 50.000  13.000   7.976   0.030   2.382
 51.000  13.000   7.981   0.030   2.384
 52.000  13.000   7.985   0.030   2.375
 53.000  14.000   8.018   0.030   2.292
 54.000  14.000   7.981   0.030   2.373
 55.000  14.000   7.985   0.030   2.375
 56.000  14.000   8.023   0.030   2.294
 57.000  15.000   8.056   0.030   2.211
 58.000  15.000   8.018   0.030   2.292
 59.000  15.000   8.023   0.030   2.294
 60.000  15.000   8.061   0.030   2.213
 61.000  16.000   8.094   0.030   2.130
 62.000  16.000   8.056   0.030   2.211
 63.000  16.000   8.061   0.030   2.213
 64.000  16.000   8.098   0.030   2.132
 65.000  17.000   8.132   0.030   2.049
 66.000  17.000   8.094   0.030   2.130
 67.000  17.000   8.098   0.030   2.132
 68.000  17.000   8.136   0.030   2.051
 69.000  18.000   8.110   0.678   2.138
 70.000  18.000   8.148   0.678   2.057
 71.000  18.000   8.153   0.678   2.059
 72.000  18.000   8.115   0.678   2.140
 73.000  19.000   8.073   0.678   2.218
 74.000  19.000   8.110   0.678   2.138
 75.000  19.000   8.115   0.678   2.140
 76.000  19.000   8.077   0.678   2.220
 77.000  20.000   8.035   0.678   2.299
 78.000  20.000   8.073   0.678   2.218
 79.000  20.000   8.077   0.678   2.220
 80.000  20.000   8.039   0.678   2.301
 81.000  21.000   7.997   0.678   2.380
 82.000  21.000   8.035   0.678   2.299
 83.000  21.000   8.039   0.678   2.301
 84.000  21.000   8.002   0.678   2.382
 85.000  22.000   7.993   0.678   2.389
 86.000  22.000   7.997   0.678   2.380
 87.000  22.000   8.002   0.678   2.382
 88.000  22.000   7.997   0.678   2.391
 89.000  23.000   7.986   0.668   2.386
 90.000  23.000   7.993   0.678   2.389
 91.000  23.000   7.997   0.678   2.391
 92.000  23.000   7.990   0.668   2.388
 93.000  24.000   7.957   0.550   2.373
 94.000  24.000   7.986   0.668   2.386
 95.000  24.000   7.990   0.668   2.388
 96.000  24.000   7.962   0.550   2.375
 97.000  25.000   7.948   0.431   2.368
 98.000  25.000   7.957   0.550   2.373
 99.000  25.000   7.962   0.550   2.375
100.000  25.000   7.953   0.431   2.370
101.000  26.000   7.942   0.313   2.366
102.000  26.000   7.948   0.431   2.368
103.000  26.000   7.953   0.431   2.370
104.000  26.000   7.947   0.313   2.368
105.000  27.000   7.953   0.176   2.371
106.000  27.000   7.942   0.313   2.366
107.000  27.000   7.947   0.313   2.368
108.000  27.000   7.958   0.176   2.373
109.000  28.000   7.970   0.040   2.379
110.000  28.000   7.953   0.176   2.371
111.000  28.000   7.958   0.176   2.373
112.000  28.000   7.975   0.040   2.381
113.000  29.000   7.972   0.030   2.380
114.000  29.000   7.970   0.040   2.379
115.000  29.000   7.975   0.040   2.381
116.000  29.000   7.976   0.030   2.382
117.000  30.000   7.976   0.030   2.370
118.000  30.000   7.972   0.030   2.380
119.000  30.000   7.976   0.030   2.382
120.000  30.000   7.981   0.030   2.373
121.000  31.000   8.014   0.030   2.289
122.000  31.000   7.976   0.030   2.370
123.000  31.000   7.981   0.030   2.373
124.000  31.000   8.018   0.030   2.292
125.000  32.000   8.052   0.030   2.209
126.000  32.000   8.014   0.030   2.289
127.000  32.000   8.018   0.030   2.292
128.000  32.000   8.056   0.030   2.211
129.000  33.000   8.089   0.030   2.128
130.000  33.000   8.052   0.030   2.209
131.000  33.000   8.056   0.030   2.211
132.000  33.000   8.094   0.030   2.130
133.000  34.000   8.127   0.030   2.047
134.000  34.000   8.089   0.030   2.128
135.000  34.000   8.094   0.030   2.130
136.000  34.000   8.132   0.030   2.049
137.000  35.000   8.101   0.678   2.133
138.000  35.000   8.139   0.678   2.052
139.000  35.000   8.148   0.678   2.057
140.000  35.000   8.110   0.678   2.138
141.000  36.000   8.063   0.678   2.214
142.000  36.000   8.101   0.678   2.133
143.000  36.000   8.110   0.678   2.138
144.000  36.000   8.073   0.678   2.218
145.000  37.000   8.026   0.678   2.295
146.000  37.000   8.063   0.678   2.214
147.000  37.000   8.073   0.678   2.218
148.000  37.000   8.035   0.678   2.299
149.000  38.000   7.988   0.678   2.376
150.000  38.000   8.026   0.678   2.295
151.000  38.000   8.035   0.678   2.299
152.000  38.000   7.997   0.678   2.380
153.000  39.000   7.984   0.678   2.385
154.000  39.000   7.988   0.678   2.376
155.000  39.000   7.997   0.678   2.380
156.000  39.000   7.993   0.678   2.389
157.000  40.000   7.977   0.668   2.382
158.000  40.000   7.984   0.678   2.385
159.000  40.000   7.993   0.678   2.389
160.000  40.000   7.986   0.668   2.386
161.000  41.000   7.948   0.550   2.368
162.000  41.000   7.977   0.668   2.382
163.000  41.000   7.986   0.668   2.386
164.000  41.000   7.957   0.550   2.373
165.000  42.000   7.939   0.431   2.364
166.000  42.000   7.948   0.550   2.368
167.000  42.000   7.957   0.550   2.373
168.000  42.000   7.948   0.431   2.368
169.000  43.000   7.934   0.313   2.361
170.000  43.000   7.939   0.431   2.364
171.000  43.000   7.948   0.431   2.368
172.000  43.000   7.942   0.313   2.366
173.000  44.000   7.944   0.176   2.366
174.000  44.000   7.934   0.313   2.361
175.000  44.000   7.942   0.313   2.366
176.000  44.000   7.953   0.176   2.371
177.000  45.000   7.961   0.040   2.374
178.000  45.000   7.944   0.176   2.366
179.000  45.000   7.953   0.176   2.371
180.000  45.000   7.970   0.040   2.379
181.000  46.000   7.963   0.030   2.375
182.000  46.000   7.961   0.040   2.374
183.000  46.000   7.970   0.040   2.379
184.000  46.000   7.972   0.030   2.380
185.000  47.000   7.967   0.030   2.366
186.000  47.000   7.963   0.030   2.375
187.000  47.000   7.972   0.030   2.380
188.000  47.000   7.976   0.030   2.370
189.000  48.000   8.005   0.030   2.285
190.000  48.000   7.967   0.030   2.366
191.000  48.000   7.976   0.030   2.370
192.000  48.000   8.014   0.030   2.289
193.000  49.000   8.043   0.030   2.204
194.000  49.000   8.005   0.030   2.285
195.000  49.000   8.014   0.030   2.289
196.000  49.000   8.052   0.030   2.209
197.000  50.000   8.080   0.030   2.124
198.000  50.000   8.043   0.030   2.204
199.000  50.000   8.052   0.030   2.209
200.000  50.000   8.089   0.030   2.128
201.000  51.000   8.118   0.030   2.043
202.000  51.000   8.080   0.030   2.124
203.000  51.000   8.089   0.030   2.128
204.000  51.000   8.127   0.030   2.047
205.000  52.000   7.990   0.550   2.278
206.000  52.000   8.019   0.668   2.292
207.000  52.000   7.981   0.668   2.373
208.000  52.000   7.952   0.550   2.359
209.000  53.000   7.981   0.431   2.274
210.000  53.000   7.990   0.550   2.278
211.000  53.000   7.952   0.550   2.359
212.000  53.000   7.943   0.431   2.355
213.000  54.000   7.975   0.313   2.272
214.000  54.000   7.981   0.431   2.274
215.000  54.000   7.943   0.431   2.355
216.000  54.000   7.938   0.313   2.352
217.000  55.000   7.986   0.176   2.277
218.000  55.000   7.975   0.313   2.272
219.000  55.000   7.938   0.313   2.352
220.000  55.000   7.948   0.176   2.357
221.000  56.000   8.003   0.040   2.284
222.000  56.000   7.986   0.176   2.277
223.000  56.000   7.948   0.176   2.357
224.000  56.000   7.965   0.040   2.365
225.000  57.000   8.028   0.550   2.198
226.000  57.000   8.056   0.668   2.211
227.000  57.000   8.019   0.668   2.292
228.000  57.000   7.990   0.550   2.278
229.000  58.000   8.019   0.431   2.193
230.000  58.000   8.028   0.550   2.198
231.000  58.000   7.990   0.550   2.278
232.000  58.000   7.981   0.431   2.274
233.000  59.000   8.013   0.313   2.191
234.000  59.000   8.019   0.431   2.193
235.000  59.000   7.981   0.431   2.274
236.000  59.000   7.975   0.313   2.272
237.000  60.000   8.024   0.176   2.196
238.000  60.000   8.013   0.313   2.191
239.000  60.000   7.975   0.313   2.272
240.000  60.000   7.986   0.176   2.277
241.000  61.000   8.041   0.040   2.204
242.000  61.000   8.024   0.176   2.196
243.000  61.000   7.986   0.176   2.277
244.000  61.000   8.003   0.040   2.284
245.000  62.000   8.066   0.550   2.117
246.000  62.000   8.094   0.668   2.130
247.000  62.000   8.056   0.668   2.211
248.000  62.000   8.028   0.550   2.198
249.000  63.000   8.056   0.431   2.112
250.000  63.000   8.066   0.550   2.117
251.000  63.000   8.028   0.550   2.198
252.000  63.000   8.019   0.431   2.193
253.000  64.000   8.051   0.313   2.110
254.000  64.000   8.056   0.431   2.112
255.000  64.000   8.019   0.431   2.193
256.000  64.000   8.013   0.313   2.191
257.000  65.000   8.062   0.176   2.115
258.000  65.000   8.051   0.313   2.110
259.000  65.000   8.013   0.313   2.191
260.000  65.000   8.024   0.176   2.196
261.000  66.000   8.079   0.040   2.123
262.000  66.000   8.062   0.176   2.115
263.000  66.000   8.024   0.176   2.196
264.000  66.000   8.041   0.040   2.204
265.000  67.000   8.104   0.550   2.036
266.000  67.000   8.132   0.668   2.049
267.000  67.000   8.094   0.668   2.130
268.000  67.000   8.066   0.550   2.117
269.000  68.000   8.094   0.431   2.031
270.000  68.000   8.104   0.550   2.036
271.000  68.000   8.066   0.550   2.117
272.000  68.000   8.056   0.431   2.112
273.000  69.000   8.089   0.313   2.029
274.000  69.000   8.094   0.431   2.031
275.000  69.000   8.056   0.431   2.112
276.000  69.000   8.051   0.313   2.110
277.000  70.000   8.099   0.176   2.034
278.000  70.000   8.089   0.313   2.029
279.000  70.000   8.051   0.313   2.110
280.000  70.000   8.062   0.176   2.115
281.000  71.000   8.116   0.040   2.042
282.000  71.000   8.099   0.176   2.034
283.000  71.000   8.062   0.176   2.115
284.000  71.000   8.079   0.040   2.123
285.000  72.000   8.019   0.668   2.292
286.000  72.000   8.026   0.678   2.295
287.000  72.000   7.988   0.678   2.376
288.000  72.000   7.981   0.668   2.373
289.000  73.000   8.056   0.668   2.211
290.000  73.000   8.063   0.678   2.214
291.000  73.000   8.026   0.678   2.295
292.000  73.000   8.019   0.668   2.292
293.000  74.000   8.094   0.668   2.130
294.000  74.000   8.101   0.678   2.133
295.000  74.000   8.063   0.678   2.214
296.000  74.000   8.056   0.668   2.211
297.000  75.000   8.132   0.668   2.049
298.000  75.000   8.139   0.678   2.052
299.000  75.000   8.101   0.678   2.133
300.000  75.000   8.094   0.668   2.130
301.000  76.000   7.981   0.668   2.373
302.000  76.000   7.988   0.678   2.376
303.000  76.000   7.984   0.678   2.385
304.000  76.000   7.977   0.668   2.382
305.000  77.000   7.952   0.550   2.359
306.000  77.000   7.981   0.668   2.373
307.000  77.000   7.977   0.668   2.382
308.000  77.000   7.948   0.550   2.368
309.000  78.000   7.943   0.431   2.355
310.000  78.000   7.952   0.550   2.359
311.000  78.000   7.948   0.550   2.368
312.000  78.000   7.939   0.431   2.364
313.000  79.000   7.938   0.313   2.352
314.000  79.000   7.943   0.431   2.355
315.000  79.000   7.939   0.431   2.364
316.000  79.000   7.934   0.313   2.361
317.000  80.000   7.948   0.176   2.357
318.000  80.000   7.938   0.313   2.352
319.000  80.000   7.934   0.313   2.361
320.000  80.000   7.944   0.176   2.366
321.000  81.000   7.965   0.040   2.365
322.000  81.000   7.948   0.176   2.357
323.000  81.000   7.944   0.176   2.366
324.000  81.000   7.961   0.040   2.374
325.000  82.000   7.967   0.030   2.366
326.000  82.000   7.965   0.040   2.365
327.000  82.000   7.961   0.040   2.374
328.000  82.000   7.963   0.030   2.375
329.000  83.000   8.005   0.030   2.285
330.000  83.000   8.003   0.040   2.284
331.000  83.000   7.965   0.040   2.365
332.000  83.000   7.967   0.030   2.366
333.000  84.000   8.043   0.030   2.204
334.000  84.000   8.041   0.040   2.204
335.000  84.000   8.003   0.040   2.284
336.000  84.000   8.005   0.030   2.285
337.000  85.000   8.080   0.030   2.124
338.000  85.000   8.079   0.040   2.123
339.000  85.000   8.041   0.040   2.204
340.000  85.000   8.043   0.030   2.204
341.000  86.000   8.118   0.030   2.043
342.000  86.000   8.116   0.040   2.042
343.000  86.000   8.079   0.040   2.123
344.000  86.000   8.080   0.030   2.124
345.000  87.000   8.190   0.678   1.978
346.000  87.000   8.153   0.678   2.059
347.000  87.000   8.157   0.678   2.061
348.000  87.000   8.195   0.678   1.980
349.000  88.000   8.228   0.678   1.897
350.000  88.000   8.190   0.678   1.978
351.000  88.000   8.195   0.678   1.980
352.000  88.000   8.233   0.678   1.899
353.000  89.000   8.266   0.678   1.816
354.000  89.000   8.228   0.678   1.897
355.000  89.000   8.233   0.678   1.899
356.000  89.000   8.270   0.678   1.818
357.000  90.000   8.304   0.678   1.735
358.000  90.000   8.266   0.678   1.816
359.000  90.000   8.270   0.678   1.818
360.000  90.000   8.308   0.678   1.737
361.000  91.000   8.308   0.678   1.726
362.000  91.000   8.304   0.678   1.735
363.000  91.000   8.308   0.678   1.737
364.000  91.000   8.312   0.678   1.728
365.000  92.000   8.301   0.668   1.723
366.000  92.000   8.308   0.678   1.726
367.000  92.000   8.312   0.678   1.728
368.000  92.000   8.305   0.668   1.725
369.000  93.000   8.272   0.550   1.710
370.000  93.000   8.301   0.668   1.723
371.000  93.000   8.305   0.668   1.725
372.000  93.000   8.277   0.550   1.712
373.000  94.000   8.263   0.431   1.705
374.000  94.000   8.272   0.550   1.710
375.000  94.000   8.277   0.550   1.712
376.000  94.000   8.268   0.431   1.707
377.000  95.000   8.258   0.313   1.703
378.000  95.000   8.263   0.431   1.705
379.000  95.000   8.268   0.431   1.707
380.000  95.000   8.262   0.313   1.705
381.000  96.000   8.268   0.176   1.708
382.000  96.000   8.258   0.313   1.703
383.000  96.000   8.262   0.313   1.705
384.000  96.000   8.273   0.176   1.710
385.000  97.000   8.285   0.040   1.716
386.000  97.000   8.268   0.176   1.708
387.000  97.000   8.273   0.176   1.710
388.000  97.000   8.290   0.040   1.718
389.000  98.000   8.287   0.030   1.716
390.000  98.000   8.285   0.040   1.716
391.000  98.000   8.290   0.040   1.718
392.000  98.000   8.291   0.030   1.719
393.000  99.000   8.283   0.030   1.726
394.000  99.000   8.287   0.030   1.716
395.000  99.000   8.291   0.030   1.719
396.000  99.000   8.287   0.030   1.728
397.000 100.000   8.245   0.030   1.806
398.000 100.000   8.283   0.030   1.726
399.000 100.000   8.287   0.030   1.728
400.000 100.000   8.249   0.030   1.809
401.000 101.000   8.207   0.030   1.887
402.000 101.000   8.245   0.030   1.806
403.000 101.000   8.249   0.030   1.809
404.000 101.000   8.212   0.030   1.889
405.000 102.000   8.169   0.030   1.968
406.000 102.000   8.207   0.030   1.887
407.000 102.000   8.212   0.030   1.889
408.000 102.000   8.174   0.030   1.970
409.000 103.000   8.132   0.030   2.049
410.000 103.000   8.169   0.030   1.968
411.000 103.000   8.174   0.030   1.970
412.000 103.000   8.136   0.030   2.051
413.000 104.000   8.186   0.678   1.976
414.000 104.000   8.148   0.678   2.057
415.000 104.000   8.153   0.678   2.059
416.000 104.000   8.190   0.678   1.978
417.000 105.000   8.224   0.678   1.895
418.000 105.000   8.186   0.678   1.976
419.000 105.000   8.190   0.678   1.978
420.000 105.000   8.228   0.678   1.897
421.000 106.000   8.261   0.678   1.814
422.000 106.000   8.224   0.678   1.895
423.000 106.000   8.228   0.678   1.897
424.000 106.000   8.266   0.678   1.816
425.000 107.000   8.299   0.678   1.733
426.000 107.000   8.261   0.678   1.814
427.000 107.000   8.266   0.678   1.816
428.000 107.000   8.304   0.678   1.735
429.000 108.000   8.303   0.678   1.724
430.000 108.000   8.299   0.678   1.733
431.000 108.000   8.304   0.678   1.735
432.000 108.000   8.308   0.678   1.726
433.000 109.000   8.296   0.668   1.721
434.000 109.000   8.303   0.678   1.724
435.000 109.000   8.308   0.678   1.726
436.000 109.000   8.301   0.668   1.723
437.000 110.000   8.268   0.550   1.708
438.000 110.000   8.296   0.668   1.721
439.000 110.000   8.301   0.668   1.723
440.000 110.000   8.272   0.550   1.710
441.000 111.000   8.258   0.431   1.703
442.000 111.000   8.268   0.550   1.708
443.000 111.000   8.272   0.550   1.710
444.000 111.000   8.263   0.431   1.705
445.000 112.000   8.253   0.313   1.701
446.000 112.000   8.258   0.431   1.703
447.000 112.000   8.263   0.431   1.705
448.000 112.000   8.258   0.313   1.703
449.000 113.000   8.264   0.176   1.706
450.000 113.000   8.253   0.313   1.701
451.000 113.000   8.258   0.313   1.703
452.000 113.000   8.268   0.176   1.708
453.000 114.000   8.281   0.040   1.714
454.000 114.000   8.264   0.176   1.706
455.000 114.000   8.268   0.176   1.708
456.000 114.000   8.285   0.040   1.716
457.000 115.000   8.282   0.030   1.714
458.000 115.000   8.281   0.040   1.714
459.000 115.000   8.285   0.040   1.716
460.000 115.000   8.287   0.030   1.716
461.000 116.000   8.278   0.030   1.723
462.000 116.000   8.282   0.030   1.714
463.000 116.000   8.287   0.030   1.716
464.000 116.000   8.283   0.030   1.726
465.000 117.000   8.241   0.030   1.804
466.000 117.000   8.278   0.030   1.723
467.000 117.000   8.283   0.030   1.726
468.000 117.000   8.245   0.030   1.806
469.000 118.000   8.203   0.030   1.885
470.000 118.000   8.241   0.030   1.804
471.000 118.000   8.245   0.030   1.806
472.000 118.000   8.207   0.030   1.887
473.000 119.000   8.165   0.030   1.966
474.000 119.000   8.203   0.030   1.885
475.000 119.000   8.207   0.030   1.887
476.000 119.000   8.169   0.030   1.968
477.000 120.000   8.127   0.030   2.047
478.000 120.000   8.165   0.030   1.966
479.000 120.000   8.169   0.030   1.968
480.000 120.000   8.132   0.030   2.049
481.000 121.000   8.177   0.678   1.972
482.000 121.000   8.139   0.678   2.052
483.000 121.000   8.148   0.678   2.057
484.000 121.000   8.186   0.678   1.976
485.000 122.000   8.214   0.678   1.891
486.000 122.000   8.177   0.678   1.972
487.000 122.000   8.186   0.678   1.976
488.000 122.000   8.224   0.678   1.895
489.000 123.000   8.252   0.678   1.810
490.000 123.000   8.214   0.678   1.891
491.000 123.000   8.224   0.678   1.895
492.000 123.000   8.261   0.678   1.814
493.000 124.000   8.290   0.678   1.729
494.000 124.000   8.252   0.678   1.810
495.000 124.000   8.261   0.678   1.814
496.000 124.000   8.299   0.678   1.733
497.000 125.000   8.294   0.678   1.720
498.000 125.000   8.290   0.678   1.729
499.000 125.000   8.299   0.678   1.733
500.000 125.000   8.303   0.678   1.724
501.000 126.000   8.287   0.668   1.716
502.000 126.000   8.294   0.678   1.720
503.000 126.000   8.303   0.678   1.724
504.000 126.000   8.296   0.668   1.721
505.000 127.000   8.259   0.550   1.703
506.000 127.000   8.287   0.668   1.716
507.000 127.000   8.296   0.668   1.721
508.000 127.000   8.268   0.550   1.708
509.000 128.000   8.249   0.431   1.699
510.000 128.000   8.259   0.550   1.703
511.000 128.000   8.268   0.550   1.708
512.000 128.000   8.258   0.431   1.703
513.000 129.000   8.244   0.313   1.696
514.000 129.000   8.249   0.431   1.699
515.000 129.000   8.258   0.431   1.703
516.000 129.000   8.253   0.313   1.701
517.000 130.000   8.255   0.176   1.701
518.000 130.000   8.244   0.313   1.696
519.000 130.000   8.253   0.313   1.701
520.000 130.000   8.264   0.176   1.706
521.000 131.000   8.271   0.040   1.709
522.000 131.000   8.255   0.176   1.701
523.000 131.000   8.264   0.176   1.706
524.000 131.000   8.281   0.040   1.714
525.000 132.000   8.273   0.030   1.710
526.000 132.000   8.271   0.040   1.709
527.000 132.000   8.281   0.040   1.714
528.000 132.000   8.282   0.030   1.714
529.000 133.000   8.269   0.030   1.719
530.000 133.000   8.273   0.030   1.710
531.000 133.000   8.282   0.030   1.714
532.000 133.000   8.278   0.030   1.723
533.000 134.000   8.231   0.030   1.800
534.000 134.000   8.269   0.030   1.719
535.000 134.000   8.278   0.030   1.723
536.000 134.000   8.241   0.030   1.804
537.000 135.000   8.194   0.030   1.881
538.000 135.000   8.231   0.030   1.800
539.000 135.000   8.241   0.030   1.804
540.000 135.000   8.203   0.030   1.885
541.000 136.000   8.156   0.030   1.962
542.000 136.000   8.194   0.030   1.881
543.000 136.000   8.203   0.030   1.885
544.000 136.000   8.165   0.030   1.966
545.000 137.000   8.118   0.030   2.043
546.000 137.000   8.156   0.030   1.962
547.000 137.000   8.165   0.030   1.966
548.000 137.000   8.127   0.030   2.047
549.000 138.000   8.217   0.550   1.793
550.000 138.000   8.245   0.668   1.806
551.000 138.000   8.283   0.668   1.726
552.000 138.000   8.255   0.550   1.712
553.000 139.000   8.207   0.431   1.789
554.000 139.000   8.217   0.550   1.793
555.000 139.000   8.255   0.550   1.712
556.000 139.000   8.245   0.431   1.708
557.000 140.000   8.202   0.313   1.786
558.000 140.000   8.207   0.431   1.789
559.000 140.000   8.245   0.431   1.708
560.000 140.000   8.240   0.313   1.705
561.000 141.000   8.213   0.176   1.791
562.000 141.000   8.202   0.313   1.786
563.000 141.000   8.240   0.313   1.705
564.000 141.000   8.250   0.176   1.710
565.000 142.000   8.229   0.040   1.799
566.000 142.000   8.213   0.176   1.791
567.000 142.000   8.250   0.176   1.710
568.000 142.000   8.267   0.040   1.718
569.000 143.000   8.179   0.550   1.874
570.000 143.000   8.207   0.668   1.887
571.000 143.000   8.245   0.668   1.806
572.000 143.000   8.217   0.550   1.793
573.000 144.000   8.170   0.431   1.870
574.000 144.000   8.179   0.550   1.874
575.000 144.000   8.217   0.550   1.793
576.000 144.000   8.207   0.431   1.789
577.000 145.000   8.164   0.313   1.867
578.000 145.000   8.170   0.431   1.870
579.000 145.000   8.207   0.431   1.789
580.000 145.000   8.202   0.313   1.786
581.000 146.000   8.175   0.176   1.872
582.000 146.000   8.164   0.313   1.867
583.000 146.000   8.202   0.313   1.786
584.000 146.000   8.213   0.176   1.791
585.000 147.000   8.192   0.040   1.880
586.000 147.000   8.175   0.176   1.872
587.000 147.000   8.213   0.176   1.791
588.000 147.000   8.229   0.040   1.799
589.000 148.000   8.141   0.550   1.955
590.000 148.000   8.170   0.668   1.968
591.000 148.000   8.207   0.668   1.887
592.000 148.000   8.179   0.550   1.874
593.000 149.000   8.132   0.431   1.951
594.000 149.000   8.141   0.550   1.955
595.000 149.000   8.179   0.550   1.874
596.000 149.000   8.170   0.431   1.870
597.000 150.000   8.126   0.313   1.948
598.000 150.000   8.132   0.431   1.951
599.000 150.000   8.170   0.431   1.870
600.000 150.000   8.164   0.313   1.867
601.000 151.000   8.137   0.176   1.953
602.000 151.000   8.126   0.313   1.948
603.000 151.000   8.164   0.313   1.867
604.000 151.000   8.175   0.176   1.872
605.000 152.000   8.154   0.040   1.961
606.000 152.000   8.137   0.176   1.953
607.000 152.000   8.175   0.176   1.872
608.000 152.000   8.192   0.040   1.880
609.000 153.000   8.104   0.550   2.036
610.000 153.000   8.132   0.668   2.049
611.000 153.000   8.170   0.668   1.968
612.000 153.000   8.141   0.550   1.955
613.000 154.000   8.094   0.431   2.031
614.000 154.000   8.104   0.550   2.036
615.000 154.000   8.141   0.550   1.955
616.000 154.000   8.132   0.431   1.951
617.000 155.000   8.089   0.313   2.029
618.000 155.000   8.094   0.431   2.031
619.000 155.000   8.132   0.431   1.951
620.000 155.000   8.126   0.313   1.948
621.000 156.000   8.099   0.176   2.034
622.000 156.000   8.089   0.313   2.029
623.000 156.000   8.126   0.313   1.948
624.000 156.000   8.137   0.176   1.953
625.000 157.000   8.116   0.040   2.042
626.000 157.000   8.099   0.176   2.034
627.000 157.000   8.137   0.176   1.953
628.000 157.000   8.154   0.040   1.961
629.000 158.000   8.245   0.668   1.806
630.000 158.000   8.252   0.678   1.810
631.000 158.000   8.290   0.678   1.729
632.000 158.000   8.283   0.668   1.726
633.000 159.000   8.207   0.668   1.887
634.000 159.000   8.214   0.678   1.891
635.000 159.000   8.252   0.678   1.810
636.000 159.000   8.245   0.668   1.806
637.000 160.000   8.170   0.668   1.968
638.000 160.000   8.177   0.678   1.972
639.000 160.000   8.214   0.678   1.891
640.000 160.000   8.207   0.668   1.887
641.000 161.000   8.132   0.668   2.049
642.000 161.000   8.139   0.678   2.052
643.000 161.000   8.177   0.678   1.972
644.000 161.000   8.170   0.668   1.968
645.000 162.000   8.283   0.668   1.726
646.000 162.000   8.290   0.678   1.729
647.000 162.000   8.294   0.678   1.720
648.000 162.000   8.287   0.668   1.716
649.000 163.000   8.255   0.550   1.712
650.000 163.000   8.283   0.668   1.726
651.000 163.000   8.287   0.668   1.716
652.000 163.000   8.259   0.550   1.703
653.000 164.000   8.245   0.431   1.708
654.000 164.000   8.255   0.550   1.712
655.000 164.000   8.259   0.550   1.703
656.000 164.000   8.249   0.431   1.699
657.000 165.000   8.240   0.313   1.705
658.000 165.000   8.245   0.431   1.708
659.000 165.000   8.249   0.431   1.699
660.000 165.000   8.244   0.313   1.696
661.000 166.000   8.250   0.176   1.710
662.000 166.000   8.240   0.313   1.705
663.000 166.000   8.244   0.313   1.696
664.000 166.000   8.255   0.176   1.701
665.000 167.000   8.267   0.040   1.718
666.000 167.000   8.250   0.176   1.710
667.000 167.000   8.255   0.176   1.701
668.000 167.000   8.271   0.040   1.709
669.000 168.000   8.269   0.030   1.719
670.000 168.000   8.267   0.040   1.718
671.000 168.000   8.271   0.040   1.709
672.000 168.000   8.273   0.030   1.710
673.000 169.000   8.231   0.030   1.800
674.000 169.000   8.229   0.040   1.799
675.000 169.000   8.267   0.040   1.718
676.000 169.000   8.269   0.030   1.719
677.000 170.000   8.194   0.030   1.881
678.000 170.000   8.192   0.040   1.880
679.000 170.000   8.229   0.040   1.799
680.000 170.000   8.231   0.030   1.800
681.000 171.000   8.156   0.030   1.962
682.000 171.000   8.154   0.040   1.961
683.000 171.000   8.192   0.040   1.880
684.000 171.000   8.194   0.030   1.881
685.000 172.000   8.118   0.030   2.043
686.000 172.000   8.116   0.040   2.042
687.000 172.000   8.154   0.040   1.961
688.000 172.000   8.156   0.030   1.962
689.000 173.000   8.115  -0.678   2.140
690.000 173.000   8.153  -0.678   2.059
691.000 173.000   8.157  -0.678   2.061
692.000 173.000   8.119  -0.678   2.142
693.000 174.000   8.077  -0.678   2.220
694.000 174.000   8.115  -0.678   2.140
695.000 174.000   8.119  -0.678   2.142
696.000 174.000   8.082  -0.678   2.223
697.000 175.000   8.039  -0.678   2.301
698.000 175.000   8.077  -0.678   2.220
699.000 175.000   8.082  -0.678   2.223
700.000 175.000   8.044  -0.678   2.304
701.000 176.000   8.002  -0.678   2.382
702.000 176.000   8.039  -0.678   2.301
703.000 176.000   8.044  -0.678   2.304
704.000 176.000   8.006  -0.678   2.384
705.000 177.000   7.997  -0.678   2.391
706.000 177.000   8.002  -0.678   2.382
707.000 177.000   8.006  -0.678   2.384
708.000 177.000   8.002  -0.678   2.393
709.000 178.000   7.990  -0.668   2.388
710.000 178.000   7.997  -0.678   2.391
711.000 178.000   8.002  -0.678   2.393
712.000 178.000   7.995  -0.668   2.390
713.000 179.000   7.962  -0.550   2.375
714.000 179.000   7.990  -0.668   2.388
715.000 179.000   7.995  -0.668   2.390
716.000 179.000   7.966  -0.550   2.377
717.000 180.000   7.953  -0.431   2.370
718.000 180.000   7.962  -0.550   2.375
719.000 180.000   7.966  -0.550   2.377
720.000 180.000   7.957  -0.431   2.373
721.000 181.000   7.947  -0.313   2.368
722.000 181.000   7.953  -0.431   2.370
723.000 181.000   7.957  -0.431   2.373
724.000 181.000   7.952  -0.313   2.370
725.000 182.000   7.958  -0.176   2.373
726.000 182.000   7.947  -0.313   2.368
727.000 182.000   7.952  -0.313   2.370
728.000 182.000   7.962  -0.176   2.375
729.000 183.000   7.975  -0.040   2.381
730.000 183.000   7.958  -0.176   2.373
731.000 183.000   7.962  -0.176   2.375
732.000 183.000   7.979  -0.040   2.383
733.000 184.000   7.976  -0.030   2.382
734.000 184.000   7.975  -0.040   2.381
735.000 184.000   7.979  -0.040   2.383
736.000 184.000   7.981  -0.030   2.384
737.000 185.000   7.981  -0.030   2.373
738.000 185.000   7.976  -0.030   2.382
739.000 185.000   7.981  -0.030   2.384
740.000 185.000   7.985  -0.030   2.375
741.000 186.000   8.018  -0.030   2.292
742.000 186.000   7.981  -0.030   2.373
743.000 186.000   7.985  -0.030   2.375
744.000 186.000   8.023  -0.030   2.294
745.000 187.000   8.056  -0.030   2.211
746.000 187.000   8.018  -0.030   2.292
747.000 187.000   8.023  -0.030   2.294
748.000 187.000   8.061  -0.030   2.213
749.000 188.000   8.094  -0.030   2.130
750.000 188.000   8.056  -0.030   2.211
751.000 188.000   8.061  -0.030   2.213
752.000 188.000   8.098  -0.030   2.132
753.000 189.000   8.132  -0.030   2.049
754.000 189.000   8.094  -0.030   2.130
755.000 189.000   8.098  -0.030   2.132
756.000 189.000   8.136  -0.030   2.051
757.000 190.000   8.110  -0.678   2.138
758.000 190.000   8.148  -0.678   2.057
759.000 190.000   8.153  -0.678   2.059
760.000 190.000   8.115  -0.678   2.140
761.000 191.000   8.073  -0.678   2.218
762.000 191.000   8.110  -0.678   2.138
763.000 191.000   8.115  -0.678   2.140
764.000 191.000   8.077  -0.678   2.220
765.000 192.000   8.035  -0.678   2.299
766.000 192.000   8.073  -0.678   2.218
767.000 192.000   8.077  -0.678   2.220
768.000 192.000   8.039  -0.678   2.301
769.000 193.000   7.997  -0.678   2.380
770.000 193.000   8.035  -0.678   2.299
771.000 193.000   8.039  -0.678   2.301
772.000 193.000   8.002  -0.678   2.382
773.000 194.000   7.993  -0.678   2.389
774.000 194.000   7.997  -0.678   2.380
775.000 194.000   8.002  -0.678   2.382
776.000 194.000   7.997  -0.678   2.391
777.000 195.000   7.986  -0.668   2.386
778.000 195.000   7.993  -0.678   2.389
779.000 195.000   7.997  -0.678   2.391
780.000 195.000   7.990  -0.668   2.388
781.000 196.000   7.957  -0.550   2.373
782.000 196.000   7.986  -0.668   2.386
783.000 196.000   7.990  -0.668   2.388
784.000 196.000   7.962  -0.550   2.375
785.000 197.000   7.948  -0.431   2.368
786.000 197.000   7.957  -0.550   2.373
787.000 197.000   7.962  -0.550   2.375
788.000 197.000   7.953  -0.431   2.370
789.000 198.000   7.942  -0.313   2.366
790.000 198.000   7.948  -0.431   2.368
791.000 198.000   7.953  -0.431   2.370
792.000 198.000   7.947  -0.313   2.368
793.000 199.000   7.953  -0.176   2.371
794.000 199.000   7.942  -0.313   2.366
795.000 199.000   7.947  -0.313   2.368
796.000 199.000   7.958  -0.176   2.373
797.000 200.000   7.970  -0.040   2.379
798.000 200.000   7.953  -0.176   2.371
799.000 200.000   7.958  -0.176   2.373
800.000 200.000   7.975  -0.040   2.381
801.000 201.000   7.972  -0.030   2.380
802.000 201.000   7.970  -0.040   2.379
803.000 201.000   7.975  -0.040   2.381
804.000 201.000   7.976  -0.030   2.382
805.000 202.000   7.976  -0.030   2.370
806.000 202.000   7.972  -0.030   2.380
807.000 202.000   7.976  -0.030   2.382
808.000 202.000   7.981  -0.030   2.373
809.000 203.000   8.014  -0.030   2.289
810.000 203.000   7.976  -0.030   2.370
811.000 203.000   7.981  -0.030   2.373
812.000 203.000   8.018  -0.030   2.292
813.000 204.000   8.052  -0.030   2.209
814.000 204.000   8.014  -0.030   2.289
815.000 204.000   8.018  -0.030   2.292
816.000 204.000   8.056  -0.030   2.211
817.000 205.000   8.089  -0.030   2.128
818.000 205.000   8.052  -0.030   2.209
819.000 205.000   8.056  -0.030   2.211
820.000 205.000   8.094  -0.030   2.130
821.000 206.000   8.127  -0.030   2.047
822.000 206.000   8.089  -0.030   2.128
823.000 206.000   8.094  -0.030   2.130
824.000 206.000   8.132  -0.030   2.049
825.000 207.000   8.101  -0.678   2.133
826.000 207.000   8.139  -0.678   2.052
827.000 207.000   8.148  -0.678   2.057
828.000 207.000   8.110  -0.678   2.138
829.000 208.000   8.063  -0.678   2.214
830.000 208.000   8.101  -0.678   2.133
831.000 208.000   8.110  -0.678   2.138
832.000 208.000   8.073  -0.678   2.218
833.000 209.000   8.026  -0.678   2.295
834.000 209.000   8.063  -0.678   2.214
835.000 209.000   8.073  -0.678   2.218
836.000 209.000   8.035  -0.678   2.299
837.000 210.000   7.988  -0.678   2.376
838.000 210.000   8.026  -0.678   2.295
839.000 210.000   8.035  -0.678   2.299
840.000 210.000   7.997  -0.678   2.380
841.000 211.000   7.984  -0.678   2.385
842.000 211.000   7.988  -0.678   2.376
843.000 211.000   7.997  -0.678   2.380
844.000 211.000   7.993  -0.678   2.389
845.000 212.000   7.977  -0.668   2.382
846.000 212.000   7.984  -0.678   2.385
847.000 212.000   7.993  -0.678   2.389
848.000 212.000   7.986  -0.668   2.386
849.000 213.000   7.948  -0.550   2.368
850.000 213.000   7.977  -0.668   2.382
851.000 213.000   7.986  -0.668   2.386
852.000 213.000   7.957  -0.550   2.373
853.000 214.000   7.939  -0.431   2.364
854.000 214.000   7.948  -0.550   2.368
855.000 214.000   7.957  -0.550   2.373
856.000 214.000   7.948  -0.431   2.368
857.000 215.000   7.934  -0.313   2.361
858.000 215.000   7.939  -0.431   2.364
859.000 215.000   7.948  -0.431   2.368
860.000 215.000   7.942  -0.313   2.366
861.000 216.000   7.944  -0.176   2.366
862.000 216.000   7.934  -0.313   2.361
863.000 216.000   7.942  -0.313   2.366
864.000 216.000   7.953  -0.176   2.371
865.000 217.000   7.961  -0.040   2.374
866.000 217.000   7.944  -0.176   2.366
867.000 217.000   7.953  -0.176   2.371
868.000 217.000   7.970  -0.040   2.379
869.000 218.000   7.963  -0.030   2.375
870.000 218.000   7.961  -0.040   2.374
871.000 218.000   7.970  -0.040   2.379
872.000 218.000   7.972  -0.030   2.380
873.000 219.000   7.967  -0.030   2.366
874.000 219.000   7.963  -0.030   2.375
875.000 219.000   7.972  -0.030   2.380
876.000 219.000   7.976  -0.030   2.370
877.000 220.000   8.005  -0.030   2.285
878.000 220.000   7.967  -0.030   2.366
879.000 220.000   7.976  -0.030   2.370
880.000 220.000   8.014  -0.030   2.289
881.000 221.000   8.043  -0.030   2.204
882.000 221.000   8.005  -0.030   2.285
883.000 221.000   8.014  -0.030   2.289
884.000 221.000   8.052  -0.030   2.209
885.000 222.000   8.080  -0.030   2.124
886.000 222.000   8.043  -0.030   2.204
887.000 222.000   8.052  -0.030   2.209
888.000 222.000   8.089  -0.030   2.128
889.000 223.000   8.118  -0.030   2.043
890.000 223.000   8.080  -0.030   2.124
891.000 223.000   8.089  -0.030   2.128
892.000 223.000   8.127  -0.030   2.047
893.000 224.000   7.990  -0.550   2.278
894.000 224.000   8.019  -0.668   2.292
895.000 224.000   7.981  -0.668   2.373
896.000 224.000   7.952  -0.550   2.359
897.000 225.000   7.981  -0.431   2.274
898.000 225.000   7.990  -0.550   2.278
899.000 225.000   7.952  -0.550   2.359
900.000 225.000   7.943  -0.431   2.355
901.000 226.000   7.975  -0.313   2.272
902.000 226.000   7.981  -0.431   2.274
903.000 226.000   7.943  -0.431   2.355
904.000 226.000   7.938  -0.313   2.352
905.000 227.000   7.986  -0.176   2.277
906.000 227.000   7.975  -0.313   2.272
907.000 227.000   7.938  -0.313   2.352
908.000 227.000   7.948  -0.176   2.357
909.000 228.000   8.003  -0.040   2.284
910.000 228.000   7.986  -0.176   2.277
911.000 228.000   7.948  -0.176   2.357
912.000 228.000   7.965  -0.040   2.365
913.000 229.000   8.028  -0.550   2.198
914.000 229.000   8.056  -0.668   2.211
915.000 229.000   8.019  -0.668   2.292
916.000 229.000   7.990  -0.550   2.278
917.000 230.000   8.019  -0.431   2.193
918.000 230.000   8.028  -0.550   2.198
919.000 230.000   7.990  -0.550   2.278
920.000 230.000   7.981  -0.431   2.274
921.000 231.000   8.013  -0.313   2.191
922.000 231.000   8.019  -0.431   2.193
923.000 231.000   7.981  -0.431   2.274
924.000 231.000   7.975  -0.313   2.272
925.000 232.000   8.024  -0.176   2.196
926.000 232.000   8.013  -0.313   2.191
927.000 232.000   7.975  -0.313   2.272
928.000 232.000   7.986  -0.176   2.277
929.000 233.000   8.041  -0.040   2.204
930.000 233.000   8.024  -0.176   2.196
931.000 233.000   7.986  -0.176   2.277
932.000 233.000   8.003  -0.040   2.284
933.000 234.000   8.066  -0.550   2.117
934.000 234.000   8.094  -0.668   2.130
935.000 234.000   8.056  -0.668   2.211
936.000 234.000   8.028  -0.550   2.198
937.000 235.000   8.056  -0.431   2.112
938.000 235.000   8.066  -0.550   2.117
939.000 235.000   8.028  -0.550   2.198
940.000 235.000   8.019  -0.431   2.193
941.000 236.000   8.051  -0.313   2.110
942.000 236.000   8.056  -0.431   2.112
943.000 236.000   8.019  -0.431   2.193
944.000 236.000   8.013  -0.313   2.191
945.000 237.000   8.062  -0.176   2.115
946.000 237.000   8.051  -0.313   2.110
947.000 237.000   8.013  -0.313   2.191
948.000 237.000   8.024  -0.176   2.196
949.000 238.000   8.079  -0.040   2.123
950.000 238.000   8.062  -0.176   2.115
951.000 238.000   8.024  -0.176   2.196
952.000 238.000   8.041  -0.040   2.204
953.000 239.000   8.104  -0.550   2.036
954.000 239.000   8.132  -0.668   2.049
955.000 239.000   8.094  -0.668   2.130
956.000 239.000   8.066  -0.550   2.117
957.000 240.000   8.094  -0.431   2.031
958.000 240.000   8.104  -0.550   2.036
959.000 240.000   8.066  -0.550   2.117
960.000 240.000   8.056  -0.431   2.112
961.000 241.000   8.089  -0.313   2.029
962.000 241.000   8.094  -0.431   2.031
963.000 241.000   8.056  -0.431   2.112
964.000 241.000   8.051  -0.313   2.110
965.000 242.000   8.099  -0.176   2.034
966.000 242.000   8.089  -0.313   2.029
967.000 242.000   8.051  -0.313   2.110
968.000 242.000   8.062  -0.176   2.115
969.000 243.000   8.116  -0.040   2.042
970.000 243.000   8.099  -0.176   2.034
971.000 243.000   8.062  -0.176   2.115
972.000 243.000   8.079  -0.040   2.123
973.000 244.000   8.019  -0.668   2.292
974.000 244.000   8.026  -0.678   2.295
975.000 244.000   7.988  -0.678   2.376
976.000 244.000   7.981  -0.668   2.373
977.000 245.000   8.056  -0.668   2.211
978.000 245.000   8.063  -0.678   2.214
979.000 245.000   8.026  -0.678   2.295
980.000 245.000   8.019  -0.668   2.292
981.000 246.000   8.094  -0.668   2.130
982.000 246.000   8.101  -0.678   2.133
983.000 246.000   8.063  -0.678   2.214
984.000 246.000   8.056  -0.668   2.211
985.000 247.000   8.132  -0.668   2.049
986.000 247.000   8.139  -0.678   2.052
987.000 247.000   8.101  -0.678   2.133
988.000 247.000   8.094  -0.668   2.130
989.000 248.000   7.981  -0.668   2.373
990.000 248.000   7.988  -0.678   2.376
991.000 248.000   7.984  -0.678   2.385
992.000 248.000   7.977  -0.668   2.382
993.000 249.000   7.952  -0.550   2.359
994.000 249.000   7.981  -0.668   2.373
995.000 249.000   7.977  -0.668   2.382
996.000 249.000   7.948  -0.550   2.368
997.000 250.000   7.943  -0.431   2.355
998.000 250.000   7.952  -0.550   2.359
999.000 250.000   7.948  -0.550   2.368
1000.000 250.000   7.939  -0.431   2.364
1001.000 251.000   7.938  -0.313   2.352
1002.000 251.000   7.943  -0.431   2.355
1003.000 251.000   7.939  -0.431   2.364
1004.000 251.000   7.934  -0.313   2.361
1005.000 252.000   7.948  -0.176   2.357
1006.000 252.000   7.938  -0.313   2.352
1007.000 252.000   7.934  -0.313   2.361
1008.000 252.000   7.944  -0.176   2.366
1009.000 253.000   7.965  -0.040   2.365
1010.000 253.000   7.948  -0.176   2.357
1011.000 253.000   7.944  -0.176   2.366
1012.000 253.000   7.961  -0.040   2.374
1013.000 254.000   7.967  -0.030   2.366
1014.000 254.000   7.965  -0.040   2.365
1015.000 254.000   7.961  -0.040   2.374
1016.000 254.000   7.963  -0.030   2.375
1017.000 255.000   8.005  -0.030   2.285
1018.000 255.000   8.003  -0.040   2.284
1019.000 255.000   7.965  -0.040   2.365
1020.000 255.000   7.967  -0.030   2.366
1021.000 256.000   8.043  -0.030   2.204
1022.000 256.000   8.041  -0.040   2.204
1023.000 256.000   8.003  -0.040   2.284
1024.000 256.000   8.005  -0.030   2.285
1025.000 257.000   8.080  -0.030   2.124
1026.000 257.000   8.079  -0.040   2.123
1027.000 257.000   8.041  -0.040   2.204
1028.000 257.000   8.043  -0.030   2.204
1029.000 258.000   8.118  -0.030   2.043
1030.000 258.000   8.116  -0.040   2.042
1031.000 258.000   8.079  -0.040   2.123
1032.000 258.000   8.080  -0.030   2.124
1033.000 259.000   8.190  -0.678   1.978
1034.000 259.000   8.153  -0.678   2.059
1035.000 259.000   8.157  -0.678   2.061
1036.000 259.000   8.195  -0.678   1.980
1037.000 260.000   8.228  -0.678   1.897
1038.000 260.000   8.190  -0.678   1.978
1039.000 260.000   8.195  -0.678   1.980
1040.000 260.000   8.233  -0.678   1.899
1041.000 261.000   8.266  -0.678   1.816
1042.000 261.000   8.228  -0.678   1.897
1043.000 261.000   8.233  -0.678   1.899
1044.000 261.000   8.270  -0.678   1.818
1045.000 262.000   8.304  -0.678   1.735
1046.000 262.000   8.266  -0.678   1.816
1047.000 262.000   8.270  -0.678   1.818
1048.000 262.000   8.308  -0.678   1.737
1049.000 263.000   8.308  -0.678   1.726
1050.000 263.000   8.304  -0.678   1.735
1051.000 263.000   8.308  -0.678   1.737
1052.000 263.000   8.312  -0.678   1.728
1053.000 264.000   8.301  -0.668   1.723
1054.000 264.000   8.308  -0.678   1.726
1055.000 264.000   8.312  -0.678   1.728
1056.000 264.000   8.305  -0.668   1.725
1057.000 265.000   8.272  -0.550   1.710
1058.000 265.000   8.301  -0.668   1.723
1059.000 265.000   8.305  -0.668   1.725
1060.000 265.000   8.277  -0.550   1.712
1061.000 266.000   8.263  -0.431   1.705
1062.000 266.000   8.272  -0.550   1.710
1063.000 266.000   8.277  -0.550   1.712
1064.000 266.000   8.268  -0.431   1.707
1065.000 267.000   8.258  -0.313   1.703
1066.000 267.000   8.263  -0.431   1.705
1067.000 267.000   8.268  -0.431   1.707
1068.000 267.000   8.262  -0.313   1.705
1069.000 268.000   8.268  -0.176   1.708
1070.000 268.000   8.258  -0.313   1.703
1071.000 268.000   8.262  -0.313   1.705
1072.000 268.000   8.273  -0.176   1.710
1073.000 269.000   8.285  -0.040   1.716
1074.000 269.000   8.268  -0.176   1.708
1075.000 269.000   8.273  -0.176   1.710
1076.000 269.000   8.290  -0.040   1.718
1077.000 270.000   8.287  -0.030   1.716
1078.000 270.000   8.285  -0.040   1.716
1079.000 270.000   8.290  -0.040   1.718
1080.000 270.000   8.291  -0.030   1.719
1081.000 271.000   8.283  -0.030   1.726
1082.000 271.000   8.287  -0.030   1.716
1083.000 271.000   8.291  -0.030   1.719
1084.000 271.000   8.287  -0.030   1.728
1085.000 272.000   8.245  -0.030   1.806
1086.000 272.000   8.283  -0.030   1.726
1087.000 272.000   8.287  -0.030   1.728
1088.000 272.000   8.249  -0.030   1.809
1089.000 273.000   8.207  -0.030   1.887
1090.000 273.000   8.245  -0.030   1.806
1091.000 273.000   8.249  -0.030   1.809
1092.000 273.000   8.212  -0.030   1.889
1093.000 274.000   8.169  -0.030   1.968
1094.000 274.000   8.207  -0.030   1.887
1095.000 274.000   8.212  -0.030   1.889
1096.000 274.000   8.174  -0.030   1.970
1097.000 275.000   8.132  -0.030   2.049
1098.000 275.000   8.169  -0.030   1.968
1099.000 275.000   8.174  -0.030   1.970
1100.000 275.000   8.136  -0.030   2.051
1101.000 276.000   8.186  -0.678   1.976
1102.000 276.000   8.148  -0.678   2.057
1103.000 276.000   8.153  -0.678   2.059
1104.000 276.000   8.190  -0.678   1.978
1105.000 277.000   8.224  -0.678   1.895
1106.000 277.000   8.186  -0.678   1.976
1107.000 277.000   8.190  -0.678   1.978
1108.000 277.000   8.228  -0.678   1.897
1109.000 278.000   8.261  -0.678   1.814
1110.000 278.000   8.224  -0.678   1.895
1111.000 278.000   8.228  -0.678   1.897
1112.000 278.000   8.266  -0.678   1.816
1113.000 279.000   8.299  -0.678   1.733
1114.000 279.000   8.261  -0.678   1.814
1115.000 279.000   8.266  -0.678   1.816
1116.000 279.000   8.304  -0.678   1.735
1117.000 280.000   8.303  -0.678   1.724
1118.000 280.000   8.299  -0.678   1.733
1119.000 280.000   8.304  -0.678   1.735
1120.000 280.000   8.308  -0.678   1.726
1121.000 281.000   8.296  -0.668   1.721
1122.000 281.000   8.303  -0.678   1.724
1123.000 281.000   8.308  -0.678   1.726
1124.000 281.000   8.301  -0.668   1.723
1125.000 282.000   8.268  -0.550   1.708
1126.000 282.000   8.296  -0.668   1.721
1127.000 282.000   8.301  -0.668   1.723
1128.000 282.000   8.272  -0.550   1.710
1129.000 283.000   8.258  -0.431   1.703
1130.000 283.000   8.268  -0.550   1.708
1131.000 283.000   8.272  -0.550   1.710
1132.000 283.000   8.263  -0.431   1.705
1133.000 284.000   8.253  -0.313   1.701
1134.000 284.000   8.258  -0.431   1.703
1135.000 284.000   8.263  -0.431   1.705
1136.000 284.000   8.258  -0.313   1.703
1137.000 285.000   8.264  -0.176   1.706
1138.000 285.000   8.253  -0.313   1.701
1139.000 285.000   8.258  -0.313   1.703
1140.000 285.000   8.268  -0.176   1.708
1141.000 286.000   8.281  -0.040   1.714
1142.000 286.000   8.264  -0.176   1.706
1143.000 286.000   8.268  -0.176   1.708
1144.000 286.000   8.285  -0.040   1.716
1145.000 287.000   8.282  -0.030   1.714
1146.000 287.000   8.281  -0.040   1.714
1147.000 287.000   8.285  -0.040   1.716
1148.000 287.000   8.287  -0.030   1.716
1149.000 288.000   8.278  -0.030   1.723
1150.000 288.000   8.282  -0.030   1.714
1151.000 288.000   8.287  -0.030   1.716
1152.000 288.000   8.283  -0.030   1.726
1153.000 289.000   8.241  -0.030   1.804
1154.000 289.000   8.278  -0.030   1.723
1155.000 289.000   8.283  -0.030   1.726
1156.000 289.000   8.245  -0.030   1.806
1157.000 290.000   8.203  -0.030   1.885
1158.000 290.000   8.241  -0.030   1.804
1159.000 290.000   8.245  -0.030   1.806
1160.000 290.000   8.207  -0.030   1.887
1161.000 291.000   8.165  -0.030   1.966
1162.000 291.000   8.203  -0.030   1.885
1163.000 291.000   8.207  -0.030   1.887
1164.000 291.000   8.169  -0.030   1.968
1165.000 292.000   8.127  -0.030   2.047
1166.000 292.000   8.165  -0.030   1.966
1167.000 292.000   8.169  -0.030   1.968
1168.000 292.000   8.132  -0.030   2.049
1169.000 293.000   8.177  -0.678   1.972
1170.000 293.000   8.139  -0.678   2.052
1171.000 293.000   8.148  -0.678   2.057
1172.000 293.000   8.186  -0.678   1.976
1173.000 294.000   8.214  -0.678   1.891
1174.000 294.000   8.177  -0.678   1.972
1175.000 294.000   8.186  -0.678   1.976
1176.000 294.000   8.224  -0.678   1.895
1177.000 295.000   8.252  -0.678   1.810
1178.000 295.000   8.214  -0.678   1.891
1179.000 295.000   8.224  -0.678   1.895
1180.000 295.000   8.261  -0.678   1.814
1181.000 296.000   8.290  -0.678   1.729
1182.000 296.000   8.252  -0.678   1.810
1183.000 296.000   8.261  -0.678   1.814
1184.000 296.000   8.299  -0.678   1.733
1185.000 297.000   8.294  -0.678   1.720
1186.000 297.000   8.290  -0.678   1.729
1187.000 297.000   8.299  -0.678   1.733
1188.000 297.000   8.303  -0.678   1.724
1189.000 298.000   8.287  -0.668   1.716
1190.000 298.000   8.294  -0.678   1.720
1191.000 298.000   8.303  -0.678   1.724
1192.000 298.000   8.296  -0.668   1.721
1193.000 299.000   8.259  -0.550   1.703
1194.000 299.000   8.287  -0.668   1.716
1195.000 299.000   8.296  -0.668   1.721
1196.000 299.000   8.268  -0.550   1.708
1197.000 300.000   8.249  -0.431   1.699
1198.000 300.000   8.259  -0.550   1.703
1199.000 300.000   8.268  -0.550   1.708
1200.000 300.000   8.258  -0.431   1.703
1201.000 301.000   8.244  -0.313   1.696
1202.000 301.000   8.249  -0.431   1.699
1203.000 301.000   8.258  -0.431   1.703
1204.000 301.000   8.253  -0.313   1.701
1205.000 302.000   8.255  -0.176   1.701
1206.000 302.000   8.244  -0.313   1.696
1207.000 302.000   8.253  -0.313   1.701
1208.000 302.000   8.264  -0.176   1.706
1209.000 303.000   8.271  -0.040   1.709
1210.000 303.000   8.255  -0.176   1.701
1211.000 303.000   8.264  -0.176   1.706
1212.000 303.000   8.281  -0.040   1.714
1213.000 304.000   8.273  -0.030   1.710
1214.000 304.000   8.271  -0.040   1.709
1215.000 304.000   8.281  -0.040   1.714
1216.000 304.000   8.282  -0.030   1.714
1217.000 305.000   8.269  -0.030   1.719
1218.000 305.000   8.273  -0.030   1.710
1219.000 305.000   8.282  -0.030   1.714
1220.000 305.000   8.278  -0.030   1.723
1221.000 306.000   8.231  -0.030   1.800
1222.000 306.000   8.269  -0.030   1.719
1223.000 306.000   8.278  -0.030   1.723
1224.000 306.000   8.241  -0.030   1.804
1225.000 307.000   8.194  -0.030   1.881
1226.000 307.000   8.231  -0.030   1.800
1227.000 307.000   8.241  -0.030   1.804
1228.000 307.000   8.203  -0.030   1.885
1229.000 308.000   8.156  -0.030   1.962
1230.000 308.000   8.194  -0.030   1.881
1231.000 308.000   8.203  -0.030   1.885
1232.000 308.000   8.165  -0.030   1.966
1233.000 309.000   8.118  -0.030   2.043
1234.000 309.000   8.156  -0.030   1.962
1235.000 309.000   8.165  -0.030   1.966
1236.000 309.000   8.127  -0.030   2.047
1237.000 310.000   8.217  -0.550   1.793
1238.000 310.000   8.245  -0.668   1.806
1239.000 310.000   8.283  -0.668   1.726
1240.000 310.000   8.255  -0.550   1.712
1241.000 311.000   8.207  -0.431   1.789
1242.000 311.000   8.217  -0.550   1.793
1243.000 311.000   8.255  -0.550   1.712
1244.000 311.000   8.245  -0.431   1.708
1245.000 312.000   8.202  -0.313   1.786
1246.000 312.000   8.207  -0.431   1.789
1247.000 312.000   8.245  -0.431   1.708
1248.000 312.000   8.240  -0.313   1.705
1249.000 313.000   8.213  -0.176   1.791
1250.000 313.000   8.202  -0.313   1.786
1251.000 313.000   8.240  -0.313   1.705
1252.000 313.000   8.250  -0.176   1.710
1253.000 314.000   8.229  -0.040   1.799
1254.000 314.000   8.213  -0.176   1.791
1255.000 314.000   8.250  -0.176   1.710
1256.000 314.000   8.267  -0.040   1.718
1257.000 315.000   8.179  -0.550   1.874
1258.000 315.000   8.207  -0.668   1.887
1259.000 315.000   8.245  -0.668   1.806
1260.000 315.000   8.217  -0.550   1.793
1261.000 316.000   8.170  -0.431   1.870
1262.000 316.000   8.179  -0.550   1.874
1263.000 316.000   8.217  -0.550   1.793
1264.000 316.000   8.207  -0.431   1.789
1265.000 317.000   8.164  -0.313   1.867
1266.000 317.000   8.170  -0.431   1.870
1267.000 317.000   8.207  -0.431   1.789
1268.000 317.000   8.202  -0.313   1.786
1269.000 318.000   8.175  -0.176   1.872
1270.000 318.000   8.164  -0.313   1.867
1271.000 318.000   8.202  -0.313   1.786
1272.000 318.000   8.213  -0.176   1.791
1273.000 319.000   8.192  -0.040   1.880
1274.000 319.000   8.175  -0.176   1.872
1275.000 319.000   8.213  -0.176   1.791
1276.000 319.000   8.229  -0.040   1.799
1277.000 320.000   8.141  -0.550   1.955
1278.000 320.000   8.170  -0.668   1.968
1279.000 320.000   8.207  -0.668   1.887
1280.000 320.000   8.179  -0.550   1.874
1281.000 321.000   8.132  -0.431   1.951
1282.000 321.000   8.141  -0.550   1.955
1283.000 321.000   8.179  -0.550   1.874
1284.000 321.000   8.170  -0.431   1.870
1285.000 322.000   8.126  -0.313   1.948
1286.000 322.000   8.132  -0.431   1.951
1287.000 322.000   8.170  -0.431   1.870
1288.000 322.000   8.164  -0.313   1.867
1289.000 323.000   8.137  -0.176   1.953
1290.000 323.000   8.126  -0.313   1.948
1291.000 323.000   8.164  -0.313   1.867
1292.000 323.000   8.175  -0.176   1.872
1293.000 324.000   8.154  -0.040   1.961
1294.000 324.000   8.137  -0.176   1.953
1295.000 324.000   8.175  -0.176   1.872
1296.000 324.000   8.192  -0.040   1.880
1297.000 325.000   8.104  -0.550   2.036
1298.000 325.000   8.132  -0.668   2.049
1299.000 325.000   8.170  -0.668   1.968
1300.000 325.000   8.141  -0.550   1.955
1301.000 326.000   8.094  -0.431   2.031
1302.000 326.000   8.104  -0.550   2.036
1303.000 326.000   8.141  -0.550   1.955
1304.000 326.000   8.132  -0.431   1.951
1305.000 327.000   8.089  -0.313   2.029
1306.000 327.000   8.094  -0.431   2.031
1307.000 327.000   8.132  -0.431   1.951
1308.000 327.000   8.126  -0.313   1.948
1309.000 328.000   8.099  -0.176   2.034
1310.000 328.000   8.089  -0.313   2.029
1311.000 328.000   8.126  -0.313   1.948
1312.000 328.000   8.137  -0.176   1.953
1313.000 329.000   8.116  -0.040   2.042
1314.000 329.000   8.099  -0.176   2.034
1315.000 329.000   8.137  -0.176   1.953
1316.000 329.000   8.154  -0.040   1.961
1317.000 330.000   8.245  -0.668   1.806
1318.000 330.000   8.252  -0.678   1.810
1319.000 330.000   8.290  -0.678   1.729
1320.000 330.000   8.283  -0.668   1.726
1321.000 331.000   8.207  -0.668   1.887
1322.000 331.000   8.214  -0.678   1.891
1323.000 331.000   8.252  -0.678   1.810
1324.000 331.000   8.245  -0.668   1.806
1325.000 332.000   8.170  -0.668   1.968
1326.000 332.000   8.177  -0.678   1.972
1327.000 332.000   8.214  -0.678   1.891
1328.000 332.000   8.207  -0.668   1.887
1329.000 333.000   8.132  -0.668   2.049
1330.000 333.000   8.139  -0.678   2.052
1331.000 333.000   8.177  -0.678   1.972
1332.000 333.000   8.170  -0.668   1.968
1333.000 334.000   8.283  -0.668   1.726
1334.000 334.000   8.290  -0.678   1.729
1335.000 334.000   8.294  -0.678   1.720
1336.000 334.000   8.287  -0.668   1.716
1337.000 335.000   8.255  -0.550   1.712
1338.000 335.000   8.283  -0.668   1.726
1339.000 335.000   8.287  -0.668   1.716
1340.000 335.000   8.259  -0.550   1.703
1341.000 336.000   8.245  -0.431   1.708
1342.000 336.000   8.255  -0.550   1.712
1343.000 336.000   8.259  -0.550   1.703
1344.000 336.000   8.249  -0.431   1.699
1345.000 337.000   8.240  -0.313   1.705
1346.000 337.000   8.245  -0.431   1.708
1347.000 337.000   8.249  -0.431   1.699
1348.000 337.000   8.244  -0.313   1.696
1349.000 338.000   8.250  -0.176   1.710
1350.000 338.000   8.240  -0.313   1.705
1351.000 338.000   8.244  -0.313   1.696
1352.000 338.000   8.255  -0.176   1.701
1353.000 339.000   8.267  -0.040   1.718
1354.000 339.000   8.250  -0.176   1.710
1355.000 339.000   8.255  -0.176   1.701
1356.000 339.000   8.271  -0.040   1.709
1357.000 340.000   8.269  -0.030   1.719
1358.000 340.000   8.267  -0.040   1.718
1359.000 340.000   8.271  -0.040   1.709
1360.000 340.000   8.273  -0.030   1.710
1361.000 341.000   8.231  -0.030   1.800
1362.000 341.000   8.229  -0.040   1.799
1363.000 341.000   8.267  -0.040   1.718
1364.000 341.000   8.269  -0.030   1.719
1365.000 342.000   8.194  -0.030   1.881
1366.000 342.000   8.192  -0.040   1.880
1367.000 342.000   8.229  -0.040   1.799
1368.000 342.000   8.231  -0.030   1.800
1369.000 343.000   8.156  -0.030   1.962
1370.000 343.000   8.154  -0.040   1.961
1371.000 343.000   8.192  -0.040   1.880
1372.000 343.000   8.194  -0.030   1.881
1373.000 344.000   8.118  -0.030   2.043
1374.000 344.000   8.116  -0.040   2.042
1375.000 344.000   8.154  -0.040   1.961
1376.000 344.000   8.156  -0.030   1.962
