1c1
< 'Ref DIV Title' 'B34355 A        D=1 Ti=Te  N=2200  '
---
> 'Ref DIV Title' 'B34355 D        D=1 Ti=Te  N=2200  '
74,88c74,88
<      6.0    12.25  12.25   1.78E19
<      7.0    11.48  11.48   1.62E19
<      8.0    10.76  10.76   1.51E19
<      9.0     9.84   9.84   1.31E19
<     10.0     8.71   8.71   1.16E19
<     11.0     7.53   7.53   9.45E18
<     12.0     6.51   6.51   7.77E18
<     13.0     5.44   5.44   5.32E18
<     14.0     4.86   4.86   4.12E18
<     15.0     4.00   4.00   3.14E18
<     16.0     4.00   4.00   3.14E18
<     17.0    10.67  10.67   7.65E18
<     18.0    10.67  10.67   7.65E18
<     19.0    11.76  11.76   1.13E19
<     20.0    12.15  12.15   1.40E19
---
>      6.0    12.25  24.50   1.45E19
>      7.0    11.48  22.96   1.32E19
>      8.0    10.76  21.52   1.23E19
>      9.0     9.84  19.68   1.07E19
>     10.0     8.71  17.42   9.47E18
>     11.0     7.53  15.06   7.72E18
>     12.0     6.51  13.02   6.34E18
>     13.0     5.44  10.88   4.34E18
>     14.0     4.86   9.72   3.36E18
>     15.0     4.00   8.00   2.56E18
>     16.0     4.00   8.00   2.56E18
>     17.0    10.67  21.74   6.25E18
>     18.0    10.67  21.74   6.25E18
>     19.0    11.76  23.52   9.23E18
>     20.0    12.15  24.30   1.14E19
91,105c91,105
<      6.0   18.95   18.95   2.75E19
<      7.0   17.69   17.69   2.56E19
<      8.0   15.71   15.71   2.31E19
<      9.0   14.38   14.38   2.03E19
<     10.0   12.40   12.40   1.54E19
<     11.0   11.35   11.35   1.10E19
<     12.0   10.39   10.39   9.24E18
<     13.0    9.41    9.41   7.50E18
<     14.0    8.87    8.87   6.60E18
<     15.0    8.36    8.36   5.95E18
<     16.0    8.36    8.36   5.95E18
<     17.0    5.64    5.64   2.89E18
<     18.0    5.64    5.64   2.89E18
<     19.0   11.81   11.81   1.50E19
<     20.0   17.00   17.00   2.34E19
---
>      6.0   18.95   37.90   2.25E19
>      7.0   17.69   35.38   2.09E19
>      8.0   15.71   31.42   1.89E19
>      9.0   14.38   28.76   1.66E19
>     10.0   12.40   24.80   1.26E19
>     11.0   11.35   22.70   8.98E18
>     12.0   10.39   20.78   7.54E18
>     13.0    9.41   18.82   6.12E18
>     14.0    8.87   17.74   5.39E18
>     15.0    8.36   16.72   4.86E18
>     16.0    8.36   16.72   4.86E18
>     17.0    5.64   11.28   2.36E18
>     18.0    5.64   11.28   2.36E18
>     19.0   11.81   23.62   1.22E19
>     20.0   17.00   34.00   1.91E19
212c212
< ' ' 'TN408 Pin: rpindiv b34355a                      '
---
> ' ' 'TN408 Pin: rpindiv b34355d                      '
