    7   13   51    1    7     /NITROGEN       / HPS74 matched to A-R Te 22/07/91
 -------------------------------------------------------------------------------
   4.00000   5.00000   6.00000   7.00000   8.00000   9.00000  10.00000  11.00000
  12.00000  13.00000  14.00000  15.00000  16.00000
  -0.06466   0.03533   0.13534   0.23535   0.33534   0.43534   0.53534   0.63534
   0.73534   0.83534   0.93534   1.03533   1.13534   1.23535   1.33534   1.43534
   1.53534   1.63534   1.73534   1.83534   1.93534   2.03533   2.13534   2.23535
   2.33534   2.43534   2.53534   2.63534   2.73534   2.83534   2.93534   3.03533
   3.13534   3.23535   3.33534   3.43534   3.53534   3.63534   3.73534   3.83534
   3.93534   4.03533   4.13534   4.23535   4.33534   4.43534   4.53534   4.63534
   4.73534   4.83534   4.93534
 ---------------------------------------------------/ Z1= 1   / DATE= 22/07/91
 -13.31061 -13.30928 -13.30951 -13.30814 -13.28218 -13.20367 -13.05226 -12.83815
 -12.57913 -12.29792 -12.03685 -11.84318 -11.71184
 -12.92843 -12.94219 -12.96566 -12.99784 -13.01840 -13.00218 -12.93008 -12.80715
 -12.64447 -12.45487 -12.25809 -12.07563 -11.89060
 -12.34433 -12.37002 -12.41304 -12.47566 -12.54447 -12.60214 -12.63396 -12.63566
 -12.60562 -12.54129 -12.43652 -12.28428 -12.05432
 -11.76512 -11.79891 -11.85615 -11.94218 -12.05008 -12.16990 -12.29182 -12.40653
 -12.50486 -12.57235 -12.57339 -12.46706 -12.20513
 -11.35536 -11.39304 -11.45817 -11.55777 -11.68741 -11.83976 -12.00823 -12.18910
 -12.37938 -12.56297 -12.67136 -12.62296 -12.34492
 -11.10553 -11.14380 -11.21178 -11.31705 -11.45400 -11.61375 -11.79127 -11.99697
 -12.24515 -12.52667 -12.73879 -12.75534 -12.47447
 -10.96138 -10.99819 -11.06589 -11.17201 -11.30770 -11.45999 -11.62427 -11.82943
 -12.11267 -12.47663 -12.78544 -12.86860 -12.59423
 -10.86864 -10.90317 -10.96936 -11.07466 -11.20631 -11.34652 -11.49054 -11.68573
 -11.99248 -12.42605 -12.82110 -12.96716 -12.70466
 -10.78499 -10.81742 -10.88242 -10.98766 -11.11713 -11.24886 -11.37780 -11.56643
 -11.89416 -12.38667 -12.85477 -13.05556 -12.80680
 -10.71464 -10.74514 -10.80925 -10.91520 -11.04439 -11.17144 -11.29093 -11.47699
 -11.82367 -12.36469 -12.89239 -13.13881 -12.90399
 -10.67304 -10.70155 -10.76472 -10.87152 -11.00122 -11.12568 -11.23898 -11.42408
 -11.78613 -12.36498 -12.93920 -13.22200 -13.00011
 -10.67097 -10.69726 -10.75919 -10.86642 -10.99650 -11.11899 -11.22740 -11.41121
 -11.78387 -12.38992 -12.99815 -13.30843 -13.09779
 -10.70054 -10.72454 -10.78496 -10.89205 -11.02208 -11.14279 -11.24719 -11.42925
 -11.80819 -12.43195 -13.06338 -13.39407 -13.19476
 -10.74919 -10.77107 -10.82982 -10.93614 -11.06549 -11.18449 -11.28576 -11.46593
 -11.84761 -12.48101 -13.12674 -13.47302 -13.28747
 -10.80783 -10.82795 -10.88501 -10.98996 -11.11795 -11.23520 -11.33422 -11.51265
 -11.89440 -12.53098 -13.18407 -13.54294 -13.37482
 -10.88166 -10.90048 -10.95605 -11.05940 -11.18577 -11.30146 -11.39900 -11.57600
 -11.95632 -12.59198 -13.24763 -13.61609 -13.46583
 -10.97961 -10.99762 -11.05212 -11.15416 -11.27918 -11.39372 -11.49046 -11.66651
 -12.04508 -12.67832 -13.33391 -13.70845 -13.57209
 -11.11056 -11.12829 -11.18240 -11.28390 -11.40835 -11.52247 -11.61896 -11.79466
 -12.17241 -12.80429 -13.45939 -13.83603 -13.70519
 -11.26056 -11.27829 -11.33240 -11.43390 -11.55835 -11.67247 -11.76896 -11.94466
 -12.32241 -12.95429 -13.60939 -13.98603 -13.85519
 -11.41056 -11.42829 -11.48240 -11.58390 -11.70835 -11.82247 -11.91896 -12.09466
 -12.47241 -13.10429 -13.75938 -14.13603 -14.00519
 -11.56056 -11.57829 -11.63240 -11.73390 -11.85835 -11.97246 -12.06896 -12.24466
 -12.62241 -13.25428 -13.90938 -14.28603 -14.15519
 -11.71054 -11.72828 -11.78238 -11.88388 -12.00834 -12.12245 -12.21895 -12.39465
 -12.77239 -13.40427 -14.05937 -14.43602 -14.30518
 -11.86056 -11.87829 -11.93240 -12.03390 -12.15835 -12.27247 -12.36896 -12.54466
 -12.92241 -13.55429 -14.20939 -14.58603 -14.45519
 -12.01057 -12.02830 -12.08241 -12.18391 -12.30836 -12.42248 -12.51897 -12.69467
 -13.07242 -13.70430 -14.35940 -14.73604 -14.60520
 -12.16056 -12.17829 -12.23240 -12.33390 -12.45835 -12.57247 -12.66896 -12.84466
 -13.22241 -13.85429 -14.50939 -14.88603 -14.75519
 -12.31056 -12.32829 -12.38240 -12.48390 -12.60836 -12.72247 -12.81897 -12.99467
 -13.37241 -14.00429 -14.65939 -15.03604 -14.90519
 -12.46056 -12.47829 -12.53240 -12.63390 -12.75836 -12.87247 -12.96897 -13.14467
 -13.52241 -14.15429 -14.80939 -15.18604 -15.05519
 -12.61056 -12.62829 -12.68240 -12.78390 -12.90835 -13.02247 -13.11896 -13.29466
 -13.67241 -14.30429 -14.95939 -15.33603 -15.20519
 -12.76056 -12.77829 -12.83240 -12.93390 -13.05835 -13.17247 -13.26896 -13.44466
 -13.82241 -14.45429 -15.10939 -15.48603 -15.35519
 -12.91056 -12.92829 -12.98240 -13.08390 -13.20835 -13.32247 -13.41896 -13.59466
 -13.97241 -14.60429 -15.25938 -15.63603 -15.50519
 -13.06056 -13.07829 -13.13240 -13.23390 -13.35835 -13.47246 -13.56896 -13.74466
 -14.12241 -14.75428 -15.40938 -15.78603 -15.65519
 -13.21054 -13.22828 -13.28238 -13.38388 -13.50834 -13.62245 -13.71895 -13.89465
 -14.27239 -14.90427 -15.55937 -15.93602 -15.80518
 -13.36056 -13.37829 -13.43240 -13.53390 -13.65835 -13.77247 -13.86896 -14.04466
 -14.42241 -15.05429 -15.70939 -16.08603 -15.95519
 -13.51057 -13.52830 -13.58241 -13.68391 -13.80836 -13.92248 -14.01897 -14.19467
 -14.57242 -15.20430 -15.85940 -16.23604 -16.10520
 -13.66056 -13.67829 -13.73240 -13.83390 -13.95835 -14.07247 -14.16896 -14.34466
 -14.72241 -15.35429 -16.00939 -16.38603 -16.25519
 -13.81056 -13.82829 -13.88240 -13.98390 -14.10836 -14.22247 -14.31897 -14.49467
 -14.87241 -15.50429 -16.15939 -16.53604 -16.40519
 -13.96056 -13.97829 -14.03240 -14.13390 -14.25836 -14.37247 -14.46897 -14.64467
 -15.02241 -15.65429 -16.30939 -16.68604 -16.55519
 -14.11056 -14.12829 -14.18240 -14.28390 -14.40835 -14.52247 -14.61896 -14.79466
 -15.17241 -15.80429 -16.45939 -16.83603 -16.70519
 -14.26056 -14.27829 -14.33240 -14.43390 -14.55835 -14.67247 -14.76896 -14.94466
 -15.32241 -15.95429 -16.60939 -16.98603 -16.85519
 -14.41056 -14.42829 -14.48240 -14.58390 -14.70835 -14.82247 -14.91896 -15.09466
 -15.47241 -16.10429 -16.75938 -17.13603 -17.00519
 -14.56056 -14.57829 -14.63240 -14.73390 -14.85835 -14.97246 -15.06896 -15.24466
 -15.62241 -16.25428 -16.90938 -17.28603 -17.15519
 -14.71054 -14.72828 -14.78238 -14.88388 -15.00834 -15.12245 -15.21895 -15.39465
 -15.77239 -16.40427 -17.05937 -17.43602 -17.30518
 -14.86056 -14.87829 -14.93240 -15.03390 -15.15835 -15.27247 -15.36896 -15.54466
 -15.92241 -16.55429 -17.20939 -17.58603 -17.45519
 -15.01057 -15.02830 -15.08241 -15.18391 -15.30836 -15.42248 -15.51897 -15.69467
 -16.07242 -16.70430 -17.35940 -17.73604 -17.60520
 -15.16056 -15.17829 -15.23240 -15.33390 -15.45835 -15.57247 -15.66896 -15.84466
 -16.22241 -16.85429 -17.50939 -17.88603 -17.75519
 -15.31056 -15.32829 -15.38240 -15.48390 -15.60836 -15.72247 -15.81897 -15.99467
 -16.37241 -17.00429 -17.65939 -18.03604 -17.90519
 -15.46056 -15.47829 -15.53240 -15.63390 -15.75836 -15.87247 -15.96897 -16.14467
 -16.52241 -17.15429 -17.80939 -18.18604 -18.05519
 -15.61056 -15.62829 -15.68240 -15.78390 -15.90835 -16.02247 -16.11896 -16.29466
 -16.67241 -17.30429 -17.95939 -18.33603 -18.20519
 -15.76056 -15.77829 -15.83240 -15.93390 -16.05835 -16.17247 -16.26896 -16.44466
 -16.82241 -17.45429 -18.10939 -18.48603 -18.35519
 -15.91056 -15.92829 -15.98240 -16.08390 -16.20835 -16.32247 -16.41896 -16.59466
 -16.97241 -17.60429 -18.25938 -18.63603 -18.50519
 -16.06056 -16.07829 -16.13240 -16.23390 -16.35835 -16.47246 -16.56896 -16.74466
 -17.12241 -17.75428 -18.40938 -18.78603 -18.65519
 ---------------------------------------------------/ Z1= 2   / DATE= 22/07/91
 -11.81091 -11.80853 -11.80407 -11.79602 -11.78264 -11.76035 -11.71527 -11.63000
 -11.48289 -11.22870 -10.81411 -10.20153  -9.44056
 -11.91859 -11.91612 -11.91164 -11.90411 -11.89237 -11.87344 -11.83415 -11.75779
 -11.62535 -11.40495 -11.06029 -10.56445  -9.94247
 -11.97219 -11.97054 -11.96717 -11.96188 -11.95461 -11.94331 -11.91471 -11.85170
 -11.73712 -11.55356 -11.28349 -10.91179 -10.43643
 -11.92450 -11.92553 -11.92567 -11.92610 -11.92851 -11.93233 -11.92411 -11.88603
 -11.80201 -11.66574 -11.47429 -11.22114 -10.87991
 -11.74669 -11.75273 -11.75944 -11.76993 -11.78836 -11.81629 -11.84057 -11.84304
 -11.80806 -11.73399 -11.62406 -11.47418 -11.24010
 -11.48550 -11.49739 -11.51183 -11.53400 -11.57075 -11.62603 -11.68756 -11.73751
 -11.76062 -11.75593 -11.72740 -11.66945 -11.52367
 -11.20717 -11.22379 -11.24455 -11.27637 -11.32837 -11.40661 -11.50025 -11.59261
 -11.66950 -11.73045 -11.77970 -11.80968 -11.74740
 -10.96733 -10.98607 -11.00978 -11.04645 -11.10655 -11.19761 -11.31061 -11.43092
 -11.54655 -11.66042 -11.78055 -11.89978 -11.92683
 -10.77657 -10.79536 -10.81927 -10.85685 -10.91934 -11.01514 -11.13707 -11.27258
 -11.41243 -11.56562 -11.74744 -11.95365 -12.07222
 -10.63346 -10.65134 -10.67400 -10.71044 -10.77246 -10.86914 -10.99443 -11.13709
 -11.29014 -11.47034 -11.70259 -11.98761 -12.19239
 -10.53585 -10.55276 -10.57384 -10.60865 -10.66978 -10.76700 -10.89427 -11.04010
 -11.19864 -11.39505 -11.66516 -12.01603 -12.29553
 -10.47831 -10.49431 -10.51373 -10.54681 -10.60713 -10.70514 -10.83391 -10.98053
 -11.13922 -11.34358 -11.64075 -12.04480 -12.38696
 -10.45450 -10.46953 -10.48723 -10.51855 -10.57808 -10.67692 -10.80678 -10.95268
 -11.10831 -11.31517 -11.63121 -12.07752 -12.47123
 -10.45810 -10.47199 -10.48795 -10.51754 -10.57626 -10.67576 -10.80632 -10.95087
 -11.10234 -11.30908 -11.63844 -12.11776 -12.55286
 -10.48358 -10.49616 -10.51037 -10.53831 -10.59617 -10.69599 -10.82692 -10.97022
 -11.11822 -11.32456 -11.66394 -12.16862 -12.63594
 -10.52884 -10.54014 -10.55277 -10.57921 -10.63616 -10.73596 -10.86696 -11.00922
 -11.15468 -11.36085 -11.70777 -12.23129 -12.72280
 -10.59264 -10.60299 -10.61437 -10.63954 -10.69556 -10.79504 -10.92582 -11.06723
 -11.21098 -11.41722 -11.76960 -12.30647 -12.81527
 -10.67323 -10.68319 -10.69376 -10.71790 -10.77299 -10.87187 -11.00217 -11.14284
 -11.28553 -11.49201 -11.84814 -12.39377 -12.91410
 -10.76679 -10.77664 -10.78666 -10.80990 -10.86399 -10.96198 -11.09148 -11.23136
 -11.37330 -11.57987 -11.93800 -12.48832 -13.01538
 -10.86893 -10.87857 -10.88801 -10.91034 -10.96332 -11.06010 -11.18841 -11.32722
 -11.46832 -11.67445 -12.03271 -12.58404 -13.11391
 -10.97646 -10.98553 -10.99417 -11.01548 -11.06720 -11.16249 -11.28922 -11.42658
 -11.56648 -11.77138 -12.12798 -12.67723 -13.20697
 -11.09156 -11.09984 -11.10763 -11.12796 -11.17846 -11.27225 -11.39734 -11.53315
 -11.67172 -11.87502 -12.22905 -12.77463 -13.30259
 -11.21789 -11.22549 -11.23258 -11.25216 -11.30175 -11.39438 -11.51818 -11.65276
 -11.79025 -11.99215 -12.34381 -12.88589 -13.41178
 -11.35907 -11.36637 -11.37317 -11.39246 -11.44168 -11.53383 -11.65711 -11.79118
 -11.92821 -12.12951 -12.48012 -13.02062 -13.54549
 -11.50906 -11.51636 -11.52316 -11.54245 -11.59167 -11.68382 -11.80710 -11.94117
 -12.07820 -12.27950 -12.63011 -13.17061 -13.69548
 -11.65906 -11.66636 -11.67317 -11.69245 -11.74167 -11.83382 -11.95710 -12.09117
 -12.22821 -12.42950 -12.78011 -13.32061 -13.84548
 -11.80906 -11.81636 -11.82317 -11.84245 -11.89167 -11.98382 -12.10710 -12.24117
 -12.37821 -12.57950 -12.93011 -13.47061 -13.99548
 -11.95906 -11.96636 -11.97316 -11.99245 -12.04167 -12.13382 -12.25710 -12.39117
 -12.52820 -12.72950 -13.08011 -13.62061 -14.14548
 -12.10906 -12.11636 -12.12316 -12.14245 -12.19167 -12.28382 -12.40710 -12.54117
 -12.67820 -12.87950 -13.23011 -13.77061 -14.29548
 -12.25906 -12.26636 -12.27316 -12.29245 -12.34167 -12.43382 -12.55709 -12.69116
 -12.82820 -13.02950 -13.38011 -13.92061 -14.44548
 -12.40906 -12.41635 -12.42316 -12.44244 -12.49167 -12.58382 -12.70709 -12.84116
 -12.97820 -13.17950 -13.53011 -14.07060 -14.59548
 -12.55904 -12.56634 -12.57315 -12.59243 -12.64166 -12.73381 -12.85708 -12.99115
 -13.12819 -13.32949 -13.68010 -14.22059 -14.74547
 -12.70906 -12.71636 -12.72316 -12.74245 -12.79167 -12.88382 -13.00710 -13.14117
 -13.27820 -13.47950 -13.83011 -14.37061 -14.89548
 -12.85907 -12.86637 -12.87317 -12.89246 -12.94168 -13.03383 -13.15711 -13.29118
 -13.42821 -13.62951 -13.98012 -14.52062 -15.04549
 -13.00906 -13.01636 -13.02316 -13.04245 -13.09167 -13.18382 -13.30710 -13.44117
 -13.57820 -13.77950 -14.13011 -14.67061 -15.19548
 -13.15906 -13.16636 -13.17317 -13.19245 -13.24167 -13.33382 -13.45710 -13.59117
 -13.72821 -13.92950 -14.28011 -14.82061 -15.34548
 -13.30906 -13.31636 -13.32317 -13.34245 -13.39167 -13.48382 -13.60710 -13.74117
 -13.87821 -14.07950 -14.43011 -14.97061 -15.49548
 -13.45906 -13.46636 -13.47316 -13.49245 -13.54167 -13.63382 -13.75710 -13.89117
 -14.02820 -14.22950 -14.58011 -15.12061 -15.64548
 -13.60906 -13.61636 -13.62316 -13.64245 -13.69167 -13.78382 -13.90710 -14.04117
 -14.17820 -14.37950 -14.73011 -15.27061 -15.79548
 -13.75906 -13.76636 -13.77316 -13.79245 -13.84167 -13.93382 -14.05709 -14.19116
 -14.32820 -14.52950 -14.88011 -15.42061 -15.94548
 -13.90906 -13.91635 -13.92316 -13.94244 -13.99167 -14.08382 -14.20709 -14.34116
 -14.47820 -14.67950 -15.03011 -15.57060 -16.09548
 -14.05904 -14.06634 -14.07315 -14.09243 -14.14166 -14.23381 -14.35708 -14.49115
 -14.62819 -14.82949 -15.18010 -15.72059 -16.24547
 -14.20906 -14.21636 -14.22316 -14.24245 -14.29167 -14.38382 -14.50710 -14.64117
 -14.77820 -14.97950 -15.33011 -15.87061 -16.39548
 -14.35907 -14.36637 -14.37317 -14.39246 -14.44168 -14.53383 -14.65711 -14.79118
 -14.92821 -15.12951 -15.48012 -16.02062 -16.54549
 -14.50906 -14.51636 -14.52316 -14.54245 -14.59167 -14.68382 -14.80710 -14.94117
 -15.07820 -15.27950 -15.63011 -16.17061 -16.69548
 -14.65906 -14.66636 -14.67317 -14.69245 -14.74167 -14.83382 -14.95710 -15.09117
 -15.22821 -15.42950 -15.78011 -16.32061 -16.84548
 -14.80906 -14.81636 -14.82317 -14.84245 -14.89167 -14.98382 -15.10710 -15.24117
 -15.37821 -15.57950 -15.93011 -16.47061 -16.99548
 -14.95906 -14.96636 -14.97316 -14.99245 -15.04167 -15.13382 -15.25710 -15.39117
 -15.52820 -15.72950 -16.08011 -16.62061 -17.14548
 -15.10906 -15.11636 -15.12316 -15.14245 -15.19167 -15.28382 -15.40710 -15.54117
 -15.67820 -15.87950 -16.23011 -16.77061 -17.29548
 -15.25906 -15.26636 -15.27316 -15.29245 -15.34167 -15.43382 -15.55709 -15.69116
 -15.82820 -16.02950 -16.38011 -16.92061 -17.44548
 -15.40906 -15.41635 -15.42316 -15.44244 -15.49167 -15.58382 -15.70709 -15.84116
 -15.97820 -16.17950 -16.53011 -17.07060 -17.59548
 ---------------------------------------------------/ Z1= 3   / DATE= 22/07/91
 -11.37514 -11.37316 -11.36821 -11.35856 -11.34250 -11.31833 -11.28248 -11.20917
 -11.05804 -10.78900 -10.36819  -9.76583  -8.95794
 -11.47897 -11.47682 -11.47201 -11.46313 -11.44890 -11.42819 -11.39834 -11.33884
 -11.21746 -11.00103 -10.64744 -10.10878  -9.34402
 -11.51899 -11.51819 -11.51573 -11.51058 -11.50134 -11.48638 -11.46299 -11.41602
 -11.32209 -11.15583 -10.86974 -10.40183  -9.69752
 -11.43652 -11.44042 -11.44476 -11.44886 -11.45092 -11.44841 -11.43819 -11.40982
 -11.34810 -11.23513 -11.02178 -10.63844 -10.02261
 -11.22722 -11.23920 -11.25478 -11.27353 -11.29322 -11.31044 -11.32152 -11.31986
 -11.29695 -11.24126 -11.10585 -10.82052 -10.32090
 -10.94894 -10.97039 -10.99905 -11.03468 -11.07471 -11.11505 -11.15160 -11.18070
 -11.19899 -11.20012 -11.14209 -10.95951 -10.59095
 -10.66298 -10.69321 -10.73403 -10.78543 -10.84472 -10.90744 -10.96933 -11.02884
 -11.08619 -11.13888 -11.15156 -11.06736 -10.83112
 -10.42931 -10.46556 -10.51496 -10.57777 -10.65150 -10.73185 -10.81477 -10.90004
 -10.98987 -11.08420 -11.15499 -11.15584 -11.03987
 -10.27173 -10.31076 -10.36445 -10.43340 -10.51561 -10.60740 -10.70536 -10.80991
 -10.92396 -11.04862 -11.16312 -11.23232 -11.21845
 -10.17478 -10.21450 -10.26964 -10.34106 -10.42743 -10.52592 -10.63396 -10.75223
 -10.88350 -11.02931 -11.17586 -11.29929 -11.37115
 -10.12122 -10.16075 -10.21599 -10.28797 -10.37591 -10.47792 -10.59226 -10.71969
 -10.86262 -11.02270 -11.19258 -11.35901 -11.50239
 -10.09917 -10.13823 -10.19301 -10.26451 -10.35250 -10.45585 -10.57362 -10.70661
 -10.85683 -11.02602 -11.21267 -11.41314 -11.61598
 -10.10279 -10.14097 -10.19461 -10.26470 -10.35139 -10.45436 -10.57331 -10.70907
 -10.86320 -11.03741 -11.23552 -11.46273 -11.71509
 -10.12661 -10.16334 -10.21507 -10.28277 -10.36705 -10.46825 -10.58677 -10.72334
 -10.87893 -11.05510 -11.26059 -11.50880 -11.80284
 -10.16692 -10.20167 -10.25081 -10.31536 -10.39635 -10.49485 -10.61184 -10.74790
 -10.90329 -11.07928 -11.28908 -11.55373 -11.88291
 -10.22206 -10.25459 -10.30079 -10.36179 -10.43905 -10.53428 -10.64908 -10.78379
 -10.93793 -11.11237 -11.32428 -11.60152 -11.95967
 -10.29047 -10.32080 -10.36410 -10.42155 -10.49503 -10.58686 -10.69920 -10.83219
 -10.98460 -11.15690 -11.36955 -11.65621 -12.03748
 -10.37059 -10.39906 -10.43983 -10.49412 -10.56416 -10.65286 -10.76290 -10.89424
 -11.04503 -11.21532 -11.42819 -11.72177 -12.12065
 -10.46127 -10.48827 -10.52703 -10.57872 -10.64586 -10.73190 -10.83998 -10.96997
 -11.11950 -11.28831 -11.50129 -11.79985 -12.21139
 -10.56173 -10.58755 -10.62471 -10.67430 -10.73907 -10.82290 -10.92936 -11.05822
 -11.20679 -11.37454 -11.58759 -11.88952 -12.30969
 -10.67120 -10.69600 -10.73186 -10.77976 -10.84265 -10.92472 -11.02982 -11.15774
 -11.30553 -11.47255 -11.68564 -11.98972 -12.41534
 -10.78825 -10.81211 -10.84682 -10.89335 -10.95472 -11.03534 -11.13927 -11.26629
 -11.41336 -11.57973 -11.79266 -12.09776 -12.52627
 -10.91075 -10.93368 -10.96731 -11.01256 -11.07254 -11.15182 -11.25459 -11.38062
 -11.52677 -11.69223 -11.90440 -12.20926 -12.63839
 -11.03653 -11.05853 -11.09100 -11.13488 -11.19339 -11.27121 -11.37266 -11.49746
 -11.64229 -11.80620 -12.01666 -12.31983 -12.74763
 -11.16532 -11.18641 -11.21770 -11.26016 -11.31712 -11.39338 -11.49340 -11.61678
 -11.75998 -11.92180 -12.12974 -12.43017 -12.85533
 -11.29908 -11.31942 -11.34969 -11.39093 -11.44654 -11.52146 -11.62021 -11.74232
 -11.88398 -12.04376 -12.24919 -12.54678 -12.96906
 -11.43981 -11.45971 -11.48936 -11.52985 -11.58462 -11.65870 -11.75667 -11.87796
 -12.01862 -12.17706 -12.38080 -12.67645 -13.09673
 -11.58843 -11.60826 -11.63781 -11.67818 -11.73283 -11.80677 -11.90462 -12.02578
 -12.16628 -12.32450 -12.52796 -12.82329 -13.24325
 -11.73843 -11.75826 -11.78781 -11.82818 -11.88283 -11.95677 -12.05462 -12.17578
 -12.31628 -12.47450 -12.67796 -12.97329 -13.39324
 -11.88843 -11.90826 -11.93781 -11.97818 -12.03283 -12.10677 -12.20461 -12.32578
 -12.46627 -12.62450 -12.82796 -13.12329 -13.54324
 -12.03843 -12.05826 -12.08781 -12.12818 -12.18282 -12.25677 -12.35461 -12.47578
 -12.61627 -12.77449 -12.97796 -13.27329 -13.69324
 -12.18842 -12.20825 -12.23780 -12.27816 -12.33281 -12.40675 -12.50460 -12.62576
 -12.76626 -12.92448 -13.12794 -13.42327 -13.84323
 -12.33843 -12.35826 -12.38781 -12.42818 -12.48283 -12.55677 -12.65462 -12.77578
 -12.91628 -13.07450 -13.27796 -13.57329 -13.99324
 -12.48844 -12.50827 -12.53782 -12.57819 -12.63284 -12.70678 -12.80462 -12.92579
 -13.06628 -13.22451 -13.42797 -13.72330 -14.14325
 -12.63843 -12.65826 -12.68781 -12.72818 -12.78283 -12.85677 -12.95462 -13.07578
 -13.21628 -13.37450 -13.57796 -13.87329 -14.29325
 -12.78843 -12.80827 -12.83782 -12.87818 -12.93283 -13.00677 -13.10462 -13.22578
 -13.36628 -13.52450 -13.72796 -14.02329 -14.44325
 -12.93843 -12.95827 -12.98782 -13.02818 -13.08283 -13.15677 -13.25462 -13.37578
 -13.51628 -13.67450 -13.87796 -14.17329 -14.59325
 -13.08843 -13.10826 -13.13781 -13.17818 -13.23283 -13.30677 -13.40462 -13.52578
 -13.66628 -13.82450 -14.02796 -14.32329 -14.74325
 -13.23843 -13.25826 -13.28781 -13.32818 -13.38283 -13.45677 -13.55462 -13.67578
 -13.81628 -13.97450 -14.17796 -14.47329 -14.89324
 -13.38843 -13.40826 -13.43781 -13.47818 -13.53283 -13.60677 -13.70461 -13.82578
 -13.96627 -14.12450 -14.32796 -14.62329 -15.04324
 -13.53843 -13.55826 -13.58781 -13.62818 -13.68282 -13.75677 -13.85461 -13.97578
 -14.11627 -14.27449 -14.47796 -14.77329 -15.19324
 -13.68842 -13.70825 -13.73780 -13.77816 -13.83281 -13.90675 -14.00460 -14.12576
 -14.26626 -14.42448 -14.62794 -14.92327 -15.34323
 -13.83843 -13.85826 -13.88781 -13.92818 -13.98283 -14.05677 -14.15462 -14.27578
 -14.41628 -14.57450 -14.77796 -15.07329 -15.49324
 -13.98844 -14.00827 -14.03782 -14.07819 -14.13284 -14.20678 -14.30462 -14.42579
 -14.56628 -14.72451 -14.92797 -15.22330 -15.64325
 -14.13843 -14.15826 -14.18781 -14.22818 -14.28283 -14.35677 -14.45462 -14.57578
 -14.71628 -14.87450 -15.07796 -15.37329 -15.79325
 -14.28843 -14.30827 -14.33782 -14.37818 -14.43283 -14.50677 -14.60462 -14.72578
 -14.86628 -15.02450 -15.22796 -15.52329 -15.94325
 -14.43843 -14.45827 -14.48782 -14.52818 -14.58283 -14.65677 -14.75462 -14.87578
 -15.01628 -15.17450 -15.37796 -15.67329 -16.09325
 -14.58843 -14.60826 -14.63781 -14.67818 -14.73283 -14.80677 -14.90462 -15.02578
 -15.16628 -15.32450 -15.52796 -15.82329 -16.24325
 -14.73843 -14.75826 -14.78781 -14.82818 -14.88283 -14.95677 -15.05462 -15.17578
 -15.31628 -15.47450 -15.67796 -15.97329 -16.39324
 -14.88843 -14.90826 -14.93781 -14.97818 -15.03283 -15.10677 -15.20461 -15.32578
 -15.46627 -15.62450 -15.82796 -16.12329 -16.54324
 -15.03843 -15.05826 -15.08781 -15.12818 -15.18282 -15.25677 -15.35461 -15.47578
 -15.61627 -15.77449 -15.97796 -16.27329 -16.69324
 ---------------------------------------------------/ Z1= 4   / DATE= 22/07/91
 -11.01023 -11.00893 -11.00557 -10.99852 -10.98556 -10.96003 -10.91319 -10.83253
 -10.67667 -10.39070  -9.92615  -9.28479  -8.49188
 -11.04640 -11.04923 -11.05090 -11.04881 -11.04024 -11.02195 -10.99040 -10.93808
 -10.82634 -10.60200 -10.21652  -9.65769  -8.93024
 -11.02118 -11.03068 -11.04081 -11.04813 -11.04948 -11.04383 -11.03116 -11.00747
 -10.93801 -10.77374 -10.46810  -9.99486  -9.33726
 -10.91463 -10.93404 -10.95699 -10.97950 -10.99797 -11.01204 -11.02282 -11.02797
 -10.99814 -10.89142 -10.66605 -10.28203  -9.70017
 -10.75766 -10.78828 -10.82595 -10.86638 -10.90570 -10.94316 -10.97948 -11.01263
 -11.01931 -10.96628 -10.81811 -10.52299 -10.02142
 -10.59554 -10.63594 -10.68674 -10.74362 -10.80260 -10.86235 -10.92278 -10.98178
 -11.02152 -11.01678 -10.93840 -10.72671 -10.30779
 -10.46685 -10.51342 -10.57299 -10.64140 -10.71480 -10.79174 -10.87190 -10.95341
 -11.02234 -11.05919 -11.03952 -10.90135 -10.56517
 -10.37875 -10.42828 -10.49263 -10.56793 -10.65058 -10.73945 -10.83454 -10.93457
 -11.02818 -11.09938 -11.12712 -11.05182 -10.79592
 -10.32928 -10.37968 -10.44612 -10.52499 -10.61299 -10.70947 -10.81505 -10.92915
 -11.04216 -11.14022 -11.20485 -11.18207 -11.00131
 -10.31647 -10.36676 -10.43391 -10.51441 -10.60511 -10.70582 -10.81776 -10.94106
 -11.06741 -11.18457 -11.27635 -11.29602 -11.18262
 -10.33647 -10.38650 -10.45391 -10.53507 -10.62676 -10.72907 -10.84358 -10.97093
 -11.10416 -11.23280 -11.34307 -11.39586 -11.34028
 -10.37717 -10.42629 -10.49284 -10.57306 -10.66364 -10.76476 -10.87826 -11.00516
 -11.13997 -11.27424 -11.39683 -11.47612 -11.47097
 -10.42424 -10.47091 -10.53438 -10.61100 -10.69752 -10.79433 -10.90345 -11.02625
 -11.15892 -11.29522 -11.42683 -11.52923 -11.57037
 -10.46613 -10.50825 -10.56575 -10.63545 -10.71462 -10.80395 -10.90574 -11.02183
 -11.15017 -11.28692 -11.42663 -11.55128 -11.63702
 -10.50408 -10.54039 -10.59024 -10.65116 -10.72112 -10.80131 -10.89440 -11.00274
 -11.12600 -11.26260 -11.40972 -11.55522 -11.68260
 -10.54299 -10.57347 -10.61571 -10.66797 -10.72889 -10.80020 -10.88506 -10.98640
 -11.10524 -11.24173 -11.39520 -11.55873 -11.72251
 -10.58730 -10.61296 -10.64911 -10.69446 -10.74816 -10.81246 -10.89109 -10.98758
 -11.10378 -11.24076 -11.39920 -11.57681 -11.76993
 -10.63962 -10.66154 -10.69311 -10.73334 -10.78165 -10.84082 -10.91517 -11.00880
 -11.12392 -11.26185 -11.42396 -11.61196 -11.82774
 -10.70196 -10.72102 -10.74915 -10.78556 -10.82988 -10.88536 -10.95686 -11.04899
 -11.16398 -11.30301 -11.46766 -11.66303 -11.89581
 -10.77638 -10.79325 -10.81868 -10.85209 -10.89339 -10.94616 -11.01573 -11.10706
 -11.22229 -11.36224 -11.52851 -11.72887 -11.97399
 -10.86425 -10.87941 -10.90255 -10.93343 -10.97226 -11.02293 -11.09102 -11.18172
 -11.29704 -11.43748 -11.60462 -11.80825 -12.06205
 -10.96410 -10.97794 -10.99916 -11.02790 -11.06471 -11.11369 -11.18058 -11.27065
 -11.38582 -11.52637 -11.69387 -11.89955 -12.15922
 -11.07372 -11.08655 -11.10627 -11.13330 -11.16848 -11.21608 -11.28189 -11.37128
 -11.48610 -11.62652 -11.79410 -12.00106 -12.26459
 -11.19088 -11.20296 -11.22159 -11.24735 -11.28125 -11.32763 -11.39240 -11.48101
 -11.59530 -11.73542 -11.90297 -12.11076 -12.37680
 -11.31363 -11.32508 -11.34292 -11.36774 -11.40057 -11.44585 -11.50958 -11.59731
 -11.71088 -11.85041 -12.01749 -12.22529 -12.49239
 -11.44007 -11.45095 -11.46813 -11.49215 -11.52402 -11.56823 -11.63091 -11.71770
 -11.83036 -11.96881 -12.13453 -12.34101 -12.60735
 -11.56887 -11.57914 -11.59567 -11.61892 -11.64983 -11.69297 -11.75460 -11.84044
 -11.95199 -12.08879 -12.25200 -12.45554 -12.71926
 -11.70122 -11.71092 -11.72686 -11.74941 -11.77947 -11.82166 -11.88235 -11.96733
 -12.07778 -12.21274 -12.37298 -12.57286 -12.83304
 -11.83909 -11.84836 -11.86386 -11.88591 -11.91536 -11.95686 -12.01687 -12.10122
 -12.21083 -12.34428 -12.50202 -12.69875 -12.95581
 -11.98441 -11.99351 -12.00883 -12.03069 -12.05988 -12.10111 -12.16085 -12.24496
 -12.35421 -12.48702 -12.64367 -12.83900 -13.09468
 -12.13441 -12.14351 -12.15883 -12.18068 -12.20988 -12.25110 -12.31085 -12.39495
 -12.50420 -12.63701 -12.79366 -12.98899 -13.24466
 -12.28439 -12.29350 -12.30882 -12.33067 -12.35986 -12.40109 -12.46083 -12.54494
 -12.65419 -12.78700 -12.94364 -13.13898 -13.39465
 -12.43441 -12.44351 -12.45883 -12.48068 -12.50988 -12.55111 -12.61085 -12.69496
 -12.80420 -12.93701 -13.09366 -13.28899 -13.54467
 -12.58442 -12.59352 -12.60884 -12.63069 -12.65989 -12.70111 -12.76086 -12.84496
 -12.95421 -13.08702 -13.24367 -13.43900 -13.69468
 -12.73441 -12.74351 -12.75883 -12.78068 -12.80988 -12.85111 -12.91085 -12.99496
 -13.10421 -13.23701 -13.39366 -13.58900 -13.84467
 -12.88441 -12.89351 -12.90883 -12.93069 -12.95988 -13.00111 -13.06085 -13.14496
 -13.25421 -13.38701 -13.54366 -13.73900 -13.99467
 -13.03441 -13.04351 -13.05883 -13.08069 -13.10988 -13.15111 -13.21085 -13.29496
 -13.40421 -13.53701 -13.69366 -13.88900 -14.14467
 -13.18441 -13.19351 -13.20883 -13.23068 -13.25988 -13.30111 -13.36085 -13.44496
 -13.55421 -13.68701 -13.84366 -14.03900 -14.29467
 -13.33441 -13.34351 -13.35883 -13.38068 -13.40988 -13.45111 -13.51085 -13.59496
 -13.70420 -13.83701 -13.99366 -14.18899 -14.44467
 -13.48441 -13.49351 -13.50883 -13.53068 -13.55988 -13.60110 -13.66085 -13.74495
 -13.85420 -13.98701 -14.14366 -14.33899 -14.59467
 -13.63441 -13.64351 -13.65883 -13.68068 -13.70988 -13.75110 -13.81085 -13.89495
 -14.00420 -14.13701 -14.29366 -14.48899 -14.74466
 -13.78439 -13.79350 -13.80882 -13.83067 -13.85986 -13.90109 -13.96083 -14.04494
 -14.15419 -14.28700 -14.44364 -14.63898 -14.89465
 -13.93441 -13.94351 -13.95883 -13.98068 -14.00988 -14.05111 -14.11085 -14.19496
 -14.30420 -14.43701 -14.59366 -14.78899 -15.04467
 -14.08442 -14.09352 -14.10884 -14.13069 -14.15989 -14.20111 -14.26086 -14.34496
 -14.45421 -14.58702 -14.74367 -14.93900 -15.19468
 -14.23441 -14.24351 -14.25883 -14.28068 -14.30988 -14.35111 -14.41085 -14.49496
 -14.60421 -14.73701 -14.89366 -15.08900 -15.34467
 -14.38441 -14.39351 -14.40883 -14.43069 -14.45988 -14.50111 -14.56085 -14.64496
 -14.75421 -14.88701 -15.04366 -15.23900 -15.49467
 -14.53441 -14.54351 -14.55883 -14.58069 -14.60988 -14.65111 -14.71085 -14.79496
 -14.90421 -15.03701 -15.19366 -15.38900 -15.64467
 -14.68441 -14.69351 -14.70883 -14.73068 -14.75988 -14.80111 -14.86085 -14.94496
 -15.05421 -15.18701 -15.34366 -15.53900 -15.79467
 -14.83441 -14.84351 -14.85883 -14.88068 -14.90988 -14.95111 -15.01085 -15.09496
 -15.20420 -15.33701 -15.49366 -15.68899 -15.94467
 -14.98441 -14.99351 -15.00883 -15.03068 -15.05988 -15.10110 -15.16085 -15.24495
 -15.35420 -15.48701 -15.64366 -15.83899 -16.09467
 -15.13441 -15.14351 -15.15883 -15.18068 -15.20988 -15.25110 -15.31085 -15.39495
 -15.50420 -15.63701 -15.79366 -15.98899 -16.24466
 ---------------------------------------------------/ Z1= 5   / DATE= 22/07/91
 -10.79352 -10.79261 -10.79231 -10.78990 -10.78215 -10.76659 -10.74290 -10.71115
 -10.65820 -10.53252 -10.27561  -9.82817  -9.12854
 -10.87136 -10.87052 -10.87018 -10.86790 -10.86082 -10.84667 -10.82491 -10.79536
 -10.74590 -10.62983 -10.39420  -9.98380  -9.33689
 -10.94921 -10.94844 -10.94806 -10.94592 -10.93951 -10.92676 -10.90694 -10.87958
 -10.83360 -10.72716 -10.51282 -10.13947  -9.54528
 -11.02706 -11.02636 -11.02593 -11.02394 -11.01820 -11.00685 -10.98897 -10.96380
 -10.92131 -10.82448 -10.63143 -10.29512  -9.75366
 -11.10490 -11.10426 -11.10380 -11.10195 -11.09688 -11.08693 -11.07099 -11.04801
 -11.00900 -10.92180 -10.75002 -10.45076  -9.96202
 -11.18275 -11.18218 -11.18167 -11.17996 -11.17556 -11.16702 -11.15301 -11.13222
 -11.09670 -11.01912 -10.86863 -10.60641 -10.17039
 -11.26059 -11.26009 -11.25954 -11.25798 -11.25425 -11.24710 -11.23503 -11.21644
 -11.18440 -11.11643 -10.98723 -10.76206 -10.37876
 -11.33844 -11.33800 -11.33741 -11.33599 -11.33293 -11.32719 -11.31705 -11.30065
 -11.27210 -11.21375 -11.10583 -10.91770 -10.58713
 -11.41614 -11.41576 -11.41514 -11.41386 -11.41146 -11.40712 -11.39890 -11.38469
 -11.35961 -11.31081 -11.22397 -11.07255 -10.79434
 -11.49297 -11.49266 -11.49202 -11.49089 -11.48915 -11.48613 -11.47976 -11.46768
 -11.44600 -11.40632 -11.33941 -11.22269 -10.99477
 -11.56808 -11.56784 -11.56721 -11.56627 -11.56513 -11.56331 -11.55863 -11.54860
 -11.53018 -11.49877 -11.44946 -11.36347 -11.18167
 -11.64061 -11.64042 -11.63986 -11.63914 -11.63855 -11.63774 -11.63453 -11.62640
 -11.61104 -11.58663 -11.55144 -11.49021 -11.34834
 -11.71146 -11.71132 -11.71088 -11.71042 -11.71030 -11.71024 -11.70820 -11.70180
 -11.68921 -11.67023 -11.64493 -11.60118 -11.49145
 -11.78780 -11.78770 -11.78740 -11.78719 -11.78739 -11.78781 -11.78660 -11.78168
 -11.77157 -11.75665 -11.73762 -11.70504 -11.61997
 -11.87828 -11.87820 -11.87801 -11.87795 -11.87828 -11.87884 -11.87812 -11.87439
 -11.86642 -11.85447 -11.83906 -11.81287 -11.74567
 -11.98386 -11.98380 -11.98367 -11.98362 -11.98387 -11.98427 -11.98370 -11.98085
 -11.97471 -11.96503 -11.95175 -11.92904 -11.87445
 -12.07670 -12.07666 -12.07656 -12.07650 -12.07658 -12.07670 -12.07612 -12.07401
 -12.06957 -12.06222 -12.05138 -12.03258 -11.98999
 -12.12217 -12.12216 -12.12216 -12.12216 -12.12217 -12.12211 -12.12161 -12.12025
 -12.11765 -12.11346 -12.10740 -12.09658 -12.07073
 -12.09525 -12.09532 -12.09550 -12.09572 -12.09589 -12.09591 -12.09574 -12.09532
 -12.09485 -12.09523 -12.09746 -12.10091 -12.10009
 -12.00832 -12.00847 -12.00889 -12.00942 -12.00985 -12.01011 -12.01044 -12.01116
 -12.01316 -12.01888 -12.03109 -12.05178 -12.08070
 -11.88279 -11.88301 -11.88364 -11.88445 -11.88512 -11.88558 -11.88646 -11.88853
 -11.89326 -11.90427 -11.92553 -11.96177 -12.01983
 -11.74007 -11.74034 -11.74110 -11.74205 -11.74276 -11.74322 -11.74457 -11.74817
 -11.75589 -11.77125 -11.79804 -11.84348 -11.92478
 -11.60078 -11.60105 -11.60182 -11.60268 -11.60315 -11.60330 -11.60495 -11.61021
 -11.62109 -11.63927 -11.66639 -11.71170 -11.80662
 -11.48275 -11.48301 -11.48373 -11.48441 -11.48448 -11.48413 -11.48591 -11.49281
 -11.50673 -11.52651 -11.55047 -11.58938 -11.69038
 -11.40315 -11.40342 -11.40413 -11.40468 -11.40437 -11.40349 -11.40530 -11.41359
 -11.43012 -11.45083 -11.47060 -11.50130 -11.60425
 -11.37401 -11.37431 -11.37511 -11.37567 -11.37514 -11.37385 -11.37562 -11.38491
 -11.40340 -11.42477 -11.44128 -11.46550 -11.56910
 -11.38800 -11.38835 -11.38927 -11.38991 -11.38927 -11.38768 -11.38938 -11.39934
 -11.41920 -11.44105 -11.45524 -11.47476 -11.57840
 -11.43326 -11.43364 -11.43463 -11.43531 -11.43456 -11.43272 -11.43436 -11.44477
 -11.46559 -11.48770 -11.50007 -11.51594 -11.61918
 -11.49929 -11.49966 -11.50061 -11.50119 -11.50027 -11.49823 -11.49981 -11.51057
 -11.53205 -11.55420 -11.56487 -11.57752 -11.68003
 -11.58089 -11.58122 -11.58207 -11.58248 -11.58136 -11.57912 -11.58065 -11.59167
 -11.61363 -11.63567 -11.64470 -11.65430 -11.75562
 -11.67412 -11.67443 -11.67520 -11.67548 -11.67417 -11.67172 -11.67317 -11.68437
 -11.70672 -11.72858 -11.73601 -11.74259 -11.84211
 -11.77504 -11.77537 -11.77618 -11.77646 -11.77504 -11.77235 -11.77362 -11.78495
 -11.80768 -11.82941 -11.83528 -11.83873 -11.93563
 -11.88188 -11.88228 -11.88329 -11.88375 -11.88231 -11.87936 -11.88038 -11.89177
 -11.91493 -11.93663 -11.94103 -11.94128 -12.03486
 -12.00055 -12.00104 -12.00228 -12.00297 -12.00158 -11.99840 -11.99918 -12.01061
 -12.03413 -12.05585 -12.05914 -12.05684 -12.14749
 -12.13876 -12.13928 -12.14063 -12.14144 -12.14007 -12.13680 -12.13748 -12.14891
 -12.17258 -12.19432 -12.19719 -12.19388 -12.28329
 -12.28876 -12.28929 -12.29063 -12.29144 -12.29007 -12.28681 -12.28748 -12.29891
 -12.32258 -12.34432 -12.34719 -12.34388 -12.43329
 -12.43876 -12.43929 -12.44063 -12.44144 -12.44007 -12.43681 -12.43748 -12.44891
 -12.47258 -12.49432 -12.49719 -12.49388 -12.58329
 -12.58876 -12.58928 -12.59063 -12.59144 -12.59007 -12.58680 -12.58748 -12.59891
 -12.62258 -12.64432 -12.64719 -12.64388 -12.73329
 -12.73876 -12.73928 -12.74063 -12.74144 -12.74007 -12.73680 -12.73748 -12.74891
 -12.77258 -12.79432 -12.79719 -12.79388 -12.88329
 -12.88876 -12.88928 -12.89063 -12.89143 -12.89007 -12.88680 -12.88747 -12.89891
 -12.92257 -12.94431 -12.94719 -12.94387 -13.03329
 -13.03875 -13.03928 -13.04063 -13.04143 -13.04006 -13.03680 -13.03747 -13.04891
 -13.07257 -13.09431 -13.09718 -13.09387 -13.18329
 -13.18874 -13.18927 -13.19061 -13.19142 -13.19005 -13.18679 -13.18746 -13.19890
 -13.22256 -13.24430 -13.24717 -13.24386 -13.33327
 -13.33876 -13.33928 -13.34063 -13.34144 -13.34007 -13.33680 -13.33748 -13.34891
 -13.37258 -13.39432 -13.39719 -13.39388 -13.48329
 -13.48877 -13.48929 -13.49064 -13.49144 -13.49008 -13.48681 -13.48748 -13.49892
 -13.52258 -13.54433 -13.54720 -13.54389 -13.63330
 -13.63876 -13.63928 -13.64063 -13.64144 -13.64007 -13.63680 -13.63748 -13.64891
 -13.67258 -13.69432 -13.69719 -13.69388 -13.78329
 -13.78876 -13.78929 -13.79063 -13.79144 -13.79007 -13.78681 -13.78748 -13.79891
 -13.82258 -13.84432 -13.84719 -13.84388 -13.93329
 -13.93876 -13.93929 -13.94063 -13.94144 -13.94007 -13.93681 -13.93748 -13.94891
 -13.97258 -13.99432 -13.99719 -13.99388 -14.08329
 -14.08876 -14.08928 -14.09063 -14.09144 -14.09007 -14.08680 -14.08748 -14.09891
 -14.12258 -14.14432 -14.14719 -14.14388 -14.23329
 -14.23876 -14.23928 -14.24063 -14.24144 -14.24007 -14.23680 -14.23748 -14.24891
 -14.27258 -14.29432 -14.29719 -14.29388 -14.38329
 -14.38876 -14.38928 -14.39063 -14.39143 -14.39007 -14.38680 -14.38747 -14.39891
 -14.42257 -14.44431 -14.44719 -14.44387 -14.53329
 -14.53875 -14.53928 -14.54063 -14.54143 -14.54006 -14.53680 -14.53747 -14.54891
 -14.57257 -14.59431 -14.59718 -14.59387 -14.68329
 ---------------------------------------------------/ Z1= 6   / DATE= 22/07/91
 -10.56930 -10.56778 -10.56732 -10.56780 -10.56797 -10.56642 -10.55905 -10.53943
 -10.50098 -10.43641 -10.33775 -10.19233  -9.90269
 -10.63394 -10.63254 -10.63209 -10.63246 -10.63256 -10.63111 -10.62421 -10.60572
 -10.56936 -10.50832 -10.41524 -10.27833 -10.00518
 -10.69859 -10.69732 -10.69686 -10.69714 -10.69717 -10.69581 -10.68938 -10.67202
 -10.63776 -10.58023 -10.49274 -10.36434 -10.10768
 -10.76324 -10.76209 -10.76163 -10.76181 -10.76177 -10.76050 -10.75455 -10.73832
 -10.70615 -10.65215 -10.57024 -10.45036 -10.21019
 -10.82789 -10.82685 -10.82640 -10.82648 -10.82637 -10.82519 -10.81970 -10.80461
 -10.77453 -10.72405 -10.64773 -10.53636 -10.31268
 -10.89254 -10.89162 -10.89117 -10.89115 -10.89097 -10.88988 -10.88487 -10.87090
 -10.84291 -10.79596 -10.72523 -10.62237 -10.41518
 -10.95718 -10.95638 -10.95594 -10.95582 -10.95557 -10.95458 -10.95003 -10.93720
 -10.91130 -10.86787 -10.80272 -10.70837 -10.51768
 -11.02183 -11.02115 -11.02070 -11.02049 -11.02017 -11.01927 -11.01519 -11.00349
 -10.97969 -10.93978 -10.88022 -10.79438 -10.62017
 -11.08648 -11.08591 -11.08547 -11.08516 -11.08477 -11.08396 -11.08035 -11.06978
 -11.04807 -11.01169 -10.95771 -10.88039 -10.72267
 -11.15113 -11.15068 -11.15024 -11.14983 -11.14937 -11.14865 -11.14551 -11.13608
 -11.11646 -11.08360 -11.03521 -10.96639 -10.82517
 -11.21577 -11.21544 -11.21501 -11.21450 -11.21397 -11.21334 -11.21067 -11.20237
 -11.18484 -11.15551 -11.11270 -11.05240 -10.92766
 -11.28041 -11.28020 -11.27977 -11.27917 -11.27856 -11.27803 -11.27583 -11.26866
 -11.25322 -11.22741 -11.19019 -11.13840 -11.03015
 -11.34507 -11.34498 -11.34455 -11.34384 -11.34317 -11.34273 -11.34100 -11.33496
 -11.32161 -11.29933 -11.26769 -11.22442 -11.13266
 -11.40978 -11.40980 -11.40937 -11.40857 -11.40783 -11.40748 -11.40622 -11.40132
 -11.39006 -11.37130 -11.34524 -11.31046 -11.23517
 -11.47625 -11.47637 -11.47595 -11.47507 -11.47428 -11.47403 -11.47323 -11.46942
 -11.46021 -11.44487 -11.42414 -11.39737 -11.33776
 -11.54814 -11.54829 -11.54787 -11.54700 -11.54624 -11.54611 -11.54571 -11.54290
 -11.53561 -11.52339 -11.50723 -11.48698 -11.44065
 -11.62881 -11.62887 -11.62847 -11.62771 -11.62711 -11.62714 -11.62705 -11.62507
 -11.61949 -11.60989 -11.59706 -11.58083 -11.54382
 -11.70992 -11.70981 -11.70943 -11.70891 -11.70859 -11.70878 -11.70890 -11.70760
 -11.70352 -11.69614 -11.68557 -11.67129 -11.64017
 -11.76935 -11.76906 -11.76875 -11.76851 -11.76850 -11.76883 -11.76907 -11.76834
 -11.76574 -11.76056 -11.75225 -11.73985 -11.71425
 -11.78472 -11.78436 -11.78416 -11.78419 -11.78442 -11.78480 -11.78509 -11.78493
 -11.78390 -11.78133 -11.77635 -11.76781 -11.75052
 -11.75132 -11.75102 -11.75098 -11.75122 -11.75159 -11.75192 -11.75222 -11.75264
 -11.75330 -11.75384 -11.75343 -11.75122 -11.74577
 -11.68588 -11.68571 -11.68583 -11.68624 -11.68667 -11.68689 -11.68716 -11.68815
 -11.69051 -11.69426 -11.69888 -11.70395 -11.71175
 -11.60637 -11.60633 -11.60660 -11.60712 -11.60756 -11.60766 -11.60790 -11.60941
 -11.61333 -11.62002 -11.62922 -11.64096 -11.66108
 -11.53064 -11.53069 -11.53105 -11.53162 -11.53206 -11.53206 -11.53228 -11.53425
 -11.53945 -11.54843 -11.56091 -11.57711 -11.60637
 -11.47166 -11.47173 -11.47212 -11.47271 -11.47314 -11.47308 -11.47331 -11.47564
 -11.48179 -11.49229 -11.50655 -11.52468 -11.55927
 -11.43682 -11.43686 -11.43724 -11.43784 -11.43826 -11.43815 -11.43840 -11.44099
 -11.44783 -11.45928 -11.47437 -11.49293 -11.53032
 -11.43298 -11.43301 -11.43338 -11.43397 -11.43437 -11.43423 -11.43450 -11.43727
 -11.44456 -11.45663 -11.47216 -11.49076 -11.52977
 -11.46120 -11.46123 -11.46159 -11.46216 -11.46253 -11.46235 -11.46262 -11.46549
 -11.47306 -11.48554 -11.50144 -11.52030 -11.56054
 -11.51560 -11.51563 -11.51596 -11.51649 -11.51680 -11.51657 -11.51682 -11.51973
 -11.52743 -11.54013 -11.55636 -11.57568 -11.61694
 -11.58995 -11.58996 -11.59023 -11.59066 -11.59087 -11.59057 -11.59078 -11.59369
 -11.60139 -11.61417 -11.63069 -11.65061 -11.69278
 -11.67913 -11.67911 -11.67929 -11.67958 -11.67965 -11.67927 -11.67945 -11.68231
 -11.68991 -11.70263 -11.71934 -11.73992 -11.78290
 -11.77939 -11.77935 -11.77944 -11.77958 -11.77952 -11.77907 -11.77923 -11.78202
 -11.78942 -11.80192 -11.81868 -11.83982 -11.88335
 -11.88706 -11.88704 -11.88709 -11.88714 -11.88700 -11.88653 -11.88669 -11.88938
 -11.89648 -11.90858 -11.92516 -11.94661 -11.99028
 -11.99863 -11.99868 -11.99877 -11.99883 -11.99870 -11.99828 -11.99847 -12.00104
 -12.00775 -12.01927 -12.03540 -12.05675 -12.10000
 -12.11548 -12.11563 -12.11582 -12.11598 -12.11594 -12.11563 -12.11588 -12.11833
 -12.12461 -12.13549 -12.15098 -12.17192 -12.21434
 -12.24465 -12.24489 -12.24518 -12.24542 -12.24548 -12.24526 -12.24556 -12.24793
 -12.25391 -12.26432 -12.27932 -12.29987 -12.34158
 -12.39109 -12.39135 -12.39166 -12.39192 -12.39200 -12.39180 -12.39211 -12.39446
 -12.40040 -12.41072 -12.42563 -12.44609 -12.48766
 -12.54109 -12.54135 -12.54166 -12.54192 -12.54200 -12.54180 -12.54211 -12.54446
 -12.55040 -12.56072 -12.57563 -12.59609 -12.63766
 -12.69109 -12.69135 -12.69166 -12.69192 -12.69200 -12.69180 -12.69210 -12.69446
 -12.70040 -12.71072 -12.72563 -12.74609 -12.78766
 -12.84109 -12.84135 -12.84166 -12.84192 -12.84200 -12.84180 -12.84210 -12.84446
 -12.85039 -12.86072 -12.87562 -12.89609 -12.93766
 -12.99109 -12.99135 -12.99166 -12.99192 -12.99199 -12.99179 -12.99210 -12.99446
 -13.00039 -13.01072 -13.02562 -13.04608 -13.08766
 -13.14108 -13.14134 -13.14164 -13.14191 -13.14198 -13.14178 -13.14209 -13.14445
 -13.15038 -13.16070 -13.17561 -13.19607 -13.23765
 -13.29109 -13.29135 -13.29166 -13.29192 -13.29200 -13.29180 -13.29210 -13.29446
 -13.30040 -13.31072 -13.32563 -13.34609 -13.38766
 -13.44110 -13.44136 -13.44167 -13.44193 -13.44201 -13.44181 -13.44211 -13.44447
 -13.45040 -13.46073 -13.47563 -13.49610 -13.53767
 -13.59109 -13.59135 -13.59166 -13.59192 -13.59200 -13.59180 -13.59211 -13.59446
 -13.60040 -13.61072 -13.62563 -13.64609 -13.68766
 -13.74109 -13.74135 -13.74166 -13.74192 -13.74200 -13.74180 -13.74211 -13.74446
 -13.75040 -13.76072 -13.77563 -13.79609 -13.83766
 -13.89109 -13.89135 -13.89166 -13.89192 -13.89200 -13.89180 -13.89211 -13.89446
 -13.90040 -13.91072 -13.92563 -13.94609 -13.98766
 -14.04109 -14.04135 -14.04166 -14.04192 -14.04200 -14.04180 -14.04211 -14.04446
 -14.05040 -14.06072 -14.07563 -14.09609 -14.13766
 -14.19109 -14.19135 -14.19166 -14.19192 -14.19200 -14.19180 -14.19210 -14.19446
 -14.20040 -14.21072 -14.22563 -14.24609 -14.28766
 -14.34109 -14.34135 -14.34166 -14.34192 -14.34200 -14.34180 -14.34210 -14.34446
 -14.35039 -14.36072 -14.37562 -14.39609 -14.43766
 -14.49109 -14.49135 -14.49166 -14.49192 -14.49199 -14.49179 -14.49210 -14.49446
 -14.50039 -14.51072 -14.52562 -14.54608 -14.58766
 ---------------------------------------------------/ Z1= 7   / DATE= 22/07/91
 -10.34777 -10.34793 -10.34750 -10.34608 -10.34379 -10.34084 -10.33581 -10.32220
 -10.29256 -10.23924 -10.15415 -10.02905  -9.81699
 -10.41785 -10.41800 -10.41758 -10.41624 -10.41407 -10.41129 -10.40654 -10.39366
 -10.36552 -10.31489 -10.23419 -10.11576  -9.91502
 -10.48793 -10.48808 -10.48768 -10.48641 -10.48436 -10.48175 -10.47729 -10.46513
 -10.43849 -10.39055 -10.31426 -10.20249 -10.01307
 -10.55802 -10.55815 -10.55778 -10.55657 -10.55465 -10.55221 -10.54804 -10.53659
 -10.51146 -10.46621 -10.39432 -10.28921 -10.11112
 -10.62809 -10.62822 -10.62787 -10.62673 -10.62493 -10.62266 -10.61878 -10.60805
 -10.58442 -10.54186 -10.47436 -10.37593 -10.20916
 -10.69817 -10.69829 -10.69796 -10.69690 -10.69522 -10.69311 -10.68952 -10.67951
 -10.65739 -10.61752 -10.55442 -10.46264 -10.30720
 -10.76825 -10.76836 -10.76805 -10.76706 -10.76550 -10.76356 -10.76026 -10.75097
 -10.73036 -10.69317 -10.63447 -10.54936 -10.40524
 -10.83833 -10.83843 -10.83814 -10.83722 -10.83579 -10.83402 -10.83101 -10.82244
 -10.80332 -10.76882 -10.71452 -10.63608 -10.50328
 -10.90840 -10.90850 -10.90823 -10.90739 -10.90607 -10.90447 -10.90175 -10.89390
 -10.87629 -10.84448 -10.79458 -10.72280 -10.60132
 -10.97848 -10.97857 -10.97833 -10.97755 -10.97635 -10.97492 -10.97249 -10.96536
 -10.94925 -10.92013 -10.87463 -10.80951 -10.69936
 -11.04856 -11.04864 -11.04842 -11.04771 -11.04664 -11.04538 -11.04323 -11.03682
 -11.02222 -10.99578 -10.95468 -10.89623 -10.79740
 -11.11863 -11.11870 -11.11850 -11.11787 -11.11692 -11.11582 -11.11397 -11.10827
 -11.09518 -11.07143 -11.03473 -10.98294 -10.89543
 -11.18872 -11.18878 -11.18860 -11.18804 -11.18721 -11.18628 -11.18472 -11.17974
 -11.16815 -11.14709 -11.11479 -11.06967 -10.99348
 -11.25880 -11.25886 -11.25870 -11.25821 -11.25750 -11.25674 -11.25547 -11.25121
 -11.24112 -11.22275 -11.19485 -11.15639 -11.09153
 -11.32887 -11.32892 -11.32879 -11.32837 -11.32778 -11.32719 -11.32621 -11.32267
 -11.31409 -11.29840 -11.27490 -11.24310 -11.18956
 -11.39903 -11.39907 -11.39896 -11.39861 -11.39815 -11.39772 -11.39701 -11.39418
 -11.38709 -11.37409 -11.35493 -11.32966 -11.28718
 -11.46958 -11.46961 -11.46952 -11.46925 -11.46891 -11.46862 -11.46814 -11.46594
 -11.46030 -11.44990 -11.43483 -11.41540 -11.38273
 -11.54086 -11.54089 -11.54083 -11.54065 -11.54043 -11.54023 -11.53987 -11.53819
 -11.53389 -11.52598 -11.51448 -11.49961 -11.47433
 -11.61317 -11.61318 -11.61316 -11.61309 -11.61298 -11.61282 -11.61244 -11.61112
 -11.60803 -11.60241 -11.59383 -11.58186 -11.56091
 -11.68658 -11.68657 -11.68659 -11.68662 -11.68660 -11.68644 -11.68599 -11.68493
 -11.68288 -11.67929 -11.67296 -11.66260 -11.64370
 -11.76112 -11.76111 -11.76115 -11.76125 -11.76130 -11.76112 -11.76062 -11.75977
 -11.75860 -11.75666 -11.75201 -11.74244 -11.72440
 -11.83686 -11.83684 -11.83689 -11.83703 -11.83709 -11.83692 -11.83641 -11.83579
 -11.83532 -11.83460 -11.83113 -11.82198 -11.80444
 -11.91392 -11.91390 -11.91395 -11.91408 -11.91415 -11.91397 -11.91349 -11.91306
 -11.91313 -11.91332 -11.91068 -11.90179 -11.88466
 -11.99239 -11.99237 -11.99243 -11.99256 -11.99262 -11.99241 -11.99192 -11.99162
 -11.99209 -11.99297 -11.99100 -11.98238 -11.96570
 -12.07240 -12.07238 -12.07244 -12.07259 -12.07264 -12.07239 -12.07180 -12.07151
 -12.07225 -12.07373 -12.07244 -12.06427 -12.04823
 -12.15402 -12.15399 -12.15406 -12.15426 -12.15433 -12.15399 -12.15321 -12.15280
 -12.15370 -12.15575 -12.15525 -12.14780 -12.13265
 -12.23714 -12.23710 -12.23720 -12.23744 -12.23753 -12.23711 -12.23614 -12.23558
 -12.23657 -12.23906 -12.23926 -12.23265 -12.21862
 -12.32164 -12.32161 -12.32171 -12.32197 -12.32207 -12.32162 -12.32058 -12.31996
 -12.32097 -12.32364 -12.32426 -12.31842 -12.30563
 -12.40776 -12.40772 -12.40781 -12.40805 -12.40814 -12.40774 -12.40682 -12.40630
 -12.40729 -12.40981 -12.41045 -12.40516 -12.39366
 -12.49674 -12.49671 -12.49678 -12.49696 -12.49703 -12.49672 -12.49602 -12.49568
 -12.49663 -12.49882 -12.49926 -12.49438 -12.48415
 -12.59004 -12.59002 -12.59007 -12.59021 -12.59026 -12.59003 -12.58951 -12.58933
 -12.59021 -12.59209 -12.59234 -12.58785 -12.57878
 -12.68804 -12.68802 -12.68806 -12.68818 -12.68822 -12.68803 -12.68759 -12.68746
 -12.68829 -12.68999 -12.69022 -12.68619 -12.67813
 -12.78784 -12.78782 -12.78787 -12.78798 -12.78802 -12.78783 -12.78741 -12.78727
 -12.78803 -12.78964 -12.78997 -12.78651 -12.77946
 -12.88587 -12.88586 -12.88590 -12.88601 -12.88605 -12.88586 -12.88545 -12.88530
 -12.88598 -12.88749 -12.88796 -12.88517 -12.87930
 -12.97858 -12.97857 -12.97861 -12.97870 -12.97873 -12.97858 -12.97823 -12.97811
 -12.97870 -12.98002 -12.98057 -12.97860 -12.97422
 -13.06752 -13.06751 -13.06753 -13.06759 -13.06761 -13.06752 -13.06733 -13.06731
 -13.06780 -13.06880 -13.06933 -13.06824 -13.06566
 -13.16895 -13.16894 -13.16895 -13.16896 -13.16897 -13.16894 -13.16891 -13.16902
 -13.16942 -13.17012 -13.17059 -13.17021 -13.16914
 -13.30154 -13.30154 -13.30154 -13.30154 -13.30154 -13.30154 -13.30158 -13.30173
 -13.30210 -13.30268 -13.30311 -13.30299 -13.30248
 -13.45154 -13.45154 -13.45154 -13.45154 -13.45154 -13.45154 -13.45158 -13.45173
 -13.45210 -13.45268 -13.45311 -13.45299 -13.45248
 -13.60154 -13.60154 -13.60154 -13.60154 -13.60154 -13.60154 -13.60157 -13.60173
 -13.60210 -13.60268 -13.60311 -13.60299 -13.60248
 -13.75154 -13.75154 -13.75154 -13.75153 -13.75153 -13.75154 -13.75157 -13.75173
 -13.75210 -13.75267 -13.75311 -13.75299 -13.75248
 -13.90152 -13.90153 -13.90152 -13.90152 -13.90152 -13.90153 -13.90156 -13.90171
 -13.90208 -13.90266 -13.90310 -13.90298 -13.90246
 -14.05154 -14.05154 -14.05154 -14.05154 -14.05154 -14.05154 -14.05158 -14.05173
 -14.05210 -14.05268 -14.05311 -14.05299 -14.05248
 -14.20155 -14.20155 -14.20155 -14.20155 -14.20155 -14.20155 -14.20159 -14.20174
 -14.20211 -14.20269 -14.20312 -14.20300 -14.20249
 -14.35154 -14.35154 -14.35154 -14.35154 -14.35154 -14.35154 -14.35158 -14.35173
 -14.35210 -14.35268 -14.35311 -14.35299 -14.35248
 -14.50154 -14.50154 -14.50154 -14.50154 -14.50154 -14.50154 -14.50158 -14.50173
 -14.50210 -14.50268 -14.50312 -14.50299 -14.50248
 -14.65154 -14.65154 -14.65154 -14.65154 -14.65154 -14.65154 -14.65158 -14.65173
 -14.65210 -14.65268 -14.65312 -14.65299 -14.65248
 -14.80154 -14.80154 -14.80154 -14.80154 -14.80154 -14.80154 -14.80158 -14.80173
 -14.80210 -14.80268 -14.80311 -14.80299 -14.80248
 -14.95154 -14.95154 -14.95154 -14.95154 -14.95154 -14.95154 -14.95158 -14.95173
 -14.95210 -14.95268 -14.95311 -14.95299 -14.95248
 -15.10154 -15.10154 -15.10154 -15.10154 -15.10154 -15.10154 -15.10157 -15.10173
 -15.10210 -15.10268 -15.10311 -15.10299 -15.10248
 -15.25154 -15.25154 -15.25154 -15.25153 -15.25153 -15.25154 -15.25157 -15.25173
 -15.25210 -15.25267 -15.25311 -15.25299 -15.25248
 
C---------------------------------------------------------------------------------
C ADAS ADF11 DATA - SCCS info: @(#)$Header: /home/adascvs/adas/adf11/acd74/acd74_n.dat,v 2.1 2004/07/07 00:00:03 whitefor Exp $ Date $Date: 2004/07/07 00:00:03 $
C---------------------------------------------------------------------------------
