   50    /HE+ 0 PHOTON EMISSIVITY COEFFICIENTS/
   584.4 A  12  13 /FILMEM = KVIL93HE/TYPE = EXCIT    /INDM = T/ISEL =    1
 1.00E+11 2.00E+11 5.00E+11 1.00E+12 2.00E+12 5.00E+12 1.00E+13 2.00E+13
 5.00E+13 1.00E+14 2.00E+14 5.00E+14
 1.00E+00 2.00E+00 5.00E+00 1.00E+01 2.00E+01 3.00E+01 4.00E+01 5.00E+01
 6.50E+01 8.00E+01 1.00E+02 1.50E+02 2.00E+02
 1.66E-17 3.19E-13 9.83E-11 6.84E-10 2.09E-09 3.22E-09 4.06E-09 4.69E-09
 5.39E-09 5.88E-09 6.33E-09 6.92E-09 7.21E-09
 1.66E-17 3.15E-13 9.61E-11 6.71E-10 2.06E-09 3.18E-09 4.02E-09 4.66E-09
 5.35E-09 5.84E-09 6.29E-09 6.88E-09 7.18E-09
 1.65E-17 3.07E-13 9.18E-11 6.48E-10 2.02E-09 3.13E-09 3.97E-09 4.60E-09
 5.29E-09 5.78E-09 6.23E-09 6.83E-09 7.13E-09
 1.63E-17 2.97E-13 8.69E-11 6.26E-10 1.99E-09 3.10E-09 3.93E-09 4.56E-09
 5.25E-09 5.74E-09 6.19E-09 6.79E-09 7.09E-09
 1.61E-17 2.81E-13 8.05E-11 6.01E-10 1.95E-09 3.06E-09 3.89E-09 4.52E-09
 5.22E-09 5.70E-09 6.15E-09 6.76E-09 7.05E-09
 1.57E-17 2.47E-13 7.09E-11 5.67E-10 1.91E-09 3.01E-09 3.84E-09 4.48E-09
 5.17E-09 5.66E-09 6.11E-09 6.72E-09 7.02E-09
 1.51E-17 2.14E-13 6.49E-11 5.48E-10 1.88E-09 2.98E-09 3.81E-09 4.44E-09
 5.13E-09 5.62E-09 6.08E-09 6.68E-09 6.99E-09
 1.41E-17 1.83E-13 6.10E-11 5.33E-10 1.85E-09 2.94E-09 3.76E-09 4.39E-09
 5.08E-09 5.57E-09 6.03E-09 6.63E-09 6.94E-09
 1.24E-17 1.58E-13 5.77E-11 5.14E-10 1.80E-09 2.86E-09 3.67E-09 4.29E-09
 4.97E-09 5.46E-09 5.90E-09 6.51E-09 6.82E-09
 1.14E-17 1.47E-13 5.54E-11 4.96E-10 1.73E-09 2.77E-09 3.55E-09 4.15E-09
 4.82E-09 5.29E-09 5.73E-09 6.34E-09 6.66E-09
 1.07E-17 1.38E-13 5.25E-11 4.68E-10 1.63E-09 2.60E-09 3.35E-09 3.92E-09
 4.56E-09 5.01E-09 5.44E-09 6.04E-09 6.36E-09
 9.86E-18 1.25E-13 4.61E-11 4.02E-10 1.39E-09 2.22E-09 2.87E-09 3.37E-09
 3.94E-09 4.35E-09 4.75E-09 5.32E-09 5.65E-09
   537.0 A  12  13 /FILMEM = KVIL93HE/TYPE = EXCIT    /INDM = T/ISEL =    2
 1.00E+11 2.00E+11 5.00E+11 1.00E+12 2.00E+12 5.00E+12 1.00E+13 2.00E+13
 5.00E+13 1.00E+14 2.00E+14 5.00E+14
 1.00E+00 2.00E+00 5.00E+00 1.00E+01 2.00E+01 3.00E+01 4.00E+01 5.00E+01
 6.50E+01 8.00E+01 1.00E+02 1.50E+02 2.00E+02
 2.06E-19 1.23E-14 8.58E-12 9.04E-11 3.53E-10 5.92E-10 7.82E-10 9.32E-10
 1.10E-09 1.22E-09 1.34E-09 1.49E-09 1.57E-09
 2.32E-19 1.34E-14 8.89E-12 9.14E-11 3.54E-10 5.93E-10 7.83E-10 9.32E-10
 1.10E-09 1.22E-09 1.34E-09 1.49E-09 1.56E-09
 2.97E-19 1.61E-14 9.68E-12 9.50E-11 3.60E-10 6.00E-10 7.89E-10 9.38E-10
 1.11E-09 1.23E-09 1.34E-09 1.49E-09 1.56E-09
 3.70E-19 1.87E-14 1.04E-11 9.87E-11 3.68E-10 6.08E-10 7.98E-10 9.46E-10
 1.11E-09 1.23E-09 1.34E-09 1.49E-09 1.57E-09
 4.47E-19 2.09E-14 1.08E-11 1.01E-10 3.74E-10 6.14E-10 8.03E-10 9.51E-10
 1.12E-09 1.24E-09 1.35E-09 1.49E-09 1.57E-09
 5.05E-19 2.07E-14 1.05E-11 1.01E-10 3.72E-10 6.09E-10 7.94E-10 9.38E-10
 1.10E-09 1.22E-09 1.33E-09 1.47E-09 1.54E-09
 4.91E-19 1.82E-14 9.77E-12 9.66E-11 3.57E-10 5.84E-10 7.62E-10 9.00E-10
 1.06E-09 1.17E-09 1.28E-09 1.42E-09 1.50E-09
 4.34E-19 1.51E-14 8.77E-12 8.78E-11 3.25E-10 5.33E-10 6.96E-10 8.25E-10
 9.72E-10 1.08E-09 1.18E-09 1.32E-09 1.40E-09
 3.37E-19 1.15E-14 6.89E-12 6.87E-11 2.54E-10 4.20E-10 5.52E-10 6.58E-10
 7.82E-10 8.74E-10 9.64E-10 1.10E-09 1.17E-09
 2.70E-19 8.88E-15 5.21E-12 5.13E-11 1.90E-10 3.15E-10 4.17E-10 5.00E-10
 5.98E-10 6.73E-10 7.48E-10 8.64E-10 9.33E-10
 2.13E-19 6.50E-15 3.66E-12 3.56E-11 1.32E-10 2.19E-10 2.91E-10 3.50E-10
 4.20E-10 4.75E-10 5.31E-10 6.22E-10 6.78E-10
 1.53E-19 4.11E-15 2.17E-12 2.08E-11 7.65E-11 1.27E-10 1.68E-10 2.03E-10
 2.44E-10 2.76E-10 3.10E-10 3.66E-10 4.02E-10
   522.2 A  12  13 /FILMEM = KVIL93HE/TYPE = EXCIT    /INDM = T/ISEL =    3
 1.00E+11 2.00E+11 5.00E+11 1.00E+12 2.00E+12 5.00E+12 1.00E+13 2.00E+13
 5.00E+13 1.00E+14 2.00E+14 5.00E+14
 1.00E+00 2.00E+00 5.00E+00 1.00E+01 2.00E+01 3.00E+01 4.00E+01 5.00E+01
 6.50E+01 8.00E+01 1.00E+02 1.50E+02 2.00E+02
 2.91E-20 2.91E-15 3.11E-12 3.83E-11 1.55E-10 2.60E-10 3.43E-10 4.06E-10
 4.75E-10 5.24E-10 5.67E-10 6.23E-10 6.48E-10
 3.63E-20 3.38E-15 3.37E-12 4.00E-11 1.58E-10 2.63E-10 3.45E-10 4.08E-10
 4.77E-10 5.24E-10 5.68E-10 6.23E-10 6.48E-10
 4.61E-20 3.96E-15 3.64E-12 4.14E-11 1.59E-10 2.63E-10 3.43E-10 4.04E-10
 4.71E-10 5.18E-10 5.61E-10 6.15E-10 6.40E-10
 5.19E-20 4.23E-15 3.69E-12 4.10E-11 1.55E-10 2.55E-10 3.32E-10 3.91E-10
 4.56E-10 5.01E-10 5.43E-10 5.97E-10 6.23E-10
 5.52E-20 4.26E-15 3.53E-12 3.86E-11 1.45E-10 2.37E-10 3.08E-10 3.63E-10
 4.24E-10 4.68E-10 5.08E-10 5.61E-10 5.88E-10
 5.44E-20 3.79E-15 2.96E-12 3.19E-11 1.19E-10 1.94E-10 2.53E-10 2.99E-10
 3.52E-10 3.90E-10 4.26E-10 4.77E-10 5.04E-10
 4.93E-20 3.09E-15 2.35E-12 2.50E-11 9.24E-11 1.51E-10 1.98E-10 2.35E-10
 2.77E-10 3.09E-10 3.40E-10 3.86E-10 4.12E-10
 4.12E-20 2.34E-15 1.73E-12 1.81E-11 6.64E-11 1.09E-10 1.42E-10 1.69E-10
 2.01E-10 2.25E-10 2.49E-10 2.86E-10 3.08E-10
 2.99E-20 1.51E-15 1.06E-12 1.08E-11 3.91E-11 6.37E-11 8.33E-11 9.92E-11
 1.18E-10 1.33E-10 1.48E-10 1.72E-10 1.87E-10
 2.28E-20 1.05E-15 6.95E-13 6.92E-12 2.49E-11 4.04E-11 5.28E-11 6.29E-11
 7.49E-11 8.43E-11 9.40E-11 1.10E-10 1.20E-10
 1.72E-20 7.10E-16 4.42E-13 4.31E-12 1.54E-11 2.49E-11 3.25E-11 3.87E-11
 4.61E-11 5.19E-11 5.79E-11 6.80E-11 7.45E-11
 1.19E-20 4.16E-16 2.39E-13 2.28E-12 8.04E-12 1.29E-11 1.68E-11 2.00E-11
 2.37E-11 2.67E-11 2.98E-11 3.50E-11 3.84E-11
 20584.6 A  12  13 /FILMEM = KVIL93HE/TYPE = EXCIT    /INDM = T/ISEL =    4
 1.00E+11 2.00E+11 5.00E+11 1.00E+12 2.00E+12 5.00E+12 1.00E+13 2.00E+13
 5.00E+13 1.00E+14 2.00E+14 5.00E+14
 1.00E+00 2.00E+00 5.00E+00 1.00E+01 2.00E+01 3.00E+01 4.00E+01 5.00E+01
 6.50E+01 8.00E+01 1.00E+02 1.50E+02 2.00E+02
 1.82E-20 3.49E-16 1.08E-13 7.48E-13 2.29E-12 3.52E-12 4.44E-12 5.14E-12
 5.90E-12 6.43E-12 6.92E-12 7.57E-12 7.89E-12
 1.82E-20 3.45E-16 1.05E-13 7.34E-13 2.26E-12 3.48E-12 4.40E-12 5.10E-12
 5.86E-12 6.39E-12 6.88E-12 7.53E-12 7.85E-12
 1.80E-20 3.36E-16 1.00E-13 7.09E-13 2.21E-12 3.43E-12 4.34E-12 5.04E-12
 5.79E-12 6.33E-12 6.82E-12 7.47E-12 7.80E-12
 1.79E-20 3.25E-16 9.51E-14 6.85E-13 2.18E-12 3.39E-12 4.30E-12 4.99E-12
 5.75E-12 6.28E-12 6.78E-12 7.43E-12 7.76E-12
 1.77E-20 3.07E-16 8.81E-14 6.58E-13 2.14E-12 3.35E-12 4.26E-12 4.95E-12
 5.71E-12 6.24E-12 6.74E-12 7.39E-12 7.72E-12
 1.72E-20 2.70E-16 7.76E-14 6.21E-13 2.09E-12 3.30E-12 4.21E-12 4.90E-12
 5.66E-12 6.20E-12 6.69E-12 7.35E-12 7.68E-12
 1.65E-20 2.34E-16 7.11E-14 5.99E-13 2.05E-12 3.26E-12 4.17E-12 4.86E-12
 5.62E-12 6.16E-12 6.65E-12 7.31E-12 7.65E-12
 1.54E-20 2.01E-16 6.67E-14 5.83E-13 2.02E-12 3.22E-12 4.12E-12 4.81E-12
 5.56E-12 6.10E-12 6.59E-12 7.26E-12 7.60E-12
 1.36E-20 1.73E-16 6.31E-14 5.63E-13 1.96E-12 3.13E-12 4.02E-12 4.69E-12
 5.44E-12 5.97E-12 6.46E-12 7.13E-12 7.47E-12
 1.25E-20 1.61E-16 6.07E-14 5.43E-13 1.90E-12 3.03E-12 3.89E-12 4.54E-12
 5.27E-12 5.79E-12 6.28E-12 6.94E-12 7.28E-12
 1.17E-20 1.51E-16 5.75E-14 5.12E-13 1.78E-12 2.85E-12 3.66E-12 4.29E-12
 4.99E-12 5.49E-12 5.96E-12 6.61E-12 6.96E-12
 1.08E-20 1.37E-16 5.04E-14 4.40E-13 1.52E-12 2.43E-12 3.14E-12 3.69E-12
 4.31E-12 4.76E-12 5.20E-12 5.83E-12 6.18E-12
  5017.1 A  12  13 /FILMEM = KVIL93HE/TYPE = EXCIT    /INDM = T/ISEL =    5
 1.00E+11 2.00E+11 5.00E+11 1.00E+12 2.00E+12 5.00E+12 1.00E+13 2.00E+13
 5.00E+13 1.00E+14 2.00E+14 5.00E+14
 1.00E+00 2.00E+00 5.00E+00 1.00E+01 2.00E+01 3.00E+01 4.00E+01 5.00E+01
 6.50E+01 8.00E+01 1.00E+02 1.50E+02 2.00E+02
 4.87E-21 2.92E-16 2.03E-13 2.14E-12 8.35E-12 1.40E-11 1.85E-11 2.21E-11
 2.61E-11 2.90E-11 3.17E-11 3.53E-11 3.71E-11
 5.48E-21 3.17E-16 2.10E-13 2.16E-12 8.38E-12 1.40E-11 1.85E-11 2.21E-11
 2.61E-11 2.89E-11 3.16E-11 3.52E-11 3.70E-11
 7.02E-21 3.80E-16 2.29E-13 2.25E-12 8.53E-12 1.42E-11 1.87E-11 2.22E-11
 2.62E-11 2.90E-11 3.17E-11 3.53E-11 3.70E-11
 8.75E-21 4.43E-16 2.46E-13 2.34E-12 8.71E-12 1.44E-11 1.89E-11 2.24E-11
 2.63E-11 2.92E-11 3.18E-11 3.53E-11 3.71E-11
 1.06E-20 4.94E-16 2.56E-13 2.40E-12 8.85E-12 1.45E-11 1.90E-11 2.25E-11
 2.64E-11 2.92E-11 3.19E-11 3.54E-11 3.71E-11
 1.20E-20 4.90E-16 2.48E-13 2.39E-12 8.80E-12 1.44E-11 1.88E-11 2.22E-11
 2.60E-11 2.88E-11 3.14E-11 3.48E-11 3.66E-11
 1.16E-20 4.31E-16 2.31E-13 2.29E-12 8.44E-12 1.38E-11 1.80E-11 2.13E-11
 2.50E-11 2.77E-11 3.02E-11 3.37E-11 3.54E-11
 1.03E-20 3.59E-16 2.08E-13 2.08E-12 7.69E-12 1.26E-11 1.65E-11 1.95E-11
 2.30E-11 2.55E-11 2.80E-11 3.13E-11 3.31E-11
 7.98E-21 2.72E-16 1.63E-13 1.63E-12 6.02E-12 9.94E-12 1.31E-11 1.56E-11
 1.85E-11 2.07E-11 2.28E-11 2.60E-11 2.78E-11
 6.40E-21 2.10E-16 1.23E-13 1.21E-12 4.50E-12 7.47E-12 9.88E-12 1.18E-11
 1.42E-11 1.59E-11 1.77E-11 2.05E-11 2.21E-11
 5.04E-21 1.54E-16 8.66E-14 8.43E-13 3.12E-12 5.19E-12 6.89E-12 8.28E-12
 9.95E-12 1.13E-11 1.26E-11 1.47E-11 1.61E-11
 3.61E-21 9.73E-17 5.14E-14 4.92E-13 1.81E-12 3.01E-12 3.99E-12 4.79E-12
 5.77E-12 6.54E-12 7.34E-12 8.66E-12 9.51E-12
  3965.7 A  12  13 /FILMEM = KVIL93HE/TYPE = EXCIT    /INDM = T/ISEL =    6
 1.00E+11 2.00E+11 5.00E+11 1.00E+12 2.00E+12 5.00E+12 1.00E+13 2.00E+13
 5.00E+13 1.00E+14 2.00E+14 5.00E+14
 1.00E+00 2.00E+00 5.00E+00 1.00E+01 2.00E+01 3.00E+01 4.00E+01 5.00E+01
 6.50E+01 8.00E+01 1.00E+02 1.50E+02 2.00E+02
 8.48E-22 8.49E-17 9.07E-14 1.12E-12 4.52E-12 7.59E-12 9.98E-12 1.18E-11
 1.38E-11 1.53E-11 1.65E-11 1.82E-11 1.89E-11
 1.06E-21 9.84E-17 9.83E-14 1.17E-12 4.61E-12 7.68E-12 1.01E-11 1.19E-11
 1.39E-11 1.53E-11 1.65E-11 1.81E-11 1.89E-11
 1.34E-21 1.15E-16 1.06E-13 1.21E-12 4.64E-12 7.66E-12 9.99E-12 1.18E-11
 1.37E-11 1.51E-11 1.63E-11 1.79E-11 1.87E-11
 1.51E-21 1.23E-16 1.08E-13 1.20E-12 4.52E-12 7.42E-12 9.66E-12 1.14E-11
 1.33E-11 1.46E-11 1.58E-11 1.74E-11 1.81E-11
 1.61E-21 1.24E-16 1.03E-13 1.12E-12 4.21E-12 6.90E-12 8.97E-12 1.06E-11
 1.24E-11 1.36E-11 1.48E-11 1.64E-11 1.71E-11
 1.59E-21 1.10E-16 8.63E-14 9.29E-13 3.45E-12 5.65E-12 7.38E-12 8.73E-12
 1.03E-11 1.14E-11 1.24E-11 1.39E-11 1.47E-11
 1.44E-21 9.01E-17 6.84E-14 7.27E-13 2.69E-12 4.41E-12 5.77E-12 6.84E-12
 8.08E-12 9.01E-12 9.91E-12 1.12E-11 1.20E-11
 1.20E-21 6.81E-17 5.03E-14 5.26E-13 1.93E-12 3.16E-12 4.14E-12 4.93E-12
 5.85E-12 6.55E-12 7.24E-12 8.33E-12 8.98E-12
 8.71E-22 4.40E-17 3.08E-14 3.14E-13 1.14E-12 1.86E-12 2.43E-12 2.89E-12
 3.44E-12 3.87E-12 4.30E-12 5.00E-12 5.44E-12
 6.65E-22 3.06E-17 2.03E-14 2.02E-13 7.25E-13 1.18E-12 1.54E-12 1.83E-12
 2.18E-12 2.46E-12 2.74E-12 3.20E-12 3.50E-12
 5.02E-22 2.07E-17 1.29E-14 1.26E-13 4.48E-13 7.26E-13 9.48E-13 1.13E-12
 1.34E-12 1.51E-12 1.69E-12 1.98E-12 2.17E-12
 3.46E-22 1.21E-17 6.97E-15 6.64E-14 2.34E-13 3.77E-13 4.91E-13 5.82E-13
 6.92E-13 7.79E-13 8.69E-13 1.02E-12 1.12E-12
 10831.9 A  12  13 /FILMEM = KVIL93HE/TYPE = EXCIT    /INDM = T/ISEL =    7
 1.00E+11 2.00E+11 5.00E+11 1.00E+12 2.00E+12 5.00E+12 1.00E+13 2.00E+13
 5.00E+13 1.00E+14 2.00E+14 5.00E+14
 1.00E+00 2.00E+00 5.00E+00 1.00E+01 2.00E+01 3.00E+01 4.00E+01 5.00E+01
 6.50E+01 8.00E+01 1.00E+02 1.50E+02 2.00E+02
 1.16E-16 3.42E-12 1.43E-09 7.91E-09 1.33E-08 1.31E-08 1.17E-08 1.03E-08
 8.56E-09 7.17E-09 5.80E-09 3.76E-09 2.71E-09
 1.16E-16 3.37E-12 1.39E-09 7.61E-09 1.28E-08 1.26E-08 1.13E-08 1.00E-08
 8.29E-09 6.96E-09 5.64E-09 3.66E-09 2.65E-09
 1.13E-16 3.23E-12 1.26E-09 6.74E-09 1.13E-08 1.12E-08 1.01E-08 9.00E-09
 7.51E-09 6.34E-09 5.16E-09 3.39E-09 2.47E-09
 1.09E-16 3.00E-12 1.07E-09 5.55E-09 9.30E-09 9.30E-09 8.49E-09 7.59E-09
 6.39E-09 5.44E-09 4.47E-09 2.99E-09 2.20E-09
 1.02E-16 2.59E-12 7.94E-10 3.90E-09 6.53E-09 6.62E-09 6.13E-09 5.54E-09
 4.74E-09 4.09E-09 3.41E-09 2.34E-09 1.77E-09
 8.44E-17 1.72E-12 3.89E-10 1.75E-09 2.94E-09 3.05E-09 2.89E-09 2.66E-09
 2.34E-09 2.06E-09 1.77E-09 1.28E-09 1.01E-09
 6.39E-17 1.00E-12 1.80E-10 7.75E-10 1.30E-09 1.37E-09 1.31E-09 1.22E-09
 1.09E-09 9.72E-10 8.45E-10 6.31E-10 5.15E-10
 4.13E-17 4.87E-13 7.61E-11 3.21E-10 5.40E-10 5.70E-10 5.48E-10 5.13E-10
 4.59E-10 4.12E-10 3.60E-10 2.72E-10 2.25E-10
 1.87E-17 1.70E-13 2.49E-11 1.04E-10 1.76E-10 1.85E-10 1.78E-10 1.66E-10
 1.49E-10 1.33E-10 1.16E-10 8.74E-11 7.14E-11
 9.38E-18 7.79E-14 1.13E-11 4.73E-11 7.99E-11 8.41E-11 8.06E-11 7.51E-11
 6.69E-11 5.97E-11 5.20E-11 3.88E-11 3.14E-11
 4.65E-18 3.70E-14 5.34E-12 2.25E-11 3.79E-11 3.99E-11 3.81E-11 3.55E-11
 3.16E-11 2.81E-11 2.44E-11 1.81E-11 1.45E-11
 1.88E-18 1.44E-14 2.08E-12 8.76E-12 1.48E-11 1.55E-11 1.48E-11 1.38E-11
 1.22E-11 1.09E-11 9.44E-12 6.99E-12 5.55E-12
  3889.7 A  12  13 /FILMEM = KVIL93HE/TYPE = EXCIT    /INDM = T/ISEL =    8
 1.00E+11 2.00E+11 5.00E+11 1.00E+12 2.00E+12 5.00E+12 1.00E+13 2.00E+13
 5.00E+13 1.00E+14 2.00E+14 5.00E+14
 1.00E+00 2.00E+00 5.00E+00 1.00E+01 2.00E+01 3.00E+01 4.00E+01 5.00E+01
 6.50E+01 8.00E+01 1.00E+02 1.50E+02 2.00E+02
 8.06E-19 3.96E-14 2.12E-11 1.32E-10 2.52E-10 2.68E-10 2.55E-10 2.34E-10
 2.02E-10 1.75E-10 1.47E-10 1.01E-10 7.48E-11
 7.40E-19 3.65E-14 1.95E-11 1.21E-10 2.31E-10 2.46E-10 2.34E-10 2.15E-10
 1.87E-10 1.63E-10 1.37E-10 9.44E-11 7.06E-11
 6.28E-19 3.17E-14 1.67E-11 1.02E-10 1.92E-10 2.04E-10 1.94E-10 1.79E-10
 1.56E-10 1.36E-10 1.15E-10 8.02E-11 6.06E-11
 5.49E-19 2.84E-14 1.45E-11 8.69E-11 1.60E-10 1.68E-10 1.59E-10 1.46E-10
 1.27E-10 1.11E-10 9.40E-11 6.60E-11 5.04E-11
 5.00E-19 2.59E-14 1.22E-11 7.03E-11 1.27E-10 1.33E-10 1.25E-10 1.15E-10
 9.98E-11 8.71E-11 7.36E-11 5.17E-11 3.99E-11
 4.84E-19 2.23E-14 8.32E-12 4.51E-11 8.10E-11 8.51E-11 8.08E-11 7.45E-11
 6.52E-11 5.72E-11 4.87E-11 3.46E-11 2.73E-11
 4.75E-19 1.73E-14 5.26E-12 2.75E-11 4.96E-11 5.26E-11 5.04E-11 4.69E-11
 4.14E-11 3.67E-11 3.15E-11 2.28E-11 1.85E-11
 4.19E-19 1.13E-14 2.96E-12 1.52E-11 2.75E-11 2.94E-11 2.84E-11 2.65E-11
 2.36E-11 2.11E-11 1.82E-11 1.34E-11 1.11E-11
 2.74E-19 5.36E-15 1.26E-12 6.42E-12 1.17E-11 1.25E-11 1.22E-11 1.14E-11
 1.02E-11 9.15E-12 7.96E-12 5.93E-12 4.95E-12
 1.68E-19 2.83E-15 6.45E-13 3.27E-12 5.94E-12 6.40E-12 6.21E-12 5.84E-12
 5.24E-12 4.70E-12 4.09E-12 3.06E-12 2.54E-12
 9.39E-20 1.45E-15 3.26E-13 1.65E-12 3.00E-12 3.23E-12 3.14E-12 2.95E-12
 2.65E-12 2.38E-12 2.08E-12 1.55E-12 1.28E-12
 4.12E-20 5.97E-16 1.32E-13 6.66E-13 1.21E-12 1.31E-12 1.27E-12 1.19E-12
 1.07E-12 9.63E-13 8.41E-13 6.30E-13 5.10E-13
  3188.7 A  12  13 /FILMEM = KVIL93HE/TYPE = EXCIT    /INDM = T/ISEL =    9
 1.00E+11 2.00E+11 5.00E+11 1.00E+12 2.00E+12 5.00E+12 1.00E+13 2.00E+13
 5.00E+13 1.00E+14 2.00E+14 5.00E+14
 1.00E+00 2.00E+00 5.00E+00 1.00E+01 2.00E+01 3.00E+01 4.00E+01 5.00E+01
 6.50E+01 8.00E+01 1.00E+02 1.50E+02 2.00E+02
 3.57E-20 3.48E-15 2.85E-12 2.18E-11 4.74E-11 5.34E-11 5.26E-11 4.96E-11
 4.43E-11 3.94E-11 3.38E-11 2.41E-11 1.85E-11
 3.48E-20 3.20E-15 2.48E-12 1.81E-11 3.82E-11 4.26E-11 4.17E-11 3.93E-11
 3.51E-11 3.12E-11 2.69E-11 1.93E-11 1.49E-11
 3.29E-20 2.80E-15 1.97E-12 1.35E-11 2.72E-11 2.97E-11 2.88E-11 2.69E-11
 2.39E-11 2.12E-11 1.83E-11 1.32E-11 1.02E-11
 3.16E-20 2.54E-15 1.63E-12 1.05E-11 2.04E-11 2.19E-11 2.10E-11 1.95E-11
 1.72E-11 1.52E-11 1.31E-11 9.42E-12 7.32E-12
 3.12E-20 2.33E-15 1.31E-12 7.98E-12 1.49E-11 1.57E-11 1.50E-11 1.38E-11
 1.21E-11 1.07E-11 9.14E-12 6.57E-12 5.11E-12
 3.30E-20 2.06E-15 8.81E-13 4.92E-12 8.90E-12 9.31E-12 8.81E-12 8.11E-12
 7.12E-12 6.27E-12 5.37E-12 3.88E-12 3.05E-12
 3.47E-20 1.66E-15 5.63E-13 2.99E-12 5.36E-12 5.61E-12 5.31E-12 4.91E-12
 4.32E-12 3.82E-12 3.29E-12 2.40E-12 1.93E-12
 3.25E-20 1.13E-15 3.22E-13 1.66E-12 2.96E-12 3.10E-12 2.95E-12 2.73E-12
 2.41E-12 2.14E-12 1.85E-12 1.37E-12 1.11E-12
 2.23E-20 5.48E-16 1.39E-13 7.06E-13 1.25E-12 1.32E-12 1.25E-12 1.16E-12
 1.03E-12 9.17E-13 7.96E-13 5.91E-13 4.84E-13
 1.39E-20 2.92E-16 7.12E-14 3.60E-13 6.39E-13 6.71E-13 6.39E-13 5.93E-13
 5.26E-13 4.68E-13 4.07E-13 3.03E-13 2.47E-13
 7.85E-21 1.51E-16 3.61E-14 1.82E-13 3.23E-13 3.39E-13 3.23E-13 2.99E-13
 2.66E-13 2.37E-13 2.06E-13 1.53E-13 1.24E-13
 3.45E-21 6.20E-17 1.46E-14 7.37E-14 1.31E-13 1.37E-13 1.30E-13 1.21E-13
 1.07E-13 9.56E-14 8.30E-14 6.18E-14 4.95E-14
 42955.3 A  12  13 /FILMEM = KVIL93HE/TYPE = EXCIT    /INDM = T/ISEL =   10
 1.00E+11 2.00E+11 5.00E+11 1.00E+12 2.00E+12 5.00E+12 1.00E+13 2.00E+13
 5.00E+13 1.00E+14 2.00E+14 5.00E+14
 1.00E+00 2.00E+00 5.00E+00 1.00E+01 2.00E+01 3.00E+01 4.00E+01 5.00E+01
 6.50E+01 8.00E+01 1.00E+02 1.50E+02 2.00E+02
 9.19E-20 4.51E-15 2.41E-12 1.51E-11 2.87E-11 3.06E-11 2.90E-11 2.66E-11
 2.31E-11 2.00E-11 1.67E-11 1.15E-11 8.53E-12
 8.44E-20 4.16E-15 2.22E-12 1.38E-11 2.63E-11 2.81E-11 2.67E-11 2.46E-11
 2.13E-11 1.86E-11 1.56E-11 1.08E-11 8.05E-12
 7.16E-20 3.61E-15 1.91E-12 1.17E-11 2.19E-11 2.32E-11 2.21E-11 2.04E-11
 1.78E-11 1.55E-11 1.31E-11 9.15E-12 6.91E-12
 6.27E-20 3.24E-15 1.66E-12 9.91E-12 1.82E-11 1.91E-11 1.81E-11 1.67E-11
 1.45E-11 1.27E-11 1.07E-11 7.53E-12 5.75E-12
 5.71E-20 2.96E-15 1.39E-12 8.02E-12 1.45E-11 1.51E-11 1.43E-11 1.31E-11
 1.14E-11 9.93E-12 8.39E-12 5.90E-12 4.55E-12
 5.52E-20 2.54E-15 9.49E-13 5.15E-12 9.23E-12 9.71E-12 9.21E-12 8.50E-12
 7.44E-12 6.53E-12 5.55E-12 3.94E-12 3.11E-12
 5.41E-20 1.97E-15 6.00E-13 3.14E-12 5.65E-12 6.00E-12 5.75E-12 5.34E-12
 4.72E-12 4.18E-12 3.59E-12 2.60E-12 2.11E-12
 4.78E-20 1.29E-15 3.38E-13 1.73E-12 3.13E-12 3.35E-12 3.24E-12 3.03E-12
 2.70E-12 2.40E-12 2.08E-12 1.53E-12 1.27E-12
 3.13E-20 6.11E-16 1.44E-13 7.32E-13 1.33E-12 1.43E-12 1.39E-12 1.30E-12
 1.17E-12 1.04E-12 9.08E-13 6.76E-13 5.65E-13
 1.91E-20 3.23E-16 7.36E-14 3.73E-13 6.77E-13 7.30E-13 7.08E-13 6.66E-13
 5.98E-13 5.36E-13 4.67E-13 3.49E-13 2.90E-13
 1.07E-20 1.66E-16 3.72E-14 1.88E-13 3.42E-13 3.69E-13 3.58E-13 3.37E-13
 3.03E-13 2.71E-13 2.37E-13 1.77E-13 1.46E-13
 4.70E-21 6.81E-17 1.51E-14 7.60E-14 1.38E-13 1.49E-13 1.45E-13 1.36E-13
 1.22E-13 1.10E-13 9.59E-14 7.18E-14 5.81E-14
 15087.5 A  12  13 /FILMEM = KVIL93HE/TYPE = EXCIT    /INDM = T/ISEL =   11
 1.00E+11 2.00E+11 5.00E+11 1.00E+12 2.00E+12 5.00E+12 1.00E+13 2.00E+13
 5.00E+13 1.00E+14 2.00E+14 5.00E+14
 1.00E+00 2.00E+00 5.00E+00 1.00E+01 2.00E+01 3.00E+01 4.00E+01 5.00E+01
 6.50E+01 8.00E+01 1.00E+02 1.50E+02 2.00E+02
 1.62E-22 1.62E-17 1.73E-14 2.13E-13 8.63E-13 1.45E-12 1.91E-12 2.26E-12
 2.65E-12 2.92E-12 3.16E-12 3.47E-12 3.61E-12
 2.02E-22 1.88E-17 1.88E-14 2.23E-13 8.80E-13 1.47E-12 1.92E-12 2.27E-12
 2.65E-12 2.92E-12 3.16E-12 3.47E-12 3.61E-12
 2.57E-22 2.20E-17 2.03E-14 2.31E-13 8.87E-13 1.46E-12 1.91E-12 2.25E-12
 2.62E-12 2.89E-12 3.12E-12 3.43E-12 3.56E-12
 2.89E-22 2.36E-17 2.06E-14 2.28E-13 8.64E-13 1.42E-12 1.85E-12 2.18E-12
 2.54E-12 2.79E-12 3.02E-12 3.33E-12 3.47E-12
 3.07E-22 2.37E-17 1.97E-14 2.15E-13 8.05E-13 1.32E-12 1.71E-12 2.02E-12
 2.36E-12 2.60E-12 2.83E-12 3.13E-12 3.27E-12
 3.03E-22 2.11E-17 1.65E-14 1.77E-13 6.60E-13 1.08E-12 1.41E-12 1.67E-12
 1.96E-12 2.17E-12 2.37E-12 2.66E-12 2.81E-12
 2.75E-22 1.72E-17 1.31E-14 1.39E-13 5.14E-13 8.43E-13 1.10E-12 1.31E-12
 1.54E-12 1.72E-12 1.89E-12 2.15E-12 2.29E-12
 2.30E-22 1.30E-17 9.61E-15 1.01E-13 3.70E-13 6.05E-13 7.92E-13 9.42E-13
 1.12E-12 1.25E-12 1.38E-12 1.59E-12 1.72E-12
 1.66E-22 8.42E-18 5.89E-15 6.00E-14 2.18E-13 3.55E-13 4.64E-13 5.53E-13
 6.57E-13 7.39E-13 8.21E-13 9.56E-13 1.04E-12
 1.27E-22 5.85E-18 3.87E-15 3.85E-14 1.39E-13 2.25E-13 2.94E-13 3.50E-13
 4.17E-13 4.69E-13 5.23E-13 6.12E-13 6.69E-13
 9.60E-23 3.95E-18 2.46E-15 2.40E-14 8.57E-14 1.39E-13 1.81E-13 2.15E-13
 2.57E-13 2.89E-13 3.23E-13 3.79E-13 4.15E-13
 6.62E-23 2.32E-18 1.33E-15 1.27E-14 4.48E-14 7.21E-14 9.37E-14 1.11E-13
 1.32E-13 1.49E-13 1.66E-13 1.95E-13 2.14E-13
 21128.2 A  12  13 /FILMEM = KVIL93HE/TYPE = EXCIT    /INDM = T/ISEL =   12
 1.00E+11 2.00E+11 5.00E+11 1.00E+12 2.00E+12 5.00E+12 1.00E+13 2.00E+13
 5.00E+13 1.00E+14 2.00E+14 5.00E+14
 1.00E+00 2.00E+00 5.00E+00 1.00E+01 2.00E+01 3.00E+01 4.00E+01 5.00E+01
 6.50E+01 8.00E+01 1.00E+02 1.50E+02 2.00E+02
 6.12E-20 4.39E-15 2.72E-12 1.67E-11 2.99E-11 3.04E-11 2.78E-11 2.48E-11
 2.09E-11 1.77E-11 1.45E-11 9.52E-12 6.92E-12
 5.51E-20 3.85E-15 2.33E-12 1.43E-11 2.60E-11 2.67E-11 2.47E-11 2.22E-11
 1.89E-11 1.61E-11 1.33E-11 8.90E-12 6.53E-12
 4.37E-20 2.91E-15 1.68E-12 1.02E-11 1.89E-11 1.97E-11 1.84E-11 1.68E-11
 1.45E-11 1.25E-11 1.05E-11 7.22E-12 5.41E-12
 3.44E-20 2.22E-15 1.21E-12 7.26E-12 1.34E-11 1.41E-11 1.33E-11 1.22E-11
 1.06E-11 9.26E-12 7.84E-12 5.51E-12 4.20E-12
 2.70E-20 1.68E-15 8.39E-13 4.90E-12 8.99E-12 9.44E-12 8.94E-12 8.23E-12
 7.20E-12 6.33E-12 5.39E-12 3.86E-12 2.99E-12
 2.18E-20 1.20E-15 4.86E-13 2.68E-12 4.85E-12 5.10E-12 4.83E-12 4.47E-12
 3.93E-12 3.47E-12 2.98E-12 2.17E-12 1.71E-12
 2.01E-20 8.87E-16 2.93E-13 1.56E-12 2.80E-12 2.94E-12 2.80E-12 2.59E-12
 2.29E-12 2.03E-12 1.76E-12 1.29E-12 1.04E-12
 1.77E-20 5.76E-16 1.63E-13 8.44E-13 1.51E-12 1.59E-12 1.52E-12 1.41E-12
 1.25E-12 1.11E-12 9.66E-13 7.17E-13 5.85E-13
 1.17E-20 2.73E-16 6.92E-14 3.54E-13 6.33E-13 6.68E-13 6.38E-13 5.93E-13
 5.27E-13 4.70E-13 4.09E-13 3.06E-13 2.51E-13
 7.22E-21 1.45E-16 3.53E-14 1.80E-13 3.21E-13 3.39E-13 3.24E-13 3.01E-13
 2.68E-13 2.39E-13 2.08E-13 1.56E-13 1.27E-13
 4.06E-21 7.45E-17 1.79E-14 9.08E-14 1.62E-13 1.71E-13 1.63E-13 1.52E-13
 1.35E-13 1.21E-13 1.05E-13 7.86E-14 6.39E-14
 1.78E-21 3.06E-17 7.23E-15 3.67E-14 6.54E-14 6.89E-14 6.58E-14 6.12E-14
 5.45E-14 4.87E-14 4.24E-14 3.17E-14 2.55E-14
 17006.8 A  12  13 /FILMEM = KVIL93HE/TYPE = EXCIT    /INDM = T/ISEL =   13
 1.00E+11 2.00E+11 5.00E+11 1.00E+12 2.00E+12 5.00E+12 1.00E+13 2.00E+13
 5.00E+13 1.00E+14 2.00E+14 5.00E+14
 1.00E+00 2.00E+00 5.00E+00 1.00E+01 2.00E+01 3.00E+01 4.00E+01 5.00E+01
 6.50E+01 8.00E+01 1.00E+02 1.50E+02 2.00E+02
 5.35E-20 4.66E-15 3.35E-12 2.10E-11 3.61E-11 3.52E-11 3.12E-11 2.71E-11
 2.20E-11 1.81E-11 1.44E-11 8.99E-12 6.29E-12
 5.25E-20 4.56E-15 3.27E-12 2.07E-11 3.63E-11 3.60E-11 3.22E-11 2.83E-11
 2.32E-11 1.93E-11 1.54E-11 9.78E-12 6.91E-12
 5.38E-20 4.56E-15 3.13E-12 1.96E-11 3.51E-11 3.53E-11 3.20E-11 2.84E-11
 2.37E-11 1.99E-11 1.62E-11 1.05E-11 7.53E-12
 5.66E-20 4.62E-15 2.94E-12 1.81E-11 3.24E-11 3.28E-11 3.00E-11 2.68E-11
 2.26E-11 1.92E-11 1.57E-11 1.04E-11 7.59E-12
 6.07E-20 4.66E-15 2.62E-12 1.55E-11 2.77E-11 2.82E-11 2.60E-11 2.34E-11
 1.99E-11 1.70E-11 1.41E-11 9.56E-12 7.12E-12
 6.90E-20 4.42E-15 1.90E-12 1.05E-11 1.86E-11 1.91E-11 1.78E-11 1.62E-11
 1.40E-11 1.22E-11 1.03E-11 7.21E-12 5.57E-12
 7.44E-20 3.65E-15 1.24E-12 6.56E-12 1.16E-11 1.21E-11 1.13E-11 1.04E-11
 9.09E-12 7.99E-12 6.83E-12 4.91E-12 3.91E-12
 7.05E-20 2.50E-15 7.17E-13 3.68E-12 6.52E-12 6.80E-12 6.43E-12 5.94E-12
 5.23E-12 4.63E-12 3.99E-12 2.92E-12 2.37E-12
 4.87E-20 1.22E-15 3.11E-13 1.58E-12 2.79E-12 2.92E-12 2.77E-12 2.56E-12
 2.27E-12 2.01E-12 1.74E-12 1.29E-12 1.06E-12
 3.04E-20 6.51E-16 1.60E-13 8.05E-13 1.42E-12 1.49E-12 1.42E-12 1.31E-12
 1.16E-12 1.03E-12 8.96E-13 6.66E-13 5.44E-13
 1.72E-20 3.37E-16 8.11E-14 4.07E-13 7.20E-13 7.54E-13 7.16E-13 6.64E-13
 5.88E-13 5.24E-13 4.54E-13 3.38E-13 2.74E-13
 7.56E-21 1.39E-16 3.29E-14 1.65E-13 2.91E-13 3.05E-13 2.90E-13 2.69E-13
 2.38E-13 2.12E-13 1.84E-13 1.37E-13 1.10E-13
 18688.1 A  12  13 /FILMEM = KVIL93HE/TYPE = EXCIT    /INDM = T/ISEL =   14
 1.00E+11 2.00E+11 5.00E+11 1.00E+12 2.00E+12 5.00E+12 1.00E+13 2.00E+13
 5.00E+13 1.00E+14 2.00E+14 5.00E+14
 1.00E+00 2.00E+00 5.00E+00 1.00E+01 2.00E+01 3.00E+01 4.00E+01 5.00E+01
 6.50E+01 8.00E+01 1.00E+02 1.50E+02 2.00E+02
 6.74E-20 5.24E-15 3.13E-12 1.67E-11 2.36E-11 2.02E-11 1.62E-11 1.31E-11
 9.68E-12 7.42E-12 5.44E-12 2.93E-12 1.84E-12
 9.22E-20 7.40E-15 4.62E-12 2.57E-11 3.84E-11 3.40E-11 2.80E-11 2.30E-11
 1.74E-11 1.35E-11 1.01E-11 5.60E-12 3.59E-12
 1.24E-19 1.01E-14 6.40E-12 3.72E-11 5.97E-11 5.54E-11 4.73E-11 3.99E-11
 3.13E-11 2.50E-11 1.92E-11 1.12E-11 7.47E-12
 1.46E-19 1.17E-14 7.13E-12 4.18E-11 6.99E-11 6.70E-11 5.87E-11 5.06E-11
 4.07E-11 3.33E-11 2.62E-11 1.60E-11 1.10E-11
 1.66E-19 1.27E-14 7.04E-12 4.07E-11 6.98E-11 6.88E-11 6.16E-11 5.41E-11
 4.47E-11 3.74E-11 3.01E-11 1.93E-11 1.38E-11
 1.98E-19 1.27E-14 5.46E-12 2.99E-11 5.25E-11 5.33E-11 4.90E-11 4.41E-11
 3.76E-11 3.23E-11 2.69E-11 1.83E-11 1.38E-11
 2.16E-19 1.07E-14 3.65E-12 1.93E-11 3.41E-11 3.52E-11 3.29E-11 3.01E-11
 2.61E-11 2.28E-11 1.93E-11 1.37E-11 1.08E-11
 2.06E-19 7.37E-15 2.13E-12 1.10E-11 1.95E-11 2.03E-11 1.92E-11 1.77E-11
 1.55E-11 1.37E-11 1.18E-11 8.56E-12 6.94E-12
 1.43E-19 3.61E-15 9.30E-13 4.73E-12 8.43E-12 8.84E-12 8.39E-12 7.77E-12
 6.87E-12 6.10E-12 5.28E-12 3.90E-12 3.21E-12
 8.91E-20 1.93E-15 4.78E-13 2.42E-12 4.32E-12 4.54E-12 4.31E-12 4.00E-12
 3.54E-12 3.16E-12 2.74E-12 2.03E-12 1.67E-12
 5.04E-20 9.97E-16 2.43E-13 1.23E-12 2.19E-12 2.30E-12 2.19E-12 2.03E-12
 1.80E-12 1.60E-12 1.39E-12 1.04E-12 8.43E-13
 2.22E-20 4.11E-16 9.85E-14 4.98E-13 8.87E-13 9.32E-13 8.87E-13 8.23E-13
 7.30E-13 6.51E-13 5.65E-13 4.21E-13 3.38E-13
 18698.6 A  12  13 /FILMEM = KVIL93HE/TYPE = EXCIT    /INDM = T/ISEL =   15
 1.00E+11 2.00E+11 5.00E+11 1.00E+12 2.00E+12 5.00E+12 1.00E+13 2.00E+13
 5.00E+13 1.00E+14 2.00E+14 5.00E+14
 1.00E+00 2.00E+00 5.00E+00 1.00E+01 2.00E+01 3.00E+01 4.00E+01 5.00E+01
 6.50E+01 8.00E+01 1.00E+02 1.50E+02 2.00E+02
 1.24E-20 1.26E-15 8.67E-13 7.75E-12 2.12E-11 2.90E-11 3.35E-11 3.62E-11
 3.84E-11 3.95E-11 4.00E-11 3.98E-11 3.93E-11
 1.27E-20 1.18E-15 8.09E-13 7.20E-12 1.99E-11 2.73E-11 3.15E-11 3.41E-11
 3.62E-11 3.72E-11 3.77E-11 3.74E-11 3.68E-11
 1.18E-20 1.01E-15 7.03E-13 6.32E-12 1.80E-11 2.51E-11 2.93E-11 3.18E-11
 3.39E-11 3.49E-11 3.54E-11 3.51E-11 3.44E-11
 1.07E-20 8.68E-16 6.08E-13 5.55E-12 1.64E-11 2.33E-11 2.75E-11 3.02E-11
 3.24E-11 3.36E-11 3.42E-11 3.41E-11 3.34E-11
 9.59E-21 7.33E-16 5.10E-13 4.74E-12 1.45E-11 2.11E-11 2.53E-11 2.80E-11
 3.05E-11 3.19E-11 3.28E-11 3.32E-11 3.28E-11
 8.17E-21 5.56E-16 3.81E-13 3.63E-12 1.16E-11 1.73E-11 2.12E-11 2.38E-11
 2.64E-11 2.81E-11 2.93E-11 3.05E-11 3.06E-11
 6.97E-21 4.25E-16 2.90E-13 2.80E-12 9.18E-12 1.39E-11 1.72E-11 1.96E-11
 2.20E-11 2.36E-11 2.50E-11 2.66E-11 2.71E-11
 5.64E-21 3.11E-16 2.11E-13 2.05E-12 6.84E-12 1.05E-11 1.31E-11 1.51E-11
 1.71E-11 1.86E-11 1.99E-11 2.16E-11 2.23E-11
 4.01E-21 1.99E-16 1.32E-13 1.27E-12 4.30E-12 6.70E-12 8.46E-12 9.80E-12
 1.13E-11 1.24E-11 1.34E-11 1.49E-11 1.57E-11
 3.05E-21 1.38E-16 8.81E-14 8.42E-13 2.88E-12 4.52E-12 5.76E-12 6.71E-12
 7.79E-12 8.60E-12 9.40E-12 1.06E-11 1.13E-11
 2.30E-21 9.41E-17 5.70E-14 5.41E-13 1.87E-12 2.95E-12 3.77E-12 4.42E-12
 5.17E-12 5.74E-12 6.31E-12 7.20E-12 7.74E-12
 1.59E-21 5.56E-17 3.16E-14 2.97E-13 1.03E-12 1.64E-12 2.11E-12 2.47E-12
 2.91E-12 3.24E-12 3.59E-12 4.14E-12 4.48E-12
 21132.7 A  12  13 /FILMEM = KVIL93HE/TYPE = EXCIT    /INDM = T/ISEL =   16
 1.00E+11 2.00E+11 5.00E+11 1.00E+12 2.00E+12 5.00E+12 1.00E+13 2.00E+13
 5.00E+13 1.00E+14 2.00E+14 5.00E+14
 1.00E+00 2.00E+00 5.00E+00 1.00E+01 2.00E+01 3.00E+01 4.00E+01 5.00E+01
 6.50E+01 8.00E+01 1.00E+02 1.50E+02 2.00E+02
 6.61E-21 4.36E-16 3.17E-13 2.73E-12 7.70E-12 1.07E-11 1.25E-11 1.38E-11
 1.50E-11 1.57E-11 1.63E-11 1.69E-11 1.71E-11
 4.99E-21 3.17E-16 2.26E-13 1.97E-12 5.69E-12 8.06E-12 9.58E-12 1.06E-11
 1.17E-11 1.25E-11 1.31E-11 1.39E-11 1.42E-11
 2.96E-21 1.81E-16 1.28E-13 1.14E-12 3.44E-12 5.01E-12 6.08E-12 6.86E-12
 7.70E-12 8.29E-12 8.85E-12 9.60E-12 9.97E-12
 1.86E-21 1.13E-16 8.06E-14 7.34E-13 2.30E-12 3.42E-12 4.22E-12 4.81E-12
 5.46E-12 5.93E-12 6.37E-12 6.99E-12 7.32E-12
 1.17E-21 7.19E-17 5.16E-14 4.85E-13 1.57E-12 2.40E-12 2.99E-12 3.44E-12
 3.94E-12 4.30E-12 4.65E-12 5.14E-12 5.40E-12
 6.87E-22 4.15E-17 3.00E-14 2.93E-13 9.89E-13 1.54E-12 1.95E-12 2.27E-12
 2.63E-12 2.89E-12 3.14E-12 3.50E-12 3.70E-12
 4.84E-22 2.79E-17 2.02E-14 2.00E-13 6.89E-13 1.09E-12 1.39E-12 1.63E-12
 1.89E-12 2.09E-12 2.29E-12 2.58E-12 2.75E-12
 3.47E-22 1.88E-17 1.35E-14 1.34E-13 4.64E-13 7.37E-13 9.48E-13 1.11E-12
 1.31E-12 1.45E-12 1.60E-12 1.82E-12 1.95E-12
 2.26E-22 1.11E-17 7.65E-15 7.50E-14 2.61E-13 4.16E-13 5.38E-13 6.34E-13
 7.47E-13 8.34E-13 9.23E-13 1.06E-12 1.15E-12
 1.65E-22 7.45E-18 4.86E-15 4.70E-14 1.63E-13 2.61E-13 3.37E-13 3.98E-13
 4.70E-13 5.26E-13 5.84E-13 6.78E-13 7.37E-13
 1.21E-22 4.92E-18 3.03E-15 2.88E-14 9.99E-14 1.59E-13 2.06E-13 2.44E-13
 2.88E-13 3.23E-13 3.59E-13 4.19E-13 4.57E-13
 8.21E-23 2.82E-18 1.60E-15 1.50E-14 5.17E-14 8.23E-14 1.06E-13 1.25E-13
 1.48E-13 1.66E-13 1.85E-13 2.16E-13 2.37E-13
 19091.3 A  12  13 /FILMEM = KVIL93HE/TYPE = EXCIT    /INDM = T/ISEL =   17
 1.00E+11 2.00E+11 5.00E+11 1.00E+12 2.00E+12 5.00E+12 1.00E+13 2.00E+13
 5.00E+13 1.00E+14 2.00E+14 5.00E+14
 1.00E+00 2.00E+00 5.00E+00 1.00E+01 2.00E+01 3.00E+01 4.00E+01 5.00E+01
 6.50E+01 8.00E+01 1.00E+02 1.50E+02 2.00E+02
 7.49E-21 5.72E-16 3.97E-13 3.53E-12 1.01E-11 1.40E-11 1.62E-11 1.75E-11
 1.84E-11 1.88E-11 1.88E-11 1.80E-11 1.72E-11
 6.23E-21 4.84E-16 3.43E-13 3.13E-12 9.22E-12 1.30E-11 1.53E-11 1.66E-11
 1.77E-11 1.82E-11 1.83E-11 1.78E-11 1.71E-11
 4.84E-21 3.78E-16 2.75E-13 2.60E-12 8.01E-12 1.17E-11 1.39E-11 1.54E-11
 1.67E-11 1.74E-11 1.78E-11 1.77E-11 1.73E-11
 4.08E-21 3.15E-16 2.32E-13 2.23E-12 7.13E-12 1.06E-11 1.29E-11 1.44E-11
 1.59E-11 1.67E-11 1.73E-11 1.76E-11 1.74E-11
 3.55E-21 2.64E-16 1.93E-13 1.89E-12 6.23E-12 9.45E-12 1.17E-11 1.32E-11
 1.48E-11 1.57E-11 1.65E-11 1.71E-11 1.72E-11
 3.00E-21 2.03E-16 1.45E-13 1.45E-12 4.91E-12 7.60E-12 9.53E-12 1.09E-11
 1.24E-11 1.34E-11 1.43E-11 1.53E-11 1.57E-11
 2.56E-21 1.56E-16 1.11E-13 1.11E-12 3.82E-12 5.97E-12 7.55E-12 8.74E-12
 1.00E-11 1.09E-11 1.18E-11 1.29E-11 1.34E-11
 2.07E-21 1.15E-16 8.06E-14 8.03E-13 2.78E-12 4.38E-12 5.58E-12 6.49E-12
 7.52E-12 8.26E-12 8.97E-12 9.98E-12 1.05E-11
 1.47E-21 7.34E-17 4.96E-14 4.87E-13 1.69E-12 2.68E-12 3.43E-12 4.02E-12
 4.69E-12 5.19E-12 5.69E-12 6.44E-12 6.88E-12
 1.12E-21 5.10E-17 3.29E-14 3.18E-13 1.11E-12 1.76E-12 2.26E-12 2.65E-12
 3.11E-12 3.46E-12 3.81E-12 4.36E-12 4.69E-12
 8.44E-22 3.45E-17 2.11E-14 2.02E-13 7.01E-13 1.12E-12 1.44E-12 1.69E-12
 1.99E-12 2.22E-12 2.46E-12 2.84E-12 3.07E-12
 5.82E-22 2.03E-17 1.15E-14 1.09E-13 3.78E-13 6.01E-13 7.74E-13 9.12E-13
 1.08E-12 1.20E-12 1.33E-12 1.55E-12 1.68E-12
  7067.6 A  12  13 /FILMEM = KVIL93HE/TYPE = EXCIT    /INDM = T/ISEL =   18
 1.00E+11 2.00E+11 5.00E+11 1.00E+12 2.00E+12 5.00E+12 1.00E+13 2.00E+13
 5.00E+13 1.00E+14 2.00E+14 5.00E+14
 1.00E+00 2.00E+00 5.00E+00 1.00E+01 2.00E+01 3.00E+01 4.00E+01 5.00E+01
 6.50E+01 8.00E+01 1.00E+02 1.50E+02 2.00E+02
 2.20E-18 1.01E-13 4.70E-11 2.51E-10 4.02E-10 3.85E-10 3.41E-10 2.97E-10
 2.43E-10 2.02E-10 1.62E-10 1.04E-10 7.43E-11
 2.17E-18 9.94E-14 4.54E-11 2.42E-10 3.89E-10 3.75E-10 3.33E-10 2.90E-10
 2.38E-10 1.98E-10 1.60E-10 1.03E-10 7.35E-11
 2.10E-18 9.38E-14 4.12E-11 2.18E-10 3.55E-10 3.46E-10 3.09E-10 2.72E-10
 2.25E-10 1.88E-10 1.53E-10 9.92E-11 7.15E-11
 1.99E-18 8.59E-14 3.55E-11 1.86E-10 3.07E-10 3.03E-10 2.74E-10 2.43E-10
 2.03E-10 1.72E-10 1.41E-10 9.29E-11 6.79E-11
 1.82E-18 7.39E-14 2.76E-11 1.41E-10 2.39E-10 2.40E-10 2.21E-10 1.98E-10
 1.68E-10 1.44E-10 1.20E-10 8.10E-11 6.06E-11
 1.51E-18 5.22E-14 1.59E-11 7.91E-11 1.37E-10 1.42E-10 1.34E-10 1.22E-10
 1.07E-10 9.33E-11 7.91E-11 5.60E-11 4.39E-11
 1.22E-18 3.44E-14 8.95E-12 4.40E-11 7.79E-11 8.20E-11 7.81E-11 7.24E-11
 6.39E-11 5.66E-11 4.88E-11 3.56E-11 2.89E-11
 9.05E-19 2.00E-14 4.67E-12 2.29E-11 4.10E-11 4.36E-11 4.19E-11 3.91E-11
 3.48E-11 3.11E-11 2.70E-11 2.00E-11 1.66E-11
 5.10E-19 8.63E-15 1.89E-12 9.32E-12 1.68E-11 1.80E-11 1.73E-11 1.62E-11
 1.45E-11 1.30E-11 1.14E-11 8.53E-12 7.14E-12
 2.94E-19 4.40E-15 9.48E-13 4.67E-12 8.45E-12 9.06E-12 8.75E-12 8.20E-12
 7.35E-12 6.60E-12 5.77E-12 4.34E-12 3.62E-12
 1.60E-19 2.23E-15 4.75E-13 2.34E-12 4.24E-12 4.55E-12 4.40E-12 4.12E-12
 3.70E-12 3.32E-12 2.90E-12 2.19E-12 1.81E-12
 6.87E-20 9.06E-16 1.91E-13 9.42E-13 1.71E-12 1.83E-12 1.77E-12 1.66E-12
 1.49E-12 1.34E-12 1.17E-12 8.83E-13 7.17E-13
  5877.5 A  12  13 /FILMEM = KVIL93HE/TYPE = EXCIT    /INDM = T/ISEL =   19
 1.00E+11 2.00E+11 5.00E+11 1.00E+12 2.00E+12 5.00E+12 1.00E+13 2.00E+13
 5.00E+13 1.00E+14 2.00E+14 5.00E+14
 1.00E+00 2.00E+00 5.00E+00 1.00E+01 2.00E+01 3.00E+01 4.00E+01 5.00E+01
 6.50E+01 8.00E+01 1.00E+02 1.50E+02 2.00E+02
 1.69E-18 1.30E-13 8.91E-11 5.27E-10 8.30E-10 7.63E-10 6.48E-10 5.47E-10
 4.30E-10 3.46E-10 2.69E-10 1.62E-10 1.11E-10
 1.85E-18 1.41E-13 9.47E-11 5.62E-10 8.95E-10 8.28E-10 7.08E-10 5.99E-10
 4.73E-10 3.82E-10 2.97E-10 1.79E-10 1.22E-10
 2.22E-18 1.63E-13 1.05E-10 6.26E-10 1.02E-09 9.61E-10 8.33E-10 7.12E-10
 5.69E-10 4.63E-10 3.62E-10 2.21E-10 1.52E-10
 2.65E-18 1.87E-13 1.13E-10 6.67E-10 1.11E-09 1.07E-09 9.41E-10 8.15E-10
 6.60E-10 5.43E-10 4.30E-10 2.66E-10 1.86E-10
 3.27E-18 2.16E-13 1.14E-10 6.56E-10 1.11E-09 1.10E-09 9.88E-10 8.70E-10
 7.19E-10 6.01E-10 4.84E-10 3.09E-10 2.21E-10
 4.32E-18 2.30E-13 9.15E-11 4.94E-10 8.58E-10 8.76E-10 8.13E-10 7.36E-10
 6.29E-10 5.40E-10 4.49E-10 3.03E-10 2.29E-10
 4.86E-18 1.95E-13 6.14E-11 3.19E-10 5.61E-10 5.85E-10 5.53E-10 5.09E-10
 4.44E-10 3.89E-10 3.30E-10 2.33E-10 1.84E-10
 4.62E-18 1.34E-13 3.56E-11 1.81E-10 3.21E-10 3.39E-10 3.24E-10 3.02E-10
 2.67E-10 2.36E-10 2.03E-10 1.47E-10 1.20E-10
 3.15E-18 6.48E-14 1.54E-11 7.75E-11 1.38E-10 1.47E-10 1.42E-10 1.33E-10
 1.19E-10 1.06E-10 9.17E-11 6.77E-11 5.60E-11
 1.95E-18 3.44E-14 7.91E-12 3.96E-11 7.08E-11 7.56E-11 7.31E-11 6.85E-11
 6.13E-11 5.48E-11 4.76E-11 3.54E-11 2.92E-11
 1.10E-18 1.78E-14 4.01E-12 2.01E-11 3.58E-11 3.84E-11 3.71E-11 3.48E-11
 3.12E-11 2.79E-11 2.43E-11 1.81E-11 1.48E-11
 4.85E-19 7.32E-15 1.63E-12 8.12E-12 1.45E-11 1.55E-11 1.50E-11 1.41E-11
 1.27E-11 1.13E-11 9.87E-12 7.37E-12 5.94E-12
  4714.8 A  12  13 /FILMEM = KVIL93HE/TYPE = EXCIT    /INDM = T/ISEL =   20
 1.00E+11 2.00E+11 5.00E+11 1.00E+12 2.00E+12 5.00E+12 1.00E+13 2.00E+13
 5.00E+13 1.00E+14 2.00E+14 5.00E+14
 1.00E+00 2.00E+00 5.00E+00 1.00E+01 2.00E+01 3.00E+01 4.00E+01 5.00E+01
 6.50E+01 8.00E+01 1.00E+02 1.50E+02 2.00E+02
 9.94E-20 7.13E-15 4.42E-12 2.72E-11 4.87E-11 4.94E-11 4.52E-11 4.04E-11
 3.39E-11 2.87E-11 2.35E-11 1.55E-11 1.12E-11
 8.96E-20 6.26E-15 3.79E-12 2.33E-11 4.23E-11 4.34E-11 4.01E-11 3.61E-11
 3.07E-11 2.62E-11 2.16E-11 1.45E-11 1.06E-11
 7.10E-20 4.73E-15 2.73E-12 1.66E-11 3.07E-11 3.20E-11 2.99E-11 2.73E-11
 2.35E-11 2.04E-11 1.71E-11 1.17E-11 8.79E-12
 5.59E-20 3.60E-15 1.97E-12 1.18E-11 2.18E-11 2.29E-11 2.16E-11 1.98E-11
 1.72E-11 1.51E-11 1.27E-11 8.97E-12 6.83E-12
 4.39E-20 2.73E-15 1.36E-12 7.96E-12 1.46E-11 1.54E-11 1.45E-11 1.34E-11
 1.17E-11 1.03E-11 8.77E-12 6.27E-12 4.85E-12
 3.54E-20 1.95E-15 7.90E-13 4.36E-12 7.89E-12 8.29E-12 7.86E-12 7.26E-12
 6.39E-12 5.64E-12 4.85E-12 3.52E-12 2.78E-12
 3.27E-20 1.44E-15 4.76E-13 2.53E-12 4.55E-12 4.78E-12 4.55E-12 4.21E-12
 3.72E-12 3.31E-12 2.85E-12 2.10E-12 1.69E-12
 2.87E-20 9.36E-16 2.64E-13 1.37E-12 2.46E-12 2.59E-12 2.47E-12 2.29E-12
 2.03E-12 1.81E-12 1.57E-12 1.17E-12 9.50E-13
 1.90E-20 4.44E-16 1.13E-13 5.76E-13 1.03E-12 1.09E-12 1.04E-12 9.64E-13
 8.57E-13 7.65E-13 6.65E-13 4.97E-13 4.07E-13
 1.17E-20 2.35E-16 5.74E-14 2.92E-13 5.22E-13 5.51E-13 5.26E-13 4.90E-13
 4.36E-13 3.89E-13 3.39E-13 2.53E-13 2.07E-13
 6.60E-21 1.21E-16 2.90E-14 1.48E-13 2.63E-13 2.78E-13 2.65E-13 2.47E-13
 2.20E-13 1.96E-13 1.71E-13 1.28E-13 1.04E-13
 2.90E-21 4.97E-17 1.18E-14 5.96E-14 1.06E-13 1.12E-13 1.07E-13 9.96E-14
 8.86E-14 7.91E-14 6.89E-14 5.15E-14 4.14E-14
  4472.9 A  12  13 /FILMEM = KVIL93HE/TYPE = EXCIT    /INDM = T/ISEL =   21
 1.00E+11 2.00E+11 5.00E+11 1.00E+12 2.00E+12 5.00E+12 1.00E+13 2.00E+13
 5.00E+13 1.00E+14 2.00E+14 5.00E+14
 1.00E+00 2.00E+00 5.00E+00 1.00E+01 2.00E+01 3.00E+01 4.00E+01 5.00E+01
 6.50E+01 8.00E+01 1.00E+02 1.50E+02 2.00E+02
 2.01E-19 1.75E-14 1.26E-11 7.88E-11 1.36E-10 1.32E-10 1.17E-10 1.02E-10
 8.27E-11 6.82E-11 5.41E-11 3.38E-11 2.36E-11
 1.97E-19 1.71E-14 1.23E-11 7.77E-11 1.37E-10 1.35E-10 1.21E-10 1.06E-10
 8.72E-11 7.25E-11 5.80E-11 3.67E-11 2.59E-11
 2.02E-19 1.71E-14 1.17E-11 7.38E-11 1.32E-10 1.32E-10 1.20E-10 1.07E-10
 8.89E-11 7.48E-11 6.07E-11 3.94E-11 2.83E-11
 2.13E-19 1.74E-14 1.11E-11 6.79E-11 1.22E-10 1.23E-10 1.13E-10 1.01E-10
 8.48E-11 7.20E-11 5.90E-11 3.91E-11 2.85E-11
 2.28E-19 1.75E-14 9.86E-12 5.83E-11 1.04E-10 1.06E-10 9.76E-11 8.79E-11
 7.47E-11 6.40E-11 5.31E-11 3.59E-11 2.68E-11
 2.59E-19 1.66E-14 7.13E-12 3.93E-11 6.98E-11 7.19E-11 6.70E-11 6.10E-11
 5.27E-11 4.59E-11 3.87E-11 2.71E-11 2.09E-11
 2.80E-19 1.37E-14 4.67E-12 2.46E-11 4.36E-11 4.53E-11 4.26E-11 3.91E-11
 3.42E-11 3.00E-11 2.57E-11 1.85E-11 1.47E-11
 2.65E-19 9.40E-15 2.69E-12 1.38E-11 2.45E-11 2.56E-11 2.42E-11 2.23E-11
 1.96E-11 1.74E-11 1.50E-11 1.10E-11 8.91E-12
 1.83E-19 4.59E-15 1.17E-12 5.92E-12 1.05E-11 1.10E-11 1.04E-11 9.63E-12
 8.51E-12 7.57E-12 6.55E-12 4.85E-12 3.98E-12
 1.14E-19 2.45E-15 6.01E-13 3.02E-12 5.35E-12 5.60E-12 5.32E-12 4.93E-12
 4.36E-12 3.88E-12 3.37E-12 2.50E-12 2.04E-12
 6.45E-20 1.27E-15 3.05E-13 1.53E-12 2.71E-12 2.83E-12 2.69E-12 2.50E-12
 2.21E-12 1.97E-12 1.71E-12 1.27E-12 1.03E-12
 2.84E-20 5.21E-16 1.24E-13 6.20E-13 1.10E-12 1.15E-12 1.09E-12 1.01E-12
 8.94E-13 7.96E-13 6.91E-13 5.14E-13 4.12E-13
  7283.3 A  12  13 /FILMEM = KVIL93HE/TYPE = EXCIT    /INDM = T/ISEL =   22
 1.00E+11 2.00E+11 5.00E+11 1.00E+12 2.00E+12 5.00E+12 1.00E+13 2.00E+13
 5.00E+13 1.00E+14 2.00E+14 5.00E+14
 1.00E+00 2.00E+00 5.00E+00 1.00E+01 2.00E+01 3.00E+01 4.00E+01 5.00E+01
 6.50E+01 8.00E+01 1.00E+02 1.50E+02 2.00E+02
 3.31E-19 1.36E-14 5.09E-12 2.93E-11 6.92E-11 9.22E-11 1.06E-10 1.15E-10
 1.23E-10 1.27E-10 1.30E-10 1.31E-10 1.30E-10
 3.10E-19 1.24E-14 4.55E-12 2.63E-11 6.27E-11 8.42E-11 9.73E-11 1.06E-10
 1.14E-10 1.18E-10 1.21E-10 1.23E-10 1.23E-10
 2.61E-19 9.88E-15 3.46E-12 2.01E-11 4.95E-11 6.76E-11 7.91E-11 8.68E-11
 9.44E-11 9.91E-11 1.03E-10 1.07E-10 1.07E-10
 2.06E-19 7.31E-15 2.44E-12 1.45E-11 3.71E-11 5.17E-11 6.13E-11 6.80E-11
 7.49E-11 7.95E-11 8.35E-11 8.83E-11 9.02E-11
 1.44E-19 4.71E-15 1.51E-12 9.38E-12 2.53E-11 3.62E-11 4.36E-11 4.89E-11
 5.47E-11 5.87E-11 6.24E-11 6.75E-11 6.99E-11
 7.47E-20 2.15E-15 7.04E-13 4.85E-12 1.42E-11 2.09E-11 2.57E-11 2.93E-11
 3.33E-11 3.62E-11 3.90E-11 4.31E-11 4.54E-11
 4.07E-20 1.08E-15 3.96E-13 2.98E-12 9.20E-12 1.39E-11 1.73E-11 1.99E-11
 2.29E-11 2.50E-11 2.72E-11 3.03E-11 3.21E-11
 2.14E-20 5.63E-16 2.38E-13 1.92E-12 6.20E-12 9.58E-12 1.21E-11 1.40E-11
 1.62E-11 1.79E-11 1.95E-11 2.19E-11 2.32E-11
 9.67E-21 2.72E-16 1.31E-13 1.13E-12 3.79E-12 6.00E-12 7.69E-12 9.03E-12
 1.06E-11 1.17E-11 1.29E-11 1.46E-11 1.56E-11
 5.88E-21 1.69E-16 8.45E-14 7.45E-13 2.56E-12 4.11E-12 5.32E-12 6.29E-12
 7.43E-12 8.30E-12 9.17E-12 1.05E-11 1.14E-11
 3.86E-21 1.08E-16 5.40E-14 4.81E-13 1.68E-12 2.71E-12 3.54E-12 4.21E-12
 5.00E-12 5.61E-12 6.24E-12 7.25E-12 7.88E-12
 2.41E-21 6.12E-17 2.97E-14 2.66E-13 9.36E-13 1.52E-12 1.99E-12 2.37E-12
 2.83E-12 3.19E-12 3.56E-12 4.16E-12 4.55E-12
  6680.0 A  12  13 /FILMEM = KVIL93HE/TYPE = EXCIT    /INDM = T/ISEL =   23
 1.00E+11 2.00E+11 5.00E+11 1.00E+12 2.00E+12 5.00E+12 1.00E+13 2.00E+13
 5.00E+13 1.00E+14 2.00E+14 5.00E+14
 1.00E+00 2.00E+00 5.00E+00 1.00E+01 2.00E+01 3.00E+01 4.00E+01 5.00E+01
 6.50E+01 8.00E+01 1.00E+02 1.50E+02 2.00E+02
 3.99E-19 1.97E-14 8.36E-12 5.08E-11 1.15E-10 1.47E-10 1.63E-10 1.72E-10
 1.77E-10 1.78E-10 1.77E-10 1.68E-10 1.61E-10
 3.84E-19 1.87E-14 7.88E-12 4.79E-11 1.10E-10 1.40E-10 1.56E-10 1.64E-10
 1.70E-10 1.71E-10 1.69E-10 1.61E-10 1.53E-10
 3.47E-19 1.66E-14 6.91E-12 4.28E-11 1.01E-10 1.31E-10 1.47E-10 1.56E-10
 1.61E-10 1.63E-10 1.62E-10 1.54E-10 1.47E-10
 3.04E-19 1.41E-14 5.85E-12 3.77E-11 9.32E-11 1.24E-10 1.41E-10 1.50E-10
 1.57E-10 1.59E-10 1.59E-10 1.53E-10 1.45E-10
 2.51E-19 1.12E-14 4.60E-12 3.18E-11 8.45E-11 1.16E-10 1.35E-10 1.46E-10
 1.55E-10 1.58E-10 1.60E-10 1.55E-10 1.49E-10
 1.81E-19 7.22E-15 3.10E-12 2.45E-11 7.27E-11 1.05E-10 1.26E-10 1.39E-10
 1.52E-10 1.58E-10 1.62E-10 1.63E-10 1.59E-10
 1.36E-19 4.92E-15 2.34E-12 2.02E-11 6.39E-11 9.57E-11 1.17E-10 1.32E-10
 1.47E-10 1.56E-10 1.62E-10 1.67E-10 1.66E-10
 1.02E-19 3.45E-15 1.83E-12 1.66E-11 5.49E-11 8.43E-11 1.05E-10 1.20E-10
 1.36E-10 1.47E-10 1.55E-10 1.64E-10 1.67E-10
 7.00E-20 2.32E-15 1.30E-12 1.21E-11 4.16E-11 6.54E-11 8.33E-11 9.68E-11
 1.12E-10 1.22E-10 1.32E-10 1.44E-10 1.50E-10
 5.38E-20 1.72E-15 9.57E-13 8.94E-12 3.11E-11 4.96E-11 6.39E-11 7.50E-11
 8.75E-11 9.68E-11 1.06E-10 1.18E-10 1.25E-10
 4.15E-20 1.24E-15 6.69E-13 6.25E-12 2.20E-11 3.55E-11 4.60E-11 5.43E-11
 6.40E-11 7.13E-11 7.84E-11 8.92E-11 9.53E-11
 2.94E-20 7.82E-16 4.03E-13 3.76E-12 1.34E-11 2.17E-11 2.83E-11 3.36E-11
 3.98E-11 4.46E-11 4.94E-11 5.69E-11 6.15E-11
  5049.0 A  12  13 /FILMEM = KVIL93HE/TYPE = EXCIT    /INDM = T/ISEL =   24
 1.00E+11 2.00E+11 5.00E+11 1.00E+12 2.00E+12 5.00E+12 1.00E+13 2.00E+13
 5.00E+13 1.00E+14 2.00E+14 5.00E+14
 1.00E+00 2.00E+00 5.00E+00 1.00E+01 2.00E+01 3.00E+01 4.00E+01 5.00E+01
 6.50E+01 8.00E+01 1.00E+02 1.50E+02 2.00E+02
 9.44E-21 6.22E-16 4.52E-13 3.90E-12 1.10E-11 1.53E-11 1.79E-11 1.96E-11
 2.14E-11 2.24E-11 2.33E-11 2.42E-11 2.44E-11
 7.12E-21 4.52E-16 3.23E-13 2.81E-12 8.12E-12 1.15E-11 1.37E-11 1.52E-11
 1.67E-11 1.78E-11 1.87E-11 1.98E-11 2.02E-11
 4.23E-21 2.59E-16 1.83E-13 1.62E-12 4.90E-12 7.15E-12 8.67E-12 9.78E-12
 1.10E-11 1.18E-11 1.26E-11 1.37E-11 1.42E-11
 2.66E-21 1.62E-16 1.15E-13 1.05E-12 3.28E-12 4.89E-12 6.02E-12 6.86E-12
 7.79E-12 8.46E-12 9.09E-12 9.98E-12 1.05E-11
 1.68E-21 1.03E-16 7.36E-14 6.92E-13 2.25E-12 3.42E-12 4.27E-12 4.91E-12
 5.63E-12 6.14E-12 6.63E-12 7.33E-12 7.71E-12
 9.80E-22 5.93E-17 4.29E-14 4.18E-13 1.41E-12 2.20E-12 2.79E-12 3.24E-12
 3.75E-12 4.12E-12 4.48E-12 5.00E-12 5.28E-12
 6.91E-22 3.99E-17 2.88E-14 2.86E-13 9.83E-13 1.55E-12 1.98E-12 2.32E-12
 2.70E-12 2.99E-12 3.27E-12 3.68E-12 3.92E-12
 4.95E-22 2.68E-17 1.92E-14 1.91E-13 6.62E-13 1.05E-12 1.35E-12 1.59E-12
 1.86E-12 2.07E-12 2.28E-12 2.60E-12 2.79E-12
 3.22E-22 1.59E-17 1.09E-14 1.07E-13 3.73E-13 5.94E-13 7.67E-13 9.05E-13
 1.07E-12 1.19E-12 1.32E-12 1.52E-12 1.64E-12
 2.35E-22 1.06E-17 6.94E-15 6.70E-14 2.33E-13 3.72E-13 4.81E-13 5.68E-13
 6.71E-13 7.51E-13 8.33E-13 9.67E-13 1.05E-12
 1.73E-22 7.01E-18 4.32E-15 4.11E-14 1.43E-13 2.27E-13 2.94E-13 3.48E-13
 4.12E-13 4.61E-13 5.13E-13 5.98E-13 6.53E-13
 1.17E-22 4.03E-18 2.29E-15 2.14E-14 7.38E-14 1.17E-13 1.52E-13 1.79E-13
 2.12E-13 2.37E-13 2.64E-13 3.09E-13 3.38E-13
  4923.2 A  12  13 /FILMEM = KVIL93HE/TYPE = EXCIT    /INDM = T/ISEL =   25
 1.00E+11 2.00E+11 5.00E+11 1.00E+12 2.00E+12 5.00E+12 1.00E+13 2.00E+13
 5.00E+13 1.00E+14 2.00E+14 5.00E+14
 1.00E+00 2.00E+00 5.00E+00 1.00E+01 2.00E+01 3.00E+01 4.00E+01 5.00E+01
 6.50E+01 8.00E+01 1.00E+02 1.50E+02 2.00E+02
 2.13E-20 1.63E-15 1.13E-12 1.00E-11 2.87E-11 3.98E-11 4.61E-11 4.96E-11
 5.23E-11 5.33E-11 5.33E-11 5.12E-11 4.89E-11
 1.77E-20 1.37E-15 9.74E-13 8.90E-12 2.62E-11 3.70E-11 4.34E-11 4.72E-11
 5.03E-11 5.17E-11 5.21E-11 5.06E-11 4.87E-11
 1.37E-20 1.07E-15 7.82E-13 7.38E-12 2.28E-11 3.31E-11 3.96E-11 4.38E-11
 4.75E-11 4.95E-11 5.06E-11 5.03E-11 4.91E-11
 1.16E-20 8.96E-16 6.58E-13 6.34E-12 2.02E-11 3.01E-11 3.66E-11 4.10E-11
 4.51E-11 4.75E-11 4.92E-11 5.00E-11 4.95E-11
 1.01E-20 7.51E-16 5.49E-13 5.38E-12 1.77E-11 2.69E-11 3.31E-11 3.75E-11
 4.19E-11 4.47E-11 4.68E-11 4.86E-11 4.88E-11
 8.51E-21 5.77E-16 4.13E-13 4.11E-12 1.40E-11 2.16E-11 2.71E-11 3.11E-11
 3.53E-11 3.81E-11 4.06E-11 4.34E-11 4.45E-11
 7.27E-21 4.44E-16 3.15E-13 3.15E-12 1.08E-11 1.70E-11 2.15E-11 2.48E-11
 2.85E-11 3.11E-11 3.34E-11 3.66E-11 3.80E-11
 5.89E-21 3.26E-16 2.29E-13 2.28E-12 7.90E-12 1.24E-11 1.58E-11 1.84E-11
 2.14E-11 2.35E-11 2.55E-11 2.84E-11 2.99E-11
 4.19E-21 2.08E-16 1.41E-13 1.38E-12 4.81E-12 7.61E-12 9.75E-12 1.14E-11
 1.33E-11 1.47E-11 1.62E-11 1.83E-11 1.95E-11
 3.18E-21 1.45E-16 9.33E-14 9.04E-13 3.14E-12 4.99E-12 6.41E-12 7.54E-12
 8.84E-12 9.83E-12 1.08E-11 1.24E-11 1.33E-11
 2.40E-21 9.81E-17 5.99E-14 5.73E-13 1.99E-12 3.17E-12 4.08E-12 4.81E-12
 5.66E-12 6.31E-12 6.98E-12 8.06E-12 8.72E-12
 1.65E-21 5.77E-17 3.28E-14 3.09E-13 1.07E-12 1.71E-12 2.20E-12 2.59E-12
 3.06E-12 3.42E-12 3.79E-12 4.40E-12 4.78E-12
   584.4 A  12  13 /FILMEM = KVIL93HE/TYPE = RECOM    /INDM =+T/ISEL =   26
 1.00E+11 2.00E+11 5.00E+11 1.00E+12 2.00E+12 5.00E+12 1.00E+13 2.00E+13
 5.00E+13 1.00E+14 2.00E+14 5.00E+14
 1.00E+00 2.00E+00 5.00E+00 1.00E+01 2.00E+01 3.00E+01 4.00E+01 5.00E+01
 6.50E+01 8.00E+01 1.00E+02 1.50E+02 2.00E+02
 2.79E-13 1.22E-13 3.72E-14 4.55E-14 7.25E-14 2.78E-14 2.51E-14 5.43E-14
 4.77E-09 3.73E-04 6.11E+00 2.65E+02 5.98E+00
 2.85E-13 1.22E-13 3.58E-14 4.18E-14 6.46E-14 2.15E-14 1.94E-14 4.79E-14
 4.57E-09 3.57E-04 5.86E+00 2.55E+02 5.77E+00
 2.98E-13 1.21E-13 3.32E-14 3.63E-14 5.38E-14 1.47E-14 1.31E-14 3.94E-14
 4.15E-09 3.24E-04 5.36E+00 2.35E+02 5.33E+00
 3.13E-13 1.19E-13 3.04E-14 3.13E-14 4.52E-14 1.05E-14 9.32E-15 3.29E-14
 3.71E-09 2.91E-04 4.85E+00 2.15E+02 4.87E+00
 3.35E-13 1.16E-13 2.65E-14 2.57E-14 3.65E-14 7.29E-15 6.34E-15 2.67E-14
 3.20E-09 2.53E-04 4.30E+00 1.93E+02 4.34E+00
 3.75E-13 1.06E-13 2.05E-14 1.86E-14 2.63E-14 4.34E-15 3.67E-15 1.95E-14
 2.53E-09 2.05E-04 3.60E+00 1.64E+02 3.65E+00
 4.10E-13 9.27E-14 1.69E-14 1.48E-14 2.06E-14 2.97E-15 2.44E-15 1.53E-14
 2.09E-09 1.74E-04 3.16E+00 1.46E+02 3.19E+00
 4.42E-13 8.06E-14 1.50E-14 1.25E-14 1.67E-14 2.12E-15 1.68E-15 1.22E-14
 1.75E-09 1.50E-04 2.81E+00 1.31E+02 2.82E+00
 4.90E-13 7.54E-14 1.46E-14 1.10E-14 1.36E-14 1.51E-15 1.13E-15 9.58E-15
 1.44E-09 1.27E-04 2.47E+00 1.17E+02 2.46E+00
 5.67E-13 8.24E-14 1.58E-14 1.06E-14 1.20E-14 1.29E-15 9.27E-16 8.27E-15
 1.27E-09 1.14E-04 2.27E+00 1.09E+02 2.26E+00
 7.27E-13 1.02E-13 1.85E-14 1.07E-14 1.09E-14 1.22E-15 8.44E-16 7.25E-15
 1.12E-09 1.03E-04 2.07E+00 1.00E+02 2.07E+00
 1.20E-12 1.59E-13 2.56E-14 1.17E-14 9.59E-15 1.31E-15 8.70E-16 6.01E-15
 9.22E-10 8.54E-05 1.76E+00 8.60E+01 1.77E+00
   537.0 A  12  13 /FILMEM = KVIL93HE/TYPE = RECOM    /INDM =+T/ISEL =   27
 1.00E+11 2.00E+11 5.00E+11 1.00E+12 2.00E+12 5.00E+12 1.00E+13 2.00E+13
 5.00E+13 1.00E+14 2.00E+14 5.00E+14
 1.00E+00 2.00E+00 5.00E+00 1.00E+01 2.00E+01 3.00E+01 4.00E+01 5.00E+01
 6.50E+01 8.00E+01 1.00E+02 1.50E+02 2.00E+02
 1.48E-14 8.75E-15 3.81E-15 7.45E-15 1.50E-14 4.21E-15 3.87E-15 1.24E-14
 1.41E-09 1.09E-04 1.65E+00 6.74E+01 1.62E+00
 1.56E-14 9.28E-15 3.95E-15 7.46E-15 1.45E-14 3.52E-15 3.22E-15 1.18E-14
 1.41E-09 1.09E-04 1.65E+00 6.70E+01 1.61E+00
 1.84E-14 1.09E-14 4.39E-15 7.89E-15 1.46E-14 2.90E-15 2.60E-15 1.16E-14
 1.47E-09 1.14E-04 1.71E+00 6.89E+01 1.64E+00
 2.26E-14 1.28E-14 4.84E-15 8.48E-15 1.53E-14 2.60E-15 2.29E-15 1.18E-14
 1.56E-09 1.21E-04 1.83E+00 7.32E+01 1.73E+00
 2.90E-14 1.52E-14 5.22E-15 9.10E-15 1.63E-14 2.41E-15 2.07E-15 1.24E-14
 1.69E-09 1.32E-04 1.99E+00 7.95E+01 1.88E+00
 4.20E-14 1.84E-14 5.58E-15 9.77E-15 1.76E-14 2.27E-15 1.88E-15 1.34E-14
 1.87E-09 1.45E-04 2.18E+00 8.78E+01 2.08E+00
 5.72E-14 2.14E-14 6.10E-15 1.01E-14 1.79E-14 2.21E-15 1.78E-15 1.37E-14
 1.93E-09 1.49E-04 2.25E+00 9.10E+01 2.17E+00
 8.15E-14 2.66E-14 7.13E-15 1.00E-14 1.70E-14 2.13E-15 1.66E-15 1.31E-14
 1.86E-09 1.44E-04 2.17E+00 8.90E+01 2.14E+00
 1.38E-13 3.90E-14 9.22E-15 9.24E-15 1.38E-14 1.92E-15 1.44E-15 1.07E-14
 1.52E-09 1.18E-04 1.80E+00 7.56E+01 1.85E+00
 2.05E-13 5.19E-14 1.10E-14 8.19E-15 1.05E-14 1.66E-15 1.21E-15 7.98E-15
 1.13E-09 8.89E-05 1.37E+00 5.87E+01 1.45E+00
 2.86E-13 6.52E-14 1.27E-14 7.07E-15 7.33E-15 1.38E-15 9.77E-16 5.35E-15
 7.46E-10 5.92E-05 9.25E-01 4.04E+01 1.01E+00
 3.89E-13 7.97E-14 1.44E-14 5.93E-15 4.33E-15 1.06E-15 7.24E-16 2.82E-15
 3.73E-10 2.99E-05 4.76E-01 2.13E+01 5.38E-01
   522.2 A  12  13 /FILMEM = KVIL93HE/TYPE = RECOM    /INDM =+T/ISEL =   28
 1.00E+11 2.00E+11 5.00E+11 1.00E+12 2.00E+12 5.00E+12 1.00E+13 2.00E+13
 5.00E+13 1.00E+14 2.00E+14 5.00E+14
 1.00E+00 2.00E+00 5.00E+00 1.00E+01 2.00E+01 3.00E+01 4.00E+01 5.00E+01
 6.50E+01 8.00E+01 1.00E+02 1.50E+02 2.00E+02
 7.51E-15 3.49E-15 1.58E-15 4.97E-15 1.12E-14 2.82E-15 2.56E-15 9.30E-15
 1.12E-09 8.71E-05 1.30E+00 5.17E+01 1.22E+00
 9.42E-15 4.23E-15 1.83E-15 5.57E-15 1.24E-14 2.88E-15 2.60E-15 1.01E-14
 1.25E-09 9.76E-05 1.48E+00 5.88E+01 1.37E+00
 1.34E-14 5.68E-15 2.29E-15 6.51E-15 1.43E-14 3.15E-15 2.80E-15 1.15E-14
 1.44E-09 1.13E-04 1.73E+00 6.95E+01 1.61E+00
 1.77E-14 7.15E-15 2.69E-15 7.09E-15 1.54E-14 3.38E-15 2.96E-15 1.24E-14
 1.55E-09 1.22E-04 1.87E+00 7.59E+01 1.77E+00
 2.38E-14 9.05E-15 3.12E-15 7.33E-15 1.56E-14 3.46E-15 2.99E-15 1.25E-14
 1.58E-09 1.24E-04 1.91E+00 7.83E+01 1.84E+00
 3.57E-14 1.23E-14 3.72E-15 6.87E-15 1.38E-14 3.19E-15 2.69E-15 1.11E-14
 1.40E-09 1.10E-04 1.71E+00 7.16E+01 1.71E+00
 4.79E-14 1.52E-14 4.15E-15 6.01E-15 1.11E-14 2.69E-15 2.22E-15 8.86E-15
 1.12E-09 8.86E-05 1.39E+00 5.91E+01 1.44E+00
 6.17E-14 1.81E-14 4.54E-15 4.98E-15 8.15E-15 2.09E-15 1.68E-15 6.33E-15
 7.95E-10 6.32E-05 9.95E-01 4.32E+01 1.07E+00
 7.99E-14 2.19E-14 5.00E-15 3.79E-15 4.89E-15 1.38E-15 1.07E-15 3.56E-15
 4.36E-10 3.49E-05 5.52E-01 2.44E+01 6.12E-01
 9.29E-14 2.45E-14 5.33E-15 3.14E-15 3.22E-15 9.98E-16 7.44E-16 2.17E-15
 2.57E-10 2.05E-05 3.26E-01 1.45E+01 3.67E-01
 1.05E-13 2.69E-14 5.65E-15 2.69E-15 2.12E-15 7.30E-16 5.27E-16 1.29E-15
 1.43E-10 1.15E-05 1.83E-01 8.21E+00 2.08E-01
 1.19E-13 2.96E-14 6.05E-15 2.33E-15 1.30E-15 5.11E-16 3.54E-16 6.54E-16
 6.30E-11 5.07E-06 8.12E-02 3.66E+00 9.32E-02
 20584.6 A  12  13 /FILMEM = KVIL93HE/TYPE = RECOM    /INDM =+T/ISEL =   29
 1.00E+11 2.00E+11 5.00E+11 1.00E+12 2.00E+12 5.00E+12 1.00E+13 2.00E+13
 5.00E+13 1.00E+14 2.00E+14 5.00E+14
 1.00E+00 2.00E+00 5.00E+00 1.00E+01 2.00E+01 3.00E+01 4.00E+01 5.00E+01
 6.50E+01 8.00E+01 1.00E+02 1.50E+02 2.00E+02
 3.05E-16 1.34E-16 4.08E-17 4.97E-17 7.94E-17 3.04E-17 2.75E-17 5.94E-17
 5.22E-12 4.08E-07 6.69E-03 2.90E-01 6.54E-03
 3.12E-16 1.33E-16 3.92E-17 4.58E-17 7.07E-17 2.35E-17 2.13E-17 5.24E-17
 5.00E-12 3.90E-07 6.41E-03 2.79E-01 6.31E-03
 3.26E-16 1.32E-16 3.64E-17 3.97E-17 5.89E-17 1.61E-17 1.44E-17 4.32E-17
 4.54E-12 3.55E-07 5.86E-03 2.58E-01 5.84E-03
 3.42E-16 1.31E-16 3.33E-17 3.43E-17 4.95E-17 1.15E-17 1.02E-17 3.61E-17
 4.06E-12 3.18E-07 5.31E-03 2.36E-01 5.33E-03
 3.66E-16 1.27E-16 2.90E-17 2.81E-17 3.99E-17 7.98E-18 6.94E-18 2.92E-17
 3.50E-12 2.77E-07 4.70E-03 2.11E-01 4.75E-03
 4.10E-16 1.16E-16 2.25E-17 2.04E-17 2.88E-17 4.75E-18 4.02E-18 2.14E-17
 2.77E-12 2.25E-07 3.94E-03 1.80E-01 3.99E-03
 4.48E-16 1.01E-16 1.85E-17 1.62E-17 2.25E-17 3.25E-18 2.67E-18 1.67E-17
 2.29E-12 1.91E-07 3.45E-03 1.60E-01 3.49E-03
 4.84E-16 8.82E-17 1.64E-17 1.37E-17 1.83E-17 2.32E-18 1.84E-18 1.34E-17
 1.92E-12 1.64E-07 3.07E-03 1.44E-01 3.09E-03
 5.37E-16 8.25E-17 1.60E-17 1.21E-17 1.48E-17 1.65E-18 1.24E-18 1.05E-17
 1.58E-12 1.39E-07 2.70E-03 1.28E-01 2.69E-03
 6.20E-16 9.02E-17 1.73E-17 1.16E-17 1.32E-17 1.41E-18 1.01E-18 9.05E-18
 1.39E-12 1.25E-07 2.48E-03 1.19E-01 2.47E-03
 7.96E-16 1.12E-16 2.02E-17 1.18E-17 1.19E-17 1.34E-18 9.23E-19 7.94E-18
 1.23E-12 1.12E-07 2.27E-03 1.10E-01 2.26E-03
 1.31E-15 1.74E-16 2.80E-17 1.28E-17 1.05E-17 1.44E-18 9.52E-19 6.57E-18
 1.01E-12 9.35E-08 1.92E-03 9.42E-02 1.94E-03
  5017.1 A  12  13 /FILMEM = KVIL93HE/TYPE = RECOM    /INDM =+T/ISEL =   30
 1.00E+11 2.00E+11 5.00E+11 1.00E+12 2.00E+12 5.00E+12 1.00E+13 2.00E+13
 5.00E+13 1.00E+14 2.00E+14 5.00E+14
 1.00E+00 2.00E+00 5.00E+00 1.00E+01 2.00E+01 3.00E+01 4.00E+01 5.00E+01
 6.50E+01 8.00E+01 1.00E+02 1.50E+02 2.00E+02
 3.50E-16 2.07E-16 9.02E-17 1.76E-16 3.54E-16 9.98E-17 9.16E-17 2.94E-16
 3.34E-11 2.59E-06 3.90E-02 1.59E+00 3.83E-02
 3.70E-16 2.20E-16 9.35E-17 1.77E-16 3.43E-16 8.34E-17 7.61E-17 2.80E-16
 3.35E-11 2.59E-06 3.90E-02 1.59E+00 3.81E-02
 4.37E-16 2.57E-16 1.04E-16 1.87E-16 3.46E-16 6.87E-17 6.16E-17 2.74E-16
 3.48E-11 2.69E-06 4.05E-02 1.63E+00 3.89E-02
 5.35E-16 3.04E-16 1.15E-16 2.01E-16 3.63E-16 6.16E-17 5.41E-17 2.80E-16
 3.70E-11 2.87E-06 4.32E-02 1.73E+00 4.10E-02
 6.87E-16 3.60E-16 1.24E-16 2.16E-16 3.87E-16 5.71E-17 4.89E-17 2.95E-16
 4.01E-11 3.12E-06 4.70E-02 1.88E+00 4.44E-02
 9.94E-16 4.36E-16 1.32E-16 2.31E-16 4.16E-16 5.38E-17 4.45E-17 3.17E-16
 4.42E-11 3.43E-06 5.17E-02 2.08E+00 4.91E-02
 1.35E-15 5.06E-16 1.45E-16 2.39E-16 4.23E-16 5.24E-17 4.20E-17 3.24E-16
 4.56E-11 3.53E-06 5.32E-02 2.15E+00 5.13E-02
 1.93E-15 6.29E-16 1.69E-16 2.38E-16 4.03E-16 5.05E-17 3.93E-17 3.10E-16
 4.40E-11 3.40E-06 5.14E-02 2.11E+00 5.06E-02
 3.27E-15 9.24E-16 2.18E-16 2.19E-16 3.28E-16 4.54E-17 3.40E-17 2.53E-16
 3.60E-11 2.80E-06 4.27E-02 1.79E+00 4.37E-02
 4.85E-15 1.23E-15 2.61E-16 1.94E-16 2.49E-16 3.94E-17 2.87E-17 1.89E-16
 2.68E-11 2.10E-06 3.25E-02 1.39E+00 3.44E-02
 6.76E-15 1.54E-15 3.00E-16 1.67E-16 1.74E-16 3.27E-17 2.31E-17 1.27E-16
 1.77E-11 1.40E-06 2.19E-02 9.56E-01 2.40E-02
 9.21E-15 1.89E-15 3.40E-16 1.40E-16 1.02E-16 2.51E-17 1.71E-17 6.67E-17
 8.82E-12 7.08E-07 1.13E-02 5.03E-01 1.27E-02
  3965.7 A  12  13 /FILMEM = KVIL93HE/TYPE = RECOM    /INDM =+T/ISEL =   31
 1.00E+11 2.00E+11 5.00E+11 1.00E+12 2.00E+12 5.00E+12 1.00E+13 2.00E+13
 5.00E+13 1.00E+14 2.00E+14 5.00E+14
 1.00E+00 2.00E+00 5.00E+00 1.00E+01 2.00E+01 3.00E+01 4.00E+01 5.00E+01
 6.50E+01 8.00E+01 1.00E+02 1.50E+02 2.00E+02
 2.19E-16 1.02E-16 4.59E-17 1.45E-16 3.25E-16 8.21E-17 7.47E-17 2.71E-16
 3.27E-11 2.54E-06 3.80E-02 1.51E+00 3.56E-02
 2.75E-16 1.23E-16 5.35E-17 1.62E-16 3.61E-16 8.41E-17 7.57E-17 2.95E-16
 3.64E-11 2.85E-06 4.31E-02 1.72E+00 4.00E-02
 3.90E-16 1.65E-16 6.66E-17 1.90E-16 4.17E-16 9.19E-17 8.15E-17 3.36E-16
 4.20E-11 3.29E-06 5.04E-02 2.03E+00 4.70E-02
 5.17E-16 2.08E-16 7.83E-17 2.07E-16 4.50E-16 9.84E-17 8.62E-17 3.61E-16
 4.53E-11 3.55E-06 5.46E-02 2.21E+00 5.16E-02
 6.94E-16 2.64E-16 9.10E-17 2.14E-16 4.56E-16 1.01E-16 8.71E-17 3.66E-16
 4.60E-11 3.61E-06 5.57E-02 2.28E+00 5.36E-02
 1.04E-15 3.58E-16 1.08E-16 2.00E-16 4.03E-16 9.29E-17 7.84E-17 3.23E-16
 4.08E-11 3.21E-06 4.99E-02 2.09E+00 5.00E-02
 1.40E-15 4.42E-16 1.21E-16 1.75E-16 3.25E-16 7.85E-17 6.48E-17 2.58E-16
 3.26E-11 2.58E-06 4.04E-02 1.72E+00 4.19E-02
 1.80E-15 5.29E-16 1.32E-16 1.45E-16 2.38E-16 6.10E-17 4.91E-17 1.85E-16
 2.32E-11 1.84E-06 2.90E-02 1.26E+00 3.11E-02
 2.33E-15 6.37E-16 1.46E-16 1.10E-16 1.43E-16 4.04E-17 3.12E-17 1.04E-16
 1.27E-11 1.02E-06 1.61E-02 7.11E-01 1.78E-02
 2.71E-15 7.13E-16 1.55E-16 9.15E-17 9.37E-17 2.91E-17 2.17E-17 6.33E-17
 7.48E-12 5.98E-07 9.50E-03 4.23E-01 1.07E-02
 3.06E-15 7.84E-16 1.65E-16 7.84E-17 6.19E-17 2.13E-17 1.54E-17 3.76E-17
 4.18E-12 3.35E-07 5.34E-03 2.39E-01 6.08E-03
 3.47E-15 8.63E-16 1.76E-16 6.80E-17 3.78E-17 1.49E-17 1.03E-17 1.91E-17
 1.84E-12 1.48E-07 2.37E-03 1.07E-01 2.72E-03
 10831.9 A  12  13 /FILMEM = KVIL93HE/TYPE = RECOM    /INDM =+T/ISEL =   32
 1.00E+11 2.00E+11 5.00E+11 1.00E+12 2.00E+12 5.00E+12 1.00E+13 2.00E+13
 5.00E+13 1.00E+14 2.00E+14 5.00E+14
 1.00E+00 2.00E+00 5.00E+00 1.00E+01 2.00E+01 3.00E+01 4.00E+01 5.00E+01
 6.50E+01 8.00E+01 1.00E+02 1.50E+02 2.00E+02
 2.00E-12 1.57E-12 1.00E-12 1.74E-12 3.08E-12 1.02E-12 9.13E-13 2.29E-12
 1.65E-07 9.32E-03 1.09E+02 3.93E+03 9.99E+01
 2.08E-12 1.58E-12 9.67E-13 1.60E-12 2.76E-12 7.76E-13 6.94E-13 2.04E-12
 1.58E-07 8.97E-03 1.05E+02 3.81E+03 9.70E+01
 2.20E-12 1.58E-12 8.81E-13 1.36E-12 2.24E-12 5.09E-13 4.51E-13 1.65E-12
 1.40E-07 7.97E-03 9.41E+01 3.44E+03 8.86E+01
 2.30E-12 1.53E-12 7.58E-13 1.07E-12 1.72E-12 3.34E-13 2.93E-13 1.27E-12
 1.15E-07 6.57E-03 7.82E+01 2.91E+03 7.64E+01
 2.38E-12 1.39E-12 5.71E-13 7.17E-13 1.10E-12 1.86E-13 1.62E-13 8.39E-13
 7.97E-08 4.63E-03 5.59E+01 2.14E+03 5.79E+01
 2.32E-12 1.01E-12 2.87E-13 2.96E-13 4.27E-13 6.08E-14 5.20E-14 3.38E-13
 3.45E-08 2.05E-03 2.54E+01 1.03E+03 2.94E+01
 2.03E-12 6.33E-13 1.36E-13 1.21E-13 1.64E-13 2.08E-14 1.73E-14 1.32E-13
 1.41E-08 8.51E-04 1.07E+01 4.49E+02 1.33E+01
 1.54E-12 3.35E-13 5.93E-14 4.57E-14 5.76E-14 6.57E-15 5.32E-15 4.58E-14
 5.06E-09 3.11E-04 3.95E+00 1.68E+02 5.07E+00
 8.83E-13 1.33E-13 2.06E-14 1.35E-14 1.51E-14 1.53E-15 1.17E-15 1.15E-14
 1.32E-09 8.21E-05 1.05E+00 4.45E+01 1.33E+00
 5.49E-13 7.02E-14 1.01E-14 5.93E-15 6.08E-15 5.83E-16 4.28E-16 4.42E-15
 5.17E-10 3.25E-05 4.17E-01 1.75E+01 5.12E-01
 3.59E-13 4.13E-14 5.56E-15 2.88E-15 2.68E-15 2.60E-16 1.83E-16 1.87E-15
 2.21E-10 1.40E-05 1.80E-01 7.49E+00 2.15E-01
 2.43E-13 2.51E-14 3.04E-15 1.30E-15 1.03E-15 1.17E-16 7.88E-17 6.73E-16
 7.92E-11 5.04E-06 6.48E-02 2.68E+00 7.56E-02
  3889.7 A  12  13 /FILMEM = KVIL93HE/TYPE = RECOM    /INDM =+T/ISEL =   33
 1.00E+11 2.00E+11 5.00E+11 1.00E+12 2.00E+12 5.00E+12 1.00E+13 2.00E+13
 5.00E+13 1.00E+14 2.00E+14 5.00E+14
 1.00E+00 2.00E+00 5.00E+00 1.00E+01 2.00E+01 3.00E+01 4.00E+01 5.00E+01
 6.50E+01 8.00E+01 1.00E+02 1.50E+02 2.00E+02
 3.91E-14 2.85E-14 1.76E-14 3.34E-14 6.55E-14 2.08E-14 1.95E-14 5.62E-14
 4.46E-09 2.61E-04 3.15E+00 1.19E+02 3.13E+00
 3.70E-14 2.64E-14 1.60E-14 2.94E-14 5.64E-14 1.53E-14 1.43E-14 4.84E-14
 4.11E-09 2.41E-04 2.93E+00 1.12E+02 2.94E+00
 3.26E-14 2.29E-14 1.35E-14 2.36E-14 4.35E-14 9.55E-15 8.81E-15 3.67E-14
 3.37E-09 1.99E-04 2.42E+00 9.36E+01 2.50E+00
 2.92E-14 2.05E-14 1.17E-14 1.92E-14 3.40E-14 6.39E-15 5.77E-15 2.81E-14
 2.68E-09 1.58E-04 1.93E+00 7.52E+01 2.03E+00
 2.74E-14 1.89E-14 9.84E-15 1.49E-14 2.53E-14 4.10E-15 3.61E-15 2.04E-14
 2.01E-09 1.19E-04 1.45E+00 5.66E+01 1.55E+00
 2.88E-14 1.74E-14 7.01E-15 9.16E-15 1.48E-14 2.03E-15 1.73E-15 1.19E-14
 1.22E-09 7.24E-05 8.87E-01 3.51E+01 9.91E-01
 3.20E-14 1.53E-14 4.80E-15 5.54E-15 8.60E-15 1.08E-15 8.97E-16 7.00E-15
 7.39E-10 4.40E-05 5.42E-01 2.18E+01 6.33E-01
 3.49E-14 1.23E-14 3.12E-15 3.14E-15 4.65E-15 5.64E-16 4.52E-16 3.79E-15
 4.07E-10 2.43E-05 3.01E-01 1.23E+01 3.63E-01
 3.57E-14 8.88E-15 1.84E-15 1.48E-15 1.98E-15 2.53E-16 1.93E-16 1.59E-15
 1.71E-10 1.03E-05 1.27E-01 5.23E+00 1.56E-01
 3.45E-14 7.28E-15 1.36E-15 8.86E-16 1.05E-15 1.50E-16 1.10E-16 8.10E-16
 8.66E-11 5.20E-06 6.46E-02 2.66E+00 7.90E-02
 3.30E-14 6.36E-15 1.11E-15 5.78E-16 5.70E-16 9.76E-17 6.89E-17 4.16E-16
 4.35E-11 2.61E-06 3.24E-02 1.34E+00 3.93E-02
 3.17E-14 5.76E-15 9.60E-16 3.85E-16 2.75E-16 6.31E-17 4.26E-17 1.77E-16
 1.74E-11 1.05E-06 1.30E-02 5.35E-01 1.55E-02
  3188.7 A  12  13 /FILMEM = KVIL93HE/TYPE = RECOM    /INDM =+T/ISEL =   34
 1.00E+11 2.00E+11 5.00E+11 1.00E+12 2.00E+12 5.00E+12 1.00E+13 2.00E+13
 5.00E+13 1.00E+14 2.00E+14 5.00E+14
 1.00E+00 2.00E+00 5.00E+00 1.00E+01 2.00E+01 3.00E+01 4.00E+01 5.00E+01
 6.50E+01 8.00E+01 1.00E+02 1.50E+02 2.00E+02
 6.40E-15 3.86E-15 2.58E-15 6.15E-15 1.38E-14 4.64E-15 4.46E-15 1.32E-14
 1.14E-09 7.13E-05 9.06E-01 3.56E+01 9.47E-01
 5.57E-15 3.35E-15 2.21E-15 5.01E-15 1.08E-14 3.17E-15 3.02E-15 1.01E-14
 9.18E-10 5.78E-05 7.43E-01 2.96E+01 7.87E-01
 5.09E-15 2.93E-15 1.79E-15 3.72E-15 7.59E-15 1.90E-15 1.77E-15 6.79E-15
 6.44E-10 4.06E-05 5.28E-01 2.13E+01 5.66E-01
 5.24E-15 2.81E-15 1.53E-15 2.91E-15 5.67E-15 1.29E-15 1.18E-15 4.89E-15
 4.72E-10 2.96E-05 3.85E-01 1.56E+01 4.16E-01
 5.78E-15 2.83E-15 1.32E-15 2.20E-15 4.06E-15 8.64E-16 7.66E-16 3.39E-15
 3.30E-10 2.06E-05 2.67E-01 1.09E+01 2.92E-01
 6.87E-15 2.90E-15 1.02E-15 1.37E-15 2.33E-15 4.75E-16 4.07E-16 1.89E-15
 1.86E-10 1.15E-05 1.49E-01 6.12E+00 1.67E-01
 7.72E-15 2.82E-15 7.95E-16 8.79E-16 1.39E-15 2.88E-16 2.39E-16 1.10E-15
 1.09E-10 6.70E-06 8.68E-02 3.60E+00 9.99E-02
 8.35E-15 2.59E-15 6.15E-16 5.49E-16 7.87E-16 1.74E-16 1.40E-16 6.04E-16
 5.90E-11 3.64E-06 4.72E-02 1.97E+00 5.54E-02
 8.68E-15 2.28E-15 4.76E-16 3.13E-16 3.67E-16 9.42E-17 7.21E-17 2.62E-16
 2.47E-11 1.53E-06 1.98E-02 8.31E-01 2.34E-02
 8.69E-15 2.14E-15 4.27E-16 2.25E-16 2.14E-16 6.29E-17 4.64E-17 1.40E-16
 1.25E-11 7.74E-07 1.00E-02 4.22E-01 1.19E-02
 8.65E-15 2.07E-15 4.06E-16 1.78E-16 1.31E-16 4.46E-17 3.17E-17 7.63E-17
 6.29E-12 3.89E-07 5.04E-03 2.12E-01 5.94E-03
 8.66E-15 2.05E-15 4.01E-16 1.49E-16 7.77E-17 3.11E-17 2.12E-17 3.66E-17
 2.52E-12 1.56E-07 2.02E-03 8.48E-02 2.36E-03
 42955.3 A  12  13 /FILMEM = KVIL93HE/TYPE = RECOM    /INDM =+T/ISEL =   35
 1.00E+11 2.00E+11 5.00E+11 1.00E+12 2.00E+12 5.00E+12 1.00E+13 2.00E+13
 5.00E+13 1.00E+14 2.00E+14 5.00E+14
 1.00E+00 2.00E+00 5.00E+00 1.00E+01 2.00E+01 3.00E+01 4.00E+01 5.00E+01
 6.50E+01 8.00E+01 1.00E+02 1.50E+02 2.00E+02
 4.46E-15 3.25E-15 2.00E-15 3.81E-15 7.47E-15 2.37E-15 2.22E-15 6.41E-15
 5.09E-10 2.97E-05 3.59E-01 1.36E+01 3.56E-01
 4.22E-15 3.01E-15 1.83E-15 3.36E-15 6.43E-15 1.74E-15 1.63E-15 5.51E-15
 4.69E-10 2.75E-05 3.34E-01 1.27E+01 3.35E-01
 3.71E-15 2.61E-15 1.54E-15 2.70E-15 4.96E-15 1.09E-15 1.00E-15 4.19E-15
 3.84E-10 2.26E-05 2.76E-01 1.07E+01 2.85E-01
 3.33E-15 2.33E-15 1.33E-15 2.19E-15 3.88E-15 7.28E-16 6.58E-16 3.20E-15
 3.06E-10 1.81E-05 2.20E-01 8.58E+00 2.32E-01
 3.13E-15 2.16E-15 1.12E-15 1.70E-15 2.88E-15 4.67E-16 4.11E-16 2.33E-15
 2.30E-10 1.36E-05 1.65E-01 6.46E+00 1.77E-01
 3.28E-15 1.99E-15 7.99E-16 1.04E-15 1.68E-15 2.32E-16 1.97E-16 1.36E-15
 1.39E-10 8.26E-06 1.01E-01 4.00E+00 1.13E-01
 3.64E-15 1.74E-15 5.47E-16 6.32E-16 9.81E-16 1.24E-16 1.02E-16 7.98E-16
 8.42E-11 5.02E-06 6.18E-02 2.49E+00 7.22E-02
 3.98E-15 1.40E-15 3.56E-16 3.58E-16 5.30E-16 6.43E-17 5.15E-17 4.32E-16
 4.64E-11 2.77E-06 3.43E-02 1.40E+00 4.14E-02
 4.07E-15 1.01E-15 2.10E-16 1.69E-16 2.26E-16 2.88E-17 2.20E-17 1.81E-16
 1.95E-11 1.17E-06 1.45E-02 5.97E-01 1.78E-02
 3.93E-15 8.31E-16 1.56E-16 1.01E-16 1.20E-16 1.71E-17 1.26E-17 9.24E-17
 9.88E-12 5.93E-07 7.37E-03 3.03E-01 9.01E-03
 3.77E-15 7.25E-16 1.27E-16 6.59E-17 6.50E-17 1.11E-17 7.86E-18 4.74E-17
 4.96E-12 2.98E-07 3.70E-03 1.52E-01 4.48E-03
 3.61E-15 6.57E-16 1.09E-16 4.39E-17 3.14E-17 7.19E-18 4.86E-18 2.02E-17
 1.99E-12 1.19E-07 1.48E-03 6.10E-02 1.76E-03
 15087.5 A  12  13 /FILMEM = KVIL93HE/TYPE = RECOM    /INDM =+T/ISEL =   36
 1.00E+11 2.00E+11 5.00E+11 1.00E+12 2.00E+12 5.00E+12 1.00E+13 2.00E+13
 5.00E+13 1.00E+14 2.00E+14 5.00E+14
 1.00E+00 2.00E+00 5.00E+00 1.00E+01 2.00E+01 3.00E+01 4.00E+01 5.00E+01
 6.50E+01 8.00E+01 1.00E+02 1.50E+02 2.00E+02
 4.18E-17 1.94E-17 8.77E-18 2.77E-17 6.21E-17 1.57E-17 1.43E-17 5.18E-17
 6.25E-12 4.85E-07 7.26E-03 2.88E-01 6.79E-03
 5.25E-17 2.36E-17 1.02E-17 3.10E-17 6.90E-17 1.61E-17 1.45E-17 5.64E-17
 6.96E-12 5.44E-07 8.23E-03 3.28E-01 7.65E-03
 7.45E-17 3.16E-17 1.27E-17 3.62E-17 7.97E-17 1.76E-17 1.56E-17 6.41E-17
 8.03E-12 6.30E-07 9.64E-03 3.87E-01 8.99E-03
 9.87E-17 3.98E-17 1.50E-17 3.95E-17 8.60E-17 1.88E-17 1.65E-17 6.89E-17
 8.65E-12 6.79E-07 1.04E-02 4.23E-01 9.85E-03
 1.33E-16 5.04E-17 1.74E-17 4.08E-17 8.71E-17 1.93E-17 1.67E-17 6.98E-17
 8.79E-12 6.90E-07 1.06E-02 4.36E-01 1.02E-02
 1.99E-16 6.84E-17 2.07E-17 3.83E-17 7.70E-17 1.77E-17 1.50E-17 6.18E-17
 7.79E-12 6.14E-07 9.54E-03 3.99E-01 9.55E-03
 2.67E-16 8.45E-17 2.31E-17 3.35E-17 6.20E-17 1.50E-17 1.24E-17 4.94E-17
 6.23E-12 4.93E-07 7.71E-03 3.29E-01 8.00E-03
 3.44E-16 1.01E-16 2.53E-17 2.77E-17 4.54E-17 1.16E-17 9.37E-18 3.53E-17
 4.42E-12 3.52E-07 5.54E-03 2.41E-01 5.94E-03
 4.45E-16 1.22E-16 2.79E-17 2.11E-17 2.72E-17 7.71E-18 5.95E-18 1.98E-17
 2.43E-12 1.94E-07 3.07E-03 1.36E-01 3.41E-03
 5.17E-16 1.36E-16 2.97E-17 1.75E-17 1.79E-17 5.56E-18 4.14E-18 1.21E-17
 1.43E-12 1.14E-07 1.82E-03 8.08E-02 2.04E-03
 5.85E-16 1.50E-16 3.15E-17 1.50E-17 1.18E-17 4.07E-18 2.93E-18 7.19E-18
 7.99E-13 6.41E-08 1.02E-03 4.57E-02 1.16E-03
 6.64E-16 1.65E-16 3.37E-17 1.30E-17 7.22E-18 2.85E-18 1.97E-18 3.64E-18
 3.51E-13 2.82E-08 4.52E-04 2.04E-02 5.19E-04
 21128.2 A  12  13 /FILMEM = KVIL93HE/TYPE = RECOM    /INDM =+T/ISEL =   37
 1.00E+11 2.00E+11 5.00E+11 1.00E+12 2.00E+12 5.00E+12 1.00E+13 2.00E+13
 5.00E+13 1.00E+14 2.00E+14 5.00E+14
 1.00E+00 2.00E+00 5.00E+00 1.00E+01 2.00E+01 3.00E+01 4.00E+01 5.00E+01
 6.50E+01 8.00E+01 1.00E+02 1.50E+02 2.00E+02
 2.45E-15 2.33E-15 1.85E-15 3.47E-15 6.38E-15 2.12E-15 1.92E-15 4.97E-15
 4.49E-10 3.31E-05 5.06E-01 2.09E+01 4.88E-01
 2.53E-15 2.19E-15 1.62E-15 2.96E-15 5.42E-15 1.57E-15 1.43E-15 4.31E-15
 4.13E-10 3.01E-05 4.57E-01 1.90E+01 4.52E-01
 2.62E-15 1.91E-15 1.23E-15 2.18E-15 3.96E-15 9.76E-16 8.88E-16 3.22E-15
 3.27E-10 2.34E-05 3.52E-01 1.49E+01 3.63E-01
 2.74E-15 1.70E-15 9.55E-16 1.60E-15 2.88E-15 6.44E-16 5.80E-16 2.36E-15
 2.45E-10 1.73E-05 2.58E-01 1.11E+01 2.76E-01
 2.95E-15 1.55E-15 7.30E-16 1.13E-15 1.97E-15 4.11E-16 3.63E-16 1.61E-15
 1.69E-10 1.17E-05 1.72E-01 7.45E+00 1.90E-01
 3.39E-15 1.44E-15 5.05E-16 6.51E-16 1.07E-15 2.15E-16 1.84E-16 8.63E-16
 9.10E-11 6.20E-06 8.97E-02 3.91E+00 1.02E-01
 3.76E-15 1.34E-15 3.74E-16 4.05E-16 6.27E-16 1.28E-16 1.06E-16 4.94E-16
 5.20E-11 3.52E-06 5.05E-02 2.21E+00 5.91E-02
 4.04E-15 1.21E-15 2.82E-16 2.49E-16 3.51E-16 7.64E-17 6.13E-17 2.68E-16
 2.79E-11 1.88E-06 2.69E-02 1.18E+00 3.20E-02
 4.17E-15 1.05E-15 2.14E-16 1.40E-16 1.63E-16 4.10E-17 3.14E-17 1.16E-16
 1.16E-11 7.82E-07 1.12E-02 4.93E-01 1.34E-02
 4.16E-15 9.77E-16 1.90E-16 9.98E-17 9.41E-17 2.73E-17 2.01E-17 6.16E-17
 5.87E-12 3.95E-07 5.64E-03 2.49E-01 6.75E-03
 4.14E-15 9.42E-16 1.79E-16 7.85E-17 5.76E-17 1.93E-17 1.37E-17 3.35E-17
 2.95E-12 1.98E-07 2.83E-03 1.25E-01 3.37E-03
 4.14E-15 9.31E-16 1.77E-16 6.50E-17 3.40E-17 1.34E-17 9.15E-18 1.60E-17
 1.18E-12 7.94E-08 1.13E-03 5.00E-02 1.34E-03
 17006.8 A  12  13 /FILMEM = KVIL93HE/TYPE = RECOM    /INDM =+T/ISEL =   38
 1.00E+11 2.00E+11 5.00E+11 1.00E+12 2.00E+12 5.00E+12 1.00E+13 2.00E+13
 5.00E+13 1.00E+14 2.00E+14 5.00E+14
 1.00E+00 2.00E+00 5.00E+00 1.00E+01 2.00E+01 3.00E+01 4.00E+01 5.00E+01
 6.50E+01 8.00E+01 1.00E+02 1.50E+02 2.00E+02
 5.72E-15 4.03E-15 3.00E-15 7.38E-15 1.51E-14 4.47E-15 4.01E-15 1.20E-14
 8.77E-10 4.57E-05 4.92E-01 1.69E+01 4.43E-01
 6.48E-15 4.25E-15 2.97E-15 6.96E-15 1.41E-14 3.78E-15 3.40E-15 1.13E-14
 8.82E-10 4.71E-05 5.21E-01 1.82E+01 4.74E-01
 7.88E-15 4.68E-15 2.92E-15 6.26E-15 1.24E-14 2.96E-15 2.66E-15 1.00E-14
 8.40E-10 4.64E-05 5.32E-01 1.92E+01 4.99E-01
 9.36E-15 5.12E-15 2.85E-15 5.52E-15 1.06E-14 2.36E-15 2.10E-15 8.58E-15
 7.51E-10 4.24E-05 4.99E-01 1.85E+01 4.84E-01
 1.13E-14 5.63E-15 2.68E-15 4.54E-15 8.34E-15 1.75E-15 1.53E-15 6.74E-15
 6.11E-10 3.51E-05 4.21E-01 1.60E+01 4.27E-01
 1.42E-14 6.14E-15 2.21E-15 3.00E-15 5.13E-15 1.03E-15 8.77E-16 4.11E-15
 3.87E-10 2.26E-05 2.76E-01 1.09E+01 2.98E-01
 1.63E-14 6.07E-15 1.74E-15 1.95E-15 3.12E-15 6.34E-16 5.26E-16 2.47E-15
 2.35E-10 1.39E-05 1.71E-01 6.87E+00 1.93E-01
 1.78E-14 5.63E-15 1.36E-15 1.23E-15 1.78E-15 3.85E-16 3.09E-16 1.37E-15
 1.30E-10 7.71E-06 9.56E-02 3.89E+00 1.11E-01
 1.86E-14 4.97E-15 1.05E-15 6.98E-16 8.30E-16 2.08E-16 1.59E-16 5.99E-16
 5.51E-11 3.27E-06 4.06E-02 1.67E+00 4.80E-02
 1.86E-14 4.66E-15 9.39E-16 5.00E-16 4.81E-16 1.39E-16 1.02E-16 3.19E-16
 2.80E-11 1.66E-06 2.07E-02 8.49E-01 2.44E-02
 1.86E-14 4.50E-15 8.91E-16 3.95E-16 2.95E-16 9.84E-17 7.00E-17 1.74E-16
 1.41E-11 8.36E-07 1.04E-02 4.27E-01 1.22E-02
 1.86E-14 4.46E-15 8.81E-16 3.28E-16 1.73E-16 6.85E-17 4.66E-17 8.29E-17
 5.64E-12 3.35E-07 4.17E-03 1.71E-01 4.85E-03
 18688.1 A  12  13 /FILMEM = KVIL93HE/TYPE = RECOM    /INDM =+T/ISEL =   39
 1.00E+11 2.00E+11 5.00E+11 1.00E+12 2.00E+12 5.00E+12 1.00E+13 2.00E+13
 5.00E+13 1.00E+14 2.00E+14 5.00E+14
 1.00E+00 2.00E+00 5.00E+00 1.00E+01 2.00E+01 3.00E+01 4.00E+01 5.00E+01
 6.50E+01 8.00E+01 1.00E+02 1.50E+02 2.00E+02
 1.66E-14 8.28E-15 4.32E-15 1.06E-14 2.31E-14 1.13E-14 1.04E-14 1.91E-14
 1.25E-09 8.02E-05 1.03E+00 3.93E+01 9.93E-01
 1.87E-14 9.81E-15 5.36E-15 1.20E-14 2.45E-14 9.71E-15 8.91E-15 1.93E-14
 1.37E-09 8.48E-05 1.06E+00 3.98E+01 1.01E+00
 2.28E-14 1.22E-14 6.69E-15 1.36E-14 2.60E-14 7.92E-15 7.15E-15 1.98E-14
 1.55E-09 9.20E-05 1.12E+00 4.12E+01 1.04E+00
 2.72E-14 1.41E-14 7.32E-15 1.36E-14 2.51E-14 6.52E-15 5.81E-15 1.91E-14
 1.59E-09 9.29E-05 1.12E+00 4.14E+01 1.06E+00
 3.28E-14 1.60E-14 7.39E-15 1.21E-14 2.17E-14 5.00E-15 4.38E-15 1.66E-14
 1.45E-09 8.48E-05 1.03E+00 3.85E+01 1.00E+00
 4.13E-14 1.78E-14 6.39E-15 8.52E-15 1.43E-14 3.02E-15 2.57E-15 1.11E-14
 1.02E-09 6.01E-05 7.36E-01 2.86E+01 7.74E-01
 4.73E-14 1.77E-14 5.11E-15 5.66E-15 8.90E-15 1.87E-15 1.55E-15 6.90E-15
 6.51E-10 3.85E-05 4.76E-01 1.90E+01 5.30E-01
 5.18E-14 1.64E-14 3.98E-15 3.58E-15 5.13E-15 1.13E-15 9.11E-16 3.90E-15
 3.68E-10 2.19E-05 2.72E-01 1.10E+01 3.15E-01
 5.41E-14 1.45E-14 3.08E-15 2.04E-15 2.41E-15 6.11E-16 4.67E-16 1.72E-15
 1.58E-10 9.40E-06 1.17E-01 4.79E+00 1.38E-01
 5.42E-14 1.36E-14 2.75E-15 1.46E-15 1.40E-15 4.06E-16 3.00E-16 9.18E-16
 8.04E-11 4.80E-06 5.97E-02 2.45E+00 7.05E-02
 5.40E-14 1.31E-14 2.60E-15 1.15E-15 8.56E-16 2.87E-16 2.04E-16 5.00E-16
 4.05E-11 2.42E-06 3.01E-02 1.24E+00 3.54E-02
 5.41E-14 1.30E-14 2.57E-15 9.56E-16 5.04E-16 2.00E-16 1.36E-16 2.39E-16
 1.63E-11 9.70E-07 1.21E-02 4.96E-01 1.40E-02
 18698.6 A  12  13 /FILMEM = KVIL93HE/TYPE = RECOM    /INDM =+T/ISEL =   40
 1.00E+11 2.00E+11 5.00E+11 1.00E+12 2.00E+12 5.00E+12 1.00E+13 2.00E+13
 5.00E+13 1.00E+14 2.00E+14 5.00E+14
 1.00E+00 2.00E+00 5.00E+00 1.00E+01 2.00E+01 3.00E+01 4.00E+01 5.00E+01
 6.50E+01 8.00E+01 1.00E+02 1.50E+02 2.00E+02
 6.17E-15 2.53E-15 9.79E-16 3.14E-15 8.22E-15 4.35E-15 4.10E-15 7.55E-15
 6.74E-10 5.76E-05 9.37E-01 3.95E+01 9.30E-01
 5.77E-15 2.38E-15 9.20E-16 2.88E-15 7.41E-15 3.46E-15 3.27E-15 6.77E-15
 6.48E-10 5.42E-05 8.71E-01 3.68E+01 8.76E-01
 5.22E-15 2.14E-15 8.20E-16 2.40E-15 6.01E-15 2.39E-15 2.26E-15 5.50E-15
 5.68E-10 4.61E-05 7.29E-01 3.10E+01 7.51E-01
 4.97E-15 1.99E-15 7.37E-16 1.97E-15 4.76E-15 1.70E-15 1.59E-15 4.34E-15
 4.69E-10 3.75E-05 5.87E-01 2.51E+01 6.18E-01
 5.07E-15 1.94E-15 6.72E-16 1.56E-15 3.58E-15 1.17E-15 1.07E-15 3.19E-15
 3.58E-10 2.83E-05 4.40E-01 1.89E+01 4.71E-01
 5.94E-15 2.06E-15 6.28E-16 1.12E-15 2.32E-15 6.95E-16 6.12E-16 1.98E-15
 2.29E-10 1.79E-05 2.76E-01 1.19E+01 2.99E-01
 7.14E-15 2.27E-15 6.25E-16 8.73E-16 1.61E-15 4.69E-16 3.99E-16 1.32E-15
 1.54E-10 1.20E-05 1.85E-01 7.99E+00 2.01E-01
 8.64E-15 2.55E-15 6.39E-16 6.79E-16 1.09E-15 3.17E-16 2.60E-16 8.44E-16
 9.90E-11 7.72E-06 1.19E-01 5.15E+00 1.30E-01
 1.08E-14 2.94E-15 6.74E-16 5.00E-16 6.27E-16 1.92E-16 1.49E-16 4.47E-16
 5.17E-11 4.03E-06 6.23E-02 2.71E+00 6.86E-02
 1.23E-14 3.25E-15 7.07E-16 4.11E-16 4.10E-16 1.34E-16 1.00E-16 2.70E-16
 3.02E-11 2.36E-06 3.66E-02 1.60E+00 4.06E-02
 1.39E-14 3.54E-15 7.44E-16 3.52E-16 2.72E-16 9.65E-17 6.97E-17 1.61E-16
 1.70E-11 1.33E-06 2.08E-02 9.15E-01 2.33E-02
 1.57E-14 3.89E-15 7.93E-16 3.05E-16 1.67E-16 6.70E-17 4.64E-17 8.21E-17
 7.55E-12 5.96E-07 9.37E-03 4.17E-01 1.06E-02
 21132.7 A  12  13 /FILMEM = KVIL93HE/TYPE = RECOM    /INDM =+T/ISEL =   41
 1.00E+11 2.00E+11 5.00E+11 1.00E+12 2.00E+12 5.00E+12 1.00E+13 2.00E+13
 5.00E+13 1.00E+14 2.00E+14 5.00E+14
 1.00E+00 2.00E+00 5.00E+00 1.00E+01 2.00E+01 3.00E+01 4.00E+01 5.00E+01
 6.50E+01 8.00E+01 1.00E+02 1.50E+02 2.00E+02
 5.74E-16 2.93E-16 1.43E-16 3.38E-16 7.78E-16 1.97E-16 1.86E-16 7.09E-16
 1.28E-10 1.43E-05 2.91E-01 1.37E+01 3.05E-01
 4.59E-16 2.21E-16 1.04E-16 2.43E-16 5.62E-16 1.31E-16 1.24E-16 5.22E-16
 9.74E-11 1.09E-05 2.24E-01 1.07E+01 2.43E-01
 3.29E-16 1.44E-16 6.29E-17 1.46E-16 3.36E-16 7.21E-17 6.79E-17 3.13E-16
 5.87E-11 6.54E-06 1.35E-01 6.62E+00 1.53E-01
 2.71E-16 1.10E-16 4.43E-17 1.01E-16 2.28E-16 4.78E-17 4.40E-17 2.08E-16
 3.78E-11 4.11E-06 8.39E-02 4.15E+00 9.74E-02
 2.54E-16 9.52E-17 3.45E-17 7.47E-17 1.63E-16 3.44E-17 3.07E-17 1.43E-16
 2.45E-11 2.55E-06 5.08E-02 2.50E+00 5.91E-02
 2.89E-16 9.66E-17 2.98E-17 5.38E-17 1.10E-16 2.43E-17 2.08E-17 9.20E-17
 1.43E-11 1.39E-06 2.64E-02 1.28E+00 3.04E-02
 3.50E-16 1.07E-16 2.95E-17 4.25E-17 7.94E-17 1.86E-17 1.55E-17 6.47E-17
 9.53E-12 8.88E-07 1.63E-02 7.74E-01 1.86E-02
 4.29E-16 1.22E-16 3.04E-17 3.34E-17 5.49E-17 1.37E-17 1.11E-17 4.32E-17
 6.10E-12 5.51E-07 9.86E-03 4.65E-01 1.13E-02
 5.39E-16 1.43E-16 3.22E-17 2.45E-17 3.18E-17 8.82E-18 6.81E-18 2.33E-17
 3.12E-12 2.75E-07 4.83E-03 2.26E-01 5.56E-03
 6.21E-16 1.59E-16 3.40E-17 2.00E-17 2.06E-17 6.29E-18 4.69E-18 1.40E-17
 1.79E-12 1.56E-07 2.71E-03 1.27E-01 3.13E-03
 7.00E-16 1.73E-16 3.58E-17 1.70E-17 1.35E-17 4.58E-18 3.30E-18 8.24E-18
 9.84E-13 8.54E-08 1.47E-03 6.90E-02 1.71E-03
 7.92E-16 1.91E-16 3.82E-17 1.47E-17 8.18E-18 3.20E-18 2.21E-18 4.14E-18
 4.28E-13 3.70E-08 6.38E-04 2.99E-02 7.45E-04
 19091.3 A  12  13 /FILMEM = KVIL93HE/TYPE = RECOM    /INDM =+T/ISEL =   42
 1.00E+11 2.00E+11 5.00E+11 1.00E+12 2.00E+12 5.00E+12 1.00E+13 2.00E+13
 5.00E+13 1.00E+14 2.00E+14 5.00E+14
 1.00E+00 2.00E+00 5.00E+00 1.00E+01 2.00E+01 3.00E+01 4.00E+01 5.00E+01
 6.50E+01 8.00E+01 1.00E+02 1.50E+02 2.00E+02
 1.98E-15 8.85E-16 3.79E-16 1.29E-15 3.40E-15 9.31E-16 8.64E-16 3.08E-15
 3.07E-10 1.98E-05 2.52E-01 9.59E+00 2.49E-01
 1.82E-15 7.92E-16 3.32E-16 1.12E-15 2.93E-15 7.80E-16 7.26E-16 2.70E-15
 2.78E-10 1.84E-05 2.39E-01 9.22E+00 2.38E-01
 1.64E-15 6.88E-16 2.76E-16 8.67E-16 2.23E-15 5.86E-16 5.44E-16 2.09E-15
 2.25E-10 1.54E-05 2.09E-01 8.27E+00 2.13E-01
 1.59E-15 6.43E-16 2.44E-16 6.94E-16 1.73E-15 4.48E-16 4.12E-16 1.61E-15
 1.79E-10 1.27E-05 1.77E-01 7.15E+00 1.83E-01
 1.68E-15 6.42E-16 2.25E-16 5.52E-16 1.30E-15 3.31E-16 2.99E-16 1.18E-15
 1.36E-10 9.83E-06 1.41E-01 5.80E+00 1.48E-01
 2.06E-15 7.12E-16 2.18E-16 4.08E-16 8.64E-16 2.18E-16 1.90E-16 7.49E-16
 8.84E-11 6.57E-06 9.66E-02 4.05E+00 1.03E-01
 2.54E-15 8.07E-16 2.22E-16 3.22E-16 6.13E-16 1.57E-16 1.32E-16 5.09E-16
 6.08E-11 4.59E-06 6.85E-02 2.90E+00 7.35E-02
 3.13E-15 9.20E-16 2.31E-16 2.52E-16 4.18E-16 1.11E-16 9.04E-17 3.31E-16
 3.96E-11 3.02E-06 4.57E-02 1.96E+00 4.96E-02
 3.94E-15 1.08E-15 2.46E-16 1.86E-16 2.40E-16 6.93E-17 5.37E-17 1.76E-16
 2.07E-11 1.59E-06 2.44E-02 1.06E+00 2.69E-02
 4.53E-15 1.19E-15 2.59E-16 1.52E-16 1.56E-16 4.89E-17 3.65E-17 1.06E-16
 1.20E-11 9.32E-07 1.43E-02 6.27E-01 1.60E-02
 5.10E-15 1.30E-15 2.74E-16 1.30E-16 1.03E-16 3.55E-17 2.56E-17 6.24E-17
 6.72E-12 5.23E-07 8.09E-03 3.56E-01 9.11E-03
 5.78E-15 1.43E-15 2.92E-16 1.12E-16 6.25E-17 2.47E-17 1.71E-17 3.15E-17
 2.96E-12 2.31E-07 3.61E-03 1.61E-01 4.11E-03
  7067.6 A  12  13 /FILMEM = KVIL93HE/TYPE = RECOM    /INDM =+T/ISEL =   43
 1.00E+11 2.00E+11 5.00E+11 1.00E+12 2.00E+12 5.00E+12 1.00E+13 2.00E+13
 5.00E+13 1.00E+14 2.00E+14 5.00E+14
 1.00E+00 2.00E+00 5.00E+00 1.00E+01 2.00E+01 3.00E+01 4.00E+01 5.00E+01
 6.50E+01 8.00E+01 1.00E+02 1.50E+02 2.00E+02
 4.50E-14 4.75E-14 3.16E-14 5.28E-14 8.71E-14 2.58E-14 2.26E-14 6.03E-14
 4.71E-09 2.79E-04 3.38E+00 1.23E+02 3.05E+00
 4.64E-14 4.76E-14 3.05E-14 4.91E-14 7.94E-14 2.00E-14 1.74E-14 5.49E-14
 4.60E-09 2.73E-04 3.32E+00 1.21E+02 3.00E+00
 4.88E-14 4.69E-14 2.79E-14 4.26E-14 6.75E-14 1.37E-14 1.19E-14 4.72E-14
 4.28E-09 2.55E-04 3.11E+00 1.14E+02 2.88E+00
 5.07E-14 4.52E-14 2.44E-14 3.53E-14 5.53E-14 9.70E-15 8.37E-15 3.96E-14
 3.79E-09 2.27E-04 2.79E+00 1.04E+02 2.67E+00
 5.27E-14 4.16E-14 1.94E-14 2.61E-14 4.05E-14 6.18E-15 5.30E-15 3.00E-14
 3.03E-09 1.83E-04 2.28E+00 8.75E+01 2.30E+00
 5.48E-14 3.33E-14 1.18E-14 1.40E-14 2.15E-14 2.78E-15 2.34E-15 1.67E-14
 1.80E-09 1.11E-04 1.41E+00 5.65E+01 1.56E+00
 5.57E-14 2.52E-14 7.11E-15 7.73E-15 1.16E-14 1.35E-15 1.12E-15 9.26E-15
 1.04E-09 6.49E-05 8.35E-01 3.43E+01 9.81E-01
 5.50E-14 1.79E-14 4.19E-15 4.09E-15 5.91E-15 6.54E-16 5.23E-16 4.77E-15
 5.46E-10 3.45E-05 4.48E-01 1.87E+01 5.46E-01
 5.07E-14 1.15E-14 2.26E-15 1.82E-15 2.41E-15 2.74E-16 2.09E-16 1.92E-15
 2.22E-10 1.42E-05 1.85E-01 7.79E+00 2.29E-01
 4.67E-14 8.93E-15 1.58E-15 1.05E-15 1.25E-15 1.58E-16 1.15E-16 9.65E-16
 1.11E-10 7.11E-06 9.30E-02 3.93E+00 1.15E-01
 4.34E-14 7.51E-15 1.24E-15 6.57E-16 6.65E-16 1.00E-16 7.05E-17 4.90E-16
 5.56E-11 3.55E-06 4.65E-02 1.97E+00 5.69E-02
 4.08E-14 6.60E-15 1.03E-15 4.17E-16 3.12E-16 6.34E-17 4.28E-17 2.05E-16
 2.22E-11 1.42E-06 1.86E-02 7.86E-01 2.24E-02
  5877.5 A  12  13 /FILMEM = KVIL93HE/TYPE = RECOM    /INDM =+T/ISEL =   44
 1.00E+11 2.00E+11 5.00E+11 1.00E+12 2.00E+12 5.00E+12 1.00E+13 2.00E+13
 5.00E+13 1.00E+14 2.00E+14 5.00E+14
 1.00E+00 2.00E+00 5.00E+00 1.00E+01 2.00E+01 3.00E+01 4.00E+01 5.00E+01
 6.50E+01 8.00E+01 1.00E+02 1.50E+02 2.00E+02
 7.53E-14 7.71E-14 6.82E-14 1.39E-13 2.47E-13 7.70E-14 6.70E-14 1.70E-13
 1.16E-08 6.21E-04 6.89E+00 2.35E+02 5.88E+00
 8.55E-14 8.52E-14 7.22E-14 1.41E-13 2.45E-13 6.49E-14 5.64E-14 1.68E-13
 1.24E-08 6.61E-04 7.34E+00 2.50E+02 6.25E+00
 1.08E-13 1.03E-13 8.04E-14 1.47E-13 2.51E-13 5.37E-14 4.63E-14 1.73E-13
 1.39E-08 7.47E-04 8.33E+00 2.85E+02 7.15E+00
 1.35E-13 1.22E-13 8.72E-14 1.50E-13 2.51E-13 4.63E-14 3.98E-14 1.76E-13
 1.51E-08 8.17E-04 9.19E+00 3.20E+02 8.09E+00
 1.74E-13 1.47E-13 8.98E-14 1.40E-13 2.31E-13 3.73E-14 3.18E-14 1.67E-13
 1.51E-08 8.33E-04 9.52E+00 3.40E+02 8.82E+00
 2.50E-13 1.73E-13 7.58E-14 1.01E-13 1.60E-13 2.23E-14 1.87E-14 1.23E-13
 1.19E-08 6.71E-04 7.86E+00 2.95E+02 8.10E+00
 3.20E-13 1.68E-13 5.53E-14 6.43E-14 9.89E-14 1.27E-14 1.04E-14 7.86E-14
 7.90E-09 4.51E-04 5.37E+00 2.09E+02 6.00E+00
 3.78E-13 1.41E-13 3.70E-14 3.74E-14 5.49E-14 6.78E-15 5.42E-15 4.42E-14
 4.53E-09 2.61E-04 3.13E+00 1.25E+02 3.69E+00
 4.04E-13 1.05E-13 2.23E-14 1.79E-14 2.38E-14 3.09E-15 2.35E-15 1.89E-14
 1.95E-09 1.13E-04 1.36E+00 5.48E+01 1.64E+00
 3.96E-13 8.69E-14 1.66E-14 1.08E-14 1.26E-14 1.85E-15 1.36E-15 9.70E-15
 9.93E-10 5.74E-05 6.92E-01 2.80E+01 8.36E-01
 3.82E-13 7.62E-14 1.36E-14 7.06E-15 6.90E-15 1.21E-15 8.52E-16 5.00E-15
 5.00E-10 2.89E-05 3.49E-01 1.41E+01 4.17E-01
 3.68E-13 6.93E-14 1.18E-14 4.74E-15 3.35E-15 7.83E-16 5.30E-16 2.14E-15
 2.01E-10 1.16E-05 1.40E-01 5.67E+00 1.65E-01
  4714.8 A  12  13 /FILMEM = KVIL93HE/TYPE = RECOM    /INDM =+T/ISEL =   45
 1.00E+11 2.00E+11 5.00E+11 1.00E+12 2.00E+12 5.00E+12 1.00E+13 2.00E+13
 5.00E+13 1.00E+14 2.00E+14 5.00E+14
 1.00E+00 2.00E+00 5.00E+00 1.00E+01 2.00E+01 3.00E+01 4.00E+01 5.00E+01
 6.50E+01 8.00E+01 1.00E+02 1.50E+02 2.00E+02
 3.99E-15 3.79E-15 3.01E-15 5.64E-15 1.04E-14 3.44E-15 3.12E-15 8.08E-15
 7.30E-10 5.38E-05 8.22E-01 3.39E+01 7.94E-01
 4.12E-15 3.57E-15 2.63E-15 4.82E-15 8.82E-15 2.56E-15 2.33E-15 7.00E-15
 6.72E-10 4.90E-05 7.43E-01 3.09E+01 7.34E-01
 4.27E-15 3.11E-15 2.01E-15 3.54E-15 6.44E-15 1.59E-15 1.44E-15 5.24E-15
 5.31E-10 3.81E-05 5.72E-01 2.42E+01 5.91E-01
 4.45E-15 2.76E-15 1.55E-15 2.60E-15 4.69E-15 1.05E-15 9.43E-16 3.84E-15
 3.99E-10 2.82E-05 4.19E-01 1.80E+01 4.48E-01
 4.80E-15 2.52E-15 1.19E-15 1.83E-15 3.20E-15 6.68E-16 5.91E-16 2.61E-15
 2.74E-10 1.90E-05 2.80E-01 1.21E+01 3.09E-01
 5.51E-15 2.34E-15 8.21E-16 1.06E-15 1.75E-15 3.50E-16 2.99E-16 1.40E-15
 1.48E-10 1.01E-05 1.46E-01 6.35E+00 1.67E-01
 6.11E-15 2.18E-15 6.08E-16 6.59E-16 1.02E-15 2.08E-16 1.72E-16 8.04E-16
 8.45E-11 5.72E-06 8.21E-02 3.60E+00 9.60E-02
 6.56E-15 1.96E-15 4.58E-16 4.05E-16 5.71E-16 1.24E-16 9.96E-17 4.36E-16
 4.54E-11 3.06E-06 4.38E-02 1.93E+00 5.20E-02
 6.79E-15 1.71E-15 3.48E-16 2.27E-16 2.64E-16 6.67E-17 5.10E-17 1.88E-16
 1.89E-11 1.27E-06 1.82E-02 8.01E-01 2.17E-02
 6.77E-15 1.59E-15 3.09E-16 1.62E-16 1.53E-16 4.44E-17 3.27E-17 1.00E-16
 9.55E-12 6.42E-07 9.18E-03 4.05E-01 1.10E-02
 6.73E-15 1.53E-15 2.92E-16 1.28E-16 9.37E-17 3.14E-17 2.23E-17 5.45E-17
 4.80E-12 3.22E-07 4.61E-03 2.03E-01 5.49E-03
 6.73E-15 1.51E-15 2.88E-16 1.06E-16 5.52E-17 2.19E-17 1.49E-17 2.60E-17
 1.92E-12 1.29E-07 1.84E-03 8.13E-02 2.18E-03
  4472.9 A  12  13 /FILMEM = KVIL93HE/TYPE = RECOM    /INDM =+T/ISEL =   46
 1.00E+11 2.00E+11 5.00E+11 1.00E+12 2.00E+12 5.00E+12 1.00E+13 2.00E+13
 5.00E+13 1.00E+14 2.00E+14 5.00E+14
 1.00E+00 2.00E+00 5.00E+00 1.00E+01 2.00E+01 3.00E+01 4.00E+01 5.00E+01
 6.50E+01 8.00E+01 1.00E+02 1.50E+02 2.00E+02
 2.15E-14 1.51E-14 1.13E-14 2.77E-14 5.66E-14 1.68E-14 1.51E-14 4.50E-14
 3.29E-09 1.72E-04 1.85E+00 6.36E+01 1.66E+00
 2.44E-14 1.60E-14 1.11E-14 2.61E-14 5.29E-14 1.42E-14 1.28E-14 4.25E-14
 3.32E-09 1.77E-04 1.96E+00 6.84E+01 1.78E+00
 2.96E-14 1.76E-14 1.10E-14 2.35E-14 4.65E-14 1.11E-14 9.99E-15 3.77E-14
 3.16E-09 1.74E-04 2.00E+00 7.20E+01 1.88E+00
 3.52E-14 1.92E-14 1.07E-14 2.07E-14 3.97E-14 8.85E-15 7.88E-15 3.22E-14
 2.82E-09 1.59E-04 1.87E+00 6.93E+01 1.82E+00
 4.23E-14 2.11E-14 1.01E-14 1.71E-14 3.14E-14 6.57E-15 5.76E-15 2.53E-14
 2.30E-09 1.32E-04 1.58E+00 6.02E+01 1.60E+00
 5.33E-14 2.31E-14 8.29E-15 1.13E-14 1.93E-14 3.86E-15 3.30E-15 1.55E-14
 1.45E-09 8.49E-05 1.04E+00 4.08E+01 1.12E+00
 6.11E-14 2.28E-14 6.55E-15 7.34E-15 1.17E-14 2.38E-15 1.98E-15 9.29E-15
 8.84E-10 5.21E-05 6.43E-01 2.58E+01 7.26E-01
 6.68E-14 2.11E-14 5.09E-15 4.61E-15 6.68E-15 1.45E-15 1.16E-15 5.16E-15
 4.89E-10 2.90E-05 3.59E-01 1.46E+01 4.18E-01
 6.98E-14 1.87E-14 3.94E-15 2.62E-15 3.12E-15 7.82E-16 5.99E-16 2.25E-15
 2.07E-10 1.23E-05 1.53E-01 6.26E+00 1.80E-01
 7.00E-14 1.75E-14 3.53E-15 1.88E-15 1.81E-15 5.22E-16 3.85E-16 1.20E-15
 1.05E-10 6.24E-06 7.76E-02 3.19E+00 9.16E-02
 6.97E-14 1.69E-14 3.35E-15 1.48E-15 1.11E-15 3.70E-16 2.63E-16 6.53E-16
 5.29E-11 3.14E-06 3.91E-02 1.61E+00 4.59E-02
 6.98E-14 1.68E-14 3.31E-15 1.23E-15 6.51E-16 2.57E-16 1.75E-16 3.11E-16
 2.12E-11 1.26E-06 1.57E-02 6.44E-01 1.82E-02
  7283.3 A  12  13 /FILMEM = KVIL93HE/TYPE = RECOM    /INDM =+T/ISEL =   47
 1.00E+11 2.00E+11 5.00E+11 1.00E+12 2.00E+12 5.00E+12 1.00E+13 2.00E+13
 5.00E+13 1.00E+14 2.00E+14 5.00E+14
 1.00E+00 2.00E+00 5.00E+00 1.00E+01 2.00E+01 3.00E+01 4.00E+01 5.00E+01
 6.50E+01 8.00E+01 1.00E+02 1.50E+02 2.00E+02
 7.24E-15 5.53E-15 2.41E-15 3.40E-15 5.23E-15 1.10E-15 9.72E-16 3.87E-15
 5.90E-10 5.55E-05 9.77E-01 4.22E+01 9.65E-01
 6.96E-15 5.13E-15 2.14E-15 2.97E-15 4.56E-15 8.04E-16 7.08E-16 3.42E-15
 5.49E-10 5.19E-05 9.17E-01 4.00E+01 9.18E-01
 6.24E-15 4.21E-15 1.61E-15 2.19E-15 3.42E-15 4.79E-16 4.22E-16 2.66E-15
 4.55E-10 4.34E-05 7.75E-01 3.44E+01 8.00E-01
 5.33E-15 3.24E-15 1.12E-15 1.52E-15 2.46E-15 2.92E-16 2.57E-16 1.98E-15
 3.55E-10 3.42E-05 6.16E-01 2.79E+01 6.60E-01
 4.20E-15 2.20E-15 6.80E-16 9.47E-16 1.59E-15 1.65E-16 1.44E-16 1.35E-15
 2.49E-10 2.41E-05 4.40E-01 2.04E+01 4.90E-01
 2.79E-15 1.14E-15 3.11E-16 4.70E-16 8.35E-16 7.67E-17 6.54E-17 7.30E-16
 1.37E-10 1.33E-05 2.43E-01 1.15E+01 2.82E-01
 2.10E-15 6.95E-16 1.88E-16 2.93E-16 5.25E-16 4.76E-17 3.92E-17 4.57E-16
 8.43E-11 8.05E-06 1.46E-01 6.95E+00 1.72E-01
 1.82E-15 5.25E-16 1.39E-16 2.01E-16 3.49E-16 3.35E-17 2.66E-17 2.97E-16
 5.27E-11 4.90E-06 8.73E-02 4.12E+00 1.02E-01
 2.12E-15 5.45E-16 1.28E-16 1.36E-16 2.12E-16 2.41E-17 1.82E-17 1.74E-16
 2.92E-11 2.61E-06 4.51E-02 2.10E+00 5.21E-02
 2.79E-15 6.51E-16 1.35E-16 1.06E-16 1.43E-16 1.93E-17 1.41E-17 1.14E-16
 1.84E-11 1.61E-06 2.74E-02 1.26E+00 3.15E-02
 3.70E-15 7.80E-16 1.47E-16 8.51E-17 9.30E-17 1.54E-17 1.09E-17 7.05E-17
 1.10E-11 9.52E-07 1.61E-02 7.44E-01 1.87E-02
 4.90E-15 9.29E-16 1.61E-16 6.74E-17 5.19E-17 1.15E-17 7.84E-18 3.51E-17
 5.15E-12 4.44E-07 7.53E-03 3.50E-01 8.80E-03
  6680.0 A  12  13 /FILMEM = KVIL93HE/TYPE = RECOM    /INDM =+T/ISEL =   48
 1.00E+11 2.00E+11 5.00E+11 1.00E+12 2.00E+12 5.00E+12 1.00E+13 2.00E+13
 5.00E+13 1.00E+14 2.00E+14 5.00E+14
 1.00E+00 2.00E+00 5.00E+00 1.00E+01 2.00E+01 3.00E+01 4.00E+01 5.00E+01
 6.50E+01 8.00E+01 1.00E+02 1.50E+02 2.00E+02
 2.21E-14 1.29E-14 5.28E-15 1.22E-14 2.56E-14 9.28E-15 8.62E-15 2.19E-14
 2.03E-09 1.43E-04 2.00E+00 7.96E+01 1.97E+00
 2.12E-14 1.23E-14 4.95E-15 1.13E-14 2.35E-14 7.27E-15 6.75E-15 2.00E-14
 1.98E-09 1.39E-04 1.93E+00 7.67E+01 1.91E+00
 1.98E-14 1.13E-14 4.36E-15 9.80E-15 2.01E-14 5.03E-15 4.65E-15 1.73E-14
 1.85E-09 1.28E-04 1.76E+00 7.00E+01 1.76E+00
 1.85E-14 1.02E-14 3.72E-15 8.30E-15 1.71E-14 3.63E-15 3.33E-15 1.48E-14
 1.67E-09 1.15E-04 1.57E+00 6.26E+01 1.59E+00
 1.73E-14 8.83E-15 2.99E-15 6.62E-15 1.37E-14 2.52E-15 2.28E-15 1.21E-14
 1.43E-09 9.80E-05 1.33E+00 5.36E+01 1.38E+00
 1.65E-14 7.14E-15 2.17E-15 4.60E-15 9.44E-15 1.49E-15 1.31E-15 8.50E-15
 1.06E-09 7.33E-05 1.01E+00 4.09E+01 1.06E+00
 1.74E-14 6.46E-15 1.86E-15 3.49E-15 6.87E-15 1.01E-15 8.57E-16 6.14E-15
 7.88E-10 5.55E-05 7.72E-01 3.17E+01 8.23E-01
 2.05E-14 6.69E-15 1.81E-15 2.72E-15 4.94E-15 7.09E-16 5.78E-16 4.29E-15
 5.65E-10 4.05E-05 5.73E-01 2.37E+01 6.13E-01
 2.98E-14 8.42E-15 2.00E-15 2.04E-15 3.14E-15 4.75E-16 3.66E-16 2.58E-15
 3.46E-10 2.54E-05 3.68E-01 1.54E+01 3.95E-01
 4.16E-14 1.05E-14 2.24E-15 1.66E-15 2.15E-15 3.62E-16 2.68E-16 1.68E-15
 2.26E-10 1.68E-05 2.49E-01 1.06E+01 2.70E-01
 5.61E-14 1.27E-14 2.48E-15 1.38E-15 1.42E-15 2.79E-16 1.99E-16 1.04E-15
 1.38E-10 1.05E-05 1.58E-01 6.81E+00 1.74E-01
 7.48E-14 1.52E-14 2.74E-15 1.13E-15 8.12E-16 2.05E-16 1.40E-16 5.24E-16
 6.60E-11 5.09E-06 7.87E-02 3.47E+00 8.81E-02
  5049.0 A  12  13 /FILMEM = KVIL93HE/TYPE = RECOM    /INDM =+T/ISEL =   49
 1.00E+11 2.00E+11 5.00E+11 1.00E+12 2.00E+12 5.00E+12 1.00E+13 2.00E+13
 5.00E+13 1.00E+14 2.00E+14 5.00E+14
 1.00E+00 2.00E+00 5.00E+00 1.00E+01 2.00E+01 3.00E+01 4.00E+01 5.00E+01
 6.50E+01 8.00E+01 1.00E+02 1.50E+02 2.00E+02
 8.19E-16 4.17E-16 2.05E-16 4.82E-16 1.11E-15 2.81E-16 2.65E-16 1.01E-15
 1.83E-10 2.04E-05 4.15E-01 1.95E+01 4.35E-01
 6.55E-16 3.16E-16 1.48E-16 3.47E-16 8.02E-16 1.87E-16 1.77E-16 7.45E-16
 1.39E-10 1.56E-05 3.19E-01 1.53E+01 3.47E-01
 4.69E-16 2.06E-16 8.98E-17 2.09E-16 4.79E-16 1.03E-16 9.68E-17 4.46E-16
 8.38E-11 9.33E-06 1.92E-01 9.45E+00 2.19E-01
 3.86E-16 1.57E-16 6.32E-17 1.45E-16 3.26E-16 6.82E-17 6.28E-17 2.97E-16
 5.40E-11 5.87E-06 1.20E-01 5.93E+00 1.39E-01
 3.63E-16 1.36E-16 4.92E-17 1.07E-16 2.33E-16 4.91E-17 4.39E-17 2.05E-16
 3.49E-11 3.64E-06 7.24E-02 3.57E+00 8.44E-02
 4.13E-16 1.38E-16 4.25E-17 7.68E-17 1.56E-16 3.46E-17 2.97E-17 1.31E-16
 2.04E-11 1.99E-06 3.77E-02 1.82E+00 4.34E-02
 5.00E-16 1.53E-16 4.21E-17 6.07E-17 1.13E-16 2.65E-17 2.21E-17 9.24E-17
 1.36E-11 1.27E-06 2.32E-02 1.10E+00 2.66E-02
 6.12E-16 1.74E-16 4.33E-17 4.76E-17 7.84E-17 1.96E-17 1.58E-17 6.16E-17
 8.70E-12 7.86E-07 1.41E-02 6.63E-01 1.61E-02
 7.70E-16 2.04E-16 4.60E-17 3.49E-17 4.53E-17 1.26E-17 9.72E-18 3.32E-17
 4.45E-12 3.93E-07 6.89E-03 3.23E-01 7.93E-03
 8.86E-16 2.26E-16 4.85E-17 2.85E-17 2.94E-17 8.97E-18 6.69E-18 1.99E-17
 2.55E-12 2.23E-07 3.86E-03 1.81E-01 4.47E-03
 9.99E-16 2.47E-16 5.11E-17 2.43E-17 1.93E-17 6.54E-18 4.71E-18 1.18E-17
 1.40E-12 1.22E-07 2.10E-03 9.85E-02 2.45E-03
 1.13E-15 2.72E-16 5.45E-17 2.09E-17 1.17E-17 4.56E-18 3.15E-18 5.91E-18
 6.10E-13 5.28E-08 9.10E-04 4.27E-02 1.06E-03
  4923.2 A  12  13 /FILMEM = KVIL93HE/TYPE = RECOM    /INDM =+T/ISEL =   50
 1.00E+11 2.00E+11 5.00E+11 1.00E+12 2.00E+12 5.00E+12 1.00E+13 2.00E+13
 5.00E+13 1.00E+14 2.00E+14 5.00E+14
 1.00E+00 2.00E+00 5.00E+00 1.00E+01 2.00E+01 3.00E+01 4.00E+01 5.00E+01
 6.50E+01 8.00E+01 1.00E+02 1.50E+02 2.00E+02
 5.64E-15 2.51E-15 1.08E-15 3.68E-15 9.65E-15 2.64E-15 2.46E-15 8.74E-15
 8.71E-10 5.62E-05 7.15E-01 2.73E+01 7.07E-01
 5.16E-15 2.25E-15 9.44E-16 3.17E-15 8.31E-15 2.22E-15 2.06E-15 7.66E-15
 7.90E-10 5.22E-05 6.78E-01 2.62E+01 6.77E-01
 4.65E-15 1.96E-15 7.85E-16 2.46E-15 6.34E-15 1.66E-15 1.55E-15 5.93E-15
 6.40E-10 4.39E-05 5.93E-01 2.35E+01 6.04E-01
 4.52E-15 1.83E-15 6.94E-16 1.97E-15 4.91E-15 1.27E-15 1.17E-15 4.57E-15
 5.10E-10 3.60E-05 5.02E-01 2.03E+01 5.20E-01
 4.77E-15 1.82E-15 6.39E-16 1.57E-15 3.69E-15 9.42E-16 8.51E-16 3.36E-15
 3.85E-10 2.79E-05 4.00E-01 1.65E+01 4.20E-01
 5.85E-15 2.02E-15 6.18E-16 1.16E-15 2.46E-15 6.21E-16 5.40E-16 2.13E-15
 2.51E-10 1.87E-05 2.75E-01 1.15E+01 2.92E-01
 7.22E-15 2.29E-15 6.31E-16 9.14E-16 1.74E-15 4.47E-16 3.76E-16 1.45E-15
 1.73E-10 1.30E-05 1.95E-01 8.25E+00 2.09E-01
 8.88E-15 2.61E-15 6.56E-16 7.17E-16 1.19E-15 3.16E-16 2.57E-16 9.41E-16
 1.13E-10 8.58E-06 1.30E-01 5.56E+00 1.41E-01
 1.12E-14 3.06E-15 6.99E-16 5.28E-16 6.83E-16 1.97E-16 1.53E-16 5.00E-16
 5.89E-11 4.53E-06 6.92E-02 3.01E+00 7.65E-02
 1.29E-14 3.39E-15 7.37E-16 4.33E-16 4.44E-16 1.39E-16 1.04E-16 3.00E-16
 3.42E-11 2.65E-06 4.07E-02 1.78E+00 4.54E-02
 1.45E-14 3.70E-15 7.77E-16 3.70E-16 2.92E-16 1.01E-16 7.27E-17 1.77E-16
 1.91E-11 1.49E-06 2.30E-02 1.01E+00 2.59E-02
 1.64E-14 4.07E-15 8.30E-16 3.20E-16 1.78E-16 7.01E-17 4.85E-17 8.95E-17
 8.40E-12 6.58E-07 1.03E-02 4.57E-01 1.17E-02
C-----------------------------------------------------------------------
C
C  PHOTON EMISSIVITY COEFFICIENTS:
C
C  SOURCE SPECIFIC ION   FILE:/JETSHP.HELIKE.DATA(KVIL93HE)
C  SOURCE IONIS. COEFFT. FILE:/JETSHP.IONELEC.DATA(SZD#HE)
C  META. ION. COEFF. SELECTOR:  1(1,1)
C  POPULATION PROCESSING CODE:  ADAS208
C
C  ISEL  WAVELENGTH      TRANSITION            TYPE    METASTABLE  IMET NMET  IP
C  ----  ----------  ------------------------  -----  ------------ ---- ----  --
C   1.     584.4     5(1)1( 1.0)- 1(1)0( 0.0)  EXCIT                 T     1
C   2.     537.0    11(1)1( 1.0)- 1(1)0( 0.0)  EXCIT                 T     1
C   3.     522.2    19(1)1( 1.0)- 1(1)0( 0.0)  EXCIT                 T     1
C   4.   20584.6     5(1)1( 1.0)- 3(1)0( 0.0)  EXCIT                 T     1
C   5.    5017.1    11(1)1( 1.0)- 3(1)0( 0.0)  EXCIT                 T     1
C   6.    3965.7    19(1)1( 1.0)- 3(1)0( 0.0)  EXCIT                 T     1
C   7.   10831.9     4(3)1( 4.0)- 2(3)0( 1.0)  EXCIT                 T     1
C   8.    3889.7     8(3)1( 4.0)- 2(3)0( 1.0)  EXCIT                 T     1
C   9.    3188.7    14(3)1( 4.0)- 2(3)0( 1.0)  EXCIT                 T     1
C  10.   42955.3     8(3)1( 4.0)- 6(3)0( 1.0)  EXCIT                 T     1
C  11.   15087.5    19(1)1( 1.0)- 7(1)0( 0.0)  EXCIT                 T     1
C  12.   21128.2    12(3)0( 1.0)- 8(3)1( 4.0)  EXCIT                 T     1
C  13.   17006.8    15(3)2( 7.0)- 8(3)1( 4.0)  EXCIT                 T     1
C  14.   18688.1    17(3)3(10.0)- 9(3)2( 7.0)  EXCIT                 T     1
C  15.   18698.6    18(1)3( 3.0)-10(1)2( 2.0)  EXCIT                 T     1
C  16.   21132.7    13(1)0( 0.0)-11(1)1( 1.0)  EXCIT                 T     1
C  17.   19091.3    16(1)2( 2.0)-11(1)1( 1.0)  EXCIT                 T     1
C  18.    7067.6     6(3)0( 1.0)- 4(3)1( 4.0)  EXCIT                 T     1
C  19.    5877.5     9(3)2( 7.0)- 4(3)1( 4.0)  EXCIT                 T     1
C  20.    4714.8    12(3)0( 1.0)- 4(3)1( 4.0)  EXCIT                 T     1
C  21.    4472.9    15(3)2( 7.0)- 4(3)1( 4.0)  EXCIT                 T     1
C  22.    7283.3     7(1)0( 0.0)- 5(1)1( 1.0)  EXCIT                 T     1
C  23.    6680.0    10(1)2( 2.0)- 5(1)1( 1.0)  EXCIT                 T     1
C  24.    5049.0    13(1)0( 0.0)- 5(1)1( 1.0)  EXCIT                 T     1
C  25.    4923.2    16(1)2( 2.0)- 5(1)1( 1.0)  EXCIT                 T     1
C  26.     584.4     5(1)1( 1.0)- 1(1)0( 0.0)  RECOM  SEE KVIL93HE            +T
C  27.     537.0    11(1)1( 1.0)- 1(1)0( 0.0)  RECOM  SEE KVIL93HE            +T
C  28.     522.2    19(1)1( 1.0)- 1(1)0( 0.0)  RECOM  SEE KVIL93HE            +T
C  29.   20584.6     5(1)1( 1.0)- 3(1)0( 0.0)  RECOM  SEE KVIL93HE            +T
C  30.    5017.1    11(1)1( 1.0)- 3(1)0( 0.0)  RECOM  SEE KVIL93HE            +T
C  31.    3965.7    19(1)1( 1.0)- 3(1)0( 0.0)  RECOM  SEE KVIL93HE            +T
C  32.   10831.9     4(3)1( 4.0)- 2(3)0( 1.0)  RECOM  SEE KVIL93HE            +T
C  33.    3889.7     8(3)1( 4.0)- 2(3)0( 1.0)  RECOM  SEE KVIL93HE            +T
C  34.    3188.7    14(3)1( 4.0)- 2(3)0( 1.0)  RECOM  SEE KVIL93HE            +T
C  35.   42955.3     8(3)1( 4.0)- 6(3)0( 1.0)  RECOM  SEE KVIL93HE            +T
C  36.   15087.5    19(1)1( 1.0)- 7(1)0( 0.0)  RECOM  SEE KVIL93HE            +T
C  37.   21128.2    12(3)0( 1.0)- 8(3)1( 4.0)  RECOM  SEE KVIL93HE            +T
C  38.   17006.8    15(3)2( 7.0)- 8(3)1( 4.0)  RECOM  SEE KVIL93HE            +T
C  39.   18688.1    17(3)3(10.0)- 9(3)2( 7.0)  RECOM  SEE KVIL93HE            +T
C  40.   18698.6    18(1)3( 3.0)-10(1)2( 2.0)  RECOM  SEE KVIL93HE            +T
C  41.   21132.7    13(1)0( 0.0)-11(1)1( 1.0)  RECOM  SEE KVIL93HE            +T
C  42.   19091.3    16(1)2( 2.0)-11(1)1( 1.0)  RECOM  SEE KVIL93HE            +T
C  43.    7067.6     6(3)0( 1.0)- 4(3)1( 4.0)  RECOM  SEE KVIL93HE            +T
C  44.    5877.5     9(3)2( 7.0)- 4(3)1( 4.0)  RECOM  SEE KVIL93HE            +T
C  45.    4714.8    12(3)0( 1.0)- 4(3)1( 4.0)  RECOM  SEE KVIL93HE            +T
C  46.    4472.9    15(3)2( 7.0)- 4(3)1( 4.0)  RECOM  SEE KVIL93HE            +T
C  47.    7283.3     7(1)0( 0.0)- 5(1)1( 1.0)  RECOM  SEE KVIL93HE            +T
C  48.    6680.0    10(1)2( 2.0)- 5(1)1( 1.0)  RECOM  SEE KVIL93HE            +T
C  49.    5049.0    13(1)0( 0.0)- 5(1)1( 1.0)  RECOM  SEE KVIL93HE            +T
C  50.    4923.2    16(1)2( 2.0)- 5(1)1( 1.0)  RECOM  SEE KVIL93HE            +T
C
C   NOTES:  PROCESSED 27/02/94
C
C-------------------------------------------------------------------------------
 
C---------------------------------------------------------------------------------
C ADAS ADF15 DATA - SCCS info: @(#)$Header: /home/adascvs/adas/adf15/pec93#he/pec93#he_pju#he0.dat,v 2.1 2004/07/07 00:25:39 whitefor Exp $ Date $Date: 2004/07/07 00:25:39 $
C---------------------------------------------------------------------------------
