    3   26   48    1    3     /LITHIUM            /ABELS-VAN MAANEN 1985   ADF11
 -------------------------------------------------------------------------------
   8.00000   8.28000   8.56000   8.84000   9.12000   9.40000   9.68000   9.96000
  10.24000  10.52000  10.80000  11.08000  11.36000  11.64000  11.92000  12.20000
  12.48000  12.76000  13.04000  13.32000  13.60000  13.88000  14.16000  14.44000
  14.72000  15.00000
   0.00000   0.09998   0.19996   0.29993   0.39991   0.49989   0.59987   0.69985
   0.79982   0.89980   0.99978   1.09976   1.19974   1.29972   1.39969   1.49967
   1.59965   1.69963   1.79961   1.89958   1.99956   2.09954   2.19952   2.29950
   2.39947   2.49945   2.59943   2.69941   2.79939   2.89936   2.99934   3.09932
   3.19930   3.29928   3.39925   3.49923   3.59921   3.69919   3.79917   3.89915
   3.99912   4.09910   4.19908   4.29906   4.39904   4.49901   4.59899   4.69897
 --------------------/ IPRT= 1  / IGRD= 1  /RECOM   / Z1= 1   / DATE= 07.11.02
 -12.65563 -12.66078 -12.66700 -12.67467 -12.67467 -12.68428 -12.69661 -12.69661
 -12.71287 -12.71287 -12.73512 -12.73512 -12.76708 -12.76708 -12.76708 -12.81632
 -12.81632 -12.81632 -12.81632 -12.90112 -12.90112 -12.90112 -12.90112 -12.90112
 -12.90112 -13.08354
 -12.73595 -12.74071 -12.74650 -12.75363 -12.75363 -12.76261 -12.77416 -12.77416
 -12.78946 -12.78946 -12.81048 -12.81048 -12.81048 -12.84085 -12.84085 -12.84085
 -12.88794 -12.88794 -12.88794 -12.96971 -12.96971 -12.96971 -12.96971 -12.96971
 -12.96971 -13.14712
 -12.81833 -12.82275 -12.82812 -12.82812 -12.83476 -12.84314 -12.84314 -12.85396
 -12.86834 -12.86834 -12.88819 -12.88819 -12.88819 -12.91702 -12.91702 -12.91702
 -12.96200 -12.96200 -12.96200 -12.96200 -13.04070 -13.04070 -13.04070 -13.04070
 -13.04070 -13.21297
 -12.90284 -12.90693 -12.90693 -12.91191 -12.91810 -12.92592 -12.92592 -12.93606
 -12.93606 -12.94958 -12.94958 -12.96832 -12.96832 -12.99566 -12.99566 -12.99566
 -13.03859 -13.03859 -13.03859 -13.03859 -13.11425 -13.11425 -13.11425 -13.11425
 -13.11425 -13.28129
 -12.98635 -12.98950 -12.99330 -12.99794 -13.00370 -13.01101 -13.01101 -13.02051
 -13.02051 -13.03322 -13.03322 -13.05091 -13.05091 -13.07684 -13.07684 -13.07684
 -13.11778 -13.11778 -13.11778 -13.11778 -13.19046 -13.19046 -13.19046 -13.19046
 -13.19046 -13.35226
 -13.07544 -13.07836 -13.08189 -13.08621 -13.09159 -13.09159 -13.09843 -13.10734
 -13.10734 -13.11930 -13.11930 -13.13600 -13.13600 -13.16060 -13.16060 -13.16060
 -13.19965 -13.19965 -13.19965 -13.19965 -13.26943 -13.26943 -13.26943 -13.26943
 -13.26943 -13.42604
 -13.16646 -13.16919 -13.17249 -13.17653 -13.18157 -13.18159 -13.18801 -13.19639
 -13.19641 -13.20769 -13.20771 -13.22351 -13.22352 -13.22354 -13.24689 -13.24691
 -13.28416 -13.28417 -13.28418 -13.28419 -13.35119 -13.35120 -13.35121 -13.35121
 -13.35122 -13.35122
 -13.25371 -13.25651 -13.25986 -13.26394 -13.26432 -13.26937 -13.27573 -13.27615
 -13.28435 -13.29530 -13.29570 -13.31092 -13.31128 -13.31161 -13.33399 -13.33427
 -13.33452 -13.37019 -13.37040 -13.37058 -13.43495 -13.43510 -13.43523 -13.43534
 -13.43543 -13.43551
 -13.28633 -13.29128 -13.29697 -13.30354 -13.30731 -13.31517 -13.32433 -13.32858
 -13.33955 -13.35297 -13.35717 -13.37432 -13.37819 -13.38176 -13.40507 -13.40815
 -13.41090 -13.44616 -13.44845 -13.45045 -13.45217 -13.51428 -13.51573 -13.51697
 -13.51801 -13.51890
 -13.11474 -13.12629 -13.13810 -13.15250 -13.16855 -13.18632 -13.20592 -13.22360
 -13.24601 -13.26486 -13.28981 -13.30876 -13.33643 -13.35449 -13.38634 -13.40280
 -13.41795 -13.45794 -13.47110 -13.48283 -13.49319 -13.55459 -13.56350 -13.57120
 -13.57783 -13.58351
 -12.75123 -12.76755 -12.78617 -12.80725 -12.83092 -12.85731 -12.88649 -12.91708
 -12.95143 -12.98628 -13.02524 -13.06314 -13.10595 -13.14531 -13.19176 -13.23094
 -13.26903 -13.32045 -13.35637 -13.39012 -13.42146 -13.48553 -13.51398 -13.53971
 -13.56275 -13.58321
 -12.39015 -12.40785 -12.42813 -12.45121 -12.47728 -12.50650 -12.53863 -12.57432
 -12.61331 -12.65478 -12.69992 -12.74676 -12.79730 -12.84826 -12.90342 -12.95698
 -13.01098 -13.07139 -13.12563 -13.17894 -13.23084 -13.29897 -13.34897 -13.39653
 -13.44134 -13.48317
 -12.10716 -12.12496 -12.14540 -12.16871 -12.19513 -12.22481 -12.25778 -12.29434
 -12.33441 -12.37767 -12.42452 -12.47411 -12.52711 -12.58206 -12.63917 -12.69942
 -12.75991 -12.82142 -12.88678 -12.94961 -13.01230 -13.08297 -13.14546 -13.20678
 -13.26653 -13.32435
 -11.90554 -11.92308 -11.94325 -11.96629 -11.99245 -12.02186 -12.05475 -12.09119
 -12.13113 -12.17471 -12.22178 -12.27198 -12.32554 -12.38165 -12.44027 -12.50174
 -12.56453 -12.62888 -12.69601 -12.76268 -12.82993 -12.89742 -12.96987 -13.03771
 -13.10492 -13.17120
 -11.77335 -11.79052 -11.81029 -11.83291 -11.85860 -11.88759 -11.92004 -11.95605
 -11.99563 -12.03887 -12.08557 -12.13576 -12.18905 -12.24548 -12.30446 -12.36619
 -12.42974 -12.49509 -12.56283 -12.63104 -12.70019 -12.77000 -12.84305 -12.91385
 -12.98457 -13.05494
 -11.69772 -11.71448 -11.73381 -11.75595 -11.78114 -11.80961 -11.84151 -11.87697
 -11.91604 -11.95877 -12.00504 -12.05481 -12.10780 -12.16397 -12.22284 -12.28446
 -12.34815 -12.41379 -12.48166 -12.55047 -12.62042 -12.69125 -12.76453 -12.83672
 -12.90913 -12.98154
 -11.66754 -11.68389 -11.70276 -11.72440 -11.74907 -11.77697 -11.80828 -11.84314
 -11.88164 -11.92379 -11.96952 -12.01878 -12.07134 -12.12709 -12.18567 -12.24701
 -12.31057 -12.37619 -12.44398 -12.51297 -12.58322 -12.65449 -12.72782 -12.80068
 -12.87395 -12.94741
 -11.67368 -11.68962 -11.70803 -11.72917 -11.75330 -11.78062 -11.81134 -11.84559
 -11.88347 -11.92501 -11.97015 -12.01885 -12.07090 -12.12618 -12.18436 -12.24534
 -12.30864 -12.37408 -12.44168 -12.51064 -12.58095 -12.65239 -12.72566 -12.79884
 -12.87254 -12.94657
 -11.70879 -11.72431 -11.74227 -11.76291 -11.78650 -11.81325 -11.84336 -11.87699
 -11.91424 -11.95515 -11.99968 -12.04779 -12.09929 -12.15406 -12.21179 -12.27227
 -12.33533 -12.40051 -12.46762 -12.53667 -12.60692 -12.67836 -12.75153 -12.82484
 -12.89875 -12.97308
 -11.76697 -11.78209 -11.79960 -11.81975 -11.84280 -11.86897 -11.89848 -11.93148
 -11.96809 -12.00835 -12.05226 -12.09976 -12.15069 -12.20492 -12.26217 -12.32222
 -12.38490 -12.44976 -12.51662 -12.58543 -12.65554 -12.72690 -12.79929 -12.87326
 -12.94725 -13.02172
 -11.84352 -11.85824 -11.87531 -11.89497 -11.91749 -11.94309 -11.97200 -12.00437
 -12.04034 -12.07995 -12.12323 -12.17009 -12.22045 -12.27410 -12.33087 -12.39047
 -12.45273 -12.51724 -12.58381 -12.65235 -12.72227 -12.79350 -12.86580 -12.93964
 -13.01363 -13.08816
 -11.93470 -11.94903 -11.96566 -11.98484 -12.00683 -12.03187 -12.06018 -12.09193
 -12.12725 -12.16622 -12.20885 -12.25509 -12.30484 -12.35792 -12.41417 -12.47329
 -12.53512 -12.59927 -12.66551 -12.73377 -12.80346 -12.87451 -12.94669 -13.02038
 -13.09432 -13.16884
 -12.03751 -12.05146 -12.06767 -12.08637 -12.10785 -12.13233 -12.16004 -12.19116
 -12.22584 -12.26416 -12.30614 -12.35175 -12.40089 -12.45340 -12.50911 -12.56774
 -12.62912 -12.69287 -12.75878 -12.82673 -12.89618 -12.96703 -13.03905 -13.11257
 -13.18643 -13.26090
 -12.14959 -12.16317 -12.17895 -12.19719 -12.21816 -12.24208 -12.26920 -12.29971
 -12.33374 -12.37141 -12.41274 -12.45771 -12.50623 -12.55815 -12.61332 -12.67144
 -12.73231 -12.79571 -12.86126 -12.92889 -12.99807 -13.06870 -13.14054 -13.21389
 -13.28764 -13.36203
 -12.26905 -12.28226 -12.29763 -12.31541 -12.33587 -12.35925 -12.38579 -12.41567
 -12.44907 -12.48609 -12.52676 -12.57109 -12.61899 -12.67031 -12.72492 -12.78253
 -12.84293 -12.90591 -12.97108 -13.03824 -13.10729 -13.17768 -13.24932 -13.32248
 -13.39610 -13.47039
 -12.39437 -12.40723 -12.42219 -12.43953 -12.45949 -12.48233 -12.50828 -12.53756
 -12.57032 -12.60669 -12.64670 -12.69038 -12.73766 -12.78838 -12.84239 -12.89950
 -12.95942 -13.02197 -13.08676 -13.15358 -13.22233 -13.29247 -13.36390 -13.43641
 -13.51034 -13.58451
 -12.52438 -12.53688 -12.55145 -12.56834 -12.58781 -12.61012 -12.63550 -12.66417
 -12.69630 -12.73202 -12.77138 -12.81441 -12.86103 -12.91116 -12.96460 -13.02118
 -13.08061 -13.14271 -13.20710 -13.27358 -13.34202 -13.41189 -13.48310 -13.55542
 -13.62918 -13.70322
 -12.65811 -12.67027 -12.68445 -12.70091 -12.71990 -12.74168 -12.76650 -12.79457
 -12.82607 -12.86113 -12.89984 -12.94222 -12.98820 -13.03772 -13.09057 -13.14661
 -13.20553 -13.26718 -13.33117 -13.39729 -13.46541 -13.53501 -13.60599 -13.67811
 -13.75169 -13.82559
 -12.79481 -12.80663 -12.82044 -12.83647 -12.85499 -12.87625 -12.90051 -12.92798
 -12.95886 -12.99328 -13.03133 -13.07305 -13.11840 -13.16729 -13.21955 -13.27504
 -13.33346 -13.39464 -13.45822 -13.52397 -13.59176 -13.66108 -13.73181 -13.80372
 -13.87712 -13.95087
 -12.93388 -12.94538 -12.95881 -12.97442 -12.99248 -13.01324 -13.03694 -13.06382
 -13.09408 -13.12785 -13.16525 -13.20632 -13.25102 -13.29929 -13.35095 -13.40588
 -13.46378 -13.52444 -13.58765 -13.65302 -13.72033 -13.78950 -13.85998 -13.93168
 -14.00488 -14.07848
 -13.07485 -13.08603 -13.09909 -13.11430 -13.13190 -13.15215 -13.17531 -13.20161
 -13.23125 -13.26439 -13.30113 -13.34153 -13.38559 -13.43323 -13.48430 -13.53866
 -13.59603 -13.65621 -13.71898 -13.78396 -13.85094 -13.91981 -13.99003 -14.06150
 -14.13400 -14.20794
 -13.21733 -13.22819 -13.24090 -13.25571 -13.27286 -13.29262 -13.31525 -13.34097
 -13.36999 -13.40249 -13.43859 -13.47833 -13.52174 -13.56873 -13.61920 -13.67296
 -13.72983 -13.78952 -13.85185 -13.91644 -13.98306 -14.05162 -14.12157 -14.19281
 -14.26512 -14.33887
 -13.36102 -13.37158 -13.38395 -13.39836 -13.41507 -13.43435 -13.45644 -13.48159
 -13.51001 -13.54188 -13.57733 -13.61641 -13.65917 -13.70552 -13.75538 -13.80856
 -13.86489 -13.92408 -13.98596 -14.05014 -14.11640 -14.18464 -14.25432 -14.32532
 -14.39742 -14.47100
 -13.50569 -13.51595 -13.52797 -13.54200 -13.55828 -13.57708 -13.59865 -13.62324
 -13.65106 -13.68230 -13.71709 -13.75553 -13.79763 -13.84334 -13.89258 -13.94517
 -14.00095 -14.05964 -14.12106 -14.18482 -14.25072 -14.31864 -14.38803 -14.45879
 -14.53068 -14.60407
 -13.65114 -13.66111 -13.67280 -13.68645 -13.70231 -13.72064 -13.74170 -13.76572
 -13.79295 -13.82357 -13.85772 -13.89550 -13.93694 -13.98201 -14.03062 -14.08262
 -14.13785 -14.19602 -14.25691 -14.32032 -14.38584 -14.45343 -14.52253 -14.59303
 -14.66471 -14.73791
 -13.79722 -13.80690 -13.81827 -13.83155 -13.84700 -13.86487 -13.88541 -13.90890
 -13.93554 -13.96553 -13.99904 -14.03616 -14.07695 -14.12137 -14.16936 -14.22076
 -14.27542 -14.33307 -14.39349 -14.45646 -14.52160 -14.58869 -14.65765 -14.72790
 -14.79935 -14.87236
 -13.94380 -13.95321 -13.96426 -13.97718 -13.99222 -14.00964 -14.02969 -14.05263
 -14.07869 -14.10807 -14.14094 -14.17741 -14.21753 -14.26131 -14.30867 -14.35946
 -14.41356 -14.47068 -14.53061 -14.59315 -14.65789 -14.72463 -14.79329 -14.86327
 -14.93450 -15.00674
 -14.09080 -14.09994 -14.11068 -14.12325 -14.13789 -14.15487 -14.17443 -14.19683
 -14.22231 -14.25109 -14.28332 -14.31914 -14.35861 -14.40173 -14.44844 -14.49864
 -14.55213 -14.60874 -14.66818 -14.73027 -14.79462 -14.86100 -14.92935 -14.99906
 -15.07005 -15.14209
 -14.23814 -14.24702 -14.25745 -14.26968 -14.28393 -14.30046 -14.31954 -14.34142
 -14.36633 -14.39451 -14.42611 -14.46128 -14.50009 -14.54256 -14.58863 -14.63822
 -14.69112 -14.74719 -14.80613 -14.86777 -14.93170 -14.99773 -15.06576 -15.13519
 -15.20594 -15.27777
 -14.38575 -14.39437 -14.40451 -14.41640 -14.43027 -14.44638 -14.46498 -14.48634
 -14.51069 -14.53827 -14.56925 -14.60377 -14.64192 -14.68374 -14.72917 -14.77813
 -14.83045 -14.88597 -14.94440 -15.00557 -15.06909 -15.13475 -15.20245 -15.27160
 -15.34210 -15.41372
 -14.53359 -14.54196 -14.55181 -14.56337 -14.57687 -14.59256 -14.61069 -14.63154
 -14.65534 -14.68232 -14.71268 -14.74656 -14.78406 -14.82522 -14.87000 -14.91834
 -14.97006 -15.02503 -15.08294 -15.14357 -15.20674 -15.27202 -15.33920 -15.40824
 -15.47849 -15.54990
 -14.68161 -14.68974 -14.69931 -14.71055 -14.72368 -14.73896 -14.75664 -14.77698
 -14.80024 -14.82663 -14.85637 -14.88961 -14.92646 -14.96695 -15.01110 -15.05881
 -15.10993 -15.16433 -15.22171 -15.28187 -15.34461 -15.40950 -15.47635 -15.54509
 -15.61508 -15.68626
 -14.82979 -14.83768 -14.84698 -14.85790 -14.87068 -14.88555 -14.90278 -14.92263
 -14.94535 -14.97116 -15.00029 -15.03290 -15.06909 -15.10893 -15.15242 -15.19948
 -15.25002 -15.30381 -15.36070 -15.42037 -15.48267 -15.54717 -15.61366 -15.68210
 -15.75183 -15.82278
 -14.97810 -14.98576 -14.99479 -15.00541 -15.01783 -15.03231 -15.04911 -15.06847
 -15.09065 -15.11590 -15.14442 -15.17639 -15.21193 -15.25112 -15.29396 -15.34038
 -15.39030 -15.44352 -15.49987 -15.55905 -15.62090 -15.68500 -15.75114 -15.81926
 -15.88872 -15.95944
 -15.12653 -15.13396 -15.14273 -15.15305 -15.16513 -15.17922 -15.19558 -15.21446
 -15.23613 -15.26081 -15.28873 -15.32007 -15.35496 -15.39349 -15.43568 -15.48146
 -15.53077 -15.58340 -15.63921 -15.69788 -15.75928 -15.82297 -15.88875 -15.95655
 -16.02573 -16.09621
 -15.27504 -15.28226 -15.29078 -15.30080 -15.31255 -15.32626 -15.34220 -15.36061
 -15.38176 -15.40588 -15.43321 -15.46392 -15.49817 -15.53605 -15.57758 -15.62272
 -15.67141 -15.72345 -15.77870 -15.83687 -15.89780 -15.96107 -16.02648 -16.09395
 -16.16285 -16.23309
 -15.42364 -15.43065 -15.43891 -15.44865 -15.46008 -15.47342 -15.48894 -15.50689
 -15.52753 -15.55110 -15.57784 -15.60793 -15.64154 -15.67876 -15.71964 -15.76414
 -15.81220 -15.86364 -15.91834 -15.97598 -16.03636 -16.09929 -16.16432 -16.23126
 -16.30007 -16.37006
 -15.57232 -15.57911 -15.58714 -15.59660 -15.60770 -15.62069 -15.63580 -15.65329
 -15.67343 -15.69646 -15.72262 -15.75210 -15.78507 -15.82164 -15.86185 -15.90571
 -15.95314 -16.00398 -16.05811 -16.11523 -16.17513 -16.23762 -16.30227 -16.36887
 -16.43738 -16.50711
 --------------------/ IPRT= 1  / IGRD= 1  /RECOM   / Z1= 2   / DATE= 07.11.02
 -11.76979 -11.77431 -11.77699 -11.78001 -11.78735 -11.79186 -11.79710 -11.80323
 -11.80323 -11.81050 -11.81922 -11.82985 -11.82985 -11.84302 -11.85973 -11.85973
 -11.88150 -11.88150 -11.88150 -11.91095 -11.91095 -11.91095 -11.95289 -11.95289
 -11.95289 -11.95289
 -11.83739 -11.84150 -11.84394 -11.84670 -11.84984 -11.85343 -11.86241 -11.86241
 -11.86809 -11.87484 -11.88297 -11.89292 -11.89292 -11.90531 -11.90531 -11.92111
 -11.92111 -11.94183 -11.94183 -11.97004 -11.97004 -11.97004 -12.01054 -12.01054
 -12.01054 -12.01054
 -11.90625 -11.90801 -11.91220 -11.91471 -11.91757 -11.92086 -11.92467 -11.92911
 -11.93435 -11.94059 -11.94815 -11.94815 -11.95743 -11.96904 -11.96904 -11.98393
 -11.98393 -12.00357 -12.00357 -12.03049 -12.03049 -12.03049 -12.06945 -12.06945
 -12.06945 -12.06945
 -11.97497 -11.97798 -11.97976 -11.98406 -11.98667 -11.98967 -11.99315 -11.99723
 -12.00205 -12.00781 -12.01481 -12.01481 -12.02344 -12.03429 -12.03429 -12.04826
 -12.04826 -12.06680 -12.06680 -12.09241 -12.09241 -12.09241 -12.12974 -12.12974
 -12.12974 -12.12974
 -12.04656 -12.04928 -12.05089 -12.05479 -12.05716 -12.05989 -12.06307 -12.06680
 -12.07122 -12.07653 -12.08299 -12.08299 -12.09099 -12.10110 -12.10110 -12.11417
 -12.11417 -12.13162 -12.13162 -12.13162 -12.15588 -12.15588 -12.15588 -12.19153
 -12.19153 -12.19153
 -12.11948 -12.12064 -12.12339 -12.12504 -12.12907 -12.13156 -12.13445 -12.13786
 -12.14191 -12.14679 -12.14679 -12.15274 -12.16014 -12.16014 -12.16952 -12.18172
 -12.18172 -12.19809 -12.19809 -12.19809 -12.22100 -12.22100 -12.22100 -12.25492
 -12.25492 -12.25492
 -12.19377 -12.19481 -12.19729 -12.19878 -12.20048 -12.20470 -12.20733 -12.21044
 -12.21415 -12.21415 -12.21862 -12.22409 -12.23092 -12.23092 -12.23961 -12.23961
 -12.25096 -12.25096 -12.26628 -12.26628 -12.28784 -12.28784 -12.28784 -12.32003
 -12.32003 -12.32003
 -12.26945 -12.27039 -12.27144 -12.27397 -12.27551 -12.27728 -12.27933 -12.28173
 -12.28456 -12.28795 -12.29204 -12.29707 -12.30336 -12.30336 -12.31139 -12.31139
 -12.32193 -12.32194 -12.33623 -12.33623 -12.35648 -12.35648 -12.35648 -12.38692
 -12.38692 -12.38692
 -12.34638 -12.34722 -12.34817 -12.35046 -12.35186 -12.35346 -12.35532 -12.35751
 -12.36009 -12.36318 -12.36693 -12.37155 -12.37155 -12.37735 -12.38477 -12.38478
 -12.39456 -12.39457 -12.40789 -12.40790 -12.42687 -12.42689 -12.42690 -12.45562
 -12.45562 -12.45563
 -12.42182 -12.42185 -12.42348 -12.42448 -12.42686 -12.42835 -12.43008 -12.43212
 -12.43453 -12.43741 -12.44091 -12.44522 -12.44535 -12.45077 -12.45773 -12.45789
 -12.46705 -12.46723 -12.47973 -12.47992 -12.48009 -12.49794 -12.49810 -12.52522
 -12.52537 -12.52551
 -12.47584 -12.47605 -12.47767 -12.47878 -12.48006 -12.48278 -12.48470 -12.48695
 -12.48960 -12.49276 -12.49656 -12.49751 -12.50223 -12.50803 -12.51530 -12.51667
 -12.52611 -12.52763 -12.54023 -12.54180 -12.54334 -12.56091 -12.56238 -12.56375
 -12.58989 -12.59111
 -12.44295 -12.44384 -12.44534 -12.44767 -12.44979 -12.45228 -12.45620 -12.45978
 -12.46398 -12.46890 -12.47467 -12.47882 -12.48614 -12.49475 -12.50043 -12.51113
 -12.52387 -12.53088 -12.54683 -12.55430 -12.56175 -12.58229 -12.58956 -12.59647
 -12.62425 -12.63052
 -12.27089 -12.27273 -12.27514 -12.27829 -12.28170 -12.28572 -12.29045 -12.29662
 -12.30324 -12.31098 -12.31887 -12.32904 -12.34078 -12.35427 -12.36723 -12.38410
 -12.39972 -12.42020 -12.43809 -12.46232 -12.48174 -12.51013 -12.53010 -12.54969
 -12.58393 -12.60259
 -12.03242 -12.03482 -12.03779 -12.04131 -12.04563 -12.05059 -12.05645 -12.06336
 -12.07147 -12.08095 -12.09199 -12.10479 -12.11956 -12.13650 -12.15467 -12.17623
 -12.19879 -12.22533 -12.25219 -12.28375 -12.31428 -12.35081 -12.38389 -12.41745
 -12.46009 -12.49396
 -11.81764 -11.82024 -11.82339 -11.82714 -11.83159 -11.83695 -11.84322 -11.85061
 -11.85930 -11.86949 -11.88139 -11.89521 -11.91118 -11.92912 -11.94995 -11.97356
 -11.99933 -12.02874 -12.06008 -12.09548 -12.13207 -12.17330 -12.21426 -12.25675
 -12.30524 -12.34992
 -11.65818 -11.66081 -11.66396 -11.66776 -11.67225 -11.67762 -11.68395 -11.69142
 -11.70021 -11.71054 -11.72261 -11.73665 -11.75291 -11.77141 -11.79274 -11.81697
 -11.84386 -11.87427 -11.90734 -11.94425 -11.98343 -12.02540 -12.07136 -12.11823
 -12.16694 -12.22019
 -11.55512 -11.55773 -11.56084 -11.56458 -11.56901 -11.57428 -11.58055 -11.58793
 -11.59664 -11.60687 -11.61884 -11.63278 -11.64885 -11.66745 -11.68874 -11.71278
 -11.74007 -11.77063 -11.80420 -11.84150 -11.88161 -11.92481 -11.97179 -12.02059
 -12.07170 -12.12667
 -11.50110 -11.50365 -11.50669 -11.51034 -11.51468 -11.51984 -11.52595 -11.53321
 -11.54174 -11.55178 -11.56353 -11.57719 -11.59308 -11.61142 -11.63245 -11.65628
 -11.68332 -11.71366 -11.74717 -11.78407 -11.82465 -11.86819 -11.91541 -11.96497
 -12.01710 -12.07279
 -11.48760 -11.49008 -11.49305 -11.49660 -11.50082 -11.50586 -11.51182 -11.51887
 -11.52720 -11.53700 -11.54849 -11.56190 -11.57747 -11.59545 -11.61610 -11.63957
 -11.66622 -11.69603 -11.72936 -11.76599 -11.80629 -11.84973 -11.89681 -11.94653
 -11.99900 -12.05488
 -11.50695 -11.50937 -11.51225 -11.51570 -11.51980 -11.52470 -11.53050 -11.53736
 -11.54548 -11.55503 -11.56623 -11.57932 -11.59453 -11.61213 -11.63231 -11.65539
 -11.68156 -11.71092 -11.74377 -11.77997 -11.81984 -11.86295 -11.90970 -11.95927
 -12.01171 -12.06748
 -11.55270 -11.55504 -11.55784 -11.56118 -11.56517 -11.56992 -11.57556 -11.58224
 -11.59013 -11.59942 -11.61033 -11.62309 -11.63794 -11.65512 -11.67486 -11.69746
 -11.72312 -11.75196 -11.78427 -11.81997 -11.85931 -11.90197 -11.94827 -11.99750
 -12.04970 -12.10520
 -11.61956 -11.62183 -11.62455 -11.62779 -11.63166 -11.63627 -11.64174 -11.64823
 -11.65589 -11.66493 -11.67555 -11.68797 -11.70244 -11.71918 -11.73849 -11.76060
 -11.78573 -11.81403 -11.84576 -11.88089 -11.91966 -11.96180 -12.00733 -12.05636
 -12.10819 -12.16278
 -11.70328 -11.70548 -11.70811 -11.71125 -11.71500 -11.71947 -11.72478 -11.73108
 -11.73853 -11.74731 -11.75764 -11.76973 -11.78382 -11.80014 -11.81899 -11.84059
 -11.86514 -11.89291 -11.92406 -11.95859 -11.99676 -12.03832 -12.08330 -12.13180
 -12.18317 -12.23737
 -11.80042 -11.80255 -11.80510 -11.80815 -11.81178 -11.81612 -11.82126 -11.82737
 -11.83460 -11.84314 -11.85318 -11.86494 -11.87864 -11.89456 -11.91295 -11.93405
 -11.95805 -11.98525 -12.01572 -12.04971 -12.08714 -12.12820 -12.17260 -12.22052
 -12.27138 -12.32512
 -11.90825 -11.91032 -11.91279 -11.91574 -11.91926 -11.92346 -11.92846 -11.93438
 -11.94140 -11.94968 -11.95943 -11.97086 -11.98421 -11.99972 -12.01764 -12.03824
 -12.06170 -12.08832 -12.11818 -12.15154 -12.18834 -12.22876 -12.27254 -12.31987
 -12.37017 -12.42340
 -12.02459 -12.02659 -12.02898 -12.03184 -12.03526 -12.03932 -12.04417 -12.04991
 -12.05672 -12.06476 -12.07423 -12.08534 -12.09832 -12.11343 -12.13090 -12.15096
 -12.17391 -12.19995 -12.22920 -12.26193 -12.29808 -12.33785 -12.38100 -12.42770
 -12.47742 -12.53011
 -12.14770 -12.14963 -12.15195 -12.15472 -12.15802 -12.16196 -12.16665 -12.17223
 -12.17883 -12.18663 -12.19583 -12.20663 -12.21925 -12.23395 -12.25097 -12.27054
 -12.29295 -12.31841 -12.34705 -12.37914 -12.41464 -12.45375 -12.49625 -12.54213
 -12.59143 -12.64354
 -12.27617 -12.27805 -12.28029 -12.28297 -12.28617 -12.28999 -12.29453 -12.29993
 -12.30634 -12.31391 -12.32284 -12.33333 -12.34561 -12.35991 -12.37647 -12.39557
 -12.41744 -12.44228 -12.47036 -12.50180 -12.53665 -12.57509 -12.61693 -12.66216
 -12.71083 -12.76235
 -12.40893 -12.41074 -12.41291 -12.41550 -12.41860 -12.42230 -12.42671 -12.43194
 -12.43815 -12.44550 -12.45416 -12.46435 -12.47628 -12.49018 -12.50632 -12.52493
 -12.54628 -12.57055 -12.59802 -12.62882 -12.66301 -12.70079 -12.74195 -12.78653
 -12.83456 -12.88546
 -12.54507 -12.54683 -12.54893 -12.55144 -12.55444 -12.55802 -12.56229 -12.56736
 -12.57338 -12.58050 -12.58891 -12.59881 -12.61039 -12.62392 -12.63963 -12.65777
 -12.67859 -12.70230 -12.72916 -12.75927 -12.79286 -12.82986 -12.87045 -12.91436
 -12.96174 -13.01202
 -12.68392 -12.68561 -12.68765 -12.69008 -12.69298 -12.69645 -12.70058 -12.70550
 -12.71133 -12.71824 -12.72640 -12.73600 -12.74726 -12.76042 -12.77570 -12.79337
 -12.81366 -12.83683 -12.86309 -12.89257 -12.92550 -12.96183 -13.00174 -13.04497
 -13.09169 -13.14134
 -12.82490 -12.82654 -12.82851 -12.83086 -12.83368 -12.83703 -12.84103 -12.84580
 -12.85145 -12.85815 -12.86606 -12.87539 -12.88633 -12.89911 -12.91399 -12.93120
 -12.95097 -12.97359 -12.99926 -13.02811 -13.06038 -13.09604 -13.13527 -13.17782
 -13.22387 -13.27288
 -12.96759 -12.96918 -12.97108 -12.97336 -12.97608 -12.97933 -12.98321 -12.98782
 -12.99330 -12.99979 -13.00747 -13.01652 -13.02714 -13.03957 -13.05404 -13.07080
 -13.09007 -13.11214 -13.13722 -13.16545 -13.19707 -13.23205 -13.27060 -13.31247
 -13.35766 -13.40621
 -13.11163 -13.11317 -13.11501 -13.11721 -13.11985 -13.12299 -13.12674 -13.13121
 -13.13652 -13.14282 -13.15027 -13.15904 -13.16936 -13.18144 -13.19551 -13.21180
 -13.23060 -13.25214 -13.27660 -13.30424 -13.33521 -13.36953 -13.40739 -13.44858
 -13.49310 -13.54099
 -13.25675 -13.25823 -13.26002 -13.26215 -13.26470 -13.26774 -13.27137 -13.27570
 -13.28085 -13.28695 -13.29417 -13.30269 -13.31270 -13.32444 -13.33810 -13.35398
 -13.37229 -13.39330 -13.41718 -13.44421 -13.47448 -13.50819 -13.54527 -13.58588
 -13.62972 -13.67694
 -13.40272 -13.40416 -13.40588 -13.40794 -13.41041 -13.41336 -13.41687 -13.42106
 -13.42605 -13.43196 -13.43896 -13.44722 -13.45694 -13.46834 -13.48163 -13.49708
 -13.51492 -13.53540 -13.55872 -13.58515 -13.61477 -13.64782 -13.68422 -13.72414
 -13.76730 -13.81387
 -13.54937 -13.55076 -13.55243 -13.55442 -13.55681 -13.55966 -13.56306 -13.56712
 -13.57195 -13.57768 -13.58447 -13.59248 -13.60191 -13.61298 -13.62591 -13.64093
 -13.65831 -13.67825 -13.70103 -13.72686 -13.75585 -13.78824 -13.82396 -13.86320
 -13.90568 -13.95158
 -13.69656 -13.69790 -13.69952 -13.70145 -13.70376 -13.70652 -13.70981 -13.71374
 -13.71841 -13.72397 -13.73055 -13.73832 -13.74747 -13.75822 -13.77078 -13.78540
 -13.80232 -13.82175 -13.84398 -13.86922 -13.89758 -13.92932 -13.96436 -14.00293
 -14.04472 -14.08973
 -13.84418 -13.84548 -13.84704 -13.84891 -13.85114 -13.85381 -13.85700 -13.86081
 -13.86533 -13.87071 -13.87709 -13.88463 -13.89351 -13.90395 -13.91615 -13.93037
 -13.94681 -13.96577 -13.98746 -14.01212 -14.03986 -14.07094 -14.10532 -14.14320
 -14.18431 -14.22866
 -13.99214 -13.99340 -13.99491 -13.99671 -13.99888 -14.00146 -14.00455 -14.00823
 -14.01262 -14.01783 -14.02400 -14.03132 -14.03994 -14.05007 -14.06193 -14.07575
 -14.09175 -14.11022 -14.13138 -14.15541 -14.18258 -14.21302 -14.24673 -14.28394
 -14.32437 -14.36804
 -14.14038 -14.14159 -14.14305 -14.14480 -14.14689 -14.14939 -14.15238 -14.15594
 -14.16019 -14.16524 -14.17123 -14.17831 -14.18668 -14.19651 -14.20803 -14.22145
 -14.23704 -14.25503 -14.27567 -14.29913 -14.32569 -14.35542 -14.38854 -14.42495
 -14.46483 -14.50783
 -14.28883 -14.29001 -14.29142 -14.29311 -14.29513 -14.29755 -14.30044 -14.30389
 -14.30800 -14.31289 -14.31870 -14.32557 -14.33367 -14.34322 -14.35440 -14.36746
 -14.38263 -14.40015 -14.42027 -14.44317 -14.46913 -14.49823 -14.53069 -14.56643
 -14.60563 -14.64796
 -14.43746 -14.43860 -14.43996 -14.44160 -14.44355 -14.44589 -14.44869 -14.45203
 -14.45601 -14.46075 -14.46637 -14.47303 -14.48089 -14.49015 -14.50102 -14.51371
 -14.52846 -14.54552 -14.56510 -14.58748 -14.61286 -14.64132 -14.67314 -14.70821
 -14.74674 -14.78840
 -14.58622 -14.58732 -14.58864 -14.59023 -14.59212 -14.59438 -14.59709 -14.60032
 -14.60418 -14.60876 -14.61421 -14.62067 -14.62829 -14.63728 -14.64783 -14.66016
 -14.67451 -14.69112 -14.71020 -14.73204 -14.75683 -14.78467 -14.81584 -14.85025
 -14.88810 -14.92910
 -14.73510 -14.73617 -14.73744 -14.73897 -14.74080 -14.74300 -14.74561 -14.74874
 -14.75248 -14.75692 -14.76219 -14.76845 -14.77585 -14.78457 -14.79481 -14.80679
 -14.82074 -14.83688 -14.85550 -14.87680 -14.90097 -14.92825 -14.95878 -14.99252
 -15.02971 -15.07004
 -14.88407 -14.88510 -14.88633 -14.88781 -14.88959 -14.89171 -14.89424 -14.89727
 -14.90088 -14.90518 -14.91029 -14.91635 -14.92353 -14.93199 -14.94193 -14.95357
 -14.96712 -14.98284 -15.00098 -15.02176 -15.04535 -15.07203 -15.10192 -15.13501
 -15.17140 -15.21120
 -15.03311 -15.03411 -15.03530 -15.03673 -15.03845 -15.04050 -15.04295 -15.04588
 -15.04937 -15.05354 -15.05849 -15.06436 -15.07132 -15.07952 -15.08916 -15.10047
 -15.11365 -15.12896 -15.14662 -15.16688 -15.18991 -15.21600 -15.24518 -15.27770
 -15.31343 -15.35256
 -15.18221 -15.18317 -15.18433 -15.18571 -15.18737 -15.18935 -15.19173 -15.19456
 -15.19794 -15.20198 -15.20677 -15.21247 -15.21920 -15.22716 -15.23652 -15.24750
 -15.26032 -15.27520 -15.29240 -15.31212 -15.33464 -15.36013 -15.38870 -15.42057
 -15.45564 -15.49411
 --------------------/ IPRT= 1  / IGRD= 1  /RECOM   / Z1= 3   / DATE= 07.11.02
 -11.28444 -11.28444 -11.28444 -11.28444 -11.28910 -11.29181 -11.29482 -11.30197
 -11.30624 -11.31110 -11.31667 -11.32309 -11.33058 -11.33058 -11.33940 -11.34993
 -11.36267 -11.36267 -11.37839 -11.37839 -11.39826 -11.39826 -11.39826 -11.42414
 -11.42414 -11.42414
 -11.34600 -11.34600 -11.34600 -11.34600 -11.34802 -11.35274 -11.35550 -11.35860
 -11.36604 -11.37055 -11.37574 -11.38174 -11.38877 -11.38877 -11.39708 -11.40704
 -11.40704 -11.41917 -11.43422 -11.43422 -11.45335 -11.45335 -11.45335 -11.47843
 -11.47843 -11.47843
 -11.40851 -11.40851 -11.40851 -11.40851 -11.41034 -11.41464 -11.41717 -11.42000
 -11.42321 -11.43102 -11.43582 -11.44141 -11.44141 -11.44797 -11.45576 -11.46515
 -11.46515 -11.47664 -11.47664 -11.49097 -11.49097 -11.50930 -11.50930 -11.53351
 -11.53351 -11.53351
 -11.47198 -11.47198 -11.47198 -11.47198 -11.47364 -11.47548 -11.47984 -11.48243
 -11.48536 -11.48870 -11.49253 -11.49696 -11.50214 -11.50824 -11.51551 -11.52432
 -11.52432 -11.53515 -11.53515 -11.54874 -11.54874 -11.56622 -11.56622 -11.58948
 -11.58948 -11.58948
 -11.53644 -11.53644 -11.53644 -11.53644 -11.53794 -11.53960 -11.54355 -11.54590
 -11.54857 -11.55163 -11.55514 -11.55921 -11.56398 -11.56963 -11.57639 -11.57639
 -11.58461 -11.59477 -11.59477 -11.60760 -11.60760 -11.62421 -11.62421 -11.64645
 -11.64645 -11.64645
 -11.60191 -11.60191 -11.60191 -11.60191 -11.60191 -11.60476 -11.60644 -11.61046
 -11.61289 -11.61567 -11.61887 -11.62260 -11.62699 -11.63219 -11.63845 -11.63845
 -11.64609 -11.65558 -11.65558 -11.66763 -11.66763 -11.68334 -11.68334 -11.68334
 -11.70453 -11.70453
 -11.66844 -11.66844 -11.66844 -11.66844 -11.66844 -11.67100 -11.67251 -11.67421
 -11.67834 -11.68086 -11.68378 -11.68718 -11.69119 -11.69598 -11.69598 -11.70175
 -11.70882 -11.70882 -11.71765 -11.72892 -11.72892 -11.74371 -11.74371 -11.74371
 -11.76380 -11.76380
 -11.73605 -11.73605 -11.73605 -11.73605 -11.73605 -11.73714 -11.73970 -11.74124
 -11.74297 -11.74725 -11.74989 -11.75299 -11.75665 -11.75665 -11.76103 -11.76633
 -11.77286 -11.77286 -11.78105 -11.79155 -11.79155 -11.79155 -11.80541 -11.80541
 -11.82439 -11.82439
 -11.80480 -11.80480 -11.80480 -11.80480 -11.80480 -11.80577 -11.80807 -11.80945
 -11.81101 -11.81281 -11.81487 -11.81727 -11.82008 -11.82341 -11.82741 -11.83227
 -11.83827 -11.83827 -11.84583 -11.84583 -11.85558 -11.85558 -11.86853 -11.86853
 -11.88639 -11.88639
 -11.87475 -11.87475 -11.87475 -11.87475 -11.87475 -11.87561 -11.87658 -11.87891
 -11.88031 -11.88192 -11.88378 -11.88595 -11.88850 -11.89152 -11.89516 -11.89960
 -11.89960 -11.90511 -11.91207 -11.91207 -11.92110 -11.92110 -11.93316 -11.93316
 -11.94989 -11.94989
 -11.94595 -11.94595 -11.94595 -11.94595 -11.94595 -11.94595 -11.94758 -11.94856
 -11.95093 -11.95238 -11.95405 -11.95601 -11.95831 -11.96105 -11.96436 -11.96841
 -11.96841 -11.97345 -11.97985 -11.97985 -11.98818 -11.98818 -11.99937 -11.99937
 -12.01501 -12.01501
 -12.01848 -12.01848 -12.01848 -12.01848 -12.01848 -12.01848 -12.01994 -12.02081
 -12.02180 -12.02423 -12.02574 -12.02751 -12.02959 -12.03207 -12.03507 -12.03876
 -12.03876 -12.04336 -12.04923 -12.04923 -12.05690 -12.05690 -12.06726 -12.06726
 -12.06726 -12.08183
 -12.09242 -12.09242 -12.09242 -12.09242 -12.09242 -12.09242 -12.09304 -12.09451
 -12.09540 -12.09758 -12.09893 -12.10052 -12.10240 -12.10465 -12.10737 -12.10737
 -12.11072 -12.11492 -12.11492 -12.12029 -12.12735 -12.12735 -12.13692 -12.13692
 -12.13692 -12.15047
 -12.16788 -12.16788 -12.16788 -12.16788 -12.16788 -12.16788 -12.16843 -12.16974
 -12.17054 -12.17145 -12.17250 -12.17515 -12.17684 -12.17887 -12.17887 -12.18134
 -12.18439 -12.18821 -12.18821 -12.19313 -12.19313 -12.19960 -12.19960 -12.20844
 -12.20844 -12.22101
 -12.24495 -12.24495 -12.24495 -12.24495 -12.24495 -12.24495 -12.24544 -12.24599
 -12.24733 -12.24815 -12.24909 -12.25019 -12.25147 -12.25300 -12.25484 -12.25708
 -12.25985 -12.26333 -12.26333 -12.26782 -12.26782 -12.27377 -12.27377 -12.28191
 -12.28191 -12.29356
 -12.32374 -12.32374 -12.32374 -12.32374 -12.32374 -12.32374 -12.32418 -12.32467
 -12.32587 -12.32661 -12.32746 -12.32844 -12.32961 -12.33099 -12.33265 -12.33468
 -12.33720 -12.33720 -12.34037 -12.34448 -12.34448 -12.34993 -12.34993 -12.35743
 -12.35743 -12.36822
 -12.40436 -12.40436 -12.40436 -12.40436 -12.40436 -12.40436 -12.40436 -12.40520
 -12.40571 -12.40694 -12.40770 -12.40860 -12.40965 -12.41090 -12.41241 -12.41425
 -12.41654 -12.41654 -12.41943 -12.42319 -12.42319 -12.42819 -12.42819 -12.43510
 -12.43510 -12.43510
 -12.48693 -12.48693 -12.48693 -12.48693 -12.48693 -12.48693 -12.48693 -12.48769
 -12.48814 -12.48866 -12.48994 -12.49075 -12.49170 -12.49283 -12.49420 -12.49588
 -12.49588 -12.49796 -12.50061 -12.50061 -12.50404 -12.50864 -12.50864 -12.51501
 -12.51501 -12.51501
 -12.57156 -12.57156 -12.57156 -12.57156 -12.57156 -12.57156 -12.57156 -12.57188
 -12.57264 -12.57311 -12.57365 -12.57500 -12.57587 -12.57690 -12.57814 -12.57967
 -12.57967 -12.58157 -12.58399 -12.58399 -12.58714 -12.59137 -12.59137 -12.59724
 -12.59724 -12.59724
 -12.65833 -12.65833 -12.65833 -12.65833 -12.65833 -12.65833 -12.65833 -12.65862
 -12.65931 -12.65973 -12.66022 -12.66079 -12.66224 -12.66317 -12.66317 -12.66431
 -12.66570 -12.66744 -12.66966 -12.66966 -12.67256 -12.67256 -12.67645 -12.67645
 -12.68188 -12.68188
 -12.74733 -12.74733 -12.74733 -12.74733 -12.74733 -12.74733 -12.74733 -12.74759
 -12.74789 -12.74861 -12.74905 -12.74957 -12.75017 -12.75089 -12.75174 -12.75278
 -12.75406 -12.75565 -12.75769 -12.75769 -12.76036 -12.76036 -12.76395 -12.76395
 -12.76898 -12.76898
 -12.83863 -12.83863 -12.83863 -12.83863 -12.83863 -12.83863 -12.83863 -12.83863
 -12.83914 -12.83944 -12.84020 -12.84067 -12.84122 -12.84188 -12.84266 -12.84362
 -12.84479 -12.84626 -12.84626 -12.84813 -12.85060 -12.85060 -12.85392 -12.85392
 -12.85859 -12.85859
 -12.93227 -12.93227 -12.93227 -12.93227 -12.93227 -12.93227 -12.93227 -12.93227
 -12.93274 -12.93302 -12.93371 -12.93414 -12.93465 -12.93525 -12.93597 -12.93685
 -12.93793 -12.93928 -12.93928 -12.94102 -12.94330 -12.94330 -12.94639 -12.94639
 -12.95073 -12.95073
 -13.02828 -13.02828 -13.02828 -13.02828 -13.02828 -13.02828 -13.02828 -13.02828
 -13.02848 -13.02897 -13.02926 -13.03000 -13.03047 -13.03102 -13.03169 -13.03249
 -13.03349 -13.03349 -13.03475 -13.03636 -13.03636 -13.03848 -13.04135 -13.04135
 -13.04541 -13.04541
 -13.12666 -13.12666 -13.12666 -13.12666 -13.12666 -13.12666 -13.12666 -13.12666
 -13.12685 -13.12729 -13.12757 -13.12788 -13.12868 -13.12919 -13.12981 -13.13056
 -13.13056 -13.13149 -13.13265 -13.13415 -13.13415 -13.13612 -13.13612 -13.13881
 -13.13881 -13.14261
 -13.22740 -13.22740 -13.22740 -13.22740 -13.22740 -13.22740 -13.22740 -13.22740
 -13.22757 -13.22776 -13.22823 -13.22853 -13.22887 -13.22927 -13.22974 -13.23032
 -13.23101 -13.23188 -13.23296 -13.23436 -13.23436 -13.23621 -13.23621 -13.23873
 -13.23873 -13.24230
 -13.33045 -13.33045 -13.33045 -13.33045 -13.33045 -13.33045 -13.33045 -13.33045
 -13.33061 -13.33079 -13.33123 -13.33150 -13.33181 -13.33219 -13.33263 -13.33317
 -13.33382 -13.33463 -13.33564 -13.33564 -13.33696 -13.33869 -13.33869 -13.34106
 -13.34106 -13.34442
 -13.43576 -13.43576 -13.43576 -13.43576 -13.43576 -13.43576 -13.43576 -13.43576
 -13.43576 -13.43608 -13.43627 -13.43674 -13.43704 -13.43739 -13.43780 -13.43830
 -13.43891 -13.43967 -13.44063 -13.44063 -13.44186 -13.44350 -13.44350 -13.44573
 -13.44573 -13.44891
 -13.54327 -13.54327 -13.54327 -13.54327 -13.54327 -13.54327 -13.54327 -13.54327
 -13.54327 -13.54356 -13.54374 -13.54395 -13.54446 -13.54479 -13.54518 -13.54565
 -13.54623 -13.54694 -13.54694 -13.54784 -13.54901 -13.55055 -13.55055 -13.55267
 -13.55267 -13.55568
 -13.65288 -13.65288 -13.65288 -13.65288 -13.65288 -13.65288 -13.65288 -13.65288
 -13.65288 -13.65301 -13.65333 -13.65352 -13.65375 -13.65432 -13.65469 -13.65513
 -13.65568 -13.65635 -13.65635 -13.65720 -13.65831 -13.65831 -13.65977 -13.66178
 -13.66178 -13.66465
 -13.76453 -13.76453 -13.76453 -13.76453 -13.76453 -13.76453 -13.76453 -13.76453
 -13.76453 -13.76465 -13.76495 -13.76513 -13.76534 -13.76559 -13.76623 -13.76665
 -13.76717 -13.76717 -13.76781 -13.76862 -13.76967 -13.76967 -13.77106 -13.77106
 -13.77297 -13.77297
 -13.87810 -13.87810 -13.87810 -13.87810 -13.87810 -13.87810 -13.87810 -13.87810
 -13.87810 -13.87821 -13.87835 -13.87867 -13.87887 -13.87911 -13.87938 -13.87972
 -13.88012 -13.88061 -13.88122 -13.88199 -13.88299 -13.88299 -13.88432 -13.88432
 -13.88614 -13.88614
 -13.99350 -13.99350 -13.99350 -13.99350 -13.99350 -13.99350 -13.99350 -13.99350
 -13.99350 -13.99361 -13.99374 -13.99405 -13.99424 -13.99446 -13.99473 -13.99504
 -13.99542 -13.99589 -13.99647 -13.99721 -13.99721 -13.99817 -13.99944 -13.99944
 -14.00119 -14.00119
 -14.11064 -14.11064 -14.11064 -14.11064 -14.11064 -14.11064 -14.11064 -14.11064
 -14.11064 -14.11064 -14.11086 -14.11100 -14.11134 -14.11155 -14.11181 -14.11211
 -14.11247 -14.11292 -14.11348 -14.11418 -14.11418 -14.11510 -14.11632 -14.11632
 -14.11801 -14.11801
 -14.22941 -14.22941 -14.22941 -14.22941 -14.22941 -14.22941 -14.22941 -14.22941
 -14.22941 -14.22941 -14.22962 -14.22975 -14.22990 -14.23028 -14.23053 -14.23082
 -14.23117 -14.23159 -14.23213 -14.23213 -14.23281 -14.23369 -14.23369 -14.23487
 -14.23649 -14.23649
 -14.34971 -14.34971 -14.34971 -14.34971 -14.34971 -14.34971 -14.34971 -14.34971
 -14.34971 -14.34971 -14.34981 -14.35004 -14.35019 -14.35036 -14.35079 -14.35106
 -14.35140 -14.35181 -14.35181 -14.35233 -14.35298 -14.35383 -14.35383 -14.35497
 -14.35653 -14.35653
 -14.47146 -14.47146 -14.47146 -14.47146 -14.47146 -14.47146 -14.47146 -14.47146
 -14.47146 -14.47146 -14.47155 -14.47177 -14.47191 -14.47207 -14.47226 -14.47249
 -14.47276 -14.47308 -14.47348 -14.47398 -14.47461 -14.47543 -14.47543 -14.47653
 -14.47653 -14.47804
 -14.59455 -14.59455 -14.59455 -14.59455 -14.59455 -14.59455 -14.59455 -14.59455
 -14.59455 -14.59455 -14.59464 -14.59474 -14.59499 -14.59514 -14.59533 -14.59554
 -14.59580 -14.59612 -14.59650 -14.59698 -14.59759 -14.59759 -14.59839 -14.59945
 -14.59945 -14.60092
 -14.71890 -14.71890 -14.71890 -14.71890 -14.71890 -14.71890 -14.71890 -14.71890
 -14.71890 -14.71890 -14.71890 -14.71908 -14.71920 -14.71948 -14.71965 -14.71986
 -14.72011 -14.72042 -14.72079 -14.72126 -14.72185 -14.72185 -14.72262 -14.72365
 -14.72365 -14.72508
 -14.84443 -14.84443 -14.84443 -14.84443 -14.84443 -14.84443 -14.84443 -14.84443
 -14.84443 -14.84443 -14.84443 -14.84461 -14.84472 -14.84499 -14.84516 -14.84536
 -14.84560 -14.84590 -14.84626 -14.84671 -14.84729 -14.84729 -14.84804 -14.84905
 -14.84905 -14.85044
 -14.97106 -14.97106 -14.97106 -14.97106 -14.97106 -14.97106 -14.97106 -14.97106
 -14.97106 -14.97106 -14.97106 -14.97114 -14.97134 -14.97146 -14.97177 -14.97196
 -14.97220 -14.97249 -14.97284 -14.97328 -14.97328 -14.97384 -14.97457 -14.97457
 -14.97555 -14.97691
 -15.09871 -15.09871 -15.09871 -15.09871 -15.09871 -15.09871 -15.09871 -15.09871
 -15.09871 -15.09871 -15.09871 -15.09879 -15.09898 -15.09910 -15.09924 -15.09940
 -15.09982 -15.10010 -15.10044 -15.10044 -15.10087 -15.10142 -15.10213 -15.10213
 -15.10309 -15.10309
 -15.22732 -15.22732 -15.22732 -15.22732 -15.22732 -15.22732 -15.22732 -15.22732
 -15.22732 -15.22732 -15.22732 -15.22740 -15.22749 -15.22770 -15.22784 -15.22799
 -15.22818 -15.22840 -15.22868 -15.22901 -15.22943 -15.22996 -15.23066 -15.23066
 -15.23160 -15.23160
 -15.35683 -15.35683 -15.35683 -15.35683 -15.35683 -15.35683 -15.35683 -15.35683
 -15.35683 -15.35683 -15.35683 -15.35690 -15.35699 -15.35720 -15.35733 -15.35748
 -15.35766 -15.35788 -15.35815 -15.35848 -15.35889 -15.35941 -15.35941 -15.36009
 -15.36101 -15.36101
 -15.48716 -15.48716 -15.48716 -15.48716 -15.48716 -15.48716 -15.48716 -15.48716
 -15.48716 -15.48716 -15.48716 -15.48716 -15.48732 -15.48742 -15.48765 -15.48780
 -15.48798 -15.48820 -15.48846 -15.48878 -15.48918 -15.48969 -15.48969 -15.49036
 -15.49126 -15.49126
 -15.61828 -15.61828 -15.61828 -15.61828 -15.61828 -15.61828 -15.61828 -15.61828
 -15.61828 -15.61828 -15.61828 -15.61828 -15.61843 -15.61853 -15.61863 -15.61891
 -15.61908 -15.61929 -15.61955 -15.61986 -15.62025 -15.62025 -15.62075 -15.62141
 -15.62141 -15.62229
 -15.75012 -15.75012 -15.75012 -15.75012 -15.75012 -15.75012 -15.75012 -15.75012
 -15.75012 -15.75012 -15.75012 -15.75012 -15.75019 -15.75037 -15.75047 -15.75059
 -15.75091 -15.75112 -15.75136 -15.75167 -15.75206 -15.75206 -15.75255 -15.75319
 -15.75319 -15.75406
 -15.88265 -15.88265 -15.88265 -15.88265 -15.88265 -15.88265 -15.88265 -15.88265
 -15.88265 -15.88265 -15.88265 -15.88265 -15.88272 -15.88288 -15.88299 -15.88311
 -15.88325 -15.88362 -15.88387 -15.88387 -15.88417 -15.88455 -15.88503 -15.88566
 -15.88566 -15.88651
 
C---------------------------------------------------------------------------------
C ADAS ADF11 DATA - SCCS info: @(#)$Header: /home/adascvs/adas/adf11/acd89/acd89_li.dat,v 2.1 2004/07/07 00:01:17 whitefor Exp $ Date $Date: 2004/07/07 00:01:17 $
C---------------------------------------------------------------------------------
