    4   26   48    1    4     /BERYLLIUM          / ABEL-VAN-MEINNEN 1982
 -------------------------------------------------------------------------------
  10.00000  10.20000  10.40000  10.60000  10.80000  11.00000  11.20000  11.40000
  11.60000  11.80000  12.00000  12.20000  12.40000  12.60000  12.80000  13.00000
  13.20000  13.40000  13.60000  13.80000  14.00000  14.20000  14.40000  14.60000
  14.80000  15.00000
   0.00000   0.10000   0.20000   0.30000   0.40000   0.50000   0.60000   0.70000
   0.80000   0.90000   1.00000   1.10000   1.20000   1.30000   1.40000   1.50000
   1.60000   1.70000   1.80000   1.90000   2.00000   2.10000   2.20000   2.30000
   2.40000   2.50000   2.60000   2.70000   2.80000   2.90000   3.00000   3.10000
   3.20000   3.30000   3.40000   3.50000   3.60000   3.70000   3.80000   3.90000
   4.00000   4.10000   4.20000   4.30000   4.40000   4.50000   4.60000   4.70000
 ---------------------------------------------------/ Z1= 1   / DATE= 05.04.90
 -11.72083 -11.72083 -11.72083 -11.72083 -11.72083 -11.72083 -11.72083 -11.72083
 -11.72083 -11.72083 -11.72083 -11.72083 -11.72083 -11.72083 -11.72083 -11.72083
 -11.72083 -11.72083 -11.72083 -11.72083 -11.72083 -11.72083 -11.72083 -11.72083
 -11.72083 -11.72083
 -10.83171 -10.83171 -10.83171 -10.83171 -10.83171 -10.83171 -10.83171 -10.83171
 -10.83171 -10.83171 -10.83171 -10.83171 -10.83171 -10.83171 -10.83171 -10.83171
 -10.83171 -10.83171 -10.83171 -10.83171 -10.83171 -10.83171 -10.83171 -10.83171
 -10.83171 -10.83171
 -10.11286 -10.11286 -10.11286 -10.11286 -10.11286 -10.11286 -10.11286 -10.11286
 -10.11286 -10.11286 -10.11286 -10.11286 -10.11286 -10.11286 -10.11286 -10.11286
 -10.11286 -10.11286 -10.11286 -10.11286 -10.11286 -10.11286 -10.11286 -10.11286
 -10.11286 -10.11286
  -9.52944  -9.52944  -9.52944  -9.52944  -9.52944  -9.52944  -9.52944  -9.52944
  -9.52944  -9.52944  -9.52944  -9.52944  -9.52944  -9.52944  -9.52944  -9.52944
  -9.52944  -9.52944  -9.52944  -9.52944  -9.52944  -9.52944  -9.52944  -9.52944
  -9.52944  -9.52944
  -9.05394  -9.05394  -9.05394  -9.05394  -9.05394  -9.05394  -9.05394  -9.05394
  -9.05394  -9.05394  -9.05394  -9.05394  -9.05394  -9.05394  -9.05394  -9.05394
  -9.05394  -9.05394  -9.05394  -9.05394  -9.05394  -9.05394  -9.05394  -9.05394
  -9.05394  -9.05394
  -8.66467  -8.66467  -8.66467  -8.66467  -8.66467  -8.66467  -8.66467  -8.66467
  -8.66467  -8.66467  -8.66467  -8.66467  -8.66467  -8.66467  -8.66467  -8.66467
  -8.66467  -8.66467  -8.66467  -8.66467  -8.66467  -8.66467  -8.66467  -8.66467
  -8.66467  -8.66467
  -8.34458  -8.34458  -8.34458  -8.34458  -8.34458  -8.34458  -8.34458  -8.34458
  -8.34458  -8.34458  -8.34458  -8.34458  -8.34458  -8.34458  -8.34458  -8.34458
  -8.34458  -8.34458  -8.34458  -8.34458  -8.34458  -8.34458  -8.34458  -8.34458
  -8.34458  -8.34458
  -8.08027  -8.08027  -8.08027  -8.08027  -8.08027  -8.08027  -8.08027  -8.08027
  -8.08027  -8.08027  -8.08027  -8.08027  -8.08027  -8.08027  -8.08027  -8.08027
  -8.08027  -8.08027  -8.08027  -8.08027  -8.08027  -8.08027  -8.08027  -8.08027
  -8.08027  -8.08027
  -7.86127  -7.86127  -7.86127  -7.86127  -7.86127  -7.86127  -7.86127  -7.86127
  -7.86127  -7.86127  -7.86127  -7.86127  -7.86127  -7.86127  -7.86127  -7.86127
  -7.86127  -7.86127  -7.86127  -7.86127  -7.86127  -7.86127  -7.86127  -7.86127
  -7.86127  -7.86127
  -7.67935  -7.67935  -7.67935  -7.67935  -7.67935  -7.67935  -7.67935  -7.67935
  -7.67935  -7.67935  -7.67935  -7.67935  -7.67935  -7.67935  -7.67935  -7.67935
  -7.67935  -7.67935  -7.67935  -7.67935  -7.67935  -7.67935  -7.67935  -7.67935
  -7.67935  -7.67935
  -7.52814  -7.52814  -7.52814  -7.52814  -7.52814  -7.52814  -7.52814  -7.52814
  -7.52814  -7.52814  -7.52814  -7.52814  -7.52814  -7.52814  -7.52814  -7.52814
  -7.52814  -7.52814  -7.52814  -7.52814  -7.52814  -7.52814  -7.52814  -7.52814
  -7.52814  -7.52814
  -7.40263  -7.40263  -7.40263  -7.40263  -7.40263  -7.40263  -7.40263  -7.40263
  -7.40263  -7.40263  -7.40263  -7.40263  -7.40263  -7.40263  -7.40263  -7.40263
  -7.40263  -7.40263  -7.40263  -7.40263  -7.40263  -7.40263  -7.40263  -7.40263
  -7.40263  -7.40263
  -7.29891  -7.29891  -7.29891  -7.29891  -7.29891  -7.29891  -7.29891  -7.29891
  -7.29891  -7.29891  -7.29891  -7.29891  -7.29891  -7.29891  -7.29891  -7.29891
  -7.29891  -7.29891  -7.29891  -7.29891  -7.29891  -7.29891  -7.29891  -7.29891
  -7.29891  -7.29891
  -7.21387  -7.21387  -7.21387  -7.21387  -7.21387  -7.21387  -7.21387  -7.21387
  -7.21387  -7.21387  -7.21387  -7.21387  -7.21387  -7.21387  -7.21387  -7.21387
  -7.21387  -7.21387  -7.21387  -7.21387  -7.21387  -7.21387  -7.21387  -7.21387
  -7.21387  -7.21387
  -7.14496  -7.14496  -7.14496  -7.14496  -7.14496  -7.14496  -7.14496  -7.14496
  -7.14496  -7.14496  -7.14496  -7.14496  -7.14496  -7.14496  -7.14496  -7.14496
  -7.14496  -7.14496  -7.14496  -7.14496  -7.14496  -7.14496  -7.14496  -7.14496
  -7.14496  -7.14496
  -7.09005  -7.09005  -7.09005  -7.09005  -7.09005  -7.09005  -7.09005  -7.09005
  -7.09005  -7.09005  -7.09005  -7.09005  -7.09005  -7.09005  -7.09005  -7.09005
  -7.09005  -7.09005  -7.09005  -7.09005  -7.09005  -7.09005  -7.09005  -7.09005
  -7.09005  -7.09005
  -7.04730  -7.04730  -7.04730  -7.04730  -7.04730  -7.04730  -7.04730  -7.04730
  -7.04730  -7.04730  -7.04730  -7.04730  -7.04730  -7.04730  -7.04730  -7.04730
  -7.04730  -7.04730  -7.04730  -7.04730  -7.04730  -7.04730  -7.04730  -7.04730
  -7.04730  -7.04730
  -7.01507  -7.01507  -7.01507  -7.01507  -7.01507  -7.01507  -7.01507  -7.01507
  -7.01507  -7.01507  -7.01507  -7.01507  -7.01507  -7.01507  -7.01507  -7.01507
  -7.01507  -7.01507  -7.01507  -7.01507  -7.01507  -7.01507  -7.01507  -7.01507
  -7.01507  -7.01507
  -6.99193  -6.99193  -6.99193  -6.99193  -6.99193  -6.99193  -6.99193  -6.99193
  -6.99193  -6.99193  -6.99193  -6.99193  -6.99193  -6.99193  -6.99193  -6.99193
  -6.99193  -6.99193  -6.99193  -6.99193  -6.99193  -6.99193  -6.99193  -6.99193
  -6.99193  -6.99193
  -6.97661  -6.97661  -6.97661  -6.97661  -6.97661  -6.97661  -6.97661  -6.97661
  -6.97661  -6.97661  -6.97661  -6.97661  -6.97661  -6.97661  -6.97661  -6.97661
  -6.97661  -6.97661  -6.97661  -6.97661  -6.97661  -6.97661  -6.97661  -6.97661
  -6.97661  -6.97661
  -6.96798  -6.96798  -6.96798  -6.96798  -6.96798  -6.96798  -6.96798  -6.96798
  -6.96798  -6.96798  -6.96798  -6.96798  -6.96798  -6.96798  -6.96798  -6.96798
  -6.96798  -6.96798  -6.96798  -6.96798  -6.96798  -6.96798  -6.96798  -6.96798
  -6.96798  -6.96798
  -6.96509  -6.96509  -6.96509  -6.96509  -6.96509  -6.96509  -6.96509  -6.96509
  -6.96509  -6.96509  -6.96509  -6.96509  -6.96509  -6.96509  -6.96509  -6.96509
  -6.96509  -6.96509  -6.96509  -6.96509  -6.96509  -6.96509  -6.96509  -6.96509
  -6.96509  -6.96509
  -6.96711  -6.96711  -6.96711  -6.96711  -6.96711  -6.96711  -6.96711  -6.96711
  -6.96711  -6.96711  -6.96711  -6.96711  -6.96711  -6.96711  -6.96711  -6.96711
  -6.96711  -6.96711  -6.96711  -6.96711  -6.96711  -6.96711  -6.96711  -6.96711
  -6.96711  -6.96711
  -6.97335  -6.97335  -6.97335  -6.97335  -6.97335  -6.97335  -6.97335  -6.97335
  -6.97335  -6.97335  -6.97335  -6.97335  -6.97335  -6.97335  -6.97335  -6.97335
  -6.97335  -6.97335  -6.97335  -6.97335  -6.97335  -6.97335  -6.97335  -6.97335
  -6.97335  -6.97335
  -6.98323  -6.98323  -6.98323  -6.98323  -6.98323  -6.98323  -6.98323  -6.98323
  -6.98323  -6.98323  -6.98323  -6.98323  -6.98323  -6.98323  -6.98323  -6.98323
  -6.98323  -6.98323  -6.98323  -6.98323  -6.98323  -6.98323  -6.98323  -6.98323
  -6.98323  -6.98323
  -6.99625  -6.99625  -6.99625  -6.99625  -6.99625  -6.99625  -6.99625  -6.99625
  -6.99625  -6.99625  -6.99625  -6.99625  -6.99625  -6.99625  -6.99625  -6.99625
  -6.99625  -6.99625  -6.99625  -6.99625  -6.99625  -6.99625  -6.99625  -6.99625
  -6.99625  -6.99625
  -7.01203  -7.01203  -7.01203  -7.01203  -7.01203  -7.01203  -7.01203  -7.01203
  -7.01203  -7.01203  -7.01203  -7.01203  -7.01203  -7.01203  -7.01203  -7.01203
  -7.01203  -7.01203  -7.01203  -7.01203  -7.01203  -7.01203  -7.01203  -7.01203
  -7.01203  -7.01203
  -7.03023  -7.03023  -7.03023  -7.03023  -7.03023  -7.03023  -7.03023  -7.03023
  -7.03023  -7.03023  -7.03023  -7.03023  -7.03023  -7.03023  -7.03023  -7.03023
  -7.03023  -7.03023  -7.03023  -7.03023  -7.03023  -7.03023  -7.03023  -7.03023
  -7.03023  -7.03023
  -7.05055  -7.05055  -7.05055  -7.05055  -7.05055  -7.05055  -7.05055  -7.05055
  -7.05055  -7.05055  -7.05055  -7.05055  -7.05055  -7.05055  -7.05055  -7.05055
  -7.05055  -7.05055  -7.05055  -7.05055  -7.05055  -7.05055  -7.05055  -7.05055
  -7.05055  -7.05055
  -7.07276  -7.07276  -7.07276  -7.07276  -7.07276  -7.07276  -7.07276  -7.07276
  -7.07276  -7.07276  -7.07276  -7.07276  -7.07276  -7.07276  -7.07276  -7.07276
  -7.07276  -7.07276  -7.07276  -7.07276  -7.07276  -7.07276  -7.07276  -7.07276
  -7.07276  -7.07276
  -7.09665  -7.09665  -7.09665  -7.09665  -7.09665  -7.09665  -7.09665  -7.09665
  -7.09665  -7.09665  -7.09665  -7.09665  -7.09665  -7.09665  -7.09665  -7.09665
  -7.09665  -7.09665  -7.09665  -7.09665  -7.09665  -7.09665  -7.09665  -7.09665
  -7.09665  -7.09665
  -7.12206  -7.12206  -7.12206  -7.12206  -7.12206  -7.12206  -7.12206  -7.12206
  -7.12206  -7.12206  -7.12206  -7.12206  -7.12206  -7.12206  -7.12206  -7.12206
  -7.12206  -7.12206  -7.12206  -7.12206  -7.12206  -7.12206  -7.12206  -7.12206
  -7.12206  -7.12206
  -7.14881  -7.14881  -7.14881  -7.14881  -7.14881  -7.14881  -7.14881  -7.14881
  -7.14881  -7.14881  -7.14881  -7.14881  -7.14881  -7.14881  -7.14881  -7.14881
  -7.14881  -7.14881  -7.14881  -7.14881  -7.14881  -7.14881  -7.14881  -7.14881
  -7.14881  -7.14881
  -7.17678  -7.17678  -7.17678  -7.17678  -7.17678  -7.17678  -7.17678  -7.17678
  -7.17678  -7.17678  -7.17678  -7.17678  -7.17678  -7.17678  -7.17678  -7.17678
  -7.17678  -7.17678  -7.17678  -7.17678  -7.17678  -7.17678  -7.17678  -7.17678
  -7.17678  -7.17678
  -7.20585  -7.20585  -7.20585  -7.20585  -7.20585  -7.20585  -7.20585  -7.20585
  -7.20585  -7.20585  -7.20585  -7.20585  -7.20585  -7.20585  -7.20585  -7.20585
  -7.20585  -7.20585  -7.20585  -7.20585  -7.20585  -7.20585  -7.20585  -7.20585
  -7.20585  -7.20585
  -7.23591  -7.23591  -7.23591  -7.23591  -7.23591  -7.23591  -7.23591  -7.23591
  -7.23591  -7.23591  -7.23591  -7.23591  -7.23591  -7.23591  -7.23591  -7.23591
  -7.23591  -7.23591  -7.23591  -7.23591  -7.23591  -7.23591  -7.23591  -7.23591
  -7.23591  -7.23591
  -7.26689  -7.26689  -7.26689  -7.26689  -7.26689  -7.26689  -7.26689  -7.26689
  -7.26689  -7.26689  -7.26689  -7.26689  -7.26689  -7.26689  -7.26689  -7.26689
  -7.26689  -7.26689  -7.26689  -7.26689  -7.26689  -7.26689  -7.26689  -7.26689
  -7.26689  -7.26689
  -7.29869  -7.29869  -7.29869  -7.29869  -7.29869  -7.29869  -7.29869  -7.29869
  -7.29869  -7.29869  -7.29869  -7.29869  -7.29869  -7.29869  -7.29869  -7.29869
  -7.29869  -7.29869  -7.29869  -7.29869  -7.29869  -7.29869  -7.29869  -7.29869
  -7.29869  -7.29869
  -7.33124  -7.33124  -7.33124  -7.33124  -7.33124  -7.33124  -7.33124  -7.33124
  -7.33124  -7.33124  -7.33124  -7.33124  -7.33124  -7.33124  -7.33124  -7.33124
  -7.33124  -7.33124  -7.33124  -7.33124  -7.33124  -7.33124  -7.33124  -7.33124
  -7.33124  -7.33124
  -7.36449  -7.36449  -7.36449  -7.36449  -7.36449  -7.36449  -7.36449  -7.36449
  -7.36449  -7.36449  -7.36449  -7.36449  -7.36449  -7.36449  -7.36449  -7.36449
  -7.36449  -7.36449  -7.36449  -7.36449  -7.36449  -7.36449  -7.36449  -7.36449
  -7.36449  -7.36449
  -7.39839  -7.39839  -7.39839  -7.39839  -7.39839  -7.39839  -7.39839  -7.39839
  -7.39839  -7.39839  -7.39839  -7.39839  -7.39839  -7.39839  -7.39839  -7.39839
  -7.39839  -7.39839  -7.39839  -7.39839  -7.39839  -7.39839  -7.39839  -7.39839
  -7.39839  -7.39839
  -7.43287  -7.43287  -7.43287  -7.43287  -7.43287  -7.43287  -7.43287  -7.43287
  -7.43287  -7.43287  -7.43287  -7.43287  -7.43287  -7.43287  -7.43287  -7.43287
  -7.43287  -7.43287  -7.43287  -7.43287  -7.43287  -7.43287  -7.43287  -7.43287
  -7.43287  -7.43287
  -7.46790  -7.46790  -7.46790  -7.46790  -7.46790  -7.46790  -7.46790  -7.46790
  -7.46790  -7.46790  -7.46790  -7.46790  -7.46790  -7.46790  -7.46790  -7.46790
  -7.46790  -7.46790  -7.46790  -7.46790  -7.46790  -7.46790  -7.46790  -7.46790
  -7.46790  -7.46790
  -7.50344  -7.50344  -7.50344  -7.50344  -7.50344  -7.50344  -7.50344  -7.50344
  -7.50344  -7.50344  -7.50344  -7.50344  -7.50344  -7.50344  -7.50344  -7.50344
  -7.50344  -7.50344  -7.50344  -7.50344  -7.50344  -7.50344  -7.50344  -7.50344
  -7.50344  -7.50344
  -7.53946  -7.53946  -7.53946  -7.53946  -7.53946  -7.53946  -7.53946  -7.53946
  -7.53946  -7.53946  -7.53946  -7.53946  -7.53946  -7.53946  -7.53946  -7.53946
  -7.53946  -7.53946  -7.53946  -7.53946  -7.53946  -7.53946  -7.53946  -7.53946
  -7.53946  -7.53946
  -7.57592  -7.57592  -7.57592  -7.57592  -7.57592  -7.57592  -7.57592  -7.57592
  -7.57592  -7.57592  -7.57592  -7.57592  -7.57592  -7.57592  -7.57592  -7.57592
  -7.57592  -7.57592  -7.57592  -7.57592  -7.57592  -7.57592  -7.57592  -7.57592
  -7.57592  -7.57592
  -7.61279  -7.61279  -7.61279  -7.61279  -7.61279  -7.61279  -7.61279  -7.61279
  -7.61279  -7.61279  -7.61279  -7.61279  -7.61279  -7.61279  -7.61279  -7.61279
  -7.61279  -7.61279  -7.61279  -7.61279  -7.61279  -7.61279  -7.61279  -7.61279
  -7.61279  -7.61279
  -7.65006  -7.65006  -7.65006  -7.65006  -7.65006  -7.65006  -7.65006  -7.65006
  -7.65006  -7.65006  -7.65006  -7.65006  -7.65006  -7.65006  -7.65006  -7.65006
  -7.65006  -7.65006  -7.65006  -7.65006  -7.65006  -7.65006  -7.65006  -7.65006
  -7.65006  -7.65006
 ---------------------------------------------------/ Z1= 2   / DATE= 05.04.90
 -15.97534 -15.97534 -15.97534 -15.97534 -15.97534 -15.97534 -15.97534 -15.97534
 -15.97534 -15.97534 -15.97534 -15.97534 -15.97534 -15.97534 -15.97534 -15.97534
 -15.97534 -15.97534 -15.97534 -15.97534 -15.97534 -15.97534 -15.97534 -15.97534
 -15.97534 -15.97534
 -14.30473 -14.30473 -14.30473 -14.30473 -14.30473 -14.30473 -14.30473 -14.30473
 -14.30473 -14.30473 -14.30473 -14.30473 -14.30473 -14.30473 -14.30473 -14.30473
 -14.30473 -14.30473 -14.30473 -14.30473 -14.30473 -14.30473 -14.30473 -14.30473
 -14.30473 -14.30473
 -12.96962 -12.96962 -12.96962 -12.96962 -12.96962 -12.96962 -12.96962 -12.96962
 -12.96962 -12.96962 -12.96962 -12.96962 -12.96962 -12.96962 -12.96962 -12.96962
 -12.96962 -12.96962 -12.96962 -12.96962 -12.96962 -12.96962 -12.96962 -12.96962
 -12.96962 -12.96962
 -11.90148 -11.90148 -11.90148 -11.90148 -11.90148 -11.90148 -11.90148 -11.90148
 -11.90148 -11.90148 -11.90148 -11.90148 -11.90148 -11.90148 -11.90148 -11.90148
 -11.90148 -11.90148 -11.90148 -11.90148 -11.90148 -11.90148 -11.90148 -11.90148
 -11.90148 -11.90148
 -11.04592 -11.04592 -11.04592 -11.04592 -11.04592 -11.04592 -11.04592 -11.04592
 -11.04592 -11.04592 -11.04592 -11.04592 -11.04592 -11.04592 -11.04592 -11.04592
 -11.04592 -11.04592 -11.04592 -11.04592 -11.04592 -11.04592 -11.04592 -11.04592
 -11.04592 -11.04592
 -10.35982 -10.35982 -10.35982 -10.35982 -10.35982 -10.35982 -10.35982 -10.35982
 -10.35982 -10.35982 -10.35982 -10.35982 -10.35982 -10.35982 -10.35982 -10.35982
 -10.35982 -10.35982 -10.35982 -10.35982 -10.35982 -10.35982 -10.35982 -10.35982
 -10.35982 -10.35982
  -9.80897  -9.80897  -9.80897  -9.80897  -9.80897  -9.80897  -9.80897  -9.80897
  -9.80897  -9.80897  -9.80897  -9.80897  -9.80897  -9.80897  -9.80897  -9.80897
  -9.80897  -9.80897  -9.80897  -9.80897  -9.80897  -9.80897  -9.80897  -9.80897
  -9.80897  -9.80897
  -9.36623  -9.36623  -9.36623  -9.36623  -9.36623  -9.36623  -9.36623  -9.36623
  -9.36623  -9.36623  -9.36623  -9.36623  -9.36623  -9.36623  -9.36623  -9.36623
  -9.36623  -9.36623  -9.36623  -9.36623  -9.36623  -9.36623  -9.36623  -9.36623
  -9.36623  -9.36623
  -9.01009  -9.01009  -9.01009  -9.01009  -9.01009  -9.01009  -9.01009  -9.01009
  -9.01009  -9.01009  -9.01009  -9.01009  -9.01009  -9.01009  -9.01009  -9.01009
  -9.01009  -9.01009  -9.01009  -9.01009  -9.01009  -9.01009  -9.01009  -9.01009
  -9.01009  -9.01009
  -8.72341  -8.72341  -8.72341  -8.72341  -8.72341  -8.72341  -8.72341  -8.72341
  -8.72341  -8.72341  -8.72341  -8.72341  -8.72341  -8.72341  -8.72341  -8.72341
  -8.72341  -8.72341  -8.72341  -8.72341  -8.72341  -8.72341  -8.72341  -8.72341
  -8.72341  -8.72341
  -8.49258  -8.49258  -8.49258  -8.49258  -8.49258  -8.49258  -8.49258  -8.49258
  -8.49258  -8.49258  -8.49258  -8.49258  -8.49258  -8.49258  -8.49258  -8.49258
  -8.49258  -8.49258  -8.49258  -8.49258  -8.49258  -8.49258  -8.49258  -8.49258
  -8.49258  -8.49258
  -8.30670  -8.30670  -8.30670  -8.30670  -8.30670  -8.30670  -8.30670  -8.30670
  -8.30670  -8.30670  -8.30670  -8.30670  -8.30670  -8.30670  -8.30670  -8.30670
  -8.30670  -8.30670  -8.30670  -8.30670  -8.30670  -8.30670  -8.30670  -8.30670
  -8.30670  -8.30670
  -8.15708  -8.15708  -8.15708  -8.15708  -8.15708  -8.15708  -8.15708  -8.15708
  -8.15708  -8.15708  -8.15708  -8.15708  -8.15708  -8.15708  -8.15708  -8.15708
  -8.15708  -8.15708  -8.15708  -8.15708  -8.15708  -8.15708  -8.15708  -8.15708
  -8.15708  -8.15708
  -8.03673  -8.03673  -8.03673  -8.03673  -8.03673  -8.03673  -8.03673  -8.03673
  -8.03673  -8.03673  -8.03673  -8.03673  -8.03673  -8.03673  -8.03673  -8.03673
  -8.03673  -8.03673  -8.03673  -8.03673  -8.03673  -8.03673  -8.03673  -8.03673
  -8.03673  -8.03673
  -7.94001  -7.94001  -7.94001  -7.94001  -7.94001  -7.94001  -7.94001  -7.94001
  -7.94001  -7.94001  -7.94001  -7.94001  -7.94001  -7.94001  -7.94001  -7.94001
  -7.94001  -7.94001  -7.94001  -7.94001  -7.94001  -7.94001  -7.94001  -7.94001
  -7.94001  -7.94001
  -7.86242  -7.86242  -7.86242  -7.86242  -7.86242  -7.86242  -7.86242  -7.86242
  -7.86242  -7.86242  -7.86242  -7.86242  -7.86242  -7.86242  -7.86242  -7.86242
  -7.86242  -7.86242  -7.86242  -7.86242  -7.86242  -7.86242  -7.86242  -7.86242
  -7.86242  -7.86242
  -7.80032  -7.80032  -7.80032  -7.80032  -7.80032  -7.80032  -7.80032  -7.80032
  -7.80032  -7.80032  -7.80032  -7.80032  -7.80032  -7.80032  -7.80032  -7.80032
  -7.80032  -7.80032  -7.80032  -7.80032  -7.80032  -7.80032  -7.80032  -7.80032
  -7.80032  -7.80032
  -7.75085  -7.75085  -7.75085  -7.75085  -7.75085  -7.75085  -7.75085  -7.75085
  -7.75085  -7.75085  -7.75085  -7.75085  -7.75085  -7.75085  -7.75085  -7.75085
  -7.75085  -7.75085  -7.75085  -7.75085  -7.75085  -7.75085  -7.75085  -7.75085
  -7.75085  -7.75085
  -7.71178  -7.71178  -7.71178  -7.71178  -7.71178  -7.71178  -7.71178  -7.71178
  -7.71178  -7.71178  -7.71178  -7.71178  -7.71178  -7.71178  -7.71178  -7.71178
  -7.71178  -7.71178  -7.71178  -7.71178  -7.71178  -7.71178  -7.71178  -7.71178
  -7.71178  -7.71178
  -7.68142  -7.68142  -7.68142  -7.68142  -7.68142  -7.68142  -7.68142  -7.68142
  -7.68142  -7.68142  -7.68142  -7.68142  -7.68142  -7.68142  -7.68142  -7.68142
  -7.68142  -7.68142  -7.68142  -7.68142  -7.68142  -7.68142  -7.68142  -7.68142
  -7.68142  -7.68142
  -7.65843  -7.65843  -7.65843  -7.65843  -7.65843  -7.65843  -7.65843  -7.65843
  -7.65843  -7.65843  -7.65843  -7.65843  -7.65843  -7.65843  -7.65843  -7.65843
  -7.65843  -7.65843  -7.65843  -7.65843  -7.65843  -7.65843  -7.65843  -7.65843
  -7.65843  -7.65843
  -7.64181  -7.64181  -7.64181  -7.64181  -7.64181  -7.64181  -7.64181  -7.64181
  -7.64181  -7.64181  -7.64181  -7.64181  -7.64181  -7.64181  -7.64181  -7.64181
  -7.64181  -7.64181  -7.64181  -7.64181  -7.64181  -7.64181  -7.64181  -7.64181
  -7.64181  -7.64181
  -7.63075  -7.63075  -7.63075  -7.63075  -7.63075  -7.63075  -7.63075  -7.63075
  -7.63075  -7.63075  -7.63075  -7.63075  -7.63075  -7.63075  -7.63075  -7.63075
  -7.63075  -7.63075  -7.63075  -7.63075  -7.63075  -7.63075  -7.63075  -7.63075
  -7.63075  -7.63075
  -7.62461  -7.62461  -7.62461  -7.62461  -7.62461  -7.62461  -7.62461  -7.62461
  -7.62461  -7.62461  -7.62461  -7.62461  -7.62461  -7.62461  -7.62461  -7.62461
  -7.62461  -7.62461  -7.62461  -7.62461  -7.62461  -7.62461  -7.62461  -7.62461
  -7.62461  -7.62461
  -7.62284  -7.62284  -7.62284  -7.62284  -7.62284  -7.62284  -7.62284  -7.62284
  -7.62284  -7.62284  -7.62284  -7.62284  -7.62284  -7.62284  -7.62284  -7.62284
  -7.62284  -7.62284  -7.62284  -7.62284  -7.62284  -7.62284  -7.62284  -7.62284
  -7.62284  -7.62284
  -7.62501  -7.62501  -7.62501  -7.62501  -7.62501  -7.62501  -7.62501  -7.62501
  -7.62501  -7.62501  -7.62501  -7.62501  -7.62501  -7.62501  -7.62501  -7.62501
  -7.62501  -7.62501  -7.62501  -7.62501  -7.62501  -7.62501  -7.62501  -7.62501
  -7.62501  -7.62501
  -7.63072  -7.63072  -7.63072  -7.63072  -7.63072  -7.63072  -7.63072  -7.63072
  -7.63072  -7.63072  -7.63072  -7.63072  -7.63072  -7.63072  -7.63072  -7.63072
  -7.63072  -7.63072  -7.63072  -7.63072  -7.63072  -7.63072  -7.63072  -7.63072
  -7.63072  -7.63072
  -7.63962  -7.63962  -7.63962  -7.63962  -7.63962  -7.63962  -7.63962  -7.63962
  -7.63962  -7.63962  -7.63962  -7.63962  -7.63962  -7.63962  -7.63962  -7.63962
  -7.63962  -7.63962  -7.63962  -7.63962  -7.63962  -7.63962  -7.63962  -7.63962
  -7.63962  -7.63962
  -7.65142  -7.65142  -7.65142  -7.65142  -7.65142  -7.65142  -7.65142  -7.65142
  -7.65142  -7.65142  -7.65142  -7.65142  -7.65142  -7.65142  -7.65142  -7.65142
  -7.65142  -7.65142  -7.65142  -7.65142  -7.65142  -7.65142  -7.65142  -7.65142
  -7.65142  -7.65142
  -7.66585  -7.66585  -7.66585  -7.66585  -7.66585  -7.66585  -7.66585  -7.66585
  -7.66585  -7.66585  -7.66585  -7.66585  -7.66585  -7.66585  -7.66585  -7.66585
  -7.66585  -7.66585  -7.66585  -7.66585  -7.66585  -7.66585  -7.66585  -7.66585
  -7.66585  -7.66585
  -7.68265  -7.68265  -7.68265  -7.68265  -7.68265  -7.68265  -7.68265  -7.68265
  -7.68265  -7.68265  -7.68265  -7.68265  -7.68265  -7.68265  -7.68265  -7.68265
  -7.68265  -7.68265  -7.68265  -7.68265  -7.68265  -7.68265  -7.68265  -7.68265
  -7.68265  -7.68265
  -7.70161  -7.70161  -7.70161  -7.70161  -7.70161  -7.70161  -7.70161  -7.70161
  -7.70161  -7.70161  -7.70161  -7.70161  -7.70161  -7.70161  -7.70161  -7.70161
  -7.70161  -7.70161  -7.70161  -7.70161  -7.70161  -7.70161  -7.70161  -7.70161
  -7.70161  -7.70161
  -7.72251  -7.72251  -7.72251  -7.72251  -7.72251  -7.72251  -7.72251  -7.72251
  -7.72251  -7.72251  -7.72251  -7.72251  -7.72251  -7.72251  -7.72251  -7.72251
  -7.72251  -7.72251  -7.72251  -7.72251  -7.72251  -7.72251  -7.72251  -7.72251
  -7.72251  -7.72251
  -7.74516  -7.74516  -7.74516  -7.74516  -7.74516  -7.74516  -7.74516  -7.74516
  -7.74516  -7.74516  -7.74516  -7.74516  -7.74516  -7.74516  -7.74516  -7.74516
  -7.74516  -7.74516  -7.74516  -7.74516  -7.74516  -7.74516  -7.74516  -7.74516
  -7.74516  -7.74516
  -7.76941  -7.76941  -7.76941  -7.76941  -7.76941  -7.76941  -7.76941  -7.76941
  -7.76941  -7.76941  -7.76941  -7.76941  -7.76941  -7.76941  -7.76941  -7.76941
  -7.76941  -7.76941  -7.76941  -7.76941  -7.76941  -7.76941  -7.76941  -7.76941
  -7.76941  -7.76941
  -7.79508  -7.79508  -7.79508  -7.79508  -7.79508  -7.79508  -7.79508  -7.79508
  -7.79508  -7.79508  -7.79508  -7.79508  -7.79508  -7.79508  -7.79508  -7.79508
  -7.79508  -7.79508  -7.79508  -7.79508  -7.79508  -7.79508  -7.79508  -7.79508
  -7.79508  -7.79508
  -7.82205  -7.82205  -7.82205  -7.82205  -7.82205  -7.82205  -7.82205  -7.82205
  -7.82205  -7.82205  -7.82205  -7.82205  -7.82205  -7.82205  -7.82205  -7.82205
  -7.82205  -7.82205  -7.82205  -7.82205  -7.82205  -7.82205  -7.82205  -7.82205
  -7.82205  -7.82205
  -7.85020  -7.85020  -7.85020  -7.85020  -7.85020  -7.85020  -7.85020  -7.85020
  -7.85020  -7.85020  -7.85020  -7.85020  -7.85020  -7.85020  -7.85020  -7.85020
  -7.85020  -7.85020  -7.85020  -7.85020  -7.85020  -7.85020  -7.85020  -7.85020
  -7.85020  -7.85020
  -7.87942  -7.87942  -7.87942  -7.87942  -7.87942  -7.87942  -7.87942  -7.87942
  -7.87942  -7.87942  -7.87942  -7.87942  -7.87942  -7.87942  -7.87942  -7.87942
  -7.87942  -7.87942  -7.87942  -7.87942  -7.87942  -7.87942  -7.87942  -7.87942
  -7.87942  -7.87942
  -7.90961  -7.90961  -7.90961  -7.90961  -7.90961  -7.90961  -7.90961  -7.90961
  -7.90961  -7.90961  -7.90961  -7.90961  -7.90961  -7.90961  -7.90961  -7.90961
  -7.90961  -7.90961  -7.90961  -7.90961  -7.90961  -7.90961  -7.90961  -7.90961
  -7.90961  -7.90961
  -7.94068  -7.94068  -7.94068  -7.94068  -7.94068  -7.94068  -7.94068  -7.94068
  -7.94068  -7.94068  -7.94068  -7.94068  -7.94068  -7.94068  -7.94068  -7.94068
  -7.94068  -7.94068  -7.94068  -7.94068  -7.94068  -7.94068  -7.94068  -7.94068
  -7.94068  -7.94068
  -7.97257  -7.97257  -7.97257  -7.97257  -7.97257  -7.97257  -7.97257  -7.97257
  -7.97257  -7.97257  -7.97257  -7.97257  -7.97257  -7.97257  -7.97257  -7.97257
  -7.97257  -7.97257  -7.97257  -7.97257  -7.97257  -7.97257  -7.97257  -7.97257
  -7.97257  -7.97257
  -8.00520  -8.00520  -8.00520  -8.00520  -8.00520  -8.00520  -8.00520  -8.00520
  -8.00520  -8.00520  -8.00520  -8.00520  -8.00520  -8.00520  -8.00520  -8.00520
  -8.00520  -8.00520  -8.00520  -8.00520  -8.00520  -8.00520  -8.00520  -8.00520
  -8.00520  -8.00520
  -8.03851  -8.03851  -8.03851  -8.03851  -8.03851  -8.03851  -8.03851  -8.03851
  -8.03851  -8.03851  -8.03851  -8.03851  -8.03851  -8.03851  -8.03851  -8.03851
  -8.03851  -8.03851  -8.03851  -8.03851  -8.03851  -8.03851  -8.03851  -8.03851
  -8.03851  -8.03851
  -8.07246  -8.07246  -8.07246  -8.07246  -8.07246  -8.07246  -8.07246  -8.07246
  -8.07246  -8.07246  -8.07246  -8.07246  -8.07246  -8.07246  -8.07246  -8.07246
  -8.07246  -8.07246  -8.07246  -8.07246  -8.07246  -8.07246  -8.07246  -8.07246
  -8.07246  -8.07246
  -8.10699  -8.10699  -8.10699  -8.10699  -8.10699  -8.10699  -8.10699  -8.10699
  -8.10699  -8.10699  -8.10699  -8.10699  -8.10699  -8.10699  -8.10699  -8.10699
  -8.10699  -8.10699  -8.10699  -8.10699  -8.10699  -8.10699  -8.10699  -8.10699
  -8.10699  -8.10699
  -8.14206  -8.14206  -8.14206  -8.14206  -8.14206  -8.14206  -8.14206  -8.14206
  -8.14206  -8.14206  -8.14206  -8.14206  -8.14206  -8.14206  -8.14206  -8.14206
  -8.14206  -8.14206  -8.14206  -8.14206  -8.14206  -8.14206  -8.14206  -8.14206
  -8.14206  -8.14206
  -8.17764  -8.17764  -8.17764  -8.17764  -8.17764  -8.17764  -8.17764  -8.17764
  -8.17764  -8.17764  -8.17764  -8.17764  -8.17764  -8.17764  -8.17764  -8.17764
  -8.17764  -8.17764  -8.17764  -8.17764  -8.17764  -8.17764  -8.17764  -8.17764
  -8.17764  -8.17764
 ---------------------------------------------------/ Z1= 3   / DATE= 05.04.90
 -74.00000 -74.00000 -74.00000 -74.00000 -74.00000 -74.00000 -74.00000 -74.00000
 -74.00000 -74.00000 -74.00000 -74.00000 -74.00000 -74.00000 -74.00000 -74.00000
 -74.00000 -74.00000 -74.00000 -74.00000 -74.00000 -74.00000 -74.00000 -74.00000
 -74.00000 -74.00000
 -74.00000 -74.00000 -74.00000 -74.00000 -74.00000 -74.00000 -74.00000 -74.00000
 -74.00000 -74.00000 -74.00000 -74.00000 -74.00000 -74.00000 -74.00000 -74.00000
 -74.00000 -74.00000 -74.00000 -74.00000 -74.00000 -74.00000 -74.00000 -74.00000
 -74.00000 -74.00000
 -51.85065 -51.85065 -51.85065 -51.85065 -51.85065 -51.85065 -51.85065 -51.85065
 -51.85065 -51.85065 -51.85065 -51.85065 -51.85065 -51.85065 -51.85065 -51.85065
 -51.85065 -51.85065 -51.85065 -51.85065 -51.85065 -51.85065 -51.85065 -51.85065
 -51.85065 -51.85065
 -43.12189 -43.12189 -43.12189 -43.12189 -43.12189 -43.12189 -43.12189 -43.12189
 -43.12189 -43.12189 -43.12189 -43.12189 -43.12189 -43.12189 -43.12189 -43.12189
 -43.12189 -43.12189 -43.12189 -43.12189 -43.12189 -43.12189 -43.12189 -43.12189
 -43.12189 -43.12189
 -36.17831 -36.17831 -36.17831 -36.17831 -36.17831 -36.17831 -36.17831 -36.17831
 -36.17831 -36.17831 -36.17831 -36.17831 -36.17831 -36.17831 -36.17831 -36.17831
 -36.17831 -36.17831 -36.17831 -36.17831 -36.17831 -36.17831 -36.17831 -36.17831
 -36.17831 -36.17831
 -30.65283 -30.65283 -30.65283 -30.65283 -30.65283 -30.65283 -30.65283 -30.65283
 -30.65283 -30.65283 -30.65283 -30.65283 -30.65283 -30.65283 -30.65283 -30.65283
 -30.65283 -30.65283 -30.65283 -30.65283 -30.65283 -30.65283 -30.65283 -30.65283
 -30.65283 -30.65283
 -26.25381 -26.25381 -26.25381 -26.25381 -26.25381 -26.25381 -26.25381 -26.25381
 -26.25381 -26.25381 -26.25381 -26.25381 -26.25381 -26.25381 -26.25381 -26.25381
 -26.25381 -26.25381 -26.25381 -26.25381 -26.25381 -26.25381 -26.25381 -26.25381
 -26.25381 -26.25381
 -22.74969 -22.74969 -22.74969 -22.74969 -22.74969 -22.74969 -22.74969 -22.74969
 -22.74969 -22.74969 -22.74969 -22.74969 -22.74969 -22.74969 -22.74969 -22.74969
 -22.74969 -22.74969 -22.74969 -22.74969 -22.74969 -22.74969 -22.74969 -22.74969
 -22.74969 -22.74969
 -19.95651 -19.95651 -19.95651 -19.95651 -19.95651 -19.95651 -19.95651 -19.95651
 -19.95651 -19.95651 -19.95651 -19.95651 -19.95651 -19.95651 -19.95651 -19.95651
 -19.95651 -19.95651 -19.95651 -19.95651 -19.95651 -19.95651 -19.95651 -19.95651
 -19.95651 -19.95651
 -17.72820 -17.72820 -17.72820 -17.72820 -17.72820 -17.72820 -17.72820 -17.72820
 -17.72820 -17.72820 -17.72820 -17.72820 -17.72820 -17.72820 -17.72820 -17.72820
 -17.72820 -17.72820 -17.72820 -17.72820 -17.72820 -17.72820 -17.72820 -17.72820
 -17.72820 -17.72820
 -15.94873 -15.94873 -15.94873 -15.94873 -15.94873 -15.94873 -15.94873 -15.94873
 -15.94873 -15.94873 -15.94873 -15.94873 -15.94873 -15.94873 -15.94873 -15.94873
 -15.94873 -15.94873 -15.94873 -15.94873 -15.94873 -15.94873 -15.94873 -15.94873
 -15.94873 -15.94873
 -14.52602 -14.52602 -14.52602 -14.52602 -14.52602 -14.52602 -14.52602 -14.52602
 -14.52602 -14.52602 -14.52602 -14.52602 -14.52602 -14.52602 -14.52602 -14.52602
 -14.52602 -14.52602 -14.52602 -14.52602 -14.52602 -14.52602 -14.52602 -14.52602
 -14.52602 -14.52602
 -13.38693 -13.38693 -13.38693 -13.38693 -13.38693 -13.38693 -13.38693 -13.38693
 -13.38693 -13.38693 -13.38693 -13.38693 -13.38693 -13.38693 -13.38693 -13.38693
 -13.38693 -13.38693 -13.38693 -13.38693 -13.38693 -13.38693 -13.38693 -13.38693
 -13.38693 -13.38693
 -12.47345 -12.47345 -12.47345 -12.47345 -12.47345 -12.47345 -12.47345 -12.47345
 -12.47345 -12.47345 -12.47345 -12.47345 -12.47345 -12.47345 -12.47345 -12.47345
 -12.47345 -12.47345 -12.47345 -12.47345 -12.47345 -12.47345 -12.47345 -12.47345
 -12.47345 -12.47345
 -11.73957 -11.73957 -11.73957 -11.73957 -11.73957 -11.73957 -11.73957 -11.73957
 -11.73957 -11.73957 -11.73957 -11.73957 -11.73957 -11.73957 -11.73957 -11.73957
 -11.73957 -11.73957 -11.73957 -11.73957 -11.73957 -11.73957 -11.73957 -11.73957
 -11.73957 -11.73957
 -11.14878 -11.14878 -11.14878 -11.14878 -11.14878 -11.14878 -11.14878 -11.14878
 -11.14878 -11.14878 -11.14878 -11.14878 -11.14878 -11.14878 -11.14878 -11.14878
 -11.14878 -11.14878 -11.14878 -11.14878 -11.14878 -11.14878 -11.14878 -11.14878
 -11.14878 -11.14878
 -10.67215 -10.67215 -10.67215 -10.67215 -10.67215 -10.67215 -10.67215 -10.67215
 -10.67215 -10.67215 -10.67215 -10.67215 -10.67215 -10.67215 -10.67215 -10.67215
 -10.67215 -10.67215 -10.67215 -10.67215 -10.67215 -10.67215 -10.67215 -10.67215
 -10.67215 -10.67215
 -10.28676 -10.28676 -10.28676 -10.28676 -10.28676 -10.28676 -10.28676 -10.28676
 -10.28676 -10.28676 -10.28676 -10.28676 -10.28676 -10.28676 -10.28676 -10.28676
 -10.28676 -10.28676 -10.28676 -10.28676 -10.28676 -10.28676 -10.28676 -10.28676
 -10.28676 -10.28676
  -9.97445  -9.97445  -9.97445  -9.97445  -9.97445  -9.97445  -9.97445  -9.97445
  -9.97445  -9.97445  -9.97445  -9.97445  -9.97445  -9.97445  -9.97445  -9.97445
  -9.97445  -9.97445  -9.97445  -9.97445  -9.97445  -9.97445  -9.97445  -9.97445
  -9.97445  -9.97445
  -9.72083  -9.72083  -9.72083  -9.72083  -9.72083  -9.72083  -9.72083  -9.72083
  -9.72083  -9.72083  -9.72083  -9.72083  -9.72083  -9.72083  -9.72083  -9.72083
  -9.72083  -9.72083  -9.72083  -9.72083  -9.72083  -9.72083  -9.72083  -9.72083
  -9.72083  -9.72083
  -9.51448  -9.51448  -9.51448  -9.51448  -9.51448  -9.51448  -9.51448  -9.51448
  -9.51448  -9.51448  -9.51448  -9.51448  -9.51448  -9.51448  -9.51448  -9.51448
  -9.51448  -9.51448  -9.51448  -9.51448  -9.51448  -9.51448  -9.51448  -9.51448
  -9.51448  -9.51448
  -9.34637  -9.34637  -9.34637  -9.34637  -9.34637  -9.34637  -9.34637  -9.34637
  -9.34637  -9.34637  -9.34637  -9.34637  -9.34637  -9.34637  -9.34637  -9.34637
  -9.34637  -9.34637  -9.34637  -9.34637  -9.34637  -9.34637  -9.34637  -9.34637
  -9.34637  -9.34637
  -9.20936  -9.20936  -9.20936  -9.20936  -9.20936  -9.20936  -9.20936  -9.20936
  -9.20936  -9.20936  -9.20936  -9.20936  -9.20936  -9.20936  -9.20936  -9.20936
  -9.20936  -9.20936  -9.20936  -9.20936  -9.20936  -9.20936  -9.20936  -9.20936
  -9.20936  -9.20936
  -9.09779  -9.09779  -9.09779  -9.09779  -9.09779  -9.09779  -9.09779  -9.09779
  -9.09779  -9.09779  -9.09779  -9.09779  -9.09779  -9.09779  -9.09779  -9.09779
  -9.09779  -9.09779  -9.09779  -9.09779  -9.09779  -9.09779  -9.09779  -9.09779
  -9.09779  -9.09779
  -9.00723  -9.00723  -9.00723  -9.00723  -9.00723  -9.00723  -9.00723  -9.00723
  -9.00723  -9.00723  -9.00723  -9.00723  -9.00723  -9.00723  -9.00723  -9.00723
  -9.00723  -9.00723  -9.00723  -9.00723  -9.00723  -9.00723  -9.00723  -9.00723
  -9.00723  -9.00723
  -8.93419  -8.93419  -8.93419  -8.93419  -8.93419  -8.93419  -8.93419  -8.93419
  -8.93419  -8.93419  -8.93419  -8.93419  -8.93419  -8.93419  -8.93419  -8.93419
  -8.93419  -8.93419  -8.93419  -8.93419  -8.93419  -8.93419  -8.93419  -8.93419
  -8.93419  -8.93419
  -8.87588  -8.87588  -8.87588  -8.87588  -8.87588  -8.87588  -8.87588  -8.87588
  -8.87588  -8.87588  -8.87588  -8.87588  -8.87588  -8.87588  -8.87588  -8.87588
  -8.87588  -8.87588  -8.87588  -8.87588  -8.87588  -8.87588  -8.87588  -8.87588
  -8.87588  -8.87588
  -8.83011  -8.83011  -8.83011  -8.83011  -8.83011  -8.83011  -8.83011  -8.83011
  -8.83011  -8.83011  -8.83011  -8.83011  -8.83011  -8.83011  -8.83011  -8.83011
  -8.83011  -8.83011  -8.83011  -8.83011  -8.83011  -8.83011  -8.83011  -8.83011
  -8.83011  -8.83011
  -8.79506  -8.79506  -8.79506  -8.79506  -8.79506  -8.79506  -8.79506  -8.79506
  -8.79506  -8.79506  -8.79506  -8.79506  -8.79506  -8.79506  -8.79506  -8.79506
  -8.79506  -8.79506  -8.79506  -8.79506  -8.79506  -8.79506  -8.79506  -8.79506
  -8.79506  -8.79506
  -8.76924  -8.76924  -8.76924  -8.76924  -8.76924  -8.76924  -8.76924  -8.76924
  -8.76924  -8.76924  -8.76924  -8.76924  -8.76924  -8.76924  -8.76924  -8.76924
  -8.76924  -8.76924  -8.76924  -8.76924  -8.76924  -8.76924  -8.76924  -8.76924
  -8.76924  -8.76924
  -8.75139  -8.75139  -8.75139  -8.75139  -8.75139  -8.75139  -8.75139  -8.75139
  -8.75139  -8.75139  -8.75139  -8.75139  -8.75139  -8.75139  -8.75139  -8.75139
  -8.75139  -8.75139  -8.75139  -8.75139  -8.75139  -8.75139  -8.75139  -8.75139
  -8.75139  -8.75139
  -8.74044  -8.74044  -8.74044  -8.74044  -8.74044  -8.74044  -8.74044  -8.74044
  -8.74044  -8.74044  -8.74044  -8.74044  -8.74044  -8.74044  -8.74044  -8.74044
  -8.74044  -8.74044  -8.74044  -8.74044  -8.74044  -8.74044  -8.74044  -8.74044
  -8.74044  -8.74044
  -8.73546  -8.73546  -8.73546  -8.73546  -8.73546  -8.73546  -8.73546  -8.73546
  -8.73546  -8.73546  -8.73546  -8.73546  -8.73546  -8.73546  -8.73546  -8.73546
  -8.73546  -8.73546  -8.73546  -8.73546  -8.73546  -8.73546  -8.73546  -8.73546
  -8.73546  -8.73546
  -8.73565  -8.73565  -8.73565  -8.73565  -8.73565  -8.73565  -8.73565  -8.73565
  -8.73565  -8.73565  -8.73565  -8.73565  -8.73565  -8.73565  -8.73565  -8.73565
  -8.73565  -8.73565  -8.73565  -8.73565  -8.73565  -8.73565  -8.73565  -8.73565
  -8.73565  -8.73565
  -8.74032  -8.74032  -8.74032  -8.74032  -8.74032  -8.74032  -8.74032  -8.74032
  -8.74032  -8.74032  -8.74032  -8.74032  -8.74032  -8.74032  -8.74032  -8.74032
  -8.74032  -8.74032  -8.74032  -8.74032  -8.74032  -8.74032  -8.74032  -8.74032
  -8.74032  -8.74032
  -8.74889  -8.74889  -8.74889  -8.74889  -8.74889  -8.74889  -8.74889  -8.74889
  -8.74889  -8.74889  -8.74889  -8.74889  -8.74889  -8.74889  -8.74889  -8.74889
  -8.74889  -8.74889  -8.74889  -8.74889  -8.74889  -8.74889  -8.74889  -8.74889
  -8.74889  -8.74889
  -8.76084  -8.76084  -8.76084  -8.76084  -8.76084  -8.76084  -8.76084  -8.76084
  -8.76084  -8.76084  -8.76084  -8.76084  -8.76084  -8.76084  -8.76084  -8.76084
  -8.76084  -8.76084  -8.76084  -8.76084  -8.76084  -8.76084  -8.76084  -8.76084
  -8.76084  -8.76084
  -8.77574  -8.77574  -8.77574  -8.77574  -8.77574  -8.77574  -8.77574  -8.77574
  -8.77574  -8.77574  -8.77574  -8.77574  -8.77574  -8.77574  -8.77574  -8.77574
  -8.77574  -8.77574  -8.77574  -8.77574  -8.77574  -8.77574  -8.77574  -8.77574
  -8.77574  -8.77574
  -8.79323  -8.79323  -8.79323  -8.79323  -8.79323  -8.79323  -8.79323  -8.79323
  -8.79323  -8.79323  -8.79323  -8.79323  -8.79323  -8.79323  -8.79323  -8.79323
  -8.79323  -8.79323  -8.79323  -8.79323  -8.79323  -8.79323  -8.79323  -8.79323
  -8.79323  -8.79323
  -8.81298  -8.81298  -8.81298  -8.81298  -8.81298  -8.81298  -8.81298  -8.81298
  -8.81298  -8.81298  -8.81298  -8.81298  -8.81298  -8.81298  -8.81298  -8.81298
  -8.81298  -8.81298  -8.81298  -8.81298  -8.81298  -8.81298  -8.81298  -8.81298
  -8.81298  -8.81298
  -8.83472  -8.83472  -8.83472  -8.83472  -8.83472  -8.83472  -8.83472  -8.83472
  -8.83472  -8.83472  -8.83472  -8.83472  -8.83472  -8.83472  -8.83472  -8.83472
  -8.83472  -8.83472  -8.83472  -8.83472  -8.83472  -8.83472  -8.83472  -8.83472
  -8.83472  -8.83472
  -8.85823  -8.85823  -8.85823  -8.85823  -8.85823  -8.85823  -8.85823  -8.85823
  -8.85823  -8.85823  -8.85823  -8.85823  -8.85823  -8.85823  -8.85823  -8.85823
  -8.85823  -8.85823  -8.85823  -8.85823  -8.85823  -8.85823  -8.85823  -8.85823
  -8.85823  -8.85823
  -8.88331  -8.88331  -8.88331  -8.88331  -8.88331  -8.88331  -8.88331  -8.88331
  -8.88331  -8.88331  -8.88331  -8.88331  -8.88331  -8.88331  -8.88331  -8.88331
  -8.88331  -8.88331  -8.88331  -8.88331  -8.88331  -8.88331  -8.88331  -8.88331
  -8.88331  -8.88331
  -8.90978  -8.90978  -8.90978  -8.90978  -8.90978  -8.90978  -8.90978  -8.90978
  -8.90978  -8.90978  -8.90978  -8.90978  -8.90978  -8.90978  -8.90978  -8.90978
  -8.90978  -8.90978  -8.90978  -8.90978  -8.90978  -8.90978  -8.90978  -8.90978
  -8.90978  -8.90978
  -8.93750  -8.93750  -8.93750  -8.93750  -8.93750  -8.93750  -8.93750  -8.93750
  -8.93750  -8.93750  -8.93750  -8.93750  -8.93750  -8.93750  -8.93750  -8.93750
  -8.93750  -8.93750  -8.93750  -8.93750  -8.93750  -8.93750  -8.93750  -8.93750
  -8.93750  -8.93750
  -8.96635  -8.96635  -8.96635  -8.96635  -8.96635  -8.96635  -8.96635  -8.96635
  -8.96635  -8.96635  -8.96635  -8.96635  -8.96635  -8.96635  -8.96635  -8.96635
  -8.96635  -8.96635  -8.96635  -8.96635  -8.96635  -8.96635  -8.96635  -8.96635
  -8.96635  -8.96635
  -8.99621  -8.99621  -8.99621  -8.99621  -8.99621  -8.99621  -8.99621  -8.99621
  -8.99621  -8.99621  -8.99621  -8.99621  -8.99621  -8.99621  -8.99621  -8.99621
  -8.99621  -8.99621  -8.99621  -8.99621  -8.99621  -8.99621  -8.99621  -8.99621
  -8.99621  -8.99621
  -9.02699  -9.02699  -9.02699  -9.02699  -9.02699  -9.02699  -9.02699  -9.02699
  -9.02699  -9.02699  -9.02699  -9.02699  -9.02699  -9.02699  -9.02699  -9.02699
  -9.02699  -9.02699  -9.02699  -9.02699  -9.02699  -9.02699  -9.02699  -9.02699
  -9.02699  -9.02699
 ---------------------------------------------------/ Z1= 4   / DATE= 05.04.90
 -74.00000 -74.00000 -74.00000 -74.00000 -74.00000 -74.00000 -74.00000 -74.00000
 -74.00000 -74.00000 -74.00000 -74.00000 -74.00000 -74.00000 -74.00000 -74.00000
 -74.00000 -74.00000 -74.00000 -74.00000 -74.00000 -74.00000 -74.00000 -74.00000
 -74.00000 -74.00000
 -74.00000 -74.00000 -74.00000 -74.00000 -74.00000 -74.00000 -74.00000 -74.00000
 -74.00000 -74.00000 -74.00000 -74.00000 -74.00000 -74.00000 -74.00000 -74.00000
 -74.00000 -74.00000 -74.00000 -74.00000 -74.00000 -74.00000 -74.00000 -74.00000
 -74.00000 -74.00000
 -74.00000 -74.00000 -74.00000 -74.00000 -74.00000 -74.00000 -74.00000 -74.00000
 -74.00000 -74.00000 -74.00000 -74.00000 -74.00000 -74.00000 -74.00000 -74.00000
 -74.00000 -74.00000 -74.00000 -74.00000 -74.00000 -74.00000 -74.00000 -74.00000
 -74.00000 -74.00000
 -74.00000 -74.00000 -74.00000 -74.00000 -74.00000 -74.00000 -74.00000 -74.00000
 -74.00000 -74.00000 -74.00000 -74.00000 -74.00000 -74.00000 -74.00000 -74.00000
 -74.00000 -74.00000 -74.00000 -74.00000 -74.00000 -74.00000 -74.00000 -74.00000
 -74.00000 -74.00000
 -47.69336 -47.69336 -47.69336 -47.69336 -47.69336 -47.69336 -47.69336 -47.69336
 -47.69336 -47.69336 -47.69336 -47.69336 -47.69336 -47.69336 -47.69336 -47.69336
 -47.69336 -47.69336 -47.69336 -47.69336 -47.69336 -47.69336 -47.69336 -47.69336
 -47.69336 -47.69336
 -39.89249 -39.89249 -39.89249 -39.89249 -39.89249 -39.89249 -39.89249 -39.89249
 -39.89249 -39.89249 -39.89249 -39.89249 -39.89249 -39.89249 -39.89249 -39.89249
 -39.89249 -39.89249 -39.89249 -39.89249 -39.89249 -39.89249 -39.89249 -39.89249
 -39.89249 -39.89249
 -33.68625 -33.68625 -33.68625 -33.68625 -33.68625 -33.68625 -33.68625 -33.68625
 -33.68625 -33.68625 -33.68625 -33.68625 -33.68625 -33.68625 -33.68625 -33.68625
 -33.68625 -33.68625 -33.68625 -33.68625 -33.68625 -33.68625 -33.68625 -33.68625
 -33.68625 -33.68625
 -28.74683 -28.74683 -28.74683 -28.74683 -28.74683 -28.74683 -28.74683 -28.74683
 -28.74683 -28.74683 -28.74683 -28.74683 -28.74683 -28.74683 -28.74683 -28.74683
 -28.74683 -28.74683 -28.74683 -28.74683 -28.74683 -28.74683 -28.74683 -28.74683
 -28.74683 -28.74683
 -24.81384 -24.81384 -24.81384 -24.81384 -24.81384 -24.81384 -24.81384 -24.81384
 -24.81384 -24.81384 -24.81384 -24.81384 -24.81384 -24.81384 -24.81384 -24.81384
 -24.81384 -24.81384 -24.81384 -24.81384 -24.81384 -24.81384 -24.81384 -24.81384
 -24.81384 -24.81384
 -21.68048 -21.68048 -21.68048 -21.68048 -21.68048 -21.68048 -21.68048 -21.68048
 -21.68048 -21.68048 -21.68048 -21.68048 -21.68048 -21.68048 -21.68048 -21.68048
 -21.68048 -21.68048 -21.68048 -21.68048 -21.68048 -21.68048 -21.68048 -21.68048
 -21.68048 -21.68048
 -19.18254 -19.18254 -19.18254 -19.18254 -19.18254 -19.18254 -19.18254 -19.18254
 -19.18254 -19.18254 -19.18254 -19.18254 -19.18254 -19.18254 -19.18254 -19.18254
 -19.18254 -19.18254 -19.18254 -19.18254 -19.18254 -19.18254 -19.18254 -19.18254
 -19.18254 -19.18254
 -17.18961 -17.18961 -17.18961 -17.18961 -17.18961 -17.18961 -17.18961 -17.18961
 -17.18961 -17.18961 -17.18961 -17.18961 -17.18961 -17.18961 -17.18961 -17.18961
 -17.18961 -17.18961 -17.18961 -17.18961 -17.18961 -17.18961 -17.18961 -17.18961
 -17.18961 -17.18961
 -15.59814 -15.59814 -15.59814 -15.59814 -15.59814 -15.59814 -15.59814 -15.59814
 -15.59814 -15.59814 -15.59814 -15.59814 -15.59814 -15.59814 -15.59814 -15.59814
 -15.59814 -15.59814 -15.59814 -15.59814 -15.59814 -15.59814 -15.59814 -15.59814
 -15.59814 -15.59814
 -14.32601 -14.32601 -14.32601 -14.32601 -14.32601 -14.32601 -14.32601 -14.32601
 -14.32601 -14.32601 -14.32601 -14.32601 -14.32601 -14.32601 -14.32601 -14.32601
 -14.32601 -14.32601 -14.32601 -14.32601 -14.32601 -14.32601 -14.32601 -14.32601
 -14.32601 -14.32601
 -13.30800 -13.30800 -13.30800 -13.30800 -13.30800 -13.30800 -13.30800 -13.30800
 -13.30800 -13.30800 -13.30800 -13.30800 -13.30800 -13.30800 -13.30800 -13.30800
 -13.30800 -13.30800 -13.30800 -13.30800 -13.30800 -13.30800 -13.30800 -13.30800
 -13.30800 -13.30800
 -12.49238 -12.49238 -12.49238 -12.49238 -12.49238 -12.49238 -12.49238 -12.49238
 -12.49238 -12.49238 -12.49238 -12.49238 -12.49238 -12.49238 -12.49238 -12.49238
 -12.49238 -12.49238 -12.49238 -12.49238 -12.49238 -12.49238 -12.49238 -12.49238
 -12.49238 -12.49238
 -11.83814 -11.83814 -11.83814 -11.83814 -11.83814 -11.83814 -11.83814 -11.83814
 -11.83814 -11.83814 -11.83814 -11.83814 -11.83814 -11.83814 -11.83814 -11.83814
 -11.83814 -11.83814 -11.83814 -11.83814 -11.83814 -11.83814 -11.83814 -11.83814
 -11.83814 -11.83814
 -11.31275 -11.31275 -11.31275 -11.31275 -11.31275 -11.31275 -11.31275 -11.31275
 -11.31275 -11.31275 -11.31275 -11.31275 -11.31275 -11.31275 -11.31275 -11.31275
 -11.31275 -11.31275 -11.31275 -11.31275 -11.31275 -11.31275 -11.31275 -11.31275
 -11.31275 -11.31275
 -10.89038 -10.89038 -10.89038 -10.89038 -10.89038 -10.89038 -10.89038 -10.89038
 -10.89038 -10.89038 -10.89038 -10.89038 -10.89038 -10.89038 -10.89038 -10.89038
 -10.89038 -10.89038 -10.89038 -10.89038 -10.89038 -10.89038 -10.89038 -10.89038
 -10.89038 -10.89038
 -10.55057 -10.55057 -10.55057 -10.55057 -10.55057 -10.55057 -10.55057 -10.55057
 -10.55057 -10.55057 -10.55057 -10.55057 -10.55057 -10.55057 -10.55057 -10.55057
 -10.55057 -10.55057 -10.55057 -10.55057 -10.55057 -10.55057 -10.55057 -10.55057
 -10.55057 -10.55057
 -10.27701 -10.27701 -10.27701 -10.27701 -10.27701 -10.27701 -10.27701 -10.27701
 -10.27701 -10.27701 -10.27701 -10.27701 -10.27701 -10.27701 -10.27701 -10.27701
 -10.27701 -10.27701 -10.27701 -10.27701 -10.27701 -10.27701 -10.27701 -10.27701
 -10.27701 -10.27701
 -10.05674 -10.05674 -10.05674 -10.05674 -10.05674 -10.05674 -10.05674 -10.05674
 -10.05674 -10.05674 -10.05674 -10.05674 -10.05674 -10.05674 -10.05674 -10.05674
 -10.05674 -10.05674 -10.05674 -10.05674 -10.05674 -10.05674 -10.05674 -10.05674
 -10.05674 -10.05674
  -9.87938  -9.87938  -9.87938  -9.87938  -9.87938  -9.87938  -9.87938  -9.87938
  -9.87938  -9.87938  -9.87938  -9.87938  -9.87938  -9.87938  -9.87938  -9.87938
  -9.87938  -9.87938  -9.87938  -9.87938  -9.87938  -9.87938  -9.87938  -9.87938
  -9.87938  -9.87938
  -9.73665  -9.73665  -9.73665  -9.73665  -9.73665  -9.73665  -9.73665  -9.73665
  -9.73665  -9.73665  -9.73665  -9.73665  -9.73665  -9.73665  -9.73665  -9.73665
  -9.73665  -9.73665  -9.73665  -9.73665  -9.73665  -9.73665  -9.73665  -9.73665
  -9.73665  -9.73665
  -9.62193  -9.62193  -9.62193  -9.62193  -9.62193  -9.62193  -9.62193  -9.62193
  -9.62193  -9.62193  -9.62193  -9.62193  -9.62193  -9.62193  -9.62193  -9.62193
  -9.62193  -9.62193  -9.62193  -9.62193  -9.62193  -9.62193  -9.62193  -9.62193
  -9.62193  -9.62193
  -9.52994  -9.52994  -9.52994  -9.52994  -9.52994  -9.52994  -9.52994  -9.52994
  -9.52994  -9.52994  -9.52994  -9.52994  -9.52994  -9.52994  -9.52994  -9.52994
  -9.52994  -9.52994  -9.52994  -9.52994  -9.52994  -9.52994  -9.52994  -9.52994
  -9.52994  -9.52994
  -9.45651  -9.45651  -9.45651  -9.45651  -9.45651  -9.45651  -9.45651  -9.45651
  -9.45651  -9.45651  -9.45651  -9.45651  -9.45651  -9.45651  -9.45651  -9.45651
  -9.45651  -9.45651  -9.45651  -9.45651  -9.45651  -9.45651  -9.45651  -9.45651
  -9.45651  -9.45651
  -9.39835  -9.39835  -9.39835  -9.39835  -9.39835  -9.39835  -9.39835  -9.39835
  -9.39835  -9.39835  -9.39835  -9.39835  -9.39835  -9.39835  -9.39835  -9.39835
  -9.39835  -9.39835  -9.39835  -9.39835  -9.39835  -9.39835  -9.39835  -9.39835
  -9.39835  -9.39835
  -9.35286  -9.35286  -9.35286  -9.35286  -9.35286  -9.35286  -9.35286  -9.35286
  -9.35286  -9.35286  -9.35286  -9.35286  -9.35286  -9.35286  -9.35286  -9.35286
  -9.35286  -9.35286  -9.35286  -9.35286  -9.35286  -9.35286  -9.35286  -9.35286
  -9.35286  -9.35286
  -9.31803  -9.31803  -9.31803  -9.31803  -9.31803  -9.31803  -9.31803  -9.31803
  -9.31803  -9.31803  -9.31803  -9.31803  -9.31803  -9.31803  -9.31803  -9.31803
  -9.31803  -9.31803  -9.31803  -9.31803  -9.31803  -9.31803  -9.31803  -9.31803
  -9.31803  -9.31803
  -9.29223  -9.29223  -9.29223  -9.29223  -9.29223  -9.29223  -9.29223  -9.29223
  -9.29223  -9.29223  -9.29223  -9.29223  -9.29223  -9.29223  -9.29223  -9.29223
  -9.29223  -9.29223  -9.29223  -9.29223  -9.29223  -9.29223  -9.29223  -9.29223
  -9.29223  -9.29223
  -9.27417  -9.27417  -9.27417  -9.27417  -9.27417  -9.27417  -9.27417  -9.27417
  -9.27417  -9.27417  -9.27417  -9.27417  -9.27417  -9.27417  -9.27417  -9.27417
  -9.27417  -9.27417  -9.27417  -9.27417  -9.27417  -9.27417  -9.27417  -9.27417
  -9.27417  -9.27417
  -9.26278  -9.26278  -9.26278  -9.26278  -9.26278  -9.26278  -9.26278  -9.26278
  -9.26278  -9.26278  -9.26278  -9.26278  -9.26278  -9.26278  -9.26278  -9.26278
  -9.26278  -9.26278  -9.26278  -9.26278  -9.26278  -9.26278  -9.26278  -9.26278
  -9.26278  -9.26278
  -9.25719  -9.25719  -9.25719  -9.25719  -9.25719  -9.25719  -9.25719  -9.25719
  -9.25719  -9.25719  -9.25719  -9.25719  -9.25719  -9.25719  -9.25719  -9.25719
  -9.25719  -9.25719  -9.25719  -9.25719  -9.25719  -9.25719  -9.25719  -9.25719
  -9.25719  -9.25719
  -9.25664  -9.25664  -9.25664  -9.25664  -9.25664  -9.25664  -9.25664  -9.25664
  -9.25664  -9.25664  -9.25664  -9.25664  -9.25664  -9.25664  -9.25664  -9.25664
  -9.25664  -9.25664  -9.25664  -9.25664  -9.25664  -9.25664  -9.25664  -9.25664
  -9.25664  -9.25664
  -9.26050  -9.26050  -9.26050  -9.26050  -9.26050  -9.26050  -9.26050  -9.26050
  -9.26050  -9.26050  -9.26050  -9.26050  -9.26050  -9.26050  -9.26050  -9.26050
  -9.26050  -9.26050  -9.26050  -9.26050  -9.26050  -9.26050  -9.26050  -9.26050
  -9.26050  -9.26050
  -9.26822  -9.26822  -9.26822  -9.26822  -9.26822  -9.26822  -9.26822  -9.26822
  -9.26822  -9.26822  -9.26822  -9.26822  -9.26822  -9.26822  -9.26822  -9.26822
  -9.26822  -9.26822  -9.26822  -9.26822  -9.26822  -9.26822  -9.26822  -9.26822
  -9.26822  -9.26822
  -9.27931  -9.27931  -9.27931  -9.27931  -9.27931  -9.27931  -9.27931  -9.27931
  -9.27931  -9.27931  -9.27931  -9.27931  -9.27931  -9.27931  -9.27931  -9.27931
  -9.27931  -9.27931  -9.27931  -9.27931  -9.27931  -9.27931  -9.27931  -9.27931
  -9.27931  -9.27931
  -9.29337  -9.29337  -9.29337  -9.29337  -9.29337  -9.29337  -9.29337  -9.29337
  -9.29337  -9.29337  -9.29337  -9.29337  -9.29337  -9.29337  -9.29337  -9.29337
  -9.29337  -9.29337  -9.29337  -9.29337  -9.29337  -9.29337  -9.29337  -9.29337
  -9.29337  -9.29337
  -9.31004  -9.31004  -9.31004  -9.31004  -9.31004  -9.31004  -9.31004  -9.31004
  -9.31004  -9.31004  -9.31004  -9.31004  -9.31004  -9.31004  -9.31004  -9.31004
  -9.31004  -9.31004  -9.31004  -9.31004  -9.31004  -9.31004  -9.31004  -9.31004
  -9.31004  -9.31004
  -9.32902  -9.32902  -9.32902  -9.32902  -9.32902  -9.32902  -9.32902  -9.32902
  -9.32902  -9.32902  -9.32902  -9.32902  -9.32902  -9.32902  -9.32902  -9.32902
  -9.32902  -9.32902  -9.32902  -9.32902  -9.32902  -9.32902  -9.32902  -9.32902
  -9.32902  -9.32902
  -9.35004  -9.35004  -9.35004  -9.35004  -9.35004  -9.35004  -9.35004  -9.35004
  -9.35004  -9.35004  -9.35004  -9.35004  -9.35004  -9.35004  -9.35004  -9.35004
  -9.35004  -9.35004  -9.35004  -9.35004  -9.35004  -9.35004  -9.35004  -9.35004
  -9.35004  -9.35004
  -9.37288  -9.37288  -9.37288  -9.37288  -9.37288  -9.37288  -9.37288  -9.37288
  -9.37288  -9.37288  -9.37288  -9.37288  -9.37288  -9.37288  -9.37288  -9.37288
  -9.37288  -9.37288  -9.37288  -9.37288  -9.37288  -9.37288  -9.37288  -9.37288
  -9.37288  -9.37288
  -9.39732  -9.39732  -9.39732  -9.39732  -9.39732  -9.39732  -9.39732  -9.39732
  -9.39732  -9.39732  -9.39732  -9.39732  -9.39732  -9.39732  -9.39732  -9.39732
  -9.39732  -9.39732  -9.39732  -9.39732  -9.39732  -9.39732  -9.39732  -9.39732
  -9.39732  -9.39732
  -9.42322  -9.42322  -9.42322  -9.42322  -9.42322  -9.42322  -9.42322  -9.42322
  -9.42322  -9.42322  -9.42322  -9.42322  -9.42322  -9.42322  -9.42322  -9.42322
  -9.42322  -9.42322  -9.42322  -9.42322  -9.42322  -9.42322  -9.42322  -9.42322
  -9.42322  -9.42322
  -9.45040  -9.45040  -9.45040  -9.45040  -9.45040  -9.45040  -9.45040  -9.45040
  -9.45040  -9.45040  -9.45040  -9.45040  -9.45040  -9.45040  -9.45040  -9.45040
  -9.45040  -9.45040  -9.45040  -9.45040  -9.45040  -9.45040  -9.45040  -9.45040
  -9.45040  -9.45040
  -9.47875  -9.47875  -9.47875  -9.47875  -9.47875  -9.47875  -9.47875  -9.47875
  -9.47875  -9.47875  -9.47875  -9.47875  -9.47875  -9.47875  -9.47875  -9.47875
  -9.47875  -9.47875  -9.47875  -9.47875  -9.47875  -9.47875  -9.47875  -9.47875
  -9.47875  -9.47875
  -9.50816  -9.50816  -9.50816  -9.50816  -9.50816  -9.50816  -9.50816  -9.50816
  -9.50816  -9.50816  -9.50816  -9.50816  -9.50816  -9.50816  -9.50816  -9.50816
  -9.50816  -9.50816  -9.50816  -9.50816  -9.50816  -9.50816  -9.50816  -9.50816
  -9.50816  -9.50816
 
C---------------------------------------------------------------------------------
C ADAS ADF11 DATA - SCCS info: @(#)$Header: /home/adascvs/adas/adf11/scd89/scd89_be.dat,v 2.1 2004/07/07 00:11:37 whitefor Exp $ Date $Date: 2004/07/07 00:11:37 $
C---------------------------------------------------------------------------------
