    6   26   48    1    6     /CARBON             / ABEL-VAN-MEINNEN 1982
 -------------------------------------------------------------------------------
  10.00000  10.20000  10.40000  10.60000  10.80000  11.00000  11.20000  11.40000
  11.60000  11.80000  12.00000  12.20000  12.40000  12.60000  12.80000  13.00000
  13.20000  13.40000  13.60000  13.80000  14.00000  14.20000  14.40000  14.60000
  14.80000  15.00000
   0.00000   0.10000   0.20000   0.30000   0.40000   0.50000   0.60000   0.70000
   0.80000   0.90000   1.00000   1.10000   1.20000   1.30000   1.40000   1.50000
   1.60000   1.70000   1.80000   1.90000   2.00000   2.10000   2.20000   2.30000
   2.40000   2.50000   2.60000   2.70000   2.80000   2.90000   3.00000   3.10000
   3.20000   3.30000   3.40000   3.50000   3.60000   3.70000   3.80000   3.90000
   4.00000   4.10000   4.20000   4.30000   4.40000   4.50000   4.60000   4.70000
 ---------------------------------------------------/ Z1= 1   / DATE= 29.03.90
 -12.83522 -12.83522 -12.83522 -12.83522 -12.83522 -12.83522 -12.83522 -12.83522
 -12.83522 -12.83522 -12.83522 -12.83522 -12.83522 -12.83522 -12.83522 -12.83522
 -12.83522 -12.83522 -12.83522 -12.83522 -12.83522 -12.83522 -12.83522 -12.83522
 -12.83522 -12.83522
 -11.76813 -11.76813 -11.76813 -11.76813 -11.76813 -11.76813 -11.76813 -11.76813
 -11.76813 -11.76813 -11.76813 -11.76813 -11.76813 -11.76813 -11.76813 -11.76813
 -11.76813 -11.76813 -11.76813 -11.76813 -11.76813 -11.76813 -11.76813 -11.76813
 -11.76813 -11.76813
 -10.90564 -10.90564 -10.90564 -10.90564 -10.90564 -10.90564 -10.90564 -10.90564
 -10.90564 -10.90564 -10.90564 -10.90564 -10.90564 -10.90564 -10.90564 -10.90564
 -10.90564 -10.90564 -10.90564 -10.90564 -10.90564 -10.90564 -10.90564 -10.90564
 -10.90564 -10.90564
 -10.20437 -10.20437 -10.20437 -10.20437 -10.20437 -10.20437 -10.20437 -10.20437
 -10.20437 -10.20437 -10.20437 -10.20437 -10.20437 -10.20437 -10.20437 -10.20437
 -10.20437 -10.20437 -10.20437 -10.20437 -10.20437 -10.20437 -10.20437 -10.20437
 -10.20437 -10.20437
  -9.63036  -9.63036  -9.63036  -9.63036  -9.63036  -9.63036  -9.63036  -9.63036
  -9.63036  -9.63036  -9.63036  -9.63036  -9.63036  -9.63036  -9.63036  -9.63036
  -9.63036  -9.63036  -9.63036  -9.63036  -9.63036  -9.63036  -9.63036  -9.63036
  -9.63036  -9.63036
  -9.15740  -9.15740  -9.15740  -9.15740  -9.15740  -9.15740  -9.15740  -9.15740
  -9.15740  -9.15740  -9.15740  -9.15740  -9.15740  -9.15740  -9.15740  -9.15740
  -9.15740  -9.15740  -9.15740  -9.15740  -9.15740  -9.15740  -9.15740  -9.15740
  -9.15740  -9.15740
  -8.76542  -8.76542  -8.76542  -8.76542  -8.76542  -8.76542  -8.76542  -8.76542
  -8.76542  -8.76542  -8.76542  -8.76542  -8.76542  -8.76542  -8.76542  -8.76542
  -8.76542  -8.76542  -8.76542  -8.76542  -8.76542  -8.76542  -8.76542  -8.76542
  -8.76542  -8.76542
  -8.43900  -8.43900  -8.43900  -8.43900  -8.43900  -8.43900  -8.43900  -8.43900
  -8.43900  -8.43900  -8.43900  -8.43900  -8.43900  -8.43900  -8.43900  -8.43900
  -8.43900  -8.43900  -8.43900  -8.43900  -8.43900  -8.43900  -8.43900  -8.43900
  -8.43900  -8.43900
  -8.16611  -8.16611  -8.16611  -8.16611  -8.16611  -8.16611  -8.16611  -8.16611
  -8.16611  -8.16611  -8.16611  -8.16611  -8.16611  -8.16611  -8.16611  -8.16611
  -8.16611  -8.16611  -8.16611  -8.16611  -8.16611  -8.16611  -8.16611  -8.16611
  -8.16611  -8.16611
  -7.93731  -7.93731  -7.93731  -7.93731  -7.93731  -7.93731  -7.93731  -7.93731
  -7.93731  -7.93731  -7.93731  -7.93731  -7.93731  -7.93731  -7.93731  -7.93731
  -7.93731  -7.93731  -7.93731  -7.93731  -7.93731  -7.93731  -7.93731  -7.93731
  -7.93731  -7.93731
  -7.74510  -7.74510  -7.74510  -7.74510  -7.74510  -7.74510  -7.74510  -7.74510
  -7.74510  -7.74510  -7.74510  -7.74510  -7.74510  -7.74510  -7.74510  -7.74510
  -7.74510  -7.74510  -7.74510  -7.74510  -7.74510  -7.74510  -7.74510  -7.74510
  -7.74510  -7.74510
  -7.58352  -7.58352  -7.58352  -7.58352  -7.58352  -7.58352  -7.58352  -7.58352
  -7.58352  -7.58352  -7.58352  -7.58352  -7.58352  -7.58352  -7.58352  -7.58352
  -7.58352  -7.58352  -7.58352  -7.58352  -7.58352  -7.58352  -7.58352  -7.58352
  -7.58352  -7.58352
  -7.44784  -7.44784  -7.44784  -7.44784  -7.44784  -7.44784  -7.44784  -7.44784
  -7.44784  -7.44784  -7.44784  -7.44784  -7.44784  -7.44784  -7.44784  -7.44784
  -7.44784  -7.44784  -7.44784  -7.44784  -7.44784  -7.44784  -7.44784  -7.44784
  -7.44784  -7.44784
  -7.33431  -7.33431  -7.33431  -7.33431  -7.33431  -7.33431  -7.33431  -7.33431
  -7.33431  -7.33431  -7.33431  -7.33431  -7.33431  -7.33431  -7.33431  -7.33431
  -7.33431  -7.33431  -7.33431  -7.33431  -7.33431  -7.33431  -7.33431  -7.33431
  -7.33431  -7.33431
  -7.23992  -7.23992  -7.23992  -7.23992  -7.23992  -7.23992  -7.23992  -7.23992
  -7.23992  -7.23992  -7.23992  -7.23992  -7.23992  -7.23992  -7.23992  -7.23992
  -7.23992  -7.23992  -7.23992  -7.23992  -7.23992  -7.23992  -7.23992  -7.23992
  -7.23992  -7.23992
  -7.16223  -7.16223  -7.16223  -7.16223  -7.16223  -7.16223  -7.16223  -7.16223
  -7.16223  -7.16223  -7.16223  -7.16223  -7.16223  -7.16223  -7.16223  -7.16223
  -7.16223  -7.16223  -7.16223  -7.16223  -7.16223  -7.16223  -7.16223  -7.16223
  -7.16223  -7.16223
  -7.09922  -7.09922  -7.09922  -7.09922  -7.09922  -7.09922  -7.09922  -7.09922
  -7.09922  -7.09922  -7.09922  -7.09922  -7.09922  -7.09922  -7.09922  -7.09922
  -7.09922  -7.09922  -7.09922  -7.09922  -7.09922  -7.09922  -7.09922  -7.09922
  -7.09922  -7.09922
  -7.04913  -7.04913  -7.04913  -7.04913  -7.04913  -7.04913  -7.04913  -7.04913
  -7.04913  -7.04913  -7.04913  -7.04913  -7.04913  -7.04913  -7.04913  -7.04913
  -7.04913  -7.04913  -7.04913  -7.04913  -7.04913  -7.04913  -7.04913  -7.04913
  -7.04913  -7.04913
  -7.01043  -7.01043  -7.01043  -7.01043  -7.01043  -7.01043  -7.01043  -7.01043
  -7.01043  -7.01043  -7.01043  -7.01043  -7.01043  -7.01043  -7.01043  -7.01043
  -7.01043  -7.01043  -7.01043  -7.01043  -7.01043  -7.01043  -7.01043  -7.01043
  -7.01043  -7.01043
  -6.98170  -6.98170  -6.98170  -6.98170  -6.98170  -6.98170  -6.98170  -6.98170
  -6.98170  -6.98170  -6.98170  -6.98170  -6.98170  -6.98170  -6.98170  -6.98170
  -6.98170  -6.98170  -6.98170  -6.98170  -6.98170  -6.98170  -6.98170  -6.98170
  -6.98170  -6.98170
  -6.96169  -6.96169  -6.96169  -6.96169  -6.96169  -6.96169  -6.96169  -6.96169
  -6.96169  -6.96169  -6.96169  -6.96169  -6.96169  -6.96169  -6.96169  -6.96169
  -6.96169  -6.96169  -6.96169  -6.96169  -6.96169  -6.96169  -6.96169  -6.96169
  -6.96169  -6.96169
  -6.94925  -6.94925  -6.94925  -6.94925  -6.94925  -6.94925  -6.94925  -6.94925
  -6.94925  -6.94925  -6.94925  -6.94925  -6.94925  -6.94925  -6.94925  -6.94925
  -6.94925  -6.94925  -6.94925  -6.94925  -6.94925  -6.94925  -6.94925  -6.94925
  -6.94925  -6.94925
  -6.94334  -6.94334  -6.94334  -6.94334  -6.94334  -6.94334  -6.94334  -6.94334
  -6.94334  -6.94334  -6.94334  -6.94334  -6.94334  -6.94334  -6.94334  -6.94334
  -6.94334  -6.94334  -6.94334  -6.94334  -6.94334  -6.94334  -6.94334  -6.94334
  -6.94334  -6.94334
  -6.94307  -6.94307  -6.94307  -6.94307  -6.94307  -6.94307  -6.94307  -6.94307
  -6.94307  -6.94307  -6.94307  -6.94307  -6.94307  -6.94307  -6.94307  -6.94307
  -6.94307  -6.94307  -6.94307  -6.94307  -6.94307  -6.94307  -6.94307  -6.94307
  -6.94307  -6.94307
  -6.94763  -6.94763  -6.94763  -6.94763  -6.94763  -6.94763  -6.94763  -6.94763
  -6.94763  -6.94763  -6.94763  -6.94763  -6.94763  -6.94763  -6.94763  -6.94763
  -6.94763  -6.94763  -6.94763  -6.94763  -6.94763  -6.94763  -6.94763  -6.94763
  -6.94763  -6.94763
  -6.95635  -6.95635  -6.95635  -6.95635  -6.95635  -6.95635  -6.95635  -6.95635
  -6.95635  -6.95635  -6.95635  -6.95635  -6.95635  -6.95635  -6.95635  -6.95635
  -6.95635  -6.95635  -6.95635  -6.95635  -6.95635  -6.95635  -6.95635  -6.95635
  -6.95635  -6.95635
  -6.96863  -6.96863  -6.96863  -6.96863  -6.96863  -6.96863  -6.96863  -6.96863
  -6.96863  -6.96863  -6.96863  -6.96863  -6.96863  -6.96863  -6.96863  -6.96863
  -6.96863  -6.96863  -6.96863  -6.96863  -6.96863  -6.96863  -6.96863  -6.96863
  -6.96863  -6.96863
  -6.98400  -6.98400  -6.98400  -6.98400  -6.98400  -6.98400  -6.98400  -6.98400
  -6.98400  -6.98400  -6.98400  -6.98400  -6.98400  -6.98400  -6.98400  -6.98400
  -6.98400  -6.98400  -6.98400  -6.98400  -6.98400  -6.98400  -6.98400  -6.98400
  -6.98400  -6.98400
  -7.00202  -7.00202  -7.00202  -7.00202  -7.00202  -7.00202  -7.00202  -7.00202
  -7.00202  -7.00202  -7.00202  -7.00202  -7.00202  -7.00202  -7.00202  -7.00202
  -7.00202  -7.00202  -7.00202  -7.00202  -7.00202  -7.00202  -7.00202  -7.00202
  -7.00202  -7.00202
  -7.02235  -7.02235  -7.02235  -7.02235  -7.02235  -7.02235  -7.02235  -7.02235
  -7.02235  -7.02235  -7.02235  -7.02235  -7.02235  -7.02235  -7.02235  -7.02235
  -7.02235  -7.02235  -7.02235  -7.02235  -7.02235  -7.02235  -7.02235  -7.02235
  -7.02235  -7.02235
  -7.04469  -7.04469  -7.04469  -7.04469  -7.04469  -7.04469  -7.04469  -7.04469
  -7.04469  -7.04469  -7.04469  -7.04469  -7.04469  -7.04469  -7.04469  -7.04469
  -7.04469  -7.04469  -7.04469  -7.04469  -7.04469  -7.04469  -7.04469  -7.04469
  -7.04469  -7.04469
  -7.06879  -7.06879  -7.06879  -7.06879  -7.06879  -7.06879  -7.06879  -7.06879
  -7.06879  -7.06879  -7.06879  -7.06879  -7.06879  -7.06879  -7.06879  -7.06879
  -7.06879  -7.06879  -7.06879  -7.06879  -7.06879  -7.06879  -7.06879  -7.06879
  -7.06879  -7.06879
  -7.09444  -7.09444  -7.09444  -7.09444  -7.09444  -7.09444  -7.09444  -7.09444
  -7.09444  -7.09444  -7.09444  -7.09444  -7.09444  -7.09444  -7.09444  -7.09444
  -7.09444  -7.09444  -7.09444  -7.09444  -7.09444  -7.09444  -7.09444  -7.09444
  -7.09444  -7.09444
  -7.12147  -7.12147  -7.12147  -7.12147  -7.12147  -7.12147  -7.12147  -7.12147
  -7.12147  -7.12147  -7.12147  -7.12147  -7.12147  -7.12147  -7.12147  -7.12147
  -7.12147  -7.12147  -7.12147  -7.12147  -7.12147  -7.12147  -7.12147  -7.12147
  -7.12147  -7.12147
  -7.14972  -7.14972  -7.14972  -7.14972  -7.14972  -7.14972  -7.14972  -7.14972
  -7.14972  -7.14972  -7.14972  -7.14972  -7.14972  -7.14972  -7.14972  -7.14972
  -7.14972  -7.14972  -7.14972  -7.14972  -7.14972  -7.14972  -7.14972  -7.14972
  -7.14972  -7.14972
  -7.17908  -7.17908  -7.17908  -7.17908  -7.17908  -7.17908  -7.17908  -7.17908
  -7.17908  -7.17908  -7.17908  -7.17908  -7.17908  -7.17908  -7.17908  -7.17908
  -7.17908  -7.17908  -7.17908  -7.17908  -7.17908  -7.17908  -7.17908  -7.17908
  -7.17908  -7.17908
  -7.20942  -7.20942  -7.20942  -7.20942  -7.20942  -7.20942  -7.20942  -7.20942
  -7.20942  -7.20942  -7.20942  -7.20942  -7.20942  -7.20942  -7.20942  -7.20942
  -7.20942  -7.20942  -7.20942  -7.20942  -7.20942  -7.20942  -7.20942  -7.20942
  -7.20942  -7.20942
  -7.24065  -7.24065  -7.24065  -7.24065  -7.24065  -7.24065  -7.24065  -7.24065
  -7.24065  -7.24065  -7.24065  -7.24065  -7.24065  -7.24065  -7.24065  -7.24065
  -7.24065  -7.24065  -7.24065  -7.24065  -7.24065  -7.24065  -7.24065  -7.24065
  -7.24065  -7.24065
  -7.27269  -7.27269  -7.27269  -7.27269  -7.27269  -7.27269  -7.27269  -7.27269
  -7.27269  -7.27269  -7.27269  -7.27269  -7.27269  -7.27269  -7.27269  -7.27269
  -7.27269  -7.27269  -7.27269  -7.27269  -7.27269  -7.27269  -7.27269  -7.27269
  -7.27269  -7.27269
  -7.30548  -7.30548  -7.30548  -7.30548  -7.30548  -7.30548  -7.30548  -7.30548
  -7.30548  -7.30548  -7.30548  -7.30548  -7.30548  -7.30548  -7.30548  -7.30548
  -7.30548  -7.30548  -7.30548  -7.30548  -7.30548  -7.30548  -7.30548  -7.30548
  -7.30548  -7.30548
  -7.33895  -7.33895  -7.33895  -7.33895  -7.33895  -7.33895  -7.33895  -7.33895
  -7.33895  -7.33895  -7.33895  -7.33895  -7.33895  -7.33895  -7.33895  -7.33895
  -7.33895  -7.33895  -7.33895  -7.33895  -7.33895  -7.33895  -7.33895  -7.33895
  -7.33895  -7.33895
  -7.37304  -7.37304  -7.37304  -7.37304  -7.37304  -7.37304  -7.37304  -7.37304
  -7.37304  -7.37304  -7.37304  -7.37304  -7.37304  -7.37304  -7.37304  -7.37304
  -7.37304  -7.37304  -7.37304  -7.37304  -7.37304  -7.37304  -7.37304  -7.37304
  -7.37304  -7.37304
  -7.40771  -7.40771  -7.40771  -7.40771  -7.40771  -7.40771  -7.40771  -7.40771
  -7.40771  -7.40771  -7.40771  -7.40771  -7.40771  -7.40771  -7.40771  -7.40771
  -7.40771  -7.40771  -7.40771  -7.40771  -7.40771  -7.40771  -7.40771  -7.40771
  -7.40771  -7.40771
  -7.44291  -7.44291  -7.44291  -7.44291  -7.44291  -7.44291  -7.44291  -7.44291
  -7.44291  -7.44291  -7.44291  -7.44291  -7.44291  -7.44291  -7.44291  -7.44291
  -7.44291  -7.44291  -7.44291  -7.44291  -7.44291  -7.44291  -7.44291  -7.44291
  -7.44291  -7.44291
  -7.47861  -7.47861  -7.47861  -7.47861  -7.47861  -7.47861  -7.47861  -7.47861
  -7.47861  -7.47861  -7.47861  -7.47861  -7.47861  -7.47861  -7.47861  -7.47861
  -7.47861  -7.47861  -7.47861  -7.47861  -7.47861  -7.47861  -7.47861  -7.47861
  -7.47861  -7.47861
  -7.51478  -7.51478  -7.51478  -7.51478  -7.51478  -7.51478  -7.51478  -7.51478
  -7.51478  -7.51478  -7.51478  -7.51478  -7.51478  -7.51478  -7.51478  -7.51478
  -7.51478  -7.51478  -7.51478  -7.51478  -7.51478  -7.51478  -7.51478  -7.51478
  -7.51478  -7.51478
  -7.55138  -7.55138  -7.55138  -7.55138  -7.55138  -7.55138  -7.55138  -7.55138
  -7.55138  -7.55138  -7.55138  -7.55138  -7.55138  -7.55138  -7.55138  -7.55138
  -7.55138  -7.55138  -7.55138  -7.55138  -7.55138  -7.55138  -7.55138  -7.55138
  -7.55138  -7.55138
  -7.58839  -7.58839  -7.58839  -7.58839  -7.58839  -7.58839  -7.58839  -7.58839
  -7.58839  -7.58839  -7.58839  -7.58839  -7.58839  -7.58839  -7.58839  -7.58839
  -7.58839  -7.58839  -7.58839  -7.58839  -7.58839  -7.58839  -7.58839  -7.58839
  -7.58839  -7.58839
 ---------------------------------------------------/ Z1= 2   / DATE= 29.03.90
 -19.14546 -19.14546 -19.14546 -19.14546 -19.14546 -19.14546 -19.14546 -19.14546
 -19.14546 -19.14546 -19.14546 -19.14546 -19.14546 -19.14546 -19.14546 -19.14546
 -19.14546 -19.14546 -19.14546 -19.14546 -19.14546 -19.14546 -19.14546 -19.14546
 -19.14546 -19.14546
 -16.91429 -16.91429 -16.91429 -16.91429 -16.91429 -16.91429 -16.91429 -16.91429
 -16.91429 -16.91429 -16.91429 -16.91429 -16.91429 -16.91429 -16.91429 -16.91429
 -16.91429 -16.91429 -16.91429 -16.91429 -16.91429 -16.91429 -16.91429 -16.91429
 -16.91429 -16.91429
 -15.12795 -15.12795 -15.12795 -15.12795 -15.12795 -15.12795 -15.12795 -15.12795
 -15.12795 -15.12795 -15.12795 -15.12795 -15.12795 -15.12795 -15.12795 -15.12795
 -15.12795 -15.12795 -15.12795 -15.12795 -15.12795 -15.12795 -15.12795 -15.12795
 -15.12795 -15.12795
 -13.69199 -13.69199 -13.69199 -13.69199 -13.69199 -13.69199 -13.69199 -13.69199
 -13.69199 -13.69199 -13.69199 -13.69199 -13.69199 -13.69199 -13.69199 -13.69199
 -13.69199 -13.69199 -13.69199 -13.69199 -13.69199 -13.69199 -13.69199 -13.69199
 -13.69199 -13.69199
 -12.53187 -12.53187 -12.53187 -12.53187 -12.53187 -12.53187 -12.53187 -12.53187
 -12.53187 -12.53187 -12.53187 -12.53187 -12.53187 -12.53187 -12.53187 -12.53187
 -12.53187 -12.53187 -12.53187 -12.53187 -12.53187 -12.53187 -12.53187 -12.53187
 -12.53187 -12.53187
 -11.58980 -11.58980 -11.58980 -11.58980 -11.58980 -11.58980 -11.58980 -11.58980
 -11.58980 -11.58980 -11.58980 -11.58980 -11.58980 -11.58980 -11.58980 -11.58980
 -11.58980 -11.58980 -11.58980 -11.58980 -11.58980 -11.58980 -11.58980 -11.58980
 -11.58980 -11.58980
 -10.82172 -10.82172 -10.82172 -10.82172 -10.82172 -10.82172 -10.82172 -10.82172
 -10.82172 -10.82172 -10.82172 -10.82172 -10.82172 -10.82172 -10.82172 -10.82172
 -10.82172 -10.82172 -10.82172 -10.82172 -10.82172 -10.82172 -10.82172 -10.82172
 -10.82172 -10.82172
 -10.19389 -10.19389 -10.19389 -10.19389 -10.19389 -10.19389 -10.19389 -10.19389
 -10.19389 -10.19389 -10.19389 -10.19389 -10.19389 -10.19389 -10.19389 -10.19389
 -10.19389 -10.19389 -10.19389 -10.19389 -10.19389 -10.19389 -10.19389 -10.19389
 -10.19389 -10.19389
  -9.67998  -9.67998  -9.67998  -9.67998  -9.67998  -9.67998  -9.67998  -9.67998
  -9.67998  -9.67998  -9.67998  -9.67998  -9.67998  -9.67998  -9.67998  -9.67998
  -9.67998  -9.67998  -9.67998  -9.67998  -9.67998  -9.67998  -9.67998  -9.67998
  -9.67998  -9.67998
  -9.25897  -9.25897  -9.25897  -9.25897  -9.25897  -9.25897  -9.25897  -9.25897
  -9.25897  -9.25897  -9.25897  -9.25897  -9.25897  -9.25897  -9.25897  -9.25897
  -9.25897  -9.25897  -9.25897  -9.25897  -9.25897  -9.25897  -9.25897  -9.25897
  -9.25897  -9.25897
  -8.91383  -8.91383  -8.91383  -8.91383  -8.91383  -8.91383  -8.91383  -8.91383
  -8.91383  -8.91383  -8.91383  -8.91383  -8.91383  -8.91383  -8.91383  -8.91383
  -8.91383  -8.91383  -8.91383  -8.91383  -8.91383  -8.91383  -8.91383  -8.91383
  -8.91383  -8.91383
  -8.63068  -8.63068  -8.63068  -8.63068  -8.63068  -8.63068  -8.63068  -8.63068
  -8.63068  -8.63068  -8.63068  -8.63068  -8.63068  -8.63068  -8.63068  -8.63068
  -8.63068  -8.63068  -8.63068  -8.63068  -8.63068  -8.63068  -8.63068  -8.63068
  -8.63068  -8.63068
  -8.39819  -8.39819  -8.39819  -8.39819  -8.39819  -8.39819  -8.39819  -8.39819
  -8.39819  -8.39819  -8.39819  -8.39819  -8.39819  -8.39819  -8.39819  -8.39819
  -8.39819  -8.39819  -8.39819  -8.39819  -8.39819  -8.39819  -8.39819  -8.39819
  -8.39819  -8.39819
  -8.20717  -8.20717  -8.20717  -8.20717  -8.20717  -8.20717  -8.20717  -8.20717
  -8.20717  -8.20717  -8.20717  -8.20717  -8.20717  -8.20717  -8.20717  -8.20717
  -8.20717  -8.20717  -8.20717  -8.20717  -8.20717  -8.20717  -8.20717  -8.20717
  -8.20717  -8.20717
  -8.05021  -8.05021  -8.05021  -8.05021  -8.05021  -8.05021  -8.05021  -8.05021
  -8.05021  -8.05021  -8.05021  -8.05021  -8.05021  -8.05021  -8.05021  -8.05021
  -8.05021  -8.05021  -8.05021  -8.05021  -8.05021  -8.05021  -8.05021  -8.05021
  -8.05021  -8.05021
  -7.92134  -7.92134  -7.92134  -7.92134  -7.92134  -7.92134  -7.92134  -7.92134
  -7.92134  -7.92134  -7.92134  -7.92134  -7.92134  -7.92134  -7.92134  -7.92134
  -7.92134  -7.92134  -7.92134  -7.92134  -7.92134  -7.92134  -7.92134  -7.92134
  -7.92134  -7.92134
  -7.81581  -7.81581  -7.81581  -7.81581  -7.81581  -7.81581  -7.81581  -7.81581
  -7.81581  -7.81581  -7.81581  -7.81581  -7.81581  -7.81581  -7.81581  -7.81581
  -7.81581  -7.81581  -7.81581  -7.81581  -7.81581  -7.81581  -7.81581  -7.81581
  -7.81581  -7.81581
  -7.72982  -7.72982  -7.72982  -7.72982  -7.72982  -7.72982  -7.72982  -7.72982
  -7.72982  -7.72982  -7.72982  -7.72982  -7.72982  -7.72982  -7.72982  -7.72982
  -7.72982  -7.72982  -7.72982  -7.72982  -7.72982  -7.72982  -7.72982  -7.72982
  -7.72982  -7.72982
  -7.66035  -7.66035  -7.66035  -7.66035  -7.66035  -7.66035  -7.66035  -7.66035
  -7.66035  -7.66035  -7.66035  -7.66035  -7.66035  -7.66035  -7.66035  -7.66035
  -7.66035  -7.66035  -7.66035  -7.66035  -7.66035  -7.66035  -7.66035  -7.66035
  -7.66035  -7.66035
  -7.60495  -7.60495  -7.60495  -7.60495  -7.60495  -7.60495  -7.60495  -7.60495
  -7.60495  -7.60495  -7.60495  -7.60495  -7.60495  -7.60495  -7.60495  -7.60495
  -7.60495  -7.60495  -7.60495  -7.60495  -7.60495  -7.60495  -7.60495  -7.60495
  -7.60495  -7.60495
  -7.56163  -7.56163  -7.56163  -7.56163  -7.56163  -7.56163  -7.56163  -7.56163
  -7.56163  -7.56163  -7.56163  -7.56163  -7.56163  -7.56163  -7.56163  -7.56163
  -7.56163  -7.56163  -7.56163  -7.56163  -7.56163  -7.56163  -7.56163  -7.56163
  -7.56163  -7.56163
  -7.52871  -7.52871  -7.52871  -7.52871  -7.52871  -7.52871  -7.52871  -7.52871
  -7.52871  -7.52871  -7.52871  -7.52871  -7.52871  -7.52871  -7.52871  -7.52871
  -7.52871  -7.52871  -7.52871  -7.52871  -7.52871  -7.52871  -7.52871  -7.52871
  -7.52871  -7.52871
  -7.50479  -7.50479  -7.50479  -7.50479  -7.50479  -7.50479  -7.50479  -7.50479
  -7.50479  -7.50479  -7.50479  -7.50479  -7.50479  -7.50479  -7.50479  -7.50479
  -7.50479  -7.50479  -7.50479  -7.50479  -7.50479  -7.50479  -7.50479  -7.50479
  -7.50479  -7.50479
  -7.48864  -7.48864  -7.48864  -7.48864  -7.48864  -7.48864  -7.48864  -7.48864
  -7.48864  -7.48864  -7.48864  -7.48864  -7.48864  -7.48864  -7.48864  -7.48864
  -7.48864  -7.48864  -7.48864  -7.48864  -7.48864  -7.48864  -7.48864  -7.48864
  -7.48864  -7.48864
  -7.47923  -7.47923  -7.47923  -7.47923  -7.47923  -7.47923  -7.47923  -7.47923
  -7.47923  -7.47923  -7.47923  -7.47923  -7.47923  -7.47923  -7.47923  -7.47923
  -7.47923  -7.47923  -7.47923  -7.47923  -7.47923  -7.47923  -7.47923  -7.47923
  -7.47923  -7.47923
  -7.47563  -7.47563  -7.47563  -7.47563  -7.47563  -7.47563  -7.47563  -7.47563
  -7.47563  -7.47563  -7.47563  -7.47563  -7.47563  -7.47563  -7.47563  -7.47563
  -7.47563  -7.47563  -7.47563  -7.47563  -7.47563  -7.47563  -7.47563  -7.47563
  -7.47563  -7.47563
  -7.47708  -7.47708  -7.47708  -7.47708  -7.47708  -7.47708  -7.47708  -7.47708
  -7.47708  -7.47708  -7.47708  -7.47708  -7.47708  -7.47708  -7.47708  -7.47708
  -7.47708  -7.47708  -7.47708  -7.47708  -7.47708  -7.47708  -7.47708  -7.47708
  -7.47708  -7.47708
  -7.48288  -7.48288  -7.48288  -7.48288  -7.48288  -7.48288  -7.48288  -7.48288
  -7.48288  -7.48288  -7.48288  -7.48288  -7.48288  -7.48288  -7.48288  -7.48288
  -7.48288  -7.48288  -7.48288  -7.48288  -7.48288  -7.48288  -7.48288  -7.48288
  -7.48288  -7.48288
  -7.49247  -7.49247  -7.49247  -7.49247  -7.49247  -7.49247  -7.49247  -7.49247
  -7.49247  -7.49247  -7.49247  -7.49247  -7.49247  -7.49247  -7.49247  -7.49247
  -7.49247  -7.49247  -7.49247  -7.49247  -7.49247  -7.49247  -7.49247  -7.49247
  -7.49247  -7.49247
  -7.50533  -7.50533  -7.50533  -7.50533  -7.50533  -7.50533  -7.50533  -7.50533
  -7.50533  -7.50533  -7.50533  -7.50533  -7.50533  -7.50533  -7.50533  -7.50533
  -7.50533  -7.50533  -7.50533  -7.50533  -7.50533  -7.50533  -7.50533  -7.50533
  -7.50533  -7.50533
  -7.52106  -7.52106  -7.52106  -7.52106  -7.52106  -7.52106  -7.52106  -7.52106
  -7.52106  -7.52106  -7.52106  -7.52106  -7.52106  -7.52106  -7.52106  -7.52106
  -7.52106  -7.52106  -7.52106  -7.52106  -7.52106  -7.52106  -7.52106  -7.52106
  -7.52106  -7.52106
  -7.53928  -7.53928  -7.53928  -7.53928  -7.53928  -7.53928  -7.53928  -7.53928
  -7.53928  -7.53928  -7.53928  -7.53928  -7.53928  -7.53928  -7.53928  -7.53928
  -7.53928  -7.53928  -7.53928  -7.53928  -7.53928  -7.53928  -7.53928  -7.53928
  -7.53928  -7.53928
  -7.55970  -7.55970  -7.55970  -7.55970  -7.55970  -7.55970  -7.55970  -7.55970
  -7.55970  -7.55970  -7.55970  -7.55970  -7.55970  -7.55970  -7.55970  -7.55970
  -7.55970  -7.55970  -7.55970  -7.55970  -7.55970  -7.55970  -7.55970  -7.55970
  -7.55970  -7.55970
  -7.58204  -7.58204  -7.58204  -7.58204  -7.58204  -7.58204  -7.58204  -7.58204
  -7.58204  -7.58204  -7.58204  -7.58204  -7.58204  -7.58204  -7.58204  -7.58204
  -7.58204  -7.58204  -7.58204  -7.58204  -7.58204  -7.58204  -7.58204  -7.58204
  -7.58204  -7.58204
  -7.60608  -7.60608  -7.60608  -7.60608  -7.60608  -7.60608  -7.60608  -7.60608
  -7.60608  -7.60608  -7.60608  -7.60608  -7.60608  -7.60608  -7.60608  -7.60608
  -7.60608  -7.60608  -7.60608  -7.60608  -7.60608  -7.60608  -7.60608  -7.60608
  -7.60608  -7.60608
  -7.63164  -7.63164  -7.63164  -7.63164  -7.63164  -7.63164  -7.63164  -7.63164
  -7.63164  -7.63164  -7.63164  -7.63164  -7.63164  -7.63164  -7.63164  -7.63164
  -7.63164  -7.63164  -7.63164  -7.63164  -7.63164  -7.63164  -7.63164  -7.63164
  -7.63164  -7.63164
  -7.65855  -7.65855  -7.65855  -7.65855  -7.65855  -7.65855  -7.65855  -7.65855
  -7.65855  -7.65855  -7.65855  -7.65855  -7.65855  -7.65855  -7.65855  -7.65855
  -7.65855  -7.65855  -7.65855  -7.65855  -7.65855  -7.65855  -7.65855  -7.65855
  -7.65855  -7.65855
  -7.68667  -7.68667  -7.68667  -7.68667  -7.68667  -7.68667  -7.68667  -7.68667
  -7.68667  -7.68667  -7.68667  -7.68667  -7.68667  -7.68667  -7.68667  -7.68667
  -7.68667  -7.68667  -7.68667  -7.68667  -7.68667  -7.68667  -7.68667  -7.68667
  -7.68667  -7.68667
  -7.71588  -7.71588  -7.71588  -7.71588  -7.71588  -7.71588  -7.71588  -7.71588
  -7.71588  -7.71588  -7.71588  -7.71588  -7.71588  -7.71588  -7.71588  -7.71588
  -7.71588  -7.71588  -7.71588  -7.71588  -7.71588  -7.71588  -7.71588  -7.71588
  -7.71588  -7.71588
  -7.74608  -7.74608  -7.74608  -7.74608  -7.74608  -7.74608  -7.74608  -7.74608
  -7.74608  -7.74608  -7.74608  -7.74608  -7.74608  -7.74608  -7.74608  -7.74608
  -7.74608  -7.74608  -7.74608  -7.74608  -7.74608  -7.74608  -7.74608  -7.74608
  -7.74608  -7.74608
  -7.77716  -7.77716  -7.77716  -7.77716  -7.77716  -7.77716  -7.77716  -7.77716
  -7.77716  -7.77716  -7.77716  -7.77716  -7.77716  -7.77716  -7.77716  -7.77716
  -7.77716  -7.77716  -7.77716  -7.77716  -7.77716  -7.77716  -7.77716  -7.77716
  -7.77716  -7.77716
  -7.80906  -7.80906  -7.80906  -7.80906  -7.80906  -7.80906  -7.80906  -7.80906
  -7.80906  -7.80906  -7.80906  -7.80906  -7.80906  -7.80906  -7.80906  -7.80906
  -7.80906  -7.80906  -7.80906  -7.80906  -7.80906  -7.80906  -7.80906  -7.80906
  -7.80906  -7.80906
  -7.84171  -7.84171  -7.84171  -7.84171  -7.84171  -7.84171  -7.84171  -7.84171
  -7.84171  -7.84171  -7.84171  -7.84171  -7.84171  -7.84171  -7.84171  -7.84171
  -7.84171  -7.84171  -7.84171  -7.84171  -7.84171  -7.84171  -7.84171  -7.84171
  -7.84171  -7.84171
  -7.87504  -7.87504  -7.87504  -7.87504  -7.87504  -7.87504  -7.87504  -7.87504
  -7.87504  -7.87504  -7.87504  -7.87504  -7.87504  -7.87504  -7.87504  -7.87504
  -7.87504  -7.87504  -7.87504  -7.87504  -7.87504  -7.87504  -7.87504  -7.87504
  -7.87504  -7.87504
  -7.90901  -7.90901  -7.90901  -7.90901  -7.90901  -7.90901  -7.90901  -7.90901
  -7.90901  -7.90901  -7.90901  -7.90901  -7.90901  -7.90901  -7.90901  -7.90901
  -7.90901  -7.90901  -7.90901  -7.90901  -7.90901  -7.90901  -7.90901  -7.90901
  -7.90901  -7.90901
  -7.94355  -7.94355  -7.94355  -7.94355  -7.94355  -7.94355  -7.94355  -7.94355
  -7.94355  -7.94355  -7.94355  -7.94355  -7.94355  -7.94355  -7.94355  -7.94355
  -7.94355  -7.94355  -7.94355  -7.94355  -7.94355  -7.94355  -7.94355  -7.94355
  -7.94355  -7.94355
  -7.97864  -7.97864  -7.97864  -7.97864  -7.97864  -7.97864  -7.97864  -7.97864
  -7.97864  -7.97864  -7.97864  -7.97864  -7.97864  -7.97864  -7.97864  -7.97864
  -7.97864  -7.97864  -7.97864  -7.97864  -7.97864  -7.97864  -7.97864  -7.97864
  -7.97864  -7.97864
  -8.01423  -8.01423  -8.01423  -8.01423  -8.01423  -8.01423  -8.01423  -8.01423
  -8.01423  -8.01423  -8.01423  -8.01423  -8.01423  -8.01423  -8.01423  -8.01423
  -8.01423  -8.01423  -8.01423  -8.01423  -8.01423  -8.01423  -8.01423  -8.01423
  -8.01423  -8.01423
 ---------------------------------------------------/ Z1= 3   / DATE= 29.03.90
 -29.48538 -29.48538 -29.48538 -29.48538 -29.48538 -29.48538 -29.48538 -29.48538
 -29.48538 -29.48538 -29.48538 -29.48538 -29.48538 -29.48538 -29.48538 -29.48538
 -29.48538 -29.48538 -29.48538 -29.48538 -29.48538 -29.48538 -29.48538 -29.48538
 -29.48538 -29.48538
 -25.15820 -25.15820 -25.15820 -25.15820 -25.15820 -25.15820 -25.15820 -25.15820
 -25.15820 -25.15820 -25.15820 -25.15820 -25.15820 -25.15820 -25.15820 -25.15820
 -25.15820 -25.15820 -25.15820 -25.15820 -25.15820 -25.15820 -25.15820 -25.15820
 -25.15820 -25.15820
 -21.71138 -21.71138 -21.71138 -21.71138 -21.71138 -21.71138 -21.71138 -21.71138
 -21.71138 -21.71138 -21.71138 -21.71138 -21.71138 -21.71138 -21.71138 -21.71138
 -21.71138 -21.71138 -21.71138 -21.71138 -21.71138 -21.71138 -21.71138 -21.71138
 -21.71138 -21.71138
 -18.96394 -18.96394 -18.96394 -18.96394 -18.96394 -18.96394 -18.96394 -18.96394
 -18.96394 -18.96394 -18.96394 -18.96394 -18.96394 -18.96394 -18.96394 -18.96394
 -18.96394 -18.96394 -18.96394 -18.96394 -18.96394 -18.96394 -18.96394 -18.96394
 -18.96394 -18.96394
 -16.77229 -16.77229 -16.77229 -16.77229 -16.77229 -16.77229 -16.77229 -16.77229
 -16.77229 -16.77229 -16.77229 -16.77229 -16.77229 -16.77229 -16.77229 -16.77229
 -16.77229 -16.77229 -16.77229 -16.77229 -16.77229 -16.77229 -16.77229 -16.77229
 -16.77229 -16.77229
 -15.02232 -15.02232 -15.02232 -15.02232 -15.02232 -15.02232 -15.02232 -15.02232
 -15.02232 -15.02232 -15.02232 -15.02232 -15.02232 -15.02232 -15.02232 -15.02232
 -15.02232 -15.02232 -15.02232 -15.02232 -15.02232 -15.02232 -15.02232 -15.02232
 -15.02232 -15.02232
 -13.62347 -13.62347 -13.62347 -13.62347 -13.62347 -13.62347 -13.62347 -13.62347
 -13.62347 -13.62347 -13.62347 -13.62347 -13.62347 -13.62347 -13.62347 -13.62347
 -13.62347 -13.62347 -13.62347 -13.62347 -13.62347 -13.62347 -13.62347 -13.62347
 -13.62347 -13.62347
 -12.50386 -12.50386 -12.50386 -12.50386 -12.50386 -12.50386 -12.50386 -12.50386
 -12.50386 -12.50386 -12.50386 -12.50386 -12.50386 -12.50386 -12.50386 -12.50386
 -12.50386 -12.50386 -12.50386 -12.50386 -12.50386 -12.50386 -12.50386 -12.50386
 -12.50386 -12.50386
 -11.60645 -11.60645 -11.60645 -11.60645 -11.60645 -11.60645 -11.60645 -11.60645
 -11.60645 -11.60645 -11.60645 -11.60645 -11.60645 -11.60645 -11.60645 -11.60645
 -11.60645 -11.60645 -11.60645 -11.60645 -11.60645 -11.60645 -11.60645 -11.60645
 -11.60645 -11.60645
 -10.88600 -10.88600 -10.88600 -10.88600 -10.88600 -10.88600 -10.88600 -10.88600
 -10.88600 -10.88600 -10.88600 -10.88600 -10.88600 -10.88600 -10.88600 -10.88600
 -10.88600 -10.88600 -10.88600 -10.88600 -10.88600 -10.88600 -10.88600 -10.88600
 -10.88600 -10.88600
 -10.30663 -10.30663 -10.30663 -10.30663 -10.30663 -10.30663 -10.30663 -10.30663
 -10.30663 -10.30663 -10.30663 -10.30663 -10.30663 -10.30663 -10.30663 -10.30663
 -10.30663 -10.30663 -10.30663 -10.30663 -10.30663 -10.30663 -10.30663 -10.30663
 -10.30663 -10.30663
  -9.83988  -9.83988  -9.83988  -9.83988  -9.83988  -9.83988  -9.83988  -9.83988
  -9.83988  -9.83988  -9.83988  -9.83988  -9.83988  -9.83988  -9.83988  -9.83988
  -9.83988  -9.83988  -9.83988  -9.83988  -9.83988  -9.83988  -9.83988  -9.83988
  -9.83988  -9.83988
  -9.46319  -9.46319  -9.46319  -9.46319  -9.46319  -9.46319  -9.46319  -9.46319
  -9.46319  -9.46319  -9.46319  -9.46319  -9.46319  -9.46319  -9.46319  -9.46319
  -9.46319  -9.46319  -9.46319  -9.46319  -9.46319  -9.46319  -9.46319  -9.46319
  -9.46319  -9.46319
  -9.15868  -9.15868  -9.15868  -9.15868  -9.15868  -9.15868  -9.15868  -9.15868
  -9.15868  -9.15868  -9.15868  -9.15868  -9.15868  -9.15868  -9.15868  -9.15868
  -9.15868  -9.15868  -9.15868  -9.15868  -9.15868  -9.15868  -9.15868  -9.15868
  -9.15868  -9.15868
  -8.91212  -8.91212  -8.91212  -8.91212  -8.91212  -8.91212  -8.91212  -8.91212
  -8.91212  -8.91212  -8.91212  -8.91212  -8.91212  -8.91212  -8.91212  -8.91212
  -8.91212  -8.91212  -8.91212  -8.91212  -8.91212  -8.91212  -8.91212  -8.91212
  -8.91212  -8.91212
  -8.71224  -8.71224  -8.71224  -8.71224  -8.71224  -8.71224  -8.71224  -8.71224
  -8.71224  -8.71224  -8.71224  -8.71224  -8.71224  -8.71224  -8.71224  -8.71224
  -8.71224  -8.71224  -8.71224  -8.71224  -8.71224  -8.71224  -8.71224  -8.71224
  -8.71224  -8.71224
  -8.55004  -8.55004  -8.55004  -8.55004  -8.55004  -8.55004  -8.55004  -8.55004
  -8.55004  -8.55004  -8.55004  -8.55004  -8.55004  -8.55004  -8.55004  -8.55004
  -8.55004  -8.55004  -8.55004  -8.55004  -8.55004  -8.55004  -8.55004  -8.55004
  -8.55004  -8.55004
  -8.41840  -8.41840  -8.41840  -8.41840  -8.41840  -8.41840  -8.41840  -8.41840
  -8.41840  -8.41840  -8.41840  -8.41840  -8.41840  -8.41840  -8.41840  -8.41840
  -8.41840  -8.41840  -8.41840  -8.41840  -8.41840  -8.41840  -8.41840  -8.41840
  -8.41840  -8.41840
  -8.31162  -8.31162  -8.31162  -8.31162  -8.31162  -8.31162  -8.31162  -8.31162
  -8.31162  -8.31162  -8.31162  -8.31162  -8.31162  -8.31162  -8.31162  -8.31162
  -8.31162  -8.31162  -8.31162  -8.31162  -8.31162  -8.31162  -8.31162  -8.31162
  -8.31162  -8.31162
  -8.22519  -8.22519  -8.22519  -8.22519  -8.22519  -8.22519  -8.22519  -8.22519
  -8.22519  -8.22519  -8.22519  -8.22519  -8.22519  -8.22519  -8.22519  -8.22519
  -8.22519  -8.22519  -8.22519  -8.22519  -8.22519  -8.22519  -8.22519  -8.22519
  -8.22519  -8.22519
  -8.15550  -8.15550  -8.15550  -8.15550  -8.15550  -8.15550  -8.15550  -8.15550
  -8.15550  -8.15550  -8.15550  -8.15550  -8.15550  -8.15550  -8.15550  -8.15550
  -8.15550  -8.15550  -8.15550  -8.15550  -8.15550  -8.15550  -8.15550  -8.15550
  -8.15550  -8.15550
  -8.09974  -8.09974  -8.09974  -8.09974  -8.09974  -8.09974  -8.09974  -8.09974
  -8.09974  -8.09974  -8.09974  -8.09974  -8.09974  -8.09974  -8.09974  -8.09974
  -8.09974  -8.09974  -8.09974  -8.09974  -8.09974  -8.09974  -8.09974  -8.09974
  -8.09974  -8.09974
  -8.05568  -8.05568  -8.05568  -8.05568  -8.05568  -8.05568  -8.05568  -8.05568
  -8.05568  -8.05568  -8.05568  -8.05568  -8.05568  -8.05568  -8.05568  -8.05568
  -8.05568  -8.05568  -8.05568  -8.05568  -8.05568  -8.05568  -8.05568  -8.05568
  -8.05568  -8.05568
  -8.02154  -8.02154  -8.02154  -8.02154  -8.02154  -8.02154  -8.02154  -8.02154
  -8.02154  -8.02154  -8.02154  -8.02154  -8.02154  -8.02154  -8.02154  -8.02154
  -8.02154  -8.02154  -8.02154  -8.02154  -8.02154  -8.02154  -8.02154  -8.02154
  -8.02154  -8.02154
  -7.99592  -7.99592  -7.99592  -7.99592  -7.99592  -7.99592  -7.99592  -7.99592
  -7.99592  -7.99592  -7.99592  -7.99592  -7.99592  -7.99592  -7.99592  -7.99592
  -7.99592  -7.99592  -7.99592  -7.99592  -7.99592  -7.99592  -7.99592  -7.99592
  -7.99592  -7.99592
  -7.97768  -7.97768  -7.97768  -7.97768  -7.97768  -7.97768  -7.97768  -7.97768
  -7.97768  -7.97768  -7.97768  -7.97768  -7.97768  -7.97768  -7.97768  -7.97768
  -7.97768  -7.97768  -7.97768  -7.97768  -7.97768  -7.97768  -7.97768  -7.97768
  -7.97768  -7.97768
  -7.96585  -7.96585  -7.96585  -7.96585  -7.96585  -7.96585  -7.96585  -7.96585
  -7.96585  -7.96585  -7.96585  -7.96585  -7.96585  -7.96585  -7.96585  -7.96585
  -7.96585  -7.96585  -7.96585  -7.96585  -7.96585  -7.96585  -7.96585  -7.96585
  -7.96585  -7.96585
  -7.95962  -7.95962  -7.95962  -7.95962  -7.95962  -7.95962  -7.95962  -7.95962
  -7.95962  -7.95962  -7.95962  -7.95962  -7.95962  -7.95962  -7.95962  -7.95962
  -7.95962  -7.95962  -7.95962  -7.95962  -7.95962  -7.95962  -7.95962  -7.95962
  -7.95962  -7.95962
  -7.95830  -7.95830  -7.95830  -7.95830  -7.95830  -7.95830  -7.95830  -7.95830
  -7.95830  -7.95830  -7.95830  -7.95830  -7.95830  -7.95830  -7.95830  -7.95830
  -7.95830  -7.95830  -7.95830  -7.95830  -7.95830  -7.95830  -7.95830  -7.95830
  -7.95830  -7.95830
  -7.96130  -7.96130  -7.96130  -7.96130  -7.96130  -7.96130  -7.96130  -7.96130
  -7.96130  -7.96130  -7.96130  -7.96130  -7.96130  -7.96130  -7.96130  -7.96130
  -7.96130  -7.96130  -7.96130  -7.96130  -7.96130  -7.96130  -7.96130  -7.96130
  -7.96130  -7.96130
  -7.96809  -7.96809  -7.96809  -7.96809  -7.96809  -7.96809  -7.96809  -7.96809
  -7.96809  -7.96809  -7.96809  -7.96809  -7.96809  -7.96809  -7.96809  -7.96809
  -7.96809  -7.96809  -7.96809  -7.96809  -7.96809  -7.96809  -7.96809  -7.96809
  -7.96809  -7.96809
  -7.97823  -7.97823  -7.97823  -7.97823  -7.97823  -7.97823  -7.97823  -7.97823
  -7.97823  -7.97823  -7.97823  -7.97823  -7.97823  -7.97823  -7.97823  -7.97823
  -7.97823  -7.97823  -7.97823  -7.97823  -7.97823  -7.97823  -7.97823  -7.97823
  -7.97823  -7.97823
  -7.99134  -7.99134  -7.99134  -7.99134  -7.99134  -7.99134  -7.99134  -7.99134
  -7.99134  -7.99134  -7.99134  -7.99134  -7.99134  -7.99134  -7.99134  -7.99134
  -7.99134  -7.99134  -7.99134  -7.99134  -7.99134  -7.99134  -7.99134  -7.99134
  -7.99134  -7.99134
  -8.00707  -8.00707  -8.00707  -8.00707  -8.00707  -8.00707  -8.00707  -8.00707
  -8.00707  -8.00707  -8.00707  -8.00707  -8.00707  -8.00707  -8.00707  -8.00707
  -8.00707  -8.00707  -8.00707  -8.00707  -8.00707  -8.00707  -8.00707  -8.00707
  -8.00707  -8.00707
  -8.02515  -8.02515  -8.02515  -8.02515  -8.02515  -8.02515  -8.02515  -8.02515
  -8.02515  -8.02515  -8.02515  -8.02515  -8.02515  -8.02515  -8.02515  -8.02515
  -8.02515  -8.02515  -8.02515  -8.02515  -8.02515  -8.02515  -8.02515  -8.02515
  -8.02515  -8.02515
  -8.04531  -8.04531  -8.04531  -8.04531  -8.04531  -8.04531  -8.04531  -8.04531
  -8.04531  -8.04531  -8.04531  -8.04531  -8.04531  -8.04531  -8.04531  -8.04531
  -8.04531  -8.04531  -8.04531  -8.04531  -8.04531  -8.04531  -8.04531  -8.04531
  -8.04531  -8.04531
  -8.06734  -8.06734  -8.06734  -8.06734  -8.06734  -8.06734  -8.06734  -8.06734
  -8.06734  -8.06734  -8.06734  -8.06734  -8.06734  -8.06734  -8.06734  -8.06734
  -8.06734  -8.06734  -8.06734  -8.06734  -8.06734  -8.06734  -8.06734  -8.06734
  -8.06734  -8.06734
  -8.09104  -8.09104  -8.09104  -8.09104  -8.09104  -8.09104  -8.09104  -8.09104
  -8.09104  -8.09104  -8.09104  -8.09104  -8.09104  -8.09104  -8.09104  -8.09104
  -8.09104  -8.09104  -8.09104  -8.09104  -8.09104  -8.09104  -8.09104  -8.09104
  -8.09104  -8.09104
  -8.11624  -8.11624  -8.11624  -8.11624  -8.11624  -8.11624  -8.11624  -8.11624
  -8.11624  -8.11624  -8.11624  -8.11624  -8.11624  -8.11624  -8.11624  -8.11624
  -8.11624  -8.11624  -8.11624  -8.11624  -8.11624  -8.11624  -8.11624  -8.11624
  -8.11624  -8.11624
  -8.14279  -8.14279  -8.14279  -8.14279  -8.14279  -8.14279  -8.14279  -8.14279
  -8.14279  -8.14279  -8.14279  -8.14279  -8.14279  -8.14279  -8.14279  -8.14279
  -8.14279  -8.14279  -8.14279  -8.14279  -8.14279  -8.14279  -8.14279  -8.14279
  -8.14279  -8.14279
  -8.17056  -8.17056  -8.17056  -8.17056  -8.17056  -8.17056  -8.17056  -8.17056
  -8.17056  -8.17056  -8.17056  -8.17056  -8.17056  -8.17056  -8.17056  -8.17056
  -8.17056  -8.17056  -8.17056  -8.17056  -8.17056  -8.17056  -8.17056  -8.17056
  -8.17056  -8.17056
  -8.19944  -8.19944  -8.19944  -8.19944  -8.19944  -8.19944  -8.19944  -8.19944
  -8.19944  -8.19944  -8.19944  -8.19944  -8.19944  -8.19944  -8.19944  -8.19944
  -8.19944  -8.19944  -8.19944  -8.19944  -8.19944  -8.19944  -8.19944  -8.19944
  -8.19944  -8.19944
  -8.22931  -8.22931  -8.22931  -8.22931  -8.22931  -8.22931  -8.22931  -8.22931
  -8.22931  -8.22931  -8.22931  -8.22931  -8.22931  -8.22931  -8.22931  -8.22931
  -8.22931  -8.22931  -8.22931  -8.22931  -8.22931  -8.22931  -8.22931  -8.22931
  -8.22931  -8.22931
  -8.26010  -8.26010  -8.26010  -8.26010  -8.26010  -8.26010  -8.26010  -8.26010
  -8.26010  -8.26010  -8.26010  -8.26010  -8.26010  -8.26010  -8.26010  -8.26010
  -8.26010  -8.26010  -8.26010  -8.26010  -8.26010  -8.26010  -8.26010  -8.26010
  -8.26010  -8.26010
  -8.29173  -8.29173  -8.29173  -8.29173  -8.29173  -8.29173  -8.29173  -8.29173
  -8.29173  -8.29173  -8.29173  -8.29173  -8.29173  -8.29173  -8.29173  -8.29173
  -8.29173  -8.29173  -8.29173  -8.29173  -8.29173  -8.29173  -8.29173  -8.29173
  -8.29173  -8.29173
  -8.32412  -8.32412  -8.32412  -8.32412  -8.32412  -8.32412  -8.32412  -8.32412
  -8.32412  -8.32412  -8.32412  -8.32412  -8.32412  -8.32412  -8.32412  -8.32412
  -8.32412  -8.32412  -8.32412  -8.32412  -8.32412  -8.32412  -8.32412  -8.32412
  -8.32412  -8.32412
  -8.35721  -8.35721  -8.35721  -8.35721  -8.35721  -8.35721  -8.35721  -8.35721
  -8.35721  -8.35721  -8.35721  -8.35721  -8.35721  -8.35721  -8.35721  -8.35721
  -8.35721  -8.35721  -8.35721  -8.35721  -8.35721  -8.35721  -8.35721  -8.35721
  -8.35721  -8.35721
  -8.39095  -8.39095  -8.39095  -8.39095  -8.39095  -8.39095  -8.39095  -8.39095
  -8.39095  -8.39095  -8.39095  -8.39095  -8.39095  -8.39095  -8.39095  -8.39095
  -8.39095  -8.39095  -8.39095  -8.39095  -8.39095  -8.39095  -8.39095  -8.39095
  -8.39095  -8.39095
 ---------------------------------------------------/ Z1= 4   / DATE= 29.03.90
 -37.15784 -37.15784 -37.15784 -37.15784 -37.15784 -37.15784 -37.15784 -37.15784
 -37.15784 -37.15784 -37.15784 -37.15784 -37.15784 -37.15784 -37.15784 -37.15784
 -37.15784 -37.15784 -37.15784 -37.15784 -37.15784 -37.15784 -37.15784 -37.15784
 -37.15784 -37.15784
 -31.34807 -31.34807 -31.34807 -31.34807 -31.34807 -31.34807 -31.34807 -31.34807
 -31.34807 -31.34807 -31.34807 -31.34807 -31.34807 -31.34807 -31.34807 -31.34807
 -31.34807 -31.34807 -31.34807 -31.34807 -31.34807 -31.34807 -31.34807 -31.34807
 -31.34807 -31.34807
 -26.72363 -26.72363 -26.72363 -26.72363 -26.72363 -26.72363 -26.72363 -26.72363
 -26.72363 -26.72363 -26.72363 -26.72363 -26.72363 -26.72363 -26.72363 -26.72363
 -26.72363 -26.72363 -26.72363 -26.72363 -26.72363 -26.72363 -26.72363 -26.72363
 -26.72363 -26.72363
 -23.04088 -23.04088 -23.04088 -23.04088 -23.04088 -23.04088 -23.04088 -23.04088
 -23.04088 -23.04088 -23.04088 -23.04088 -23.04088 -23.04088 -23.04088 -23.04088
 -23.04088 -23.04088 -23.04088 -23.04088 -23.04088 -23.04088 -23.04088 -23.04088
 -23.04088 -23.04088
 -20.10637 -20.10637 -20.10637 -20.10637 -20.10637 -20.10637 -20.10637 -20.10637
 -20.10637 -20.10637 -20.10637 -20.10637 -20.10637 -20.10637 -20.10637 -20.10637
 -20.10637 -20.10637 -20.10637 -20.10637 -20.10637 -20.10637 -20.10637 -20.10637
 -20.10637 -20.10637
 -17.76643 -17.76643 -17.76643 -17.76643 -17.76643 -17.76643 -17.76643 -17.76643
 -17.76643 -17.76643 -17.76643 -17.76643 -17.76643 -17.76643 -17.76643 -17.76643
 -17.76643 -17.76643 -17.76643 -17.76643 -17.76643 -17.76643 -17.76643 -17.76643
 -17.76643 -17.76643
 -15.89911 -15.89911 -15.89911 -15.89911 -15.89911 -15.89911 -15.89911 -15.89911
 -15.89911 -15.89911 -15.89911 -15.89911 -15.89911 -15.89911 -15.89911 -15.89911
 -15.89911 -15.89911 -15.89911 -15.89911 -15.89911 -15.89911 -15.89911 -15.89911
 -15.89911 -15.89911
 -14.40755 -14.40755 -14.40755 -14.40755 -14.40755 -14.40755 -14.40755 -14.40755
 -14.40755 -14.40755 -14.40755 -14.40755 -14.40755 -14.40755 -14.40755 -14.40755
 -14.40755 -14.40755 -14.40755 -14.40755 -14.40755 -14.40755 -14.40755 -14.40755
 -14.40755 -14.40755
 -13.21490 -13.21490 -13.21490 -13.21490 -13.21490 -13.21490 -13.21490 -13.21490
 -13.21490 -13.21490 -13.21490 -13.21490 -13.21490 -13.21490 -13.21490 -13.21490
 -13.21490 -13.21490 -13.21490 -13.21490 -13.21490 -13.21490 -13.21490 -13.21490
 -13.21490 -13.21490
 -12.26016 -12.26016 -12.26016 -12.26016 -12.26016 -12.26016 -12.26016 -12.26016
 -12.26016 -12.26016 -12.26016 -12.26016 -12.26016 -12.26016 -12.26016 -12.26016
 -12.26016 -12.26016 -12.26016 -12.26016 -12.26016 -12.26016 -12.26016 -12.26016
 -12.26016 -12.26016
 -11.49499 -11.49499 -11.49499 -11.49499 -11.49499 -11.49499 -11.49499 -11.49499
 -11.49499 -11.49499 -11.49499 -11.49499 -11.49499 -11.49499 -11.49499 -11.49499
 -11.49499 -11.49499 -11.49499 -11.49499 -11.49499 -11.49499 -11.49499 -11.49499
 -11.49499 -11.49499
 -10.88099 -10.88099 -10.88099 -10.88099 -10.88099 -10.88099 -10.88099 -10.88099
 -10.88099 -10.88099 -10.88099 -10.88099 -10.88099 -10.88099 -10.88099 -10.88099
 -10.88099 -10.88099 -10.88099 -10.88099 -10.88099 -10.88099 -10.88099 -10.88099
 -10.88099 -10.88099
 -10.38776 -10.38776 -10.38776 -10.38776 -10.38776 -10.38776 -10.38776 -10.38776
 -10.38776 -10.38776 -10.38776 -10.38776 -10.38776 -10.38776 -10.38776 -10.38776
 -10.38776 -10.38776 -10.38776 -10.38776 -10.38776 -10.38776 -10.38776 -10.38776
 -10.38776 -10.38776
  -9.99115  -9.99115  -9.99115  -9.99115  -9.99115  -9.99115  -9.99115  -9.99115
  -9.99115  -9.99115  -9.99115  -9.99115  -9.99115  -9.99115  -9.99115  -9.99115
  -9.99115  -9.99115  -9.99115  -9.99115  -9.99115  -9.99115  -9.99115  -9.99115
  -9.99115  -9.99115
  -9.67200  -9.67200  -9.67200  -9.67200  -9.67200  -9.67200  -9.67200  -9.67200
  -9.67200  -9.67200  -9.67200  -9.67200  -9.67200  -9.67200  -9.67200  -9.67200
  -9.67200  -9.67200  -9.67200  -9.67200  -9.67200  -9.67200  -9.67200  -9.67200
  -9.67200  -9.67200
  -9.41504  -9.41504  -9.41504  -9.41504  -9.41504  -9.41504  -9.41504  -9.41504
  -9.41504  -9.41504  -9.41504  -9.41504  -9.41504  -9.41504  -9.41504  -9.41504
  -9.41504  -9.41504  -9.41504  -9.41504  -9.41504  -9.41504  -9.41504  -9.41504
  -9.41504  -9.41504
  -9.20809  -9.20809  -9.20809  -9.20809  -9.20809  -9.20809  -9.20809  -9.20809
  -9.20809  -9.20809  -9.20809  -9.20809  -9.20809  -9.20809  -9.20809  -9.20809
  -9.20809  -9.20809  -9.20809  -9.20809  -9.20809  -9.20809  -9.20809  -9.20809
  -9.20809  -9.20809
  -9.04139  -9.04139  -9.04139  -9.04139  -9.04139  -9.04139  -9.04139  -9.04139
  -9.04139  -9.04139  -9.04139  -9.04139  -9.04139  -9.04139  -9.04139  -9.04139
  -9.04139  -9.04139  -9.04139  -9.04139  -9.04139  -9.04139  -9.04139  -9.04139
  -9.04139  -9.04139
  -8.90699  -8.90699  -8.90699  -8.90699  -8.90699  -8.90699  -8.90699  -8.90699
  -8.90699  -8.90699  -8.90699  -8.90699  -8.90699  -8.90699  -8.90699  -8.90699
  -8.90699  -8.90699  -8.90699  -8.90699  -8.90699  -8.90699  -8.90699  -8.90699
  -8.90699  -8.90699
  -8.79847  -8.79847  -8.79847  -8.79847  -8.79847  -8.79847  -8.79847  -8.79847
  -8.79847  -8.79847  -8.79847  -8.79847  -8.79847  -8.79847  -8.79847  -8.79847
  -8.79847  -8.79847  -8.79847  -8.79847  -8.79847  -8.79847  -8.79847  -8.79847
  -8.79847  -8.79847
  -8.71063  -8.71063  -8.71063  -8.71063  -8.71063  -8.71063  -8.71063  -8.71063
  -8.71063  -8.71063  -8.71063  -8.71063  -8.71063  -8.71063  -8.71063  -8.71063
  -8.71063  -8.71063  -8.71063  -8.71063  -8.71063  -8.71063  -8.71063  -8.71063
  -8.71063  -8.71063
  -8.63936  -8.63936  -8.63936  -8.63936  -8.63936  -8.63936  -8.63936  -8.63936
  -8.63936  -8.63936  -8.63936  -8.63936  -8.63936  -8.63936  -8.63936  -8.63936
  -8.63936  -8.63936  -8.63936  -8.63936  -8.63936  -8.63936  -8.63936  -8.63936
  -8.63936  -8.63936
  -8.58153  -8.58153  -8.58153  -8.58153  -8.58153  -8.58153  -8.58153  -8.58153
  -8.58153  -8.58153  -8.58153  -8.58153  -8.58153  -8.58153  -8.58153  -8.58153
  -8.58153  -8.58153  -8.58153  -8.58153  -8.58153  -8.58153  -8.58153  -8.58153
  -8.58153  -8.58153
  -8.53480  -8.53480  -8.53480  -8.53480  -8.53480  -8.53480  -8.53480  -8.53480
  -8.53480  -8.53480  -8.53480  -8.53480  -8.53480  -8.53480  -8.53480  -8.53480
  -8.53480  -8.53480  -8.53480  -8.53480  -8.53480  -8.53480  -8.53480  -8.53480
  -8.53480  -8.53480
  -8.49748  -8.49748  -8.49748  -8.49748  -8.49748  -8.49748  -8.49748  -8.49748
  -8.49748  -8.49748  -8.49748  -8.49748  -8.49748  -8.49748  -8.49748  -8.49748
  -8.49748  -8.49748  -8.49748  -8.49748  -8.49748  -8.49748  -8.49748  -8.49748
  -8.49748  -8.49748
  -8.46829  -8.46829  -8.46829  -8.46829  -8.46829  -8.46829  -8.46829  -8.46829
  -8.46829  -8.46829  -8.46829  -8.46829  -8.46829  -8.46829  -8.46829  -8.46829
  -8.46829  -8.46829  -8.46829  -8.46829  -8.46829  -8.46829  -8.46829  -8.46829
  -8.46829  -8.46829
  -8.44624  -8.44624  -8.44624  -8.44624  -8.44624  -8.44624  -8.44624  -8.44624
  -8.44624  -8.44624  -8.44624  -8.44624  -8.44624  -8.44624  -8.44624  -8.44624
  -8.44624  -8.44624  -8.44624  -8.44624  -8.44624  -8.44624  -8.44624  -8.44624
  -8.44624  -8.44624
  -8.43054  -8.43054  -8.43054  -8.43054  -8.43054  -8.43054  -8.43054  -8.43054
  -8.43054  -8.43054  -8.43054  -8.43054  -8.43054  -8.43054  -8.43054  -8.43054
  -8.43054  -8.43054  -8.43054  -8.43054  -8.43054  -8.43054  -8.43054  -8.43054
  -8.43054  -8.43054
  -8.42047  -8.42047  -8.42047  -8.42047  -8.42047  -8.42047  -8.42047  -8.42047
  -8.42047  -8.42047  -8.42047  -8.42047  -8.42047  -8.42047  -8.42047  -8.42047
  -8.42047  -8.42047  -8.42047  -8.42047  -8.42047  -8.42047  -8.42047  -8.42047
  -8.42047  -8.42047
  -8.41542  -8.41542  -8.41542  -8.41542  -8.41542  -8.41542  -8.41542  -8.41542
  -8.41542  -8.41542  -8.41542  -8.41542  -8.41542  -8.41542  -8.41542  -8.41542
  -8.41542  -8.41542  -8.41542  -8.41542  -8.41542  -8.41542  -8.41542  -8.41542
  -8.41542  -8.41542
  -8.41486  -8.41486  -8.41486  -8.41486  -8.41486  -8.41486  -8.41486  -8.41486
  -8.41486  -8.41486  -8.41486  -8.41486  -8.41486  -8.41486  -8.41486  -8.41486
  -8.41486  -8.41486  -8.41486  -8.41486  -8.41486  -8.41486  -8.41486  -8.41486
  -8.41486  -8.41486
  -8.41830  -8.41830  -8.41830  -8.41830  -8.41830  -8.41830  -8.41830  -8.41830
  -8.41830  -8.41830  -8.41830  -8.41830  -8.41830  -8.41830  -8.41830  -8.41830
  -8.41830  -8.41830  -8.41830  -8.41830  -8.41830  -8.41830  -8.41830  -8.41830
  -8.41830  -8.41830
  -8.42530  -8.42530  -8.42530  -8.42530  -8.42530  -8.42530  -8.42530  -8.42530
  -8.42530  -8.42530  -8.42530  -8.42530  -8.42530  -8.42530  -8.42530  -8.42530
  -8.42530  -8.42530  -8.42530  -8.42530  -8.42530  -8.42530  -8.42530  -8.42530
  -8.42530  -8.42530
  -8.43549  -8.43549  -8.43549  -8.43549  -8.43549  -8.43549  -8.43549  -8.43549
  -8.43549  -8.43549  -8.43549  -8.43549  -8.43549  -8.43549  -8.43549  -8.43549
  -8.43549  -8.43549  -8.43549  -8.43549  -8.43549  -8.43549  -8.43549  -8.43549
  -8.43549  -8.43549
  -8.44854  -8.44854  -8.44854  -8.44854  -8.44854  -8.44854  -8.44854  -8.44854
  -8.44854  -8.44854  -8.44854  -8.44854  -8.44854  -8.44854  -8.44854  -8.44854
  -8.44854  -8.44854  -8.44854  -8.44854  -8.44854  -8.44854  -8.44854  -8.44854
  -8.44854  -8.44854
  -8.46415  -8.46415  -8.46415  -8.46415  -8.46415  -8.46415  -8.46415  -8.46415
  -8.46415  -8.46415  -8.46415  -8.46415  -8.46415  -8.46415  -8.46415  -8.46415
  -8.46415  -8.46415  -8.46415  -8.46415  -8.46415  -8.46415  -8.46415  -8.46415
  -8.46415  -8.46415
  -8.48206  -8.48206  -8.48206  -8.48206  -8.48206  -8.48206  -8.48206  -8.48206
  -8.48206  -8.48206  -8.48206  -8.48206  -8.48206  -8.48206  -8.48206  -8.48206
  -8.48206  -8.48206  -8.48206  -8.48206  -8.48206  -8.48206  -8.48206  -8.48206
  -8.48206  -8.48206
  -8.50202  -8.50202  -8.50202  -8.50202  -8.50202  -8.50202  -8.50202  -8.50202
  -8.50202  -8.50202  -8.50202  -8.50202  -8.50202  -8.50202  -8.50202  -8.50202
  -8.50202  -8.50202  -8.50202  -8.50202  -8.50202  -8.50202  -8.50202  -8.50202
  -8.50202  -8.50202
  -8.52384  -8.52384  -8.52384  -8.52384  -8.52384  -8.52384  -8.52384  -8.52384
  -8.52384  -8.52384  -8.52384  -8.52384  -8.52384  -8.52384  -8.52384  -8.52384
  -8.52384  -8.52384  -8.52384  -8.52384  -8.52384  -8.52384  -8.52384  -8.52384
  -8.52384  -8.52384
  -8.54733  -8.54733  -8.54733  -8.54733  -8.54733  -8.54733  -8.54733  -8.54733
  -8.54733  -8.54733  -8.54733  -8.54733  -8.54733  -8.54733  -8.54733  -8.54733
  -8.54733  -8.54733  -8.54733  -8.54733  -8.54733  -8.54733  -8.54733  -8.54733
  -8.54733  -8.54733
  -8.57232  -8.57232  -8.57232  -8.57232  -8.57232  -8.57232  -8.57232  -8.57232
  -8.57232  -8.57232  -8.57232  -8.57232  -8.57232  -8.57232  -8.57232  -8.57232
  -8.57232  -8.57232  -8.57232  -8.57232  -8.57232  -8.57232  -8.57232  -8.57232
  -8.57232  -8.57232
  -8.59867  -8.59867  -8.59867  -8.59867  -8.59867  -8.59867  -8.59867  -8.59867
  -8.59867  -8.59867  -8.59867  -8.59867  -8.59867  -8.59867  -8.59867  -8.59867
  -8.59867  -8.59867  -8.59867  -8.59867  -8.59867  -8.59867  -8.59867  -8.59867
  -8.59867  -8.59867
  -8.62625  -8.62625  -8.62625  -8.62625  -8.62625  -8.62625  -8.62625  -8.62625
  -8.62625  -8.62625  -8.62625  -8.62625  -8.62625  -8.62625  -8.62625  -8.62625
  -8.62625  -8.62625  -8.62625  -8.62625  -8.62625  -8.62625  -8.62625  -8.62625
  -8.62625  -8.62625
  -8.65494  -8.65494  -8.65494  -8.65494  -8.65494  -8.65494  -8.65494  -8.65494
  -8.65494  -8.65494  -8.65494  -8.65494  -8.65494  -8.65494  -8.65494  -8.65494
  -8.65494  -8.65494  -8.65494  -8.65494  -8.65494  -8.65494  -8.65494  -8.65494
  -8.65494  -8.65494
  -8.68464  -8.68464  -8.68464  -8.68464  -8.68464  -8.68464  -8.68464  -8.68464
  -8.68464  -8.68464  -8.68464  -8.68464  -8.68464  -8.68464  -8.68464  -8.68464
  -8.68464  -8.68464  -8.68464  -8.68464  -8.68464  -8.68464  -8.68464  -8.68464
  -8.68464  -8.68464
  -8.71527  -8.71527  -8.71527  -8.71527  -8.71527  -8.71527  -8.71527  -8.71527
  -8.71527  -8.71527  -8.71527  -8.71527  -8.71527  -8.71527  -8.71527  -8.71527
  -8.71527  -8.71527  -8.71527  -8.71527  -8.71527  -8.71527  -8.71527  -8.71527
  -8.71527  -8.71527
  -8.74675  -8.74675  -8.74675  -8.74675  -8.74675  -8.74675  -8.74675  -8.74675
  -8.74675  -8.74675  -8.74675  -8.74675  -8.74675  -8.74675  -8.74675  -8.74675
  -8.74675  -8.74675  -8.74675  -8.74675  -8.74675  -8.74675  -8.74675  -8.74675
  -8.74675  -8.74675
  -8.77899  -8.77899  -8.77899  -8.77899  -8.77899  -8.77899  -8.77899  -8.77899
  -8.77899  -8.77899  -8.77899  -8.77899  -8.77899  -8.77899  -8.77899  -8.77899
  -8.77899  -8.77899  -8.77899  -8.77899  -8.77899  -8.77899  -8.77899  -8.77899
  -8.77899  -8.77899
 ---------------------------------------------------/ Z1= 5   / DATE= 29.03.90
 -74.00000 -74.00000 -74.00000 -74.00000 -74.00000 -74.00000 -74.00000 -74.00000
 -74.00000 -74.00000 -74.00000 -74.00000 -74.00000 -74.00000 -74.00000 -74.00000
 -74.00000 -74.00000 -74.00000 -74.00000 -74.00000 -74.00000 -74.00000 -74.00000
 -74.00000 -74.00000
 -74.00000 -74.00000 -74.00000 -74.00000 -74.00000 -74.00000 -74.00000 -74.00000
 -74.00000 -74.00000 -74.00000 -74.00000 -74.00000 -74.00000 -74.00000 -74.00000
 -74.00000 -74.00000 -74.00000 -74.00000 -74.00000 -74.00000 -74.00000 -74.00000
 -74.00000 -74.00000
 -74.00000 -74.00000 -74.00000 -74.00000 -74.00000 -74.00000 -74.00000 -74.00000
 -74.00000 -74.00000 -74.00000 -74.00000 -74.00000 -74.00000 -74.00000 -74.00000
 -74.00000 -74.00000 -74.00000 -74.00000 -74.00000 -74.00000 -74.00000 -74.00000
 -74.00000 -74.00000
 -74.00000 -74.00000 -74.00000 -74.00000 -74.00000 -74.00000 -74.00000 -74.00000
 -74.00000 -74.00000 -74.00000 -74.00000 -74.00000 -74.00000 -74.00000 -74.00000
 -74.00000 -74.00000 -74.00000 -74.00000 -74.00000 -74.00000 -74.00000 -74.00000
 -74.00000 -74.00000
 -74.00000 -74.00000 -74.00000 -74.00000 -74.00000 -74.00000 -74.00000 -74.00000
 -74.00000 -74.00000 -74.00000 -74.00000 -74.00000 -74.00000 -74.00000 -74.00000
 -74.00000 -74.00000 -74.00000 -74.00000 -74.00000 -74.00000 -74.00000 -74.00000
 -74.00000 -74.00000
 -74.00000 -74.00000 -74.00000 -74.00000 -74.00000 -74.00000 -74.00000 -74.00000
 -74.00000 -74.00000 -74.00000 -74.00000 -74.00000 -74.00000 -74.00000 -74.00000
 -74.00000 -74.00000 -74.00000 -74.00000 -74.00000 -74.00000 -74.00000 -74.00000
 -74.00000 -74.00000
 -52.87340 -52.87340 -52.87340 -52.87340 -52.87340 -52.87340 -52.87340 -52.87340
 -52.87340 -52.87340 -52.87340 -52.87340 -52.87340 -52.87340 -52.87340 -52.87340
 -52.87340 -52.87340 -52.87340 -52.87340 -52.87340 -52.87340 -52.87340 -52.87340
 -52.87340 -52.87340
 -44.02924 -44.02924 -44.02924 -44.02924 -44.02924 -44.02924 -44.02924 -44.02924
 -44.02924 -44.02924 -44.02924 -44.02924 -44.02924 -44.02924 -44.02924 -44.02924
 -44.02924 -44.02924 -44.02924 -44.02924 -44.02924 -44.02924 -44.02924 -44.02924
 -44.02924 -44.02924
 -36.99423 -36.99423 -36.99423 -36.99423 -36.99423 -36.99423 -36.99423 -36.99423
 -36.99423 -36.99423 -36.99423 -36.99423 -36.99423 -36.99423 -36.99423 -36.99423
 -36.99423 -36.99423 -36.99423 -36.99423 -36.99423 -36.99423 -36.99423 -36.99423
 -36.99423 -36.99423
 -31.39644 -31.39644 -31.39644 -31.39644 -31.39644 -31.39644 -31.39644 -31.39644
 -31.39644 -31.39644 -31.39644 -31.39644 -31.39644 -31.39644 -31.39644 -31.39644
 -31.39644 -31.39644 -31.39644 -31.39644 -31.39644 -31.39644 -31.39644 -31.39644
 -31.39644 -31.39644
 -26.94037 -26.94037 -26.94037 -26.94037 -26.94037 -26.94037 -26.94037 -26.94037
 -26.94037 -26.94037 -26.94037 -26.94037 -26.94037 -26.94037 -26.94037 -26.94037
 -26.94037 -26.94037 -26.94037 -26.94037 -26.94037 -26.94037 -26.94037 -26.94037
 -26.94037 -26.94037
 -23.39143 -23.39143 -23.39143 -23.39143 -23.39143 -23.39143 -23.39143 -23.39143
 -23.39143 -23.39143 -23.39143 -23.39143 -23.39143 -23.39143 -23.39143 -23.39143
 -23.39143 -23.39143 -23.39143 -23.39143 -23.39143 -23.39143 -23.39143 -23.39143
 -23.39143 -23.39143
 -20.56320 -20.56320 -20.56320 -20.56320 -20.56320 -20.56320 -20.56320 -20.56320
 -20.56320 -20.56320 -20.56320 -20.56320 -20.56320 -20.56320 -20.56320 -20.56320
 -20.56320 -20.56320 -20.56320 -20.56320 -20.56320 -20.56320 -20.56320 -20.56320
 -20.56320 -20.56320
 -18.30774 -18.30774 -18.30774 -18.30774 -18.30774 -18.30774 -18.30774 -18.30774
 -18.30774 -18.30774 -18.30774 -18.30774 -18.30774 -18.30774 -18.30774 -18.30774
 -18.30774 -18.30774 -18.30774 -18.30774 -18.30774 -18.30774 -18.30774 -18.30774
 -18.30774 -18.30774
 -16.50760 -16.50760 -16.50760 -16.50760 -16.50760 -16.50760 -16.50760 -16.50760
 -16.50760 -16.50760 -16.50760 -16.50760 -16.50760 -16.50760 -16.50760 -16.50760
 -16.50760 -16.50760 -16.50760 -16.50760 -16.50760 -16.50760 -16.50760 -16.50760
 -16.50760 -16.50760
 -15.06945 -15.06945 -15.06945 -15.06945 -15.06945 -15.06945 -15.06945 -15.06945
 -15.06945 -15.06945 -15.06945 -15.06945 -15.06945 -15.06945 -15.06945 -15.06945
 -15.06945 -15.06945 -15.06945 -15.06945 -15.06945 -15.06945 -15.06945 -15.06945
 -15.06945 -15.06945
 -13.91929 -13.91929 -13.91929 -13.91929 -13.91929 -13.91929 -13.91929 -13.91929
 -13.91929 -13.91929 -13.91929 -13.91929 -13.91929 -13.91929 -13.91929 -13.91929
 -13.91929 -13.91929 -13.91929 -13.91929 -13.91929 -13.91929 -13.91929 -13.91929
 -13.91929 -13.91929
 -12.99841 -12.99841 -12.99841 -12.99841 -12.99841 -12.99841 -12.99841 -12.99841
 -12.99841 -12.99841 -12.99841 -12.99841 -12.99841 -12.99841 -12.99841 -12.99841
 -12.99841 -12.99841 -12.99841 -12.99841 -12.99841 -12.99841 -12.99841 -12.99841
 -12.99841 -12.99841
 -12.26021 -12.26021 -12.26021 -12.26021 -12.26021 -12.26021 -12.26021 -12.26021
 -12.26021 -12.26021 -12.26021 -12.26021 -12.26021 -12.26021 -12.26021 -12.26021
 -12.26021 -12.26021 -12.26021 -12.26021 -12.26021 -12.26021 -12.26021 -12.26021
 -12.26021 -12.26021
 -11.66777 -11.66777 -11.66777 -11.66777 -11.66777 -11.66777 -11.66777 -11.66777
 -11.66777 -11.66777 -11.66777 -11.66777 -11.66777 -11.66777 -11.66777 -11.66777
 -11.66777 -11.66777 -11.66777 -11.66777 -11.66777 -11.66777 -11.66777 -11.66777
 -11.66777 -11.66777
 -11.19176 -11.19176 -11.19176 -11.19176 -11.19176 -11.19176 -11.19176 -11.19176
 -11.19176 -11.19176 -11.19176 -11.19176 -11.19176 -11.19176 -11.19176 -11.19176
 -11.19176 -11.19176 -11.19176 -11.19176 -11.19176 -11.19176 -11.19176 -11.19176
 -11.19176 -11.19176
 -10.80894 -10.80894 -10.80894 -10.80894 -10.80894 -10.80894 -10.80894 -10.80894
 -10.80894 -10.80894 -10.80894 -10.80894 -10.80894 -10.80894 -10.80894 -10.80894
 -10.80894 -10.80894 -10.80894 -10.80894 -10.80894 -10.80894 -10.80894 -10.80894
 -10.80894 -10.80894
 -10.50086 -10.50086 -10.50086 -10.50086 -10.50086 -10.50086 -10.50086 -10.50086
 -10.50086 -10.50086 -10.50086 -10.50086 -10.50086 -10.50086 -10.50086 -10.50086
 -10.50086 -10.50086 -10.50086 -10.50086 -10.50086 -10.50086 -10.50086 -10.50086
 -10.50086 -10.50086
 -10.25280 -10.25280 -10.25280 -10.25280 -10.25280 -10.25280 -10.25280 -10.25280
 -10.25280 -10.25280 -10.25280 -10.25280 -10.25280 -10.25280 -10.25280 -10.25280
 -10.25280 -10.25280 -10.25280 -10.25280 -10.25280 -10.25280 -10.25280 -10.25280
 -10.25280 -10.25280
 -10.05306 -10.05306 -10.05306 -10.05306 -10.05306 -10.05306 -10.05306 -10.05306
 -10.05306 -10.05306 -10.05306 -10.05306 -10.05306 -10.05306 -10.05306 -10.05306
 -10.05306 -10.05306 -10.05306 -10.05306 -10.05306 -10.05306 -10.05306 -10.05306
 -10.05306 -10.05306
  -9.89226  -9.89226  -9.89226  -9.89226  -9.89226  -9.89226  -9.89226  -9.89226
  -9.89226  -9.89226  -9.89226  -9.89226  -9.89226  -9.89226  -9.89226  -9.89226
  -9.89226  -9.89226  -9.89226  -9.89226  -9.89226  -9.89226  -9.89226  -9.89226
  -9.89226  -9.89226
  -9.76292  -9.76292  -9.76292  -9.76292  -9.76292  -9.76292  -9.76292  -9.76292
  -9.76292  -9.76292  -9.76292  -9.76292  -9.76292  -9.76292  -9.76292  -9.76292
  -9.76292  -9.76292  -9.76292  -9.76292  -9.76292  -9.76292  -9.76292  -9.76292
  -9.76292  -9.76292
  -9.65905  -9.65905  -9.65905  -9.65905  -9.65905  -9.65905  -9.65905  -9.65905
  -9.65905  -9.65905  -9.65905  -9.65905  -9.65905  -9.65905  -9.65905  -9.65905
  -9.65905  -9.65905  -9.65905  -9.65905  -9.65905  -9.65905  -9.65905  -9.65905
  -9.65905  -9.65905
  -9.57590  -9.57590  -9.57590  -9.57590  -9.57590  -9.57590  -9.57590  -9.57590
  -9.57590  -9.57590  -9.57590  -9.57590  -9.57590  -9.57590  -9.57590  -9.57590
  -9.57590  -9.57590  -9.57590  -9.57590  -9.57590  -9.57590  -9.57590  -9.57590
  -9.57590  -9.57590
  -9.50973  -9.50973  -9.50973  -9.50973  -9.50973  -9.50973  -9.50973  -9.50973
  -9.50973  -9.50973  -9.50973  -9.50973  -9.50973  -9.50973  -9.50973  -9.50973
  -9.50973  -9.50973  -9.50973  -9.50973  -9.50973  -9.50973  -9.50973  -9.50973
  -9.50973  -9.50973
  -9.45758  -9.45758  -9.45758  -9.45758  -9.45758  -9.45758  -9.45758  -9.45758
  -9.45758  -9.45758  -9.45758  -9.45758  -9.45758  -9.45758  -9.45758  -9.45758
  -9.45758  -9.45758  -9.45758  -9.45758  -9.45758  -9.45758  -9.45758  -9.45758
  -9.45758  -9.45758
  -9.41713  -9.41713  -9.41713  -9.41713  -9.41713  -9.41713  -9.41713  -9.41713
  -9.41713  -9.41713  -9.41713  -9.41713  -9.41713  -9.41713  -9.41713  -9.41713
  -9.41713  -9.41713  -9.41713  -9.41713  -9.41713  -9.41713  -9.41713  -9.41713
  -9.41713  -9.41713
  -9.38655  -9.38655  -9.38655  -9.38655  -9.38655  -9.38655  -9.38655  -9.38655
  -9.38655  -9.38655  -9.38655  -9.38655  -9.38655  -9.38655  -9.38655  -9.38655
  -9.38655  -9.38655  -9.38655  -9.38655  -9.38655  -9.38655  -9.38655  -9.38655
  -9.38655  -9.38655
  -9.36439  -9.36439  -9.36439  -9.36439  -9.36439  -9.36439  -9.36439  -9.36439
  -9.36439  -9.36439  -9.36439  -9.36439  -9.36439  -9.36439  -9.36439  -9.36439
  -9.36439  -9.36439  -9.36439  -9.36439  -9.36439  -9.36439  -9.36439  -9.36439
  -9.36439  -9.36439
  -9.34947  -9.34947  -9.34947  -9.34947  -9.34947  -9.34947  -9.34947  -9.34947
  -9.34947  -9.34947  -9.34947  -9.34947  -9.34947  -9.34947  -9.34947  -9.34947
  -9.34947  -9.34947  -9.34947  -9.34947  -9.34947  -9.34947  -9.34947  -9.34947
  -9.34947  -9.34947
  -9.34080  -9.34080  -9.34080  -9.34080  -9.34080  -9.34080  -9.34080  -9.34080
  -9.34080  -9.34080  -9.34080  -9.34080  -9.34080  -9.34080  -9.34080  -9.34080
  -9.34080  -9.34080  -9.34080  -9.34080  -9.34080  -9.34080  -9.34080  -9.34080
  -9.34080  -9.34080
  -9.33757  -9.33757  -9.33757  -9.33757  -9.33757  -9.33757  -9.33757  -9.33757
  -9.33757  -9.33757  -9.33757  -9.33757  -9.33757  -9.33757  -9.33757  -9.33757
  -9.33757  -9.33757  -9.33757  -9.33757  -9.33757  -9.33757  -9.33757  -9.33757
  -9.33757  -9.33757
  -9.33909  -9.33909  -9.33909  -9.33909  -9.33909  -9.33909  -9.33909  -9.33909
  -9.33909  -9.33909  -9.33909  -9.33909  -9.33909  -9.33909  -9.33909  -9.33909
  -9.33909  -9.33909  -9.33909  -9.33909  -9.33909  -9.33909  -9.33909  -9.33909
  -9.33909  -9.33909
  -9.34475  -9.34475  -9.34475  -9.34475  -9.34475  -9.34475  -9.34475  -9.34475
  -9.34475  -9.34475  -9.34475  -9.34475  -9.34475  -9.34475  -9.34475  -9.34475
  -9.34475  -9.34475  -9.34475  -9.34475  -9.34475  -9.34475  -9.34475  -9.34475
  -9.34475  -9.34475
  -9.35405  -9.35405  -9.35405  -9.35405  -9.35405  -9.35405  -9.35405  -9.35405
  -9.35405  -9.35405  -9.35405  -9.35405  -9.35405  -9.35405  -9.35405  -9.35405
  -9.35405  -9.35405  -9.35405  -9.35405  -9.35405  -9.35405  -9.35405  -9.35405
  -9.35405  -9.35405
  -9.36653  -9.36653  -9.36653  -9.36653  -9.36653  -9.36653  -9.36653  -9.36653
  -9.36653  -9.36653  -9.36653  -9.36653  -9.36653  -9.36653  -9.36653  -9.36653
  -9.36653  -9.36653  -9.36653  -9.36653  -9.36653  -9.36653  -9.36653  -9.36653
  -9.36653  -9.36653
  -9.38181  -9.38181  -9.38181  -9.38181  -9.38181  -9.38181  -9.38181  -9.38181
  -9.38181  -9.38181  -9.38181  -9.38181  -9.38181  -9.38181  -9.38181  -9.38181
  -9.38181  -9.38181  -9.38181  -9.38181  -9.38181  -9.38181  -9.38181  -9.38181
  -9.38181  -9.38181
  -9.39956  -9.39956  -9.39956  -9.39956  -9.39956  -9.39956  -9.39956  -9.39956
  -9.39956  -9.39956  -9.39956  -9.39956  -9.39956  -9.39956  -9.39956  -9.39956
  -9.39956  -9.39956  -9.39956  -9.39956  -9.39956  -9.39956  -9.39956  -9.39956
  -9.39956  -9.39956
  -9.41949  -9.41949  -9.41949  -9.41949  -9.41949  -9.41949  -9.41949  -9.41949
  -9.41949  -9.41949  -9.41949  -9.41949  -9.41949  -9.41949  -9.41949  -9.41949
  -9.41949  -9.41949  -9.41949  -9.41949  -9.41949  -9.41949  -9.41949  -9.41949
  -9.41949  -9.41949
  -9.44136  -9.44136  -9.44136  -9.44136  -9.44136  -9.44136  -9.44136  -9.44136
  -9.44136  -9.44136  -9.44136  -9.44136  -9.44136  -9.44136  -9.44136  -9.44136
  -9.44136  -9.44136  -9.44136  -9.44136  -9.44136  -9.44136  -9.44136  -9.44136
  -9.44136  -9.44136
  -9.46495  -9.46495  -9.46495  -9.46495  -9.46495  -9.46495  -9.46495  -9.46495
  -9.46495  -9.46495  -9.46495  -9.46495  -9.46495  -9.46495  -9.46495  -9.46495
  -9.46495  -9.46495  -9.46495  -9.46495  -9.46495  -9.46495  -9.46495  -9.46495
  -9.46495  -9.46495
  -9.49006  -9.49006  -9.49006  -9.49006  -9.49006  -9.49006  -9.49006  -9.49006
  -9.49006  -9.49006  -9.49006  -9.49006  -9.49006  -9.49006  -9.49006  -9.49006
  -9.49006  -9.49006  -9.49006  -9.49006  -9.49006  -9.49006  -9.49006  -9.49006
  -9.49006  -9.49006
  -9.51656  -9.51656  -9.51656  -9.51656  -9.51656  -9.51656  -9.51656  -9.51656
  -9.51656  -9.51656  -9.51656  -9.51656  -9.51656  -9.51656  -9.51656  -9.51656
  -9.51656  -9.51656  -9.51656  -9.51656  -9.51656  -9.51656  -9.51656  -9.51656
  -9.51656  -9.51656
 ---------------------------------------------------/ Z1= 6   / DATE= 29.03.90
 -74.00000 -74.00000 -74.00000 -74.00000 -74.00000 -74.00000 -74.00000 -74.00000
 -74.00000 -74.00000 -74.00000 -74.00000 -74.00000 -74.00000 -74.00000 -74.00000
 -74.00000 -74.00000 -74.00000 -74.00000 -74.00000 -74.00000 -74.00000 -74.00000
 -74.00000 -74.00000
 -74.00000 -74.00000 -74.00000 -74.00000 -74.00000 -74.00000 -74.00000 -74.00000
 -74.00000 -74.00000 -74.00000 -74.00000 -74.00000 -74.00000 -74.00000 -74.00000
 -74.00000 -74.00000 -74.00000 -74.00000 -74.00000 -74.00000 -74.00000 -74.00000
 -74.00000 -74.00000
 -74.00000 -74.00000 -74.00000 -74.00000 -74.00000 -74.00000 -74.00000 -74.00000
 -74.00000 -74.00000 -74.00000 -74.00000 -74.00000 -74.00000 -74.00000 -74.00000
 -74.00000 -74.00000 -74.00000 -74.00000 -74.00000 -74.00000 -74.00000 -74.00000
 -74.00000 -74.00000
 -74.00000 -74.00000 -74.00000 -74.00000 -74.00000 -74.00000 -74.00000 -74.00000
 -74.00000 -74.00000 -74.00000 -74.00000 -74.00000 -74.00000 -74.00000 -74.00000
 -74.00000 -74.00000 -74.00000 -74.00000 -74.00000 -74.00000 -74.00000 -74.00000
 -74.00000 -74.00000
 -74.00000 -74.00000 -74.00000 -74.00000 -74.00000 -74.00000 -74.00000 -74.00000
 -74.00000 -74.00000 -74.00000 -74.00000 -74.00000 -74.00000 -74.00000 -74.00000
 -74.00000 -74.00000 -74.00000 -74.00000 -74.00000 -74.00000 -74.00000 -74.00000
 -74.00000 -74.00000
 -74.00000 -74.00000 -74.00000 -74.00000 -74.00000 -74.00000 -74.00000 -74.00000
 -74.00000 -74.00000 -74.00000 -74.00000 -74.00000 -74.00000 -74.00000 -74.00000
 -74.00000 -74.00000 -74.00000 -74.00000 -74.00000 -74.00000 -74.00000 -74.00000
 -74.00000 -74.00000
 -74.00000 -74.00000 -74.00000 -74.00000 -74.00000 -74.00000 -74.00000 -74.00000
 -74.00000 -74.00000 -74.00000 -74.00000 -74.00000 -74.00000 -74.00000 -74.00000
 -74.00000 -74.00000 -74.00000 -74.00000 -74.00000 -74.00000 -74.00000 -74.00000
 -74.00000 -74.00000
 -53.01509 -53.01509 -53.01509 -53.01509 -53.01509 -53.01509 -53.01509 -53.01509
 -53.01509 -53.01509 -53.01509 -53.01509 -53.01509 -53.01509 -53.01509 -53.01509
 -53.01509 -53.01509 -53.01509 -53.01509 -53.01509 -53.01509 -53.01509 -53.01509
 -53.01509 -53.01509
 -44.23329 -44.23329 -44.23329 -44.23329 -44.23329 -44.23329 -44.23329 -44.23329
 -44.23329 -44.23329 -44.23329 -44.23329 -44.23329 -44.23329 -44.23329 -44.23329
 -44.23329 -44.23329 -44.23329 -44.23329 -44.23329 -44.23329 -44.23329 -44.23329
 -44.23329 -44.23329
 -37.24783 -37.24783 -37.24783 -37.24783 -37.24783 -37.24783 -37.24783 -37.24783
 -37.24783 -37.24783 -37.24783 -37.24783 -37.24783 -37.24783 -37.24783 -37.24783
 -37.24783 -37.24783 -37.24783 -37.24783 -37.24783 -37.24783 -37.24783 -37.24783
 -37.24783 -37.24783
 -31.68939 -31.68939 -31.68939 -31.68939 -31.68939 -31.68939 -31.68939 -31.68939
 -31.68939 -31.68939 -31.68939 -31.68939 -31.68939 -31.68939 -31.68939 -31.68939
 -31.68939 -31.68939 -31.68939 -31.68939 -31.68939 -31.68939 -31.68939 -31.68939
 -31.68939 -31.68939
 -27.26462 -27.26462 -27.26462 -27.26462 -27.26462 -27.26462 -27.26462 -27.26462
 -27.26462 -27.26462 -27.26462 -27.26462 -27.26462 -27.26462 -27.26462 -27.26462
 -27.26462 -27.26462 -27.26462 -27.26462 -27.26462 -27.26462 -27.26462 -27.26462
 -27.26462 -27.26462
 -23.74048 -23.74048 -23.74048 -23.74048 -23.74048 -23.74048 -23.74048 -23.74048
 -23.74048 -23.74048 -23.74048 -23.74048 -23.74048 -23.74048 -23.74048 -23.74048
 -23.74048 -23.74048 -23.74048 -23.74048 -23.74048 -23.74048 -23.74048 -23.74048
 -23.74048 -23.74048
 -20.93199 -20.93199 -20.93199 -20.93199 -20.93199 -20.93199 -20.93199 -20.93199
 -20.93199 -20.93199 -20.93199 -20.93199 -20.93199 -20.93199 -20.93199 -20.93199
 -20.93199 -20.93199 -20.93199 -20.93199 -20.93199 -20.93199 -20.93199 -20.93199
 -20.93199 -20.93199
 -18.69225 -18.69225 -18.69225 -18.69225 -18.69225 -18.69225 -18.69225 -18.69225
 -18.69225 -18.69225 -18.69225 -18.69225 -18.69225 -18.69225 -18.69225 -18.69225
 -18.69225 -18.69225 -18.69225 -18.69225 -18.69225 -18.69225 -18.69225 -18.69225
 -18.69225 -18.69225
 -16.90456 -16.90456 -16.90456 -16.90456 -16.90456 -16.90456 -16.90456 -16.90456
 -16.90456 -16.90456 -16.90456 -16.90456 -16.90456 -16.90456 -16.90456 -16.90456
 -16.90456 -16.90456 -16.90456 -16.90456 -16.90456 -16.90456 -16.90456 -16.90456
 -16.90456 -16.90456
 -15.47632 -15.47632 -15.47632 -15.47632 -15.47632 -15.47632 -15.47632 -15.47632
 -15.47632 -15.47632 -15.47632 -15.47632 -15.47632 -15.47632 -15.47632 -15.47632
 -15.47632 -15.47632 -15.47632 -15.47632 -15.47632 -15.47632 -15.47632 -15.47632
 -15.47632 -15.47632
 -14.33407 -14.33407 -14.33407 -14.33407 -14.33407 -14.33407 -14.33407 -14.33407
 -14.33407 -14.33407 -14.33407 -14.33407 -14.33407 -14.33407 -14.33407 -14.33407
 -14.33407 -14.33407 -14.33407 -14.33407 -14.33407 -14.33407 -14.33407 -14.33407
 -14.33407 -14.33407
 -13.41947 -13.41947 -13.41947 -13.41947 -13.41947 -13.41947 -13.41947 -13.41947
 -13.41947 -13.41947 -13.41947 -13.41947 -13.41947 -13.41947 -13.41947 -13.41947
 -13.41947 -13.41947 -13.41947 -13.41947 -13.41947 -13.41947 -13.41947 -13.41947
 -13.41947 -13.41947
 -12.68629 -12.68629 -12.68629 -12.68629 -12.68629 -12.68629 -12.68629 -12.68629
 -12.68629 -12.68629 -12.68629 -12.68629 -12.68629 -12.68629 -12.68629 -12.68629
 -12.68629 -12.68629 -12.68629 -12.68629 -12.68629 -12.68629 -12.68629 -12.68629
 -12.68629 -12.68629
 -12.09784 -12.09784 -12.09784 -12.09784 -12.09784 -12.09784 -12.09784 -12.09784
 -12.09784 -12.09784 -12.09784 -12.09784 -12.09784 -12.09784 -12.09784 -12.09784
 -12.09784 -12.09784 -12.09784 -12.09784 -12.09784 -12.09784 -12.09784 -12.09784
 -12.09784 -12.09784
 -11.62503 -11.62503 -11.62503 -11.62503 -11.62503 -11.62503 -11.62503 -11.62503
 -11.62503 -11.62503 -11.62503 -11.62503 -11.62503 -11.62503 -11.62503 -11.62503
 -11.62503 -11.62503 -11.62503 -11.62503 -11.62503 -11.62503 -11.62503 -11.62503
 -11.62503 -11.62503
 -11.24478 -11.24478 -11.24478 -11.24478 -11.24478 -11.24478 -11.24478 -11.24478
 -11.24478 -11.24478 -11.24478 -11.24478 -11.24478 -11.24478 -11.24478 -11.24478
 -11.24478 -11.24478 -11.24478 -11.24478 -11.24478 -11.24478 -11.24478 -11.24478
 -11.24478 -11.24478
 -10.93876 -10.93876 -10.93876 -10.93876 -10.93876 -10.93876 -10.93876 -10.93876
 -10.93876 -10.93876 -10.93876 -10.93876 -10.93876 -10.93876 -10.93876 -10.93876
 -10.93876 -10.93876 -10.93876 -10.93876 -10.93876 -10.93876 -10.93876 -10.93876
 -10.93876 -10.93876
 -10.69236 -10.69236 -10.69236 -10.69236 -10.69236 -10.69236 -10.69236 -10.69236
 -10.69236 -10.69236 -10.69236 -10.69236 -10.69236 -10.69236 -10.69236 -10.69236
 -10.69236 -10.69236 -10.69236 -10.69236 -10.69236 -10.69236 -10.69236 -10.69236
 -10.69236 -10.69236
 -10.49395 -10.49395 -10.49395 -10.49395 -10.49395 -10.49395 -10.49395 -10.49395
 -10.49395 -10.49395 -10.49395 -10.49395 -10.49395 -10.49395 -10.49395 -10.49395
 -10.49395 -10.49395 -10.49395 -10.49395 -10.49395 -10.49395 -10.49395 -10.49395
 -10.49395 -10.49395
 -10.33422 -10.33422 -10.33422 -10.33422 -10.33422 -10.33422 -10.33422 -10.33422
 -10.33422 -10.33422 -10.33422 -10.33422 -10.33422 -10.33422 -10.33422 -10.33422
 -10.33422 -10.33422 -10.33422 -10.33422 -10.33422 -10.33422 -10.33422 -10.33422
 -10.33422 -10.33422
 -10.20575 -10.20575 -10.20575 -10.20575 -10.20575 -10.20575 -10.20575 -10.20575
 -10.20575 -10.20575 -10.20575 -10.20575 -10.20575 -10.20575 -10.20575 -10.20575
 -10.20575 -10.20575 -10.20575 -10.20575 -10.20575 -10.20575 -10.20575 -10.20575
 -10.20575 -10.20575
 -10.10259 -10.10259 -10.10259 -10.10259 -10.10259 -10.10259 -10.10259 -10.10259
 -10.10259 -10.10259 -10.10259 -10.10259 -10.10259 -10.10259 -10.10259 -10.10259
 -10.10259 -10.10259 -10.10259 -10.10259 -10.10259 -10.10259 -10.10259 -10.10259
 -10.10259 -10.10259
 -10.02002 -10.02002 -10.02002 -10.02002 -10.02002 -10.02002 -10.02002 -10.02002
 -10.02002 -10.02002 -10.02002 -10.02002 -10.02002 -10.02002 -10.02002 -10.02002
 -10.02002 -10.02002 -10.02002 -10.02002 -10.02002 -10.02002 -10.02002 -10.02002
 -10.02002 -10.02002
  -9.95432  -9.95432  -9.95432  -9.95432  -9.95432  -9.95432  -9.95432  -9.95432
  -9.95432  -9.95432  -9.95432  -9.95432  -9.95432  -9.95432  -9.95432  -9.95432
  -9.95432  -9.95432  -9.95432  -9.95432  -9.95432  -9.95432  -9.95432  -9.95432
  -9.95432  -9.95432
  -9.90256  -9.90256  -9.90256  -9.90256  -9.90256  -9.90256  -9.90256  -9.90256
  -9.90256  -9.90256  -9.90256  -9.90256  -9.90256  -9.90256  -9.90256  -9.90256
  -9.90256  -9.90256  -9.90256  -9.90256  -9.90256  -9.90256  -9.90256  -9.90256
  -9.90256  -9.90256
  -9.86244  -9.86244  -9.86244  -9.86244  -9.86244  -9.86244  -9.86244  -9.86244
  -9.86244  -9.86244  -9.86244  -9.86244  -9.86244  -9.86244  -9.86244  -9.86244
  -9.86244  -9.86244  -9.86244  -9.86244  -9.86244  -9.86244  -9.86244  -9.86244
  -9.86244  -9.86244
  -9.83214  -9.83214  -9.83214  -9.83214  -9.83214  -9.83214  -9.83214  -9.83214
  -9.83214  -9.83214  -9.83214  -9.83214  -9.83214  -9.83214  -9.83214  -9.83214
  -9.83214  -9.83214  -9.83214  -9.83214  -9.83214  -9.83214  -9.83214  -9.83214
  -9.83214  -9.83214
  -9.81022  -9.81022  -9.81022  -9.81022  -9.81022  -9.81022  -9.81022  -9.81022
  -9.81022  -9.81022  -9.81022  -9.81022  -9.81022  -9.81022  -9.81022  -9.81022
  -9.81022  -9.81022  -9.81022  -9.81022  -9.81022  -9.81022  -9.81022  -9.81022
  -9.81022  -9.81022
  -9.79550  -9.79550  -9.79550  -9.79550  -9.79550  -9.79550  -9.79550  -9.79550
  -9.79550  -9.79550  -9.79550  -9.79550  -9.79550  -9.79550  -9.79550  -9.79550
  -9.79550  -9.79550  -9.79550  -9.79550  -9.79550  -9.79550  -9.79550  -9.79550
  -9.79550  -9.79550
  -9.78702  -9.78702  -9.78702  -9.78702  -9.78702  -9.78702  -9.78702  -9.78702
  -9.78702  -9.78702  -9.78702  -9.78702  -9.78702  -9.78702  -9.78702  -9.78702
  -9.78702  -9.78702  -9.78702  -9.78702  -9.78702  -9.78702  -9.78702  -9.78702
  -9.78702  -9.78702
  -9.78395  -9.78395  -9.78395  -9.78395  -9.78395  -9.78395  -9.78395  -9.78395
  -9.78395  -9.78395  -9.78395  -9.78395  -9.78395  -9.78395  -9.78395  -9.78395
  -9.78395  -9.78395  -9.78395  -9.78395  -9.78395  -9.78395  -9.78395  -9.78395
  -9.78395  -9.78395
  -9.78560  -9.78560  -9.78560  -9.78560  -9.78560  -9.78560  -9.78560  -9.78560
  -9.78560  -9.78560  -9.78560  -9.78560  -9.78560  -9.78560  -9.78560  -9.78560
  -9.78560  -9.78560  -9.78560  -9.78560  -9.78560  -9.78560  -9.78560  -9.78560
  -9.78560  -9.78560
  -9.79138  -9.79138  -9.79138  -9.79138  -9.79138  -9.79138  -9.79138  -9.79138
  -9.79138  -9.79138  -9.79138  -9.79138  -9.79138  -9.79138  -9.79138  -9.79138
  -9.79138  -9.79138  -9.79138  -9.79138  -9.79138  -9.79138  -9.79138  -9.79138
  -9.79138  -9.79138
  -9.80078  -9.80078  -9.80078  -9.80078  -9.80078  -9.80078  -9.80078  -9.80078
  -9.80078  -9.80078  -9.80078  -9.80078  -9.80078  -9.80078  -9.80078  -9.80078
  -9.80078  -9.80078  -9.80078  -9.80078  -9.80078  -9.80078  -9.80078  -9.80078
  -9.80078  -9.80078
  -9.81336  -9.81336  -9.81336  -9.81336  -9.81336  -9.81336  -9.81336  -9.81336
  -9.81336  -9.81336  -9.81336  -9.81336  -9.81336  -9.81336  -9.81336  -9.81336
  -9.81336  -9.81336  -9.81336  -9.81336  -9.81336  -9.81336  -9.81336  -9.81336
  -9.81336  -9.81336
  -9.82872  -9.82872  -9.82872  -9.82872  -9.82872  -9.82872  -9.82872  -9.82872
  -9.82872  -9.82872  -9.82872  -9.82872  -9.82872  -9.82872  -9.82872  -9.82872
  -9.82872  -9.82872  -9.82872  -9.82872  -9.82872  -9.82872  -9.82872  -9.82872
  -9.82872  -9.82872
  -9.84654  -9.84654  -9.84654  -9.84654  -9.84654  -9.84654  -9.84654  -9.84654
  -9.84654  -9.84654  -9.84654  -9.84654  -9.84654  -9.84654  -9.84654  -9.84654
  -9.84654  -9.84654  -9.84654  -9.84654  -9.84654  -9.84654  -9.84654  -9.84654
  -9.84654  -9.84654
  -9.86654  -9.86654  -9.86654  -9.86654  -9.86654  -9.86654  -9.86654  -9.86654
  -9.86654  -9.86654  -9.86654  -9.86654  -9.86654  -9.86654  -9.86654  -9.86654
  -9.86654  -9.86654  -9.86654  -9.86654  -9.86654  -9.86654  -9.86654  -9.86654
  -9.86654  -9.86654
  -9.88846  -9.88846  -9.88846  -9.88846  -9.88846  -9.88846  -9.88846  -9.88846
  -9.88846  -9.88846  -9.88846  -9.88846  -9.88846  -9.88846  -9.88846  -9.88846
  -9.88846  -9.88846  -9.88846  -9.88846  -9.88846  -9.88846  -9.88846  -9.88846
  -9.88846  -9.88846
  -9.91209  -9.91209  -9.91209  -9.91209  -9.91209  -9.91209  -9.91209  -9.91209
  -9.91209  -9.91209  -9.91209  -9.91209  -9.91209  -9.91209  -9.91209  -9.91209
  -9.91209  -9.91209  -9.91209  -9.91209  -9.91209  -9.91209  -9.91209  -9.91209
  -9.91209  -9.91209
  -9.93726  -9.93726  -9.93726  -9.93726  -9.93726  -9.93726  -9.93726  -9.93726
  -9.93726  -9.93726  -9.93726  -9.93726  -9.93726  -9.93726  -9.93726  -9.93726
  -9.93726  -9.93726  -9.93726  -9.93726  -9.93726  -9.93726  -9.93726  -9.93726
  -9.93726  -9.93726
 
C---------------------------------------------------------------------------------
C ADAS ADF11 DATA - SCCS info: @(#)$Header: /home/adascvs/adas/adf11/scd89/scd89_c.dat,v 2.1 2004/07/07 00:11:39 whitefor Exp $ Date $Date: 2004/07/07 00:11:39 $
C---------------------------------------------------------------------------------
