  3-Mar-10 11/04/2008
   1100303017               1
  1.379999878e+03
 1380.00              1               0 SNB  10   1 FIX    35   40
  1.085452557e+01 6.600000000e+01-5.390770912e+00-9.938731875e+05
 -1.024966750e+06 6.763196564e+01-3.033473015e+00 2.213653374e+01
  1.600979090e+00 3.153605461e-01 4.691256583e-01 9.079675000e+05
  6.809781647e+01-6.806760430e-01 4.823868275e+00 9.262784719e-01
  4.932338595e-01 1.229427338e+00 1.475431681e+00 1.050801754e+00
  1.017974663e+01 4.976367950e+00 3.531217337e+00-6.642338634e-01
  6.242139053e+01 6.040220261e+01 5.847592545e+01 5.618624115e+01
  5.362708282e+01 5.119032669e+01 4.853874207e+01 4.563325500e+01
  4.260255814e+01 3.934211349e+01
  0.000000000e+00 0.000000000e+00 0.000000000e+00 0.000000000e+00
  0.000000000e+00 0.000000000e+00 0.000000000e+00 0.000000000e+00
  0.000000000e+00 0.000000000e+00
  4.427306747e+01
  0.000000000e+00
  4.264612198e+00 7.209201455e-01 2.205902815e+00 1.146907806e+00
  7.298574448e-01 5.873866081e+00-5.000000000e+01-5.000000000e+01
 -5.000000000e+01 1.009962484e-01 2.202564209e+03 1.389149219e+05
  2.589062788e-03 1.208725452e+00 9.121062160e-01-6.523673423e-03
  1.304378748e+00 6.506848145e+01 0.000000000e+00 0.000000000e+00
  5.724715042e+01-3.847359848e+01 5.570461655e+01 4.098288345e+01
  9.516082764e+00-5.000000000e+01-5.269658566e+00-5.131326675e+00
  6.622522831e+00 1.765621567e+01 2.048821831e+01 1.050801754e+00
  6.933702087e+01-5.129613876e-01-1.302841119e-02 1.211080475e+02
  4.687879682e-01 8.803697824e-01 1.320299531e+05-6.778738927e-03
 -1.119092822e+00 1.151056366e+02 1.056453228e+00 0.000000000e+00
    26   40   15    3
  1.214695498e-01 1.221947744e-01 1.225768849e-01 1.239837706e-01
  1.163751334e-01 1.008582860e-01 8.821530640e-02 1.054315045e-01
  1.193110496e-01 1.651456654e-01 2.594326735e-01 3.070780635e-01
  2.237029523e-01 1.972456723e-01 2.228850126e-01 3.086347878e-01
  2.676683068e-01 1.687841713e-01 1.232113093e-01 9.738116711e-02
  6.126673892e-02 8.054400235e-02 1.134449542e-01 1.260605156e-01
  1.251882166e-01 1.234415323e-01-1.099451423e+00-8.349746466e-01
 -5.161712170e-01-3.800852299e-01 2.603613734e-01 6.724206358e-02
  2.584465146e-01 2.114390135e-01-5.213674307e-01-6.727903485e-01
 -9.692612886e-01-2.992745936e-01-4.152042270e-01-4.142104089e-01
 -2.838659286e-01-9.943156242e-01-7.435726523e-01-6.491373777e-01
  2.399674654e-01 2.513975203e-01 4.537146389e-01 6.096234322e-01
 -6.178180575e-01-7.026793361e-01-9.063901901e-01-1.130554438e+00
 -8.384478688e-01-8.205967546e-01-7.842557430e-01-7.471937537e-01
 -7.175859809e-01-6.944910288e-01-6.788608432e-01-6.818442345e-01
 -7.000814080e-01-7.264831662e-01-7.593154907e-01-8.021427393e-01
 -8.463000059e-01-8.723192811e-01
  2.180735250e+06 3.216553125e+05 4.419800312e+05 6.845091406e+04
 -1.253931875e+05-1.922894688e+05-1.455770938e+05 6.030448750e+05
  5.987994375e+05 2.129587656e+05 2.027702812e+05-1.074130566e+04
  1.188015527e+04-7.510471875e+04-7.510675000e+04
  1.686290234e+04 1.196226758e+04 1.638798242e+04
  0.000000000e+00 4.683499908e+01-4.425064468e+01 6.112071991e+01
 -4.518989182e+01 0.000000000e+00 0.000000000e+00 0.000000000e+00
  0.000000000e+00 0.000000000e+00 2.950174713e+01 0.000000000e+00
  5.492477491e-02 5.855236948e-02-9.729186893e-01 1.011273116e-01
 -7.757869363e-01 0.000000000e+00 9.990000000e+02 2.901124477e+00
  8.130293846e+00 9.121062160e-01 0.000000000e+00 1.666568667e-01
  4.135897160e+00 4.724548817e+00 4.536948204e+00 0.000000000e+00
 -5.751703307e-02-4.967120290e-02 4.549543262e-01 8.976849914e-01
  7.316826344e+00 4.297262669e+00 4.297262669e+00 6.359926224e+00
 -1.567505479e+00-8.900000000e+01 3.182223082e+00 2.312245607e+00
  1.387565017e+00 5.102238846e+01 4.327999878e+01 4.683499908e+01
 -4.425064468e+01 5.726122665e+01 4.327999878e+01 6.112071991e+01
 -4.518989182e+01 1.391501074e+04-4.590178490e+00-8.900000000e+01
  4.462472439e+00-8.900000000e+01 0.000000000e+00 0.000000000e+00
 001012 4-Nov-2008 13:07:461100303017.01380 MAG
