$..
$----------------------------------------
$..
$..          BULK DATA CARDS
$..
BEGIN BULK
$..
$----------------------------------------
$..
$..          NODES
$..
GRID*                  1                  7690.675485320 -2045.948699731       1
*      1  2457.308824341
GRID*                  2                  7690.770310856 -2045.250300183       2
*      2  2457.295806217
GRID*                  3                  7677.328297512 -2043.542955606       3
*      3  2450.978656825
GRID*                  4                  8037.422491577 -2139.572002667       4
*      4  1694.175831202
GRID*                  5                  8010.639234042 -2134.744494026       5
*      5  1681.473342162
GRID*                  6                  7663.892283228 -2041.121201084       6
*      6  2444.606361597
GRID*                  7                  8141.901771510 -1466.099754952       7
*      7  1687.615528618
GRID*                  8                  8168.046753528 -1473.645474444       8
*      8  1700.244940029
GRID*                  9                  7816.992545118 -1411.745145810       9
*      9  2463.969247452
GRID*                 10                  7790.847563099 -1404.199426318      10
*     10  2451.339836041
GRID*                 11                  8019.077936642 -2073.312161630      11
*     11  1680.373155230
GRID*                 12                  8028.063620047 -2011.972457702      12
*     12  1679.531901586
GRID*                 13                  8037.451534080 -1950.549288668      13
*     13  1678.868772739
GRID*                 14                  8047.023234843 -1889.241854408      14
*     14  1678.299503843
GRID*                 15                  8056.666663539 -1827.945328887      15
*     15  1677.764089633
GRID*                 16                  8066.293152105 -1766.646184804      16
*     16  1677.220676471
GRID*                 17                  8078.928833534 -1705.900665527      17
*     17  1678.105343266
GRID*                 18                  8094.611547617 -1645.909134022      18
*     18  1680.451723034
GRID*                 19                  8110.252420557 -1586.004832391      19
*     19  1682.785940098
GRID*                 20                  8125.984477687 -1526.025966233      20
*     20  1685.156027470
GRID*                 21                  8045.822535120 -2078.356733388      21
*     21  1693.075467312
GRID*                 22                  8054.767653909 -2017.214556872      22
*     22  1692.231577419
GRID*                 23                  8064.097654380 -1956.127397403      23
*     23  1691.569061755
GRID*                 24                  8073.626824434 -1895.070494715      24
*     24  1691.000548894
GRID*                 25                  8083.230070511 -1834.024824096      25
*     25  1690.466996250
GRID*                 26                  8092.818903750 -1772.976925123      26
*     26  1689.926637979
GRID*                 27                  8105.190514794 -1713.003093945      27
*     27  1690.752467740
GRID*                 28                  8120.860132570 -1653.060904008      28
*     28  1693.096826811
GRID*                 29                  8136.470297177 -1593.274272382      29
*     29  1695.426465683
GRID*                 30                  8152.194453892 -1533.326309073      30
*     30  1697.795426237
GRID*                 31                  7775.677863328 -1461.289665732      31
*     31  2448.994117375
GRID*                 32                  7760.680779502 -1518.434120195      32
*     32  2446.732137675
GRID*                 33                  7745.756371572 -1575.584128526      33
*     33  2444.504014387
GRID*                 34                  7730.828666882 -1632.718470759      34
*     34  2442.273105961
GRID*                 35                  7717.486964732 -1690.366897936      35
*     35  2440.812887805
GRID*                 36                  7708.326740088 -1748.792782350      36
*     36  2441.337744787
GRID*                 37                  7699.132627758 -1807.213456481      37
*     37  2441.846602627
GRID*                 38                  7689.973962222 -1865.639527750      38
*     38  2442.372191415
GRID*                 39                  7679.285345632 -1935.000810141      39
*     39  2443.080827153
GRID*                 40                  7669.105017913 -2003.828364234      40
*     40  2443.979844406
GRID*                 41                  7985.871554844 -2128.057105554      41
*     41  1735.982920668
GRID*                 42                  7961.103910421 -2121.369726471      42
*     42  1790.492422640
GRID*                 43                  7936.336265999 -2114.682347388      43
*     43  1845.001924612
GRID*                 44                  7911.568621576 -2107.994968304      44
*     44  1899.511426584
GRID*                 45                  7886.800977153 -2101.307589221      45
*     45  1954.020928557
GRID*                 46                  7862.033332730 -2094.620210138      46
*     46  2008.530430529
GRID*                 47                  7837.252105461 -2087.929163623      47
*     47  2063.069826105
GRID*                 48                  7812.470690468 -2081.238066422      48
*     48  2117.609634833
GRID*                 49                  7787.580811065 -2074.517683326      49
*     49  2172.388155843
GRID*                 50                  7762.574590548 -2067.765887589      50
*     50  2227.422724464
GRID*                 51                  7737.306648534 -2060.943425832      51
*     51  2283.033298952
GRID*                 52                  7706.464982903 -2052.616032798      52
*     52  2350.910720189
GRID*                 53                  7678.903743486 -2045.174370085      53
*     53  2411.568464169
GRID*                 54                  7801.861516922 -1468.689895551      54
*     54  2461.629512570
GRID*                 55                  7786.876737267 -1525.787409160      55
*     55  2459.369384030
GRID*                 56                  7771.989142720 -1582.796455994      56
*     56  2457.146757399
GRID*                 57                  7757.200504410 -1639.399728836      57
*     57  2454.936728847
GRID*                 58                  7744.062973290 -1696.380998067      58
*     58  2453.516286567
GRID*                 59                  7734.950143012 -1754.492287359      59
*     59  2454.037430757
GRID*                 60                  7725.805469738 -1812.598680243      60
*     60  2454.543541109
GRID*                 61                  7716.697523243 -1870.710651425      61
*     61  2455.066985449
GRID*                 62                  7706.376539397 -1937.678308083      62
*     62  2455.750602739
GRID*                 63                  7695.476699871 -2011.471942722      63
*     63  2456.721392448
GRID*                 64                  7704.287864941 -2049.624105483      64
*     64  2427.350221045
GRID*                 65                  7735.329203504 -2058.005411136      65
*     65  2359.033352607
GRID*                 66                  7764.232449521 -2065.809421866      66
*     66  2295.422073355
GRID*                 67                  7789.473140491 -2072.624525716      67
*     67  2239.871473922
GRID*                 68                  7814.379183045 -2079.349272937      68
*     68  2185.057380481
GRID*                 69                  7839.281333601 -2086.072969301      69
*     69  2130.251852687
GRID*                 70                  7864.048981005 -2092.760349190      70
*     70  2075.742344152
GRID*                 71                  7888.816625052 -2099.447728171      71
*     71  2021.232843008
GRID*                 72                  7913.584269099 -2106.135107153      72
*     72  1966.723341863
GRID*                 73                  7938.351913146 -2112.822486134      73
*     73  1912.213840719
GRID*                 74                  7963.119557192 -2119.509865116      74
*     74  1857.704339575
GRID*                 75                  7987.887201239 -2126.197244098      75
*     75  1803.194838430
GRID*                 76                  8012.654845286 -2132.884623079      76
*     76  1748.685337286
GRID*                 77                  8116.826502165 -1461.678308418      77
*     77  1742.167196865
GRID*                 78                  8091.751200062 -1457.256856108      78
*     78  1796.718936376
GRID*                 79                  8066.675897960 -1452.835403798      79
*     79  1851.270675888
GRID*                 80                  8041.600595857 -1448.413951488      80
*     80  1905.822415399
GRID*                 81                  8016.525293755 -1443.992499177      81
*     81  1960.374154911
GRID*                 82                  7991.449991653 -1439.571046867      82
*     82  2014.925894422
GRID*                 83                  7966.374689550 -1435.149594557      83
*     83  2069.477633934
GRID*                 84                  7941.299387824 -1430.728142314      84
*     84  2124.029372626
GRID*                 85                  7916.224086099 -1426.306690070      85
*     85  2178.581111318
GRID*                 86                  7891.148784373 -1421.885237826      86
*     86  2233.132850010
GRID*                 87                  7866.073482647 -1417.463785583      87
*     87  2287.684588702
GRID*                 88                  7840.998180921 -1413.042333339      88
*     88  2342.236327394
GRID*                 89                  7815.922879195 -1408.620881095      89
*     89  2396.788066087
GRID*                 90                  8142.971455679 -1469.224022884      90
*     90  1754.796670288
GRID*                 91                  8117.896156527 -1464.802571094      91
*     91  1809.348403381
GRID*                 92                  8092.820857374 -1460.381119304      92
*     92  1863.900136474
GRID*                 93                  8067.745558222 -1455.959667515      93
*     93  1918.451869568
GRID*                 94                  8042.670259070 -1451.538215725      94
*     94  1973.003602661
GRID*                 95                  8017.594959918 -1447.116763935      95
*     95  2027.555335755
GRID*                 96                  7992.519660765 -1442.695312145      96
*     96  2082.107068848
GRID*                 97                  7967.444362138 -1438.273860448      97
*     97  2136.658800800
GRID*                 98                  7942.369063510 -1433.852408750      98
*     98  2191.210532751
GRID*                 99                  7917.293764883 -1429.430957053      99
*     99  2245.762264703
GRID*                100                  7892.218466255 -1425.009505356     100
*    100  2300.313996655
GRID*                101                  7867.143167628 -1420.588053658     101
*    101  2354.865728607
GRID*                102                  7842.067869000 -1416.166601961     102
*    102  2409.417460558
GRID*                103                  7694.255077187 -1991.417388142     103
*    103  2394.190138072
GRID*                104                  7705.481023622 -1930.060665487     104
*    104  2389.068415591
GRID*                105                  7714.851813441 -1870.732670092     105
*    105  2388.023217491
GRID*                106                  7724.015772124 -1811.920897086     106
*    106  2387.609118299
GRID*                107                  7733.184670981 -1753.380839015     107
*    107  2387.192429959
GRID*                108                  7742.303343550 -1694.928486951     108
*    108  2386.764687568
GRID*                109                  7755.638373558 -1637.298562490     109
*    109  2388.179636316
GRID*                110                  7770.609477517 -1580.168209741     110
*    110  2390.318606878
GRID*                111                  7785.598941040 -1522.999677943     111
*    111  2392.422387384
GRID*                112                  7800.665646781 -1465.799320111     112
*    112  2394.571990669
GRID*                113                  7825.662117333 -1470.359916356     113
*    113  2340.101986569
GRID*                114                  7850.684607395 -1474.997552012     114
*    114  2285.532887609
GRID*                115                  7875.739447400 -1479.629973295     115
*    115  2230.899820599
GRID*                116                  7900.805960025 -1484.232109796     116
*    116  2176.260332469
GRID*                117                  7925.870272359 -1488.802249436     117
*    117  2121.644171203
GRID*                118                  7950.945577636 -1493.223699928     118
*    118  2067.092426179
GRID*                119                  7976.020876852 -1497.645149606     119
*    119  2012.540694193
GRID*                120                  8001.096176108 -1502.066599292     120
*    120  1957.988962118
GRID*                121                  8026.172560102 -1506.483931811     121
*    121  1903.437396708
GRID*                122                  8051.248347478 -1510.903552911     122
*    122  1848.885725501
GRID*                123                  8076.049951278 -1516.148844919     123
*    123  1794.418057050
GRID*                124                  8100.981923959 -1521.166951418     124
*    124  1739.813519142
GRID*                125                  8085.245119408 -1580.912444270     125
*    125  1737.586538426
GRID*                126                  8069.457487831 -1640.969572409     126
*    126  1735.467319576
GRID*                127                  8053.726875158 -1701.047247805     127
*    127  1733.171185283
GRID*                128                  8040.909279926 -1762.133366459     128
*    128  1732.455633481
GRID*                129                  8031.360919239 -1823.433507772     129
*    129  1732.833308582
GRID*                130                  8021.877818550 -1884.619867315     130
*    130  1733.064699161
GRID*                131                  8012.468722971 -1945.733437692     131
*    131  1733.350089219
GRID*                132                  8003.208487261 -2006.841860391     132
*    132  1733.834236246
GRID*                133                  7994.311550369 -2067.410571693     133
*    133  1734.691953032
GRID*                134                  7969.588918508 -2061.354640382     134
*    134  1788.963108834
GRID*                135                  7944.919774889 -2055.096531426     135
*    135  1843.180050117
GRID*                136                  7920.284059230 -2048.612540137     136
*    136  1897.392726853
GRID*                137                  7895.733691782 -2042.068678936     137
*    137  1951.443306131
GRID*                138                  7871.099799765 -2035.337694293     138
*    138  2005.727673274
GRID*                139                  7846.421148595 -2028.592292069     139
*    139  2060.113555214
GRID*                140                  7821.625469590 -2021.818774474     140
*    140  2114.758425073
GRID*                141                  7796.754542802 -2015.017862277     141
*    141  2169.573314790
GRID*                142                  7771.748363841 -2008.190205114     142
*    142  2224.685451843
GRID*                143                  7746.353868059 -2001.406047546     143
*    143  2280.611437893
GRID*                144                  7720.888084647 -1994.788762369     144
*    144  2336.641288488
GRID*                145                  7730.568451171 -1935.518363633     145
*    145  2334.167387981
GRID*                146                  7739.850478572 -1876.311494978     146
*    146  2333.262446712
GRID*                147                  7749.018380132 -1817.016350435     147
*    147  2332.992685239
GRID*                148                  7758.134622671 -1758.227288152     148
*    148  2332.768371756
GRID*                149                  7767.199460293 -1699.607325233     149
*    149  2332.509824957
GRID*                150                  7780.503936506 -1641.992405603     150
*    150  2333.904198937
GRID*                151                  7795.474272883 -1584.820481319     151
*    151  2336.069409949
GRID*                152                  7810.532635093 -1527.644737743     152
*    152  2338.034227129
GRID*                153                  7835.510327870 -1532.410839547     153
*    153  2283.484503420
GRID*                154                  7860.547938883 -1537.210447743     154
*    154  2228.791098966
GRID*                155                  7885.579000661 -1542.070622827     155
*    155  2174.076076486
GRID*                156                  7910.637030919 -1546.858014157     156
*    156  2119.347458248
GRID*                157                  7935.708128762 -1551.353056039     157
*    157  2064.761664836
GRID*                158                  7960.758554085 -1555.878774377     158
*    158  2010.200897977
GRID*                159                  7985.792708838 -1560.409184149     159
*    159  1955.671134668
GRID*                160                  8010.938965277 -1564.540857549     160
*    160  1901.140719012
GRID*                161                  8035.593147077 -1570.182381342     161
*    161  1846.752922593
GRID*                162                  8060.334342324 -1575.657181636     162
*    162  1792.281699870
GRID*                163                  8044.561615872 -1635.651215017     163
*    163  1790.167380320
GRID*                164                  8028.716953352 -1695.931844046     164
*    164  1787.991520654
GRID*                165                  8015.785593757 -1757.236830546     165
*    165  1787.263084349
GRID*                166                  8006.008050145 -1818.995109542     166
*    166  1787.978510802
GRID*                167                  7996.810391586 -1880.029845601     167
*    167  1787.654332013
GRID*                168                  7987.613085486 -1940.858351533     168
*    168  1787.580770591
GRID*                169                  7978.494958309 -2001.281697052     169
*    169  1787.968310506
GRID*                170                  7953.910164348 -1995.620106094     170
*    170  1841.860856868
GRID*                171                  7929.418979975 -1989.268304475     171
*    171  1895.767877087
GRID*                172                  7904.935664401 -1982.616820717     172
*    172  1949.751675300
GRID*                173                  7880.533921041 -1976.004678407     173
*    173  2003.551551800
GRID*                174                  7855.923333039 -1969.174095584     174
*    174  2057.863228982
GRID*                175                  7831.141640372 -1962.306082594     175
*    175  2112.550766166
GRID*                176                  7806.150553779 -1955.363311968     176
*    176  2167.706944837
GRID*                177                  7780.956679155 -1948.490562627     177
*    177  2223.272705883
GRID*                178                  7755.811641660 -1941.791383683     178
*    178  2278.681992463
GRID*                179                  7765.065466821 -1882.149882392     179
*    179  2277.960176218
GRID*                180                  7774.166080420 -1822.766790525     180
*    180  2277.856423142
GRID*                181                  7783.210760218 -1763.458132060     181
*    181  2277.952316478
GRID*                182                  7792.269340516 -1704.857697401     182
*    182  2277.702941633
GRID*                183                  7805.452841125 -1646.938223956     183
*    183  2279.309392930
GRID*                184                  7820.430487344 -1589.702259427     184
*    184  2281.497551887
GRID*                185                  7845.445592787 -1594.702388318     185
*    185  2226.734946299
GRID*                186                  7870.499843245 -1599.755455941     186
*    186  2171.860473114
GRID*                187                  7895.536167013 -1604.787145786     187
*    187  2117.035563513
GRID*                188                  7920.568961722 -1609.623126923     188
*    188  2062.331493588
GRID*                189                  7945.551264462 -1614.358030771     189
*    189  2007.790736688
GRID*                190                  7970.429579690 -1619.356444262     190
*    190  1953.312710933
GRID*                191                  7995.390477225 -1623.792374145     191
*    191  1898.989760355
GRID*                192                  8019.911777308 -1629.750509123     192
*    192  1844.695171931
GRID*                193                  8003.994316120 -1690.374254047     193
*    193  1842.473804338
GRID*                194                  7990.971305724 -1751.843219212     194
*    194  1841.575278737
GRID*                195                  7981.419618662 -1813.653377267     195
*    195  1841.797726923
GRID*                196                  7972.210830934 -1874.683830153     196
*    196  1841.497611727
GRID*                197                  7963.033607419 -1935.268172852     197
*    197  1841.454078034
GRID*                198                  7938.639519462 -1929.699847541     198
*    198  1894.927717635
GRID*                199                  7914.346360454 -1923.005835011     199
*    199  1948.546846526
GRID*                200                  7889.892404769 -1916.115022964     200
*    200  2002.570291056
GRID*                201                  7865.423828424 -1909.364273691     201
*    201  2056.580700969
GRID*                202                  7840.642214672 -1902.461557490     202
*    202  2111.303757363
GRID*                203                  7815.459222412 -1895.472188478     203
*    203  2166.905797209
GRID*                204                  7790.323395786 -1888.641977727     204
*    204  2222.357555538
GRID*                205                  7799.440508635 -1828.798259316     205
*    205  2222.360599049
GRID*                206                  7808.419632350 -1769.391060148     206
*    206  2222.627306612
GRID*                207                  7817.361914776 -1710.164882024     207
*    207  2222.829651943
GRID*                208                  7830.408096426 -1652.029497295     208
*    208  2224.616774610
GRID*                209                  7855.478321584 -1657.446902805     209
*    209  2169.496034808
GRID*                210                  7880.547054206 -1662.854709881     210
*    210  2114.383924520
GRID*                211                  7905.512367198 -1668.037338078     211
*    211  2059.617196419
GRID*                212                  7930.312373879 -1673.468731069     212
*    212  2005.048306567
GRID*                213                  7954.979200921 -1678.845246068     213
*    213  1950.787367783
GRID*                214                  7979.498317637 -1684.478496616     214
*    214  1896.683094231
GRID*                215                  7966.501770648 -1745.826148574     215
*    215  1895.357950358
GRID*                216                  7957.119492672 -1807.508718606     216
*    216  1895.266894825
GRID*                217                  7947.810674243 -1868.986068283     217
*    217  1895.032434589
GRID*                218                  7923.621368582 -1862.800414827     218
*    218  1948.278722447
GRID*                219                  7899.308979029 -1855.815478702     219
*    219  2002.044900463
GRID*                220                  7874.728341390 -1849.015968460     220
*    220  2056.319493948
GRID*                221                  7849.813479288 -1842.223578684     221
*    221  2111.299996215
GRID*                222                  7824.744809644 -1835.371731195     222
*    222  2166.625785227
GRID*                223                  7833.679569070 -1775.445763295     223
*    223  2167.154563342
GRID*                224                  7842.546207053 -1715.817114689     224
*    224  2167.650943990
GRID*                225                  7867.753306616 -1721.862626757     225
*    225  2112.297222607
GRID*                226                  7892.819443459 -1727.452154945     226
*    226  2057.388835408
GRID*                227                  7917.525104061 -1733.575909731     227
*    227  2003.072053087
GRID*                228                  7942.041234788 -1739.613319572     228
*    228  1949.184462704
GRID*                229                  7932.790868687 -1801.342538373     229
*    229  1948.803364693
GRID*                230                  7884.002659654 -1788.365150427     230
*    230  2056.362884583
GRID*                231                  7858.965337994 -1781.912019677     231
*    231  2111.493494507
GRID*                232                  7908.517899125 -1794.767908490     232
*    232  2002.354462312
GRID*                233                  8179.469696906 -1408.862743343     233
*    233  1700.244940029
GRID*                234                  7828.415488495 -1346.962414709     234
*    234  2463.969247452
GRID*                235                  7801.266453759 -1345.110961137     235
*    235  2451.339836041
GRID*                236                  8152.320662170 -1407.011289771     236
*    236  1687.615528618
GRID*                237                  7926.476910076  -708.491749261     237
*    237  2457.295806217
GRID*                238                  8284.483328481  -738.420369992     238
*    238  1694.175831202
GRID*                239                  7926.626669933  -707.803036116     239
*    239  2457.308824341
GRID*                240                  7913.261603091  -705.498689031     240
*    240  2450.978656825
GRID*                241                  7899.807590788  -703.179006354     241
*    241  2444.606361597
GRID*                242                  8257.664193818  -733.796330657     242
*    242  1681.473342162
GRID*                243                  7918.858031332  -704.808910280     243
*    243  2403.980957140
GRID*                244                  7950.216459880  -707.491860153     244
*    244  2337.108786772
GRID*                245                  7976.116811492  -709.707830414     245
*    245  2281.876021428
GRID*                246                  8001.837246415  -711.908407446     246
*    246  2227.026930265
GRID*                247                  8027.501909235  -714.104212754     247
*    247  2172.296773684
GRID*                248                  8053.149119354  -716.298524852     248
*    248  2117.603835166
GRID*                249                  8078.726075432  -718.486826187     249
*    249  2063.060714113
GRID*                250                  8104.297028094  -720.674613885     250
*    250  2008.530395406
GRID*                251                  8129.858215452  -722.861566087     251
*    251  1954.020901307
GRID*                252                  8155.419402811  -725.048518290     252
*    252  1899.511407208
GRID*                253                  8180.980590170  -727.235470493     253
*    253  1845.001913110
GRID*                254                  8206.541777529  -729.422422695     254
*    254  1790.492419011
GRID*                255                  8232.102964888  -731.609374898     255
*    255  1735.982924912
GRID*                256                  8157.859279378 -1345.254933717     256
*    256  1685.156023484
GRID*                257                  8163.589960764 -1283.512568432     257
*    257  1682.785936704
GRID*                258                  8169.389819465 -1221.775762664     258
*    258  1680.448098634
GRID*                259                  8175.171201627 -1160.037450711     259
*    259  1678.101645545
GRID*                260                  8184.064749362 -1098.730275576     260
*    260  1677.220677214
GRID*                261                  8195.984349514 -1037.835477165     261
*    261  1677.764090273
GRID*                262                  8207.887135652  -976.937345503     262
*    262  1678.299504425
GRID*                263                  8219.861057730  -916.053482104     263
*    263  1678.868773439
GRID*                264                  8232.047346524  -855.123328270     264
*    264  1679.531907263
GRID*                265                  8244.575894005  -794.443159656     265
*    265  1680.372625482
GRID*                266                  7806.539816844 -1286.251230461     266
*    266  2448.993177239
GRID*                267                  7811.993567169 -1227.404511264     267
*    267  2446.730489987
GRID*                268                  7817.512730972 -1168.628049041     268
*    268  2444.503565126
GRID*                269                  7823.025257760 -1109.845613270     269
*    269  2442.273105328
GRID*                270                  7830.205079430 -1051.110702695     270
*    270  2440.812887756
GRID*                271                  7841.623147658  -992.855251454     271
*    271  2441.339686920
GRID*                272                  7852.983744750  -934.714985090     272
*    272  2441.849404655
GRID*                273                  7864.416612347  -876.396253098     273
*    273  2442.377877567
GRID*                274                  7877.648025095  -809.800406168     274
*    274  2443.062206077
GRID*                275                  7892.116079342  -739.219380849     275
*    275  2443.991969163
GRID*                276                  7833.674635485 -1288.261315499     276
*    276  2461.628911245
GRID*                277                  7839.118283124 -1229.522694350     277
*    277  2459.370341598
GRID*                278                  7844.610534050 -1171.032314870     278
*    278  2457.154233122
GRID*                279                  7850.091808431 -1112.586933622     279
*    279  2454.936726293
GRID*                280                  7857.235320499 -1054.548733083     280
*    280  2453.516287396
GRID*                281                  7868.547294937  -996.825199520     281
*    281  2454.037431650
GRID*                282                  7879.705345314  -939.721134823     282
*    282  2454.538031367
GRID*                283                  7891.076710019  -881.717012417     283
*    283  2455.063733105
GRID*                284                  7902.549769053  -823.886354848     284
*    284  2455.650239183
GRID*                285                  7915.279673021  -761.314822063     285
*    285  2456.430216869
GRID*                286                  7919.281667977  -742.151167695     286
*    286  2456.716551435
GRID*                287                  8271.439930843  -798.816897518     287
*    287  1693.075467206
GRID*                288                  8258.933736685  -859.331162187     288
*    288  1692.231577317
GRID*                289                  8246.808028912  -919.925370183     289
*    289  1691.569061603
GRID*                290                  8234.879828615  -980.559261773     290
*    290  1691.000548734
GRID*                291                  8223.025079518 -1041.207929348     291
*    291  1690.466996113
GRID*                292                  8211.156024589 -1101.853761591     292
*    292  1689.926637855
GRID*                293                  8202.274389404 -1162.387195104     293
*    293  1690.750369681
GRID*                294                  8196.499737287 -1224.051281541     294
*    294  1693.093900285
GRID*                295                  8190.701433623 -1285.772079280     295
*    295  1695.431155684
GRID*                296                  8184.985453405 -1347.359320808     296
*    296  1697.795427139
GRID*                297                  8154.394383624 -1404.441289061     297
*    297  1754.796703860
GRID*                298                  8129.319084472 -1400.019837271     298
*    298  1809.348436953
GRID*                299                  8104.243785320 -1395.598385482     299
*    299  1863.900170046
GRID*                300                  8079.168486168 -1391.176933692     300
*    300  1918.451903140
GRID*                301                  8054.093187015 -1386.755481902     301
*    301  1973.003636233
GRID*                302                  8029.017887863 -1382.334030112     302
*    302  2027.555369327
GRID*                303                  8003.942588711 -1377.912578322     303
*    303  2082.107102420
GRID*                304                  7978.867290083 -1373.491126625     304
*    304  2136.658834372
GRID*                305                  7953.791991456 -1369.069674927     305
*    305  2191.210566323
GRID*                306                  7928.716692828 -1364.648223230     306
*    306  2245.762298275
GRID*                307                  7903.641394201 -1360.226771533     307
*    307  2300.314030227
GRID*                308                  7878.566095573 -1355.805319835     308
*    308  2354.865762179
GRID*                309                  7853.490796946 -1351.383868138     309
*    309  2409.417494130
GRID*                310                  8127.245401745 -1402.589844810     310
*    310  1742.167177459
GRID*                311                  8102.170100176 -1398.168392594     311
*    311  1796.718915810
GRID*                312                  8077.094798607 -1393.746940378     312
*    312  1851.270654161
GRID*                313                  8052.019497038 -1389.325488162     313
*    313  1905.822392512
GRID*                314                  8026.944195469 -1384.904035946     314
*    314  1960.374130862
GRID*                315                  8001.868893900 -1380.482583730     315
*    315  2014.925869213
GRID*                316                  7976.793592331 -1376.061131514     316
*    316  2069.477607564
GRID*                317                  7951.718290072 -1371.639679176     317
*    317  2124.029347417
GRID*                318                  7926.642987813 -1367.218226838     318
*    318  2178.581087270
GRID*                319                  7901.567685553 -1362.796774501     319
*    319  2233.132827122
GRID*                320                  7876.492383294 -1358.375322163     320
*    320  2287.684566975
GRID*                321                  7851.417081035 -1353.953869825     321
*    321  2342.236306828
GRID*                322                  7826.341778776 -1349.532417487     322
*    322  2396.788046681
GRID*                323                  7953.695267050  -710.118958583     323
*    323  2399.584763479
GRID*                324                  7977.749017327  -712.176938184     324
*    324  2348.289894411
GRID*                325                  8003.261617354  -714.359733374     325
*    325  2293.884013297
GRID*                326                  8028.871406790  -716.550843850     326
*    326  2239.270874769
GRID*                327                  8054.432601522  -718.737796684     327
*    327  2184.761364948
GRID*                328                  8079.993796253  -720.924749517     328
*    328  2130.251855127
GRID*                329                  8105.554990985  -723.111702351     329
*    329  2075.742345305
GRID*                330                  8131.116186548  -725.298655255     330
*    330  2021.232833710
GRID*                331                  8156.677382112  -727.485608160     331
*    331  1966.723322115
GRID*                332                  8182.238577675  -729.672561064     332
*    332  1912.213810519
GRID*                333                  8207.799773239  -731.859513969     333
*    333  1857.704298924
GRID*                334                  8233.360968803  -734.046466873     334
*    334  1803.194787329
GRID*                335                  8258.922164366  -736.233419778     335
*    335  1748.685275733
GRID*                336                  7939.407225230  -708.896508933     336
*    336  2430.054159143
GRID*                337                  8219.292393084  -791.485862365     337
*    337  1734.690021160
GRID*                338                  8206.938625792  -851.439116448     338
*    338  1733.831499133
GRID*                339                  8194.752562074  -912.012873521     339
*    339  1733.328142203
GRID*                340                  8182.698207795  -972.600405502     340
*    340  1733.054495300
GRID*                341                  8170.689367359 -1033.391225052     341
*    341  1732.787064263
GRID*                342                  8158.735463319 -1094.248898504     342
*    342  1732.331346004
GRID*                343                  8149.806674123 -1155.736458932     343
*    343  1733.254877695
GRID*                344                  8144.091856644 -1217.610019266     344
*    344  1735.435885830
GRID*                345                  8138.333371309 -1279.357247368     345
*    345  1737.683463408
GRID*                346                  8132.675930879 -1341.020875857     346
*    346  1739.910224319
GRID*                347                  8107.529910378 -1336.925643669     347
*    347  1794.562349285
GRID*                348                  8082.441901645 -1333.070840448     348
*    348  1849.051963145
GRID*                349                  8057.382980633 -1329.480861758     349
*    349  1903.437390376
GRID*                350                  8032.308069905 -1325.055184423     350
*    350  1957.988955424
GRID*                351                  8007.232770687 -1320.633742580     351
*    351  2012.540687092
GRID*                352                  7982.157476635 -1316.212301649     352
*    352  2067.092407519
GRID*                353                  7957.082177111 -1311.790844985     353
*    353  2121.644142179
GRID*                354                  7932.006872350 -1307.369387398     354
*    354  2176.195888233
GRID*                355                  7906.894971316 -1303.101481662     355
*    355  2230.802025981
GRID*                356                  7881.781450858 -1298.849760312     356
*    356  2285.409094198
GRID*                357                  7856.680831734 -1294.622482178     357
*    357  2339.984605858
GRID*                358                  7831.600248659 -1290.465221694     358
*    358  2394.506058656
GRID*                359                  7837.017542931 -1231.489827292     359
*    359  2392.343658559
GRID*                360                  7842.467145336 -1172.639483990     360
*    360  2390.278572376
GRID*                361                  7847.943970451 -1113.856655682     361
*    361  2388.124154529
GRID*                362                  7855.113283956 -1055.196876605     362
*    362  2386.753865007
GRID*                363                  7866.506640569  -997.172892336     363
*    363  2387.234607563
GRID*                364                  7877.912489588  -939.040224712     364
*    364  2387.646031149
GRID*                365                  7889.397995696  -880.708444130     365
*    365  2388.069681158
GRID*                366                  7900.557336648  -823.352055818     366
*    366  2389.110219432
GRID*                367                  7912.566447675  -762.778814239     367
*    367  2390.493528597
GRID*                368                  7938.062376811  -766.306933622     368
*    368  2335.460137802
GRID*                369                  7963.997798797  -768.756286671     369
*    369  2279.989759017
GRID*                370                  7989.954435054  -771.023535087     370
*    370  2224.558397344
GRID*                371                  8015.740803400  -773.148547889     371
*    371  2169.549944113
GRID*                372                  8041.437076464  -775.245878064     372
*    372  2114.744983706
GRID*                373                  8067.055044100  -777.339198146     373
*    373  2060.108176037
GRID*                374                  8092.576624291  -779.431630089     374
*    374  2005.676017837
GRID*                375                  8118.030900922  -781.527141626     375
*    375  1951.385765656
GRID*                376                  8143.335560286  -783.765240440     376
*    376  1897.346379284
GRID*                377                  8168.683295113  -786.127983102     377
*    377  1843.161914829
GRID*                378                  8193.994589388  -788.705919650     378
*    378  1788.957309747
GRID*                379                  8181.826252425  -848.176787946     379
*    379  1787.954609089
GRID*                380                  8169.743304860  -908.040288261     380
*    380  1787.550134813
GRID*                381                  8157.646450193  -968.579352685     381
*    381  1787.388467230
GRID*                382                  8145.552545847 -1029.115666056     382
*    382  1787.406905827
GRID*                383                  8133.514605858 -1090.041770425     383
*    383  1787.098567103
GRID*                384                  8124.551346781 -1151.585541758     384
*    384  1788.149387676
GRID*                385                  8118.852091634 -1213.652990790     385
*    385  1790.264527706
GRID*                386                  8113.125707816 -1275.417440839     386
*    386  1792.440825691
GRID*                387                  8087.995032801 -1271.920259183     387
*    387  1846.960777308
GRID*                388                  8062.917189577 -1268.927464658     388
*    388  1901.285171400
GRID*                389                  8037.849449457 -1265.293334156     389
*    389  1955.692423714
GRID*                390                  8012.823341880 -1260.736576153     390
*    390  2010.160591545
GRID*                391                  7987.744949180 -1256.356828413     391
*    391  2064.712172889
GRID*                392                  7962.649422856 -1252.020921077     392
*    392  2119.293395959
GRID*                393                  7937.522103150 -1247.765922929     393
*    393  2173.929695436
GRID*                394                  7912.362008425 -1243.589214058     394
*    394  2228.623607594
GRID*                395                  7887.205914890 -1239.589578233     395
*    395  2283.280098477
GRID*                396                  7862.084709108 -1235.520366060     396
*    396  2337.873029700
GRID*                397                  7867.515561432 -1176.573241809     397
*    397  2335.864534754
GRID*                398                  7872.977508098 -1117.773028878     398
*    398  2333.744039480
GRID*                399                  7880.268976694 -1059.008170363     399
*    399  2332.290969215
GRID*                400                  7891.647618631 -1001.051955374     400
*    400  2332.772494495
GRID*                401                  7903.155559543  -942.790390877     401
*    401  2333.023407660
GRID*                402                  7914.798978899  -884.129516268     402
*    402  2333.257027527
GRID*                403                  7926.430735521  -825.572865847     403
*    403  2333.832787030
GRID*                404                  7952.264343773  -827.969587157     404
*    404  2278.563913917
GRID*                405                  7978.163106561  -830.249645089     405
*    405  2223.209681486
GRID*                406                  8004.175565455  -832.380589645     406
*    406  2167.682455718
GRID*                407                  8030.074172174  -834.343288454     407
*    407  2112.468454889
GRID*                408                  8055.762290905  -836.297910461     408
*    408  2057.701219536
GRID*                409                  8081.255874142  -838.249526540     409
*    409  2003.345050300
GRID*                410                  8106.462614802  -840.337400575     410
*    410  1949.533010199
GRID*                411                  8131.674908342  -842.539193705     411
*    411  1895.660932370
GRID*                412                  8156.804942497  -845.042718928     412
*    412  1841.830967895
GRID*                413                  8144.786335264  -904.717042598     413
*    413  1841.386066660
GRID*                414                  8132.734351275  -964.674285016     414
*    414  1841.380219964
GRID*                415                  8120.527087240 -1025.007252855     415
*    415  1841.722611645
GRID*                416                  8108.416450498 -1086.218581883     416
*    416  1841.446090924
GRID*                417                  8099.437181634 -1147.997814799     417
*    417  1842.649728930
GRID*                418                  8093.707655079 -1210.148003742     418
*    418  1844.814422471
GRID*                419                  8068.634850877 -1207.159733970     419
*    419  1899.125817134
GRID*                420                  8043.590925569 -1204.257399088     420
*    420  1953.361105622
GRID*                421                  8018.633032360 -1200.138546919     421
*    421  2007.611193295
GRID*                422                  7993.523652913 -1196.275749476     422
*    422  2062.144470348
GRID*                423                  7968.342791842 -1192.243726360     423
*    423  2116.858939142
GRID*                424                  7943.116359470 -1188.234762958     424
*    424  2171.667448019
GRID*                425                  7917.884886337 -1184.353697897     425
*    425  2226.465800047
GRID*                426                  7892.659850822 -1180.467878155     426
*    426  2281.251110291
GRID*                427                  7898.070397721 -1121.578186985     427
*    427  2279.254531442
GRID*                428                  7905.489086150 -1062.761470631     428
*    428  2277.717200783
GRID*                429                  7917.111651293 -1004.444829798     429
*    429  2277.835513334
GRID*                430                  7928.750188168  -945.948352440     430
*    430  2277.910510445
GRID*                431                  7940.492191979  -887.143355221     431
*    431  2278.002935458
GRID*                432                  7966.442605488  -889.696101343     432
*    432  2222.404016117
GRID*                433                  7992.557003416  -891.702501389     433
*    433  2166.692546264
GRID*                434                  8018.753092203  -893.610654278     434
*    434  2110.851837667
GRID*                435                  8044.488185094  -895.441805406     435
*    435  2056.013011744
GRID*                436                  8069.810435206  -897.355672801     436
*    436  2002.007108629
GRID*                437                  8095.067445456  -899.191452391     437
*    437  1948.172189333
GRID*                438                  8120.031406853  -901.407808529     438
*    438  1894.791791000
GRID*                439                  8107.962965869  -961.158592972     439
*    439  1894.912651709
GRID*                440                  8095.726780471 -1021.905083346     440
*    440  1895.143127979
GRID*                441                  8083.452983015 -1083.088519512     441
*    441  1895.218315602
GRID*                442                  8074.489274320 -1144.967808219     442
*    442  1896.702832013
GRID*                443                  8049.548850342 -1142.208434622     443
*    443  1950.695948999
GRID*                444                  8024.620867722 -1139.119509878     444
*    444  2004.715596609
GRID*                445                  7999.522651977 -1135.733261595     445
*    445  2059.148815311
GRID*                446                  7974.196338478 -1132.346875096     446
*    446  2114.071711324
GRID*                447                  7948.828703489 -1128.725514424     447
*    447  2169.121361341
GRID*                448                  7923.401183411 -1125.185762449     448
*    448  2224.286307316
GRID*                449                  7930.911525760 -1066.248315709     449
*    449  2222.830822221
GRID*                450                  7942.740032198 -1007.668008445     450
*    450  2222.624333479
GRID*                451                  7954.564866868  -948.864712821     451
*    451  2222.436625658
GRID*                452                  7980.782211578  -951.168620612     452
*    452  2166.373701000
GRID*                453                  8006.973593772  -953.086135984     453
*    453  2110.527730949
GRID*                454                  8033.191863187  -954.834613447     454
*    454  2054.696491777
GRID*                455                  8058.257901991  -956.806120599     455
*    455  2001.193219633
GRID*                456                  8083.343928803  -958.482808436     456
*    456  1947.772049857
GRID*                457                  8070.996828814 -1019.066317120     457
*    457  1948.305288407
GRID*                458                  8058.499112864 -1080.245583567     458
*    458  1948.849178869
GRID*                459                  8033.500565057 -1077.813496679     459
*    459  2002.400442052
GRID*                460                  8008.178300198 -1075.185862345     460
*    460  2056.714162896
GRID*                461                  7982.560557065 -1072.235910972     461
*    461  2111.784561821
GRID*                462                  7956.736043309 -1069.300734268     462
*    462  2167.283013095
GRID*                463                  7968.725584887 -1010.463066430     463
*    463  2166.842150403
GRID*                464                  7994.944358452 -1012.733793101     464
*    464  2110.789761890
GRID*                465                  8020.780228167 -1014.933436719     465
*    465  2055.571770678
GRID*                466                  8046.248829850 -1016.873072991     466
*    466  2001.234573239
GRID*                467                  7909.654997145  -733.517164603     467
*    467  2451.591755878
$..
$----------------------------------------
$..
$..          ELEMENTS
$..
$..
$----------------------------------------
$..
$..          MESH PART: MSHPartSmartSurf.1
$..
CQUAD4         1       1      10       9     102      89
CQUAD4         2       1     102     101      88      89
CQUAD4         3       1     101     100      87      88
CQUAD4         4       1     100      99      86      87
CQUAD4         5       1      99      98      85      86
CQUAD4         6       1      98      97      84      85
CQUAD4         7       1      97      96      83      84
CQUAD4         8       1      96      95      82      83
CQUAD4         9       1      95      94      81      82
CQUAD4        10       1      94      93      80      81
CQUAD4        11       1      93      92      79      80
CQUAD4        12       1      92      91      78      79
CQUAD4        13       1      91      90      77      78
CQUAD4        14       1      90       8       7      77
CQUAD4        15       1       8      30      20       7
CQUAD4        16       1      30      29      19      20
CQUAD4        17       1      29      28      18      19
CQUAD4        18       1      28      27      17      18
CQUAD4        19       1      27      26      16      17
CQUAD4        20       1      26      25      15      16
CQUAD4        21       1      25      24      14      15
CQUAD4        22       1      24      23      13      14
CQUAD4        23       1      23      22      12      13
CQUAD4        24       1      22      21      11      12
CQUAD4        25       1      21       4       5      11
CTRIA3        26       1       2      63       3
CQUAD4        27       1      63      62      39      40
CQUAD4        28       1       3      63      40       6
CQUAD4        29       1      62      61      38      39
CQUAD4        30       1      61      60      37      38
CQUAD4        31       1      60      59      36      37
CQUAD4        32       1      59      58      35      36
CQUAD4        33       1      58      57      34      35
CQUAD4        34       1      57      56      33      34
CQUAD4        35       1      56      55      32      33
CQUAD4        36       1      55      54      31      32
CQUAD4        37       1      54       9      10      31
CQUAD4        38       1       6      40     103      53
CQUAD4        39       1      40      39     104     103
CQUAD4        40       1      39      38     105     104
CQUAD4        41       1      38      37     106     105
CQUAD4        42       1      37      36     107     106
CQUAD4        43       1      36      35     108     107
CQUAD4        44       1      35      34     109     108
CQUAD4        45       1      34      33     110     109
CQUAD4        46       1      33      32     111     110
CQUAD4        47       1      32      31     112     111
CQUAD4        48       1      31      10      89     112
CQUAD4        49       1      89      88     113     112
CQUAD4        50       1      88      87     114     113
CQUAD4        51       1      87      86     115     114
CQUAD4        52       1      86      85     116     115
CQUAD4        53       1      85      84     117     116
CQUAD4        54       1      84      83     118     117
CQUAD4        55       1      83      82     119     118
CQUAD4        56       1      82      81     120     119
CQUAD4        57       1      81      80     121     120
CQUAD4        58       1      80      79     122     121
CQUAD4        59       1      79      78     123     122
CQUAD4        60       1      78      77     124     123
CQUAD4        61       1      77       7      20     124
CQUAD4        62       1      20      19     125     124
CQUAD4        63       1      19      18     126     125
CQUAD4        64       1      18      17     127     126
CQUAD4        65       1      17      16     128     127
CQUAD4        66       1      16      15     129     128
CQUAD4        67       1      15      14     130     129
CQUAD4        68       1      14      13     131     130
CQUAD4        69       1      13      12     132     131
CQUAD4        70       1      12      11     133     132
CQUAD4        71       1      11       5      41     133
CQUAD4        72       1      41      42     134     133
CQUAD4        73       1      42      43     135     134
CQUAD4        74       1      43      44     136     135
CQUAD4        75       1      44      45     137     136
CQUAD4        76       1      45      46     138     137
CQUAD4        77       1      46      47     139     138
CQUAD4        78       1      47      48     140     139
CQUAD4        79       1      48      49     141     140
CQUAD4        80       1      49      50     142     141
CQUAD4        81       1      50      51     143     142
CQUAD4        82       1      51      52     144     143
CQUAD4        83       1      52      53     103     144
CQUAD4        84       1     103     104     145     144
CQUAD4        85       1     104     105     146     145
CQUAD4        86       1     105     106     147     146
CQUAD4        87       1     106     107     148     147
CQUAD4        88       1     107     108     149     148
CQUAD4        89       1     108     109     150     149
CQUAD4        90       1     109     110     151     150
CQUAD4        91       1     110     111     152     151
CQUAD4        92       1     111     112     113     152
CQUAD4        93       1     113     114     153     152
CQUAD4        94       1     114     115     154     153
CQUAD4        95       1     115     116     155     154
CQUAD4        96       1     116     117     156     155
CQUAD4        97       1     117     118     157     156
CQUAD4        98       1     118     119     158     157
CQUAD4        99       1     119     120     159     158
CQUAD4       100       1     120     121     160     159
CQUAD4       101       1     121     122     161     160
CQUAD4       102       1     122     123     162     161
CQUAD4       103       1     123     124     125     162
CQUAD4       104       1     125     126     163     162
CQUAD4       105       1     126     127     164     163
CQUAD4       106       1     127     128     165     164
CQUAD4       107       1     128     129     166     165
CQUAD4       108       1     129     130     167     166
CQUAD4       109       1     130     131     168     167
CQUAD4       110       1     131     132     169     168
CQUAD4       111       1     132     133     134     169
CQUAD4       112       1     134     135     170     169
CQUAD4       113       1     135     136     171     170
CQUAD4       114       1     136     137     172     171
CQUAD4       115       1     137     138     173     172
CQUAD4       116       1     138     139     174     173
CQUAD4       117       1     139     140     175     174
CQUAD4       118       1     140     141     176     175
CQUAD4       119       1     141     142     177     176
CQUAD4       120       1     142     143     178     177
CQUAD4       121       1     143     144     145     178
CQUAD4       122       1     145     146     179     178
CQUAD4       123       1     146     147     180     179
CQUAD4       124       1     147     148     181     180
CQUAD4       125       1     148     149     182     181
CQUAD4       126       1     149     150     183     182
CQUAD4       127       1     150     151     184     183
CQUAD4       128       1     151     152     153     184
CQUAD4       129       1     153     154     185     184
CQUAD4       130       1     154     155     186     185
CQUAD4       131       1     155     156     187     186
CQUAD4       132       1     156     157     188     187
CQUAD4       133       1     157     158     189     188
CQUAD4       134       1     158     159     190     189
CQUAD4       135       1     159     160     191     190
CQUAD4       136       1     160     161     192     191
CQUAD4       137       1     161     162     163     192
CQUAD4       138       1     163     164     193     192
CQUAD4       139       1     164     165     194     193
CQUAD4       140       1     165     166     195     194
CQUAD4       141       1     166     167     196     195
CQUAD4       142       1     167     168     197     196
CQUAD4       143       1     168     169     170     197
CQUAD4       144       1     170     171     198     197
CQUAD4       145       1     171     172     199     198
CQUAD4       146       1     172     173     200     199
CQUAD4       147       1     173     174     201     200
CQUAD4       148       1     174     175     202     201
CQUAD4       149       1     175     176     203     202
CQUAD4       150       1     176     177     204     203
CQUAD4       151       1     177     178     179     204
CQUAD4       152       1     179     180     205     204
CQUAD4       153       1     180     181     206     205
CQUAD4       154       1     181     182     207     206
CQUAD4       155       1     182     183     208     207
CQUAD4       156       1     183     184     185     208
CQUAD4       157       1     185     186     209     208
CQUAD4       158       1     186     187     210     209
CQUAD4       159       1     187     188     211     210
CQUAD4       160       1     188     189     212     211
CQUAD4       161       1     189     190     213     212
CQUAD4       162       1     190     191     214     213
CQUAD4       163       1     191     192     193     214
CQUAD4       164       1     193     194     215     214
CQUAD4       165       1     194     195     216     215
CQUAD4       166       1     195     196     217     216
CQUAD4       167       1     196     197     198     217
CQUAD4       168       1     198     199     218     217
CQUAD4       169       1     199     200     219     218
CQUAD4       170       1     200     201     220     219
CQUAD4       171       1     201     202     221     220
CQUAD4       172       1     202     203     222     221
CQUAD4       173       1     203     204     205     222
CQUAD4       174       1     205     206     223     222
CQUAD4       175       1     206     207     224     223
CQUAD4       176       1     207     208     209     224
CQUAD4       177       1     209     210     225     224
CQUAD4       178       1     210     211     226     225
CQUAD4       179       1     211     212     227     226
CQUAD4       180       1     212     213     228     227
CQUAD4       181       1     213     214     215     228
CQUAD4       182       1     215     216     229     228
CQUAD4       183       1     216     217     218     229
CQUAD4       184       1     220     221     231     230
CQUAD4       185       1     221     222     223     231
CQUAD4       186       1     223     224     225     231
CQUAD4       187       1     225     226     230     231
CQUAD4       188       1     226     227     232     230
CQUAD4       189       1     227     228     229     232
CQUAD4       190       1     229     218     219     232
CQUAD4       191       1     219     220     230     232
CTRIA3       192       1      64       1       3
CQUAD4       193       1      52      51      66      65
CQUAD4       194       1      51      50      67      66
CQUAD4       195       1      50      49      68      67
CQUAD4       196       1      49      48      69      68
CQUAD4       197       1      48      47      70      69
CQUAD4       198       1      47      46      71      70
CQUAD4       199       1      46      45      72      71
CQUAD4       200       1      45      44      73      72
CQUAD4       201       1      44      43      74      73
CQUAD4       202       1      43      42      75      74
CQUAD4       203       1      42      41      76      75
CQUAD4       204       1      41       5       4      76
CQUAD4       205       1      53      52      65      64
CQUAD4       206       1      53      64       3       6
$..
$----------------------------------------
$..
$..          MESH PART: MSHPartSmartSurf.2
$..
CQUAD4       207       2     323     324     244     243
CQUAD4       208       2     324     325     245     244
CQUAD4       209       2     325     326     246     245
CQUAD4       210       2     326     327     247     246
CQUAD4       211       2     327     328     248     247
CQUAD4       212       2     328     329     249     248
CQUAD4       213       2     329     330     250     249
CQUAD4       214       2     330     331     251     250
CQUAD4       215       2     331     332     252     251
CQUAD4       216       2     332     333     253     252
CQUAD4       217       2     333     334     254     253
CQUAD4       218       2     334     335     255     254
CQUAD4       219       2     335     238     242     255
CQUAD4       220       2     241     240     336     243
CTRIA3       221       2     323     243     336
CTRIA3       222       2     240     239     336
CQUAD4       223       2     242     265     337     255
CQUAD4       224       2     265     264     338     337
CQUAD4       225       2     264     263     339     338
CQUAD4       226       2     263     262     340     339
CQUAD4       227       2     262     261     341     340
CQUAD4       228       2     261     260     342     341
CQUAD4       229       2     260     259     343     342
CQUAD4       230       2     259     258     344     343
CQUAD4       231       2     258     257     345     344
CQUAD4       232       2     257     256     346     345
CQUAD4       233       2     256     236     310     346
CQUAD4       234       2     310     311     347     346
CQUAD4       235       2     311     312     348     347
CQUAD4       236       2     312     313     349     348
CQUAD4       237       2     313     314     350     349
CQUAD4       238       2     314     315     351     350
CQUAD4       239       2     315     316     352     351
CQUAD4       240       2     316     317     353     352
CQUAD4       241       2     317     318     354     353
CQUAD4       242       2     318     319     355     354
CQUAD4       243       2     319     320     356     355
CQUAD4       244       2     320     321     357     356
CQUAD4       245       2     321     322     358     357
CQUAD4       246       2     322     235     266     358
CQUAD4       247       2     266     267     359     358
CQUAD4       248       2     267     268     360     359
CQUAD4       249       2     268     269     361     360
CQUAD4       250       2     269     270     362     361
CQUAD4       251       2     270     271     363     362
CQUAD4       252       2     271     272     364     363
CQUAD4       253       2     272     273     365     364
CQUAD4       254       2     273     274     366     365
CQUAD4       255       2     274     275     367     366
CQUAD4       256       2     275     241     243     367
CQUAD4       257       2     243     244     368     367
CQUAD4       258       2     244     245     369     368
CQUAD4       259       2     245     246     370     369
CQUAD4       260       2     246     247     371     370
CQUAD4       261       2     247     248     372     371
CQUAD4       262       2     248     249     373     372
CQUAD4       263       2     249     250     374     373
CQUAD4       264       2     250     251     375     374
CQUAD4       265       2     251     252     376     375
CQUAD4       266       2     252     253     377     376
CQUAD4       267       2     253     254     378     377
CQUAD4       268       2     254     255     337     378
CQUAD4       269       2     337     338     379     378
CQUAD4       270       2     338     339     380     379
CQUAD4       271       2     339     340     381     380
CQUAD4       272       2     340     341     382     381
CQUAD4       273       2     341     342     383     382
CQUAD4       274       2     342     343     384     383
CQUAD4       275       2     343     344     385     384
CQUAD4       276       2     344     345     386     385
CQUAD4       277       2     345     346     347     386
CQUAD4       278       2     347     348     387     386
CQUAD4       279       2     348     349     388     387
CQUAD4       280       2     349     350     389     388
CQUAD4       281       2     350     351     390     389
CQUAD4       282       2     351     352     391     390
CQUAD4       283       2     352     353     392     391
CQUAD4       284       2     353     354     393     392
CQUAD4       285       2     354     355     394     393
CQUAD4       286       2     355     356     395     394
CQUAD4       287       2     356     357     396     395
CQUAD4       288       2     357     358     359     396
CQUAD4       289       2     359     360     397     396
CQUAD4       290       2     360     361     398     397
CQUAD4       291       2     361     362     399     398
CQUAD4       292       2     362     363     400     399
CQUAD4       293       2     363     364     401     400
CQUAD4       294       2     364     365     402     401
CQUAD4       295       2     365     366     403     402
CQUAD4       296       2     366     367     368     403
CQUAD4       297       2     368     369     404     403
CQUAD4       298       2     369     370     405     404
CQUAD4       299       2     370     371     406     405
CQUAD4       300       2     371     372     407     406
CQUAD4       301       2     372     373     408     407
CQUAD4       302       2     373     374     409     408
CQUAD4       303       2     374     375     410     409
CQUAD4       304       2     375     376     411     410
CQUAD4       305       2     376     377     412     411
CQUAD4       306       2     377     378     379     412
CQUAD4       307       2     379     380     413     412
CQUAD4       308       2     380     381     414     413
CQUAD4       309       2     381     382     415     414
CQUAD4       310       2     382     383     416     415
CQUAD4       311       2     383     384     417     416
CQUAD4       312       2     384     385     418     417
CQUAD4       313       2     385     386     387     418
CQUAD4       314       2     387     388     419     418
CQUAD4       315       2     388     389     420     419
CQUAD4       316       2     389     390     421     420
CQUAD4       317       2     390     391     422     421
CQUAD4       318       2     391     392     423     422
CQUAD4       319       2     392     393     424     423
CQUAD4       320       2     393     394     425     424
CQUAD4       321       2     394     395     426     425
CQUAD4       322       2     395     396     397     426
CQUAD4       323       2     397     398     427     426
CQUAD4       324       2     398     399     428     427
CQUAD4       325       2     399     400     429     428
CQUAD4       326       2     400     401     430     429
CQUAD4       327       2     401     402     431     430
CQUAD4       328       2     402     403     404     431
CQUAD4       329       2     404     405     432     431
CQUAD4       330       2     405     406     433     432
CQUAD4       331       2     406     407     434     433
CQUAD4       332       2     407     408     435     434
CQUAD4       333       2     408     409     436     435
CQUAD4       334       2     409     410     437     436
CQUAD4       335       2     410     411     438     437
CQUAD4       336       2     411     412     413     438
CQUAD4       337       2     413     414     439     438
CQUAD4       338       2     414     415     440     439
CQUAD4       339       2     415     416     441     440
CQUAD4       340       2     416     417     442     441
CQUAD4       341       2     417     418     419     442
CQUAD4       342       2     419     420     443     442
CQUAD4       343       2     420     421     444     443
CQUAD4       344       2     421     422     445     444
CQUAD4       345       2     422     423     446     445
CQUAD4       346       2     423     424     447     446
CQUAD4       347       2     424     425     448     447
CQUAD4       348       2     425     426     427     448
CQUAD4       349       2     427     428     449     448
CQUAD4       350       2     428     429     450     449
CQUAD4       351       2     429     430     451     450
CQUAD4       352       2     430     431     432     451
CQUAD4       353       2     432     433     452     451
CQUAD4       354       2     433     434     453     452
CQUAD4       355       2     434     435     454     453
CQUAD4       356       2     435     436     455     454
CQUAD4       357       2     436     437     456     455
CQUAD4       358       2     437     438     439     456
CQUAD4       359       2     439     440     457     456
CQUAD4       360       2     440     441     458     457
CQUAD4       361       2     441     442     443     458
CQUAD4       362       2     443     444     459     458
CQUAD4       363       2     444     445     460     459
CQUAD4       364       2     445     446     461     460
CQUAD4       365       2     446     447     462     461
CQUAD4       366       2     447     448     449     462
CQUAD4       367       2     449     450     463     462
CQUAD4       368       2     450     451     452     463
CQUAD4       369       2     452     453     464     463
CQUAD4       370       2     453     454     465     464
CQUAD4       371       2     456     457     466     455
CQUAD4       372       2     457     458     459     466
CQUAD4       373       2     459     460     465     466
CQUAD4       374       2     460     461     464     465
CQUAD4       375       2     461     462     463     464
CQUAD4       376       2     465     454     455     466
CQUAD4       377       2     240     241     275     467
CQUAD4       378       2     275     274     284     285
CQUAD4       379       2     274     273     283     284
CQUAD4       380       2     273     272     282     283
CQUAD4       381       2     272     271     281     282
CQUAD4       382       2     271     270     280     281
CQUAD4       383       2     270     269     279     280
CQUAD4       384       2     269     268     278     279
CQUAD4       385       2     268     267     277     278
CQUAD4       386       2     267     266     276     277
CQUAD4       387       2     266     235     234     276
CQUAD4       388       2     237     240     467     286
CQUAD4       389       2     467     275     285     286
CQUAD4       390       2     235     322     309     234
CQUAD4       391       2     322     321     308     309
CQUAD4       392       2     321     320     307     308
CQUAD4       393       2     320     319     306     307
CQUAD4       394       2     319     318     305     306
CQUAD4       395       2     318     317     304     305
CQUAD4       396       2     317     316     303     304
CQUAD4       397       2     316     315     302     303
CQUAD4       398       2     315     314     301     302
CQUAD4       399       2     314     313     300     301
CQUAD4       400       2     313     312     299     300
CQUAD4       401       2     312     311     298     299
CQUAD4       402       2     311     310     297     298
CQUAD4       403       2     310     236     233     297
CQUAD4       404       2     233     236     256     296
CQUAD4       405       2     256     257     295     296
CQUAD4       406       2     257     258     294     295
CQUAD4       407       2     258     259     293     294
CQUAD4       408       2     259     260     292     293
CQUAD4       409       2     260     261     291     292
CQUAD4       410       2     261     262     290     291
CQUAD4       411       2     262     263     289     290
CQUAD4       412       2     263     264     288     289
CQUAD4       413       2     264     265     287     288
CQUAD4       414       2     265     242     238     287
$..
ENDDATA
