    6   24   30    1    6     /CARBON             /GCR PROJECT      
--------------------------------------------------------------------------------
   7.69897   8.00000   8.30103   8.69897   9.00000   9.30103   9.69897  10.00000
  10.30103  10.69897  11.00000  11.30103  11.69897  12.00000  12.30103  12.69897
  13.00000  13.30103  13.69897  14.00000  14.30103  14.69897  15.00000  15.30103
   -.69877   -.52268   -.30083   -.15470    .00020    .17629    .30123    .47732
    .69917    .84530   1.00020   1.17629   1.30123   1.47732   1.69917   1.84530
   2.00020   2.17629   2.30123   2.47732   2.69917   2.84530   3.00020   3.17629
   3.30123   3.47732   3.69917   3.84530   4.00020   4.17629
---------------------/ IGRD= 1  / IPRT= 1  / MH=2.00/ Z1= 1   / DATE= 04/11/99
 -74.00000 -74.00000 -74.00000 -74.00000 -74.00000 -74.00000 -74.00000 -74.00000
 -74.00000 -74.00000 -74.00000 -74.00000 -74.00000 -74.00000 -74.00000 -74.00000
 -74.00000 -74.00000 -74.00000 -74.00000 -74.00000 -74.00000 -74.00000 -74.00000
 -74.00000 -74.00000 -74.00000 -74.00000 -74.00000 -74.00000 -74.00000 -74.00000
 -74.00000 -74.00000 -74.00000 -74.00000 -74.00000 -74.00000 -74.00000 -74.00000
 -74.00000 -74.00000 -74.00000 -74.00000 -74.00000 -74.00000 -74.00000 -74.00000
 -74.00000 -74.00000 -74.00000 -74.00000 -74.00000 -74.00000 -74.00000 -74.00000
 -74.00000 -74.00000 -74.00000 -74.00000 -74.00000 -74.00000 -74.00000 -74.00000
 -74.00000 -74.00000 -74.00000 -74.00000 -74.00000 -74.00000 -74.00000 -74.00000
 -74.00000 -74.00000 -74.00000 -74.00000 -74.00000 -74.00000 -74.00000 -74.00000
 -74.00000 -74.00000 -74.00000 -74.00000 -74.00000 -74.00000 -74.00000 -74.00000
 -74.00000 -74.00000 -74.00000 -74.00000 -74.00000 -74.00000 -74.00000 -74.00000
 -74.00000 -74.00000 -74.00000 -74.00000 -74.00000 -74.00000 -74.00000 -74.00000
 -74.00000 -74.00000 -74.00000 -74.00000 -74.00000 -74.00000 -74.00000 -74.00000
 -74.00000 -74.00000 -74.00000 -74.00000 -74.00000 -74.00000 -74.00000 -74.00000
 -74.00000 -74.00000 -74.00000 -74.00000 -74.00000 -74.00000 -74.00000 -74.00000
 -74.00000 -74.00000 -74.00000 -74.00000 -74.00000 -74.00000 -74.00000 -74.00000
 -74.00000 -74.00000 -74.00000 -74.00000 -74.00000 -74.00000 -74.00000 -74.00000
 -74.00000 -74.00000 -74.00000 -74.00000 -74.00000 -74.00000 -74.00000 -74.00000
 -74.00000 -74.00000 -74.00000 -74.00000 -74.00000 -74.00000 -74.00000 -74.00000
 -74.00000 -74.00000 -74.00000 -74.00000 -74.00000 -74.00000 -74.00000 -74.00000
 -74.00000 -74.00000 -74.00000 -74.00000 -74.00000 -74.00000 -74.00000 -74.00000
 -74.00000 -74.00000 -74.00000 -74.00000 -74.00000 -74.00000 -74.00000 -74.00000
 -74.00000 -74.00000 -74.00000 -74.00000 -74.00000 -74.00000 -74.00000 -74.00000
 -74.00000 -74.00000 -74.00000 -74.00000 -74.00000 -74.00000 -74.00000 -74.00000
 -74.00000 -74.00000 -74.00000 -74.00000 -74.00000 -74.00000 -74.00000 -74.00000
 -74.00000 -74.00000 -74.00000 -74.00000 -74.00000 -74.00000 -74.00000 -74.00000
 -74.00000 -74.00000 -74.00000 -74.00000 -74.00000 -74.00000 -74.00000 -74.00000
 -74.00000 -74.00000 -74.00000 -74.00000 -74.00000 -74.00000 -74.00000 -74.00000
 -74.00000 -74.00000 -74.00000 -74.00000 -74.00000 -74.00000 -74.00000 -74.00000
 -74.00000 -74.00000 -74.00000 -74.00000 -74.00000 -74.00000 -74.00000 -74.00000
 -74.00000 -74.00000 -74.00000 -74.00000 -74.00000 -74.00000 -74.00000 -74.00000
 -74.00000 -74.00000 -74.00000 -74.00000 -74.00000 -74.00000 -74.00000 -74.00000
 -74.00000 -74.00000 -74.00000 -74.00000 -74.00000 -74.00000 -74.00000 -74.00000
 -74.00000 -74.00000 -74.00000 -74.00000 -74.00000 -74.00000 -74.00000 -74.00000
 -74.00000 -74.00000 -74.00000 -74.00000 -74.00000 -74.00000 -74.00000 -74.00000
 -74.00000 -74.00000 -74.00000 -74.00000 -74.00000 -74.00000 -74.00000 -74.00000
 -74.00000 -74.00000 -74.00000 -74.00000 -74.00000 -74.00000 -74.00000 -74.00000
 -74.00000 -74.00000 -74.00000 -74.00000 -74.00000 -74.00000 -74.00000 -74.00000
 -74.00000 -74.00000 -74.00000 -74.00000 -74.00000 -74.00000 -74.00000 -74.00000
 -74.00000 -74.00000 -74.00000 -74.00000 -74.00000 -74.00000 -74.00000 -74.00000
 -74.00000 -74.00000 -74.00000 -74.00000 -74.00000 -74.00000 -74.00000 -74.00000
 -74.00000 -74.00000 -74.00000 -74.00000 -74.00000 -74.00000 -74.00000 -74.00000
 -74.00000 -74.00000 -74.00000 -74.00000 -74.00000 -74.00000 -74.00000 -74.00000
 -74.00000 -74.00000 -74.00000 -74.00000 -74.00000 -74.00000 -74.00000 -74.00000
 -74.00000 -74.00000 -74.00000 -74.00000 -74.00000 -74.00000 -74.00000 -74.00000
 -74.00000 -74.00000 -74.00000 -74.00000 -74.00000 -74.00000 -74.00000 -74.00000
 -74.00000 -74.00000 -74.00000 -74.00000 -74.00000 -74.00000 -74.00000 -74.00000
 -74.00000 -74.00000 -74.00000 -74.00000 -74.00000 -74.00000 -74.00000 -74.00000
 -74.00000 -74.00000 -74.00000 -74.00000 -74.00000 -74.00000 -74.00000 -74.00000
 -74.00000 -74.00000 -74.00000 -74.00000 -74.00000 -74.00000 -74.00000 -74.00000
 -74.00000 -74.00000 -74.00000 -74.00000 -74.00000 -74.00000 -74.00000 -74.00000
 -74.00000 -74.00000 -74.00000 -74.00000 -74.00000 -74.00000 -74.00000 -74.00000
 -74.00000 -74.00000 -74.00000 -74.00000 -74.00000 -74.00000 -74.00000 -74.00000
 -74.00000 -74.00000 -74.00000 -74.00000 -74.00000 -74.00000 -74.00000 -74.00000
 -74.00000 -74.00000 -74.00000 -74.00000 -74.00000 -74.00000 -74.00000 -74.00000
 -74.00000 -74.00000 -74.00000 -74.00000 -74.00000 -74.00000 -74.00000 -74.00000
 -74.00000 -74.00000 -74.00000 -74.00000 -74.00000 -74.00000 -74.00000 -74.00000
 -74.00000 -74.00000 -74.00000 -74.00000 -74.00000 -74.00000 -74.00000 -74.00000
 -74.00000 -74.00000 -74.00000 -74.00000 -74.00000 -74.00000 -74.00000 -74.00000
 -74.00000 -74.00000 -74.00000 -74.00000 -74.00000 -74.00000 -74.00000 -74.00000
 -74.00000 -74.00000 -74.00000 -74.00000 -74.00000 -74.00000 -74.00000 -74.00000
 -74.00000 -74.00000 -74.00000 -74.00000 -74.00000 -74.00000 -74.00000 -74.00000
 -74.00000 -74.00000 -74.00000 -74.00000 -74.00000 -74.00000 -74.00000 -74.00000
 -74.00000 -74.00000 -74.00000 -74.00000 -74.00000 -74.00000 -74.00000 -74.00000
 -74.00000 -74.00000 -74.00000 -74.00000 -74.00000 -74.00000 -74.00000 -74.00000
 -74.00000 -74.00000 -74.00000 -74.00000 -74.00000 -74.00000 -74.00000 -74.00000
 -74.00000 -74.00000 -74.00000 -74.00000 -74.00000 -74.00000 -74.00000 -74.00000
 -74.00000 -74.00000 -74.00000 -74.00000 -74.00000 -74.00000 -74.00000 -74.00000
 -74.00000 -74.00000 -74.00000 -74.00000 -74.00000 -74.00000 -74.00000 -74.00000
 -74.00000 -74.00000 -74.00000 -74.00000 -74.00000 -74.00000 -74.00000 -74.00000
 -74.00000 -74.00000 -74.00000 -74.00000 -74.00000 -74.00000 -74.00000 -74.00000
 -74.00000 -74.00000 -74.00000 -74.00000 -74.00000 -74.00000 -74.00000 -74.00000
 -74.00000 -74.00000 -74.00000 -74.00000 -74.00000 -74.00000 -74.00000 -74.00000
 -74.00000 -74.00000 -74.00000 -74.00000 -74.00000 -74.00000 -74.00000 -74.00000
 -74.00000 -74.00000 -74.00000 -74.00000 -74.00000 -74.00000 -74.00000 -74.00000
 -74.00000 -74.00000 -74.00000 -74.00000 -74.00000 -74.00000 -74.00000 -74.00000
 -74.00000 -74.00000 -74.00000 -74.00000 -74.00000 -74.00000 -74.00000 -74.00000
 -74.00000 -74.00000 -74.00000 -74.00000 -74.00000 -74.00000 -74.00000 -74.00000
 -74.00000 -74.00000 -74.00000 -74.00000 -74.00000 -74.00000 -74.00000 -74.00000
 -74.00000 -74.00000 -74.00000 -74.00000 -74.00000 -74.00000 -74.00000 -74.00000
 -74.00000 -74.00000 -74.00000 -74.00000 -74.00000 -74.00000 -74.00000 -74.00000
 -74.00000 -74.00000 -74.00000 -74.00000 -74.00000 -74.00000 -74.00000 -74.00000
 -74.00000 -74.00000 -74.00000 -74.00000 -74.00000 -74.00000 -74.00000 -74.00000
 -74.00000 -74.00000 -74.00000 -74.00000 -74.00000 -74.00000 -74.00000 -74.00000
 -74.00000 -74.00000 -74.00000 -74.00000 -74.00000 -74.00000 -74.00000 -74.00000
 -74.00000 -74.00000 -74.00000 -74.00000 -74.00000 -74.00000 -74.00000 -74.00000
 -74.00000 -74.00000 -74.00000 -74.00000 -74.00000 -74.00000 -74.00000 -74.00000
 -74.00000 -74.00000 -74.00000 -74.00000 -74.00000 -74.00000 -74.00000 -74.00000
 -74.00000 -74.00000 -74.00000 -74.00000 -74.00000 -74.00000 -74.00000 -74.00000
---------------------/ IGRD= 1  / IPRT= 1  / MH=2.00/ Z1= 2   / DATE= 04/11/99
 -35.43918 -35.43918 -35.43918 -35.43918 -35.43918 -35.43918 -35.43918 -35.43918
 -35.43920 -35.43915 -35.43912 -35.43942 -35.43983 -35.43973 -35.43953 -35.43992
 -35.44128 -35.44396 -35.45158 -35.46390 -35.48731 -35.55106 -35.63977 -35.77704
 -35.37570 -35.37570 -35.37570 -35.37570 -35.37570 -35.37570 -35.37570 -35.37570
 -35.37569 -35.37571 -35.37573 -35.37557 -35.37567 -35.37614 -35.37617 -35.37637
 -35.37764 -35.37975 -35.38570 -35.39579 -35.41514 -35.46873 -35.54556 -35.66873
 -35.14930 -35.14930 -35.14931 -35.14931 -35.14931 -35.14931 -35.14931 -35.14931
 -35.14933 -35.14928 -35.14925 -35.14955 -35.14994 -35.14993 -35.15014 -35.15069
 -35.15129 -35.15273 -35.15761 -35.16590 -35.18187 -35.22585 -35.29004 -35.39670
 -34.58514 -34.58515 -34.58516 -34.58519 -34.58523 -34.58528 -34.58537 -34.58542
 -34.58546 -34.58549 -34.58550 -34.58548 -34.58550 -34.58552 -34.58539 -34.58571
 -34.58683 -34.58835 -34.59271 -34.60014 -34.61347 -34.65231 -34.71142 -34.80882
 -33.39851 -33.39859 -33.39873 -33.39913 -33.39968 -33.40048 -33.40177 -33.40267
 -33.40332 -33.40381 -33.40401 -33.40411 -33.40419 -33.40423 -33.40410 -33.40445
 -33.40548 -33.40649 -33.40979 -33.41643 -33.42863 -33.46228 -33.51325 -33.60098
 -31.79561 -31.79614 -31.79716 -31.79999 -31.80398 -31.81000 -31.82021 -31.82767
 -31.83335 -31.83793 -31.83962 -31.84028 -31.84072 -31.84104 -31.84115 -31.84138
 -31.84205 -31.84308 -31.84627 -31.85184 -31.86200 -31.89040 -31.93414 -32.01039
 -30.86704 -30.86839 -30.87096 -30.87806 -30.88805 -30.90311 -30.92872 -30.94741
 -30.96154 -30.97262 -30.97681 -30.97924 -30.98112 -30.98172 -30.98201 -30.98207
 -30.98233 -30.98334 -30.98620 -30.99065 -30.99940 -31.02472 -31.06355 -31.13119
 -29.98082 -29.98400 -29.99004 -30.00647 -30.02904 -30.06191 -30.11512 -30.15218
 -30.17928 -30.19970 -30.20770 -30.21241 -30.21497 -30.21590 -30.21680 -30.21673
 -30.21661 -30.21771 -30.22008 -30.22352 -30.23110 -30.25082 -30.28057 -30.33581
 -29.10671 -29.11218 -29.12254 -29.15015 -29.18681 -29.23784 -29.31516 -29.36563
 -29.40109 -29.42789 -29.43820 -29.44371 -29.44718 -29.44874 -29.44978 -29.44992
 -29.44985 -29.45006 -29.45052 -29.45188 -29.45570 -29.46718 -29.48640 -29.52604
 -28.59563 -28.60196 -28.61388 -28.64549 -28.68702 -28.74410 -28.82924 -28.88440
 -28.92313 -28.95180 -28.96214 -28.96730 -28.97073 -28.97228 -28.97332 -28.97284
 -28.97213 -28.97236 -28.97274 -28.97294 -28.97286 -28.97683 -28.99041 -29.02235
 -28.13334 -28.13990 -28.15227 -28.18511 -28.22833 -28.28784 -28.37688 -28.43450
 -28.47510 -28.50632 -28.51770 -28.52292 -28.52615 -28.52762 -28.52847 -28.52827
 -28.52870 -28.52948 -28.52823 -28.52582 -28.52313 -28.52118 -28.52580 -28.54783
 -27.69874 -27.70490 -27.71655 -27.74758 -27.78874 -27.84607 -27.93331 -27.99041
 -28.03077 -28.06191 -28.07381 -28.07978 -28.08317 -28.08459 -28.08560 -28.08538
 -28.08486 -28.08422 -28.08067 -28.07674 -28.07095 -28.05803 -28.05187 -28.06320
 -27.43729 -27.44288 -27.45347 -27.48182 -27.51969 -27.57279 -27.65422 -27.70838
 -27.74724 -27.77678 -27.78733 -27.79240 -27.79615 -27.79734 -27.79765 -27.79726
 -27.79639 -27.79537 -27.79111 -27.78606 -27.77797 -27.75930 -27.74759 -27.75232
 -27.11870 -27.12328 -27.13198 -27.15545 -27.18708 -27.23182 -27.30091 -27.34723
 -27.38057 -27.40559 -27.41442 -27.41866 -27.42153 -27.42202 -27.42151 -27.42064
 -27.41985 -27.41800 -27.41250 -27.40565 -27.39436 -27.37045 -27.35268 -27.35086
 -26.77369 -26.77698 -26.78322 -26.80004 -26.82274 -26.85497 -26.90484 -26.93806
 -26.96163 -26.97930 -26.98568 -26.98872 -26.99019 -26.99028 -26.99016 -26.98862
 -26.98594 -26.98349 -26.97766 -26.96844 -26.95532 -26.93086 -26.91128 -26.90453
 -26.57399 -26.57649 -26.58123 -26.59398 -26.61116 -26.63545 -26.67260 -26.69692
 -26.71391 -26.72665 -26.73114 -26.73309 -26.73433 -26.73457 -26.73334 -26.73120
 -26.73049 -26.72867 -26.72253 -26.71433 -26.70174 -26.67692 -26.65708 -26.65024
 -26.38307 -26.38485 -26.38823 -26.39726 -26.40937 -26.42633 -26.45173 -26.46824
 -26.47979 -26.48810 -26.49112 -26.49274 -26.49309 -26.49242 -26.49194 -26.49140
 -26.49038 -26.48857 -26.48339 -26.47592 -26.46438 -26.44126 -26.42202 -26.41396
 -26.19371 -26.19486 -26.19704 -26.20285 -26.21059 -26.22136 -26.23730 -26.24752
 -26.25458 -26.25952 -26.26129 -26.26230 -26.26254 -26.26194 -26.26154 -26.26116
 -26.26008 -26.25833 -26.25436 -26.24827 -26.23742 -26.21565 -26.19775 -26.18871
 -26.07790 -26.07874 -26.08032 -26.08452 -26.09006 -26.09775 -26.10904 -26.11618
 -26.12104 -26.12447 -26.12568 -26.12635 -26.12650 -26.12614 -26.12613 -26.12595
 -26.12487 -26.12342 -26.11967 -26.11381 -26.10477 -26.08463 -26.06546 -26.05517
 -25.93616 -25.93669 -25.93769 -25.94031 -25.94377 -25.94850 -25.95533 -25.95956
 -25.96239 -25.96446 -25.96521 -25.96550 -25.96583 -25.96585 -25.96455 -25.96273
 -25.96252 -25.96129 -25.95773 -25.95337 -25.94502 -25.92584 -25.90832 -25.89734
 -25.76351 -25.76381 -25.76436 -25.76580 -25.76767 -25.77022 -25.77383 -25.77604
 -25.77751 -25.77856 -25.77893 -25.77909 -25.77920 -25.77923 -25.77913 -25.77916
 -25.77918 -25.77825 -25.77534 -25.77128 -25.76371 -25.74604 -25.72883 -25.71589
 -25.65272 -25.65292 -25.65330 -25.65427 -25.65553 -25.65722 -25.65955 -25.66096
 -25.66189 -25.66256 -25.66281 -25.66289 -25.66310 -25.66320 -25.66218 -25.66078
 -25.66089 -25.66055 -25.65771 -25.65321 -25.64629 -25.63018 -25.61309 -25.59899
 -25.53291 -25.53304 -25.53328 -25.53392 -25.53473 -25.53581 -25.53728 -25.53815
 -25.53872 -25.53912 -25.53927 -25.53935 -25.53941 -25.53942 -25.53936 -25.53885
 -25.53807 -25.53733 -25.53559 -25.53224 -25.52561 -25.50940 -25.49231 -25.47681
 -25.39541 -25.39549 -25.39564 -25.39603 -25.39653 -25.39719 -25.39807 -25.39859
 -25.39893 -25.39915 -25.39922 -25.39940 -25.39909 -25.39888 -25.40098 -25.40285
 -25.40060 -25.39901 -25.39882 -25.39728 -25.39101 -25.37403 -25.35654 -25.33932
 -25.29786 -25.29792 -25.29803 -25.29831 -25.29866 -25.29913 -25.29974 -25.30010
 -25.30035 -25.30048 -25.30051 -25.30077 -25.30022 -25.29985 -25.30348 -25.30703
 -25.30375 -25.30155 -25.30244 -25.30218 -25.29616 -25.27864 -25.26086 -25.24241
 -25.16039 -25.16043 -25.16050 -25.16067 -25.16089 -25.16118 -25.16154 -25.16176
 -25.16192 -25.16196 -25.16195 -25.16233 -25.16144 -25.16085 -25.16662 -25.17255
 -25.16781 -25.16475 -25.16718 -25.16871 -25.16303 -25.14475 -25.12659 -25.10642
 -24.98721 -24.98723 -24.98727 -24.98736 -24.98748 -24.98764 -24.98783 -24.98794
 -24.98805 -24.98801 -24.98796 -24.98851 -24.98719 -24.98633 -24.99480 -25.00372
 -24.99714 -24.99300 -24.99736 -25.00115 -24.99589 -24.97666 -24.95801 -24.93569
 -24.87315 -24.87316 -24.87318 -24.87325 -24.87333 -24.87343 -24.87356 -24.87362
 -24.87372 -24.87364 -24.87357 -24.87423 -24.87263 -24.87158 -24.88184 -24.89273
 -24.88494 -24.88009 -24.88572 -24.89100 -24.88602 -24.86615 -24.84718 -24.82346
 -24.75223 -24.75224 -24.75226 -24.75230 -24.75235 -24.75242 -24.75250 -24.75254
 -24.75262 -24.75251 -24.75242 -24.75320 -24.75130 -24.75006 -24.76221 -24.77519
 -24.76612 -24.76051 -24.76749 -24.77435 -24.76966 -24.74912 -24.72982 -24.70460
 -24.61478 -24.61479 -24.61480 -24.61482 -24.61486 -24.61490 -24.61494 -24.61496
 -24.61504 -24.61489 -24.61480 -24.61570 -24.61347 -24.61201 -24.62631 -24.64167
 -24.63113 -24.62467 -24.63317 -24.64183 -24.63748 -24.61618 -24.59649 -24.56957
---------------------/ IGRD= 1  / IPRT= 1  / MH=2.00/ Z1= 3   / DATE= 04/11/99
 -25.96018 -25.96566 -25.97316 -25.98534 -25.99729 -26.01287 -26.03807 -26.05174
 -26.05745 -26.05799 -26.06020 -26.06480 -26.06862 -26.06962 -26.06948 -26.06818
 -26.06837 -26.06971 -26.07150 -26.07401 -26.07981 -26.09762 -26.12484 -26.17614
 -25.93856 -25.94178 -25.94735 -25.95883 -25.97083 -25.98575 -26.00850 -26.02235
 -26.03062 -26.03471 -26.03679 -26.03925 -26.04125 -26.04189 -26.04197 -26.04145
 -26.04166 -26.04256 -26.04408 -26.04622 -26.05092 -26.06529 -26.08788 -26.13088
 -25.91097 -25.91155 -25.91476 -25.92520 -25.93705 -25.95113 -25.97109 -25.98513
 -25.99632 -26.00459 -26.00655 -26.00663 -26.00689 -26.00723 -26.00749 -26.00784
 -26.00808 -26.00843 -26.00950 -26.01113 -26.01449 -26.02481 -26.04157 -26.07401
 -25.88978 -25.89019 -25.89259 -25.90077 -25.91088 -25.92415 -25.94506 -25.95921
 -25.96973 -25.97796 -25.98045 -25.98174 -25.98501 -25.98622 -25.98591 -25.98592
 -25.98608 -25.98609 -25.98619 -25.98711 -25.99010 -25.99975 -26.01292 -26.03795
 -25.86527 -25.86592 -25.86764 -25.87300 -25.88084 -25.89327 -25.91641 -25.93219
 -25.94265 -25.94921 -25.95351 -25.95776 -25.95919 -25.95907 -25.95915 -25.95911
 -25.95914 -25.95911 -25.95879 -25.95976 -25.96238 -25.96887 -25.97941 -26.00024
 -25.83520 -25.83585 -25.83781 -25.84347 -25.85075 -25.86117 -25.87975 -25.89502
 -25.90815 -25.91817 -25.92151 -25.92352 -25.92653 -25.92744 -25.92707 -25.92697
 -25.92710 -25.92706 -25.92684 -25.92781 -25.93039 -25.93617 -25.94251 -25.95565
 -25.81318 -25.81373 -25.81551 -25.82072 -25.82762 -25.83778 -25.85621 -25.87092
 -25.88383 -25.89577 -25.89974 -25.90079 -25.90225 -25.90369 -25.90477 -25.90491
 -25.90481 -25.90484 -25.90479 -25.90503 -25.90598 -25.90935 -25.91519 -25.92687
 -25.78142 -25.78273 -25.78457 -25.78841 -25.79418 -25.80434 -25.82490 -25.83915
 -25.85014 -25.86237 -25.86712 -25.86775 -25.86677 -25.86829 -25.87099 -25.87144
 -25.87108 -25.87120 -25.87131 -25.87098 -25.87073 -25.87222 -25.87590 -25.88382
 -25.73955 -25.74032 -25.74198 -25.74636 -25.75253 -25.76237 -25.78132 -25.79595
 -25.80739 -25.81570 -25.81974 -25.82256 -25.82275 -25.82264 -25.82311 -25.82320
 -25.82311 -25.82314 -25.82323 -25.82293 -25.82301 -25.82540 -25.82773 -25.83138
 -25.71230 -25.71271 -25.71398 -25.71806 -25.72400 -25.73336 -25.75109 -25.76484
 -25.77607 -25.78527 -25.78853 -25.79008 -25.79179 -25.79222 -25.79195 -25.79189
 -25.79194 -25.79192 -25.79191 -25.79196 -25.79216 -25.79270 -25.79310 -25.79570
 -25.68005 -25.68033 -25.68168 -25.68622 -25.69242 -25.70155 -25.71782 -25.72995
 -25.73998 -25.74939 -25.75293 -25.75464 -25.75740 -25.75834 -25.75809 -25.75803
 -25.75803 -25.75803 -25.75824 -25.75738 -25.75617 -25.75623 -25.75596 -25.75768
 -25.64051 -25.64160 -25.64325 -25.64676 -25.65167 -25.65982 -25.67613 -25.68895
 -25.69926 -25.70745 -25.71115 -25.71341 -25.71387 -25.71372 -25.71378 -25.71380
 -25.71379 -25.71379 -25.71376 -25.71384 -25.71361 -25.71202 -25.71102 -25.71313
 -25.61018 -25.61086 -25.61230 -25.61605 -25.62126 -25.62945 -25.64503 -25.65703
 -25.66689 -25.67559 -25.67941 -25.68129 -25.68135 -25.68102 -25.68097 -25.68097
 -25.68099 -25.68099 -25.68101 -25.68140 -25.68156 -25.67990 -25.67840 -25.67946
 -25.56363 -25.56404 -25.56545 -25.56971 -25.57533 -25.58347 -25.59788 -25.60864
 -25.61765 -25.62657 -25.63052 -25.63211 -25.63197 -25.63228 -25.63312 -25.63325
 -25.63321 -25.63316 -25.63244 -25.63231 -25.63218 -25.63021 -25.62860 -25.62908
 -25.49829 -25.49898 -25.50066 -25.50515 -25.51076 -25.51869 -25.53265 -25.54368
 -25.55269 -25.55899 -25.56137 -25.56302 -25.56437 -25.56479 -25.56484 -25.56476
 -25.56505 -25.56508 -25.56350 -25.56323 -25.56341 -25.56100 -25.55895 -25.55878
 -25.44932 -25.44984 -25.45139 -25.45583 -25.46155 -25.46976 -25.48412 -25.49458
 -25.50264 -25.50885 -25.51136 -25.51270 -25.51307 -25.51347 -25.51413 -25.51434
 -25.51380 -25.51309 -25.51283 -25.51263 -25.51192 -25.50988 -25.50774 -25.50657
 -25.38893 -25.38959 -25.39121 -25.39564 -25.40147 -25.41010 -25.42541 -25.43554
 -25.44254 -25.44824 -25.45054 -25.45169 -25.45244 -25.45279 -25.45301 -25.45306
 -25.45295 -25.45269 -25.45202 -25.45144 -25.45057 -25.44824 -25.44586 -25.44425
 -25.31059 -25.31142 -25.31349 -25.31894 -25.32543 -25.33415 -25.34844 -25.35824
 -25.36550 -25.37122 -25.37335 -25.37421 -25.37431 -25.37463 -25.37522 -25.37541
 -25.37496 -25.37441 -25.37425 -25.37420 -25.37346 -25.37043 -25.36758 -25.36552
 -25.25088 -25.25193 -25.25425 -25.26002 -25.26668 -25.27545 -25.28957 -25.29921
 -25.30623 -25.31140 -25.31344 -25.31455 -25.31492 -25.31514 -25.31549 -25.31560
 -25.31535 -25.31499 -25.31469 -25.31440 -25.31344 -25.31024 -25.30726 -25.30484
 -25.15933 -25.16035 -25.16270 -25.16872 -25.17568 -25.18478 -25.19923 -25.20857
 -25.21494 -25.21953 -25.22137 -25.22257 -25.22351 -25.22364 -25.22343 -25.22335
 -25.22358 -25.22374 -25.22311 -25.22229 -25.22108 -25.21810 -25.21471 -25.21118
 -25.02677 -25.02769 -25.03003 -25.03628 -25.04346 -25.05267 -25.06693 -25.07617
 -25.08257 -25.08716 -25.08876 -25.08956 -25.09009 -25.09020 -25.09018 -25.09021
 -25.09007 -25.08978 -25.08934 -25.08884 -25.08764 -25.08392 -25.07945 -25.07455
 -24.92591 -24.92670 -24.92920 -24.93615 -24.94376 -24.95276 -24.96553 -24.97409
 -24.98021 -24.98381 -24.98599 -24.98814 -24.98864 -24.98845 -24.98851 -24.98856
 -24.98839 -24.98827 -24.98844 -24.98712 -24.98485 -24.98227 -24.97746 -24.97069
 -24.80382 -24.80413 -24.80622 -24.81316 -24.82106 -24.83045 -24.84350 -24.85159
 -24.85737 -24.86222 -24.86404 -24.86462 -24.86432 -24.86416 -24.86421 -24.86420
 -24.86431 -24.86460 -24.86483 -24.86411 -24.86199 -24.85666 -24.85116 -24.84485
 -24.64352 -24.64420 -24.64650 -24.65330 -24.66107 -24.67061 -24.68442 -24.69256
 -24.69789 -24.70226 -24.70296 -24.70267 -24.70421 -24.70487 -24.70466 -24.70481
 -24.70399 -24.70279 -24.70286 -24.70180 -24.69907 -24.69425 -24.68809 -24.67958
 -24.51338 -24.51450 -24.51706 -24.52360 -24.53100 -24.54041 -24.55466 -24.56279
 -24.56764 -24.57142 -24.57240 -24.57275 -24.57451 -24.57514 -24.57495 -24.57511
 -24.57422 -24.57293 -24.57304 -24.57180 -24.56882 -24.56392 -24.55681 -24.54665
 -24.32094 -24.32245 -24.32512 -24.33090 -24.33759 -24.34687 -24.36216 -24.37027
 -24.37439 -24.37840 -24.38050 -24.38154 -24.38173 -24.38165 -24.38168 -24.38170
 -24.38163 -24.38160 -24.38170 -24.38110 -24.37866 -24.37083 -24.36180 -24.35090
 -24.07813 -24.08014 -24.08293 -24.08774 -24.09354 -24.10265 -24.11926 -24.12734
 -24.13053 -24.13487 -24.13842 -24.14033 -24.13845 -24.13747 -24.13777 -24.13761
 -24.13862 -24.14022 -24.14032 -24.14054 -24.13882 -24.12719 -24.11574 -24.10395
 -23.91820 -23.92054 -23.92340 -23.92758 -23.93278 -23.94178 -23.95927 -23.96732
 -23.96991 -23.97447 -23.97897 -23.98145 -23.97821 -23.97662 -23.97712 -23.97683
 -23.97855 -23.98123 -23.98132 -23.98209 -23.98085 -23.96672 -23.95366 -23.94129
 -23.74867 -23.75135 -23.75430 -23.75779 -23.76237 -23.77126 -23.78967 -23.79770
 -23.79964 -23.80443 -23.80995 -23.81303 -23.80834 -23.80612 -23.80682 -23.80640
 -23.80887 -23.81269 -23.81278 -23.81413 -23.81339 -23.79660 -23.78185 -23.76886
 -23.55594 -23.55902 -23.56207 -23.56479 -23.56865 -23.57741 -23.59687 -23.60487
 -23.60608 -23.61114 -23.61780 -23.62157 -23.61524 -23.61230 -23.61322 -23.61266
 -23.61598 -23.62110 -23.62118 -23.62319 -23.62302 -23.60322 -23.58654 -23.57284
---------------------/ IGRD= 1  / IPRT= 1  / MH=2.00/ Z1= 4   / DATE= 04/11/99
 -26.26296 -26.26296 -26.26296 -26.26296 -26.26296 -26.26296 -26.26296 -26.26296
 -26.26296 -26.26296 -26.26295 -26.26296 -26.26296 -26.26294 -26.26297 -26.26295
 -26.26335 -26.26746 -26.27713 -26.28018 -26.28192 -26.29023 -26.30514 -26.32475
 -26.19274 -26.19274 -26.19274 -26.19274 -26.19274 -26.19274 -26.19274 -26.19274
 -26.19274 -26.19274 -26.19274 -26.19274 -26.19274 -26.19273 -26.19275 -26.19274
 -26.19304 -26.19601 -26.20308 -26.20576 -26.20819 -26.21718 -26.23141 -26.24997
 -26.10427 -26.10427 -26.10427 -26.10427 -26.10427 -26.10427 -26.10427 -26.10427
 -26.10427 -26.10427 -26.10427 -26.10427 -26.10427 -26.10427 -26.10428 -26.10427
 -26.10447 -26.10599 -26.10978 -26.11201 -26.11530 -26.12514 -26.13853 -26.15576
 -26.04600 -26.04600 -26.04600 -26.04600 -26.04600 -26.04600 -26.04600 -26.04600
 -26.04600 -26.04600 -26.04600 -26.04600 -26.04600 -26.04601 -26.04600 -26.04600
 -26.04612 -26.04669 -26.04833 -26.05026 -26.05412 -26.06452 -26.07735 -26.09370
 -25.98559 -25.98559 -25.98559 -25.98559 -25.98559 -25.98559 -25.98559 -25.98559
 -25.98559 -25.98559 -25.98559 -25.98559 -25.98559 -25.98560 -25.98559 -25.98560
 -25.98565 -25.98549 -25.98553 -25.98718 -25.99116 -26.00105 -26.01260 -26.02790
 -25.92289 -25.92289 -25.92289 -25.92289 -25.92289 -25.92289 -25.92289 -25.92289
 -25.92289 -25.92289 -25.92289 -25.92289 -25.92289 -25.92289 -25.92288 -25.92289
 -25.92299 -25.92278 -25.92277 -25.92461 -25.92743 -25.93363 -25.94347 -25.95792
 -25.88090 -25.88090 -25.88090 -25.88090 -25.88090 -25.88090 -25.88090 -25.88090
 -25.88090 -25.88090 -25.88090 -25.88090 -25.88090 -25.88091 -25.88089 -25.88091
 -25.88101 -25.88078 -25.88072 -25.88248 -25.88493 -25.89083 -25.90146 -25.91574
 -25.82355 -25.82355 -25.82355 -25.82355 -25.82355 -25.82355 -25.82355 -25.82355
 -25.82355 -25.82355 -25.82355 -25.82355 -25.82355 -25.82351 -25.82359 -25.82354
 -25.82306 -25.82415 -25.82699 -25.82615 -25.82734 -25.83555 -25.84292 -25.85438
 -25.74261 -25.74261 -25.74261 -25.74261 -25.74261 -25.74261 -25.74261 -25.74261
 -25.74261 -25.74261 -25.74261 -25.74262 -25.74261 -25.74260 -25.74263 -25.74261
 -25.74247 -25.74279 -25.74407 -25.74484 -25.74544 -25.74854 -25.75587 -25.76682
 -25.67423 -25.67423 -25.67423 -25.67423 -25.67423 -25.67423 -25.67423 -25.67423
 -25.67423 -25.67423 -25.67423 -25.67423 -25.67423 -25.67423 -25.67422 -25.67423
 -25.67429 -25.67416 -25.67422 -25.67534 -25.67647 -25.67842 -25.68311 -25.69154
 -25.57743 -25.57743 -25.57743 -25.57743 -25.57743 -25.57743 -25.57743 -25.57743
 -25.57743 -25.57743 -25.57743 -25.57743 -25.57743 -25.57743 -25.57744 -25.57743
 -25.57741 -25.57747 -25.57744 -25.57707 -25.57769 -25.58072 -25.58372 -25.58910
 -25.43092 -25.43092 -25.43092 -25.43092 -25.43092 -25.43092 -25.43092 -25.43092
 -25.43092 -25.43092 -25.43092 -25.43092 -25.43092 -25.43092 -25.43092 -25.43092
 -25.43092 -25.43092 -25.43091 -25.43089 -25.43105 -25.43177 -25.43302 -25.43610
 -25.30656 -25.30656 -25.30656 -25.30656 -25.30656 -25.30656 -25.30656 -25.30656
 -25.30656 -25.30656 -25.30656 -25.30656 -25.30656 -25.30656 -25.30656 -25.30656
 -25.30656 -25.30656 -25.30656 -25.30657 -25.30657 -25.30660 -25.30692 -25.30822
 -25.12655 -25.12655 -25.12655 -25.12655 -25.12655 -25.12655 -25.12656 -25.12656
 -25.12656 -25.12656 -25.12656 -25.12656 -25.12656 -25.12656 -25.12656 -25.12656
 -25.12656 -25.12655 -25.12655 -25.12656 -25.12656 -25.12654 -25.12644 -25.12582
 -24.92447 -24.92447 -24.92447 -24.92447 -24.92448 -24.92448 -24.92449 -24.92450
 -24.92451 -24.92452 -24.92452 -24.92452 -24.92452 -24.92452 -24.92452 -24.92452
 -24.92452 -24.92454 -24.92453 -24.92447 -24.92460 -24.92485 -24.92415 -24.92147
 -24.80423 -24.80424 -24.80424 -24.80426 -24.80427 -24.80431 -24.80436 -24.80441
 -24.80444 -24.80447 -24.80448 -24.80449 -24.80449 -24.80449 -24.80450 -24.80449
 -24.80449 -24.80450 -24.80449 -24.80440 -24.80463 -24.80441 -24.80175 -24.79785
 -24.67779 -24.67779 -24.67781 -24.67785 -24.67791 -24.67800 -24.67817 -24.67831
 -24.67842 -24.67851 -24.67855 -24.67857 -24.67858 -24.67859 -24.67859 -24.67859
 -24.67863 -24.67859 -24.67862 -24.67889 -24.67832 -24.67648 -24.67594 -24.67346
 -24.53664 -24.53666 -24.53668 -24.53677 -24.53689 -24.53708 -24.53745 -24.53775
 -24.53801 -24.53822 -24.53830 -24.53835 -24.53838 -24.53838 -24.53840 -24.53840
 -24.53828 -24.53817 -24.53820 -24.53833 -24.53807 -24.53661 -24.53446 -24.53048
 -24.44140 -24.44141 -24.44145 -24.44156 -24.44172 -24.44198 -24.44247 -24.44289
 -24.44325 -24.44355 -24.44367 -24.44374 -24.44378 -24.44377 -24.44384 -24.44380
 -24.44315 -24.44260 -24.44271 -24.44296 -24.44245 -24.44045 -24.43861 -24.43467
 -24.31779 -24.31782 -24.31786 -24.31798 -24.31817 -24.31848 -24.31908 -24.31960
 -24.32005 -24.32044 -24.32061 -24.32070 -24.32075 -24.32075 -24.32080 -24.32077
 -24.32033 -24.31998 -24.32006 -24.32010 -24.31980 -24.31809 -24.31494 -24.30964
 -24.18936 -24.18938 -24.18942 -24.18954 -24.18971 -24.19000 -24.19059 -24.19111
 -24.19158 -24.19201 -24.19219 -24.19229 -24.19235 -24.19238 -24.19238 -24.19239
 -24.19247 -24.19249 -24.19230 -24.19203 -24.19133 -24.18919 -24.18614 -24.18058
 -24.11906 -24.11907 -24.11910 -24.11920 -24.11935 -24.11960 -24.12012 -24.12059
 -24.12102 -24.12143 -24.12161 -24.12170 -24.12176 -24.12179 -24.12179 -24.12180
 -24.12186 -24.12171 -24.12120 -24.12094 -24.12039 -24.11828 -24.11495 -24.10890
 -24.05194 -24.05195 -24.05198 -24.05205 -24.05217 -24.05237 -24.05278 -24.05317
 -24.05354 -24.05390 -24.05406 -24.05415 -24.05420 -24.05422 -24.05422 -24.05423
 -24.05428 -24.05418 -24.05377 -24.05334 -24.05250 -24.05012 -24.04671 -24.04070
 -23.97465 -23.97466 -23.97467 -23.97472 -23.97480 -23.97494 -23.97524 -23.97552
 -23.97580 -23.97609 -23.97622 -23.97629 -23.97633 -23.97635 -23.97636 -23.97636
 -23.97639 -23.97632 -23.97641 -23.97696 -23.97632 -23.97232 -23.96793 -23.96232
 -23.91398 -23.91398 -23.91400 -23.91403 -23.91409 -23.91419 -23.91441 -23.91463
 -23.91486 -23.91509 -23.91519 -23.91525 -23.91529 -23.91531 -23.91531 -23.91531
 -23.91534 -23.91528 -23.91533 -23.91580 -23.91516 -23.91190 -23.90878 -23.90257
 -23.81654 -23.81654 -23.81655 -23.81657 -23.81661 -23.81667 -23.81681 -23.81695
 -23.81710 -23.81727 -23.81735 -23.81739 -23.81742 -23.81743 -23.81744 -23.81744
 -23.81737 -23.81753 -23.81742 -23.81581 -23.81382 -23.81145 -23.80863 -23.80362
 -23.67091 -23.67091 -23.67091 -23.67092 -23.67094 -23.67097 -23.67104 -23.67112
 -23.67120 -23.67129 -23.67134 -23.67137 -23.67139 -23.67140 -23.67139 -23.67140
 -23.67147 -23.67131 -23.67142 -23.67293 -23.67413 -23.67186 -23.66595 -23.65861
 -23.57347 -23.57347 -23.57347 -23.57348 -23.57349 -23.57351 -23.57355 -23.57359
 -23.57364 -23.57371 -23.57374 -23.57376 -23.57377 -23.57379 -23.57376 -23.57378
 -23.57397 -23.57355 -23.57382 -23.57787 -23.58156 -23.57930 -23.57114 -23.56193
 -23.47018 -23.47018 -23.47018 -23.47019 -23.47019 -23.47020 -23.47023 -23.47025
 -23.47028 -23.47032 -23.47035 -23.47036 -23.47037 -23.47039 -23.47034 -23.47038
 -23.47069 -23.47000 -23.47044 -23.47718 -23.48351 -23.48126 -23.47070 -23.45950
 -23.35276 -23.35276 -23.35277 -23.35277 -23.35277 -23.35277 -23.35279 -23.35280
 -23.35282 -23.35284 -23.35286 -23.35286 -23.35287 -23.35290 -23.35283 -23.35288
 -23.35334 -23.35233 -23.35298 -23.36276 -23.37210 -23.36986 -23.35658 -23.34312
---------------------/ IGRD= 1  / IPRT= 1  / MH=2.00/ Z1= 5   / DATE= 04/11/99
 -24.50363 -24.50346 -24.50256 -24.49898 -24.49344 -24.48358 -24.45826 -24.42564
 -24.38956 -24.38009 -24.43585 -24.54895 -24.72084 -24.81067 -24.85297 -24.89972
 -24.91981 -24.91978 -24.92388 -24.93273 -24.94376 -24.96439 -24.97880 -24.98258
 -24.45391 -24.45395 -24.45351 -24.45115 -24.44719 -24.44034 -24.42442 -24.40548
 -24.38742 -24.39720 -24.45522 -24.55718 -24.70352 -24.77876 -24.81474 -24.85316
 -24.86961 -24.87020 -24.87427 -24.88241 -24.89296 -24.91193 -24.92472 -24.92789
 -24.39127 -24.39157 -24.39171 -24.39089 -24.38892 -24.38585 -24.38178 -24.38009
 -24.38472 -24.41876 -24.47963 -24.56755 -24.68169 -24.73855 -24.76657 -24.79450
 -24.80636 -24.80775 -24.81176 -24.81901 -24.82896 -24.84584 -24.85658 -24.85900
 -24.35002 -24.35048 -24.35100 -24.35120 -24.35054 -24.34997 -24.35369 -24.36336
 -24.38294 -24.43295 -24.49571 -24.57438 -24.66732 -24.71207 -24.73484 -24.75586
 -24.76470 -24.76661 -24.77058 -24.77725 -24.78681 -24.80230 -24.81170 -24.81362
 -24.30628 -24.30693 -24.30786 -24.30913 -24.30985 -24.31193 -24.32392 -24.34563
 -24.38105 -24.44801 -24.51276 -24.58163 -24.65208 -24.68399 -24.70121 -24.71490
 -24.72054 -24.72300 -24.72694 -24.73298 -24.74213 -24.75616 -24.76413 -24.76551
 -24.25670 -24.25746 -24.25880 -24.26158 -24.26457 -24.27073 -24.29352 -24.32943
 -24.38264 -24.46736 -24.53238 -24.58827 -24.63369 -24.65171 -24.66246 -24.66867
 -24.67106 -24.67369 -24.67751 -24.68276 -24.69103 -24.70353 -24.71036 -24.71148
 -24.22195 -24.22251 -24.22394 -24.22881 -24.23609 -24.24931 -24.28471 -24.33181
 -24.39553 -24.48610 -24.54413 -24.58509 -24.61532 -24.62646 -24.63263 -24.63657
 -24.63801 -24.63938 -24.64287 -24.64731 -24.65375 -24.66571 -24.67335 -24.67538
 -24.17254 -24.17293 -24.17433 -24.18297 -24.19877 -24.22535 -24.27938 -24.33611
 -24.40275 -24.48684 -24.53238 -24.55779 -24.57451 -24.58114 -24.58531 -24.58748
 -24.58804 -24.58906 -24.59222 -24.59595 -24.60138 -24.61307 -24.62145 -24.62445
 -24.10829 -24.10896 -24.11100 -24.12409 -24.14834 -24.18728 -24.25619 -24.31721
 -24.38014 -24.45216 -24.48740 -24.50444 -24.51492 -24.51905 -24.52148 -24.52294
 -24.52357 -24.52448 -24.52682 -24.53003 -24.53507 -24.54493 -24.55277 -24.55701
 -24.06398 -24.06498 -24.06772 -24.08310 -24.11077 -24.15426 -24.22813 -24.28989
 -24.35039 -24.41688 -24.44828 -24.46296 -24.47245 -24.47658 -24.47897 -24.48024
 -24.48088 -24.48175 -24.48296 -24.48576 -24.49114 -24.50028 -24.50763 -24.51243
 -24.01783 -24.01910 -24.02220 -24.03876 -24.06827 -24.11430 -24.19116 -24.25376
 -24.31349 -24.37760 -24.40706 -24.42025 -24.42867 -24.43239 -24.43452 -24.43566
 -24.43624 -24.43702 -24.43820 -24.44073 -24.44550 -24.45396 -24.46173 -24.46794
 -23.97076 -23.97147 -23.97413 -23.99053 -24.02037 -24.06709 -24.14499 -24.20812
 -24.26804 -24.33206 -24.36136 -24.37446 -24.38303 -24.38673 -24.38859 -24.38959
 -24.39012 -24.39082 -24.39192 -24.39412 -24.39836 -24.40679 -24.41463 -24.42117
 -23.93598 -23.93709 -23.94028 -23.95734 -23.98751 -24.03438 -24.11246 -24.17590
 -24.23635 -24.30118 -24.33103 -24.34455 -24.35342 -24.35707 -24.35873 -24.35966
 -24.36010 -24.36072 -24.36250 -24.36468 -24.36802 -24.37564 -24.38316 -24.38978
 -23.89259 -23.89400 -23.89768 -23.91513 -23.94494 -23.99089 -24.06793 -24.13153
 -24.19319 -24.26031 -24.29165 -24.30595 -24.31483 -24.31855 -24.32065 -24.32164
 -24.32199 -24.32259 -24.32382 -24.32546 -24.32838 -24.33532 -24.34239 -24.34902
 -23.84113 -23.84196 -23.84472 -23.86071 -23.88947 -23.93466 -24.01160 -24.07619
 -24.13971 -24.20964 -24.24260 -24.25793 -24.26800 -24.27217 -24.27417 -24.27501
 -24.27533 -24.27586 -24.27691 -24.27836 -24.28085 -24.28636 -24.29260 -24.29933
 -23.80656 -23.80754 -23.81042 -23.82616 -23.85411 -23.89800 -23.97339 -24.03767
 -24.10185 -24.17357 -24.20806 -24.22449 -24.23450 -24.23855 -24.24094 -24.24198
 -24.24222 -24.24273 -24.24365 -24.24468 -24.24659 -24.25203 -24.25800 -24.26411
 -23.76794 -23.76886 -23.77096 -23.78500 -23.81155 -23.85422 -23.92859 -23.99273
 -24.05737 -24.13025 -24.16577 -24.18307 -24.19361 -24.19775 -24.20023 -24.20160
 -24.20207 -24.20251 -24.20286 -24.20369 -24.20555 -24.20965 -24.21463 -24.22062
 -23.71222 -23.71329 -23.71563 -23.72908 -23.75367 -23.79321 -23.86386 -23.92733
 -23.99359 -24.06997 -24.10736 -24.12547 -24.13721 -24.14172 -24.14379 -24.14498
 -24.14542 -24.14579 -24.14661 -24.14739 -24.14854 -24.15190 -24.15619 -24.16144
 -23.66903 -23.66962 -23.67111 -23.68314 -23.70665 -23.74524 -23.81497 -23.87808
 -23.94432 -24.02117 -24.05928 -24.07819 -24.09041 -24.09516 -24.09754 -24.09866
 -24.09894 -24.09928 -24.10005 -24.10083 -24.10192 -24.10458 -24.10821 -24.11300
 -23.59873 -23.59930 -23.60138 -23.61375 -23.63613 -23.67225 -23.73861 -23.80063
 -23.86748 -23.94610 -23.98491 -24.00369 -24.01598 -24.02099 -24.02362 -24.02517
 -24.02566 -24.02597 -24.02639 -24.02673 -24.02734 -24.02957 -24.03242 -24.03607
 -23.49442 -23.49465 -23.49620 -23.50706 -23.52724 -23.56031 -23.62240 -23.68188
 -23.74735 -23.82622 -23.86699 -23.88862 -23.90335 -23.90850 -23.91024 -23.91098
 -23.91124 -23.91119 -23.91063 -23.91168 -23.91388 -23.91407 -23.91561 -23.92019
 -23.41210 -23.41235 -23.41356 -23.42315 -23.44158 -23.47230 -23.53124 -23.58900
 -23.65366 -23.73284 -23.77485 -23.79783 -23.81240 -23.81686 -23.81875 -23.82147
 -23.82270 -23.82254 -23.82261 -23.82228 -23.82177 -23.82390 -23.82605 -23.82746
 -23.31295 -23.31333 -23.31476 -23.32391 -23.34078 -23.36889 -23.42425 -23.48040
 -23.54482 -23.62470 -23.66712 -23.68993 -23.70372 -23.70899 -23.71280 -23.71545
 -23.71599 -23.71592 -23.71601 -23.71574 -23.71539 -23.71699 -23.71874 -23.72000
 -23.19175 -23.19220 -23.19347 -23.20149 -23.21635 -23.24149 -23.29278 -23.34677
 -23.41024 -23.49018 -23.53316 -23.55709 -23.57390 -23.58021 -23.58305 -23.58472
 -23.58519 -23.58515 -23.58486 -23.58543 -23.58659 -23.58681 -23.58690 -23.58803
 -23.10086 -23.10126 -23.10259 -23.11022 -23.12395 -23.14720 -23.19571 -23.24807
 -23.31073 -23.39085 -23.43488 -23.46018 -23.47786 -23.48412 -23.48683 -23.48904
 -23.48981 -23.48966 -23.48955 -23.48968 -23.48990 -23.49056 -23.49115 -23.49197
 -22.97033 -22.97079 -22.97117 -22.97646 -22.98800 -23.00901 -23.05488 -23.10580
 -23.16772 -23.24821 -23.29372 -23.32095 -23.33961 -23.34648 -23.35016 -23.35217
 -23.35284 -23.35337 -23.35347 -23.35325 -23.35320 -23.35395 -23.35463 -23.35522
 -22.81406 -22.81432 -22.81561 -22.82151 -22.83118 -22.84799 -22.88756 -22.93547
 -22.99686 -23.07937 -23.12748 -23.15735 -23.17838 -23.18610 -23.19013 -23.19254
 -23.19331 -23.19378 -23.19436 -23.19467 -23.19473 -23.19457 -23.19460 -23.19505
 -22.72269 -22.72382 -22.72533 -22.73052 -22.73895 -22.75404 -22.79106 -22.83719
 -22.89729 -22.97946 -23.02883 -23.06093 -23.08425 -23.09292 -23.09737 -23.09966
 -23.10058 -23.10143 -23.10135 -23.10134 -23.10189 -23.10207 -23.10214 -23.10252
 -22.62687 -22.62902 -22.63068 -22.63495 -22.64204 -22.65543 -22.68996 -22.73425
 -22.79288 -22.87451 -22.92517 -22.95967 -22.98547 -22.99521 -23.00013 -23.00223
 -23.00331 -23.00463 -23.00374 -23.00333 -23.00445 -23.00507 -23.00523 -23.00554
 -22.51794 -22.52126 -22.52309 -22.52631 -22.53188 -22.54334 -22.57504 -22.61724
 -22.67419 -22.75520 -22.80732 -22.84456 -22.87319 -22.88413 -22.88959 -22.89147
 -22.89274 -22.89460 -22.89277 -22.89192 -22.89368 -22.89481 -22.89507 -22.89530
---------------------/ IGRD= 1  / IPRT= 1  / MH=2.00/ Z1= 6   / DATE= 04/11/99
 -28.13924 -28.13924 -28.13924 -28.13924 -28.13924 -28.13924 -28.13924 -28.13924
 -28.13924 -28.13924 -28.13924 -28.13924 -28.13924 -28.13924 -28.13924 -28.13924
 -28.13924 -28.13923 -28.13927 -28.13921 -28.13913 -28.13962 -28.13880 -28.13768
 -28.00204 -28.00204 -28.00204 -28.00204 -28.00204 -28.00204 -28.00204 -28.00204
 -28.00204 -28.00204 -28.00204 -28.00204 -28.00204 -28.00204 -28.00204 -28.00204
 -28.00204 -28.00203 -28.00206 -28.00201 -28.00195 -28.00235 -28.00168 -28.00076
 -27.82918 -27.82918 -27.82918 -27.82918 -27.82918 -27.82918 -27.82918 -27.82918
 -27.82918 -27.82918 -27.82918 -27.82918 -27.82918 -27.82918 -27.82918 -27.82919
 -27.82918 -27.82918 -27.82920 -27.82917 -27.82912 -27.82941 -27.82893 -27.82827
 -27.71533 -27.71533 -27.71533 -27.71533 -27.71533 -27.71533 -27.71533 -27.71533
 -27.71533 -27.71533 -27.71533 -27.71533 -27.71533 -27.71533 -27.71533 -27.71533
 -27.71533 -27.71532 -27.71534 -27.71531 -27.71528 -27.71549 -27.71514 -27.71465
 -27.59463 -27.59463 -27.59463 -27.59463 -27.59463 -27.59463 -27.59463 -27.59463
 -27.59463 -27.59463 -27.59463 -27.59463 -27.59463 -27.59463 -27.59463 -27.59463
 -27.59463 -27.59463 -27.59464 -27.59463 -27.59460 -27.59474 -27.59451 -27.59421
 -27.45743 -27.45743 -27.45743 -27.45743 -27.45743 -27.45743 -27.45743 -27.45743
 -27.45743 -27.45743 -27.45743 -27.45743 -27.45743 -27.45743 -27.45743 -27.45743
 -27.45743 -27.45743 -27.45743 -27.45743 -27.45742 -27.45746 -27.45739 -27.45729
 -27.35622 -27.35622 -27.35622 -27.35622 -27.35622 -27.35622 -27.35622 -27.35622
 -27.35622 -27.35622 -27.35622 -27.35622 -27.35622 -27.35622 -27.35622 -27.35622
 -27.35622 -27.35622 -27.35622 -27.35622 -27.35622 -27.35621 -27.35623 -27.35625
 -27.15615 -27.15615 -27.15615 -27.15615 -27.15615 -27.15615 -27.15615 -27.15615
 -27.15615 -27.15615 -27.15615 -27.15615 -27.15615 -27.15615 -27.15615 -27.15615
 -27.15615 -27.15615 -27.15615 -27.15615 -27.15615 -27.15616 -27.15613 -27.15609
 -26.73297 -26.73297 -26.73297 -26.73297 -26.73297 -26.73297 -26.73297 -26.73297
 -26.73297 -26.73297 -26.73297 -26.73297 -26.73297 -26.73297 -26.73297 -26.73297
 -26.73297 -26.73297 -26.73297 -26.73297 -26.73296 -26.73297 -26.73296 -26.73295
 -26.40280 -26.40280 -26.40280 -26.40280 -26.40280 -26.40280 -26.40280 -26.40280
 -26.40280 -26.40280 -26.40280 -26.40280 -26.40280 -26.40280 -26.40280 -26.40280
 -26.40280 -26.40280 -26.40280 -26.40280 -26.40281 -26.40277 -26.40283 -26.40296
 -26.05588 -26.05588 -26.05588 -26.05588 -26.05588 -26.05588 -26.05588 -26.05588
 -26.05588 -26.05588 -26.05588 -26.05588 -26.05588 -26.05588 -26.05589 -26.05588
 -26.05589 -26.05589 -26.05588 -26.05589 -26.05590 -26.05583 -26.05595 -26.05633
 -25.67095 -25.67095 -25.67095 -25.67095 -25.67095 -25.67095 -25.67095 -25.67095
 -25.67095 -25.67095 -25.67095 -25.67095 -25.67095 -25.67095 -25.67095 -25.67095
 -25.67095 -25.67095 -25.67095 -25.67095 -25.67094 -25.67100 -25.67089 -25.67077
 -25.41199 -25.41199 -25.41199 -25.41199 -25.41199 -25.41199 -25.41199 -25.41199
 -25.41199 -25.41199 -25.41199 -25.41199 -25.41199 -25.41199 -25.41199 -25.41199
 -25.41199 -25.41199 -25.41200 -25.41199 -25.41199 -25.41202 -25.41196 -25.41186
 -25.06453 -25.06453 -25.06453 -25.06453 -25.06453 -25.06453 -25.06453 -25.06453
 -25.06453 -25.06453 -25.06453 -25.06453 -25.06453 -25.06453 -25.06453 -25.06453
 -25.06453 -25.06453 -25.06453 -25.06453 -25.06454 -25.06451 -25.06456 -25.06481
 -24.65438 -24.65438 -24.65438 -24.65438 -24.65438 -24.65438 -24.65438 -24.65438
 -24.65438 -24.65438 -24.65438 -24.65438 -24.65438 -24.65438 -24.65438 -24.65438
 -24.65438 -24.65438 -24.65438 -24.65438 -24.65438 -24.65439 -24.65438 -24.65448
 -24.40427 -24.40427 -24.40427 -24.40427 -24.40427 -24.40427 -24.40427 -24.40427
 -24.40427 -24.40427 -24.40427 -24.40427 -24.40427 -24.40427 -24.40427 -24.40427
 -24.40427 -24.40427 -24.40426 -24.40428 -24.40430 -24.40417 -24.40437 -24.40515
 -24.15846 -24.15846 -24.15846 -24.15846 -24.15846 -24.15846 -24.15846 -24.15846
 -24.15846 -24.15846 -24.15846 -24.15846 -24.15846 -24.15846 -24.15846 -24.15846
 -24.15846 -24.15846 -24.15847 -24.15846 -24.15844 -24.15853 -24.15841 -24.15812
 -23.90576 -23.90576 -23.90576 -23.90576 -23.90576 -23.90576 -23.90576 -23.90576
 -23.90576 -23.90576 -23.90576 -23.90576 -23.90576 -23.90576 -23.90576 -23.90576
 -23.90576 -23.90576 -23.90576 -23.90576 -23.90576 -23.90577 -23.90580 -23.90574
 -23.74149 -23.74149 -23.74149 -23.74149 -23.74149 -23.74149 -23.74149 -23.74149
 -23.74149 -23.74149 -23.74149 -23.74149 -23.74149 -23.74149 -23.74149 -23.74149
 -23.74149 -23.74150 -23.74147 -23.74151 -23.74157 -23.74120 -23.74157 -23.74292
 -23.53069 -23.53069 -23.53069 -23.53069 -23.53069 -23.53069 -23.53069 -23.53069
 -23.53069 -23.53069 -23.53069 -23.53069 -23.53069 -23.53069 -23.53069 -23.53069
 -23.53069 -23.53068 -23.53073 -23.53065 -23.53053 -23.53143 -23.53218 -23.53223
 -23.29494 -23.29494 -23.29494 -23.29494 -23.29494 -23.29494 -23.29494 -23.29494
 -23.29494 -23.29494 -23.29494 -23.29494 -23.29494 -23.29494 -23.29494 -23.29494
 -23.29494 -23.29494 -23.29493 -23.29495 -23.29498 -23.29479 -23.29493 -23.29558
 -23.15973 -23.15973 -23.15973 -23.15973 -23.15973 -23.15973 -23.15973 -23.15973
 -23.15973 -23.15973 -23.15973 -23.15973 -23.15973 -23.15973 -23.15973 -23.15973
 -23.15973 -23.15973 -23.15973 -23.15973 -23.15971 -23.15974 -23.15978 -23.15993
 -23.03210 -23.03210 -23.03210 -23.03210 -23.03210 -23.03210 -23.03210 -23.03210
 -23.03210 -23.03210 -23.03210 -23.03210 -23.03210 -23.03210 -23.03210 -23.03210
 -23.03210 -23.03210 -23.03209 -23.03211 -23.03214 -23.03204 -23.03221 -23.03280
 -22.89689 -22.89689 -22.89689 -22.89689 -22.89689 -22.89689 -22.89689 -22.89689
 -22.89689 -22.89689 -22.89689 -22.89689 -22.89689 -22.89689 -22.89689 -22.89689
 -22.89689 -22.89689 -22.89685 -22.89692 -22.89702 -22.89657 -22.89734 -22.89966
 -22.80413 -22.80413 -22.80413 -22.80413 -22.80413 -22.80413 -22.80413 -22.80413
 -22.80413 -22.80413 -22.80413 -22.80413 -22.80413 -22.80413 -22.80413 -22.80412
 -22.80413 -22.80415 -22.80419 -22.80414 -22.80401 -22.80391 -22.80398 -22.80431
 -22.66886 -22.66886 -22.66886 -22.66886 -22.66886 -22.66886 -22.66886 -22.66886
 -22.66886 -22.66886 -22.66886 -22.66886 -22.66886 -22.66886 -22.66886 -22.66886
 -22.66887 -22.66885 -22.66859 -22.66899 -22.67023 -22.67086 -22.67067 -22.67067
 -22.49715 -22.49715 -22.49715 -22.49715 -22.49715 -22.49715 -22.49715 -22.49715
 -22.49715 -22.49716 -22.49716 -22.49716 -22.49714 -22.49716 -22.49719 -22.49704
 -22.49729 -22.49807 -22.49849 -22.49833 -22.49823 -22.49822 -22.49820 -22.49824
 -22.38207 -22.38207 -22.38207 -22.38207 -22.38207 -22.38207 -22.38207 -22.38207
 -22.38207 -22.38207 -22.38207 -22.38207 -22.38208 -22.38207 -22.38206 -22.38210
 -22.38204 -22.38184 -22.38171 -22.38178 -22.38185 -22.38173 -22.38197 -22.38278
 -22.25812 -22.25812 -22.25812 -22.25812 -22.25812 -22.25812 -22.25812 -22.25812
 -22.25812 -22.25812 -22.25812 -22.25812 -22.25812 -22.25812 -22.25812 -22.25810
 -22.25814 -22.25824 -22.25829 -22.25827 -22.25826 -22.25818 -22.25830 -22.25869
 -22.11694 -22.11694 -22.11694 -22.11694 -22.11694 -22.11694 -22.11694 -22.11694
 -22.11694 -22.11694 -22.11695 -22.11694 -22.11693 -22.11695 -22.11697 -22.11685
 -22.11706 -22.11773 -22.11811 -22.11794 -22.11776 -22.11775 -22.11767 -22.11739
C-------------------------------------------------------------------------------
C
C     RATE COEFFICIENTS IN UNITS OF CM**3 S-1 
C     --------------------------------------- 
C
C     INPUT DATA
C         FOR YEAR: 96 AND WITH PREFIX: pj
C         FOR c  RECOMBINING ION CHARGE(S)  1 TO  6
C
C     CODE     : ADAS404
C     PRODUCER : Martin O'Mullane              
C     DATE     : 04/11/99
C
C     Update   : Add the mass of the donor (deuterium) to the block
C                identifier line.
C     Producer : Martin O'Mullane
C     Date     : 09-03-2007
C
C-------------------------------------------------------------------------------
 
C---------------------------------------------------------------------------------
C ADAS ADF11 DATA - SCCS info: @(#)$Header: /home/adascvs/adas/adf11/prc96/prc96_c.dat,v 2.2 2007/03/12 18:30:16 mog Exp $ Date $Date: 2007/03/12 18:30:16 $
C---------------------------------------------------------------------------------
