   13   13   51    1   13     /ALUMINIUM      / ARNAUD-ROSEN(NE SCALED) 22/07/91
 -------------------------------------------------------------------------------
   4.00000   5.00000   6.00000   7.00000   8.00000   9.00000  10.00000  11.00000
  12.00000  13.00000  14.00000  15.00000  16.00000
  -0.06466   0.03533   0.13534   0.23535   0.33534   0.43534   0.53534   0.63534
   0.73534   0.83534   0.93534   1.03533   1.13534   1.23535   1.33534   1.43534
   1.53534   1.63534   1.73534   1.83534   1.93534   2.03533   2.13534   2.23535
   2.33534   2.43534   2.53534   2.63534   2.73534   2.83534   2.93534   3.03533
   3.13534   3.23535   3.33534   3.43534   3.53534   3.63534   3.73534   3.83534
   3.93534   4.03533   4.13534   4.23535   4.33534   4.43534   4.53534   4.63534
   4.73534   4.83534   4.93534
 ---------------------------------------------------/ Z1= 1   / DATE= 22/07/91
 -10.29410 -10.29284 -10.28919 -10.28233 -10.27336 -10.26386 -10.25587 -10.25316
 -10.25994 -10.27820 -10.30104 -10.31934 -10.32625
  -9.70474  -9.70474  -9.70191  -9.69505  -9.68568  -9.67601  -9.66832  -9.66516
  -9.66919  -9.68152  -9.69727  -9.71003  -9.71499
  -9.21587  -9.21731  -9.21540  -9.20850  -9.19856  -9.18843  -9.18075  -9.17725
  -9.17944  -9.18780  -9.19878  -9.20780  -9.21139
  -8.80025  -8.80265  -8.80158  -8.79515  -8.78546  -8.77564  -8.76842  -8.76500
  -8.76619  -8.77209  -8.78002  -8.78658  -8.78922
  -8.43835  -8.44075  -8.44027  -8.43517  -8.42725  -8.41922  -8.41344  -8.41076
  -8.41169  -8.41620  -8.42222  -8.42717  -8.42908
  -8.12804  -8.12964  -8.12938  -8.12600  -8.12073  -8.11543  -8.11174  -8.11029
  -8.11147  -8.11528  -8.12011  -8.12395  -8.12530
  -7.87367  -7.87402  -7.87353  -7.87158  -7.86885  -7.86631  -7.86483  -7.86482
  -7.86653  -7.86997  -7.87392  -7.87690  -7.87778
  -7.68184  -7.68084  -7.67956  -7.67808  -7.67679  -7.67613  -7.67647  -7.67781
  -7.68010  -7.68312  -7.68611  -7.68817  -7.68864
  -7.55446  -7.55232  -7.54973  -7.54741  -7.54587  -7.54562  -7.54695  -7.54931
  -7.55196  -7.55426  -7.55596  -7.55689  -7.55698
  -7.46989  -7.46698  -7.46315  -7.45954  -7.45699  -7.45628  -7.45781  -7.46056
  -7.46318  -7.46460  -7.46502  -7.46492  -7.46473
  -7.40157  -7.39838  -7.39406  -7.38993  -7.38689  -7.38570  -7.38679  -7.38905
  -7.39104  -7.39167  -7.39131  -7.39070  -7.39042
  -7.32834  -7.32541  -7.32181  -7.31875  -7.31663  -7.31564  -7.31582  -7.31661
  -7.31731  -7.31741  -7.31709  -7.31672  -7.31661
  -7.24778  -7.24542  -7.24322  -7.24213  -7.24177  -7.24144  -7.24062  -7.23957
  -7.23874  -7.23846  -7.23858  -7.23882  -7.23896
  -7.16258  -7.16079  -7.15990  -7.16061  -7.16189  -7.16227  -7.16078  -7.15832
  -7.15625  -7.15560  -7.15596  -7.15658  -7.15685
  -7.07603  -7.07455  -7.07431  -7.07583  -7.07785  -7.07868  -7.07715  -7.07429
  -7.07169  -7.07055  -7.07051  -7.07087  -7.07102
  -6.99232  -6.99098  -6.99080  -6.99229  -6.99430  -6.99530  -6.99419  -6.99175
  -6.98922  -6.98757  -6.98674  -6.98639  -6.98626
  -6.91613  -6.91484  -6.91446  -6.91548  -6.91706  -6.91803  -6.91753  -6.91590
  -6.91380  -6.91180  -6.91016  -6.90907  -6.90863
  -6.85234  -6.85117  -6.85060  -6.85110  -6.85216  -6.85301  -6.85301  -6.85218
  -6.85063  -6.84859  -6.84654  -6.84501  -6.84442
  -6.80419  -6.80328  -6.80277  -6.80303  -6.80375  -6.80443  -6.80464  -6.80425
  -6.80320  -6.80154  -6.79974  -6.79838  -6.79787
  -6.76795  -6.76742  -6.76717  -6.76743  -6.76798  -6.76848  -6.76864  -6.76840
  -6.76777  -6.76681  -6.76580  -6.76506  -6.76483
  -6.73828  -6.73820  -6.73831  -6.73869  -6.73916  -6.73947  -6.73945  -6.73922
  -6.73898  -6.73887  -6.73890  -6.73901  -6.73916
  -6.71077  -6.71115  -6.71163  -6.71215  -6.71254  -6.71266  -6.71245  -6.71221
  -6.71234  -6.71312  -6.71423  -6.71523  -6.71577
  -6.68432  -6.68514  -6.68601  -6.68666  -6.68698  -6.68692  -6.68651  -6.68625
  -6.68677  -6.68842  -6.69062  -6.69251  -6.69344
  -6.65871  -6.65998  -6.66123  -6.66202  -6.66227  -6.66201  -6.66140  -6.66114
  -6.66203  -6.66457  -6.66785  -6.67063  -6.67196
  -6.63376  -6.63550  -6.63713  -6.63804  -6.63823  -6.63778  -6.63698  -6.63669
  -6.63797  -6.64139  -6.64576  -6.64942  -6.65115
  -6.60935  -6.61154  -6.61355  -6.61460  -6.61471  -6.61408  -6.61308  -6.61278
  -6.61443  -6.61874  -6.62419  -6.62874  -6.63086
  -6.58537  -6.58800  -6.59039  -6.59158  -6.59162  -6.59080  -6.58960  -6.58929
  -6.59132  -6.59651  -6.60304  -6.60849  -6.61100
  -6.56171  -6.56480  -6.56757  -6.56890  -6.56886  -6.56785  -6.56646  -6.56613
  -6.56855  -6.57461  -6.58223  -6.58857  -6.59147
  -6.53832  -6.54187  -6.54502  -6.54648  -6.54637  -6.54517  -6.54358  -6.54324
  -6.54604  -6.55298  -6.56169  -6.56891  -6.57221
  -6.51515  -6.51915  -6.52268  -6.52427  -6.52410  -6.52270  -6.52092  -6.52057
  -6.52374  -6.53156  -6.54136  -6.54947  -6.55316
  -6.49214  -6.49659  -6.50050  -6.50223  -6.50198  -6.50041  -6.49842  -6.49806
  -6.50161  -6.51032  -6.52119  -6.53020  -6.53428
  -6.46927  -6.47417  -6.47846  -6.48033  -6.48001  -6.47824  -6.47606  -6.47568
  -6.47961  -6.48920  -6.50116  -6.51106  -6.51554
  -6.44650  -6.45186  -6.45653  -6.45853  -6.45814  -6.45618  -6.45380  -6.45341
  -6.45772  -6.46819  -6.48124  -6.49202  -6.49690
  -6.42381  -6.42963  -6.43467  -6.43681  -6.43635  -6.43420  -6.43163  -6.43122
  -6.43591  -6.44726  -6.46140  -6.47307  -6.47834
  -6.40120  -6.40746  -6.41289  -6.41517  -6.41463  -6.41229  -6.40952  -6.40910
  -6.41417  -6.42641  -6.44162  -6.45418  -6.45985
  -6.37863  -6.38535  -6.39116  -6.39357  -6.39296  -6.39044  -6.38747  -6.38704
  -6.39249  -6.40560  -6.42190  -6.43535  -6.44141
  -6.35611  -6.36328  -6.36947  -6.37202  -6.37134  -6.36862  -6.36546  -6.36501
  -6.37084  -6.38484  -6.40222  -6.41656  -6.42302
  -6.33362  -6.34125  -6.34782  -6.35050  -6.34975  -6.34684  -6.34349  -6.34302
  -6.34923  -6.36411  -6.38258  -6.39781  -6.40466
  -6.31116  -6.31924  -6.32619  -6.32900  -6.32818  -6.32509  -6.32154  -6.32106
  -6.32765  -6.34340  -6.36296  -6.37908  -6.38632
  -6.28872  -6.29725  -6.30458  -6.30753  -6.30664  -6.30336  -6.29961  -6.29912
  -6.30608  -6.32272  -6.34337  -6.36037  -6.36801
  -6.26630  -6.27528  -6.28299  -6.28608  -6.28511  -6.28164  -6.27769  -6.27719
  -6.28454  -6.30206  -6.32379  -6.34168  -6.34971
  -6.24389  -6.25333  -6.26142  -6.26464  -6.26360  -6.25994  -6.25580  -6.25528
  -6.26301  -6.28141  -6.30422  -6.32301  -6.33143
  -6.22149  -6.23138  -6.23985  -6.24321  -6.24210  -6.23825  -6.23391  -6.23338
  -6.24148  -6.26076  -6.28466  -6.30434  -6.31315
  -6.19910  -6.20944  -6.21829  -6.22178  -6.22060  -6.21656  -6.21203  -6.21148
  -6.21997  -6.24013  -6.26511  -6.28568  -6.29489
  -6.17671  -6.18751  -6.19674  -6.20037  -6.19911  -6.19489  -6.19015  -6.18960
  -6.19846  -6.21950  -6.24557  -6.26703  -6.27663
  -6.15433  -6.16558  -6.17519  -6.17896  -6.17763  -6.17322  -6.16829  -6.16772
  -6.17696  -6.19888  -6.22604  -6.24838  -6.25838
  -6.13196  -6.14366  -6.15365  -6.15755  -6.15615  -6.15155  -6.14642  -6.14584
  -6.15546  -6.17827  -6.20651  -6.22974  -6.24013
  -6.10959  -6.12174  -6.13211  -6.13615  -6.13468  -6.12989  -6.12456  -6.12396
  -6.13397  -6.15765  -6.18698  -6.21110  -6.22189
  -6.08722  -6.09983  -6.11058  -6.11475  -6.11321  -6.10823  -6.10271  -6.10209
  -6.11247  -6.13704  -6.16745  -6.19247  -6.20365
  -6.06485  -6.07791  -6.08904  -6.09335  -6.09174  -6.08657  -6.08085  -6.08022
  -6.09098  -6.11643  -6.14793  -6.17383  -6.18541
  -6.04249  -6.05600  -6.06751  -6.07195  -6.07027  -6.06491  -6.05900  -6.05836
  -6.06950  -6.09583  -6.12841  -6.15520  -6.16717
 ---------------------------------------------------/ Z1= 2   / DATE= 22/07/91
 -17.72389 -17.72292 -17.72053 -17.71764 -17.71561 -17.71417 -17.70391 -17.67228
 -17.60978 -17.52364 -17.42686 -17.33224 -17.25144
 -15.72379 -15.72292 -15.72055 -15.71773 -15.71603 -15.71557 -15.70844 -15.68397
 -15.63468 -15.57057 -15.50767 -15.45984 -15.42879
 -14.12483 -14.12410 -14.12193 -14.11927 -14.11754 -14.11700 -14.11148 -14.09260
 -14.05464 -14.00662 -13.96265 -13.93448 -13.92096
 -12.84503 -12.84448 -12.84269 -12.84036 -12.83858 -12.83757 -12.83281 -12.81813
 -12.78933 -12.75310 -12.71982 -12.69820 -12.68735
 -11.81899 -11.81864 -11.81737 -11.81560 -11.81402 -11.81269 -11.80840 -11.79675
 -11.77481 -11.74747 -11.72231 -11.70568 -11.69697
 -10.99469 -10.99449 -10.99375 -10.99262 -10.99142 -10.99004 -10.98616 -10.97672
 -10.95970 -10.93894 -10.92033 -10.90870 -10.90331
 -10.33109 -10.33099 -10.33063 -10.33002 -10.32923 -10.32803 -10.32468 -10.31695
 -10.30342 -10.28732 -10.27348 -10.26585 -10.26343
  -9.79566  -9.79555  -9.79532  -9.79496  -9.79448  -9.79365  -9.79106  -9.78483
  -9.77384  -9.76085  -9.74997  -9.74456  -9.74358
  -9.36276  -9.36258  -9.36230  -9.36198  -9.36170  -9.36132  -9.35953  -9.35462
  -9.34550  -9.33456  -9.32538  -9.32085  -9.32011
  -9.01215  -9.01191  -9.01155  -9.01119  -9.01101  -9.01097  -9.00983  -9.00597
  -8.99831  -8.98888  -8.98081  -8.97661  -8.97562
  -8.72731  -8.72708  -8.72670  -8.72633  -8.72617  -8.72624  -8.72544  -8.72232
  -8.71590  -8.70788  -8.70089  -8.69709  -8.69596
  -8.49270  -8.49252  -8.49220  -8.49185  -8.49167  -8.49167  -8.49096  -8.48833
  -8.48297  -8.47628  -8.47041  -8.46713  -8.46605
  -8.29473  -8.29462  -8.29439  -8.29410  -8.29389  -8.29375  -8.29299  -8.29068
  -8.28621  -8.28069  -8.27586  -8.27313  -8.27219
  -8.12205  -8.12201  -8.12187  -8.12166  -8.12144  -8.12120  -8.12039  -8.11833
  -8.11455  -8.10998  -8.10600  -8.10374  -8.10295
  -7.96605  -7.96605  -7.96598  -7.96585  -7.96569  -7.96545  -7.96469  -7.96286
  -7.95960  -7.95570  -7.95230  -7.95037  -7.94969
  -7.82390  -7.82390  -7.82388  -7.82383  -7.82375  -7.82359  -7.82295  -7.82135
  -7.81849  -7.81503  -7.81202  -7.81029  -7.80966
  -7.69501  -7.69501  -7.69502  -7.69502  -7.69501  -7.69495  -7.69446  -7.69309
  -7.69053  -7.68740  -7.68465  -7.68305  -7.68243
  -7.57966  -7.57966  -7.57966  -7.57967  -7.57971  -7.57972  -7.57937  -7.57820
  -7.57592  -7.57308  -7.57055  -7.56903  -7.56841
  -7.47878  -7.47877  -7.47876  -7.47876  -7.47880  -7.47887  -7.47862  -7.47763
  -7.47560  -7.47302  -7.47069  -7.46924  -7.46860
  -7.39384  -7.39383  -7.39379  -7.39377  -7.39382  -7.39391  -7.39375  -7.39290
  -7.39107  -7.38873  -7.38657  -7.38519  -7.38453
  -7.32610  -7.32609  -7.32605  -7.32602  -7.32606  -7.32617  -7.32605  -7.32531
  -7.32365  -7.32150  -7.31949  -7.31818  -7.31751
  -7.27441  -7.27440  -7.27436  -7.27433  -7.27437  -7.27448  -7.27439  -7.27371
  -7.27219  -7.27018  -7.26831  -7.26705  -7.26639
  -7.23710  -7.23709  -7.23705  -7.23703  -7.23707  -7.23718  -7.23709  -7.23646
  -7.23503  -7.23315  -7.23137  -7.23015  -7.22949
  -7.21274  -7.21273  -7.21270  -7.21268  -7.21272  -7.21282  -7.21273  -7.21213
  -7.21077  -7.20897  -7.20725  -7.20605  -7.20536
  -7.19966  -7.19965  -7.19962  -7.19961  -7.19965  -7.19974  -7.19966  -7.19907
  -7.19775  -7.19601  -7.19432  -7.19309  -7.19234
  -7.19473  -7.19472  -7.19469  -7.19467  -7.19471  -7.19480  -7.19472  -7.19414
  -7.19285  -7.19114  -7.18945  -7.18817  -7.18734
  -7.19449  -7.19448  -7.19445  -7.19444  -7.19447  -7.19456  -7.19447  -7.19390
  -7.19264  -7.19094  -7.18924  -7.18790  -7.18698
  -7.19606  -7.19605  -7.19602  -7.19600  -7.19604  -7.19612  -7.19603  -7.19547
  -7.19423  -7.19255  -7.19083  -7.18942  -7.18841
  -7.19864  -7.19863  -7.19860  -7.19858  -7.19861  -7.19869  -7.19860  -7.19805
  -7.19683  -7.19517  -7.19343  -7.19196  -7.19085
  -7.20201  -7.20201  -7.20198  -7.20196  -7.20198  -7.20206  -7.20197  -7.20143
  -7.20023  -7.19859  -7.19684  -7.19529  -7.19409
  -7.20603  -7.20602  -7.20599  -7.20597  -7.20600  -7.20606  -7.20597  -7.20544
  -7.20427  -7.20264  -7.20087  -7.19926  -7.19797
  -7.21055  -7.21054  -7.21051  -7.21049  -7.21051  -7.21058  -7.21048  -7.20996
  -7.20881  -7.20720  -7.20542  -7.20374  -7.20236
  -7.21547  -7.21546  -7.21544  -7.21541  -7.21543  -7.21549  -7.21539  -7.21488
  -7.21376  -7.21216  -7.21036  -7.20862  -7.20714
  -7.22071  -7.22070  -7.22068  -7.22065  -7.22067  -7.22072  -7.22063  -7.22012
  -7.21902  -7.21744  -7.21563  -7.21382  -7.21225
  -7.22621  -7.22620  -7.22617  -7.22615  -7.22616  -7.22621  -7.22611  -7.22562
  -7.22454  -7.22297  -7.22114  -7.21927  -7.21760
  -7.23190  -7.23189  -7.23187  -7.23184  -7.23185  -7.23190  -7.23180  -7.23131
  -7.23025  -7.22871  -7.22686  -7.22492  -7.22316
  -7.23776  -7.23775  -7.23772  -7.23770  -7.23770  -7.23774  -7.23764  -7.23717
  -7.23613  -7.23460  -7.23274  -7.23073  -7.22888
  -7.24374  -7.24373  -7.24370  -7.24368  -7.24368  -7.24372  -7.24362  -7.24315
  -7.24214  -7.24062  -7.23875  -7.23667  -7.23473
  -7.24982  -7.24981  -7.24979  -7.24976  -7.24976  -7.24979  -7.24969  -7.24923
  -7.24824  -7.24675  -7.24485  -7.24271  -7.24067
  -7.25598  -7.25598  -7.25595  -7.25592  -7.25592  -7.25595  -7.25585  -7.25540
  -7.25443  -7.25295  -7.25104  -7.24883  -7.24670
  -7.26221  -7.26221  -7.26218  -7.26215  -7.26215  -7.26217  -7.26206  -7.26162
  -7.26068  -7.25921  -7.25729  -7.25502  -7.25279
  -7.26849  -7.26848  -7.26846  -7.26843  -7.26842  -7.26844  -7.26833  -7.26790
  -7.26697  -7.26553  -7.26359  -7.26125  -7.25893
  -7.27480  -7.27480  -7.27477  -7.27474  -7.27473  -7.27475  -7.27464  -7.27422
  -7.27332  -7.27189  -7.26993  -7.26752  -7.26511
  -7.28115  -7.28115  -7.28112  -7.28109  -7.28108  -7.28109  -7.28098  -7.28057
  -7.27969  -7.27827  -7.27631  -7.27383  -7.27133
  -7.28753  -7.28752  -7.28750  -7.28747  -7.28745  -7.28746  -7.28735  -7.28694
  -7.28608  -7.28469  -7.28270  -7.28016  -7.27756
  -7.29392  -7.29392  -7.29389  -7.29386  -7.29384  -7.29384  -7.29373  -7.29334
  -7.29250  -7.29112  -7.28912  -7.28651  -7.28382
  -7.30033  -7.30033  -7.30030  -7.30027  -7.30025  -7.30025  -7.30013  -7.29975
  -7.29893  -7.29757  -7.29556  -7.29288  -7.29010
  -7.30676  -7.30675  -7.30673  -7.30669  -7.30667  -7.30666  -7.30655  -7.30617
  -7.30538  -7.30403  -7.30200  -7.29926  -7.29638
  -7.31319  -7.31319  -7.31316  -7.31313  -7.31310  -7.31309  -7.31297  -7.31261
  -7.31184  -7.31051  -7.30846  -7.30565  -7.30268
  -7.31963  -7.31963  -7.31960  -7.31957  -7.31954  -7.31952  -7.31941  -7.31905
  -7.31830  -7.31699  -7.31493  -7.31205  -7.30899
  -7.32608  -7.32608  -7.32605  -7.32601  -7.32598  -7.32596  -7.32584  -7.32550
  -7.32477  -7.32348  -7.32140  -7.31846  -7.31530
 ---------------------------------------------------/ Z1= 3   / DATE= 22/07/91
 -23.23231 -23.23311 -23.22898 -23.21636 -23.19982 -23.18934 -23.19051 -23.15589
 -23.00325 -22.65646 -22.11978 -21.45022 -20.70897
 -20.23894 -20.24002 -20.23643 -20.22482 -20.21010 -20.20260 -20.20864 -20.18569
 -20.05918 -19.76050 -19.29911 -18.73567 -18.13311
 -17.85065 -17.85196 -17.84892 -17.83843 -17.82551 -17.82049 -17.83010 -17.81687
 -17.71434 -17.46175 -17.07260 -16.60909 -16.13406
 -15.94281 -15.94427 -15.94179 -15.93258 -15.92141 -15.91805 -15.92907 -15.92232
 -15.84016 -15.63025 -15.30820 -14.93421 -14.56799
 -14.41687 -14.41837 -14.41646 -14.40866 -14.39918 -14.39661 -14.40685 -14.40315
 -14.33729 -14.16565 -13.90395 -13.60686 -13.32789
 -13.19555 -13.19697 -13.19556 -13.18919 -13.18130 -13.17899 -13.18717 -13.18426
 -13.13123 -12.99292 -12.78382 -12.55103 -12.34027
 -12.21825 -12.21949 -12.21846 -12.21339 -12.20694 -12.20470 -12.21052 -12.20733
 -12.16435 -12.05390 -11.88866 -11.70774 -11.54894
 -11.43691 -11.43786 -11.43702 -11.43299 -11.42781 -11.42579 -11.42987 -11.42655
 -11.39151 -11.30300 -11.17192 -11.03068 -10.91039
 -10.80817 -10.80877 -10.80796 -10.80471 -10.80064 -10.79908 -10.80234 -10.79946
 -10.77085 -10.69899 -10.59345 -10.48149 -10.38925
 -10.29079 -10.29106 -10.29027 -10.28768 -10.28459 -10.28361 -10.28650 -10.28430
 -10.26104 -10.20252 -10.11701 -10.02753  -9.95606
  -9.84989  -9.84997  -9.84929  -9.84737  -9.84521  -9.84476  -9.84727  -9.84561
  -9.82710  -9.78052  -9.71273  -9.64250  -9.58765
  -9.46229  -9.46232  -9.46187  -9.46067  -9.45938  -9.45931  -9.46125  -9.45984
  -9.44564  -9.41030  -9.35912  -9.30638  -9.26564
  -9.11605  -9.11611  -9.11593  -9.11534  -9.11475  -9.11492  -9.11628  -9.11500
  -9.10450  -9.07897  -9.04221  -9.00439  -8.97515
  -8.80312  -8.80322  -8.80321  -8.80303  -8.80287  -8.80315  -8.80405  -8.80295
  -8.79539  -8.77745  -8.75179  -8.72538  -8.70485
  -8.52019  -8.52028  -8.52034  -8.52031  -8.52031  -8.52060  -8.52125  -8.52042
  -8.51501  -8.50229  -8.48416  -8.46554  -8.45111
  -8.26848  -8.26856  -8.26860  -8.26856  -8.26855  -8.26878  -8.26932  -8.26880
  -8.26490  -8.25558  -8.24225  -8.22862  -8.21820
  -8.05107  -8.05112  -8.05111  -8.05100  -8.05090  -8.05105  -8.05156  -8.05134
  -8.04848  -8.04129  -8.03091  -8.02035  -8.01243
  -7.87207  -7.87210  -7.87206  -7.87190  -7.87174  -7.87183  -7.87233  -7.87233
  -7.87017  -7.86443  -7.85604  -7.84747  -7.84110
  -7.73090  -7.73093  -7.73088  -7.73072  -7.73056  -7.73064  -7.73112  -7.73123
  -7.72957  -7.72491  -7.71798  -7.71084  -7.70543
  -7.62155  -7.62158  -7.62155  -7.62141  -7.62127  -7.62136  -7.62183  -7.62200
  -7.62067  -7.61673  -7.61081  -7.60462  -7.59979
  -7.53837  -7.53840  -7.53838  -7.53825  -7.53814  -7.53824  -7.53871  -7.53894
  -7.53779  -7.53425  -7.52888  -7.52324  -7.51882
  -7.47678  -7.47682  -7.47679  -7.47666  -7.47654  -7.47665  -7.47715  -7.47743
  -7.47637  -7.47297  -7.46780  -7.46241  -7.45831
  -7.43321  -7.43325  -7.43322  -7.43308  -7.43295  -7.43306  -7.43359  -7.43391
  -7.43288  -7.42951  -7.42436  -7.41907  -7.41519
  -7.40451  -7.40454  -7.40451  -7.40436  -7.40422  -7.40433  -7.40487  -7.40521
  -7.40421  -7.40086  -7.39575  -7.39054  -7.38678
  -7.38812  -7.38815  -7.38812  -7.38797  -7.38784  -7.38794  -7.38846  -7.38880
  -7.38783  -7.38457  -7.37959  -7.37447  -7.37073
  -7.38215  -7.38218  -7.38215  -7.38201  -7.38188  -7.38198  -7.38248  -7.38280
  -7.38186  -7.37871  -7.37387  -7.36884  -7.36502
  -7.38490  -7.38493  -7.38490  -7.38477  -7.38465  -7.38475  -7.38522  -7.38552
  -7.38459  -7.38152  -7.37679  -7.37177  -7.36781
  -7.39478  -7.39481  -7.39478  -7.39466  -7.39453  -7.39463  -7.39510  -7.39538
  -7.39445  -7.39139  -7.38664  -7.38155  -7.37738
  -7.41009  -7.41013  -7.41010  -7.40997  -7.40985  -7.40995  -7.41042  -7.41071
  -7.40975  -7.40661  -7.40172  -7.39643  -7.39202
  -7.42900  -7.42904  -7.42901  -7.42887  -7.42874  -7.42885  -7.42934  -7.42964
  -7.42864  -7.42536  -7.42026  -7.41471  -7.41004
  -7.44973  -7.44977  -7.44974  -7.44960  -7.44946  -7.44957  -7.45009  -7.45040
  -7.44935  -7.44592  -7.44058  -7.43474  -7.42979
  -7.47127  -7.47130  -7.47127  -7.47112  -7.47098  -7.47109  -7.47163  -7.47196
  -7.47087  -7.46729  -7.46169  -7.45557  -7.45034
  -7.49341  -7.49345  -7.49342  -7.49326  -7.49311  -7.49323  -7.49379  -7.49413
  -7.49299  -7.48926  -7.48342  -7.47701  -7.47151
  -7.51603  -7.51608  -7.51604  -7.51588  -7.51572  -7.51584  -7.51643  -7.51678
  -7.51560  -7.51171  -7.50563  -7.49893  -7.49315
  -7.53904  -7.53908  -7.53904  -7.53887  -7.53871  -7.53884  -7.53945  -7.53981
  -7.53858  -7.53455  -7.52821  -7.52123  -7.51518
  -7.56235  -7.56239  -7.56235  -7.56218  -7.56201  -7.56214  -7.56277  -7.56315
  -7.56187  -7.55769  -7.55111  -7.54384  -7.53751
  -7.58590  -7.58595  -7.58591  -7.58572  -7.58555  -7.58568  -7.58634  -7.58673
  -7.58541  -7.58107  -7.57424  -7.56668  -7.56008
  -7.60964  -7.60969  -7.60965  -7.60946  -7.60928  -7.60941  -7.61009  -7.61050
  -7.60913  -7.60464  -7.59757  -7.58972  -7.58284
  -7.63354  -7.63359  -7.63354  -7.63335  -7.63316  -7.63330  -7.63400  -7.63442
  -7.63301  -7.62836  -7.62105  -7.61292  -7.60576
  -7.65756  -7.65761  -7.65756  -7.65735  -7.65716  -7.65731  -7.65803  -7.65847
  -7.65701  -7.65221  -7.64464  -7.63623  -7.62880
  -7.68167  -7.68172  -7.68167  -7.68146  -7.68126  -7.68141  -7.68216  -7.68261
  -7.68110  -7.67615  -7.66834  -7.65964  -7.65193
  -7.70586  -7.70591  -7.70586  -7.70564  -7.70543  -7.70559  -7.70636  -7.70682
  -7.70527  -7.70016  -7.69211  -7.68312  -7.67514
  -7.73011  -7.73016  -7.73011  -7.72988  -7.72967  -7.72983  -7.73063  -7.73110
  -7.72950  -7.72424  -7.71594  -7.70667  -7.69841
  -7.75441  -7.75446  -7.75441  -7.75418  -7.75396  -7.75412  -7.75494  -7.75543
  -7.75378  -7.74837  -7.73983  -7.73026  -7.72173
  -7.77874  -7.77880  -7.77875  -7.77850  -7.77828  -7.77844  -7.77929  -7.77979
  -7.77810  -7.77254  -7.76374  -7.75389  -7.74509
  -7.80311  -7.80317  -7.80311  -7.80286  -7.80263  -7.80280  -7.80367  -7.80419
  -7.80245  -7.79673  -7.78769  -7.77756  -7.76847
  -7.82750  -7.82756  -7.82750  -7.82725  -7.82701  -7.82718  -7.82807  -7.82860
  -7.82682  -7.82095  -7.81167  -7.80124  -7.79188
  -7.85191  -7.85197  -7.85191  -7.85165  -7.85140  -7.85158  -7.85249  -7.85304
  -7.85121  -7.84519  -7.83566  -7.82495  -7.81531
  -7.87633  -7.87640  -7.87634  -7.87607  -7.87581  -7.87600  -7.87693  -7.87749
  -7.87562  -7.86944  -7.85967  -7.84867  -7.83876
  -7.90077  -7.90084  -7.90077  -7.90050  -7.90024  -7.90043  -7.90138  -7.90196
  -7.90004  -7.89371  -7.88369  -7.87240  -7.86222
  -7.92522  -7.92528  -7.92522  -7.92494  -7.92467  -7.92486  -7.92584  -7.92643
  -7.92446  -7.91798  -7.90772  -7.89615  -7.88568
 ---------------------------------------------------/ Z1= 4   / DATE= 22/07/91
 -69.89347 -69.89202 -69.89113 -69.89311 -69.89923 -69.90260 -69.89251 -69.86155
 -69.82766 -69.82065 -69.84098 -69.66142 -68.94847
 -57.38360 -57.38223 -57.38138 -57.38322 -57.38893 -57.39208 -57.38262 -57.35364
 -57.32230 -57.31700 -57.33929 -57.18214 -56.54123
 -47.43239 -47.43110 -47.43028 -47.43197 -47.43728 -47.44021 -47.43138 -47.40439
 -47.37559 -47.37201 -47.39625 -47.26152 -46.69265
 -39.51599 -39.51478 -39.51400 -39.51554 -39.52046 -39.52315 -39.51496 -39.48995
 -39.46370 -39.46184 -39.48803 -39.37572 -38.87889
 -33.21619 -33.21505 -33.21431 -33.21571 -33.22022 -33.22270 -33.21513 -33.19210
 -33.16841 -33.16825 -33.19640 -33.10651 -32.68171
 -28.19936 -28.19830 -28.19759 -28.19884 -28.20296 -28.20521 -28.19827 -28.17723
 -28.15608 -28.15765 -28.18775 -28.12027 -27.76751
 -24.20209 -24.20110 -24.20043 -24.20154 -24.20525 -24.20728 -24.20098 -24.18194
 -24.16334 -24.16657 -24.19849 -24.15312 -23.87184
 -21.01503 -21.01414 -21.01351 -21.01447 -21.01776 -21.01956 -21.01393 -20.99702
 -20.98101 -20.98560 -21.01842 -20.99312 -20.77956
 -18.47206 -18.47127 -18.47070 -18.47151 -18.47434 -18.47589 -18.47104 -18.45649
 -18.44313 -18.44846 -18.48029 -18.47089 -18.31733
 -16.44133 -16.44067 -16.44019 -16.44084 -16.44315 -16.44443 -16.44050 -16.42869
 -16.41807 -16.42318 -16.45116 -16.45135 -16.34611
 -14.81809 -14.81760 -14.81724 -14.81772 -14.81945 -14.82043 -14.81757 -14.80889
 -14.80108 -14.80487 -14.82572 -14.82792 -14.75658
 -13.51887 -13.51855 -13.51831 -13.51864 -13.51980 -13.52049 -13.51869 -13.51309
 -13.50787 -13.50977 -13.52213 -13.52157 -13.47227
 -12.47685 -12.47666 -12.47653 -12.47673 -12.47743 -12.47788 -12.47693 -12.47379
 -12.47057 -12.47077 -12.47584 -12.47160 -12.43654
 -11.63953 -11.63942 -11.63935 -11.63947 -11.63989 -11.64019 -11.63971 -11.63798
 -11.63594 -11.63519 -11.63619 -11.63046 -11.60538
 -10.96541 -10.96534 -10.96529 -10.96537 -10.96565 -10.96586 -10.96557 -10.96445
 -10.96296 -10.96193 -10.96146 -10.95618 -10.93814
 -10.42155 -10.42149 -10.42145 -10.42151 -10.42172 -10.42187 -10.42164 -10.42077
 -10.41956 -10.41860 -10.41795 -10.41382 -10.40060
  -9.98202  -9.98198  -9.98195  -9.98199  -9.98213  -9.98224  -9.98207  -9.98143
  -9.98053  -9.97973  -9.97905  -9.97575  -9.96579
  -9.62621  -9.62619  -9.62617  -9.62619  -9.62627  -9.62633  -9.62623  -9.62586
  -9.62528  -9.62465  -9.62388  -9.62100  -9.61317
  -9.33780  -9.33779  -9.33778  -9.33779  -9.33782  -9.33785  -9.33781  -9.33765
  -9.33733  -9.33683  -9.33597  -9.33331  -9.32683
  -9.10389  -9.10388  -9.10388  -9.10388  -9.10390  -9.10391  -9.10390  -9.10382
  -9.10361  -9.10317  -9.10229  -9.09984  -9.09429
  -8.91424  -8.91423  -8.91423  -8.91424  -8.91427  -8.91428  -8.91424  -8.91409
  -8.91379  -8.91331  -8.91252  -8.91043  -8.90568
  -8.76050  -8.76048  -8.76047  -8.76049  -8.76055  -8.76059  -8.76050  -8.76018
  -8.75969  -8.75912  -8.75847  -8.75681  -8.75277
  -8.63589  -8.63586  -8.63584  -8.63587  -8.63597  -8.63605  -8.63592  -8.63546
  -8.63479  -8.63414  -8.63364  -8.63235  -8.62888
  -8.53511  -8.53508  -8.53505  -8.53509  -8.53522  -8.53532  -8.53521  -8.53472
  -8.53401  -8.53336  -8.53292  -8.53183  -8.52877
  -8.45415  -8.45411  -8.45409  -8.45412  -8.45425  -8.45436  -8.45428  -8.45385
  -8.45321  -8.45261  -8.45219  -8.45117  -8.44835
  -8.38987  -8.38985  -8.38983  -8.38985  -8.38994  -8.39000  -8.38991  -8.38957
  -8.38906  -8.38856  -8.38814  -8.38711  -8.38442
  -8.33979  -8.33980  -8.33980  -8.33980  -8.33978  -8.33971  -8.33955  -8.33928
  -8.33892  -8.33855  -8.33815  -8.33709  -8.33443
  -8.30164  -8.30168  -8.30171  -8.30167  -8.30153  -8.30130  -8.30105  -8.30082
  -8.30061  -8.30038  -8.30000  -8.29889  -8.29621
  -8.27349  -8.27355  -8.27360  -8.27353  -8.27328  -8.27292  -8.27259  -8.27242
  -8.27235  -8.27223  -8.27187  -8.27070  -8.26797
  -8.25372  -8.25380  -8.25386  -8.25378  -8.25349  -8.25308  -8.25275  -8.25265
  -8.25270  -8.25266  -8.25229  -8.25104  -8.24825
  -8.24112  -8.24119  -8.24124  -8.24117  -8.24093  -8.24060  -8.24036  -8.24037
  -8.24050  -8.24049  -8.24007  -8.23875  -8.23594
  -8.23503  -8.23507  -8.23510  -8.23506  -8.23492  -8.23475  -8.23466  -8.23475
  -8.23490  -8.23487  -8.23441  -8.23306  -8.23027
  -8.23507  -8.23508  -8.23508  -8.23508  -8.23505  -8.23502  -8.23504  -8.23514
  -8.23522  -8.23514  -8.23470  -8.23344  -8.23073
  -8.24076  -8.24075  -8.24074  -8.24075  -8.24080  -8.24086  -8.24090  -8.24088
  -8.24078  -8.24061  -8.24031  -8.23928  -8.23674
  -8.25070  -8.25067  -8.25065  -8.25067  -8.25076  -8.25086  -8.25084  -8.25060
  -8.25025  -8.24998  -8.24988  -8.24923  -8.24689
  -8.26327  -8.26323  -8.26319  -8.26322  -8.26335  -8.26345  -8.26333  -8.26282
  -8.26218  -8.26180  -8.26196  -8.26172  -8.25962
  -8.27711  -8.27706  -8.27701  -8.27705  -8.27720  -8.27730  -8.27707  -8.27629
  -8.27534  -8.27485  -8.27527  -8.27547  -8.27361
  -8.29176  -8.29170  -8.29164  -8.29168  -8.29186  -8.29196  -8.29162  -8.29056
  -8.28931  -8.28871  -8.28939  -8.29003  -8.28842
  -8.30705  -8.30698  -8.30691  -8.30696  -8.30717  -8.30727  -8.30681  -8.30548
  -8.30392  -8.30322  -8.30416  -8.30523  -8.30386
  -8.32286  -8.32277  -8.32269  -8.32274  -8.32299  -8.32308  -8.32252  -8.32091
  -8.31905  -8.31823  -8.31944  -8.32095  -8.31981
  -8.33907  -8.33897  -8.33888  -8.33894  -8.33921  -8.33930  -8.33863  -8.33675
  -8.33458  -8.33366  -8.33512  -8.33707  -8.33618
  -8.35560  -8.35549  -8.35539  -8.35545  -8.35575  -8.35585  -8.35506  -8.35291
  -8.35043  -8.34940  -8.35112  -8.35351  -8.35286
  -8.37239  -8.37226  -8.37216  -8.37223  -8.37255  -8.37265  -8.37175  -8.36932
  -8.36654  -8.36540  -8.36739  -8.37021  -8.36980
  -8.38938  -8.38924  -8.38913  -8.38920  -8.38956  -8.38965  -8.38864  -8.38594
  -8.38286  -8.38160  -8.38385  -8.38711  -8.38694
  -8.40653  -8.40639  -8.40626  -8.40634  -8.40672  -8.40681  -8.40570  -8.40272
  -8.39933  -8.39797  -8.40048  -8.40417  -8.40425
  -8.42381  -8.42366  -8.42352  -8.42360  -8.42402  -8.42411  -8.42288  -8.41963
  -8.41594  -8.41446  -8.41723  -8.42136  -8.42168
  -8.44120  -8.44103  -8.44088  -8.44097  -8.44141  -8.44150  -8.44016  -8.43664
  -8.43264  -8.43106  -8.43409  -8.43866  -8.43921
  -8.45866  -8.45848  -8.45832  -8.45842  -8.45889  -8.45898  -8.45753  -8.45373
  -8.44943  -8.44773  -8.45103  -8.45603  -8.45683
  -8.47619  -8.47600  -8.47583  -8.47593  -8.47643  -8.47652  -8.47496  -8.47088
  -8.46628  -8.46447  -8.46803  -8.47347  -8.47451
  -8.49377  -8.49356  -8.49339  -8.49350  -8.49402  -8.49411  -8.49244  -8.48809
  -8.48318  -8.48127  -8.48508  -8.49096  -8.49224
  -8.51139  -8.51117  -8.51099  -8.51110  -8.51165  -8.51174  -8.50996  -8.50533
  -8.50012  -8.49810  -8.50218  -8.50849  -8.51001
 ---------------------------------------------------/ Z1= 5   / DATE= 22/07/91
 -74.00000 -74.00000 -74.00000 -74.00000 -74.00000 -74.00000 -74.00000 -74.00000
 -74.00000 -74.00000 -74.00000 -74.00000 -74.00000
 -71.18593 -71.18735 -71.19005 -71.19089 -71.18623 -71.17534 -71.16614 -71.16806
 -71.17830 -71.15851 -71.06386 -70.81433 -70.22744
 -58.46270 -58.46391 -58.46620 -58.46692 -58.46296 -58.45366 -58.44556 -58.44648
 -58.45388 -58.43510 -58.35202 -58.13201 -57.60215
 -48.34514 -48.34613 -48.34803 -48.34862 -48.34535 -48.33764 -48.33065 -48.33057
 -48.33512 -48.31736 -48.24583 -48.05535 -47.58252
 -40.29769 -40.29847 -40.29996 -40.30042 -40.29786 -40.29173 -40.28584 -40.28477
 -40.28648 -40.26973 -40.20976 -40.04880 -39.63299
 -33.89314 -33.89371 -33.89479 -33.89513 -33.89326 -33.88872 -33.88393 -33.88187
 -33.88073 -33.86499 -33.81659 -33.68516 -33.32636
 -28.79409 -28.79444 -28.79512 -28.79533 -28.79416 -28.79120 -28.78753 -28.78446
 -28.78049 -28.76576 -28.72891 -28.62701 -28.32524
 -24.73202 -24.73216 -24.73243 -24.73251 -24.73205 -24.73067 -24.72810 -24.72404
 -24.71722 -24.70351 -24.67822 -24.60584 -24.36109
 -21.49364 -21.49357 -21.49345 -21.49341 -21.49362 -21.49380 -21.49230 -21.48728
 -21.47770 -21.46502 -21.45110 -21.40776 -21.21938
 -18.90968 -18.90944 -18.90898 -18.90884 -18.90962 -18.91110 -18.91053 -18.90471
 -18.89290 -18.88138 -18.87770 -18.86054 -18.72467
 -16.84569 -16.84534 -16.84468 -16.84447 -16.84562 -16.84792 -16.84795 -16.84171
 -16.82869 -16.81858 -16.82288 -16.82624 -16.73519
 -15.19505 -15.19469 -15.19400 -15.19378 -15.19498 -15.19739 -15.19755 -15.19141
 -15.17873 -15.17041 -15.17932 -15.19469 -15.13697
 -13.87247 -13.87221 -13.87170 -13.87154 -13.87242 -13.87413 -13.87390 -13.86848
 -13.85790 -13.85175 -13.86131 -13.87876 -13.84068
 -12.81041 -12.81029 -12.81006 -12.80998 -12.81039 -12.81106 -12.81025 -12.80592
 -12.79831 -12.79429 -12.80189 -12.81505 -12.78675
 -11.95475 -11.95475 -11.95473 -11.95472 -11.95475 -11.95461 -11.95344 -11.95024
 -11.94536 -11.94292 -11.94774 -11.95499 -11.93175
 -11.26255 -11.26257 -11.26261 -11.26262 -11.26255 -11.26224 -11.26122 -11.25895
 -11.25568 -11.25393 -11.25660 -11.26001 -11.24129
 -10.70119 -10.70118 -10.70117 -10.70117 -10.70119 -10.70113 -10.70056 -10.69898
 -10.69647 -10.69480 -10.69607 -10.69764 -10.68323
 -10.24529 -10.24524 -10.24516 -10.24514 -10.24528 -10.24553 -10.24541 -10.24431
 -10.24217 -10.24045 -10.24085 -10.24160 -10.23074
  -9.87475  -9.87470  -9.87460  -9.87457  -9.87474  -9.87508  -9.87513  -9.87435
  -9.87262  -9.87104  -9.87095  -9.87107  -9.86264
  -9.57309  -9.57305  -9.57299  -9.57297  -9.57308  -9.57331  -9.57333  -9.57276
  -9.57148  -9.57024  -9.56992  -9.56951  -9.56257
  -9.32709  -9.32708  -9.32706  -9.32706  -9.32709  -9.32714  -9.32703  -9.32659
  -9.32577  -9.32495  -9.32459  -9.32381  -9.31778
  -9.12634  -9.12635  -9.12637  -9.12637  -9.12634  -9.12624  -9.12604  -9.12572
  -9.12528  -9.12485  -9.12459  -9.12365  -9.11830
  -8.96254  -8.96256  -8.96259  -8.96260  -8.96255  -8.96242  -8.96224  -8.96205
  -8.96188  -8.96174  -8.96162  -8.96076  -8.95612
  -8.82930  -8.82931  -8.82933  -8.82933  -8.82930  -8.82923  -8.82914  -8.82907
  -8.82904  -8.82904  -8.82905  -8.82839  -8.82447
  -8.72155  -8.72154  -8.72154  -8.72154  -8.72155  -8.72155  -8.72156  -8.72155
  -8.72151  -8.72150  -8.72155  -8.72110  -8.71779
  -8.63517  -8.63516  -8.63514  -8.63514  -8.63517  -8.63524  -8.63528  -8.63524
  -8.63508  -8.63491  -8.63487  -8.63450  -8.63163
  -8.56649  -8.56647  -8.56644  -8.56644  -8.56648  -8.56659  -8.56664  -8.56651
  -8.56616  -8.56577  -8.56558  -8.56523  -8.56265
  -8.51238  -8.51237  -8.51233  -8.51232  -8.51238  -8.51250  -8.51253  -8.51233
  -8.51182  -8.51126  -8.51094  -8.51059  -8.50824
  -8.47037  -8.47035  -8.47031  -8.47030  -8.47036  -8.47048  -8.47051  -8.47028
  -8.46971  -8.46908  -8.46874  -8.46843  -8.46627
  -8.43865  -8.43863  -8.43860  -8.43859  -8.43864  -8.43876  -8.43879  -8.43856
  -8.43801  -8.43741  -8.43711  -8.43688  -8.43489
  -8.41585  -8.41583  -8.41580  -8.41579  -8.41584  -8.41595  -8.41599  -8.41578
  -8.41529  -8.41477  -8.41454  -8.41439  -8.41253
  -8.40087  -8.40085  -8.40082  -8.40082  -8.40086  -8.40097  -8.40100  -8.40082
  -8.40039  -8.39994  -8.39977  -8.39967  -8.39790
  -8.39282  -8.39281  -8.39278  -8.39277  -8.39282  -8.39292  -8.39295  -8.39279
  -8.39238  -8.39196  -8.39181  -8.39171  -8.38997
  -8.39101  -8.39099  -8.39097  -8.39096  -8.39100  -8.39110  -8.39113  -8.39097
  -8.39056  -8.39014  -8.38997  -8.38983  -8.38809
  -8.39484  -8.39483  -8.39480  -8.39479  -8.39484  -8.39493  -8.39496  -8.39480
  -8.39439  -8.39395  -8.39375  -8.39356  -8.39178
  -8.40366  -8.40364  -8.40362  -8.40361  -8.40366  -8.40375  -8.40378  -8.40361
  -8.40320  -8.40276  -8.40252  -8.40228  -8.40044
  -8.41613  -8.41611  -8.41609  -8.41608  -8.41612  -8.41622  -8.41625  -8.41608
  -8.41567  -8.41522  -8.41495  -8.41466  -8.41276
  -8.43080  -8.43078  -8.43076  -8.43075  -8.43079  -8.43088  -8.43092  -8.43075
  -8.43035  -8.42989  -8.42960  -8.42925  -8.42727
  -8.44648  -8.44647  -8.44644  -8.44643  -8.44648  -8.44657  -8.44660  -8.44644
  -8.44604  -8.44557  -8.44526  -8.44485  -8.44280
  -8.46282  -8.46280  -8.46278  -8.46277  -8.46281  -8.46290  -8.46294  -8.46278
  -8.46238  -8.46191  -8.46157  -8.46111  -8.45899
  -8.47967  -8.47966  -8.47964  -8.47963  -8.47967  -8.47976  -8.47979  -8.47964
  -8.47925  -8.47877  -8.47840  -8.47789  -8.47569
  -8.49694  -8.49693  -8.49691  -8.49690  -8.49694  -8.49703  -8.49706  -8.49691
  -8.49652  -8.49604  -8.49565  -8.49509  -8.49281
  -8.51454  -8.51453  -8.51451  -8.51450  -8.51454  -8.51463  -8.51466  -8.51451
  -8.51413  -8.51364  -8.51323  -8.51261  -8.51025
  -8.53240  -8.53239  -8.53237  -8.53236  -8.53240  -8.53249  -8.53252  -8.53237
  -8.53199  -8.53150  -8.53106  -8.53039  -8.52796
  -8.55047  -8.55045  -8.55043  -8.55042  -8.55046  -8.55055  -8.55058  -8.55044
  -8.55007  -8.54957  -8.54910  -8.54838  -8.54587
  -8.56870  -8.56868  -8.56866  -8.56865  -8.56869  -8.56878  -8.56881  -8.56867
  -8.56830  -8.56780  -8.56731  -8.56653  -8.56395
  -8.58706  -8.58705  -8.58702  -8.58701  -8.58706  -8.58714  -8.58717  -8.58704
  -8.58667  -8.58616  -8.58564  -8.58481  -8.58215
  -8.60552  -8.60551  -8.60549  -8.60548  -8.60552  -8.60560  -8.60564  -8.60550
  -8.60514  -8.60463  -8.60408  -8.60320  -8.60046
  -8.62407  -8.62406  -8.62403  -8.62403  -8.62407  -8.62415  -8.62418  -8.62405
  -8.62369  -8.62318  -8.62261  -8.62167  -8.61886
  -8.64268  -8.64267  -8.64265  -8.64264  -8.64268  -8.64276  -8.64279  -8.64267
  -8.64231  -8.64179  -8.64119  -8.64020  -8.63732
  -8.66134  -8.66133  -8.66131  -8.66130  -8.66134  -8.66142  -8.66146  -8.66133
  -8.66098  -8.66046  -8.65983  -8.65879  -8.65583
 ---------------------------------------------------/ Z1= 6   / DATE= 22/07/91
 -74.00000 -74.00000 -74.00000 -74.00000 -74.00000 -74.00000 -74.00000 -74.00000
 -74.00000 -74.00000 -74.00000 -74.00000 -74.00000
 -74.00000 -74.00000 -74.00000 -74.00000 -74.00000 -74.00000 -74.00000 -74.00000
 -74.00000 -74.00000 -74.00000 -74.00000 -74.00000
 -70.32413 -70.32495 -70.32921 -70.33364 -70.33109 -70.31517 -70.29551 -70.29567
 -70.33590 -70.36699 -70.27928 -69.96284 -69.33955
 -57.82181 -57.82254 -57.82633 -57.83027 -57.82797 -57.81372 -57.79610 -57.79608
 -57.83164 -57.85871 -57.77917 -57.49436 -56.92885
 -47.88180 -47.88245 -47.88577 -47.88921 -47.88715 -47.87458 -47.85900 -47.85879
 -47.88969 -47.91275 -47.84138 -47.58819 -47.08045
 -39.97532 -39.97588 -39.97873 -39.98167 -39.97986 -39.96897 -39.95543 -39.95503
 -39.98127 -40.00032 -39.93711 -39.71554 -39.26558
 -33.68473 -33.68521 -33.68760 -33.69004 -33.68847 -33.67926 -33.66776 -33.66717
 -33.68875 -33.70378 -33.64874 -33.45880 -33.06661
 -28.67769 -28.67808 -28.68001 -28.68195 -28.68063 -28.67309 -28.66363 -28.66286
 -28.67977 -28.69079 -28.64392 -28.48560 -28.15119
 -24.69017 -24.69047 -24.69192 -24.69337 -24.69229 -24.68643 -24.67902 -24.67805
 -24.69031 -24.69731 -24.65860 -24.53191 -24.25527
 -21.51247 -21.51268 -21.51367 -21.51462 -21.51379 -21.50961 -21.50423 -21.50307
 -21.51067 -21.51367 -21.48312 -21.38802 -21.16911
 -18.97770 -18.97783 -18.97837 -18.97885 -18.97825 -18.97568 -18.97228 -18.97094
 -18.97407 -18.97322 -18.95058 -18.88600 -18.72313
 -16.95296 -16.95303 -16.95318 -16.95324 -16.95287 -16.95173 -16.95007 -16.94859
 -16.94781 -16.94366 -16.92813 -16.89074 -16.77861
 -15.33195 -15.33195 -15.33182 -15.33159 -15.33141 -15.33139 -15.33108 -15.32953
 -15.32580 -15.31924 -15.30947 -15.29362 -15.22324
 -14.03091 -14.03088 -14.03059 -14.03023 -14.03020 -14.03087 -14.03137 -14.02983
 -14.02449 -14.01679 -14.01090 -14.00868 -13.96748
 -12.98368 -12.98363 -12.98333 -12.98298 -12.98306 -12.98397 -12.98477 -12.98333
 -12.97770 -12.97008 -12.96624 -12.96990 -12.94536
 -12.13845 -12.13840 -12.13815 -12.13789 -12.13803 -12.13891 -12.13968 -12.13839
 -12.13329 -12.12652 -12.12359 -12.12837 -12.11222
 -11.45459 -11.45455 -11.45436 -11.45418 -11.45433 -11.45508 -11.45570 -11.45459
 -11.45031 -11.44466 -11.44227 -11.44646 -11.43483
 -10.90000 -10.89996 -10.89982 -10.89968 -10.89980 -10.90039 -10.90087 -10.89996
 -10.89648 -10.89193 -10.89007 -10.89364 -10.88521
 -10.44940 -10.44937 -10.44925 -10.44913 -10.44921 -10.44966 -10.45001 -10.44927
 -10.44653 -10.44296 -10.44157 -10.44456 -10.43832
 -10.08294 -10.08292 -10.08282 -10.08272 -10.08276 -10.08308 -10.08334 -10.08275
 -10.08062 -10.07786 -10.07682 -10.07918 -10.07435
  -9.78470  -9.78469  -9.78461  -9.78453  -9.78455  -9.78478  -9.78496  -9.78449
  -9.78283  -9.78070  -9.77984  -9.78154  -9.77754
  -9.54173  -9.54172  -9.54166  -9.54160  -9.54161  -9.54179  -9.54191  -9.54154
  -9.54024  -9.53854  -9.53775  -9.53882  -9.53526
  -9.34369  -9.34368  -9.34363  -9.34359  -9.34360  -9.34375  -9.34385  -9.34355
  -9.34250  -9.34110  -9.34031  -9.34084  -9.33752
  -9.18251  -9.18250  -9.18246  -9.18242  -9.18244  -9.18258  -9.18269  -9.18246
  -9.18158  -9.18034  -9.17954  -9.17970  -9.17661
  -9.05160  -9.05159  -9.05155  -9.05151  -9.05153  -9.05168  -9.05182  -9.05164
  -9.05087  -9.04975  -9.04893  -9.04889  -9.04610
  -8.94546  -8.94545  -8.94540  -8.94536  -8.94538  -8.94554  -8.94570  -8.94558
  -8.94492  -8.94391  -8.94314  -8.94302  -8.94051
  -8.85969  -8.85968  -8.85964  -8.85960  -8.85962  -8.85977  -8.85993  -8.85988
  -8.85937  -8.85855  -8.85791  -8.85776  -8.85545
  -8.79094  -8.79094  -8.79090  -8.79087  -8.79089  -8.79100  -8.79114  -8.79113
  -8.79081  -8.79028  -8.78984  -8.78970  -8.78747
  -8.73671  -8.73671  -8.73669  -8.73667  -8.73668  -8.73674  -8.73682  -8.73683
  -8.73667  -8.73640  -8.73619  -8.73610  -8.73395
  -8.69506  -8.69506  -8.69506  -8.69506  -8.69506  -8.69506  -8.69506  -8.69501
  -8.69491  -8.69480  -8.69476  -8.69480  -8.69281
  -8.66424  -8.66424  -8.66425  -8.66427  -8.66426  -8.66421  -8.66410  -8.66396
  -8.66380  -8.66370  -8.66376  -8.66396  -8.66222
  -8.64253  -8.64254  -8.64257  -8.64260  -8.64258  -8.64248  -8.64228  -8.64203
  -8.64178  -8.64161  -8.64167  -8.64198  -8.64045
  -8.62850  -8.62851  -8.62855  -8.62859  -8.62857  -8.62843  -8.62818  -8.62786
  -8.62753  -8.62730  -8.62729  -8.62753  -8.62606
  -8.62093  -8.62094  -8.62098  -8.62102  -8.62100  -8.62086  -8.62060  -8.62029
  -8.61998  -8.61974  -8.61959  -8.61951  -8.61785
  -8.61904  -8.61904  -8.61907  -8.61910  -8.61909  -8.61898  -8.61879  -8.61856
  -8.61832  -8.61809  -8.61780  -8.61736  -8.61548
  -8.62249  -8.62249  -8.62250  -8.62250  -8.62250  -8.62248  -8.62241  -8.62225
  -8.62198  -8.62162  -8.62131  -8.62109  -8.61960
  -8.63107  -8.63107  -8.63103  -8.63100  -8.63102  -8.63113  -8.63123  -8.63109
  -8.63047  -8.62972  -8.62961  -8.63080  -8.63092
  -8.64402  -8.64400  -8.64392  -8.64383  -8.64387  -8.64417  -8.64448  -8.64425
  -8.64298  -8.64151  -8.64186  -8.64575  -8.64884
  -8.65989  -8.65986  -8.65972  -8.65956  -8.65964  -8.66016  -8.66070  -8.66032
  -8.65818  -8.65581  -8.65678  -8.66419  -8.67108
  -8.67729  -8.67725  -8.67703  -8.67681  -8.67692  -8.67767  -8.67845  -8.67791
  -8.67483  -8.67147  -8.67312  -8.68435  -8.69537
  -8.69537  -8.69531  -8.69503  -8.69474  -8.69489  -8.69586  -8.69689  -8.69618
  -8.69215  -8.68781  -8.69013  -8.70521  -8.72036
  -8.71396  -8.71388  -8.71354  -8.71318  -8.71336  -8.71456  -8.71583  -8.71495
  -8.70998  -8.70465  -8.70766  -8.72657  -8.74586
  -8.73295  -8.73286  -8.73246  -8.73203  -8.73224  -8.73367  -8.73519  -8.73414
  -8.72822  -8.72191  -8.72559  -8.74835  -8.77178
  -8.75227  -8.75217  -8.75170  -8.75120  -8.75145  -8.75311  -8.75486  -8.75365
  -8.74678  -8.73948  -8.74385  -8.77044  -8.79801
  -8.77184  -8.77173  -8.77119  -8.77062  -8.77091  -8.77280  -8.77479  -8.77341
  -8.76560  -8.75731  -8.76236  -8.79279  -8.82450
  -8.79162  -8.79149  -8.79089  -8.79025  -8.79057  -8.79269  -8.79493  -8.79337
  -8.78462  -8.77535  -8.78107  -8.81535  -8.85119
  -8.81156  -8.81141  -8.81074  -8.81004  -8.81039  -8.81274  -8.81522  -8.81350
  -8.80380  -8.79354  -8.79995  -8.83807  -8.87804
  -8.83162  -8.83147  -8.83073  -8.82996  -8.83035  -8.83292  -8.83564  -8.83376
  -8.82311  -8.81187  -8.81895  -8.86091  -8.90503
  -8.85179  -8.85162  -8.85082  -8.84998  -8.85040  -8.85321  -8.85617  -8.85412
  -8.84252  -8.83030  -8.83806  -8.88386  -8.93211
  -8.87204  -8.87186  -8.87099  -8.87008  -8.87054  -8.87357  -8.87678  -8.87456
  -8.86201  -8.84880  -8.85724  -8.90688  -8.95928
  -8.89235  -8.89216  -8.89123  -8.89025  -8.89074  -8.89400  -8.89745  -8.89506
  -8.88157  -8.86738  -8.87649  -8.92997  -8.98650
 ---------------------------------------------------/ Z1= 7   / DATE= 22/07/91
 -74.00000 -74.00000 -74.00000 -74.00000 -74.00000 -74.00000 -74.00000 -74.00000
 -74.00000 -74.00000 -74.00000 -74.00000 -74.00000
 -74.00000 -74.00000 -74.00000 -74.00000 -74.00000 -74.00000 -74.00000 -74.00000
 -74.00000 -74.00000 -74.00000 -74.00000 -74.00000
 -74.00000 -74.00000 -74.00000 -74.00000 -74.00000 -74.00000 -74.00000 -74.00000
 -74.00000 -74.00000 -74.00000 -74.00000 -74.00000
 -71.17499 -71.17423 -71.17686 -71.18227 -71.18285 -71.16962 -71.14235 -71.12792
 -71.15847 -71.22729 -71.20683 -70.94612 -70.33469
 -58.55214 -58.55146 -58.55385 -58.55877 -58.55931 -58.54734 -58.52261 -58.50942
 -58.53682 -58.59867 -58.57939 -58.34221 -57.78522
 -48.51402 -48.51341 -48.51557 -48.52000 -48.52050 -48.50978 -48.48760 -48.47565
 -48.49989 -48.55477 -48.53667 -48.32302 -47.82048
 -40.52981 -40.52927 -40.53119 -40.53513 -40.53559 -40.52613 -40.50649 -40.49578
 -40.51688 -40.56478 -40.54786 -40.35773 -39.90964
 -34.17705 -34.17658 -34.17826 -34.18171 -34.18214 -34.17393 -34.15683 -34.14737
 -34.16531 -34.20623 -34.19050 -34.02389 -33.63026
 -29.12014 -29.11974 -29.12119 -29.12414 -29.12454 -29.11758 -29.10303 -29.09481
 -29.10959 -29.14355 -29.12900 -28.98592 -28.64673
 -25.09258 -25.09226 -25.09347 -25.09593 -25.09629 -25.09059 -25.07858 -25.07160
 -25.08323 -25.11021 -25.09685 -24.97729 -24.69255
 -21.88266 -21.88242 -21.88338 -21.88536 -21.88568 -21.88123 -21.87176 -21.86603
 -21.87451 -21.89452 -21.88233 -21.78630 -21.55600
 -19.32212 -19.32195 -19.32268 -19.32417 -19.32446 -19.32124 -19.31428 -19.30977
 -19.31515 -19.32829 -19.31729 -19.24447 -19.06792
 -17.27571 -17.27560 -17.27611 -17.27714 -17.27739 -17.27532 -17.27069 -17.26732
 -17.26985 -17.27667 -17.26684 -17.21566 -17.08935
 -15.63664 -15.63659 -15.63691 -15.63755 -15.63776 -15.63665 -15.63400 -15.63163
 -15.63178 -15.63332 -15.62464 -15.59209 -15.50924
 -14.31945 -14.31943 -14.31960 -14.31994 -14.32010 -14.31969 -14.31851 -14.31691
 -14.31540 -14.31320 -14.30563 -14.28727 -14.23784
 -13.25660 -13.25661 -13.25667 -13.25680 -13.25692 -13.25691 -13.25659 -13.25552
 -13.25316 -13.24902 -13.24253 -13.23311 -13.20538
 -12.39745 -12.39746 -12.39746 -12.39746 -12.39752 -12.39770 -12.39784 -12.39711
 -12.39455 -12.38978 -12.38426 -12.37979 -12.36465
 -11.70267 -11.70267 -11.70263 -11.70254 -11.70255 -11.70281 -11.70320 -11.70275
 -11.70035 -11.69569 -11.69100 -11.68900 -11.68080
 -11.14100 -11.14100 -11.14091 -11.14076 -11.14073 -11.14105 -11.14164 -11.14149
 -11.13941 -11.13510 -11.13107 -11.13038 -11.12627
 -10.68629 -10.68629 -10.68618 -10.68598 -10.68592 -10.68628 -10.68702 -10.68713
 -10.68543 -10.68161 -10.67815 -10.67806 -10.67617
 -10.31753 -10.31754 -10.31744 -10.31723 -10.31715 -10.31750 -10.31827 -10.31854
 -10.31723 -10.31403 -10.31114 -10.31124 -10.31031
 -10.01805 -10.01809 -10.01802 -10.01784 -10.01777 -10.01806 -10.01873 -10.01902
 -10.01803 -10.01553 -10.01327 -10.01341 -10.01273
  -9.77450  -9.77455  -9.77452  -9.77439  -9.77434  -9.77455  -9.77503  -9.77525
  -9.77453  -9.77270  -9.77104  -9.77115  -9.77032
  -9.57636  -9.57641  -9.57639  -9.57632  -9.57628  -9.57641  -9.57672  -9.57683
  -9.57631  -9.57503  -9.57386  -9.57388  -9.57277
  -9.41526  -9.41525  -9.41522  -9.41516  -9.41514  -9.41524  -9.41544  -9.41549
  -9.41508  -9.41413  -9.41324  -9.41315  -9.41188
  -9.28449  -9.28437  -9.28427  -9.28419  -9.28418  -9.28429  -9.28450  -9.28457
  -9.28420  -9.28330  -9.28244  -9.28226  -9.28111
  -9.17865  -9.17842  -9.17824  -9.17813  -9.17813  -9.17827  -9.17854  -9.17864
  -9.17827  -9.17731  -9.17636  -9.17612  -9.17526
  -9.09340  -9.09314  -9.09293  -9.09281  -9.09281  -9.09296  -9.09323  -9.09334
  -9.09295  -9.09198  -9.09102  -9.09079  -9.09015
  -9.02531  -9.02510  -9.02494  -9.02486  -9.02486  -9.02497  -9.02515  -9.02518
  -9.02481  -9.02398  -9.02318  -9.02303  -9.02245
  -8.97167  -8.97157  -8.97150  -8.97147  -8.97148  -8.97151  -8.97155  -8.97147
  -8.97112  -8.97051  -8.96997  -8.96993  -8.96932
  -8.93033  -8.93034  -8.93035  -8.93037  -8.93037  -8.93034  -8.93026  -8.93007
  -8.92975  -8.92930  -8.92897  -8.92903  -8.92840
  -8.89955  -8.89960  -8.89964  -8.89968  -8.89968  -8.89963  -8.89949  -8.89926
  -8.89893  -8.89853  -8.89827  -8.89838  -8.89783
  -8.87776  -8.87781  -8.87785  -8.87788  -8.87788  -8.87783  -8.87771  -8.87748
  -8.87712  -8.87667  -8.87636  -8.87648  -8.87609
  -8.86367  -8.86369  -8.86371  -8.86372  -8.86372  -8.86370  -8.86363  -8.86345
  -8.86306  -8.86249  -8.86207  -8.86218  -8.86198
  -8.85619  -8.85619  -8.85618  -8.85618  -8.85617  -8.85619  -8.85620  -8.85609
  -8.85568  -8.85499  -8.85443  -8.85450  -8.85447
  -8.85449  -8.85448  -8.85446  -8.85443  -8.85443  -8.85449  -8.85459  -8.85455
  -8.85415  -8.85336  -8.85267  -8.85271  -8.85281
  -8.85808  -8.85808  -8.85806  -8.85802  -8.85803  -8.85812  -8.85830  -8.85833
  -8.85794  -8.85708  -8.85630  -8.85632  -8.85651
  -8.86666  -8.86667  -8.86664  -8.86660  -8.86661  -8.86672  -8.86695  -8.86703
  -8.86666  -8.86577  -8.86495  -8.86496  -8.86522
  -8.87972  -8.87972  -8.87970  -8.87966  -8.87965  -8.87977  -8.88001  -8.88011
  -8.87975  -8.87887  -8.87807  -8.87810  -8.87842
  -8.89599  -8.89600  -8.89597  -8.89592  -8.89591  -8.89602  -8.89624  -8.89633
  -8.89599  -8.89514  -8.89439  -8.89447  -8.89484
  -8.91413  -8.91413  -8.91410  -8.91405  -8.91403  -8.91412  -8.91431  -8.91438
  -8.91405  -8.91325  -8.91256  -8.91271  -8.91313
  -8.93306  -8.93306  -8.93303  -8.93297  -8.93294  -8.93301  -8.93317  -8.93322
  -8.93290  -8.93215  -8.93153  -8.93175  -8.93222
  -8.95251  -8.95250  -8.95247  -8.95241  -8.95237  -8.95241  -8.95255  -8.95258
  -8.95227  -8.95157  -8.95102  -8.95130  -8.95182
  -8.97236  -8.97236  -8.97232  -8.97225  -8.97220  -8.97223  -8.97234  -8.97235
  -8.97205  -8.97139  -8.97092  -8.97127  -8.97183
  -8.99254  -8.99253  -8.99250  -8.99242  -8.99236  -8.99237  -8.99245  -8.99244
  -8.99215  -8.99155  -8.99115  -8.99155  -8.99217
  -9.01298  -9.01297  -9.01293  -9.01285  -9.01278  -9.01277  -9.01282  -9.01279
  -9.01251  -9.01196  -9.01163  -9.01210  -9.01276
  -9.03363  -9.03361  -9.03357  -9.03349  -9.03341  -9.03338  -9.03340  -9.03335
  -9.03307  -9.03257  -9.03231  -9.03285  -9.03356
  -9.05444  -9.05442  -9.05437  -9.05429  -9.05420  -9.05415  -9.05414  -9.05407
  -9.05380  -9.05335  -9.05316  -9.05377  -9.05452
  -9.07537  -9.07536  -9.07530  -9.07521  -9.07512  -9.07505  -9.07501  -9.07492
  -9.07466  -9.07426  -9.07414  -9.07481  -9.07562
  -9.09641  -9.09639  -9.09634  -9.09625  -9.09614  -9.09605  -9.09598  -9.09587
  -9.09562  -9.09527  -9.09523  -9.09596  -9.09681
  -9.11754  -9.11751  -9.11746  -9.11736  -9.11724  -9.11713  -9.11703  -9.11690
  -9.11666  -9.11637  -9.11639  -9.11718  -9.11809
 ---------------------------------------------------/ Z1= 8   / DATE= 22/07/91
 -74.00000 -74.00000 -74.00000 -74.00000 -74.00000 -74.00000 -74.00000 -74.00000
 -74.00000 -74.00000 -74.00000 -74.00000 -74.00000
 -74.00000 -74.00000 -74.00000 -74.00000 -74.00000 -74.00000 -74.00000 -74.00000
 -74.00000 -74.00000 -74.00000 -74.00000 -74.00000
 -74.00000 -74.00000 -74.00000 -74.00000 -74.00000 -74.00000 -74.00000 -74.00000
 -74.00000 -74.00000 -74.00000 -74.00000 -74.00000
 -74.00000 -74.00000 -74.00000 -74.00000 -74.00000 -74.00000 -74.00000 -74.00000
 -74.00000 -74.00000 -74.00000 -74.00000 -74.00000
 -67.03950 -67.03804 -67.04001 -67.04679 -67.05269 -67.04755 -67.02356 -66.99958
 -67.01117 -67.08392 -67.12975 -66.98946 -66.51523
 -55.25291 -55.25157 -55.25336 -55.25955 -55.26493 -55.26020 -55.23822 -55.21622
 -55.22667 -55.29294 -55.33441 -55.20544 -54.77046
 -45.88706 -45.88586 -45.88747 -45.89307 -45.89792 -45.89360 -45.87364 -45.85362
 -45.86293 -45.92271 -45.95982 -45.84218 -45.44644
 -38.44407 -38.44298 -38.44443 -38.44943 -38.45375 -38.44984 -38.43190 -38.41386
 -38.42203 -38.47532 -38.50807 -38.40176 -38.04526
 -32.52837 -32.52742 -32.52869 -32.53310 -32.53689 -32.53340 -32.51746 -32.50140
 -32.50844 -32.55524 -32.58363 -32.48865 -32.17139
 -27.82589 -27.82506 -27.82616 -27.82997 -27.83324 -27.83015 -27.81623 -27.80215
 -27.80805 -27.84836 -27.87240 -27.78875 -27.51073
 -24.08707 -24.08637 -24.08730 -24.09052 -24.09326 -24.09058 -24.07868 -24.06658
 -24.07133 -24.10516 -24.12484 -24.05251 -23.81373
 -21.11393 -21.11336 -21.11411 -21.11674 -21.11895 -21.11669 -21.10680 -21.09668
 -21.10029 -21.12763 -21.14295 -21.08196 -20.88241
 -18.74786 -18.74741 -18.74799 -18.75003 -18.75172 -18.74986 -18.74198 -18.73382
 -18.73631 -18.75720 -18.76820 -18.71846 -18.55790
 -16.86159 -16.86126 -16.86168 -16.86317 -16.86437 -16.86291 -16.85694 -16.85067
 -16.85209 -16.86686 -16.87376 -16.83476 -16.71139
 -15.35223 -15.35200 -15.35228 -15.35328 -15.35405 -15.35296 -15.34873 -15.34417
 -15.34468 -15.35399 -15.35725 -15.32792 -15.23799
 -14.13693 -14.13679 -14.13696 -14.13757 -14.13801 -14.13726 -14.13450 -14.13139
 -14.13118 -14.13605 -14.13638 -14.11509 -14.05292
 -13.15108 -13.15100 -13.15109 -13.15143 -13.15167 -13.15122 -13.14957 -13.14758
 -13.14691 -13.14863 -13.14691 -13.13164 -13.09011
 -12.34999 -12.34995 -12.35000 -12.35018 -12.35031 -12.35008 -12.34924 -12.34805
 -12.34716 -12.34687 -12.34396 -12.33296 -12.30581
 -11.70134 -11.70132 -11.70135 -11.70143 -11.70151 -11.70144 -11.70110 -11.70045
 -11.69950 -11.69813 -11.69474 -11.68680 -11.66932
 -11.17969 -11.17968 -11.17969 -11.17972 -11.17975 -11.17976 -11.17970 -11.17937
 -11.17848 -11.17671 -11.17341 -11.16776 -11.15666
 -10.76009 -10.76009 -10.76009 -10.76009 -10.76009 -10.76012 -10.76014 -10.75994
 -10.75915 -10.75742 -10.75460 -10.75065 -10.74361
 -10.42094 -10.42094 -10.42094 -10.42094 -10.42094 -10.42094 -10.42094 -10.42072
 -10.42001 -10.41850 -10.41628 -10.41360 -10.40904
 -10.14495 -10.14495 -10.14495 -10.14497 -10.14499 -10.14496 -10.14485 -10.14452
 -10.14379 -10.14250 -10.14079 -10.13904 -10.13613
  -9.91974  -9.91972  -9.91974  -9.91979  -9.91984  -9.91979  -9.91955  -9.91906
  -9.91826  -9.91711  -9.91581  -9.91470  -9.91286
  -9.73590  -9.73588  -9.73591  -9.73599  -9.73607  -9.73600  -9.73565  -9.73502
  -9.73415  -9.73310  -9.73207  -9.73137  -9.73018
  -9.58606  -9.58603  -9.58606  -9.58616  -9.58625  -9.58617  -9.58579  -9.58510
  -9.58421  -9.58322  -9.58234  -9.58184  -9.58105
  -9.46439  -9.46437  -9.46440  -9.46448  -9.46456  -9.46449  -9.46416  -9.46356
  -9.46274  -9.46178  -9.46092  -9.46048  -9.45994
  -9.36598  -9.36597  -9.36598  -9.36604  -9.36608  -9.36604  -9.36583  -9.36541
  -9.36473  -9.36379  -9.36286  -9.36239  -9.36204
  -9.28681  -9.28680  -9.28681  -9.28682  -9.28684  -9.28682  -9.28676  -9.28654
  -9.28603  -9.28511  -9.28409  -9.28355  -9.28334
  -9.22368  -9.22369  -9.22368  -9.22366  -9.22364  -9.22366  -9.22372  -9.22369
  -9.22333  -9.22243  -9.22136  -9.22076  -9.22066
  -9.17409  -9.17410  -9.17408  -9.17404  -9.17400  -9.17403  -9.17420  -9.17431
  -9.17407  -9.17321  -9.17209  -9.17147  -9.17148
  -9.13604  -9.13605  -9.13603  -9.13597  -9.13591  -9.13596  -9.13619  -9.13640
  -9.13624  -9.13540  -9.13428  -9.13366  -9.13378
  -9.10793  -9.10794  -9.10792  -9.10785  -9.10779  -9.10785  -9.10810  -9.10835
  -9.10822  -9.10740  -9.10628  -9.10570  -9.10592
  -9.08845  -9.08846  -9.08844  -9.08837  -9.08831  -9.08837  -9.08862  -9.08887
  -9.08874  -9.08792  -9.08681  -9.08627  -9.08662
  -9.07651  -9.07652  -9.07651  -9.07644  -9.07638  -9.07643  -9.07667  -9.07690
  -9.07675  -9.07591  -9.07481  -9.07433  -9.07481
  -9.07123  -9.07125  -9.07123  -9.07117  -9.07111  -9.07116  -9.07139  -9.07159
  -9.07142  -9.07055  -9.06944  -9.06901  -9.06964
  -9.07188  -9.07190  -9.07188  -9.07181  -9.07176  -9.07181  -9.07204  -9.07225
  -9.07205  -9.07114  -9.07000  -9.06960  -9.07040
  -9.07776  -9.07777  -9.07776  -9.07769  -9.07763  -9.07768  -9.07793  -9.07815
  -9.07794  -9.07699  -9.07580  -9.07543  -9.07642
  -9.08824  -9.08826  -9.08824  -9.08817  -9.08810  -9.08816  -9.08842  -9.08866
  -9.08845  -9.08746  -9.08624  -9.08592  -9.08707
  -9.10269  -9.10271  -9.10269  -9.10262  -9.10255  -9.10261  -9.10287  -9.10312
  -9.10291  -9.10192  -9.10071  -9.10044  -9.10174
  -9.12007  -9.12008  -9.12006  -9.11999  -9.11993  -9.11998  -9.12024  -9.12048
  -9.12028  -9.11930  -9.11813  -9.11793  -9.11935
  -9.13921  -9.13923  -9.13921  -9.13914  -9.13908  -9.13913  -9.13938  -9.13961
  -9.13941  -9.13846  -9.13734  -9.13723  -9.13875
  -9.15916  -9.15918  -9.15916  -9.15909  -9.15903  -9.15908  -9.15933  -9.15955
  -9.15935  -9.15843  -9.15737  -9.15734  -9.15896
  -9.17959  -9.17961  -9.17959  -9.17953  -9.17947  -9.17952  -9.17975  -9.17996
  -9.17977  -9.17888  -9.17788  -9.17793  -9.17966
  -9.20041  -9.20042  -9.20041  -9.20034  -9.20029  -9.20034  -9.20056  -9.20076
  -9.20057  -9.19971  -9.19877  -9.19890  -9.20073
  -9.22153  -9.22154  -9.22153  -9.22147  -9.22141  -9.22146  -9.22167  -9.22187
  -9.22168  -9.22085  -9.21996  -9.22018  -9.22211
  -9.24289  -9.24290  -9.24289  -9.24283  -9.24278  -9.24282  -9.24303  -9.24321
  -9.24303  -9.24223  -9.24140  -9.24169  -9.24373
  -9.26444  -9.26446  -9.26444  -9.26439  -9.26434  -9.26438  -9.26458  -9.26475
  -9.26458  -9.26380  -9.26303  -9.26341  -9.26555
  -9.28615  -9.28616  -9.28615  -9.28610  -9.28605  -9.28609  -9.28628  -9.28644
  -9.28627  -9.28552  -9.28481  -9.28527  -9.28752
  -9.30798  -9.30799  -9.30798  -9.30793  -9.30788  -9.30792  -9.30810  -9.30826
  -9.30809  -9.30737  -9.30671  -9.30725  -9.30961
  -9.32990  -9.32992  -9.32990  -9.32986  -9.32981  -9.32985  -9.33002  -9.33016
  -9.33000  -9.32931  -9.32871  -9.32933  -9.33179
 ---------------------------------------------------/ Z1= 9   / DATE= 22/07/91
 -74.00000 -74.00000 -74.00000 -74.00000 -74.00000 -74.00000 -74.00000 -74.00000
 -74.00000 -74.00000 -74.00000 -74.00000 -74.00000
 -74.00000 -74.00000 -74.00000 -74.00000 -74.00000 -74.00000 -74.00000 -74.00000
 -74.00000 -74.00000 -74.00000 -74.00000 -74.00000
 -74.00000 -74.00000 -74.00000 -74.00000 -74.00000 -74.00000 -74.00000 -74.00000
 -74.00000 -74.00000 -74.00000 -74.00000 -74.00000
 -74.00000 -74.00000 -74.00000 -74.00000 -74.00000 -74.00000 -74.00000 -74.00000
 -74.00000 -74.00000 -74.00000 -74.00000 -74.00000
 -74.00000 -74.00000 -74.00000 -74.00000 -74.00000 -74.00000 -74.00000 -74.00000
 -74.00000 -74.00000 -74.00000 -74.00000 -74.00000
 -62.27388 -62.26587 -62.26729 -62.28503 -62.31078 -62.31178 -62.25374 -62.14640
 -62.07016 -62.11019 -62.24391 -62.27581 -61.99664
 -51.46490 -51.45788 -51.45912 -51.47467 -51.49721 -51.49799 -51.44692 -51.35281
 -51.28689 -51.32454 -51.44402 -51.46766 -51.20534
 -42.88210 -42.87608 -42.87714 -42.89049 -42.90982 -42.91038 -42.86629 -42.78541
 -42.72980 -42.76508 -42.87033 -42.88569 -42.64022
 -36.06756 -36.06253 -36.06342 -36.07456 -36.09068 -36.09102 -36.05391 -35.98626
 -35.94096 -35.97386 -36.06488 -36.07197 -35.84335
 -30.65761 -30.65357 -30.65428 -30.66323 -30.67613 -30.67626 -30.64612 -30.59171
 -30.55671 -30.58724 -30.66402 -30.66285 -30.45108
 -26.36336 -26.36031 -26.36085 -26.36760 -26.37729 -26.37720 -26.35403 -26.31285
 -26.28816 -26.31632 -26.37887 -26.36942 -26.17451
 -22.95557 -22.95352 -22.95388 -22.95843 -22.96490 -22.96460 -22.94841 -22.92046
 -22.90608 -22.93186 -22.98018 -22.96246 -22.78440
 -20.25118 -20.25012 -20.25030 -20.25265 -20.25592 -20.25539 -20.24618 -20.23146
 -20.22739 -20.25080 -20.28488 -20.25889 -20.09769
 -18.10542 -18.10532 -18.10534 -18.10557 -18.10574 -18.10499 -18.10249 -18.10048
 -18.10627 -18.12724 -18.14748 -18.11375 -17.96966
 -16.39864 -16.39923 -16.39912 -16.39783 -16.39576 -16.39482 -16.39705 -16.40396
 -16.41625 -16.43428 -16.44362 -16.40596 -16.28097
 -15.03312 -15.03384 -15.03371 -15.03213 -15.02962 -15.02853 -15.03136 -15.03920
 -15.05091 -15.06499 -15.06956 -15.03602 -14.93431
 -13.93043 -13.93041 -13.93041 -13.93045 -13.93025 -13.92908 -13.92618 -13.92275
 -13.92312 -13.93169 -13.94085 -13.92373 -13.85164
 -13.02928 -13.02756 -13.02786 -13.03167 -13.03689 -13.03572 -13.01997 -12.99153
 -12.96841 -12.96978 -12.99422 -13.00727 -12.97155
 -12.29214 -12.28854 -12.28918 -12.29714 -12.30837 -12.30729 -12.27760 -12.22199
 -12.17367 -12.16814 -12.21013 -12.25497 -12.25371
 -11.69462 -11.69005 -11.69086 -11.70097 -11.71533 -11.71445 -11.67789 -11.60868
 -11.54754 -11.53805 -11.58844 -11.65025 -11.67011
 -11.21767 -11.21384 -11.21452 -11.22300 -11.23507 -11.23448 -11.20417 -11.14659
 -11.09545 -11.08685 -11.12802 -11.17982 -11.19907
 -10.83728 -10.83527 -10.83563 -10.84007 -10.84641 -10.84613 -10.83033 -10.80028
 -10.77356 -10.76901 -10.78993 -10.81461 -10.81913
 -10.53050 -10.53032 -10.53035 -10.53075 -10.53133 -10.53131 -10.52989 -10.52719
 -10.52487 -10.52467 -10.52576 -10.52320 -10.51152
 -10.27912 -10.27986 -10.27972 -10.27809 -10.27575 -10.27585 -10.28168 -10.29281
 -10.30282 -10.30483 -10.29604 -10.28023 -10.26154
 -10.07207 -10.07290 -10.07275 -10.07092 -10.06832 -10.06843 -10.07493 -10.08732
 -10.09846 -10.10064 -10.09110 -10.07499 -10.05795
  -9.90205  -9.90251  -9.90242  -9.90141  -9.89996  -9.90002  -9.90363  -9.91053
  -9.91672  -9.91793  -9.91249  -9.90292  -9.89198
  -9.76365  -9.76368  -9.76367  -9.76361  -9.76353  -9.76353  -9.76374  -9.76413
  -9.76447  -9.76447  -9.76370  -9.76144  -9.75683
  -9.65262  -9.65246  -9.65249  -9.65284  -9.65333  -9.65331  -9.65207  -9.64969
  -9.64746  -9.64677  -9.64777  -9.64860  -9.64713
  -9.56404  -9.56392  -9.56394  -9.56422  -9.56461  -9.56460  -9.56361  -9.56169
  -9.55977  -9.55889  -9.55921  -9.55956  -9.55851
  -9.49340  -9.49338  -9.49339  -9.49343  -9.49350  -9.49349  -9.49334  -9.49297
  -9.49236  -9.49152  -9.49044  -9.48913  -9.48750
  -9.43706  -9.43709  -9.43709  -9.43700  -9.43688  -9.43689  -9.43719  -9.43767
  -9.43780  -9.43701  -9.43522  -9.43310  -9.43130
  -9.39261  -9.39265  -9.39264  -9.39255  -9.39241  -9.39242  -9.39275  -9.39331
  -9.39351  -9.39275  -9.39097  -9.38896  -9.38752
  -9.35835  -9.35838  -9.35837  -9.35831  -9.35823  -9.35823  -9.35843  -9.35875
  -9.35877  -9.35805  -9.35657  -9.35504  -9.35412
  -9.33297  -9.33299  -9.33299  -9.33295  -9.33289  -9.33289  -9.33302  -9.33320
  -9.33312  -9.33244  -9.33120  -9.33003  -9.32951
  -9.31553  -9.31555  -9.31555  -9.31551  -9.31546  -9.31545  -9.31558  -9.31576
  -9.31569  -9.31506  -9.31392  -9.31291  -9.31266
  -9.30534  -9.30536  -9.30536  -9.30531  -9.30525  -9.30525  -9.30540  -9.30565
  -9.30563  -9.30501  -9.30384  -9.30287  -9.30283
  -9.30191  -9.30193  -9.30193  -9.30187  -9.30179  -9.30179  -9.30198  -9.30227
  -9.30227  -9.30158  -9.30029  -9.29931  -9.29951
  -9.30477  -9.30479  -9.30479  -9.30473  -9.30466  -9.30466  -9.30484  -9.30510
  -9.30503  -9.30418  -9.30270  -9.30169  -9.30223
  -9.31303  -9.31305  -9.31305  -9.31300  -9.31294  -9.31294  -9.31309  -9.31328
  -9.31307  -9.31201  -9.31033  -9.30931  -9.31025
  -9.32573  -9.32575  -9.32575  -9.32571  -9.32566  -9.32566  -9.32578  -9.32588
  -9.32554  -9.32431  -9.32247  -9.32147  -9.32278
  -9.34195  -9.34196  -9.34196  -9.34193  -9.34189  -9.34189  -9.34199  -9.34205
  -9.34164  -9.34033  -9.33842  -9.33748  -9.33908
  -9.36070  -9.36071  -9.36071  -9.36068  -9.36064  -9.36064  -9.36074  -9.36079
  -9.36038  -9.35905  -9.35716  -9.35630  -9.35812
  -9.38102  -9.38104  -9.38104  -9.38101  -9.38097  -9.38097  -9.38106  -9.38113
  -9.38073  -9.37943  -9.37759  -9.37684  -9.37884
  -9.40208  -9.40209  -9.40209  -9.40206  -9.40202  -9.40202  -9.40212  -9.40219
  -9.40182  -9.40056  -9.39878  -9.39814  -9.40032
  -9.42357  -9.42359  -9.42359  -9.42355  -9.42351  -9.42351  -9.42362  -9.42371
  -9.42336  -9.42213  -9.42041  -9.41988  -9.42223
  -9.44542  -9.44544  -9.44544  -9.44540  -9.44535  -9.44536  -9.44547  -9.44557
  -9.44525  -9.44406  -9.44240  -9.44197  -9.44450
  -9.46755  -9.46757  -9.46757  -9.46753  -9.46748  -9.46748  -9.46760  -9.46772
  -9.46742  -9.46627  -9.46467  -9.46434  -9.46705
  -9.48990  -9.48992  -9.48992  -9.48988  -9.48983  -9.48983  -9.48995  -9.49008
  -9.48981  -9.48869  -9.48715  -9.48694  -9.48983
  -9.51243  -9.51245  -9.51245  -9.51241  -9.51236  -9.51236  -9.51249  -9.51263
  -9.51238  -9.51130  -9.50982  -9.50971  -9.51278
  -9.53510  -9.53512  -9.53512  -9.53508  -9.53502  -9.53502  -9.53516  -9.53531
  -9.53509  -9.53405  -9.53263  -9.53262  -9.53587
  -9.55788  -9.55790  -9.55790  -9.55786  -9.55780  -9.55780  -9.55794  -9.55811
  -9.55791  -9.55690  -9.55554  -9.55565  -9.55907
 ---------------------------------------------------/ Z1=10   / DATE= 22/07/91
 -74.00000 -74.00000 -74.00000 -74.00000 -74.00000 -74.00000 -74.00000 -74.00000
 -74.00000 -74.00000 -74.00000 -74.00000 -74.00000
 -74.00000 -74.00000 -74.00000 -74.00000 -74.00000 -74.00000 -74.00000 -74.00000
 -74.00000 -74.00000 -74.00000 -74.00000 -74.00000
 -74.00000 -74.00000 -74.00000 -74.00000 -74.00000 -74.00000 -74.00000 -74.00000
 -74.00000 -74.00000 -74.00000 -74.00000 -74.00000
 -74.00000 -74.00000 -74.00000 -74.00000 -74.00000 -74.00000 -74.00000 -74.00000
 -74.00000 -74.00000 -74.00000 -74.00000 -74.00000
 -74.00000 -74.00000 -74.00000 -74.00000 -74.00000 -74.00000 -74.00000 -74.00000
 -74.00000 -74.00000 -74.00000 -74.00000 -74.00000
 -73.50619 -73.50349 -73.50282 -73.50622 -73.51351 -73.51565 -73.50140 -73.46817
 -73.44803 -73.48168 -73.57196 -73.57019 -73.28978
 -60.44308 -60.44055 -60.43992 -60.44310 -60.44992 -60.45195 -60.43869 -60.40770
 -60.38882 -60.41995 -60.50371 -60.50166 -60.24008
 -50.06723 -50.06487 -50.06429 -50.06725 -50.07360 -50.07552 -50.06325 -50.03450
 -50.01688 -50.04548 -50.12273 -50.12040 -49.87764
 -41.82586 -41.82368 -41.82314 -41.82588 -41.83177 -41.83357 -41.82228 -41.79577
 -41.77942 -41.80550 -41.87623 -41.87363 -41.64968
 -35.28000 -35.27799 -35.27749 -35.28001 -35.28544 -35.28713 -35.27683 -35.25256
 -35.23747 -35.26103 -35.32523 -35.32236 -35.11723
 -30.08092 -30.07908 -30.07863 -30.08093 -30.08589 -30.08747 -30.07816 -30.05612
 -30.04230 -30.06333 -30.12102 -30.11787 -29.93156
 -25.95190 -25.95024 -25.94982 -25.95191 -25.95640 -25.95787 -25.94955 -25.92975
 -25.91720 -25.93570 -25.98687 -25.98344 -25.81596
 -22.67196 -22.67047 -22.67010 -22.67196 -22.67599 -22.67735 -22.67001 -22.65245
 -22.64117 -22.65715 -22.70179 -22.69809 -22.54943
 -20.06726 -20.06594 -20.06561 -20.06726 -20.07082 -20.07207 -20.06572 -20.05040
 -20.04037 -20.05383 -20.09195 -20.08797 -19.95814
 -17.99843 -17.99729 -17.99700 -17.99843 -18.00153 -18.00266 -17.99729 -17.98420
 -17.97544 -17.98640 -18.01805 -18.01380 -17.90266
 -16.35181 -16.35084 -16.35060 -16.35181 -16.35446 -16.35548 -16.35106 -16.34013
 -16.33263 -16.34123 -16.36669 -16.36221 -16.26907
 -15.03641 -15.03560 -15.03540 -15.03641 -15.03861 -15.03951 -15.03598 -15.02711
 -15.02085 -15.02737 -15.04723 -15.04259 -14.96602
 -13.97906 -13.97840 -13.97824 -13.97906 -13.98085 -13.98163 -13.97889 -13.97189
 -13.96685 -13.97171 -13.98683 -13.98215 -13.92001
 -13.12250 -13.12199 -13.12186 -13.12251 -13.12392 -13.12456 -13.12250 -13.11714
 -13.11326 -13.11699 -13.12845 -13.12388 -13.07352
 -12.42703 -12.42664 -12.42654 -12.42704 -12.42812 -12.42863 -12.42710 -12.42308
 -12.42023 -12.42319 -12.43195 -12.42768 -12.38684
 -11.86345 -11.86315 -11.86307 -11.86345 -11.86428 -11.86467 -11.86351 -11.86047
 -11.85837 -11.86079 -11.86761 -11.86385 -11.83085
 -11.40876 -11.40852 -11.40846 -11.40875 -11.40939 -11.40969 -11.40875 -11.40632
 -11.40464 -11.40657 -11.41200 -11.40899 -11.38261
 -11.04152 -11.04132 -11.04126 -11.04149 -11.04202 -11.04225 -11.04145 -11.03939
 -11.03793 -11.03941 -11.04380 -11.04153 -11.02062
 -10.74399 -10.74383 -10.74379 -10.74399 -10.74445 -10.74465 -10.74399 -10.74227
 -10.74098 -10.74207 -10.74554 -10.74375 -10.72713
 -10.50209 -10.50198 -10.50197 -10.50216 -10.50256 -10.50279 -10.50233 -10.50103
 -10.50003 -10.50079 -10.50328 -10.50153 -10.48805
 -10.30509 -10.30503 -10.30505 -10.30522 -10.30557 -10.30580 -10.30557 -10.30474
 -10.30409 -10.30459 -10.30612 -10.30412 -10.29290
 -10.14475 -10.14472 -10.14475 -10.14488 -10.14512 -10.14530 -10.14524 -10.14483
 -10.14451 -10.14484 -10.14555 -10.14325 -10.13372
 -10.01459 -10.01457 -10.01457 -10.01459 -10.01464 -10.01468 -10.01464 -10.01451
 -10.01444 -10.01466 -10.01483 -10.01243 -10.00437
  -9.90945  -9.90940  -9.90933  -9.90919  -9.90897  -9.90873  -9.90854  -9.90846
  -9.90852  -9.90872  -9.90868  -9.90651  -9.89994
  -9.82466  -9.82465  -9.82456  -9.82429  -9.82383  -9.82330  -9.82290  -9.82277
  -9.82286  -9.82306  -9.82300  -9.82124  -9.81605
  -9.75636  -9.75653  -9.75658  -9.75636  -9.75581  -9.75513  -9.75461  -9.75444
  -9.75454  -9.75471  -9.75462  -9.75317  -9.74906
  -9.70167  -9.70220  -9.70256  -9.70258  -9.70219  -9.70162  -9.70117  -9.70108
  -9.70120  -9.70129  -9.70100  -9.69956  -9.69609
  -9.65954  -9.66018  -9.66068  -9.66089  -9.66073  -9.66042  -9.66021  -9.66028
  -9.66043  -9.66037  -9.65978  -9.65816  -9.65501
  -9.62967  -9.62971  -9.62972  -9.62970  -9.62963  -9.62960  -9.62969  -9.62995
  -9.63012  -9.62989  -9.62897  -9.62714  -9.62422
  -9.61152  -9.60995  -9.60861  -9.60772  -9.60742  -9.60759  -9.60800  -9.60841
  -9.60856  -9.60816  -9.60696  -9.60502  -9.60241
  -9.60231  -9.59873  -9.59566  -9.59361  -9.59292  -9.59319  -9.59386  -9.59439
  -9.59450  -9.59394  -9.59255  -9.59058  -9.58835
  -9.59883  -9.59366  -9.58921  -9.58622  -9.58516  -9.58546  -9.58627  -9.58689
  -9.58697  -9.58629  -9.58476  -9.58281  -9.58100
  -9.59807  -9.59254  -9.58778  -9.58455  -9.58336  -9.58360  -9.58442  -9.58506
  -9.58515  -9.58443  -9.58282  -9.58091  -9.57949
  -9.59807  -9.59391  -9.59031  -9.58784  -9.58688  -9.58703  -9.58768  -9.58829
  -9.58844  -9.58776  -9.58609  -9.58422  -9.58313
  -9.60062  -9.59870  -9.59702  -9.59584  -9.59531  -9.59535  -9.59575  -9.59628
  -9.59649  -9.59586  -9.59416  -9.59231  -9.59154
  -9.60845  -9.60850  -9.60851  -9.60845  -9.60833  -9.60828  -9.60845  -9.60889
  -9.60909  -9.60845  -9.60669  -9.60489  -9.60444
  -9.62349  -9.62433  -9.62503  -9.62544  -9.62551  -9.62543  -9.62548  -9.62579
  -9.62588  -9.62512  -9.62327  -9.62153  -9.62146
  -9.64408  -9.64475  -9.64531  -9.64566  -9.64573  -9.64567  -9.64569  -9.64585
  -9.64573  -9.64478  -9.64281  -9.64115  -9.64150
  -9.66771  -9.66773  -9.66774  -9.66773  -9.66771  -9.66770  -9.66773  -9.66775
  -9.66738  -9.66618  -9.66408  -9.66250  -9.66329
  -9.69228  -9.69156  -9.69094  -9.69054  -9.69042  -9.69046  -9.69051  -9.69038
  -9.68976  -9.68830  -9.68606  -9.68458  -9.68580
  -9.71727  -9.71582  -9.71458  -9.71378  -9.71356  -9.71365  -9.71372  -9.71344
  -9.71256  -9.71085  -9.70847  -9.70708  -9.70874
  -9.74260  -9.74041  -9.73855  -9.73736  -9.73703  -9.73718  -9.73726  -9.73683
  -9.73569  -9.73373  -9.73121  -9.72992  -9.73202
  -9.76820  -9.76527  -9.76279  -9.76121  -9.76078  -9.76097  -9.76107  -9.76049
  -9.75910  -9.75689  -9.75423  -9.75303  -9.75557
  -9.79401  -9.79035  -9.78725  -9.78527  -9.78473  -9.78498  -9.78510  -9.78437
  -9.78272  -9.78025  -9.77746  -9.77635  -9.77933
  -9.82000  -9.81560  -9.81187  -9.80950  -9.80886  -9.80915  -9.80930  -9.80842
  -9.80651  -9.80379  -9.80086  -9.79984  -9.80326
  -9.84611  -9.84098  -9.83663  -9.83386  -9.83312  -9.83346  -9.83363  -9.83260
  -9.83043  -9.82746  -9.82439  -9.82347  -9.82732
 ---------------------------------------------------/ Z1=11   / DATE= 22/07/91
 -74.00000 -74.00000 -74.00000 -74.00000 -74.00000 -74.00000 -74.00000 -74.00000
 -74.00000 -74.00000 -74.00000 -74.00000 -74.00000
 -74.00000 -74.00000 -74.00000 -74.00000 -74.00000 -74.00000 -74.00000 -74.00000
 -74.00000 -74.00000 -74.00000 -74.00000 -74.00000
 -74.00000 -74.00000 -74.00000 -74.00000 -74.00000 -74.00000 -74.00000 -74.00000
 -74.00000 -74.00000 -74.00000 -74.00000 -74.00000
 -74.00000 -74.00000 -74.00000 -74.00000 -74.00000 -74.00000 -74.00000 -74.00000
 -74.00000 -74.00000 -74.00000 -74.00000 -74.00000
 -74.00000 -74.00000 -74.00000 -74.00000 -74.00000 -74.00000 -74.00000 -74.00000
 -74.00000 -74.00000 -74.00000 -74.00000 -74.00000
 -74.00000 -74.00000 -74.00000 -74.00000 -74.00000 -74.00000 -74.00000 -74.00000
 -74.00000 -74.00000 -74.00000 -74.00000 -74.00000
 -65.62122 -65.61704 -65.61447 -65.61576 -65.62235 -65.62770 -65.62067 -65.59314
 -65.56747 -65.58355 -65.66846 -65.71957 -65.55984
 -54.17089 -54.16701 -54.16464 -54.16589 -54.17210 -54.17711 -54.17044 -54.14441
 -54.12004 -54.13475 -54.21393 -54.26087 -54.10879
 -45.08692 -45.08335 -45.08118 -45.08238 -45.08821 -45.09288 -45.08656 -45.06205
 -45.03896 -45.05231 -45.12576 -45.16853 -45.02409
 -37.88266 -37.87938 -37.87741 -37.87857 -37.88402 -37.88836 -37.88239 -37.85939
 -37.83759 -37.84956 -37.91730 -37.95589 -37.81909
 -32.17148 -32.16850 -32.16673 -32.16784 -32.17292 -32.17691 -32.17130 -32.14981
 -32.12930 -32.13990 -32.20192 -32.23634 -32.10718
 -27.64660 -27.64393 -27.64236 -27.64343 -27.64812 -27.65178 -27.64651 -27.62654
 -27.60732 -27.61655 -27.67284 -27.70309 -27.58158
 -24.06305 -24.06068 -24.05931 -24.06033 -24.06464 -24.06797 -24.06306 -24.04459
 -24.02666 -24.03452 -24.08509 -24.11117 -23.99730
 -21.22809 -21.22602 -21.22485 -21.22583 -21.22976 -21.23274 -21.22819 -21.21123
 -21.19460 -21.20108 -21.24593 -21.26784 -21.16161
 -18.98785 -18.98608 -18.98510 -18.98605 -18.98960 -18.99224 -18.98804 -18.97259
 -18.95725 -18.96237 -19.00149 -19.01923 -18.92064
 -17.21787 -17.21639 -17.21561 -17.21650 -17.21967 -17.22197 -17.21812 -17.20418
 -17.19014 -17.19392 -17.22741 -17.24107 -17.15013
 -15.81512 -15.81391 -15.81331 -15.81414 -15.81692 -15.81887 -15.81536 -15.80291
 -15.79018 -15.79281 -15.82105 -15.83103 -15.74780
 -14.69576 -14.69477 -14.69429 -14.69503 -14.69740 -14.69900 -14.69580 -14.68480
 -14.67345 -14.67524 -14.69896 -14.70600 -14.63058
 -13.79177 -13.79095 -13.79054 -13.79113 -13.79307 -13.79430 -13.79138 -13.78176
 -13.77188 -13.77331 -13.79355 -13.79875 -13.73128
 -13.05219 -13.05145 -13.05105 -13.05147 -13.05298 -13.05384 -13.05117 -13.04285
 -13.03446 -13.03601 -13.05395 -13.05849 -12.99908
 -12.44636 -12.44566 -12.44524 -12.44550 -12.44666 -12.44727 -12.44486 -12.43768
 -12.43063 -12.43248 -12.44886 -12.45352 -12.40196
 -11.95309 -11.95241 -11.95198 -11.95217 -11.95318 -11.95372 -11.95164 -11.94536
 -11.93930 -11.94127 -11.95634 -11.96139 -11.91715
 -11.55476 -11.55410 -11.55371 -11.55394 -11.55502 -11.55573 -11.55403 -11.54842
 -11.54289 -11.54461 -11.55828 -11.56359 -11.52591
 -11.23279 -11.23217 -11.23183 -11.23216 -11.23340 -11.23436 -11.23303 -11.22793
 -11.22270 -11.22398 -11.23620 -11.24157 -11.20957
 -10.97155 -10.97100 -10.97072 -10.97111 -10.97243 -10.97354 -10.97251 -10.96788
 -10.96297 -10.96386 -10.97466 -10.97984 -10.95259
 -10.75874 -10.75826 -10.75803 -10.75841 -10.75964 -10.76069 -10.75981 -10.75570
 -10.75131 -10.75201 -10.76151 -10.76626 -10.74281
 -10.58507 -10.58468 -10.58449 -10.58481 -10.58583 -10.58668 -10.58588 -10.58232
 -10.57856 -10.57926 -10.58759 -10.59175 -10.57133
 -10.44336 -10.44304 -10.44289 -10.44313 -10.44390 -10.44450 -10.44375 -10.44075
 -10.43768 -10.43848 -10.44577 -10.44930 -10.43135
 -10.32797 -10.32772 -10.32759 -10.32776 -10.32832 -10.32873 -10.32806 -10.32560
 -10.32320 -10.32412 -10.33053 -10.33349 -10.31767
 -10.23450 -10.23430 -10.23419 -10.23432 -10.23477 -10.23510 -10.23456 -10.23260
 -10.23076 -10.23177 -10.23743 -10.23995 -10.22604
 -10.15949 -10.15931 -10.15921 -10.15933 -10.15974 -10.16007 -10.15968 -10.15809
 -10.15663 -10.15764 -10.16263 -10.16481 -10.15260
 -10.10024 -10.10006 -10.09997 -10.10009 -10.10051 -10.10086 -10.10056 -10.09916
 -10.09784 -10.09868 -10.10305 -10.10494 -10.09417
 -10.05448 -10.05430 -10.05421 -10.05434 -10.05476 -10.05513 -10.05485 -10.05345
 -10.05203 -10.05253 -10.05625 -10.05788 -10.04826
 -10.02001 -10.01982 -10.01973 -10.01986 -10.02029 -10.02066 -10.02035 -10.01889
 -10.01729 -10.01740 -10.02050 -10.02180 -10.01308
  -9.99493  -9.99476  -9.99467  -9.99479  -9.99519  -9.99553  -9.99521  -9.99377
  -9.99212  -9.99195  -9.99442  -9.99529  -9.98724
  -9.97774  -9.97759  -9.97752  -9.97762  -9.97796  -9.97824  -9.97795  -9.97670
  -9.97524  -9.97497  -9.97685  -9.97717  -9.96959
  -9.96736  -9.96725  -9.96720  -9.96727  -9.96752  -9.96773  -9.96751  -9.96657
  -9.96546  -9.96524  -9.96656  -9.96628  -9.95905
  -9.96295  -9.96288  -9.96285  -9.96289  -9.96305  -9.96318  -9.96304  -9.96245
  -9.96177  -9.96166  -9.96249  -9.96163  -9.95472
  -9.96381  -9.96378  -9.96376  -9.96379  -9.96386  -9.96392  -9.96386  -9.96360
  -9.96330  -9.96331  -9.96371  -9.96237  -9.95587
  -9.96948  -9.96948  -9.96947  -9.96948  -9.96949  -9.96951  -9.96951  -9.96948
  -9.96946  -9.96952  -9.96956  -9.96789  -9.96192
  -9.97982  -9.97983  -9.97983  -9.97982  -9.97981  -9.97979  -9.97983  -9.97995
  -9.98007  -9.98010  -9.97979  -9.97789  -9.97251
  -9.99479  -9.99480  -9.99481  -9.99480  -9.99477  -9.99475  -9.99480  -9.99495
  -9.99508  -9.99495  -9.99427  -9.99216  -9.98738
 -10.01402 -10.01403 -10.01404 -10.01403 -10.01401 -10.01400 -10.01403 -10.01413
 -10.01412 -10.01371 -10.01260 -10.01026 -10.00606
 -10.03626 -10.03626 -10.03626 -10.03626 -10.03626 -10.03626 -10.03626 -10.03624
 -10.03600 -10.03523 -10.03364 -10.03106 -10.02739
 -10.06011 -10.06009 -10.06009 -10.06010 -10.06013 -10.06015 -10.06011 -10.05994
 -10.05942 -10.05825 -10.05616 -10.05333 -10.05019
 -10.08455 -10.08453 -10.08451 -10.08453 -10.08459 -10.08463 -10.08455 -10.08423
 -10.08343 -10.08185 -10.07926 -10.07618 -10.07357
 -10.10937 -10.10933 -10.10931 -10.10934 -10.10943 -10.10949 -10.10936 -10.10889
 -10.10781 -10.10582 -10.10273 -10.09940 -10.09732
 -10.13449 -10.13443 -10.13441 -10.13444 -10.13456 -10.13464 -10.13448 -10.13385
 -10.13249 -10.13010 -10.12650 -10.12292 -10.12137
 -10.15984 -10.15977 -10.15974 -10.15979 -10.15994 -10.16004 -10.15983 -10.15905
 -10.15741 -10.15461 -10.15051 -10.14668 -10.14565
 -10.18538 -10.18530 -10.18526 -10.18532 -10.18550 -10.18562 -10.18537 -10.18443
 -10.18252 -10.17931 -10.17471 -10.17062 -10.17013
 -10.21107 -10.21098 -10.21093 -10.21100 -10.21120 -10.21134 -10.21105 -10.20997
 -10.20777 -10.20415 -10.19905 -10.19472 -10.19475
 ---------------------------------------------------/ Z1=12   / DATE= 22/07/91
 -74.00000 -74.00000 -74.00000 -74.00000 -74.00000 -74.00000 -74.00000 -74.00000
 -74.00000 -74.00000 -74.00000 -74.00000 -74.00000
 -74.00000 -74.00000 -74.00000 -74.00000 -74.00000 -74.00000 -74.00000 -74.00000
 -74.00000 -74.00000 -74.00000 -74.00000 -74.00000
 -74.00000 -74.00000 -74.00000 -74.00000 -74.00000 -74.00000 -74.00000 -74.00000
 -74.00000 -74.00000 -74.00000 -74.00000 -74.00000
 -74.00000 -74.00000 -74.00000 -74.00000 -74.00000 -74.00000 -74.00000 -74.00000
 -74.00000 -74.00000 -74.00000 -74.00000 -74.00000
 -74.00000 -74.00000 -74.00000 -74.00000 -74.00000 -74.00000 -74.00000 -74.00000
 -74.00000 -74.00000 -74.00000 -74.00000 -74.00000
 -74.00000 -74.00000 -74.00000 -74.00000 -74.00000 -74.00000 -74.00000 -74.00000
 -74.00000 -74.00000 -74.00000 -74.00000 -74.00000
 -74.00000 -74.00000 -74.00000 -74.00000 -74.00000 -74.00000 -74.00000 -74.00000
 -74.00000 -74.00000 -74.00000 -74.00000 -74.00000
 -74.00000 -74.00000 -74.00000 -74.00000 -74.00000 -74.00000 -74.00000 -74.00000
 -74.00000 -74.00000 -74.00000 -74.00000 -74.00000
 -74.00000 -74.00000 -74.00000 -74.00000 -74.00000 -74.00000 -74.00000 -74.00000
 -74.00000 -74.00000 -74.00000 -74.00000 -74.00000
 -74.00000 -74.00000 -74.00000 -74.00000 -74.00000 -74.00000 -74.00000 -74.00000
 -74.00000 -74.00000 -74.00000 -74.00000 -74.00000
 -74.00000 -74.00000 -74.00000 -74.00000 -74.00000 -74.00000 -74.00000 -74.00000
 -74.00000 -74.00000 -74.00000 -74.00000 -74.00000
 -74.00000 -74.00000 -74.00000 -74.00000 -74.00000 -74.00000 -74.00000 -74.00000
 -74.00000 -74.00000 -74.00000 -74.00000 -74.00000
 -74.00000 -74.00000 -74.00000 -74.00000 -74.00000 -74.00000 -74.00000 -74.00000
 -74.00000 -74.00000 -74.00000 -74.00000 -74.00000
 -64.08264 -64.08135 -64.08046 -64.08085 -64.08332 -64.08737 -64.09095 -64.09190
 -64.08783 -64.07609 -64.05412 -64.02293 -63.98766
 -53.19143 -53.19043 -53.18975 -53.19004 -53.19195 -53.19513 -53.19812 -53.19937
 -53.19647 -53.18601 -53.16473 -53.13448 -53.10301
 -44.52769 -44.52699 -44.52651 -44.52672 -44.52806 -44.53036 -44.53277 -44.53432
 -44.53258 -44.52341 -44.50283 -44.47350 -44.44583
 -37.63397 -37.63357 -37.63330 -37.63342 -37.63419 -37.63562 -37.63744 -37.63929
 -37.63871 -37.63084 -37.61094 -37.58255 -37.55869
 -32.14622 -32.14612 -32.14605 -32.14608 -32.14628 -32.14684 -32.14808 -32.15023
 -32.15081 -32.14422 -32.12502 -32.09756 -32.07750
 -27.77521 -27.77541 -27.77554 -27.77548 -27.77512 -27.77481 -27.77546 -27.77791
 -27.77965 -27.77436 -27.75585 -27.72932 -27.71306
 -24.29129 -24.29178 -24.29212 -24.29197 -24.29104 -24.28986 -24.28993 -24.29268
 -24.29558 -24.29157 -24.27376 -24.24816 -24.23570
 -21.51210 -21.51286 -21.51338 -21.51315 -21.51171 -21.50975 -21.50931 -21.51234
 -21.51631 -21.51350 -21.49638 -21.47175 -21.46292
 -19.29309 -19.29402 -19.29465 -19.29438 -19.29262 -19.29017 -19.28941 -19.29268
 -19.29743 -19.29555 -19.27915 -19.25559 -19.24988
 -17.51885 -17.51979 -17.52043 -17.52016 -17.51838 -17.51593 -17.51522 -17.51863
 -17.52367 -17.52229 -17.50663 -17.48433 -17.48087
 -16.09889 -16.09968 -16.10022 -16.09999 -16.09850 -16.09650 -16.09616 -16.09959
 -16.10442 -16.10307 -16.08823 -16.06740 -16.06527
 -14.96122 -14.96180 -14.96220 -14.96203 -14.96095 -14.95958 -14.95970 -14.96303
 -14.96732 -14.96579 -14.95185 -14.93269 -14.93132
 -14.04860 -14.04900 -14.04928 -14.04916 -14.04841 -14.04755 -14.04798 -14.05105
 -14.05471 -14.05298 -14.04011 -14.02276 -14.02193
 -13.31571 -13.31602 -13.31623 -13.31615 -13.31557 -13.31495 -13.31544 -13.31813
 -13.32118 -13.31939 -13.30773 -13.29230 -13.29199
 -12.72633 -12.72660 -12.72679 -12.72671 -12.72620 -12.72565 -12.72603 -12.72829
 -12.73083 -12.72911 -12.71875 -12.70524 -12.70543
 -12.25168 -12.25194 -12.25212 -12.25205 -12.25155 -12.25097 -12.25120 -12.25307
 -12.25522 -12.25368 -12.24465 -12.23301 -12.23362
 -11.86895 -11.86921 -11.86939 -11.86931 -11.86883 -11.86823 -11.86834 -11.86995
 -11.87187 -11.87063 -11.86290 -11.85296 -11.85390
 -11.56016 -11.56041 -11.56057 -11.56050 -11.56004 -11.55947 -11.55956 -11.56104
 -11.56288 -11.56200 -11.55545 -11.54700 -11.54814
 -11.31122 -11.31144 -11.31160 -11.31153 -11.31111 -11.31059 -11.31070 -11.31212
 -11.31394 -11.31339 -11.30783 -11.30055 -11.30179
 -11.11094 -11.11115 -11.11129 -11.11123 -11.11084 -11.11038 -11.11050 -11.11186
 -11.11363 -11.11329 -11.10840 -11.10196 -11.10315
 -10.95033 -10.95052 -10.95065 -10.95060 -10.95024 -10.94981 -10.94993 -10.95120
 -10.95286 -10.95257 -10.94807 -10.94211 -10.94313
 -10.82184 -10.82202 -10.82214 -10.82209 -10.82175 -10.82135 -10.82145 -10.82263
 -10.82415 -10.82384 -10.81956 -10.81385 -10.81460
 -10.71936 -10.71953 -10.71965 -10.71960 -10.71928 -10.71889 -10.71898 -10.72008
 -10.72151 -10.72117 -10.71703 -10.71147 -10.71189
 -10.63812 -10.63828 -10.63840 -10.63835 -10.63804 -10.63767 -10.63775 -10.63881
 -10.64017 -10.63984 -10.63587 -10.63044 -10.63052
 -10.57442 -10.57457 -10.57468 -10.57463 -10.57434 -10.57398 -10.57407 -10.57508
 -10.57639 -10.57609 -10.57232 -10.56709 -10.56690
 -10.52530 -10.52545 -10.52555 -10.52550 -10.52523 -10.52490 -10.52498 -10.52593
 -10.52715 -10.52688 -10.52338 -10.51849 -10.51819
 -10.48842 -10.48855 -10.48864 -10.48860 -10.48836 -10.48807 -10.48814 -10.48898
 -10.49005 -10.48978 -10.48663 -10.48229 -10.48214
 -10.46187 -10.46198 -10.46205 -10.46202 -10.46182 -10.46158 -10.46164 -10.46233
 -10.46320 -10.46291 -10.46017 -10.45651 -10.45673
 -10.44409 -10.44417 -10.44423 -10.44420 -10.44404 -10.44385 -10.44390 -10.44445
 -10.44513 -10.44483 -10.44245 -10.43941 -10.44000
 -10.43378 -10.43386 -10.43391 -10.43389 -10.43374 -10.43357 -10.43362 -10.43410
 -10.43470 -10.43440 -10.43224 -10.42955 -10.43028
 -10.43000 -10.43008 -10.43013 -10.43011 -10.42996 -10.42979 -10.42983 -10.43033
 -10.43095 -10.43070 -10.42860 -10.42594 -10.42653
 -10.43205 -10.43213 -10.43219 -10.43217 -10.43201 -10.43182 -10.43186 -10.43241
 -10.43311 -10.43291 -10.43080 -10.42800 -10.42835
 -10.43938 -10.43947 -10.43953 -10.43950 -10.43934 -10.43913 -10.43918 -10.43976
 -10.44052 -10.44036 -10.43825 -10.43536 -10.43548
 -10.45122 -10.45131 -10.45137 -10.45134 -10.45118 -10.45098 -10.45103 -10.45161
 -10.45236 -10.45223 -10.45016 -10.44731 -10.44732
 -10.46646 -10.46655 -10.46661 -10.46658 -10.46642 -10.46623 -10.46628 -10.46683
 -10.46755 -10.46742 -10.46545 -10.46272 -10.46271
 -10.48404 -10.48412 -10.48417 -10.48415 -10.48401 -10.48383 -10.48387 -10.48438
 -10.48504 -10.48490 -10.48305 -10.48050 -10.48052
 -10.50297 -10.50304 -10.50308 -10.50306 -10.50293 -10.50277 -10.50281 -10.50327
 -10.50386 -10.50371 -10.50198 -10.49964 -10.49971
 -10.52262 -10.52268 -10.52272 -10.52270 -10.52258 -10.52244 -10.52248 -10.52288
 -10.52340 -10.52324 -10.52165 -10.51951 -10.51963
 ---------------------------------------------------/ Z1=13   / DATE= 22/07/91
 -74.00000 -74.00000 -74.00000 -74.00000 -74.00000 -74.00000 -74.00000 -74.00000
 -74.00000 -74.00000 -74.00000 -74.00000 -74.00000
 -74.00000 -74.00000 -74.00000 -74.00000 -74.00000 -74.00000 -74.00000 -74.00000
 -74.00000 -74.00000 -74.00000 -74.00000 -74.00000
 -74.00000 -74.00000 -74.00000 -74.00000 -74.00000 -74.00000 -74.00000 -74.00000
 -74.00000 -74.00000 -74.00000 -74.00000 -74.00000
 -74.00000 -74.00000 -74.00000 -74.00000 -74.00000 -74.00000 -74.00000 -74.00000
 -74.00000 -74.00000 -74.00000 -74.00000 -74.00000
 -74.00000 -74.00000 -74.00000 -74.00000 -74.00000 -74.00000 -74.00000 -74.00000
 -74.00000 -74.00000 -74.00000 -74.00000 -74.00000
 -74.00000 -74.00000 -74.00000 -74.00000 -74.00000 -74.00000 -74.00000 -74.00000
 -74.00000 -74.00000 -74.00000 -74.00000 -74.00000
 -74.00000 -74.00000 -74.00000 -74.00000 -74.00000 -74.00000 -74.00000 -74.00000
 -74.00000 -74.00000 -74.00000 -74.00000 -74.00000
 -74.00000 -74.00000 -74.00000 -74.00000 -74.00000 -74.00000 -74.00000 -74.00000
 -74.00000 -74.00000 -74.00000 -74.00000 -74.00000
 -74.00000 -74.00000 -74.00000 -74.00000 -74.00000 -74.00000 -74.00000 -74.00000
 -74.00000 -74.00000 -74.00000 -74.00000 -74.00000
 -74.00000 -74.00000 -74.00000 -74.00000 -74.00000 -74.00000 -74.00000 -74.00000
 -74.00000 -74.00000 -74.00000 -74.00000 -74.00000
 -74.00000 -74.00000 -74.00000 -74.00000 -74.00000 -74.00000 -74.00000 -74.00000
 -74.00000 -74.00000 -74.00000 -74.00000 -74.00000
 -74.00000 -74.00000 -74.00000 -74.00000 -74.00000 -74.00000 -74.00000 -74.00000
 -74.00000 -74.00000 -74.00000 -74.00000 -74.00000
 -74.00000 -74.00000 -74.00000 -74.00000 -74.00000 -74.00000 -74.00000 -74.00000
 -74.00000 -74.00000 -74.00000 -74.00000 -74.00000
 -69.89044 -69.89044 -69.89044 -69.89044 -69.89044 -69.89018 -69.88885 -69.88559
 -69.87905 -69.86695 -69.84684 -69.81186 -69.74543
 -57.88814 -57.88818 -57.88821 -57.88821 -57.88815 -57.88784 -57.88666 -57.88396
 -57.87846 -57.86749 -57.84819 -57.81453 -57.75348
 -48.34181 -48.34188 -48.34194 -48.34194 -48.34183 -48.34146 -48.34043 -48.33829
 -48.33382 -48.32399 -48.30550 -48.27316 -48.21750
 -40.74707 -40.74717 -40.74726 -40.74726 -40.74710 -40.74667 -40.74578 -40.74422
 -40.74078 -40.73207 -40.71440 -40.68338 -40.63310
 -34.70250 -34.70265 -34.70276 -34.70276 -34.70255 -34.70207 -34.70132 -34.70032
 -34.69792 -34.69034 -34.67348 -34.64378 -34.59889
 -29.88924 -29.88942 -29.88956 -29.88956 -29.88930 -29.88876 -29.88815 -29.88773
 -29.88635 -29.87991 -29.86387 -29.83549 -29.79597
 -26.05405 -26.05426 -26.05444 -26.05444 -26.05413 -26.05353 -26.05307 -26.05320
 -26.05286 -26.04755 -26.03232 -26.00526 -25.97113
 -22.99578 -22.99604 -22.99624 -22.99624 -22.99587 -22.99522 -22.99490 -22.99560
 -22.99629 -22.99210 -22.97769 -22.95194 -22.92317
 -20.55503 -20.55532 -20.55556 -20.55556 -20.55514 -20.55441 -20.55421 -20.55542
 -20.55706 -20.55395 -20.54035 -20.51593 -20.49226
 -18.60461 -18.60494 -18.60521 -18.60521 -18.60473 -18.60391 -18.60376 -18.60536
 -18.60780 -18.60563 -18.59285 -18.56977 -18.55059
 -17.04456 -17.04495 -17.04526 -17.04526 -17.04470 -17.04376 -17.04357 -17.04539
 -17.04836 -17.04694 -17.03500 -17.01326 -16.99764
 -15.79528 -15.79571 -15.79606 -15.79606 -15.79543 -15.79436 -15.79407 -15.79595
 -15.79921 -15.79835 -15.78723 -15.76683 -15.75389
 -14.79336 -14.79382 -14.79420 -14.79420 -14.79352 -14.79236 -14.79200 -14.79385
 -14.79723 -14.79675 -14.78641 -14.76735 -14.75645
 -13.98886 -13.98932 -13.98969 -13.98970 -13.98902 -13.98786 -13.98749 -13.98931
 -13.99270 -13.99247 -13.98285 -13.96507 -13.95581
 -13.34204 -13.34248 -13.34283 -13.34283 -13.34220 -13.34111 -13.34080 -13.34260
 -13.34592 -13.34583 -13.33687 -13.32032 -13.31242
 -12.82139 -12.82178 -12.82210 -12.82210 -12.82153 -12.82056 -12.82032 -12.82209
 -12.82529 -12.82528 -12.81694 -12.80157 -12.79478
 -12.40194 -12.40229 -12.40258 -12.40258 -12.40206 -12.40119 -12.40102 -12.40273
 -12.40578 -12.40584 -12.39808 -12.38383 -12.37796
 -12.06391 -12.06425 -12.06452 -12.06452 -12.06403 -12.06320 -12.06304 -12.06466
 -12.06756 -12.06768 -12.06051 -12.04732 -12.04220
 -11.79145 -11.79179 -11.79206 -11.79206 -11.79157 -11.79074 -11.79054 -11.79205
 -11.79482 -11.79503 -11.78842 -11.77621 -11.77171
 -11.57178 -11.57211 -11.57238 -11.57238 -11.57190 -11.57106 -11.57083 -11.57224
 -11.57491 -11.57521 -11.56912 -11.55779 -11.55378
 -11.39484 -11.39517 -11.39543 -11.39543 -11.39496 -11.39415 -11.39392 -11.39529
 -11.39789 -11.39828 -11.39264 -11.38205 -11.37844
 -11.25266 -11.25296 -11.25321 -11.25321 -11.25277 -11.25202 -11.25183 -11.25319
 -11.25573 -11.25619 -11.25093 -11.24096 -11.23766
 -11.13888 -11.13915 -11.13938 -11.13938 -11.13897 -11.13829 -11.13816 -11.13950
 -11.14196 -11.14243 -11.13747 -11.12804 -11.12500
 -11.04847 -11.04872 -11.04893 -11.04893 -11.04856 -11.04795 -11.04785 -11.04913
 -11.05144 -11.05186 -11.04711 -11.03816 -11.03535
 -10.97734 -10.97757 -10.97776 -10.97776 -10.97742 -10.97686 -10.97678 -10.97796
 -10.98009 -10.98040 -10.97581 -10.96728 -10.96469
 -10.92213 -10.92235 -10.92252 -10.92252 -10.92221 -10.92168 -10.92160 -10.92269
 -10.92463 -10.92483 -10.92039 -10.91225 -10.90982
 -10.88014 -10.88035 -10.88052 -10.88052 -10.88022 -10.87971 -10.87963 -10.88064
 -10.88246 -10.88260 -10.87833 -10.87054 -10.86822
 -10.84922 -10.84942 -10.84958 -10.84959 -10.84929 -10.84879 -10.84870 -10.84969
 -10.85147 -10.85166 -10.84760 -10.84015 -10.83788
 -10.82766 -10.82786 -10.82802 -10.82803 -10.82773 -10.82723 -10.82714 -10.82813
 -10.82993 -10.83023 -10.82642 -10.81929 -10.81703
 -10.81413 -10.81433 -10.81450 -10.81450 -10.81421 -10.81371 -10.81363 -10.81461
 -10.81641 -10.81678 -10.81320 -10.80639 -10.80418
 -10.80759 -10.80778 -10.80793 -10.80793 -10.80765 -10.80719 -10.80711 -10.80804
 -10.80974 -10.81008 -10.80668 -10.80021 -10.79809
 -10.80716 -10.80734 -10.80747 -10.80747 -10.80723 -10.80681 -10.80673 -10.80757
 -10.80910 -10.80932 -10.80604 -10.79991 -10.79795
 -10.81218 -10.81233 -10.81246 -10.81246 -10.81223 -10.81186 -10.81179 -10.81254
 -10.81389 -10.81399 -10.81081 -10.80500 -10.80320
 -10.82204 -10.82218 -10.82229 -10.82229 -10.82209 -10.82174 -10.82168 -10.82237
 -10.82360 -10.82364 -10.82058 -10.81505 -10.81336
 -10.83584 -10.83598 -10.83609 -10.83609 -10.83589 -10.83555 -10.83549 -10.83616
 -10.83735 -10.83741 -10.83449 -10.82919 -10.82756
 -10.85254 -10.85267 -10.85279 -10.85279 -10.85259 -10.85225 -10.85219 -10.85286
 -10.85407 -10.85419 -10.85142 -10.84633 -10.84472
 -10.87114 -10.87128 -10.87140 -10.87140 -10.87119 -10.87085 -10.87079 -10.87147
 -10.87273 -10.87295 -10.87034 -10.86544 -10.86382
 -10.89077 -10.89091 -10.89103 -10.89103 -10.89082 -10.89047 -10.89041 -10.89111
 -10.89242 -10.89274 -10.89031 -10.88558 -10.88396
 
C---------------------------------------------------------------------------------
C ADAS ADF11 DATA - SCCS info: @(#)$Header: /home/adascvs/adas/adf11/scd74/scd74_al.dat,v 2.1 2004/07/07 00:10:26 whitefor Exp $ Date $Date: 2004/07/07 00:10:26 $
C---------------------------------------------------------------------------------
