    6   13   51    1    6     /CARBON         / HPS74 matched to A-R Te 12/11/90
 -------------------------------------------------------------------------------
   4.00000   5.00000   6.00000   7.00000   8.00000   9.00000  10.00000  11.00000
  12.00000  13.00000  14.00000  15.00000  16.00000
  -0.06466   0.03533   0.13534   0.23535   0.33534   0.43534   0.53534   0.63534
   0.73534   0.83534   0.93534   1.03533   1.13534   1.23535   1.33534   1.43534
   1.53534   1.63534   1.73534   1.83534   1.93534   2.03533   2.13534   2.23535
   2.33534   2.43534   2.53534   2.63534   2.73534   2.83534   2.93534   3.03533
   3.13534   3.23535   3.33534   3.43534   3.53534   3.63534   3.73534   3.83534
   3.93534   4.03533   4.13534   4.23535   4.33534   4.43534   4.53534   4.63534
   4.73534   4.83534   4.93534
 ---------------------------------------------------/ Z1= 1   / DATE= 12/11/90
 -13.35789 -13.35471 -13.35141 -13.34832 -13.34371 -13.33539 -13.32200 -13.30568
 -13.28944 -13.27580 -13.26544 -13.25855 -13.25511
 -12.14734 -12.14490 -12.14255 -12.14043 -12.13652 -12.12824 -12.11474 -12.10218
 -12.09847 -12.10858 -12.12568 -12.14002 -12.14416
 -11.19603 -11.19477 -11.19358 -11.19237 -11.18919 -11.18160 -11.16901 -11.15810
 -11.15742 -11.17217 -11.19446 -11.21310 -11.21956
 -10.43060 -10.43038 -10.43014 -10.42961 -10.42706 -10.42044 -10.40925 -10.39921
 -10.39764 -10.40907 -10.42716 -10.44282 -10.44911
  -9.79302  -9.79325  -9.79343  -9.79323  -9.79115  -9.78544  -9.77569  -9.76681
  -9.76504  -9.77431  -9.78941  -9.80279  -9.80869
  -9.25667  -9.25691  -9.25711  -9.25696  -9.25518  -9.25028  -9.24195  -9.23457
  -9.23373  -9.24293  -9.25733  -9.26999  -9.27564
  -8.80745  -8.80754  -8.80759  -8.80733  -8.80572  -8.80154  -8.79459  -8.78890
  -8.78950  -8.79950  -8.81413  -8.82669  -8.83207
  -8.43612  -8.43622  -8.43618  -8.43576  -8.43421  -8.43065  -8.42510  -8.42108
  -8.42299  -8.43345  -8.44791  -8.46002  -8.46496
  -8.13508  -8.13546  -8.13555  -8.13501  -8.13347  -8.13050  -8.12635  -8.12385
  -8.12645  -8.13617  -8.14905  -8.15968  -8.16395
  -7.89098  -7.89155  -7.89173  -7.89116  -7.88974  -7.88745  -7.88467  -7.88344
  -7.88623  -7.89438  -7.90482  -7.91336  -7.91686
  -7.69076  -7.69094  -7.69086  -7.69034  -7.68937  -7.68799  -7.68650  -7.68627
  -7.68896  -7.69543  -7.70344  -7.70999  -7.71280
  -7.52414  -7.52304  -7.52215  -7.52177  -7.52167  -7.52148  -7.52112  -7.52156
  -7.52406  -7.52929  -7.53560  -7.54077  -7.54313
  -7.38542  -7.38279  -7.38092  -7.38070  -7.38151  -7.38240  -7.38277  -7.38346
  -7.38568  -7.39012  -7.39545  -7.39983  -7.40188
  -7.27100  -7.26740  -7.26492  -7.26478  -7.26610  -7.26745  -7.26788  -7.26829
  -7.27007  -7.27405  -7.27896  -7.28297  -7.28473
  -7.17801  -7.17461  -7.17227  -7.17212  -7.17320  -7.17406  -7.17374  -7.17336
  -7.17452  -7.17825  -7.18308  -7.18696  -7.18834
  -7.10352  -7.10117  -7.09953  -7.09934  -7.09979  -7.09966  -7.09825  -7.09689
  -7.09741  -7.10094  -7.10580  -7.10960  -7.11052
  -7.04502  -7.04398  -7.04328  -7.04318  -7.04306  -7.04208  -7.03984  -7.03779
  -7.03782  -7.04109  -7.04578  -7.04934  -7.04984
  -7.00049  -7.00046  -7.00058  -7.00083  -7.00073  -6.99969  -6.99749  -6.99546
  -6.99532  -6.99812  -7.00218  -7.00517  -7.00532
  -6.96812  -6.96838  -6.96896  -6.96987  -6.97063  -6.97068  -6.96973  -6.96870
  -6.96884  -6.97091  -6.97375  -6.97574  -6.97568
  -6.94576  -6.94584  -6.94655  -6.94810  -6.94999  -6.95157  -6.95237  -6.95281
  -6.95351  -6.95487  -6.95639  -6.95735  -6.95723
  -6.93135  -6.93116  -6.93176  -6.93354  -6.93604  -6.93861  -6.94074  -6.94239
  -6.94371  -6.94476  -6.94551  -6.94588  -6.94583
  -6.92304  -6.92279  -6.92314  -6.92444  -6.92645  -6.92876  -6.93104  -6.93314
  -6.93495  -6.93636  -6.93736  -6.93793  -6.93809
  -6.91916  -6.91904  -6.91907  -6.91935  -6.91998  -6.92103  -6.92254  -6.92445
  -6.92663  -6.92892  -6.93097  -6.93236  -6.93281
  -6.91819  -6.91831  -6.91795  -6.91694  -6.91575  -6.91504  -6.91532  -6.91671
  -6.91921  -6.92264  -6.92614  -6.92867  -6.92946
  -6.91887  -6.91923  -6.91849  -6.91614  -6.91306  -6.91049  -6.90946  -6.91029
  -6.91310  -6.91772  -6.92273  -6.92644  -6.92757
  -6.92070  -6.92132  -6.92019  -6.91650  -6.91154  -6.90711  -6.90477  -6.90503
  -6.90815  -6.91395  -6.92048  -6.92537  -6.92686
  -6.92346  -6.92433  -6.92281  -6.91779  -6.91094  -6.90466  -6.90100  -6.90070
  -6.90412  -6.91111  -6.91916  -6.92523  -6.92706
  -6.92696  -6.92808  -6.92617  -6.91981  -6.91107  -6.90294  -6.89797  -6.89709
  -6.90083  -6.90900  -6.91857  -6.92583  -6.92800
  -6.93103  -6.93240  -6.93011  -6.92241  -6.91178  -6.90180  -6.89552  -6.89408
  -6.89813  -6.90747  -6.91856  -6.92700  -6.92952
  -6.93557  -6.93720  -6.93452  -6.92547  -6.91296  -6.90112  -6.89353  -6.89152
  -6.89588  -6.90641  -6.91902  -6.92864  -6.93151
  -6.94048  -6.94236  -6.93929  -6.92891  -6.91451  -6.90081  -6.89191  -6.88933
  -6.89400  -6.90572  -6.91984  -6.93065  -6.93386
  -6.94568  -6.94781  -6.94436  -6.93263  -6.91635  -6.90080  -6.89058  -6.88744
  -6.89242  -6.90531  -6.92096  -6.93295  -6.93651
  -6.95111  -6.95349  -6.94965  -6.93659  -6.91842  -6.90101  -6.88948  -6.88578
  -6.89106  -6.90514  -6.92231  -6.93548  -6.93939
  -6.95673  -6.95936  -6.95513  -6.94073  -6.92067  -6.90141  -6.88857  -6.88430
  -6.88990  -6.90516  -6.92384  -6.93820  -6.94245
  -6.96249  -6.96537  -6.96076  -6.94502  -6.92307  -6.90196  -6.88780  -6.88296
  -6.88887  -6.90532  -6.92552  -6.94106  -6.94566
  -6.96837  -6.97151  -6.96651  -6.94943  -6.92559  -6.90262  -6.88715  -6.88175
  -6.88797  -6.90559  -6.92731  -6.94404  -6.94898
  -6.97434  -6.97773  -6.97234  -6.95393  -6.92820  -6.90338  -6.88660  -6.88063
  -6.88715  -6.90596  -6.92920  -6.94711  -6.95240
  -6.98039  -6.98403  -6.97825  -6.95850  -6.93088  -6.90421  -6.88611  -6.87958
  -6.88641  -6.90641  -6.93116  -6.95026  -6.95589
  -6.98649  -6.99038  -6.98422  -6.96313  -6.93362  -6.90510  -6.88569  -6.87858
  -6.88573  -6.90691  -6.93318  -6.95346  -6.95944
  -6.99264  -6.99678  -6.99024  -6.96780  -6.93641  -6.90603  -6.88531  -6.87764
  -6.88510  -6.90745  -6.93525  -6.95671  -6.96304
  -6.99883  -7.00322  -6.99629  -6.97251  -6.93924  -6.90700  -6.88497  -6.87673
  -6.88450  -6.90804  -6.93735  -6.95999  -6.96667
  -7.00505  -7.00969  -7.00237  -6.97726  -6.94209  -6.90800  -6.88465  -6.87585
  -6.88393  -6.90865  -6.93948  -6.96331  -6.97033
  -7.01129  -7.01618  -7.00847  -6.98202  -6.94497  -6.90902  -6.88436  -6.87499
  -6.88338  -6.90929  -6.94164  -6.96665  -6.97402
  -7.01754  -7.02269  -7.01460  -6.98680  -6.94786  -6.91006  -6.88409  -6.87416
  -6.88286  -6.90994  -6.94381  -6.97001  -6.97772
  -7.02381  -7.02921  -7.02073  -6.99160  -6.95077  -6.91112  -6.88383  -6.87333
  -6.88234  -6.91061  -6.94600  -6.97338  -6.98144
  -7.03010  -7.03575  -7.02688  -6.99641  -6.95369  -6.91219  -6.88359  -6.87252
  -6.88184  -6.91129  -6.94820  -6.97676  -6.98517
  -7.03639  -7.04229  -7.03304  -7.00123  -6.95662  -6.91326  -6.88335  -6.87172
  -6.88135  -6.91198  -6.95041  -6.98015  -6.98890
  -7.04269  -7.04884  -7.03920  -7.00606  -6.95956  -6.91435  -6.88313  -6.87093
  -6.88086  -6.91268  -6.95262  -6.98355  -6.99265
  -7.04900  -7.05540  -7.04537  -7.01089  -6.96251  -6.91544  -6.88290  -6.87014
  -6.88038  -6.91339  -6.95484  -6.98696  -6.99640
  -7.05531  -7.06196  -7.05155  -7.01572  -6.96546  -6.91653  -6.88268  -6.86935
  -6.87991  -6.91409  -6.95707  -6.99037  -7.00016
  -7.06162  -7.06853  -7.05773  -7.02057  -6.96841  -6.91763  -6.88247  -6.86857
  -6.87944  -6.91481  -6.95930  -6.99378  -7.00392
 ---------------------------------------------------/ Z1= 2   / DATE= 12/11/90
 -21.16967 -21.16638 -21.16060 -21.15029 -21.13300 -21.10415 -21.04761 -20.94321
 -20.76344 -20.44000 -19.89057 -19.07345 -18.17145
 -18.53289 -18.53046 -18.52630 -18.51886 -18.50632 -18.48520 -18.44308 -18.36445
 -18.22651 -17.96612 -17.50624 -16.80631 -16.02725
 -16.41656 -16.41490 -16.41215 -16.40721 -16.39872 -16.38415 -16.35451 -16.29859
 -16.19807 -15.99532 -15.61916 -15.03070 -14.36938
 -14.71569 -14.71464 -14.71302 -14.71000 -14.70450 -14.69471 -14.67462 -14.63679
 -14.56702 -14.41373 -14.11247 -13.62682 -13.07539
 -13.34697 -13.34636 -13.34553 -13.34372 -13.33994 -13.33281 -13.31871 -13.29331
 -13.24603 -13.13196 -12.89435 -12.50027 -12.04840
 -12.24561 -12.24525 -12.24489 -12.24375 -12.24079 -12.23485 -12.22413 -12.20657
 -12.17462 -12.09026 -11.90499 -11.59003 -11.22573
 -11.36136 -11.36108 -11.36094 -11.36015 -11.35764 -11.35238 -11.34371 -11.33102
 -11.30904 -11.24634 -11.10258 -10.85341 -10.56319
 -10.65348 -10.65314 -10.65304 -10.65248 -10.65046 -10.64612 -10.63925 -10.62990
 -10.61418 -10.56662 -10.45434 -10.25732 -10.02684
 -10.08412 -10.08365 -10.08350 -10.08309 -10.08160 -10.07832 -10.07311 -10.06607
 -10.05413 -10.01692  -9.92812  -9.77168  -9.58843
  -9.62081  -9.62027  -9.62004  -9.61971  -9.61865  -9.61628  -9.61241  -9.60695
  -9.59738  -9.56753  -9.49657  -9.37184  -9.22588
  -9.23787  -9.23738  -9.23713  -9.23682  -9.23597  -9.23416  -9.23117  -9.22687
  -9.21916  -9.19522  -9.13851  -9.03902  -8.92269
  -8.91965  -8.91930  -8.91908  -8.91874  -8.91797  -8.91646  -8.91403  -8.91059
  -8.90446  -8.88534  -8.84000  -8.76037  -8.66727
  -8.65543  -8.65525  -8.65507  -8.65472  -8.65399  -8.65268  -8.65069  -8.64795
  -8.64312  -8.62780  -8.59124  -8.52685  -8.45150
  -8.43739  -8.43735  -8.43720  -8.43687  -8.43625  -8.43525  -8.43378  -8.43171
  -8.42789  -8.41541  -8.38535  -8.33231  -8.27017
  -8.25936  -8.25936  -8.25923  -8.25896  -8.25859  -8.25811  -8.25733  -8.25598
  -8.25293  -8.24239  -8.21694  -8.17209  -8.11954
  -8.11474  -8.11473  -8.11461  -8.11444  -8.11436  -8.11442  -8.11430  -8.11357
  -8.11108  -8.10186  -8.07961  -8.04054  -7.99481
  -7.99786  -7.99783  -7.99774  -7.99769  -7.99779  -7.99812  -7.99832  -7.99792
  -7.99582  -7.98760  -7.96770  -7.93276  -7.89186
  -7.90400  -7.90399  -7.90398  -7.90401  -7.90410  -7.90424  -7.90423  -7.90374
  -7.90191  -7.89463  -7.87667  -7.84487  -7.80755
  -7.82884  -7.82886  -7.82894  -7.82902  -7.82897  -7.82871  -7.82819  -7.82743
  -7.82579  -7.81935  -7.80300  -7.77362  -7.73899
  -7.76860  -7.76865  -7.76879  -7.76888  -7.76871  -7.76811  -7.76722  -7.76624
  -7.76479  -7.75902  -7.74392  -7.71639  -7.68380
  -7.72032  -7.72036  -7.72050  -7.72057  -7.72038  -7.71977  -7.71891  -7.71802
  -7.71676  -7.71144  -7.69723  -7.67111  -7.64015
  -7.68245  -7.68248  -7.68256  -7.68260  -7.68247  -7.68210  -7.68154  -7.68095
  -7.67990  -7.67486  -7.66125  -7.63623  -7.60657
  -7.65411  -7.65412  -7.65413  -7.65414  -7.65410  -7.65400  -7.65383  -7.65357
  -7.65270  -7.64786  -7.63469  -7.61053  -7.58190
  -7.63467  -7.63467  -7.63465  -7.63465  -7.63466  -7.63471  -7.63474  -7.63468
  -7.63396  -7.62933  -7.61656  -7.59309  -7.56525
  -7.62361  -7.62362  -7.62363  -7.62364  -7.62363  -7.62357  -7.62348  -7.62337
  -7.62275  -7.61838  -7.60606  -7.58318  -7.55595
  -7.62008  -7.62011  -7.62018  -7.62023  -7.62014  -7.61983  -7.61941  -7.61910
  -7.61854  -7.61445  -7.60256  -7.58014  -7.55330
  -7.62323  -7.62328  -7.62342  -7.62351  -7.62334  -7.62277  -7.62204  -7.62151
  -7.62100  -7.61715  -7.60556  -7.58341  -7.55676
  -7.63217  -7.63223  -7.63240  -7.63250  -7.63229  -7.63159  -7.63071  -7.63010
  -7.62963  -7.62592  -7.61445  -7.59233  -7.56565
  -7.64531  -7.64537  -7.64555  -7.64566  -7.64544  -7.64472  -7.64383  -7.64324
  -7.64283  -7.63917  -7.62767  -7.60541  -7.57854
  -7.66097  -7.66102  -7.66119  -7.66129  -7.66109  -7.66042  -7.65958  -7.65906
  -7.65871  -7.65506  -7.64346  -7.62097  -7.59383
  -7.67771  -7.67776  -7.67791  -7.67801  -7.67782  -7.67720  -7.67644  -7.67600
  -7.67571  -7.67205  -7.66035  -7.63761  -7.61019
  -7.69510  -7.69515  -7.69529  -7.69538  -7.69520  -7.69463  -7.69395  -7.69359
  -7.69336  -7.68970  -7.67789  -7.65490  -7.62720
  -7.71301  -7.71305  -7.71319  -7.71327  -7.71311  -7.71259  -7.71198  -7.71170
  -7.71153  -7.70787  -7.69595  -7.67271  -7.64473
  -7.73133  -7.73137  -7.73149  -7.73157  -7.73143  -7.73096  -7.73043  -7.73022
  -7.73012  -7.72646  -7.71442  -7.69093  -7.66267
  -7.74998  -7.75002  -7.75013  -7.75020  -7.75007  -7.74965  -7.74919  -7.74907
  -7.74902  -7.74537  -7.73322  -7.70948  -7.68094
  -7.76889  -7.76892  -7.76902  -7.76909  -7.76898  -7.76861  -7.76822  -7.76818
  -7.76819  -7.76453  -7.75227  -7.72829  -7.69947
  -7.78801  -7.78804  -7.78812  -7.78818  -7.78809  -7.78777  -7.78746  -7.78749
  -7.78757  -7.78391  -7.77154  -7.74731  -7.71821
  -7.80729  -7.80731  -7.80739  -7.80744  -7.80736  -7.80709  -7.80686  -7.80697
  -7.80711  -7.80345  -7.79097  -7.76649  -7.73711
  -7.82670  -7.82672  -7.82678  -7.82683  -7.82676  -7.82655  -7.82639  -7.82658
  -7.82678  -7.82312  -7.81053  -7.78580  -7.75614
  -7.84622  -7.84623  -7.84628  -7.84632  -7.84627  -7.84611  -7.84602  -7.84629
  -7.84655  -7.84289  -7.83019  -7.80521  -7.77527
  -7.86581  -7.86582  -7.86586  -7.86589  -7.86586  -7.86575  -7.86574  -7.86609
  -7.86641  -7.86275  -7.84993  -7.82471  -7.79448
  -7.88547  -7.88548  -7.88551  -7.88553  -7.88552  -7.88545  -7.88552  -7.88594
  -7.88633  -7.88267  -7.86974  -7.84427  -7.81376
  -7.90519  -7.90519  -7.90521  -7.90523  -7.90523  -7.90521  -7.90535  -7.90586
  -7.90630  -7.90264  -7.88960  -7.86389  -7.83310
  -7.92494  -7.92494  -7.92495  -7.92496  -7.92498  -7.92501  -7.92523  -7.92581
  -7.92632  -7.92266  -7.90951  -7.88354  -7.85247
  -7.94473  -7.94473  -7.94472  -7.94473  -7.94476  -7.94484  -7.94513  -7.94580
  -7.94636  -7.94270  -7.92944  -7.90323  -7.87188
  -7.96454  -7.96453  -7.96452  -7.96452  -7.96456  -7.96470  -7.96506  -7.96581
  -7.96643  -7.96277  -7.94940  -7.92294  -7.89131
  -7.98438  -7.98437  -7.98434  -7.98433  -7.98439  -7.98458  -7.98502  -7.98584
  -7.98653  -7.98287  -7.96938  -7.94268  -7.91077
  -8.00423  -8.00421  -8.00417  -8.00416  -8.00424  -8.00448  -8.00499  -8.00589
  -8.00664  -8.00298  -7.98938  -7.96243  -7.93024
  -8.02409  -8.02407  -8.02402  -8.02400  -8.02409  -8.02438  -8.02497  -8.02595
  -8.02676  -8.02310  -8.00939  -7.98219  -7.94972
  -8.04397  -8.04394  -8.04388  -8.04385  -8.04396  -8.04430  -8.04496  -8.04603
  -8.04689  -8.04323  -8.02942  -8.00196  -7.96921
  -8.06385  -8.06382  -8.06375  -8.06371  -8.06384  -8.06423  -8.06497  -8.06611
  -8.06703  -8.06337  -8.04945  -8.02175  -7.98871
 ---------------------------------------------------/ Z1= 3   / DATE= 12/11/90
 -33.18019 -33.18132 -33.17772 -33.16617 -33.15241 -33.14799 -33.16061 -33.15080
 -33.04806 -32.78226 -32.29353 -31.52882 -30.45291
 -28.16228 -28.16321 -28.16012 -28.15031 -28.13852 -28.13439 -28.14432 -28.13467
 -28.04555 -27.81676 -27.38982 -26.70739 -25.72915
 -24.16422 -24.16496 -24.16239 -24.15431 -24.14449 -24.14066 -24.14789 -24.13840
 -24.06290 -23.87113 -23.50599 -22.90586 -22.02531
 -20.97725 -20.97778 -20.97574 -20.96938 -20.96153 -20.95800 -20.96253 -20.95321
 -20.89131 -20.73654 -20.43314 -19.91525 -19.13236
 -18.43484 -18.43518 -18.43365 -18.42896 -18.42303 -18.41980 -18.42173 -18.41260
 -18.36393 -18.24507 -18.00186 -17.56467 -16.87840
 -16.40444 -16.40460 -16.40351 -16.40035 -16.39616 -16.39325 -16.39289 -16.38401
 -16.34741 -16.26123 -16.07346 -15.71233 -15.11958
 -14.78145 -14.78144 -14.78072 -14.77881 -14.77609 -14.77350 -14.77138 -14.76287
 -14.73638 -14.67737 -14.53704 -14.24409 -13.73961
 -13.48270 -13.48255 -13.48207 -13.48104 -13.47940 -13.47716 -13.47400 -13.46602
 -13.44692 -13.40744 -13.30337 -13.06760 -12.64402
 -12.44189 -12.44165 -12.44129 -12.44079 -12.43982 -12.43792 -12.43444 -12.42715
 -12.41277 -12.38527 -12.30625 -12.11605 -11.76449
 -11.60608 -11.60580 -11.60551 -11.60527 -11.60468 -11.60308 -11.59972 -11.59323
 -11.58184 -11.56139 -11.49955 -11.34545 -11.05618
 -10.93314 -10.93289 -10.93267 -10.93256 -10.93216 -10.93078 -10.92770 -10.92207
 -10.91291 -10.89727 -10.84818 -10.72296 -10.48551
 -10.38998 -10.38982 -10.38970 -10.38964 -10.38930 -10.38805 -10.38528 -10.38049
 -10.37332 -10.36163 -10.32284 -10.22087 -10.02517
  -9.95061  -9.95057  -9.95053  -9.95046  -9.95007  -9.94887  -9.94639  -9.94242
  -9.93691  -9.92835  -9.89765  -9.81419  -9.65198
  -9.59476  -9.59482  -9.59481  -9.59465  -9.59412  -9.59290  -9.59069  -9.58745
  -9.58325  -9.57691  -9.55230  -9.48343  -9.34822
  -9.30610  -9.30622  -9.30620  -9.30589  -9.30517  -9.30390  -9.30196  -9.29934
  -9.29606  -9.29112  -9.27087  -9.21338  -9.10001
  -9.07140  -9.07153  -9.07148  -9.07104  -9.07017  -9.06889  -9.06721  -9.06509
  -9.06244  -9.05830  -9.04112  -8.99239  -8.89639
  -8.88020  -8.88032  -8.88024  -8.87975  -8.87886  -8.87766  -8.87624  -8.87452
  -8.87229  -8.86860  -8.85359  -8.81156  -8.72917
  -8.72420  -8.72429  -8.72421  -8.72381  -8.72309  -8.72213  -8.72100  -8.71958
  -8.71764  -8.71429  -8.70098  -8.66415  -8.59227
  -8.59697  -8.59701  -8.59697  -8.59678  -8.59641  -8.59581  -8.59496  -8.59375
  -8.59201  -8.58901  -8.57717  -8.54445  -8.48061
  -8.49359  -8.49357  -8.49358  -8.49362  -8.49361  -8.49337  -8.49274  -8.49165
  -8.49006  -8.48740  -8.47683  -8.44737  -8.38969
  -8.41021  -8.41016  -8.41020  -8.41039  -8.41059  -8.41056  -8.41004  -8.40900
  -8.40752  -8.40520  -8.39572  -8.36888  -8.31602
  -8.34367  -8.34362  -8.34367  -8.34388  -8.34412  -8.34411  -8.34358  -8.34254
  -8.34116  -8.33915  -8.33060  -8.30591  -8.25690
  -8.29127  -8.29123  -8.29126  -8.29145  -8.29163  -8.29155  -8.29096  -8.28990
  -8.28861  -8.28687  -8.27909  -8.25612  -8.21018
  -8.25086  -8.25082  -8.25085  -8.25099  -8.25112  -8.25098  -8.25034  -8.24928
  -8.24807  -8.24655  -8.23937  -8.21777  -8.17428
  -8.22065  -8.22062  -8.22064  -8.22077  -8.22088  -8.22072  -8.22008  -8.21905
  -8.21793  -8.21658  -8.20986  -8.18933  -8.14777
  -8.19916  -8.19913  -8.19915  -8.19929  -8.19940  -8.19926  -8.19863  -8.19764
  -8.19659  -8.19540  -8.18906  -8.16938  -8.12934
  -8.18517  -8.18513  -8.18516  -8.18531  -8.18545  -8.18532  -8.18471  -8.18373
  -8.18276  -8.18174  -8.17577  -8.15679  -8.11790
  -8.17767  -8.17763  -8.17766  -8.17783  -8.17799  -8.17787  -8.17723  -8.17625
  -8.17534  -8.17454  -8.16899  -8.15065  -8.11260
  -8.17596  -8.17592  -8.17596  -8.17614  -8.17632  -8.17619  -8.17549  -8.17445
  -8.17360  -8.17306  -8.16798  -8.15021  -8.11279
  -8.17961  -8.17956  -8.17960  -8.17981  -8.18000  -8.17985  -8.17908  -8.17796
  -8.17714  -8.17686  -8.17220  -8.15494  -8.11797
  -8.18828  -8.18822  -8.18827  -8.18848  -8.18869  -8.18852  -8.18768  -8.18649
  -8.18569  -8.18558  -8.18125  -8.16436  -8.12774
  -8.20113  -8.20107  -8.20112  -8.20135  -8.20156  -8.20139  -8.20050  -8.19925
  -8.19844  -8.19843  -8.19429  -8.17766  -8.14131
  -8.21680  -8.21674  -8.21679  -8.21703  -8.21725  -8.21707  -8.21614  -8.21485
  -8.21401  -8.21404  -8.21002  -8.19356  -8.15746
  -8.23393  -8.23387  -8.23392  -8.23417  -8.23440  -8.23422  -8.23326  -8.23192
  -8.23105  -8.23110  -8.22716  -8.21087  -8.17498
  -8.25174  -8.25167  -8.25172  -8.25198  -8.25223  -8.25204  -8.25105  -8.24966
  -8.24877  -8.24883  -8.24498  -8.22884  -8.19317
  -8.27005  -8.26999  -8.27004  -8.27031  -8.27057  -8.27037  -8.26935  -8.26791
  -8.26699  -8.26708  -8.26331  -8.24732  -8.21188
  -8.28878  -8.28871  -8.28877  -8.28905  -8.28931  -8.28911  -8.28806  -8.28657
  -8.28562  -8.28573  -8.28205  -8.26621  -8.23099
  -8.30783  -8.30775  -8.30781  -8.30810  -8.30838  -8.30818  -8.30709  -8.30555
  -8.30458  -8.30470  -8.30111  -8.28542  -8.25043
  -8.32713  -8.32705  -8.32712  -8.32742  -8.32770  -8.32749  -8.32637  -8.32479
  -8.32379  -8.32394  -8.32042  -8.30489  -8.27012
  -8.34664  -8.34656  -8.34662  -8.34694  -8.34723  -8.34702  -8.34586  -8.34424
  -8.34320  -8.34337  -8.33994  -8.32457  -8.29002
  -8.36631  -8.36623  -8.36629  -8.36661  -8.36692  -8.36670  -8.36551  -8.36384
  -8.36278  -8.36297  -8.35963  -8.34440  -8.31007
  -8.38610  -8.38602  -8.38609  -8.38642  -8.38674  -8.38651  -8.38529  -8.38357
  -8.38248  -8.38269  -8.37943  -8.36436  -8.33026
  -8.40600  -8.40592  -8.40599  -8.40633  -8.40666  -8.40643  -8.40518  -8.40341
  -8.40229  -8.40252  -8.39935  -8.38443  -8.35055
  -8.42599  -8.42590  -8.42597  -8.42632  -8.42666  -8.42643  -8.42514  -8.42333
  -8.42218  -8.42243  -8.41934  -8.40458  -8.37092
  -8.44603  -8.44594  -8.44602  -8.44638  -8.44673  -8.44649  -8.44517  -8.44331
  -8.44213  -8.44240  -8.43940  -8.42479  -8.39135
  -8.46613  -8.46603  -8.46611  -8.46648  -8.46685  -8.46660  -8.46525  -8.46334
  -8.46213  -8.46243  -8.45951  -8.44505  -8.41183
  -8.48627  -8.48617  -8.48625  -8.48663  -8.48700  -8.48675  -8.48537  -8.48342
  -8.48218  -8.48249  -8.47966  -8.46535  -8.43236
  -8.50643  -8.50634  -8.50642  -8.50681  -8.50719  -8.50694  -8.50552  -8.50352
  -8.50225  -8.50259  -8.49984  -8.48569  -8.45292
  -8.52663  -8.52653  -8.52661  -8.52702  -8.52741  -8.52715  -8.52570  -8.52365
  -8.52236  -8.52271  -8.52005  -8.50605  -8.47350
  -8.54684  -8.54674  -8.54683  -8.54724  -8.54764  -8.54738  -8.54590  -8.54380
  -8.54248  -8.54285  -8.54027  -8.52643  -8.49410
  -8.56708  -8.56697  -8.56706  -8.56748  -8.56789  -8.56763  -8.56611  -8.56397
  -8.56262  -8.56301  -8.56052  -8.54683  -8.51472
 ---------------------------------------------------/ Z1= 4   / DATE= 12/11/90
 -41.43770 -41.44346 -41.44710 -41.43976 -41.41567 -41.39279 -41.40020 -41.45320
 -41.46009 -41.27923 -40.78753 -40.00738 -39.02911
 -34.77629 -34.78154 -34.78482 -34.77799 -34.75572 -34.73450 -34.74101 -34.78923
 -34.79446 -34.62591 -34.16958 -33.44339 -32.52680
 -29.48851 -29.49324 -29.49616 -29.48984 -29.46939 -29.44982 -29.45543 -29.49889
 -29.50245 -29.34620 -28.92526 -28.25304 -27.39816
 -25.29312 -25.29733 -25.29990 -25.29408 -25.27545 -25.25754 -25.26225 -25.30094
 -25.30284 -25.15889 -24.77334 -24.15508 -23.36190
 -21.96559 -21.96929 -21.97150 -21.96619 -21.94938 -21.93312 -21.93694 -21.97085
 -21.97109 -21.83945 -21.48927 -20.92497 -20.19348
 -19.32682 -19.33001 -19.33187 -19.32706 -19.31208 -19.29747 -19.30039 -19.32953
 -19.32811 -19.20877 -18.89397 -18.38364 -17.71384
 -17.23468 -17.23736 -17.23887 -17.23457 -17.22140 -17.20844 -17.21047 -17.23488
 -17.23184 -17.12477 -16.84522 -16.38865 -15.78039
 -15.57265 -15.57486 -15.57606 -15.57227 -15.56084 -15.54947 -15.55069 -15.57069
 -15.56629 -15.47132 -15.22605 -14.82190 -14.27415
 -14.24639 -14.24824 -14.24922 -14.24594 -14.23612 -14.22622 -14.22681 -14.24300
 -14.23780 -14.15455 -13.94162 -13.58713 -13.09779
 -13.18002 -13.18163 -13.18253 -13.17976 -13.17134 -13.16275 -13.16295 -13.17628
 -13.17111 -13.09903 -12.91547 -12.60648 -12.17234
 -12.31410 -12.31564 -12.31660 -12.31433 -12.30706 -12.29956 -12.29968 -12.31128
 -12.30712 -12.24545 -12.08756 -11.81877 -11.43565
 -11.60908 -11.61062 -11.61169 -11.60988 -11.60356 -11.59699 -11.59725 -11.60788
 -11.60525 -11.55302 -11.41732 -11.18371 -10.84682
 -11.03665 -11.03815 -11.03927 -11.03782 -11.03232 -11.02663 -11.02708 -11.03698
 -11.03578 -10.99181 -10.87539 -10.67255 -10.37663
 -10.57498 -10.57631 -10.57731 -10.57608 -10.57136 -10.56652 -10.56713 -10.57612
 -10.57575 -10.53871 -10.43913 -10.26319 -10.00263
 -10.20250 -10.20357 -10.20434 -10.20324 -10.19922 -10.19518 -10.19588 -10.20380
 -10.20378 -10.17247 -10.08752  -9.93491  -9.70452
  -9.90065  -9.90145  -9.90197  -9.90094  -9.89752  -9.89418  -9.89491  -9.90176
  -9.90185  -9.87532  -9.80291  -9.67031  -9.46551
  -9.65482  -9.65542  -9.65574  -9.65477  -9.65183  -9.64902  -9.64971  -9.65564
  -9.65582  -9.63335  -9.57154  -9.45585  -9.27269
  -9.45410  -9.45456  -9.45475  -9.45384  -9.45128  -9.44886  -9.44947  -9.45461
  -9.45488  -9.43583  -9.38293  -9.28143  -9.11648
  -9.29014  -9.29050  -9.29062  -9.28978  -9.28752  -9.28539  -9.28591  -9.29035
  -9.29068  -9.27447  -9.22902  -9.13942  -8.98976
  -9.15642  -9.15671  -9.15679  -9.15603  -9.15404  -9.15217  -9.15257  -9.15638
  -9.15668  -9.14282  -9.10362  -9.02404  -8.88726
  -9.04781  -9.04806  -9.04812  -9.04746  -9.04573  -9.04410  -9.04440  -9.04759
  -9.04776  -9.03579  -9.00187  -8.93081  -8.80497
  -8.96001  -8.96022  -8.96027  -8.95971  -8.95826  -8.95686  -8.95707  -8.95968
  -8.95964  -8.94918  -8.91966  -8.85581  -8.73926
  -8.88952  -8.88969  -8.88973  -8.88927  -8.88807  -8.88692  -8.88708  -8.88916
  -8.88886  -8.87956  -8.85365  -8.79583  -8.68718
  -8.83363  -8.83375  -8.83375  -8.83337  -8.83242  -8.83152  -8.83166  -8.83329
  -8.83271  -8.82430  -8.80131  -8.74847  -8.64655
  -8.79012  -8.79019  -8.79016  -8.78984  -8.78911  -8.78844  -8.78859  -8.78987
  -8.78907  -8.78135  -8.76070  -8.71197  -8.61575
  -8.75726  -8.75729  -8.75725  -8.75699  -8.75643  -8.75595  -8.75612  -8.75715
  -8.75622  -8.74913  -8.73041  -8.68506  -8.59359
  -8.73361  -8.73365  -8.73363  -8.73343  -8.73299  -8.73262  -8.73281  -8.73369
  -8.73277  -8.72631  -8.70927  -8.66674  -8.57921
  -8.71791  -8.71796  -8.71798  -8.71784  -8.71748  -8.71717  -8.71733  -8.71811
  -8.71725  -8.71140  -8.69589  -8.65583  -8.57161
  -8.70903  -8.70911  -8.70916  -8.70907  -8.70876  -8.70846  -8.70856  -8.70917
  -8.70830  -8.70300  -8.68896  -8.65124  -8.56996
  -8.70608  -8.70615  -8.70620  -8.70613  -8.70587  -8.70558  -8.70554  -8.70580
  -8.70474  -8.69989  -8.68737  -8.65205  -8.57356
  -8.70831  -8.70834  -8.70835  -8.70828  -8.70807  -8.70779  -8.70753  -8.70724
  -8.70571  -8.70118  -8.69031  -8.65760  -8.58191
  -8.71535  -8.71531  -8.71525  -8.71516  -8.71503  -8.71477  -8.71427  -8.71334
  -8.71122  -8.70692  -8.69772  -8.66766  -8.59464
  -8.72693  -8.72683  -8.72669  -8.72659  -8.72655  -8.72637  -8.72569  -8.72419
  -8.72155  -8.71749  -8.70985  -8.68221  -8.61151
  -8.74273  -8.74256  -8.74237  -8.74227  -8.74236  -8.74230  -8.74157  -8.73972
  -8.73678  -8.73301  -8.72672  -8.70108  -8.63217
  -8.76164  -8.76142  -8.76118  -8.76111  -8.76133  -8.76144  -8.76077  -8.75874
  -8.75567  -8.75226  -8.74716  -8.72315  -8.65566
  -8.78239  -8.78213  -8.78185  -8.78181  -8.78218  -8.78248  -8.78191  -8.77980
  -8.77670  -8.77367  -8.76966  -8.74713  -8.68083
  -8.80390  -8.80359  -8.80328  -8.80327  -8.80380  -8.80429  -8.80383  -8.80166
  -8.79854  -8.79590  -8.79297  -8.77187  -8.70673
  -8.82585  -8.82549  -8.82514  -8.82517  -8.82585  -8.82654  -8.82618  -8.82395
  -8.82081  -8.81856  -8.81672  -8.79705  -8.73307
  -8.84814  -8.84774  -8.84735  -8.84741  -8.84824  -8.84912  -8.84888  -8.84659
  -8.84343  -8.84157  -8.84081  -8.82257  -8.75975
  -8.87071  -8.87026  -8.86983  -8.86993  -8.87091  -8.87199  -8.87185  -8.86950
  -8.86632  -8.86485  -8.86517  -8.84837  -8.78671
  -8.89349  -8.89300  -8.89253  -8.89266  -8.89379  -8.89507  -8.89505  -8.89263
  -8.88944  -8.88835  -8.88975  -8.87439  -8.81389
  -8.91644  -8.91590  -8.91540  -8.91557  -8.91685  -8.91832  -8.91841  -8.91593
  -8.91272  -8.91203  -8.91450  -8.90057  -8.84123
  -8.93954  -8.93896  -8.93842  -8.93862  -8.94005  -8.94172  -8.94191  -8.93937
  -8.93614  -8.93584  -8.93940  -8.92690  -8.86872
  -8.96275  -8.96211  -8.96154  -8.96177  -8.96336  -8.96522  -8.96553  -8.96292
  -8.95967  -8.95976  -8.96440  -8.95334  -8.89632
  -8.98603  -8.98536  -8.98475  -8.98501  -8.98675  -8.98880  -8.98922  -8.98655
  -8.98329  -8.98377  -8.98949  -8.97986  -8.92400
  -9.00939  -9.00867  -9.00802  -9.00832  -9.01021  -9.01246  -9.01299  -9.01026
  -9.00698  -9.00784  -9.01464  -9.00645  -8.95175
  -9.03281  -9.03204  -9.03135  -9.03169  -9.03373  -9.03617  -9.03681  -9.03402
  -9.03072  -9.03198  -9.03986  -9.03310  -8.97956
  -9.05626  -9.05545  -9.05473  -9.05510  -9.05729  -9.05993  -9.06068  -9.05782
  -9.05450  -9.05615  -9.06511  -9.05979  -9.00741
  -9.07976  -9.07890  -9.07814  -9.07854  -9.08088  -9.08372  -9.08458  -9.08166
  -9.07832  -9.08036  -9.09040  -9.08651  -9.03529
  -9.10327  -9.10237  -9.10157  -9.10201  -9.10450  -9.10753  -9.10851  -9.10552
  -9.10217  -9.10459  -9.11572  -9.11326  -9.06320
  -9.12681  -9.12586  -9.12503  -9.12550  -9.12814  -9.13137  -9.13246  -9.12941
  -9.12604  -9.12885  -9.14106  -9.14003  -9.09113
 ---------------------------------------------------/ Z1= 5   / DATE= 12/11/90
 -74.00000 -74.00000 -74.00000 -74.00000 -74.00000 -74.00000 -74.00000 -74.00000
 -74.00000 -74.00000 -74.00000 -74.00000 -74.00000
 -74.00000 -74.00000 -74.00000 -74.00000 -74.00000 -74.00000 -74.00000 -74.00000
 -74.00000 -74.00000 -74.00000 -74.00000 -74.00000
 -74.00000 -74.00000 -74.00000 -74.00000 -74.00000 -74.00000 -74.00000 -74.00000
 -74.00000 -74.00000 -74.00000 -74.00000 -74.00000
 -74.00000 -74.00000 -74.00000 -74.00000 -74.00000 -74.00000 -74.00000 -74.00000
 -74.00000 -74.00000 -74.00000 -74.00000 -74.00000
 -74.00000 -74.00000 -74.00000 -74.00000 -74.00000 -74.00000 -74.00000 -74.00000
 -74.00000 -74.00000 -74.00000 -74.00000 -74.00000
 -72.87406 -72.87192 -72.86725 -72.86242 -72.86026 -72.86123 -72.85880 -72.84523
 -72.81678 -72.78150 -72.74951 -72.67718 -72.36444
 -59.96293 -59.96096 -59.95668 -59.95240 -59.95084 -59.95235 -59.95033 -59.93690
 -59.90876 -59.87587 -59.85055 -59.79282 -59.51057
 -49.69523 -49.69344 -49.68956 -49.68582 -49.68486 -49.68692 -49.68529 -49.67201
 -49.64418 -49.61369 -49.59504 -49.55190 -49.30015
 -41.52721 -41.52558 -41.52211 -41.51892 -41.51855 -41.52116 -41.51993 -41.50679
 -41.47928 -41.45118 -41.43919 -41.41066 -41.18940
 -35.02705 -35.02559 -35.02251 -35.01987 -35.02010 -35.02326 -35.02242 -35.00943
 -34.98223 -34.95653 -34.95120 -34.93727 -34.74651
 -29.85171 -29.85042 -29.84773 -29.84564 -29.84647 -29.85017 -29.84973 -29.83689
 -29.81000 -29.78670 -29.78803 -29.78870 -29.62843
 -25.72898 -25.72786 -25.72557 -25.72403 -25.72546 -25.72971 -25.72966 -25.71697
 -25.69039 -25.66948 -25.67748 -25.69274 -25.56297
 -22.44153 -22.44057 -22.43866 -22.43764 -22.43964 -22.44442 -22.44477 -22.43225
 -22.40604 -22.38751 -22.40201 -22.43151 -22.33178
 -19.81860 -19.81776 -19.81614 -19.81552 -19.81796 -19.82315 -19.82389 -19.81171
 -19.78614 -19.76994 -19.79001 -19.83171 -19.75946
 -17.72397 -17.72318 -17.72167 -17.72120 -17.72380 -17.72919 -17.73027 -17.71875
 -17.69439 -17.68040 -17.70422 -17.75409 -17.70427
 -16.04902 -16.04818 -16.04656 -16.04593 -16.04835 -16.05363 -16.05502 -16.04457
 -16.02212 -16.01019 -16.03533 -16.08805 -16.05392
 -14.70805 -14.70713 -14.70532 -14.70439 -14.70643 -14.71138 -14.71297 -14.70379
 -14.68368 -14.67358 -14.69819 -14.74971 -14.72584
 -13.63291 -13.63196 -13.63007 -13.62894 -13.63059 -13.63507 -13.63669 -13.62871
 -13.61099 -13.60247 -13.62551 -13.67365 -13.65661
 -12.76955 -12.76869 -12.76696 -12.76590 -12.76732 -12.77127 -12.77271 -12.76568
 -12.75007 -12.74283 -12.76396 -12.80813 -12.79620
 -12.07531 -12.07461 -12.07321 -12.07242 -12.07372 -12.07714 -12.07827 -12.07195
 -12.05817 -12.05196 -12.07109 -12.11111 -12.10305
 -11.51640 -11.51588 -11.51488 -11.51441 -11.51566 -11.51857 -11.51936 -11.51362
 -11.50144 -11.49609 -11.51319 -11.54907 -11.54383
 -11.06614 -11.06578 -11.06510 -11.06489 -11.06608 -11.06854 -11.06906 -11.06387
 -11.05313 -11.04850 -11.06368 -11.09558 -11.09230
 -10.70321 -10.70293 -10.70241 -10.70230 -10.70338 -10.70550 -10.70588 -10.70127
 -10.69187 -10.68788 -10.70130 -10.72955 -10.72756
 -10.41051 -10.41026 -10.40979 -10.40968 -10.41061 -10.41246 -10.41281 -10.40881
 -10.40063 -10.39723 -10.40913 -10.43413 -10.43297
 -10.17431 -10.17407 -10.17361 -10.17346 -10.17425 -10.17590 -10.17626 -10.17283
 -10.16576 -10.16292 -10.17357 -10.19581 -10.19524
  -9.98364  -9.98341  -9.98298  -9.98283  -9.98353  -9.98502  -9.98540  -9.98248
  -9.97638  -9.97407  -9.98375 -10.00376 -10.00369
  -9.83002  -9.82982  -9.82943  -9.82930  -9.82994  -9.83130  -9.83170  -9.82920
  -9.82390  -9.82204  -9.83095  -9.84912  -9.84947
  -9.70676  -9.70658  -9.70623  -9.70612  -9.70672  -9.70797  -9.70839  -9.70620
  -9.70152  -9.69997  -9.70815  -9.72473  -9.72538
  -9.60850  -9.60834  -9.60802  -9.60793  -9.60849  -9.60966  -9.61006  -9.60808
  -9.60382  -9.60239  -9.60980  -9.62491  -9.62571
  -9.53084  -9.53068  -9.53039  -9.53031  -9.53082  -9.53192  -9.53229  -9.53045
  -9.52646  -9.52502  -9.53166  -9.54539  -9.54622
  -9.47018  -9.47004  -9.46976  -9.46968  -9.47017  -9.47118  -9.47153  -9.46978
  -9.46599  -9.46449  -9.47041  -9.48289  -9.48366
  -9.42368  -9.42354  -9.42328  -9.42320  -9.42365  -9.42460  -9.42491  -9.42325
  -9.41965  -9.41813  -9.42344  -9.43482  -9.43550
  -9.38898  -9.38885  -9.38861  -9.38853  -9.38895  -9.38983  -9.39012  -9.38857
  -9.38520  -9.38374  -9.38859  -9.39903  -9.39961
  -9.36415  -9.36403  -9.36381  -9.36374  -9.36412  -9.36494  -9.36520  -9.36377
  -9.36066  -9.35932  -9.36381  -9.37348  -9.37396
  -9.34758  -9.34747  -9.34726  -9.34719  -9.34755  -9.34831  -9.34856  -9.34724
  -9.34436  -9.34314  -9.34734  -9.35635  -9.35674
  -9.33801  -9.33791  -9.33772  -9.33766  -9.33799  -9.33871  -9.33894  -9.33770
  -9.33501  -9.33386  -9.33780  -9.34624  -9.34656
  -9.33476  -9.33467  -9.33448  -9.33442  -9.33474  -9.33542  -9.33564  -9.33447
  -9.33191  -9.33080  -9.33451  -9.34245  -9.34271
  -9.33737  -9.33728  -9.33711  -9.33705  -9.33735  -9.33800  -9.33821  -9.33709
  -9.33463  -9.33356  -9.33704  -9.34455  -9.34476
  -9.34535  -9.34526  -9.34509  -9.34504  -9.34533  -9.34595  -9.34615  -9.34507
  -9.34271  -9.34165  -9.34494  -9.35207  -9.35224
  -9.35756  -9.35748  -9.35732  -9.35726  -9.35755  -9.35814  -9.35834  -9.35730
  -9.35502  -9.35399  -9.35710  -9.36388  -9.36402
  -9.37281  -9.37273  -9.37257  -9.37252  -9.37279  -9.37337  -9.37356  -9.37255
  -9.37036  -9.36934  -9.37229  -9.37876  -9.37886
  -9.38995  -9.38987  -9.38972  -9.38967  -9.38993  -9.39049  -9.39067  -9.38970
  -9.38759  -9.38659  -9.38938  -9.39554  -9.39560
  -9.40806  -9.40798  -9.40784  -9.40779  -9.40805  -9.40858  -9.40876  -9.40782
  -9.40578  -9.40480  -9.40744  -9.41330  -9.41333
  -9.42683  -9.42676  -9.42662  -9.42658  -9.42682  -9.42733  -9.42750  -9.42661
  -9.42464  -9.42368  -9.42617  -9.43172  -9.43171
  -9.44613  -9.44606  -9.44593  -9.44589  -9.44612  -9.44661  -9.44678  -9.44592
  -9.44403  -9.44308  -9.44542  -9.45067  -9.45062
  -9.46585  -9.46578  -9.46566  -9.46562  -9.46584  -9.46631  -9.46647  -9.46565
  -9.46383  -9.46291  -9.46508  -9.47003  -9.46996
  -9.48590  -9.48584  -9.48572  -9.48568  -9.48589  -9.48634  -9.48650  -9.48571
  -9.48397  -9.48306  -9.48509  -9.48973  -9.48962
  -9.50622  -9.50616  -9.50604  -9.50600  -9.50621  -9.50664  -9.50679  -9.50604
  -9.50437  -9.50348  -9.50535  -9.50969  -9.50955
  -9.52674  -9.52669  -9.52657  -9.52654  -9.52673  -9.52715  -9.52729  -9.52657
  -9.52499  -9.52411  -9.52583  -9.52986  -9.52968
  -9.54744  -9.54738  -9.54728  -9.54724  -9.54743  -9.54782  -9.54795  -9.54728
  -9.54576  -9.54491  -9.54647  -9.55020  -9.54999
  -9.56826  -9.56821  -9.56811  -9.56808  -9.56825  -9.56863  -9.56875  -9.56811
  -9.56668  -9.56584  -9.56725  -9.57067  -9.57043
 ---------------------------------------------------/ Z1= 6   / DATE= 12/11/90
 -74.00000 -74.00000 -74.00000 -74.00000 -74.00000 -74.00000 -74.00000 -74.00000
 -74.00000 -74.00000 -74.00000 -74.00000 -74.00000
 -74.00000 -74.00000 -74.00000 -74.00000 -74.00000 -74.00000 -74.00000 -74.00000
 -74.00000 -74.00000 -74.00000 -74.00000 -74.00000
 -74.00000 -74.00000 -74.00000 -74.00000 -74.00000 -74.00000 -74.00000 -74.00000
 -74.00000 -74.00000 -74.00000 -74.00000 -74.00000
 -74.00000 -74.00000 -74.00000 -74.00000 -74.00000 -74.00000 -74.00000 -74.00000
 -74.00000 -74.00000 -74.00000 -74.00000 -74.00000
 -74.00000 -74.00000 -74.00000 -74.00000 -74.00000 -74.00000 -74.00000 -74.00000
 -74.00000 -74.00000 -74.00000 -74.00000 -74.00000
 -74.00000 -74.00000 -74.00000 -74.00000 -74.00000 -74.00000 -74.00000 -74.00000
 -74.00000 -74.00000 -74.00000 -74.00000 -74.00000
 -72.85944 -72.85983 -72.86168 -72.86374 -72.86323 -72.85742 -72.84486 -72.82522
 -72.79764 -72.75067 -72.66365 -72.51149 -72.19448
 -60.04875 -60.04909 -60.05066 -60.05241 -60.05201 -60.04710 -60.03610 -60.01806
 -59.99163 -59.94722 -59.86812 -59.73324 -59.44642
 -49.86095 -49.86123 -49.86252 -49.86397 -49.86367 -49.85966 -49.85023 -49.83380
 -49.80851 -49.76665 -49.69548 -49.57787 -49.32125
 -41.75662 -41.75684 -41.75786 -41.75901 -41.75880 -41.75570 -41.74783 -41.73300
 -41.70886 -41.66956 -41.60631 -41.50598 -41.27955
 -35.30724 -35.30740 -35.30814 -35.30899 -35.30888 -35.30668 -35.30037 -35.28715
 -35.26415 -35.22742 -35.17208 -35.08903 -34.89279
 -30.17277 -30.17287 -30.17334 -30.17389 -30.17388 -30.17258 -30.16784 -30.15622
 -30.13437 -30.10019 -30.05278 -29.98700 -29.82096
 -26.08166 -26.08169 -26.08188 -26.08213 -26.08222 -26.08183 -26.07865 -26.06864
 -26.04793 -26.01631 -25.97682 -25.92833 -25.79247
 -22.82029 -22.82027 -22.82018 -22.82013 -22.82032 -22.82083 -22.81921 -22.81081
 -22.79124 -22.76218 -22.73060 -22.69936 -22.59367
 -20.21826 -20.21818 -20.21783 -20.21749 -20.21777 -20.21914 -20.21900 -20.21214
 -20.19369 -20.16713 -20.14319 -20.12854 -20.05202
 -18.13978 -18.13965 -18.13907 -18.13848 -18.13883 -18.14091 -18.14203 -18.13651
 -18.11912 -18.09488 -18.07772 -18.07764 -18.02726
 -16.47767 -16.47751 -16.47677 -16.47599 -16.47637 -16.47892 -16.48092 -16.47641
 -16.45997 -16.43774 -16.42596 -16.43704 -16.40774
 -15.14679 -15.14661 -15.14578 -15.14489 -15.14527 -15.14803 -15.15049 -15.14665
 -15.13105 -15.11053 -15.10259 -15.12112 -15.10729
 -14.07967 -14.07949 -14.07863 -14.07771 -14.07806 -14.08085 -14.08348 -14.08005
 -14.06526 -14.04625 -14.04105 -14.06423 -14.06148
 -13.22283 -13.22266 -13.22182 -13.22093 -13.22128 -13.22401 -13.22662 -13.22348
 -13.20951 -13.19196 -13.18881 -13.21482 -13.22008
 -12.53387 -12.53370 -12.53293 -12.53211 -12.53248 -12.53509 -12.53760 -12.53469
 -12.52159 -12.50549 -12.50398 -12.53165 -12.54275
 -11.97917 -11.97902 -11.97832 -11.97760 -11.97798 -11.98046 -11.98283 -11.98013
 -11.96792 -11.95320 -11.95295 -11.98136 -11.99653
 -11.53198 -11.53185 -11.53121 -11.53055 -11.53094 -11.53329 -11.53553 -11.53305
 -11.52171 -11.50826 -11.50891 -11.53734 -11.55522
 -11.17134 -11.17121 -11.17060 -11.16996 -11.17032 -11.17256 -11.17474 -11.17252
 -11.16200 -11.14963 -11.15088 -11.17883 -11.19841
 -10.88040 -10.88026 -10.87963 -10.87897 -10.87927 -10.88143 -10.88363 -10.88169
 -10.87193 -10.86047 -10.86205 -10.88921 -10.90977
 -10.64550 -10.64536 -10.64471 -10.64400 -10.64425 -10.64636 -10.64859 -10.64695
 -10.63787 -10.62720 -10.62895 -10.65513 -10.67616
 -10.45585 -10.45571 -10.45506 -10.45435 -10.45458 -10.45664 -10.45890 -10.45751
 -10.44906 -10.43910 -10.44096 -10.46613 -10.48726
 -10.30292 -10.30279 -10.30217 -10.30149 -10.30174 -10.30376 -10.30600 -10.30481
 -10.29692 -10.28762 -10.28959 -10.31378 -10.33480
 -10.17999 -10.17987 -10.17929 -10.17869 -10.17896 -10.18092 -10.18311 -10.18204
 -10.17466 -10.16598 -10.16805 -10.19132 -10.21205
 -10.08175 -10.08163 -10.08111 -10.08056 -10.08085 -10.08273 -10.08481 -10.08383
 -10.07689 -10.06877 -10.07095 -10.09335 -10.11368
 -10.00392 -10.00381 -10.00333 -10.00282 -10.00310 -10.00487 -10.00680 -10.00585
  -9.99930  -9.99170  -9.99397 -10.01554 -10.03540
  -9.94302  -9.94292  -9.94247  -9.94200  -9.94225  -9.94389  -9.94566  -9.94471
  -9.93848  -9.93133  -9.93365  -9.95442  -9.97373
  -9.89625  -9.89616  -9.89574  -9.89530  -9.89552  -9.89702  -9.89863  -9.89765
  -9.89169  -9.88492  -9.88723  -9.90719  -9.92587
  -9.86140  -9.86131  -9.86092  -9.86050  -9.86071  -9.86208  -9.86354  -9.86252
  -9.85677  -9.85030  -9.85252  -9.87161  -9.88963
  -9.83658  -9.83650  -9.83614  -9.83575  -9.83594  -9.83722  -9.83854  -9.83748
  -9.83192  -9.82567  -9.82773  -9.84589  -9.86318
  -9.82020  -9.82013  -9.81978  -9.81942  -9.81960  -9.82080  -9.82202  -9.82096
  -9.81557  -9.80951  -9.81135  -9.82856  -9.84504
  -9.81092  -9.81085  -9.81052  -9.81017  -9.81034  -9.81150  -9.81267  -9.81164
  -9.80646  -9.80057  -9.80219  -9.81842  -9.83400
  -9.80779  -9.80772  -9.80740  -9.80706  -9.80723  -9.80836  -9.80953  -9.80858
  -9.80362  -9.79794  -9.79934  -9.81462  -9.82923
  -9.81024  -9.81017  -9.80985  -9.80952  -9.80968  -9.81080  -9.81198  -9.81113
  -9.80641  -9.80094  -9.80217  -9.81656  -9.83024
  -9.81782  -9.81776  -9.81744  -9.81711  -9.81728  -9.81838  -9.81957  -9.81881
  -9.81432  -9.80907  -9.81017  -9.82380  -9.83668
  -9.82983  -9.82977  -9.82946  -9.82913  -9.82929  -9.83038  -9.83156  -9.83087
  -9.82660  -9.82156  -9.82259  -9.83560  -9.84784
  -9.84516  -9.84510  -9.84479  -9.84448  -9.84463  -9.84570  -9.84686  -9.84623
  -9.84215  -9.83734  -9.83833  -9.85082  -9.86253
  -9.86276  -9.86269  -9.86240  -9.86209  -9.86225  -9.86328  -9.86442  -9.86385
  -9.85996  -9.85535  -9.85634  -9.86837  -9.87962
  -9.88163  -9.88157  -9.88128  -9.88098  -9.88113  -9.88214  -9.88325  -9.88273
  -9.87902  -9.87464  -9.87562  -9.88722  -9.89804
  -9.90118  -9.90112  -9.90084  -9.90056  -9.90070  -9.90167  -9.90276  -9.90229
  -9.89877  -9.89460  -9.89558  -9.90675  -9.91714
  -9.92125  -9.92120  -9.92093  -9.92065  -9.92079  -9.92173  -9.92280  -9.92238
  -9.91904  -9.91509  -9.91607  -9.92680  -9.93677
  -9.94174  -9.94169  -9.94143  -9.94116  -9.94130  -9.94221  -9.94325  -9.94288
  -9.93972  -9.93599  -9.93697  -9.94727  -9.95681
  -9.96257  -9.96251  -9.96226  -9.96200  -9.96213  -9.96302  -9.96403  -9.96371
  -9.96074  -9.95722  -9.95820  -9.96807  -9.97718
  -9.98365  -9.98360  -9.98336  -9.98311  -9.98323  -9.98409  -9.98507  -9.98480
  -9.98202  -9.97872  -9.97970  -9.98913  -9.99781
 -10.00494 -10.00489 -10.00466 -10.00442 -10.00454 -10.00536 -10.00633 -10.00610
 -10.00351 -10.00042 -10.00140 -10.01040 -10.01865
 -10.02640 -10.02635 -10.02613 -10.02589 -10.02601 -10.02681 -10.02774 -10.02757
 -10.02516 -10.02229 -10.02327 -10.03183 -10.03966
 
C---------------------------------------------------------------------------------
C ADAS ADF11 DATA - SCCS info: @(#)$Header: /home/adascvs/adas/adf11/scd74/scd74_c.dat,v 2.1 2004/07/07 00:10:34 whitefor Exp $ Date $Date: 2004/07/07 00:10:34 $
C---------------------------------------------------------------------------------
