   14    /N + 4 PHOTON EMISSIVITY COEFFICIENTS/
  1240.2 A  12  13 /FILMEM = CFLS95N /TYPE = EXCIT    /INDM = 1/ISEL =    1
 1.00E+11 2.00E+11 5.00E+11 1.00E+12 2.00E+12 5.00E+12 1.00E+13 2.00E+13
 5.00E+13 1.00E+14 2.00E+14 5.00E+14
 2.00E+00 3.00E+00 5.00E+00 7.00E+00 1.00E+01 1.50E+01 2.00E+01 3.50E+01
 5.00E+01 7.00E+01 1.00E+02 1.50E+02 2.00E+02
 1.30E-09 5.69E-09 1.70E-08 2.59E-08 3.40E-08 4.03E-08 4.27E-08 4.35E-08
 4.23E-08 4.04E-08 3.79E-08 3.48E-08 3.25E-08
 1.30E-09 5.69E-09 1.70E-08 2.59E-08 3.40E-08 4.03E-08 4.27E-08 4.35E-08
 4.23E-08 4.04E-08 3.79E-08 3.48E-08 3.25E-08
 1.30E-09 5.69E-09 1.70E-08 2.59E-08 3.40E-08 4.03E-08 4.27E-08 4.35E-08
 4.23E-08 4.04E-08 3.79E-08 3.48E-08 3.25E-08
 1.30E-09 5.69E-09 1.70E-08 2.59E-08 3.40E-08 4.03E-08 4.27E-08 4.35E-08
 4.23E-08 4.04E-08 3.79E-08 3.48E-08 3.25E-08
 1.30E-09 5.69E-09 1.70E-08 2.59E-08 3.40E-08 4.03E-08 4.26E-08 4.35E-08
 4.23E-08 4.04E-08 3.79E-08 3.48E-08 3.25E-08
 1.30E-09 5.69E-09 1.70E-08 2.59E-08 3.40E-08 4.03E-08 4.26E-08 4.35E-08
 4.23E-08 4.04E-08 3.79E-08 3.48E-08 3.25E-08
 1.30E-09 5.68E-09 1.70E-08 2.59E-08 3.40E-08 4.02E-08 4.26E-08 4.35E-08
 4.23E-08 4.04E-08 3.79E-08 3.48E-08 3.25E-08
 1.30E-09 5.67E-09 1.70E-08 2.59E-08 3.40E-08 4.02E-08 4.26E-08 4.35E-08
 4.22E-08 4.03E-08 3.78E-08 3.47E-08 3.25E-08
 1.29E-09 5.65E-09 1.69E-08 2.58E-08 3.39E-08 4.01E-08 4.25E-08 4.34E-08
 4.22E-08 4.03E-08 3.78E-08 3.47E-08 3.24E-08
 1.28E-09 5.60E-09 1.68E-08 2.56E-08 3.37E-08 4.00E-08 4.24E-08 4.33E-08
 4.21E-08 4.02E-08 3.77E-08 3.46E-08 3.24E-08
 1.26E-09 5.52E-09 1.66E-08 2.54E-08 3.34E-08 3.97E-08 4.21E-08 4.30E-08
 4.19E-08 4.00E-08 3.76E-08 3.45E-08 3.23E-08
 1.19E-09 5.28E-09 1.61E-08 2.46E-08 3.26E-08 3.88E-08 4.12E-08 4.23E-08
 4.12E-08 3.95E-08 3.71E-08 3.41E-08 3.19E-08
   209.0 A  12  13 /FILMEM = CFLS95N /TYPE = EXCIT    /INDM = 1/ISEL =    2
 1.00E+11 2.00E+11 5.00E+11 1.00E+12 2.00E+12 5.00E+12 1.00E+13 2.00E+13
 5.00E+13 1.00E+14 2.00E+14 5.00E+14
 2.00E+00 3.00E+00 5.00E+00 7.00E+00 1.00E+01 1.50E+01 2.00E+01 3.50E+01
 5.00E+01 7.00E+01 1.00E+02 1.50E+02 2.00E+02
 7.45E-22 1.13E-17 2.28E-14 5.68E-13 6.13E-12 3.77E-11 9.22E-11 2.90E-10
 4.62E-10 6.40E-10 8.21E-10 9.91E-10 1.08E-09
 7.45E-22 1.13E-17 2.28E-14 5.68E-13 6.14E-12 3.77E-11 9.22E-11 2.90E-10
 4.62E-10 6.40E-10 8.21E-10 9.91E-10 1.08E-09
 7.46E-22 1.13E-17 2.28E-14 5.68E-13 6.14E-12 3.77E-11 9.22E-11 2.90E-10
 4.62E-10 6.40E-10 8.21E-10 9.91E-10 1.08E-09
 7.47E-22 1.13E-17 2.28E-14 5.68E-13 6.14E-12 3.78E-11 9.22E-11 2.90E-10
 4.63E-10 6.40E-10 8.21E-10 9.91E-10 1.08E-09
 7.48E-22 1.13E-17 2.28E-14 5.69E-13 6.14E-12 3.78E-11 9.23E-11 2.90E-10
 4.63E-10 6.40E-10 8.21E-10 9.91E-10 1.08E-09
 7.53E-22 1.14E-17 2.29E-14 5.70E-13 6.16E-12 3.78E-11 9.24E-11 2.90E-10
 4.63E-10 6.40E-10 8.21E-10 9.92E-10 1.08E-09
 7.61E-22 1.15E-17 2.30E-14 5.73E-13 6.18E-12 3.80E-11 9.26E-11 2.91E-10
 4.64E-10 6.41E-10 8.22E-10 9.92E-10 1.08E-09
 7.76E-22 1.16E-17 2.33E-14 5.78E-13 6.23E-12 3.82E-11 9.31E-11 2.91E-10
 4.65E-10 6.42E-10 8.23E-10 9.93E-10 1.09E-09
 8.23E-22 1.22E-17 2.41E-14 5.95E-13 6.37E-12 3.88E-11 9.44E-11 2.94E-10
 4.68E-10 6.46E-10 8.27E-10 9.96E-10 1.09E-09
 9.00E-22 1.31E-17 2.54E-14 6.22E-13 6.60E-12 3.99E-11 9.67E-11 2.99E-10
 4.74E-10 6.52E-10 8.33E-10 1.00E-09 1.09E-09
 1.05E-21 1.49E-17 2.81E-14 6.75E-13 7.05E-12 4.21E-11 1.01E-10 3.09E-10
 4.86E-10 6.64E-10 8.44E-10 1.01E-09 1.10E-09
 1.46E-21 1.98E-17 3.55E-14 8.26E-13 8.36E-12 4.83E-11 1.14E-10 3.36E-10
 5.20E-10 7.00E-10 8.79E-10 1.04E-09 1.13E-09
   162.4 A  12  13 /FILMEM = CFLS95N /TYPE = EXCIT    /INDM = 1/ISEL =    3
 1.00E+11 2.00E+11 5.00E+11 1.00E+12 2.00E+12 5.00E+12 1.00E+13 2.00E+13
 5.00E+13 1.00E+14 2.00E+14 5.00E+14
 2.00E+00 3.00E+00 5.00E+00 7.00E+00 1.00E+01 1.50E+01 2.00E+01 3.50E+01
 5.00E+01 7.00E+01 1.00E+02 1.50E+02 2.00E+02
 2.90E-26 7.94E-21 1.62E-16 1.08E-14 2.41E-13 2.55E-12 8.08E-12 3.44E-11
 6.09E-11 8.94E-11 1.20E-10 1.50E-10 1.67E-10
 2.90E-26 7.94E-21 1.62E-16 1.08E-14 2.41E-13 2.55E-12 8.08E-12 3.44E-11
 6.09E-11 8.94E-11 1.20E-10 1.50E-10 1.67E-10
 2.90E-26 7.94E-21 1.62E-16 1.08E-14 2.41E-13 2.55E-12 8.09E-12 3.44E-11
 6.09E-11 8.94E-11 1.20E-10 1.50E-10 1.67E-10
 2.90E-26 7.95E-21 1.63E-16 1.08E-14 2.41E-13 2.55E-12 8.09E-12 3.44E-11
 6.09E-11 8.94E-11 1.20E-10 1.50E-10 1.67E-10
 2.91E-26 7.96E-21 1.63E-16 1.08E-14 2.41E-13 2.56E-12 8.09E-12 3.44E-11
 6.09E-11 8.95E-11 1.20E-10 1.50E-10 1.67E-10
 2.92E-26 8.00E-21 1.63E-16 1.09E-14 2.42E-13 2.56E-12 8.11E-12 3.44E-11
 6.10E-11 8.95E-11 1.20E-10 1.50E-10 1.67E-10
 2.95E-26 8.06E-21 1.64E-16 1.09E-14 2.43E-13 2.57E-12 8.13E-12 3.45E-11
 6.11E-11 8.96E-11 1.20E-10 1.50E-10 1.67E-10
 3.00E-26 8.17E-21 1.66E-16 1.10E-14 2.45E-13 2.59E-12 8.17E-12 3.46E-11
 6.13E-11 8.98E-11 1.20E-10 1.50E-10 1.67E-10
 3.15E-26 8.52E-21 1.72E-16 1.13E-14 2.50E-13 2.63E-12 8.31E-12 3.50E-11
 6.18E-11 9.04E-11 1.20E-10 1.50E-10 1.67E-10
 3.40E-26 9.08E-21 1.80E-16 1.18E-14 2.60E-13 2.71E-12 8.52E-12 3.57E-11
 6.26E-11 9.13E-11 1.21E-10 1.51E-10 1.68E-10
 3.85E-26 1.01E-20 1.97E-16 1.28E-14 2.77E-13 2.87E-12 8.93E-12 3.69E-11
 6.43E-11 9.31E-11 1.23E-10 1.52E-10 1.69E-10
 4.96E-26 1.27E-20 2.39E-16 1.52E-14 3.23E-13 3.26E-12 1.00E-11 4.02E-11
 6.88E-11 9.80E-11 1.27E-10 1.56E-10 1.71E-10
   266.0 A  12  13 /FILMEM = CFLS95N /TYPE = EXCIT    /INDM = 1/ISEL =    4
 1.00E+11 2.00E+11 5.00E+11 1.00E+12 2.00E+12 5.00E+12 1.00E+13 2.00E+13
 5.00E+13 1.00E+14 2.00E+14 5.00E+14
 2.00E+00 3.00E+00 5.00E+00 7.00E+00 1.00E+01 1.50E+01 2.00E+01 3.50E+01
 5.00E+01 7.00E+01 1.00E+02 1.50E+02 2.00E+02
 5.58E-21 5.39E-17 7.31E-14 1.49E-12 1.35E-11 6.96E-11 1.52E-10 3.81E-10
 5.21E-10 6.16E-10 6.68E-10 6.72E-10 6.48E-10
 5.58E-21 5.39E-17 7.31E-14 1.49E-12 1.35E-11 6.96E-11 1.52E-10 3.81E-10
 5.21E-10 6.16E-10 6.68E-10 6.72E-10 6.48E-10
 5.58E-21 5.39E-17 7.31E-14 1.49E-12 1.35E-11 6.96E-11 1.52E-10 3.81E-10
 5.21E-10 6.16E-10 6.68E-10 6.72E-10 6.48E-10
 5.58E-21 5.39E-17 7.31E-14 1.49E-12 1.35E-11 6.96E-11 1.52E-10 3.81E-10
 5.21E-10 6.16E-10 6.68E-10 6.72E-10 6.48E-10
 5.58E-21 5.39E-17 7.31E-14 1.49E-12 1.35E-11 6.96E-11 1.52E-10 3.81E-10
 5.21E-10 6.16E-10 6.68E-10 6.72E-10 6.48E-10
 5.58E-21 5.40E-17 7.31E-14 1.49E-12 1.35E-11 6.96E-11 1.52E-10 3.81E-10
 5.21E-10 6.16E-10 6.68E-10 6.72E-10 6.48E-10
 5.59E-21 5.40E-17 7.32E-14 1.49E-12 1.35E-11 6.96E-11 1.52E-10 3.81E-10
 5.21E-10 6.16E-10 6.68E-10 6.72E-10 6.48E-10
 5.60E-21 5.41E-17 7.32E-14 1.49E-12 1.35E-11 6.96E-11 1.52E-10 3.81E-10
 5.21E-10 6.16E-10 6.68E-10 6.72E-10 6.48E-10
 5.64E-21 5.43E-17 7.34E-14 1.50E-12 1.35E-11 6.97E-11 1.52E-10 3.81E-10
 5.21E-10 6.17E-10 6.69E-10 6.72E-10 6.49E-10
 5.70E-21 5.48E-17 7.38E-14 1.50E-12 1.35E-11 6.98E-11 1.52E-10 3.81E-10
 5.22E-10 6.17E-10 6.69E-10 6.73E-10 6.50E-10
 5.82E-21 5.56E-17 7.44E-14 1.51E-12 1.36E-11 7.00E-11 1.52E-10 3.82E-10
 5.23E-10 6.18E-10 6.71E-10 6.74E-10 6.51E-10
 6.15E-21 5.78E-17 7.63E-14 1.54E-12 1.38E-11 7.05E-11 1.53E-10 3.84E-10
 5.25E-10 6.21E-10 6.74E-10 6.79E-10 6.55E-10
   247.1 A  12  13 /FILMEM = CFLS95N /TYPE = EXCIT    /INDM = 1/ISEL =    5
 1.00E+11 2.00E+11 5.00E+11 1.00E+12 2.00E+12 5.00E+12 1.00E+13 2.00E+13
 5.00E+13 1.00E+14 2.00E+14 5.00E+14
 2.00E+00 3.00E+00 5.00E+00 7.00E+00 1.00E+01 1.50E+01 2.00E+01 3.50E+01
 5.00E+01 7.00E+01 1.00E+02 1.50E+02 2.00E+02
 9.30E-22 1.73E-17 4.17E-14 1.12E-12 1.27E-11 7.98E-11 1.94E-10 5.67E-10
 8.38E-10 1.06E-09 1.23E-09 1.32E-09 1.33E-09
 9.30E-22 1.73E-17 4.17E-14 1.12E-12 1.27E-11 7.98E-11 1.94E-10 5.67E-10
 8.38E-10 1.06E-09 1.23E-09 1.32E-09 1.33E-09
 9.30E-22 1.73E-17 4.17E-14 1.12E-12 1.27E-11 7.98E-11 1.94E-10 5.67E-10
 8.38E-10 1.06E-09 1.23E-09 1.32E-09 1.33E-09
 9.31E-22 1.74E-17 4.17E-14 1.12E-12 1.27E-11 7.99E-11 1.94E-10 5.67E-10
 8.39E-10 1.06E-09 1.23E-09 1.32E-09 1.33E-09
 9.32E-22 1.74E-17 4.18E-14 1.12E-12 1.27E-11 7.99E-11 1.94E-10 5.67E-10
 8.39E-10 1.06E-09 1.23E-09 1.32E-09 1.33E-09
 9.37E-22 1.74E-17 4.19E-14 1.12E-12 1.28E-11 8.01E-11 1.94E-10 5.68E-10
 8.40E-10 1.06E-09 1.23E-09 1.32E-09 1.33E-09
 9.43E-22 1.75E-17 4.21E-14 1.13E-12 1.28E-11 8.03E-11 1.95E-10 5.69E-10
 8.42E-10 1.07E-09 1.23E-09 1.32E-09 1.33E-09
 9.57E-22 1.78E-17 4.25E-14 1.14E-12 1.29E-11 8.08E-11 1.96E-10 5.72E-10
 8.45E-10 1.07E-09 1.24E-09 1.33E-09 1.34E-09
 9.98E-22 1.84E-17 4.37E-14 1.17E-12 1.32E-11 8.22E-11 1.99E-10 5.80E-10
 8.56E-10 1.08E-09 1.25E-09 1.34E-09 1.35E-09
 1.07E-21 1.94E-17 4.57E-14 1.21E-12 1.36E-11 8.46E-11 2.04E-10 5.93E-10
 8.74E-10 1.10E-09 1.27E-09 1.36E-09 1.37E-09
 1.20E-21 2.15E-17 4.95E-14 1.30E-12 1.45E-11 8.93E-11 2.14E-10 6.19E-10
 9.09E-10 1.14E-09 1.32E-09 1.41E-09 1.42E-09
 1.57E-21 2.73E-17 6.08E-14 1.56E-12 1.70E-11 1.03E-10 2.45E-10 6.95E-10
 1.01E-09 1.27E-09 1.45E-09 1.55E-09 1.55E-09
   190.0 A  12  13 /FILMEM = CFLS95N /TYPE = EXCIT    /INDM = 1/ISEL =    6
 1.00E+11 2.00E+11 5.00E+11 1.00E+12 2.00E+12 5.00E+12 1.00E+13 2.00E+13
 5.00E+13 1.00E+14 2.00E+14 5.00E+14
 2.00E+00 3.00E+00 5.00E+00 7.00E+00 1.00E+01 1.50E+01 2.00E+01 3.50E+01
 5.00E+01 7.00E+01 1.00E+02 1.50E+02 2.00E+02
 4.78E-26 1.08E-20 1.89E-16 1.17E-14 2.43E-13 2.40E-12 7.24E-12 2.73E-11
 4.37E-11 5.74E-11 6.72E-11 7.14E-11 7.07E-11
 4.78E-26 1.08E-20 1.89E-16 1.17E-14 2.43E-13 2.40E-12 7.24E-12 2.73E-11
 4.37E-11 5.74E-11 6.72E-11 7.14E-11 7.07E-11
 4.78E-26 1.08E-20 1.89E-16 1.17E-14 2.43E-13 2.40E-12 7.24E-12 2.73E-11
 4.37E-11 5.74E-11 6.72E-11 7.14E-11 7.07E-11
 4.78E-26 1.08E-20 1.89E-16 1.16E-14 2.43E-13 2.40E-12 7.24E-12 2.73E-11
 4.37E-11 5.74E-11 6.72E-11 7.14E-11 7.07E-11
 4.78E-26 1.08E-20 1.89E-16 1.16E-14 2.43E-13 2.40E-12 7.24E-12 2.73E-11
 4.37E-11 5.74E-11 6.72E-11 7.14E-11 7.07E-11
 4.78E-26 1.08E-20 1.89E-16 1.16E-14 2.42E-13 2.40E-12 7.23E-12 2.73E-11
 4.37E-11 5.74E-11 6.72E-11 7.14E-11 7.07E-11
 4.78E-26 1.08E-20 1.88E-16 1.16E-14 2.42E-13 2.40E-12 7.23E-12 2.73E-11
 4.37E-11 5.74E-11 6.71E-11 7.14E-11 7.07E-11
 4.77E-26 1.08E-20 1.88E-16 1.16E-14 2.42E-13 2.39E-12 7.21E-12 2.72E-11
 4.36E-11 5.73E-11 6.71E-11 7.13E-11 7.06E-11
 4.75E-26 1.07E-20 1.87E-16 1.15E-14 2.40E-13 2.38E-12 7.18E-12 2.71E-11
 4.35E-11 5.71E-11 6.69E-11 7.12E-11 7.05E-11
 4.73E-26 1.07E-20 1.85E-16 1.14E-14 2.38E-13 2.36E-12 7.12E-12 2.69E-11
 4.32E-11 5.68E-11 6.66E-11 7.10E-11 7.04E-11
 4.69E-26 1.05E-20 1.82E-16 1.12E-14 2.34E-13 2.32E-12 7.01E-12 2.66E-11
 4.27E-11 5.63E-11 6.61E-11 7.06E-11 7.00E-11
 4.61E-26 1.02E-20 1.75E-16 1.08E-14 2.25E-13 2.23E-12 6.74E-12 2.56E-11
 4.14E-11 5.48E-11 6.46E-11 6.94E-11 6.92E-11
   185.9 A  12  13 /FILMEM = CFLS95N /TYPE = EXCIT    /INDM = 1/ISEL =    7
 1.00E+11 2.00E+11 5.00E+11 1.00E+12 2.00E+12 5.00E+12 1.00E+13 2.00E+13
 5.00E+13 1.00E+14 2.00E+14 5.00E+14
 2.00E+00 3.00E+00 5.00E+00 7.00E+00 1.00E+01 1.50E+01 2.00E+01 3.50E+01
 5.00E+01 7.00E+01 1.00E+02 1.50E+02 2.00E+02
 4.62E-26 1.35E-20 2.90E-16 1.97E-14 4.44E-13 4.70E-12 1.47E-11 5.91E-11
 9.75E-11 1.31E-10 1.56E-10 1.69E-10 1.69E-10
 4.62E-26 1.35E-20 2.90E-16 1.97E-14 4.44E-13 4.70E-12 1.47E-11 5.91E-11
 9.75E-11 1.31E-10 1.56E-10 1.69E-10 1.69E-10
 4.62E-26 1.35E-20 2.91E-16 1.97E-14 4.44E-13 4.71E-12 1.47E-11 5.91E-11
 9.75E-11 1.31E-10 1.56E-10 1.69E-10 1.70E-10
 4.62E-26 1.35E-20 2.91E-16 1.97E-14 4.44E-13 4.71E-12 1.48E-11 5.91E-11
 9.75E-11 1.31E-10 1.56E-10 1.69E-10 1.70E-10
 4.63E-26 1.35E-20 2.91E-16 1.98E-14 4.44E-13 4.71E-12 1.48E-11 5.91E-11
 9.76E-11 1.31E-10 1.56E-10 1.69E-10 1.70E-10
 4.65E-26 1.36E-20 2.92E-16 1.98E-14 4.45E-13 4.72E-12 1.48E-11 5.92E-11
 9.77E-11 1.31E-10 1.56E-10 1.70E-10 1.70E-10
 4.69E-26 1.37E-20 2.93E-16 1.99E-14 4.47E-13 4.73E-12 1.48E-11 5.93E-11
 9.79E-11 1.31E-10 1.57E-10 1.70E-10 1.70E-10
 4.76E-26 1.38E-20 2.96E-16 2.01E-14 4.50E-13 4.76E-12 1.49E-11 5.96E-11
 9.83E-11 1.32E-10 1.57E-10 1.71E-10 1.71E-10
 4.97E-26 1.43E-20 3.05E-16 2.06E-14 4.60E-13 4.85E-12 1.52E-11 6.05E-11
 9.97E-11 1.34E-10 1.59E-10 1.73E-10 1.73E-10
 5.31E-26 1.52E-20 3.19E-16 2.14E-14 4.76E-13 5.00E-12 1.56E-11 6.19E-11
 1.02E-10 1.36E-10 1.63E-10 1.76E-10 1.76E-10
 5.99E-26 1.68E-20 3.47E-16 2.30E-14 5.08E-13 5.29E-12 1.64E-11 6.48E-11
 1.06E-10 1.42E-10 1.69E-10 1.83E-10 1.83E-10
 7.93E-26 2.15E-20 4.28E-16 2.78E-14 6.01E-13 6.14E-12 1.88E-11 7.31E-11
 1.19E-10 1.58E-10 1.87E-10 2.02E-10 2.02E-10
  4583.6 A  12  13 /FILMEM = CFLS95N /TYPE = EXCIT    /INDM = 1/ISEL =    8
 1.00E+11 2.00E+11 5.00E+11 1.00E+12 2.00E+12 5.00E+12 1.00E+13 2.00E+13
 5.00E+13 1.00E+14 2.00E+14 5.00E+14
 2.00E+00 3.00E+00 5.00E+00 7.00E+00 1.00E+01 1.50E+01 2.00E+01 3.50E+01
 5.00E+01 7.00E+01 1.00E+02 1.50E+02 2.00E+02
 2.54E-24 3.84E-20 7.76E-17 1.93E-15 2.09E-14 1.29E-13 3.14E-13 9.87E-13
 1.58E-12 2.18E-12 2.80E-12 3.38E-12 3.69E-12
 2.54E-24 3.84E-20 7.76E-17 1.93E-15 2.09E-14 1.29E-13 3.14E-13 9.87E-13
 1.58E-12 2.18E-12 2.80E-12 3.38E-12 3.69E-12
 2.54E-24 3.84E-20 7.76E-17 1.94E-15 2.09E-14 1.29E-13 3.14E-13 9.87E-13
 1.58E-12 2.18E-12 2.80E-12 3.38E-12 3.69E-12
 2.54E-24 3.85E-20 7.76E-17 1.94E-15 2.09E-14 1.29E-13 3.14E-13 9.87E-13
 1.58E-12 2.18E-12 2.80E-12 3.38E-12 3.69E-12
 2.55E-24 3.85E-20 7.77E-17 1.94E-15 2.09E-14 1.29E-13 3.15E-13 9.88E-13
 1.58E-12 2.18E-12 2.80E-12 3.38E-12 3.69E-12
 2.57E-24 3.87E-20 7.80E-17 1.94E-15 2.10E-14 1.29E-13 3.15E-13 9.89E-13
 1.58E-12 2.18E-12 2.80E-12 3.38E-12 3.70E-12
 2.59E-24 3.90E-20 7.85E-17 1.95E-15 2.11E-14 1.29E-13 3.16E-13 9.90E-13
 1.58E-12 2.18E-12 2.80E-12 3.38E-12 3.70E-12
 2.65E-24 3.97E-20 7.94E-17 1.97E-15 2.12E-14 1.30E-13 3.17E-13 9.93E-13
 1.58E-12 2.19E-12 2.80E-12 3.38E-12 3.70E-12
 2.81E-24 4.16E-20 8.22E-17 2.03E-15 2.17E-14 1.32E-13 3.22E-13 1.00E-12
 1.60E-12 2.20E-12 2.82E-12 3.40E-12 3.71E-12
 3.07E-24 4.46E-20 8.67E-17 2.12E-15 2.25E-14 1.36E-13 3.29E-13 1.02E-12
 1.62E-12 2.22E-12 2.84E-12 3.41E-12 3.72E-12
 3.57E-24 5.07E-20 9.57E-17 2.30E-15 2.40E-14 1.43E-13 3.44E-13 1.05E-12
 1.66E-12 2.26E-12 2.88E-12 3.45E-12 3.76E-12
 4.97E-24 6.75E-20 1.21E-16 2.81E-15 2.85E-14 1.65E-13 3.88E-13 1.15E-12
 1.77E-12 2.39E-12 3.00E-12 3.55E-12 3.85E-12
   778.5 A  12  13 /FILMEM = CFLS95N /TYPE = EXCIT    /INDM = 1/ISEL =    9
 1.00E+11 2.00E+11 5.00E+11 1.00E+12 2.00E+12 5.00E+12 1.00E+13 2.00E+13
 5.00E+13 1.00E+14 2.00E+14 5.00E+14
 2.00E+00 3.00E+00 5.00E+00 7.00E+00 1.00E+01 1.50E+01 2.00E+01 3.50E+01
 5.00E+01 7.00E+01 1.00E+02 1.50E+02 2.00E+02
 3.24E-26 7.35E-21 1.28E-16 7.90E-15 1.65E-13 1.63E-12 4.91E-12 1.85E-11
 2.97E-11 3.89E-11 4.56E-11 4.84E-11 4.79E-11
 3.24E-26 7.35E-21 1.28E-16 7.90E-15 1.65E-13 1.63E-12 4.91E-12 1.85E-11
 2.97E-11 3.89E-11 4.56E-11 4.84E-11 4.79E-11
 3.24E-26 7.35E-21 1.28E-16 7.90E-15 1.64E-13 1.63E-12 4.91E-12 1.85E-11
 2.97E-11 3.89E-11 4.56E-11 4.84E-11 4.79E-11
 3.24E-26 7.35E-21 1.28E-16 7.90E-15 1.64E-13 1.63E-12 4.91E-12 1.85E-11
 2.97E-11 3.89E-11 4.56E-11 4.84E-11 4.79E-11
 3.24E-26 7.35E-21 1.28E-16 7.90E-15 1.64E-13 1.63E-12 4.91E-12 1.85E-11
 2.97E-11 3.89E-11 4.56E-11 4.84E-11 4.79E-11
 3.24E-26 7.34E-21 1.28E-16 7.89E-15 1.64E-13 1.63E-12 4.90E-12 1.85E-11
 2.96E-11 3.89E-11 4.55E-11 4.84E-11 4.79E-11
 3.24E-26 7.33E-21 1.28E-16 7.88E-15 1.64E-13 1.63E-12 4.90E-12 1.85E-11
 2.96E-11 3.89E-11 4.55E-11 4.84E-11 4.79E-11
 3.24E-26 7.32E-21 1.27E-16 7.87E-15 1.64E-13 1.62E-12 4.89E-12 1.85E-11
 2.96E-11 3.89E-11 4.55E-11 4.84E-11 4.79E-11
 3.22E-26 7.28E-21 1.27E-16 7.82E-15 1.63E-13 1.61E-12 4.87E-12 1.84E-11
 2.95E-11 3.87E-11 4.54E-11 4.83E-11 4.78E-11
 3.21E-26 7.22E-21 1.26E-16 7.75E-15 1.61E-13 1.60E-12 4.83E-12 1.82E-11
 2.93E-11 3.85E-11 4.52E-11 4.81E-11 4.77E-11
 3.18E-26 7.12E-21 1.23E-16 7.62E-15 1.59E-13 1.58E-12 4.75E-12 1.80E-11
 2.90E-11 3.81E-11 4.48E-11 4.78E-11 4.75E-11
 3.13E-26 6.92E-21 1.19E-16 7.32E-15 1.52E-13 1.51E-12 4.57E-12 1.74E-11
 2.81E-11 3.71E-11 4.38E-11 4.70E-11 4.69E-11
   628.4 A  12  13 /FILMEM = CFLS95N /TYPE = EXCIT    /INDM = 1/ISEL =   10
 1.00E+11 2.00E+11 5.00E+11 1.00E+12 2.00E+12 5.00E+12 1.00E+13 2.00E+13
 5.00E+13 1.00E+14 2.00E+14 5.00E+14
 2.00E+00 3.00E+00 5.00E+00 7.00E+00 1.00E+01 1.50E+01 2.00E+01 3.50E+01
 5.00E+01 7.00E+01 1.00E+02 1.50E+02 2.00E+02
 7.14E-27 1.96E-21 4.00E-17 2.67E-15 5.94E-14 6.29E-13 1.99E-12 8.48E-12
 1.50E-11 2.20E-11 2.95E-11 3.69E-11 4.12E-11
 7.14E-27 1.96E-21 4.00E-17 2.67E-15 5.94E-14 6.29E-13 1.99E-12 8.48E-12
 1.50E-11 2.20E-11 2.95E-11 3.69E-11 4.12E-11
 7.14E-27 1.96E-21 4.00E-17 2.67E-15 5.94E-14 6.29E-13 1.99E-12 8.48E-12
 1.50E-11 2.20E-11 2.95E-11 3.69E-11 4.12E-11
 7.15E-27 1.96E-21 4.01E-17 2.67E-15 5.94E-14 6.30E-13 1.99E-12 8.48E-12
 1.50E-11 2.21E-11 2.95E-11 3.69E-11 4.12E-11
 7.16E-27 1.96E-21 4.01E-17 2.67E-15 5.95E-14 6.30E-13 2.00E-12 8.48E-12
 1.50E-11 2.21E-11 2.95E-11 3.69E-11 4.12E-11
 7.20E-27 1.97E-21 4.03E-17 2.68E-15 5.96E-14 6.31E-13 2.00E-12 8.49E-12
 1.50E-11 2.21E-11 2.95E-11 3.69E-11 4.12E-11
 7.27E-27 1.99E-21 4.05E-17 2.69E-15 5.98E-14 6.33E-13 2.00E-12 8.51E-12
 1.51E-11 2.21E-11 2.95E-11 3.69E-11 4.12E-11
 7.40E-27 2.02E-21 4.09E-17 2.72E-15 6.03E-14 6.37E-13 2.02E-12 8.54E-12
 1.51E-11 2.21E-11 2.96E-11 3.70E-11 4.12E-11
 7.78E-27 2.10E-21 4.23E-17 2.79E-15 6.17E-14 6.50E-13 2.05E-12 8.64E-12
 1.52E-11 2.23E-11 2.97E-11 3.70E-11 4.13E-11
 8.38E-27 2.24E-21 4.45E-17 2.92E-15 6.40E-14 6.69E-13 2.10E-12 8.80E-12
 1.54E-11 2.25E-11 2.99E-11 3.72E-11 4.14E-11
 9.49E-27 2.49E-21 4.86E-17 3.15E-15 6.83E-14 7.06E-13 2.20E-12 9.10E-12
 1.59E-11 2.29E-11 3.03E-11 3.75E-11 4.16E-11
 1.22E-26 3.12E-21 5.90E-17 3.74E-15 7.95E-14 8.05E-13 2.47E-12 9.92E-12
 1.70E-11 2.42E-11 3.14E-11 3.84E-11 4.22E-11
   767.0 A  12  13 /FILMEM = CFLS95N /TYPE = EXCIT    /INDM = 1/ISEL =   11
 1.00E+11 2.00E+11 5.00E+11 1.00E+12 2.00E+12 5.00E+12 1.00E+13 2.00E+13
 5.00E+13 1.00E+14 2.00E+14 5.00E+14
 2.00E+00 3.00E+00 5.00E+00 7.00E+00 1.00E+01 1.50E+01 2.00E+01 3.50E+01
 5.00E+01 7.00E+01 1.00E+02 1.50E+02 2.00E+02
 1.51E-27 4.15E-22 8.48E-18 5.65E-16 1.26E-14 1.33E-13 4.22E-13 1.80E-12
 3.18E-12 4.67E-12 6.25E-12 7.82E-12 8.72E-12
 1.51E-27 4.15E-22 8.48E-18 5.65E-16 1.26E-14 1.33E-13 4.22E-13 1.80E-12
 3.18E-12 4.67E-12 6.25E-12 7.82E-12 8.72E-12
 1.51E-27 4.15E-22 8.49E-18 5.65E-16 1.26E-14 1.33E-13 4.23E-13 1.80E-12
 3.18E-12 4.67E-12 6.25E-12 7.82E-12 8.72E-12
 1.52E-27 4.15E-22 8.49E-18 5.66E-16 1.26E-14 1.33E-13 4.23E-13 1.80E-12
 3.18E-12 4.67E-12 6.25E-12 7.82E-12 8.72E-12
 1.52E-27 4.16E-22 8.50E-18 5.66E-16 1.26E-14 1.34E-13 4.23E-13 1.80E-12
 3.18E-12 4.68E-12 6.25E-12 7.82E-12 8.72E-12
 1.53E-27 4.18E-22 8.53E-18 5.68E-16 1.26E-14 1.34E-13 4.24E-13 1.80E-12
 3.19E-12 4.68E-12 6.25E-12 7.82E-12 8.73E-12
 1.54E-27 4.21E-22 8.58E-18 5.71E-16 1.27E-14 1.34E-13 4.25E-13 1.80E-12
 3.19E-12 4.68E-12 6.26E-12 7.83E-12 8.73E-12
 1.57E-27 4.27E-22 8.68E-18 5.76E-16 1.28E-14 1.35E-13 4.27E-13 1.81E-12
 3.20E-12 4.69E-12 6.27E-12 7.83E-12 8.73E-12
 1.65E-27 4.45E-22 8.97E-18 5.92E-16 1.31E-14 1.38E-13 4.34E-13 1.83E-12
 3.23E-12 4.72E-12 6.29E-12 7.85E-12 8.75E-12
 1.78E-27 4.74E-22 9.43E-18 6.18E-16 1.36E-14 1.42E-13 4.45E-13 1.86E-12
 3.27E-12 4.77E-12 6.34E-12 7.89E-12 8.77E-12
 2.01E-27 5.28E-22 1.03E-17 6.67E-16 1.45E-14 1.50E-13 4.67E-13 1.93E-12
 3.36E-12 4.86E-12 6.42E-12 7.95E-12 8.82E-12
 2.59E-27 6.62E-22 1.25E-17 7.93E-16 1.69E-14 1.71E-13 5.24E-13 2.10E-12
 3.60E-12 5.12E-12 6.66E-12 8.13E-12 8.95E-12
 11269.3 A  12  13 /FILMEM = CFLS95N /TYPE = EXCIT    /INDM = 1/ISEL =   12
 1.00E+11 2.00E+11 5.00E+11 1.00E+12 2.00E+12 5.00E+12 1.00E+13 2.00E+13
 5.00E+13 1.00E+14 2.00E+14 5.00E+14
 2.00E+00 3.00E+00 5.00E+00 7.00E+00 1.00E+01 1.50E+01 2.00E+01 3.50E+01
 5.00E+01 7.00E+01 1.00E+02 1.50E+02 2.00E+02
 4.58E-29 1.25E-23 2.56E-19 1.71E-17 3.80E-16 4.03E-15 1.28E-14 5.43E-14
 9.62E-14 1.41E-13 1.89E-13 2.36E-13 2.64E-13
 4.58E-29 1.25E-23 2.57E-19 1.71E-17 3.80E-16 4.03E-15 1.28E-14 5.43E-14
 9.62E-14 1.41E-13 1.89E-13 2.36E-13 2.64E-13
 4.58E-29 1.25E-23 2.57E-19 1.71E-17 3.81E-16 4.03E-15 1.28E-14 5.43E-14
 9.62E-14 1.41E-13 1.89E-13 2.36E-13 2.64E-13
 4.58E-29 1.26E-23 2.57E-19 1.71E-17 3.81E-16 4.04E-15 1.28E-14 5.43E-14
 9.63E-14 1.41E-13 1.89E-13 2.36E-13 2.64E-13
 4.59E-29 1.26E-23 2.57E-19 1.71E-17 3.81E-16 4.04E-15 1.28E-14 5.44E-14
 9.63E-14 1.41E-13 1.89E-13 2.36E-13 2.64E-13
 4.62E-29 1.26E-23 2.58E-19 1.72E-17 3.82E-16 4.05E-15 1.28E-14 5.44E-14
 9.64E-14 1.41E-13 1.89E-13 2.37E-13 2.64E-13
 4.66E-29 1.27E-23 2.59E-19 1.73E-17 3.83E-16 4.06E-15 1.28E-14 5.45E-14
 9.65E-14 1.42E-13 1.89E-13 2.37E-13 2.64E-13
 4.74E-29 1.29E-23 2.62E-19 1.74E-17 3.87E-16 4.09E-15 1.29E-14 5.47E-14
 9.68E-14 1.42E-13 1.89E-13 2.37E-13 2.64E-13
 4.98E-29 1.35E-23 2.71E-19 1.79E-17 3.96E-16 4.16E-15 1.31E-14 5.54E-14
 9.76E-14 1.43E-13 1.90E-13 2.37E-13 2.64E-13
 5.37E-29 1.43E-23 2.85E-19 1.87E-17 4.10E-16 4.29E-15 1.35E-14 5.64E-14
 9.90E-14 1.44E-13 1.92E-13 2.38E-13 2.65E-13
 6.08E-29 1.60E-23 3.11E-19 2.02E-17 4.38E-16 4.53E-15 1.41E-14 5.83E-14
 1.02E-13 1.47E-13 1.94E-13 2.40E-13 2.67E-13
 7.84E-29 2.00E-23 3.78E-19 2.40E-17 5.10E-16 5.16E-15 1.58E-14 6.36E-14
 1.09E-13 1.55E-13 2.01E-13 2.46E-13 2.71E-13
   712.6 A  12  13 /FILMEM = CFLS95N /TYPE = EXCIT    /INDM = 1/ISEL =   13
 1.00E+11 2.00E+11 5.00E+11 1.00E+12 2.00E+12 5.00E+12 1.00E+13 2.00E+13
 5.00E+13 1.00E+14 2.00E+14 5.00E+14
 2.00E+00 3.00E+00 5.00E+00 7.00E+00 1.00E+01 1.50E+01 2.00E+01 3.50E+01
 5.00E+01 7.00E+01 1.00E+02 1.50E+02 2.00E+02
 1.40E-26 4.09E-21 8.82E-17 5.99E-15 1.35E-13 1.43E-12 4.47E-12 1.79E-11
 2.96E-11 3.97E-11 4.74E-11 5.13E-11 5.14E-11
 1.40E-26 4.10E-21 8.82E-17 5.99E-15 1.35E-13 1.43E-12 4.48E-12 1.79E-11
 2.96E-11 3.97E-11 4.74E-11 5.13E-11 5.14E-11
 1.40E-26 4.10E-21 8.82E-17 5.99E-15 1.35E-13 1.43E-12 4.48E-12 1.79E-11
 2.96E-11 3.97E-11 4.74E-11 5.14E-11 5.15E-11
 1.40E-26 4.10E-21 8.82E-17 5.99E-15 1.35E-13 1.43E-12 4.48E-12 1.79E-11
 2.96E-11 3.97E-11 4.74E-11 5.14E-11 5.15E-11
 1.41E-26 4.10E-21 8.83E-17 6.00E-15 1.35E-13 1.43E-12 4.48E-12 1.79E-11
 2.96E-11 3.97E-11 4.74E-11 5.14E-11 5.15E-11
 1.41E-26 4.12E-21 8.86E-17 6.01E-15 1.35E-13 1.43E-12 4.49E-12 1.80E-11
 2.96E-11 3.98E-11 4.75E-11 5.14E-11 5.15E-11
 1.42E-26 4.15E-21 8.90E-17 6.04E-15 1.36E-13 1.44E-12 4.50E-12 1.80E-11
 2.97E-11 3.99E-11 4.76E-11 5.16E-11 5.16E-11
 1.44E-26 4.20E-21 8.99E-17 6.09E-15 1.37E-13 1.45E-12 4.53E-12 1.81E-11
 2.98E-11 4.00E-11 4.78E-11 5.18E-11 5.18E-11
 1.51E-26 4.35E-21 9.25E-17 6.24E-15 1.40E-13 1.47E-12 4.60E-12 1.84E-11
 3.02E-11 4.06E-11 4.84E-11 5.24E-11 5.25E-11
 1.61E-26 4.60E-21 9.68E-17 6.49E-15 1.44E-13 1.52E-12 4.73E-12 1.88E-11
 3.09E-11 4.14E-11 4.93E-11 5.34E-11 5.35E-11
 1.82E-26 5.10E-21 1.05E-16 6.99E-15 1.54E-13 1.61E-12 4.98E-12 1.97E-11
 3.22E-11 4.31E-11 5.12E-11 5.54E-11 5.55E-11
 2.41E-26 6.53E-21 1.30E-16 8.44E-15 1.82E-13 1.86E-12 5.72E-12 2.22E-11
 3.61E-11 4.80E-11 5.68E-11 6.13E-11 6.13E-11
   746.1 A  12  13 /FILMEM = CFLS95N /TYPE = EXCIT    /INDM = 1/ISEL =   14
 1.00E+11 2.00E+11 5.00E+11 1.00E+12 2.00E+12 5.00E+12 1.00E+13 2.00E+13
 5.00E+13 1.00E+14 2.00E+14 5.00E+14
 2.00E+00 3.00E+00 5.00E+00 7.00E+00 1.00E+01 1.50E+01 2.00E+01 3.50E+01
 5.00E+01 7.00E+01 1.00E+02 1.50E+02 2.00E+02
 2.60E-26 7.61E-21 1.62E-16 1.09E-14 2.40E-13 2.47E-12 7.53E-12 2.86E-11
 4.57E-11 5.94E-11 6.89E-11 7.28E-11 7.19E-11
 2.60E-26 7.61E-21 1.62E-16 1.09E-14 2.40E-13 2.47E-12 7.53E-12 2.86E-11
 4.57E-11 5.94E-11 6.89E-11 7.28E-11 7.19E-11
 2.60E-26 7.61E-21 1.62E-16 1.09E-14 2.40E-13 2.47E-12 7.53E-12 2.86E-11
 4.57E-11 5.94E-11 6.90E-11 7.28E-11 7.19E-11
 2.60E-26 7.61E-21 1.62E-16 1.09E-14 2.40E-13 2.47E-12 7.53E-12 2.86E-11
 4.57E-11 5.95E-11 6.90E-11 7.29E-11 7.19E-11
 2.60E-26 7.62E-21 1.62E-16 1.09E-14 2.40E-13 2.47E-12 7.54E-12 2.86E-11
 4.57E-11 5.95E-11 6.90E-11 7.29E-11 7.19E-11
 2.61E-26 7.64E-21 1.63E-16 1.09E-14 2.41E-13 2.47E-12 7.55E-12 2.87E-11
 4.57E-11 5.95E-11 6.90E-11 7.29E-11 7.20E-11
 2.62E-26 7.67E-21 1.63E-16 1.09E-14 2.41E-13 2.48E-12 7.56E-12 2.87E-11
 4.58E-11 5.96E-11 6.91E-11 7.30E-11 7.21E-11
 2.65E-26 7.73E-21 1.64E-16 1.10E-14 2.43E-13 2.49E-12 7.59E-12 2.88E-11
 4.59E-11 5.98E-11 6.93E-11 7.32E-11 7.22E-11
 2.73E-26 7.92E-21 1.68E-16 1.12E-14 2.46E-13 2.52E-12 7.68E-12 2.91E-11
 4.64E-11 6.03E-11 6.99E-11 7.38E-11 7.28E-11
 2.86E-26 8.24E-21 1.73E-16 1.15E-14 2.52E-13 2.58E-12 7.84E-12 2.96E-11
 4.71E-11 6.12E-11 7.09E-11 7.47E-11 7.36E-11
 3.13E-26 8.90E-21 1.84E-16 1.22E-14 2.65E-13 2.69E-12 8.16E-12 3.07E-11
 4.87E-11 6.31E-11 7.29E-11 7.66E-11 7.54E-11
 3.97E-26 1.10E-20 2.20E-16 1.43E-14 3.05E-13 3.05E-12 9.15E-12 3.39E-11
 5.34E-11 6.89E-11 7.91E-11 8.27E-11 8.10E-11
C-----------------------------------------------------------------------
C
C  PHOTON EMISSIVITY COEFFICIENTS:
C
C  SOURCE SPECIFIC ION   FILE:/JETSHP.LILIKE.DATA(CFLS95N)
C  SOURCE IONIS. COEFFT. FILE:/JETSHP.IONELEC.DATA(SZD#N)
C  META. ION. COEFF. SELECTOR:  5(1,1)
C  POPULATION PROCESSING CODE:  ADAS208
C
C  ISEL  WAVELENGTH      TRANSITION            TYPE    METASTABLE  IMET NMET  IP
C  ----  ----------  ------------------------  -----  ------------ ---- ----  --
C   1.    1240.2     2(2)1( 2.5)- 1(2)0( 0.5)  EXCIT   1(2)0( 0.5)   1     1
C   2.     209.0     4(2)1( 2.5)- 1(2)0( 0.5)  EXCIT   1(2)0( 0.5)   1     1
C   3.     162.4     7(2)1( 2.5)- 1(2)0( 0.5)  EXCIT   1(2)0( 0.5)   1     1
C   4.     266.0     3(2)0( 0.5)- 2(2)1( 2.5)  EXCIT   1(2)0( 0.5)   1     1
C   5.     247.1     5(2)2( 4.5)- 2(2)1( 2.5)  EXCIT   1(2)0( 0.5)   1     1
C   6.     190.0     6(2)0( 0.5)- 2(2)1( 2.5)  EXCIT   1(2)0( 0.5)   1     1
C   7.     185.9     8(2)2( 4.5)- 2(2)1( 2.5)  EXCIT   1(2)0( 0.5)   1     1
C   8.    4583.6     4(2)1( 2.5)- 3(2)0( 0.5)  EXCIT   1(2)0( 0.5)   1     1
C   9.     778.5     6(2)0( 0.5)- 4(2)1( 2.5)  EXCIT   1(2)0( 0.5)   1     1
C  10.     628.4     7(2)1( 2.5)- 3(2)0( 0.5)  EXCIT   1(2)0( 0.5)   1     1
C  11.     767.0     7(2)1( 2.5)- 5(2)2( 4.5)  EXCIT   1(2)0( 0.5)   1     1
C  12.   11269.3     7(2)1( 2.5)- 6(2)0( 0.5)  EXCIT   1(2)0( 0.5)   1     1
C  13.     712.6     8(2)2( 4.5)- 4(2)1( 2.5)  EXCIT   1(2)0( 0.5)   1     1
C  14.     746.1     9(2)3( 6.5)- 5(2)2( 4.5)  EXCIT   1(2)0( 0.5)   1     1
C
C   NOTES:  PROCESSED 08/03/95
C
C-------------------------------------------------------------------------------
 
C---------------------------------------------------------------------------------
C ADAS ADF15 DATA - SCCS info: @(#)$Header: /home/adascvs/adas/adf15/pec93#n/pec93#n_llr#n4.dat,v 2.1 2004/07/07 00:25:44 whitefor Exp $ Date $Date: 2004/07/07 00:25:44 $
C---------------------------------------------------------------------------------
