   24    /O + 4 PHOTON EMISSIVITY COEFFICIENTS/
   629.7 A   8  12 /FILMEM = DHBL95#O/TYPE = EXCIT    /INDM = 1/ISEL =    1
 7.81E+01 7.81E+04 7.81E+07 7.81E+10 7.81E+13 7.81E+16 7.81E+19 7.81E+22
 1.08E+00 2.15E+00 4.31E+00 1.08E+01 2.15E+01 4.31E+01 1.08E+02 2.15E+02
 4.31E+02 1.08E+03 2.15E+03 4.31E+03
 2.31E-15 1.54E-11 1.07E-09 1.13E-08 2.17E-08 2.76E-08 2.83E-08 2.56E-08
 2.19E-08 1.73E-08 1.42E-08 1.17E-08
 2.31E-15 1.54E-11 1.07E-09 1.13E-08 2.17E-08 2.76E-08 2.83E-08 2.56E-08
 2.19E-08 1.73E-08 1.42E-08 1.17E-08
 2.31E-15 1.54E-11 1.07E-09 1.13E-08 2.17E-08 2.76E-08 2.83E-08 2.56E-08
 2.19E-08 1.73E-08 1.42E-08 1.17E-08
 2.31E-15 1.54E-11 1.07E-09 1.13E-08 2.17E-08 2.76E-08 2.83E-08 2.56E-08
 2.19E-08 1.73E-08 1.42E-08 1.17E-08
 2.31E-15 1.54E-11 1.07E-09 1.13E-08 2.17E-08 2.76E-08 2.83E-08 2.56E-08
 2.19E-08 1.73E-08 1.42E-08 1.17E-08
 5.61E-16 4.91E-12 4.20E-10 5.35E-09 1.16E-08 1.65E-08 1.93E-08 1.91E-08
 1.75E-08 1.46E-08 1.25E-08 1.05E-08
 7.41E-19 7.19E-15 6.90E-13 1.01E-11 2.44E-11 3.90E-11 5.69E-11 7.00E-11
 8.19E-11 9.33E-11 9.86E-11 1.02E-10
 7.41E-22 7.20E-18 6.90E-16 1.01E-14 2.45E-14 3.91E-14 5.70E-14 7.00E-14
 8.20E-14 9.40E-14 1.00E-13 1.04E-13
   172.2 A   8  12 /FILMEM = DHBL95#O/TYPE = EXCIT    /INDM = 1/ISEL =    2
 7.81E+01 7.81E+04 7.81E+07 7.81E+10 7.81E+13 7.81E+16 7.81E+19 7.81E+22
 1.08E+00 2.15E+00 4.31E+00 1.08E+01 2.15E+01 4.31E+01 1.08E+02 2.15E+02
 4.31E+02 1.08E+03 2.15E+03 4.31E+03
 5.75E-38 1.29E-23 1.59E-16 2.15E-12 4.36E-11 1.94E-10 5.42E-10 8.36E-10
 1.06E-09 1.26E-09 1.38E-09 1.49E-09
 5.75E-38 1.29E-23 1.59E-16 2.15E-12 4.36E-11 1.94E-10 5.42E-10 8.36E-10
 1.06E-09 1.26E-09 1.38E-09 1.49E-09
 5.75E-38 1.29E-23 1.59E-16 2.15E-12 4.36E-11 1.94E-10 5.42E-10 8.36E-10
 1.06E-09 1.26E-09 1.38E-09 1.49E-09
 5.75E-38 1.29E-23 1.59E-16 2.15E-12 4.36E-11 1.94E-10 5.42E-10 8.36E-10
 1.06E-09 1.26E-09 1.38E-09 1.49E-09
 6.13E-38 1.34E-23 1.63E-16 2.19E-12 4.41E-11 1.95E-10 5.44E-10 8.38E-10
 1.06E-09 1.26E-09 1.38E-09 1.49E-09
 8.93E-37 1.62E-22 1.50E-15 1.40E-11 2.15E-10 7.22E-10 1.37E-09 1.60E-09
 1.61E-09 1.55E-09 1.54E-09 1.56E-09
 3.32E-39 1.09E-24 1.88E-17 3.99E-13 1.12E-11 6.44E-11 2.22E-10 3.82E-10
 5.34E-10 6.73E-10 7.28E-10 7.53E-10
 3.32E-42 1.09E-27 1.90E-20 4.11E-16 1.18E-14 6.96E-14 2.47E-13 4.36E-13
 6.31E-13 8.40E-13 9.47E-13 1.02E-12
   171.6 A   8  12 /FILMEM = DHBL95#O/TYPE = EXCIT    /INDM = 1/ISEL =    3
 7.81E+01 7.81E+04 7.81E+07 7.81E+10 7.81E+13 7.81E+16 7.81E+19 7.81E+22
 1.08E+00 2.15E+00 4.31E+00 1.08E+01 2.15E+01 4.31E+01 1.08E+02 2.15E+02
 4.31E+02 1.08E+03 2.15E+03 4.31E+03
 1.49E-39 3.67E-25 4.65E-18 5.81E-14 9.47E-13 2.68E-12 2.90E-12 1.93E-12
 1.08E-12 4.40E-13 2.14E-13 1.03E-13
 1.49E-39 3.67E-25 4.65E-18 5.81E-14 9.47E-13 2.68E-12 2.90E-12 1.93E-12
 1.08E-12 4.40E-13 2.14E-13 1.03E-13
 1.49E-39 3.67E-25 4.65E-18 5.81E-14 9.47E-13 2.68E-12 2.90E-12 1.93E-12
 1.08E-12 4.40E-13 2.14E-13 1.03E-13
 1.49E-39 3.67E-25 4.65E-18 5.81E-14 9.47E-13 2.68E-12 2.90E-12 1.93E-12
 1.08E-12 4.40E-13 2.14E-13 1.03E-13
 1.27E-39 3.20E-25 4.13E-18 5.20E-14 8.54E-13 2.44E-12 2.70E-12 1.82E-12
 1.03E-12 4.26E-13 2.09E-13 1.01E-13
 2.75E-40 6.03E-26 6.05E-19 5.02E-15 6.23E-14 1.48E-13 1.54E-13 1.11E-13
 6.91E-14 3.37E-14 1.92E-14 1.10E-14
 1.16E-42 4.36E-28 7.97E-21 1.66E-16 4.23E-15 1.94E-14 3.95E-14 4.00E-14
 3.16E-14 1.84E-14 1.11E-14 6.49E-15
 1.16E-45 4.39E-31 8.09E-24 1.73E-19 4.58E-18 2.23E-17 4.97E-17 5.41E-17
 4.64E-17 3.02E-17 1.97E-17 1.24E-17
   215.2 A   8  12 /FILMEM = DHBL95#O/TYPE = EXCIT    /INDM = 1/ISEL =    4
 7.81E+01 7.81E+04 7.81E+07 7.81E+10 7.81E+13 7.81E+16 7.81E+19 7.81E+22
 1.08E+00 2.15E+00 4.31E+00 1.08E+01 2.15E+01 4.31E+01 1.08E+02 2.15E+02
 4.31E+02 1.08E+03 2.15E+03 4.31E+03
 4.57E-36 1.40E-22 6.55E-16 4.36E-12 5.41E-11 1.28E-10 1.35E-10 1.03E-10
 6.62E-11 3.29E-11 1.89E-11 1.08E-11
 4.57E-36 1.40E-22 6.55E-16 4.36E-12 5.41E-11 1.28E-10 1.35E-10 1.03E-10
 6.62E-11 3.29E-11 1.89E-11 1.08E-11
 4.57E-36 1.40E-22 6.55E-16 4.36E-12 5.41E-11 1.28E-10 1.35E-10 1.03E-10
 6.62E-11 3.29E-11 1.89E-11 1.08E-11
 4.57E-36 1.40E-22 6.55E-16 4.36E-12 5.41E-11 1.28E-10 1.35E-10 1.03E-10
 6.62E-11 3.29E-11 1.89E-11 1.08E-11
 4.61E-36 1.41E-22 6.54E-16 4.31E-12 5.30E-11 1.25E-10 1.32E-10 1.02E-10
 6.56E-11 3.28E-11 1.88E-11 1.08E-11
 1.54E-35 4.70E-22 1.78E-15 8.23E-12 8.22E-11 1.67E-10 1.48E-10 1.01E-10
 6.08E-11 2.88E-11 1.64E-11 9.40E-12
 7.64E-38 3.65E-24 2.36E-17 2.63E-13 5.44E-12 2.25E-11 4.29E-11 4.25E-11
 3.32E-11 1.91E-11 1.15E-11 6.70E-12
 7.67E-41 3.67E-27 2.39E-20 2.73E-16 5.87E-15 2.57E-14 5.39E-14 5.75E-14
 4.87E-14 3.13E-14 2.04E-14 1.27E-14
  1371.3 A   8  12 /FILMEM = DHBL95#O/TYPE = EXCIT    /INDM = 1/ISEL =    5
 7.81E+01 7.81E+04 7.81E+07 7.81E+10 7.81E+13 7.81E+16 7.81E+19 7.81E+22
 1.08E+00 2.15E+00 4.31E+00 1.08E+01 2.15E+01 4.31E+01 1.08E+02 2.15E+02
 4.31E+02 1.08E+03 2.15E+03 4.31E+03
 2.16E-20 9.68E-15 5.54E-12 1.98E-10 5.27E-10 6.88E-10 5.37E-10 3.47E-10
 2.00E-10 9.04E-11 4.88E-11 2.62E-11
 2.16E-20 9.68E-15 5.54E-12 1.98E-10 5.27E-10 6.88E-10 5.37E-10 3.47E-10
 2.00E-10 9.04E-11 4.88E-11 2.62E-11
 2.16E-20 9.68E-15 5.54E-12 1.98E-10 5.27E-10 6.88E-10 5.37E-10 3.47E-10
 2.00E-10 9.04E-11 4.88E-11 2.62E-11
 2.16E-20 9.69E-15 5.54E-12 1.98E-10 5.27E-10 6.88E-10 5.37E-10 3.47E-10
 2.00E-10 9.04E-11 4.88E-11 2.62E-11
 2.37E-20 1.04E-14 5.81E-12 2.05E-10 5.43E-10 7.10E-10 5.57E-10 3.63E-10
 2.11E-10 9.70E-11 5.31E-11 2.89E-11
 1.92E-20 1.13E-14 7.89E-12 3.47E-10 1.13E-09 1.96E-09 2.59E-09 2.60E-09
 2.33E-09 1.81E-09 1.43E-09 1.09E-09
 2.59E-23 1.71E-17 1.36E-14 7.05E-13 2.63E-12 5.30E-12 9.16E-12 1.21E-11
 1.48E-11 1.73E-11 1.85E-11 1.92E-11
 2.59E-26 1.71E-20 1.36E-17 7.06E-16 2.63E-15 5.32E-15 9.20E-15 1.21E-14
 1.49E-14 1.76E-14 1.89E-14 1.98E-14
   774.5 A   8  12 /FILMEM = DHBL95#O/TYPE = EXCIT    /INDM = 1/ISEL =    6
 7.81E+01 7.81E+04 7.81E+07 7.81E+10 7.81E+13 7.81E+16 7.81E+19 7.81E+22
 1.08E+00 2.15E+00 4.31E+00 1.08E+01 2.15E+01 4.31E+01 1.08E+02 2.15E+02
 4.31E+02 1.08E+03 2.15E+03 4.31E+03
 7.32E-24 9.07E-17 2.83E-13 2.93E-11 1.12E-10 1.71E-10 1.41E-10 8.83E-11
 4.72E-11 1.91E-11 9.40E-12 4.59E-12
 7.32E-24 9.07E-17 2.83E-13 2.93E-11 1.12E-10 1.71E-10 1.41E-10 8.83E-11
 4.72E-11 1.91E-11 9.40E-12 4.59E-12
 7.32E-24 9.07E-17 2.83E-13 2.93E-11 1.12E-10 1.71E-10 1.41E-10 8.83E-11
 4.72E-11 1.91E-11 9.40E-12 4.59E-12
 7.32E-24 9.07E-17 2.83E-13 2.93E-11 1.12E-10 1.71E-10 1.41E-10 8.83E-11
 4.72E-11 1.91E-11 9.40E-12 4.59E-12
 8.78E-24 1.02E-16 3.07E-13 3.08E-11 1.17E-10 1.78E-10 1.47E-10 9.34E-11
 5.07E-11 2.10E-11 1.06E-11 5.38E-12
 6.84E-23 9.36E-16 3.01E-12 3.11E-10 1.28E-09 2.36E-09 2.94E-09 2.68E-09
 2.12E-09 1.38E-09 9.46E-10 6.34E-10
 1.09E-25 1.77E-18 6.90E-15 9.37E-13 4.77E-12 1.12E-11 2.09E-11 2.82E-11
 3.46E-11 4.06E-11 4.32E-11 4.47E-11
 1.09E-28 1.77E-21 6.91E-18 9.38E-16 4.79E-15 1.12E-14 2.10E-14 2.83E-14
 3.49E-14 4.14E-14 4.45E-14 4.65E-14
   248.5 A   8  12 /FILMEM = DHBL95#O/TYPE = EXCIT    /INDM = 1/ISEL =    7
 7.81E+01 7.81E+04 7.81E+07 7.81E+10 7.81E+13 7.81E+16 7.81E+19 7.81E+22
 1.08E+00 2.15E+00 4.31E+00 1.08E+01 2.15E+01 4.31E+01 1.08E+02 2.15E+02
 4.31E+02 1.08E+03 2.15E+03 4.31E+03
 1.52E-36 1.08E-22 7.35E-16 6.79E-12 1.16E-10 4.25E-10 7.52E-10 7.27E-10
 5.48E-10 3.28E-10 2.13E-10 1.36E-10
 1.52E-36 1.08E-22 7.35E-16 6.79E-12 1.16E-10 4.25E-10 7.52E-10 7.27E-10
 5.48E-10 3.28E-10 2.13E-10 1.36E-10
 1.52E-36 1.08E-22 7.35E-16 6.79E-12 1.16E-10 4.25E-10 7.52E-10 7.27E-10
 5.48E-10 3.28E-10 2.13E-10 1.36E-10
 1.52E-36 1.08E-22 7.35E-16 6.79E-12 1.16E-10 4.25E-10 7.52E-10 7.27E-10
 5.48E-10 3.28E-10 2.13E-10 1.36E-10
 1.52E-36 1.08E-22 7.33E-16 6.77E-12 1.16E-10 4.23E-10 7.51E-10 7.26E-10
 5.48E-10 3.27E-10 2.13E-10 1.36E-10
 9.77E-37 6.61E-23 4.00E-16 3.06E-12 4.57E-11 1.56E-10 3.02E-10 3.45E-10
 3.21E-10 2.61E-10 2.19E-10 1.84E-10
 2.24E-39 2.37E-25 2.31E-18 3.44E-14 8.58E-13 4.62E-12 1.53E-11 2.60E-11
 3.61E-11 4.54E-11 4.91E-11 5.09E-11
 2.24E-42 2.38E-28 2.33E-21 3.53E-17 9.01E-16 4.98E-15 1.70E-14 2.97E-14
 4.26E-14 5.65E-14 6.36E-14 6.82E-14
   220.4 A   8  12 /FILMEM = DHBL95#O/TYPE = EXCIT    /INDM = 1/ISEL =    8
 7.81E+01 7.81E+04 7.81E+07 7.81E+10 7.81E+13 7.81E+16 7.81E+19 7.81E+22
 1.08E+00 2.15E+00 4.31E+00 1.08E+01 2.15E+01 4.31E+01 1.08E+02 2.15E+02
 4.31E+02 1.08E+03 2.15E+03 4.31E+03
 2.11E-39 3.17E-24 1.06E-16 2.92E-12 8.02E-11 3.98E-10 9.42E-10 1.13E-09
 1.10E-09 9.16E-10 7.64E-10 6.26E-10
 2.11E-39 3.17E-24 1.06E-16 2.92E-12 8.02E-11 3.98E-10 9.42E-10 1.13E-09
 1.10E-09 9.16E-10 7.64E-10 6.26E-10
 2.11E-39 3.17E-24 1.06E-16 2.92E-12 8.02E-11 3.98E-10 9.42E-10 1.13E-09
 1.10E-09 9.16E-10 7.64E-10 6.26E-10
 2.11E-39 3.17E-24 1.06E-16 2.92E-12 8.02E-11 3.98E-10 9.42E-10 1.13E-09
 1.10E-09 9.16E-10 7.64E-10 6.26E-10
 2.17E-39 3.23E-24 1.07E-16 2.94E-12 8.06E-11 3.99E-10 9.44E-10 1.13E-09
 1.10E-09 9.17E-10 7.65E-10 6.27E-10
 3.37E-38 3.77E-23 9.02E-16 1.61E-11 3.30E-10 1.33E-09 2.71E-09 3.04E-09
 2.77E-09 2.13E-09 1.68E-09 1.30E-09
 2.13E-40 4.40E-25 1.91E-17 7.10E-13 2.41E-11 1.51E-10 5.50E-10 9.64E-10
 1.36E-09 1.72E-09 1.86E-09 1.92E-09
 2.13E-43 4.43E-28 1.94E-20 7.31E-16 2.54E-14 1.64E-13 6.13E-13 1.10E-12
 1.61E-12 2.15E-12 2.42E-12 2.60E-12
  2784.8 A   8  12 /FILMEM = DHBL95#O/TYPE = EXCIT    /INDM = 1/ISEL =    9
 7.81E+01 7.81E+04 7.81E+07 7.81E+10 7.81E+13 7.81E+16 7.81E+19 7.81E+22
 1.08E+00 2.15E+00 4.31E+00 1.08E+01 2.15E+01 4.31E+01 1.08E+02 2.15E+02
 4.31E+02 1.08E+03 2.15E+03 4.31E+03
 3.56E-38 8.76E-24 1.11E-16 1.38E-12 2.26E-11 6.38E-11 6.92E-11 4.60E-11
 2.56E-11 1.05E-11 5.11E-12 2.45E-12
 3.56E-38 8.76E-24 1.11E-16 1.38E-12 2.26E-11 6.38E-11 6.92E-11 4.60E-11
 2.56E-11 1.05E-11 5.11E-12 2.45E-12
 3.56E-38 8.76E-24 1.11E-16 1.38E-12 2.26E-11 6.38E-11 6.92E-11 4.60E-11
 2.56E-11 1.05E-11 5.11E-12 2.45E-12
 3.56E-38 8.76E-24 1.11E-16 1.38E-12 2.26E-11 6.38E-11 6.92E-11 4.60E-11
 2.56E-11 1.05E-11 5.11E-12 2.45E-12
 3.04E-38 7.64E-24 9.85E-17 1.24E-12 2.04E-11 5.82E-11 6.43E-11 4.34E-11
 2.45E-11 1.02E-11 4.99E-12 2.40E-12
 6.55E-39 1.44E-24 1.44E-17 1.20E-13 1.49E-12 3.54E-12 3.66E-12 2.64E-12
 1.65E-12 8.03E-13 4.58E-13 2.62E-13
 2.77E-41 1.04E-26 1.90E-19 3.96E-15 1.01E-13 4.63E-13 9.43E-13 9.54E-13
 7.53E-13 4.38E-13 2.65E-13 1.55E-13
 2.78E-44 1.05E-29 1.93E-22 4.13E-18 1.09E-16 5.31E-16 1.19E-15 1.29E-15
 1.11E-15 7.19E-16 4.70E-16 2.95E-16
   760.4 A   8  12 /FILMEM = DHBL95#O/TYPE = EXCIT    /INDM = 1/ISEL =   10
 7.81E+01 7.81E+04 7.81E+07 7.81E+10 7.81E+13 7.81E+16 7.81E+19 7.81E+22
 1.08E+00 2.15E+00 4.31E+00 1.08E+01 2.15E+01 4.31E+01 1.08E+02 2.15E+02
 4.31E+02 1.08E+03 2.15E+03 4.31E+03
 1.27E-20 2.31E-15 8.88E-13 2.55E-11 6.70E-11 8.95E-11 6.73E-11 3.98E-11
 2.04E-11 7.73E-12 3.62E-12 1.68E-12
 1.27E-20 2.31E-15 8.88E-13 2.55E-11 6.70E-11 8.95E-11 6.73E-11 3.98E-11
 2.04E-11 7.73E-12 3.62E-12 1.68E-12
 1.27E-20 2.31E-15 8.88E-13 2.55E-11 6.70E-11 8.95E-11 6.73E-11 3.98E-11
 2.04E-11 7.73E-12 3.62E-12 1.68E-12
 1.27E-20 2.31E-15 8.88E-13 2.55E-11 6.70E-11 8.95E-11 6.73E-11 3.98E-11
 2.04E-11 7.73E-12 3.62E-12 1.68E-12
 1.66E-20 2.67E-15 9.60E-13 2.65E-11 6.78E-11 8.87E-11 6.61E-11 3.90E-11
 2.00E-11 7.62E-12 3.58E-12 1.66E-12
 2.00E-19 3.72E-14 1.41E-11 4.04E-10 9.51E-10 1.10E-09 7.19E-10 3.85E-10
 1.72E-10 5.27E-11 2.06E-11 7.88E-12
 3.23E-22 7.23E-17 3.40E-14 1.35E-12 4.26E-12 6.77E-12 7.28E-12 6.31E-12
 4.81E-12 2.98E-12 1.97E-12 1.27E-12
 3.23E-25 7.23E-20 3.40E-17 1.35E-15 4.29E-15 6.88E-15 7.53E-15 6.70E-15
 5.32E-15 3.55E-15 2.50E-15 1.73E-15
   192.9 A   8  12 /FILMEM = DHBL95#O/TYPE = EXCIT    /INDM = 1/ISEL =   11
 7.81E+01 7.81E+04 7.81E+07 7.81E+10 7.81E+13 7.81E+16 7.81E+19 7.81E+22
 1.08E+00 2.15E+00 4.31E+00 1.08E+01 2.15E+01 4.31E+01 1.08E+02 2.15E+02
 4.31E+02 1.08E+03 2.15E+03 4.31E+03
 9.41E-39 6.68E-24 1.46E-16 2.64E-12 5.16E-11 1.67E-10 2.02E-10 1.40E-10
 7.79E-11 3.14E-11 1.51E-11 7.16E-12
 9.41E-39 6.68E-24 1.46E-16 2.64E-12 5.16E-11 1.67E-10 2.02E-10 1.40E-10
 7.79E-11 3.14E-11 1.51E-11 7.16E-12
 9.41E-39 6.68E-24 1.46E-16 2.64E-12 5.16E-11 1.67E-10 2.02E-10 1.40E-10
 7.79E-11 3.14E-11 1.51E-11 7.16E-12
 9.41E-39 6.68E-24 1.46E-16 2.64E-12 5.16E-11 1.67E-10 2.02E-10 1.40E-10
 7.79E-11 3.14E-11 1.51E-11 7.16E-12
 1.05E-38 7.23E-24 1.55E-16 2.77E-12 5.38E-11 1.73E-10 2.07E-10 1.42E-10
 7.91E-11 3.17E-11 1.52E-11 7.20E-12
 2.28E-37 1.21E-22 1.82E-15 2.03E-11 2.78E-10 6.74E-10 6.33E-10 3.90E-10
 1.99E-10 7.22E-11 3.24E-11 1.44E-11
 2.85E-39 3.01E-24 9.20E-17 2.61E-12 7.37E-11 3.56E-10 7.46E-10 7.61E-10
 6.01E-10 3.47E-10 2.08E-10 1.20E-10
 2.86E-42 3.03E-27 9.38E-20 2.73E-15 7.99E-14 4.09E-13 9.42E-13 1.04E-12
 8.90E-13 5.78E-13 3.77E-13 2.36E-13
   270.9 A   8  12 /FILMEM = DHBL95#O/TYPE = EXCIT    /INDM = 1/ISEL =   12
 7.81E+01 7.81E+04 7.81E+07 7.81E+10 7.81E+13 7.81E+16 7.81E+19 7.81E+22
 1.08E+00 2.15E+00 4.31E+00 1.08E+01 2.15E+01 4.31E+01 1.08E+02 2.15E+02
 4.31E+02 1.08E+03 2.15E+03 4.31E+03
 1.34E-38 3.30E-24 4.18E-17 5.21E-13 8.50E-12 2.40E-11 2.61E-11 1.73E-11
 9.65E-12 3.95E-12 1.92E-12 9.22E-13
 1.34E-38 3.30E-24 4.18E-17 5.21E-13 8.50E-12 2.40E-11 2.61E-11 1.73E-11
 9.65E-12 3.95E-12 1.92E-12 9.22E-13
 1.34E-38 3.30E-24 4.18E-17 5.21E-13 8.50E-12 2.40E-11 2.61E-11 1.73E-11
 9.65E-12 3.95E-12 1.92E-12 9.22E-13
 1.34E-38 3.30E-24 4.18E-17 5.21E-13 8.50E-12 2.40E-11 2.61E-11 1.73E-11
 9.65E-12 3.95E-12 1.92E-12 9.22E-13
 1.14E-38 2.88E-24 3.71E-17 4.67E-13 7.67E-12 2.19E-11 2.42E-11 1.63E-11
 9.22E-12 3.82E-12 1.88E-12 9.05E-13
 2.47E-39 5.42E-25 5.43E-18 4.51E-14 5.60E-13 1.33E-12 1.38E-12 9.95E-13
 6.21E-13 3.02E-13 1.72E-13 9.85E-14
 1.04E-41 3.92E-27 7.16E-20 1.49E-15 3.80E-14 1.74E-13 3.55E-13 3.59E-13
 2.84E-13 1.65E-13 9.97E-14 5.83E-14
 1.04E-44 3.94E-30 7.27E-23 1.55E-18 4.11E-17 2.00E-16 4.46E-16 4.86E-16
 4.17E-16 2.71E-16 1.77E-16 1.11E-16
   629.7 A   8  12 /FILMEM = DHBL95#O/TYPE = EXCIT    /INDM = 2/ISEL =   13
 7.81E+01 7.81E+04 7.81E+07 7.81E+10 7.81E+13 7.81E+16 7.81E+19 7.81E+22
 1.08E+00 2.15E+00 4.31E+00 1.08E+01 2.15E+01 4.31E+01 1.08E+02 2.15E+02
 4.31E+02 1.08E+03 2.15E+03 4.31E+03
 2.35E-12 1.20E-10 7.00E-10 1.56E-09 1.65E-09 1.33E-09 7.33E-10 3.93E-10
 1.91E-10 7.12E-11 3.38E-11 1.62E-11
 2.35E-12 1.20E-10 7.00E-10 1.56E-09 1.65E-09 1.33E-09 7.33E-10 3.93E-10
 1.91E-10 7.12E-11 3.38E-11 1.62E-11
 2.35E-12 1.20E-10 7.00E-10 1.56E-09 1.65E-09 1.33E-09 7.33E-10 3.93E-10
 1.91E-10 7.12E-11 3.38E-11 1.62E-11
 2.35E-12 1.20E-10 7.00E-10 1.56E-09 1.65E-09 1.33E-09 7.33E-10 3.93E-10
 1.91E-10 7.12E-11 3.38E-11 1.62E-11
 2.34E-12 1.20E-10 6.99E-10 1.56E-09 1.65E-09 1.33E-09 7.34E-10 3.93E-10
 1.91E-10 7.12E-11 3.38E-11 1.62E-11
 5.70E-13 3.92E-11 3.08E-10 9.70E-10 1.23E-09 1.13E-09 7.02E-10 3.96E-10
 1.96E-10 7.25E-11 3.38E-11 1.59E-11
 7.53E-16 5.80E-14 5.30E-13 2.15E-12 3.47E-12 4.21E-12 4.03E-12 3.27E-12
 2.33E-12 1.31E-12 8.00E-13 4.76E-13
 7.53E-19 5.80E-17 5.31E-16 2.16E-15 3.49E-15 4.29E-15 4.22E-15 3.52E-15
 2.61E-15 1.55E-15 9.85E-16 6.10E-16
   172.2 A   8  12 /FILMEM = DHBL95#O/TYPE = EXCIT    /INDM = 2/ISEL =   14
 7.81E+01 7.81E+04 7.81E+07 7.81E+10 7.81E+13 7.81E+16 7.81E+19 7.81E+22
 1.08E+00 2.15E+00 4.31E+00 1.08E+01 2.15E+01 4.31E+01 1.08E+02 2.15E+02
 4.31E+02 1.08E+03 2.15E+03 4.31E+03
 4.72E-34 8.66E-22 9.19E-16 2.37E-12 2.13E-11 4.33E-11 3.97E-11 2.72E-11
 1.57E-11 6.78E-12 3.47E-12 1.75E-12
 4.72E-34 8.66E-22 9.19E-16 2.37E-12 2.13E-11 4.33E-11 3.97E-11 2.72E-11
 1.57E-11 6.78E-12 3.47E-12 1.75E-12
 4.72E-34 8.66E-22 9.19E-16 2.37E-12 2.13E-11 4.33E-11 3.97E-11 2.72E-11
 1.57E-11 6.78E-12 3.47E-12 1.75E-12
 4.72E-34 8.66E-22 9.19E-16 2.37E-12 2.13E-11 4.33E-11 3.97E-11 2.72E-11
 1.57E-11 6.78E-12 3.47E-12 1.75E-12
 5.01E-34 9.03E-22 9.45E-16 2.41E-12 2.15E-11 4.36E-11 3.99E-11 2.73E-11
 1.58E-11 6.80E-12 3.47E-12 1.75E-12
 2.51E-33 3.96E-21 3.44E-15 7.17E-12 5.56E-11 9.80E-11 7.79E-11 4.96E-11
 2.77E-11 1.19E-11 6.17E-12 3.20E-12
 1.00E-35 2.90E-23 5.00E-17 2.73E-13 4.62E-12 1.76E-11 3.27E-11 3.28E-11
 2.58E-11 1.51E-11 9.20E-12 5.39E-12
 1.01E-38 2.92E-26 5.07E-20 2.83E-16 4.96E-15 1.99E-14 4.00E-14 4.26E-14
 3.61E-14 2.34E-14 1.53E-14 9.61E-15
   171.6 A   8  12 /FILMEM = DHBL95#O/TYPE = EXCIT    /INDM = 2/ISEL =   15
 7.81E+01 7.81E+04 7.81E+07 7.81E+10 7.81E+13 7.81E+16 7.81E+19 7.81E+22
 1.08E+00 2.15E+00 4.31E+00 1.08E+01 2.15E+01 4.31E+01 1.08E+02 2.15E+02
 4.31E+02 1.08E+03 2.15E+03 4.31E+03
 6.44E-35 1.37E-22 1.59E-16 4.79E-13 5.28E-12 1.46E-11 2.11E-11 1.87E-11
 1.34E-11 7.65E-12 4.82E-12 2.99E-12
 6.44E-35 1.37E-22 1.59E-16 4.79E-13 5.28E-12 1.46E-11 2.11E-11 1.87E-11
 1.34E-11 7.65E-12 4.82E-12 2.99E-12
 6.44E-35 1.37E-22 1.59E-16 4.79E-13 5.28E-12 1.46E-11 2.11E-11 1.87E-11
 1.34E-11 7.65E-12 4.82E-12 2.99E-12
 6.44E-35 1.37E-22 1.59E-16 4.79E-13 5.28E-12 1.46E-11 2.11E-11 1.87E-11
 1.34E-11 7.65E-12 4.82E-12 2.99E-12
 5.41E-35 1.18E-22 1.40E-16 4.27E-13 4.75E-12 1.33E-11 1.96E-11 1.76E-11
 1.28E-11 7.41E-12 4.70E-12 2.94E-12
 1.66E-36 3.57E-24 4.04E-18 1.08E-14 1.09E-13 2.95E-13 5.14E-13 6.04E-13
 6.09E-13 5.66E-13 5.29E-13 4.98E-13
 5.38E-39 1.74E-26 3.16E-20 1.80E-16 3.16E-15 1.30E-14 3.00E-14 3.98E-14
 4.54E-14 4.82E-14 4.84E-14 4.76E-14
 5.39E-42 1.75E-29 3.20E-23 1.87E-19 3.40E-18 1.47E-17 3.61E-17 5.00E-17
 5.98E-17 6.75E-17 7.08E-17 7.26E-17
   215.2 A   8  12 /FILMEM = DHBL95#O/TYPE = EXCIT    /INDM = 2/ISEL =   16
 7.81E+01 7.81E+04 7.81E+07 7.81E+10 7.81E+13 7.81E+16 7.81E+19 7.81E+22
 1.08E+00 2.15E+00 4.31E+00 1.08E+01 2.15E+01 4.31E+01 1.08E+02 2.15E+02
 4.31E+02 1.08E+03 2.15E+03 4.31E+03
 7.43E-32 2.22E-20 1.13E-14 2.19E-11 1.99E-10 4.75E-10 6.70E-10 6.75E-10
 5.99E-10 5.05E-10 4.62E-10 4.40E-10
 7.43E-32 2.22E-20 1.13E-14 2.19E-11 1.99E-10 4.75E-10 6.70E-10 6.75E-10
 5.99E-10 5.05E-10 4.62E-10 4.40E-10
 7.43E-32 2.22E-20 1.13E-14 2.19E-11 1.99E-10 4.75E-10 6.70E-10 6.75E-10
 5.99E-10 5.05E-10 4.62E-10 4.40E-10
 7.43E-32 2.22E-20 1.13E-14 2.19E-11 1.99E-10 4.75E-10 6.70E-10 6.75E-10
 5.99E-10 5.05E-10 4.62E-10 4.40E-10
 7.44E-32 2.22E-20 1.12E-14 2.14E-11 1.92E-10 4.58E-10 6.50E-10 6.61E-10
 5.92E-10 5.02E-10 4.61E-10 4.40E-10
 8.27E-32 2.38E-20 9.94E-15 1.44E-11 1.10E-10 2.36E-10 3.41E-10 3.93E-10
 4.06E-10 4.01E-10 4.00E-10 4.03E-10
 3.44E-34 1.41E-22 9.12E-17 2.80E-13 4.01E-12 1.49E-11 3.23E-11 4.20E-11
 4.74E-11 5.01E-11 5.02E-11 4.95E-11
 3.45E-37 1.42E-25 9.25E-20 2.91E-16 4.31E-15 1.68E-14 3.89E-14 5.27E-14
 6.24E-14 7.01E-14 7.33E-14 7.52E-14
  1371.3 A   8  12 /FILMEM = DHBL95#O/TYPE = EXCIT    /INDM = 2/ISEL =   17
 7.81E+01 7.81E+04 7.81E+07 7.81E+10 7.81E+13 7.81E+16 7.81E+19 7.81E+22
 1.08E+00 2.15E+00 4.31E+00 1.08E+01 2.15E+01 4.31E+01 1.08E+02 2.15E+02
 4.31E+02 1.08E+03 2.15E+03 4.31E+03
 1.15E-16 4.77E-13 2.67E-11 2.40E-10 3.96E-10 3.90E-10 2.40E-10 1.32E-10
 6.28E-11 2.20E-11 9.88E-12 4.41E-12
 1.15E-16 4.77E-13 2.67E-11 2.40E-10 3.96E-10 3.90E-10 2.40E-10 1.32E-10
 6.28E-11 2.20E-11 9.88E-12 4.41E-12
 1.15E-16 4.77E-13 2.67E-11 2.40E-10 3.96E-10 3.90E-10 2.40E-10 1.32E-10
 6.28E-11 2.20E-11 9.88E-12 4.41E-12
 1.15E-16 4.77E-13 2.67E-11 2.40E-10 3.96E-10 3.90E-10 2.40E-10 1.32E-10
 6.28E-11 2.20E-11 9.88E-12 4.41E-12
 1.16E-16 4.77E-13 2.67E-11 2.39E-10 3.95E-10 3.89E-10 2.40E-10 1.32E-10
 6.27E-11 2.20E-11 9.88E-12 4.41E-12
 3.24E-17 1.51E-13 9.67E-12 1.07E-10 2.03E-10 2.28E-10 1.64E-10 9.91E-11
 5.15E-11 1.98E-11 9.38E-12 4.38E-12
 4.20E-20 2.16E-16 1.58E-14 2.19E-13 5.23E-13 7.67E-13 8.20E-13 6.92E-13
 5.04E-13 2.88E-13 1.78E-13 1.06E-13
 4.20E-23 2.16E-19 1.58E-17 2.19E-16 5.26E-16 7.81E-16 8.58E-16 7.44E-16
 5.63E-16 3.40E-16 2.18E-16 1.36E-16
   774.5 A   8  12 /FILMEM = DHBL95#O/TYPE = EXCIT    /INDM = 2/ISEL =   18
 7.81E+01 7.81E+04 7.81E+07 7.81E+10 7.81E+13 7.81E+16 7.81E+19 7.81E+22
 1.08E+00 2.15E+00 4.31E+00 1.08E+01 2.15E+01 4.31E+01 1.08E+02 2.15E+02
 4.31E+02 1.08E+03 2.15E+03 4.31E+03
 2.14E-20 2.60E-15 8.37E-13 2.14E-11 4.78E-11 5.13E-11 3.02E-11 1.54E-11
 6.75E-12 2.13E-12 8.78E-13 3.60E-13
 2.14E-20 2.60E-15 8.37E-13 2.14E-11 4.78E-11 5.13E-11 3.02E-11 1.54E-11
 6.75E-12 2.13E-12 8.78E-13 3.60E-13
 2.14E-20 2.60E-15 8.37E-13 2.14E-11 4.78E-11 5.13E-11 3.02E-11 1.54E-11
 6.75E-12 2.13E-12 8.78E-13 3.60E-13
 2.14E-20 2.60E-15 8.37E-13 2.14E-11 4.78E-11 5.13E-11 3.02E-11 1.54E-11
 6.75E-12 2.13E-12 8.78E-13 3.60E-13
 2.32E-20 2.71E-15 8.58E-13 2.17E-11 4.83E-11 5.18E-11 3.04E-11 1.55E-11
 6.79E-12 2.14E-12 8.82E-13 3.61E-13
 8.39E-20 9.47E-15 2.90E-12 7.62E-11 1.83E-10 2.17E-10 1.43E-10 7.52E-11
 3.26E-11 9.60E-12 3.69E-12 1.40E-12
 1.31E-22 1.75E-17 6.61E-15 2.47E-13 8.25E-13 1.43E-12 1.69E-12 1.47E-12
 1.08E-12 6.15E-13 3.76E-13 2.23E-13
 1.32E-25 1.75E-20 6.62E-18 2.47E-16 8.31E-16 1.46E-15 1.77E-15 1.59E-15
 1.21E-15 7.35E-16 4.71E-16 2.93E-16
   248.5 A   8  12 /FILMEM = DHBL95#O/TYPE = EXCIT    /INDM = 2/ISEL =   19
 7.81E+01 7.81E+04 7.81E+07 7.81E+10 7.81E+13 7.81E+16 7.81E+19 7.81E+22
 1.08E+00 2.15E+00 4.31E+00 1.08E+01 2.15E+01 4.31E+01 1.08E+02 2.15E+02
 4.31E+02 1.08E+03 2.15E+03 4.31E+03
 4.00E-33 2.34E-21 1.38E-15 2.34E-12 1.66E-11 2.54E-11 1.60E-11 1.04E-11
 7.66E-12 4.91E-12 3.39E-12 2.31E-12
 4.00E-33 2.34E-21 1.38E-15 2.34E-12 1.66E-11 2.54E-11 1.60E-11 1.04E-11
 7.66E-12 4.91E-12 3.39E-12 2.31E-12
 4.00E-33 2.34E-21 1.38E-15 2.34E-12 1.66E-11 2.54E-11 1.60E-11 1.04E-11
 7.66E-12 4.91E-12 3.39E-12 2.31E-12
 4.00E-33 2.34E-21 1.38E-15 2.34E-12 1.66E-11 2.54E-11 1.60E-11 1.04E-11
 7.66E-12 4.91E-12 3.39E-12 2.31E-12
 4.01E-33 2.34E-21 1.38E-15 2.34E-12 1.65E-11 2.54E-11 1.60E-11 1.04E-11
 7.65E-12 4.91E-12 3.39E-12 2.31E-12
 2.36E-33 1.34E-21 7.42E-16 1.21E-12 8.65E-12 1.41E-11 1.04E-11 7.03E-12
 4.81E-12 2.98E-12 2.10E-12 1.49E-12
 6.22E-36 5.86E-24 5.79E-18 2.28E-14 3.46E-13 1.25E-12 2.24E-12 2.23E-12
 1.75E-12 1.02E-12 6.23E-13 3.66E-13
 6.24E-39 5.89E-27 5.86E-21 2.36E-17 3.70E-16 1.41E-15 2.74E-15 2.89E-15
 2.44E-15 1.57E-15 1.03E-15 6.47E-16
   220.4 A   8  12 /FILMEM = DHBL95#O/TYPE = EXCIT    /INDM = 2/ISEL =   20
 7.81E+01 7.81E+04 7.81E+07 7.81E+10 7.81E+13 7.81E+16 7.81E+19 7.81E+22
 1.08E+00 2.15E+00 4.31E+00 1.08E+01 2.15E+01 4.31E+01 1.08E+02 2.15E+02
 4.31E+02 1.08E+03 2.15E+03 4.31E+03
 1.24E-35 1.49E-22 4.16E-16 2.08E-12 2.49E-11 6.01E-11 5.68E-11 3.46E-11
 1.74E-11 6.25E-12 2.77E-12 1.21E-12
 1.24E-35 1.49E-22 4.16E-16 2.08E-12 2.49E-11 6.01E-11 5.68E-11 3.46E-11
 1.74E-11 6.25E-12 2.77E-12 1.21E-12
 1.24E-35 1.49E-22 4.16E-16 2.08E-12 2.49E-11 6.01E-11 5.68E-11 3.46E-11
 1.74E-11 6.25E-12 2.77E-12 1.21E-12
 1.24E-35 1.49E-22 4.16E-16 2.08E-12 2.49E-11 6.01E-11 5.68E-11 3.46E-11
 1.74E-11 6.25E-12 2.77E-12 1.21E-12
 1.30E-35 1.53E-22 4.23E-16 2.10E-12 2.51E-11 6.04E-11 5.70E-11 3.47E-11
 1.75E-11 6.26E-12 2.77E-12 1.21E-12
 9.55E-35 8.85E-22 1.89E-15 7.12E-12 7.23E-11 1.56E-10 1.40E-10 8.34E-11
 4.03E-11 1.35E-11 5.71E-12 2.39E-12
 6.68E-37 1.20E-23 5.12E-17 4.83E-13 9.81E-12 4.09E-11 8.03E-11 8.18E-11
 6.47E-11 3.78E-11 2.29E-11 1.33E-11
 6.71E-40 1.21E-26 5.20E-20 5.02E-16 1.05E-14 4.62E-14 9.81E-14 1.06E-13
 9.06E-14 5.87E-14 3.84E-14 2.40E-14
  2784.8 A   8  12 /FILMEM = DHBL95#O/TYPE = EXCIT    /INDM = 2/ISEL =   21
 7.81E+01 7.81E+04 7.81E+07 7.81E+10 7.81E+13 7.81E+16 7.81E+19 7.81E+22
 1.08E+00 2.15E+00 4.31E+00 1.08E+01 2.15E+01 4.31E+01 1.08E+02 2.15E+02
 4.31E+02 1.08E+03 2.15E+03 4.31E+03
 1.54E-33 3.26E-21 3.80E-15 1.14E-11 1.26E-10 3.49E-10 5.04E-10 4.47E-10
 3.20E-10 1.82E-10 1.15E-10 7.13E-11
 1.54E-33 3.26E-21 3.80E-15 1.14E-11 1.26E-10 3.49E-10 5.04E-10 4.47E-10
 3.20E-10 1.82E-10 1.15E-10 7.13E-11
 1.54E-33 3.26E-21 3.80E-15 1.14E-11 1.26E-10 3.49E-10 5.04E-10 4.47E-10
 3.20E-10 1.82E-10 1.15E-10 7.13E-11
 1.54E-33 3.26E-21 3.80E-15 1.14E-11 1.26E-10 3.49E-10 5.04E-10 4.47E-10
 3.20E-10 1.82E-10 1.15E-10 7.13E-11
 1.29E-33 2.81E-21 3.35E-15 1.02E-11 1.13E-10 3.18E-10 4.68E-10 4.21E-10
 3.06E-10 1.77E-10 1.12E-10 7.01E-11
 3.95E-35 8.52E-23 9.64E-17 2.58E-13 2.60E-12 7.04E-12 1.23E-11 1.44E-11
 1.45E-11 1.35E-11 1.26E-11 1.19E-11
 1.28E-37 4.15E-25 7.53E-19 4.29E-15 7.55E-14 3.10E-13 7.17E-13 9.49E-13
 1.08E-12 1.15E-12 1.15E-12 1.14E-12
 1.29E-40 4.17E-28 7.64E-22 4.45E-18 8.10E-17 3.50E-16 8.62E-16 1.19E-15
 1.43E-15 1.61E-15 1.69E-15 1.73E-15
   760.4 A   8  12 /FILMEM = DHBL95#O/TYPE = EXCIT    /INDM = 2/ISEL =   22
 7.81E+01 7.81E+04 7.81E+07 7.81E+10 7.81E+13 7.81E+16 7.81E+19 7.81E+22
 1.08E+00 2.15E+00 4.31E+00 1.08E+01 2.15E+01 4.31E+01 1.08E+02 2.15E+02
 4.31E+02 1.08E+03 2.15E+03 4.31E+03
 3.00E-14 4.13E-11 1.30E-09 8.30E-09 1.37E-08 1.58E-08 1.48E-08 1.25E-08
 1.01E-08 7.31E-09 5.68E-09 4.40E-09
 3.00E-14 4.13E-11 1.30E-09 8.30E-09 1.37E-08 1.58E-08 1.48E-08 1.25E-08
 1.01E-08 7.31E-09 5.68E-09 4.40E-09
 3.00E-14 4.13E-11 1.30E-09 8.30E-09 1.37E-08 1.58E-08 1.48E-08 1.25E-08
 1.01E-08 7.31E-09 5.68E-09 4.40E-09
 3.00E-14 4.13E-11 1.30E-09 8.30E-09 1.37E-08 1.58E-08 1.48E-08 1.25E-08
 1.01E-08 7.31E-09 5.68E-09 4.40E-09
 2.99E-14 4.12E-11 1.29E-09 8.29E-09 1.37E-08 1.58E-08 1.48E-08 1.25E-08
 1.01E-08 7.30E-09 5.67E-09 4.39E-09
 5.76E-15 1.03E-11 4.12E-10 3.42E-09 6.46E-09 8.35E-09 8.87E-09 8.20E-09
 7.12E-09 5.62E-09 4.58E-09 3.69E-09
 7.14E-18 1.38E-14 6.08E-13 5.89E-12 1.26E-11 1.85E-11 2.34E-11 2.54E-11
 2.64E-11 2.68E-11 2.67E-11 2.64E-11
 7.14E-21 1.38E-17 6.08E-16 5.89E-15 1.26E-14 1.86E-14 2.36E-14 2.57E-14
 2.69E-14 2.77E-14 2.80E-14 2.82E-14
   192.9 A   8  12 /FILMEM = DHBL95#O/TYPE = EXCIT    /INDM = 2/ISEL =   23
 7.81E+01 7.81E+04 7.81E+07 7.81E+10 7.81E+13 7.81E+16 7.81E+19 7.81E+22
 1.08E+00 2.15E+00 4.31E+00 1.08E+01 2.15E+01 4.31E+01 1.08E+02 2.15E+02
 4.31E+02 1.08E+03 2.15E+03 4.31E+03
 3.40E-34 2.19E-21 4.68E-15 2.31E-11 3.36E-10 1.15E-09 2.15E-09 2.43E-09
 2.37E-09 2.05E-09 1.77E-09 1.51E-09
 3.40E-34 2.19E-21 4.68E-15 2.31E-11 3.36E-10 1.15E-09 2.15E-09 2.43E-09
 2.37E-09 2.05E-09 1.77E-09 1.51E-09
 3.40E-34 2.19E-21 4.68E-15 2.31E-11 3.36E-10 1.15E-09 2.15E-09 2.43E-09
 2.37E-09 2.05E-09 1.77E-09 1.51E-09
 3.40E-34 2.19E-21 4.68E-15 2.31E-11 3.36E-10 1.15E-09 2.15E-09 2.43E-09
 2.37E-09 2.05E-09 1.77E-09 1.51E-09
 3.80E-34 2.38E-21 4.96E-15 2.41E-11 3.47E-10 1.18E-09 2.19E-09 2.46E-09
 2.38E-09 2.06E-09 1.78E-09 1.51E-09
 1.43E-33 7.50E-21 1.29E-14 4.86E-11 5.79E-10 1.70E-09 2.86E-09 3.09E-09
 2.88E-09 2.38E-09 2.01E-09 1.68E-09
 1.34E-35 1.21E-22 3.66E-16 2.84E-12 5.54E-11 2.40E-10 5.71E-10 7.63E-10
 8.74E-10 9.28E-10 9.28E-10 9.10E-10
 1.34E-38 1.22E-25 3.73E-19 2.96E-15 5.96E-14 2.71E-13 6.89E-13 9.63E-13
 1.16E-12 1.31E-12 1.38E-12 1.41E-12
   270.9 A   8  12 /FILMEM = DHBL95#O/TYPE = EXCIT    /INDM = 2/ISEL =   24
 7.81E+01 7.81E+04 7.81E+07 7.81E+10 7.81E+13 7.81E+16 7.81E+19 7.81E+22
 1.08E+00 2.15E+00 4.31E+00 1.08E+01 2.15E+01 4.31E+01 1.08E+02 2.15E+02
 4.31E+02 1.08E+03 2.15E+03 4.31E+03
 5.78E-34 1.23E-21 1.43E-15 4.30E-12 4.74E-11 1.31E-10 1.90E-10 1.68E-10
 1.21E-10 6.87E-11 4.33E-11 2.68E-11
 5.78E-34 1.23E-21 1.43E-15 4.30E-12 4.74E-11 1.31E-10 1.90E-10 1.68E-10
 1.21E-10 6.87E-11 4.33E-11 2.68E-11
 5.78E-34 1.23E-21 1.43E-15 4.30E-12 4.74E-11 1.31E-10 1.90E-10 1.68E-10
 1.21E-10 6.87E-11 4.33E-11 2.68E-11
 5.78E-34 1.23E-21 1.43E-15 4.30E-12 4.74E-11 1.31E-10 1.90E-10 1.68E-10
 1.21E-10 6.87E-11 4.33E-11 2.68E-11
 4.86E-34 1.06E-21 1.26E-15 3.84E-12 4.27E-11 1.20E-10 1.76E-10 1.58E-10
 1.15E-10 6.65E-11 4.22E-11 2.64E-11
 1.49E-35 3.21E-23 3.63E-17 9.70E-14 9.78E-13 2.65E-12 4.62E-12 5.43E-12
 5.47E-12 5.08E-12 4.75E-12 4.47E-12
 4.83E-38 1.56E-25 2.83E-19 1.61E-15 2.84E-14 1.17E-13 2.70E-13 3.57E-13
 4.08E-13 4.33E-13 4.34E-13 4.28E-13
 4.84E-41 1.57E-28 2.87E-22 1.68E-18 3.05E-17 1.32E-16 3.25E-16 4.49E-16
 5.36E-16 6.06E-16 6.35E-16 6.52E-16
C-----------------------------------------------------------------------
C
C  PHOTON EMISSIVITY COEFFICIENTS:
C
C  SOURCE SPECIFIC ION   FILE:/JETSHP.BELIKE.DATA(DHBL95#O)
C  SOURCE IONIS. COEFFT. FILE:/JETSHP.IONELEC.DATA(SZD#O)
C  META. ION. COEFF. SELECTOR: 50(1,1)
C                              51(2,1)
C  POPULATION PROCESSING CODE:  ADAS208
C
C  ISEL  WAVELENGTH      TRANSITION            TYPE    METASTABLE  IMET NMET  IP
C  ----  ----------  ------------------------  -----  ------------ ---- ----  --
C   1.     629.7     3(1)1( 1.0)- 1(1)0( 0.0)  EXCIT   1(1)0( 0.0)   1     2
C   2.     172.2     9(1)1( 1.0)- 1(1)0( 0.0)  EXCIT   1(1)0( 0.0)   1     2
C   3.     171.6    10(3)1( 4.0)- 1(1)0( 0.0)  EXCIT   1(1)0( 0.0)   1     2
C   4.     215.2     7(3)0( 1.0)- 2(3)1( 4.0)  EXCIT   1(1)0( 0.0)   1     2
C   5.    1371.3     5(1)2( 2.0)- 3(1)1( 1.0)  EXCIT   1(1)0( 0.0)   1     2
C   6.     774.5     6(1)0( 0.0)- 3(1)1( 1.0)  EXCIT   1(1)0( 0.0)   1     2
C   7.     248.5     8(1)0( 0.0)- 3(1)1( 1.0)  EXCIT   1(1)0( 0.0)   1     2
C   8.     220.4    12(1)2( 2.0)- 3(1)1( 1.0)  EXCIT   1(1)0( 0.0)   1     2
C   9.    2784.8    10(3)1( 4.0)- 7(3)0( 1.0)  EXCIT   1(1)0( 0.0)   1     2
C  10.     760.4     4(3)1( 4.0)- 2(3)1( 4.0)  EXCIT   1(1)0( 0.0)   1     2
C  11.     192.9    11(3)2( 7.0)- 2(3)1( 4.0)  EXCIT   1(1)0( 0.0)   1     2
C  12.     270.9    10(3)1( 4.0)- 4(3)1( 4.0)  EXCIT   1(1)0( 0.0)   1     2
C  13.     629.7     3(1)1( 1.0)- 1(1)0( 0.0)  EXCIT   2(3)1( 4.0)   2     2
C  14.     172.2     9(1)1( 1.0)- 1(1)0( 0.0)  EXCIT   2(3)1( 4.0)   2     2
C  15.     171.6    10(3)1( 4.0)- 1(1)0( 0.0)  EXCIT   2(3)1( 4.0)   2     2
C  16.     215.2     7(3)0( 1.0)- 2(3)1( 4.0)  EXCIT   2(3)1( 4.0)   2     2
C  17.    1371.3     5(1)2( 2.0)- 3(1)1( 1.0)  EXCIT   2(3)1( 4.0)   2     2
C  18.     774.5     6(1)0( 0.0)- 3(1)1( 1.0)  EXCIT   2(3)1( 4.0)   2     2
C  19.     248.5     8(1)0( 0.0)- 3(1)1( 1.0)  EXCIT   2(3)1( 4.0)   2     2
C  20.     220.4    12(1)2( 2.0)- 3(1)1( 1.0)  EXCIT   2(3)1( 4.0)   2     2
C  21.    2784.8    10(3)1( 4.0)- 7(3)0( 1.0)  EXCIT   2(3)1( 4.0)   2     2
C  22.     760.4     4(3)1( 4.0)- 2(3)1( 4.0)  EXCIT   2(3)1( 4.0)   2     2
C  23.     192.9    11(3)2( 7.0)- 2(3)1( 4.0)  EXCIT   2(3)1( 4.0)   2     2
C  24.     270.9    10(3)1( 4.0)- 4(3)1( 4.0)  EXCIT   2(3)1( 4.0)   2     2
C
C   NOTES:  PROCESSED 13/09/95
C
C-------------------------------------------------------------------------------
 
C---------------------------------------------------------------------------------
C ADAS ADF15 DATA - SCCS info: @(#)$Header: /home/adascvs/adas/adf15/pec93#o/pec93#o_llr#o4.dat,v 2.1 2004/07/07 00:25:52 whitefor Exp $ Date $Date: 2004/07/07 00:25:52 $
C---------------------------------------------------------------------------------
