   31    /O + 5 PHOTON EMISSIVITY COEFFICIENTS/
  1033.8 A  12  15 /FILMEM = WJD92#O /TYPE = EXCIT    /INDM = 1/ISEL =    1
 1.00E+11 2.00E+11 5.00E+11 1.00E+12 2.00E+12 5.00E+12 1.00E+13 2.00E+13
 5.00E+13 1.00E+14 2.00E+14 5.00E+14
 1.55E+01 2.17E+01 3.10E+01 4.65E+01 6.20E+01 9.31E+01 1.55E+02 2.17E+02
 3.10E+02 4.65E+02 6.20E+02 9.31E+02 1.55E+03 2.17E+03 3.10E+03
 2.74E-08 2.98E-08 3.07E-08 3.03E-08 2.94E-08 2.76E-08 2.50E-08 2.32E-08
 2.12E-08 1.91E-08 1.76E-08 1.57E-08 1.35E-08 1.22E-08 1.09E-08
 2.74E-08 2.98E-08 3.07E-08 3.03E-08 2.94E-08 2.76E-08 2.50E-08 2.32E-08
 2.12E-08 1.91E-08 1.76E-08 1.57E-08 1.35E-08 1.22E-08 1.09E-08
 2.74E-08 2.98E-08 3.07E-08 3.03E-08 2.94E-08 2.76E-08 2.50E-08 2.32E-08
 2.12E-08 1.91E-08 1.76E-08 1.57E-08 1.35E-08 1.22E-08 1.09E-08
 2.74E-08 2.98E-08 3.07E-08 3.03E-08 2.94E-08 2.76E-08 2.50E-08 2.32E-08
 2.12E-08 1.91E-08 1.76E-08 1.57E-08 1.35E-08 1.22E-08 1.09E-08
 2.74E-08 2.98E-08 3.07E-08 3.03E-08 2.94E-08 2.76E-08 2.50E-08 2.32E-08
 2.12E-08 1.91E-08 1.76E-08 1.57E-08 1.35E-08 1.22E-08 1.09E-08
 2.74E-08 2.98E-08 3.07E-08 3.03E-08 2.94E-08 2.76E-08 2.50E-08 2.32E-08
 2.12E-08 1.91E-08 1.76E-08 1.57E-08 1.35E-08 1.22E-08 1.09E-08
 2.74E-08 2.98E-08 3.07E-08 3.02E-08 2.94E-08 2.76E-08 2.50E-08 2.32E-08
 2.12E-08 1.91E-08 1.76E-08 1.57E-08 1.35E-08 1.22E-08 1.09E-08
 2.74E-08 2.98E-08 3.07E-08 3.02E-08 2.94E-08 2.76E-08 2.50E-08 2.32E-08
 2.12E-08 1.91E-08 1.76E-08 1.57E-08 1.35E-08 1.22E-08 1.09E-08
 2.74E-08 2.98E-08 3.06E-08 3.02E-08 2.93E-08 2.76E-08 2.50E-08 2.31E-08
 2.12E-08 1.91E-08 1.76E-08 1.57E-08 1.35E-08 1.22E-08 1.09E-08
 2.73E-08 2.97E-08 3.06E-08 3.02E-08 2.93E-08 2.76E-08 2.49E-08 2.31E-08
 2.12E-08 1.91E-08 1.76E-08 1.57E-08 1.35E-08 1.22E-08 1.09E-08
 2.72E-08 2.96E-08 3.05E-08 3.01E-08 2.92E-08 2.75E-08 2.49E-08 2.31E-08
 2.12E-08 1.90E-08 1.76E-08 1.57E-08 1.35E-08 1.22E-08 1.08E-08
 2.68E-08 2.92E-08 3.01E-08 2.98E-08 2.90E-08 2.73E-08 2.47E-08 2.29E-08
 2.11E-08 1.89E-08 1.75E-08 1.56E-08 1.35E-08 1.21E-08 1.08E-08
   150.1 A  12  15 /FILMEM = WJD92#O /TYPE = EXCIT    /INDM = 1/ISEL =    2
 1.00E+11 2.00E+11 5.00E+11 1.00E+12 2.00E+12 5.00E+12 1.00E+13 2.00E+13
 5.00E+13 1.00E+14 2.00E+14 5.00E+14
 1.55E+01 2.17E+01 3.10E+01 4.65E+01 6.20E+01 9.31E+01 1.55E+02 2.17E+02
 3.10E+02 4.65E+02 6.20E+02 9.31E+02 1.55E+03 2.17E+03 3.10E+03
 4.75E-12 2.05E-11 6.08E-11 1.41E-10 2.16E-10 3.31E-10 4.64E-10 5.30E-10
 5.81E-10 6.18E-10 6.29E-10 6.19E-10 5.82E-10 5.53E-10 5.21E-10
 4.75E-12 2.05E-11 6.08E-11 1.41E-10 2.16E-10 3.31E-10 4.64E-10 5.30E-10
 5.81E-10 6.18E-10 6.29E-10 6.19E-10 5.82E-10 5.53E-10 5.21E-10
 4.75E-12 2.05E-11 6.08E-11 1.41E-10 2.16E-10 3.31E-10 4.64E-10 5.30E-10
 5.81E-10 6.18E-10 6.29E-10 6.19E-10 5.82E-10 5.53E-10 5.21E-10
 4.75E-12 2.05E-11 6.08E-11 1.42E-10 2.16E-10 3.31E-10 4.64E-10 5.30E-10
 5.81E-10 6.19E-10 6.29E-10 6.19E-10 5.82E-10 5.53E-10 5.21E-10
 4.75E-12 2.05E-11 6.08E-11 1.42E-10 2.16E-10 3.31E-10 4.64E-10 5.31E-10
 5.81E-10 6.19E-10 6.29E-10 6.19E-10 5.82E-10 5.53E-10 5.21E-10
 4.76E-12 2.05E-11 6.09E-11 1.42E-10 2.16E-10 3.31E-10 4.64E-10 5.31E-10
 5.81E-10 6.19E-10 6.29E-10 6.19E-10 5.82E-10 5.53E-10 5.21E-10
 4.77E-12 2.06E-11 6.10E-11 1.42E-10 2.16E-10 3.32E-10 4.65E-10 5.31E-10
 5.81E-10 6.19E-10 6.29E-10 6.19E-10 5.82E-10 5.53E-10 5.21E-10
 4.79E-12 2.06E-11 6.11E-11 1.42E-10 2.17E-10 3.32E-10 4.65E-10 5.31E-10
 5.82E-10 6.19E-10 6.30E-10 6.20E-10 5.82E-10 5.53E-10 5.22E-10
 4.86E-12 2.09E-11 6.17E-11 1.43E-10 2.18E-10 3.33E-10 4.66E-10 5.32E-10
 5.83E-10 6.20E-10 6.30E-10 6.20E-10 5.82E-10 5.53E-10 5.22E-10
 4.97E-12 2.13E-11 6.26E-11 1.45E-10 2.20E-10 3.35E-10 4.68E-10 5.34E-10
 5.84E-10 6.21E-10 6.32E-10 6.21E-10 5.83E-10 5.54E-10 5.22E-10
 5.20E-12 2.20E-11 6.43E-11 1.48E-10 2.24E-10 3.40E-10 4.72E-10 5.38E-10
 5.88E-10 6.24E-10 6.34E-10 6.23E-10 5.84E-10 5.55E-10 5.23E-10
 5.85E-12 2.43E-11 6.95E-11 1.57E-10 2.35E-10 3.53E-10 4.85E-10 5.49E-10
 5.98E-10 6.32E-10 6.41E-10 6.28E-10 5.88E-10 5.58E-10 5.25E-10
   115.8 A  12  15 /FILMEM = WJD92#O /TYPE = EXCIT    /INDM = 1/ISEL =    3
 1.00E+11 2.00E+11 5.00E+11 1.00E+12 2.00E+12 5.00E+12 1.00E+13 2.00E+13
 5.00E+13 1.00E+14 2.00E+14 5.00E+14
 1.55E+01 2.17E+01 3.10E+01 4.65E+01 6.20E+01 9.31E+01 1.55E+02 2.17E+02
 3.10E+02 4.65E+02 6.20E+02 9.31E+02 1.55E+03 2.17E+03 3.10E+03
 2.25E-13 1.45E-12 5.70E-12 1.63E-11 2.73E-11 4.57E-11 6.88E-11 8.14E-11
 9.17E-11 9.98E-11 1.03E-10 1.03E-10 9.86E-11 9.46E-11 8.99E-11
 2.25E-13 1.45E-12 5.70E-12 1.63E-11 2.73E-11 4.57E-11 6.88E-11 8.14E-11
 9.17E-11 9.98E-11 1.03E-10 1.03E-10 9.86E-11 9.46E-11 8.99E-11
 2.25E-13 1.45E-12 5.70E-12 1.63E-11 2.73E-11 4.58E-11 6.89E-11 8.14E-11
 9.17E-11 9.98E-11 1.03E-10 1.03E-10 9.86E-11 9.46E-11 8.99E-11
 2.25E-13 1.45E-12 5.71E-12 1.63E-11 2.73E-11 4.58E-11 6.89E-11 8.14E-11
 9.17E-11 9.98E-11 1.03E-10 1.03E-10 9.86E-11 9.46E-11 8.99E-11
 2.25E-13 1.45E-12 5.71E-12 1.63E-11 2.73E-11 4.58E-11 6.89E-11 8.14E-11
 9.17E-11 9.98E-11 1.03E-10 1.03E-10 9.86E-11 9.46E-11 8.99E-11
 2.26E-13 1.45E-12 5.71E-12 1.63E-11 2.73E-11 4.58E-11 6.89E-11 8.14E-11
 9.18E-11 9.98E-11 1.03E-10 1.03E-10 9.86E-11 9.46E-11 8.99E-11
 2.26E-13 1.46E-12 5.72E-12 1.63E-11 2.73E-11 4.58E-11 6.89E-11 8.15E-11
 9.18E-11 9.98E-11 1.03E-10 1.03E-10 9.86E-11 9.46E-11 8.99E-11
 2.27E-13 1.46E-12 5.74E-12 1.63E-11 2.74E-11 4.59E-11 6.90E-11 8.15E-11
 9.18E-11 9.99E-11 1.03E-10 1.03E-10 9.86E-11 9.46E-11 8.99E-11
 2.30E-13 1.48E-12 5.79E-12 1.64E-11 2.75E-11 4.60E-11 6.91E-11 8.17E-11
 9.19E-11 1.00E-10 1.03E-10 1.03E-10 9.86E-11 9.46E-11 9.00E-11
 2.35E-13 1.50E-12 5.87E-12 1.66E-11 2.78E-11 4.63E-11 6.94E-11 8.19E-11
 9.21E-11 1.00E-10 1.03E-10 1.03E-10 9.87E-11 9.46E-11 9.00E-11
 2.45E-13 1.55E-12 6.03E-12 1.70E-11 2.83E-11 4.69E-11 7.00E-11 8.24E-11
 9.26E-11 1.00E-10 1.03E-10 1.03E-10 9.88E-11 9.47E-11 9.00E-11
 2.73E-13 1.70E-12 6.50E-12 1.80E-11 2.97E-11 4.86E-11 7.17E-11 8.39E-11
 9.38E-11 1.01E-10 1.04E-10 1.04E-10 9.90E-11 9.49E-11 9.01E-11
   104.8 A  12  15 /FILMEM = WJD92#O /TYPE = EXCIT    /INDM = 1/ISEL =    4
 1.00E+11 2.00E+11 5.00E+11 1.00E+12 2.00E+12 5.00E+12 1.00E+13 2.00E+13
 5.00E+13 1.00E+14 2.00E+14 5.00E+14
 1.55E+01 2.17E+01 3.10E+01 4.65E+01 6.20E+01 9.31E+01 1.55E+02 2.17E+02
 3.10E+02 4.65E+02 6.20E+02 9.31E+02 1.55E+03 2.17E+03 3.10E+03
 3.79E-14 2.92E-13 1.31E-12 4.14E-12 7.34E-12 1.30E-11 2.04E-11 2.47E-11
 2.84E-11 3.15E-11 3.29E-11 3.34E-11 3.25E-11 3.14E-11 3.00E-11
 3.79E-14 2.92E-13 1.31E-12 4.15E-12 7.34E-12 1.30E-11 2.04E-11 2.47E-11
 2.84E-11 3.15E-11 3.29E-11 3.34E-11 3.25E-11 3.14E-11 3.00E-11
 3.79E-14 2.92E-13 1.31E-12 4.15E-12 7.34E-12 1.30E-11 2.04E-11 2.47E-11
 2.84E-11 3.15E-11 3.29E-11 3.34E-11 3.25E-11 3.14E-11 3.00E-11
 3.79E-14 2.92E-13 1.31E-12 4.15E-12 7.34E-12 1.30E-11 2.04E-11 2.47E-11
 2.84E-11 3.15E-11 3.29E-11 3.34E-11 3.25E-11 3.14E-11 3.00E-11
 3.79E-14 2.92E-13 1.31E-12 4.15E-12 7.35E-12 1.30E-11 2.04E-11 2.47E-11
 2.84E-11 3.15E-11 3.29E-11 3.34E-11 3.25E-11 3.14E-11 3.00E-11
 3.80E-14 2.93E-13 1.31E-12 4.15E-12 7.36E-12 1.30E-11 2.04E-11 2.47E-11
 2.84E-11 3.15E-11 3.29E-11 3.34E-11 3.25E-11 3.14E-11 3.00E-11
 3.82E-14 2.94E-13 1.32E-12 4.16E-12 7.37E-12 1.30E-11 2.04E-11 2.47E-11
 2.84E-11 3.15E-11 3.29E-11 3.34E-11 3.25E-11 3.14E-11 3.00E-11
 3.85E-14 2.96E-13 1.32E-12 4.18E-12 7.39E-12 1.30E-11 2.05E-11 2.47E-11
 2.84E-11 3.15E-11 3.29E-11 3.34E-11 3.24E-11 3.13E-11 3.00E-11
 3.94E-14 3.02E-13 1.35E-12 4.24E-12 7.47E-12 1.31E-11 2.05E-11 2.48E-11
 2.85E-11 3.15E-11 3.29E-11 3.34E-11 3.24E-11 3.13E-11 3.00E-11
 4.09E-14 3.11E-13 1.38E-12 4.32E-12 7.59E-12 1.33E-11 2.07E-11 2.49E-11
 2.85E-11 3.16E-11 3.28E-11 3.33E-11 3.24E-11 3.13E-11 2.99E-11
 4.35E-14 3.28E-13 1.45E-12 4.48E-12 7.82E-12 1.36E-11 2.09E-11 2.51E-11
 2.86E-11 3.16E-11 3.28E-11 3.33E-11 3.23E-11 3.12E-11 2.98E-11
 4.97E-14 3.70E-13 1.60E-12 4.87E-12 8.38E-12 1.43E-11 2.16E-11 2.56E-11
 2.89E-11 3.16E-11 3.28E-11 3.31E-11 3.20E-11 3.09E-11 2.96E-11
   184.1 A  12  15 /FILMEM = WJD92#O /TYPE = EXCIT    /INDM = 1/ISEL =    5
 1.00E+11 2.00E+11 5.00E+11 1.00E+12 2.00E+12 5.00E+12 1.00E+13 2.00E+13
 5.00E+13 1.00E+14 2.00E+14 5.00E+14
 1.55E+01 2.17E+01 3.10E+01 4.65E+01 6.20E+01 9.31E+01 1.55E+02 2.17E+02
 3.10E+02 4.65E+02 6.20E+02 9.31E+02 1.55E+03 2.17E+03 3.10E+03
 1.18E-11 4.36E-11 1.11E-10 2.18E-10 2.94E-10 3.78E-10 4.29E-10 4.30E-10
 4.13E-10 3.79E-10 3.50E-10 3.07E-10 2.54E-10 2.23E-10 1.93E-10
 1.18E-11 4.36E-11 1.11E-10 2.18E-10 2.94E-10 3.78E-10 4.29E-10 4.30E-10
 4.13E-10 3.79E-10 3.50E-10 3.07E-10 2.54E-10 2.23E-10 1.93E-10
 1.18E-11 4.36E-11 1.11E-10 2.18E-10 2.94E-10 3.78E-10 4.29E-10 4.30E-10
 4.13E-10 3.79E-10 3.50E-10 3.07E-10 2.54E-10 2.23E-10 1.93E-10
 1.18E-11 4.36E-11 1.11E-10 2.18E-10 2.94E-10 3.78E-10 4.29E-10 4.30E-10
 4.13E-10 3.79E-10 3.50E-10 3.07E-10 2.54E-10 2.23E-10 1.93E-10
 1.18E-11 4.36E-11 1.11E-10 2.18E-10 2.94E-10 3.78E-10 4.29E-10 4.30E-10
 4.13E-10 3.79E-10 3.51E-10 3.07E-10 2.54E-10 2.23E-10 1.93E-10
 1.18E-11 4.36E-11 1.11E-10 2.18E-10 2.94E-10 3.78E-10 4.29E-10 4.30E-10
 4.13E-10 3.79E-10 3.51E-10 3.07E-10 2.54E-10 2.23E-10 1.93E-10
 1.18E-11 4.36E-11 1.11E-10 2.18E-10 2.94E-10 3.78E-10 4.29E-10 4.30E-10
 4.13E-10 3.79E-10 3.51E-10 3.07E-10 2.54E-10 2.23E-10 1.93E-10
 1.18E-11 4.36E-11 1.11E-10 2.18E-10 2.94E-10 3.78E-10 4.29E-10 4.30E-10
 4.13E-10 3.79E-10 3.51E-10 3.07E-10 2.55E-10 2.23E-10 1.93E-10
 1.18E-11 4.36E-11 1.11E-10 2.18E-10 2.94E-10 3.78E-10 4.29E-10 4.30E-10
 4.13E-10 3.79E-10 3.51E-10 3.07E-10 2.55E-10 2.23E-10 1.93E-10
 1.18E-11 4.36E-11 1.11E-10 2.18E-10 2.94E-10 3.79E-10 4.29E-10 4.30E-10
 4.13E-10 3.79E-10 3.51E-10 3.07E-10 2.55E-10 2.23E-10 1.93E-10
 1.18E-11 4.36E-11 1.11E-10 2.18E-10 2.94E-10 3.79E-10 4.29E-10 4.31E-10
 4.13E-10 3.80E-10 3.51E-10 3.08E-10 2.55E-10 2.23E-10 1.94E-10
 1.18E-11 4.36E-11 1.11E-10 2.18E-10 2.94E-10 3.79E-10 4.30E-10 4.31E-10
 4.14E-10 3.80E-10 3.52E-10 3.08E-10 2.55E-10 2.24E-10 1.94E-10
   173.0 A  12  15 /FILMEM = WJD92#O /TYPE = EXCIT    /INDM = 1/ISEL =    6
 1.00E+11 2.00E+11 5.00E+11 1.00E+12 2.00E+12 5.00E+12 1.00E+13 2.00E+13
 5.00E+13 1.00E+14 2.00E+14 5.00E+14
 1.55E+01 2.17E+01 3.10E+01 4.65E+01 6.20E+01 9.31E+01 1.55E+02 2.17E+02
 3.10E+02 4.65E+02 6.20E+02 9.31E+02 1.55E+03 2.17E+03 3.10E+03
 1.49E-11 6.02E-11 1.65E-10 3.48E-10 4.91E-10 6.69E-10 8.03E-10 8.31E-10
 8.19E-10 7.74E-10 7.26E-10 6.41E-10 5.30E-10 4.65E-10 4.04E-10
 1.49E-11 6.02E-11 1.65E-10 3.48E-10 4.91E-10 6.69E-10 8.03E-10 8.31E-10
 8.19E-10 7.74E-10 7.26E-10 6.41E-10 5.30E-10 4.65E-10 4.04E-10
 1.49E-11 6.02E-11 1.65E-10 3.48E-10 4.91E-10 6.69E-10 8.03E-10 8.31E-10
 8.19E-10 7.74E-10 7.26E-10 6.41E-10 5.30E-10 4.65E-10 4.04E-10
 1.49E-11 6.02E-11 1.65E-10 3.48E-10 4.91E-10 6.69E-10 8.03E-10 8.31E-10
 8.19E-10 7.74E-10 7.26E-10 6.41E-10 5.30E-10 4.65E-10 4.04E-10
 1.49E-11 6.02E-11 1.65E-10 3.48E-10 4.91E-10 6.69E-10 8.04E-10 8.31E-10
 8.19E-10 7.75E-10 7.26E-10 6.41E-10 5.30E-10 4.65E-10 4.04E-10
 1.49E-11 6.03E-11 1.65E-10 3.48E-10 4.91E-10 6.69E-10 8.04E-10 8.31E-10
 8.20E-10 7.75E-10 7.27E-10 6.42E-10 5.31E-10 4.65E-10 4.04E-10
 1.49E-11 6.04E-11 1.66E-10 3.48E-10 4.92E-10 6.70E-10 8.05E-10 8.32E-10
 8.21E-10 7.76E-10 7.27E-10 6.42E-10 5.31E-10 4.66E-10 4.04E-10
 1.50E-11 6.06E-11 1.66E-10 3.49E-10 4.93E-10 6.71E-10 8.06E-10 8.34E-10
 8.22E-10 7.77E-10 7.28E-10 6.43E-10 5.32E-10 4.66E-10 4.05E-10
 1.51E-11 6.11E-11 1.68E-10 3.52E-10 4.97E-10 6.76E-10 8.11E-10 8.38E-10
 8.26E-10 7.81E-10 7.32E-10 6.46E-10 5.34E-10 4.68E-10 4.06E-10
 1.54E-11 6.21E-11 1.70E-10 3.56E-10 5.02E-10 6.83E-10 8.19E-10 8.46E-10
 8.33E-10 7.87E-10 7.38E-10 6.51E-10 5.38E-10 4.72E-10 4.09E-10
 1.59E-11 6.39E-11 1.74E-10 3.65E-10 5.13E-10 6.96E-10 8.34E-10 8.61E-10
 8.48E-10 8.00E-10 7.49E-10 6.61E-10 5.46E-10 4.79E-10 4.15E-10
 1.75E-11 6.95E-11 1.88E-10 3.90E-10 5.46E-10 7.38E-10 8.79E-10 9.05E-10
 8.90E-10 8.38E-10 7.84E-10 6.91E-10 5.70E-10 4.99E-10 4.31E-10
   130.4 A  12  15 /FILMEM = WJD92#O /TYPE = EXCIT    /INDM = 1/ISEL =    7
 1.00E+11 2.00E+11 5.00E+11 1.00E+12 2.00E+12 5.00E+12 1.00E+13 2.00E+13
 5.00E+13 1.00E+14 2.00E+14 5.00E+14
 1.55E+01 2.17E+01 3.10E+01 4.65E+01 6.20E+01 9.31E+01 1.55E+02 2.17E+02
 3.10E+02 4.65E+02 6.20E+02 9.31E+02 1.55E+03 2.17E+03 3.10E+03
 2.32E-13 1.42E-12 5.26E-12 1.38E-11 2.15E-11 3.19E-11 4.03E-11 4.23E-11
 4.19E-11 3.93E-11 3.67E-11 3.24E-11 2.69E-11 2.36E-11 2.04E-11
 2.32E-13 1.42E-12 5.26E-12 1.38E-11 2.15E-11 3.19E-11 4.03E-11 4.23E-11
 4.19E-11 3.93E-11 3.67E-11 3.24E-11 2.69E-11 2.36E-11 2.04E-11
 2.32E-13 1.42E-12 5.26E-12 1.38E-11 2.15E-11 3.19E-11 4.03E-11 4.23E-11
 4.19E-11 3.93E-11 3.67E-11 3.24E-11 2.69E-11 2.36E-11 2.04E-11
 2.32E-13 1.42E-12 5.26E-12 1.38E-11 2.15E-11 3.19E-11 4.03E-11 4.23E-11
 4.19E-11 3.93E-11 3.67E-11 3.24E-11 2.69E-11 2.36E-11 2.04E-11
 2.32E-13 1.42E-12 5.26E-12 1.38E-11 2.15E-11 3.19E-11 4.03E-11 4.23E-11
 4.19E-11 3.93E-11 3.67E-11 3.24E-11 2.69E-11 2.36E-11 2.04E-11
 2.32E-13 1.42E-12 5.26E-12 1.38E-11 2.15E-11 3.19E-11 4.03E-11 4.22E-11
 4.18E-11 3.93E-11 3.67E-11 3.24E-11 2.69E-11 2.36E-11 2.04E-11
 2.32E-13 1.42E-12 5.26E-12 1.38E-11 2.15E-11 3.19E-11 4.03E-11 4.22E-11
 4.18E-11 3.93E-11 3.67E-11 3.24E-11 2.69E-11 2.36E-11 2.04E-11
 2.31E-13 1.42E-12 5.26E-12 1.38E-11 2.15E-11 3.19E-11 4.02E-11 4.22E-11
 4.18E-11 3.93E-11 3.67E-11 3.24E-11 2.69E-11 2.36E-11 2.04E-11
 2.31E-13 1.41E-12 5.25E-12 1.37E-11 2.15E-11 3.18E-11 4.02E-11 4.22E-11
 4.18E-11 3.93E-11 3.67E-11 3.24E-11 2.69E-11 2.36E-11 2.04E-11
 2.30E-13 1.41E-12 5.23E-12 1.37E-11 2.14E-11 3.17E-11 4.01E-11 4.21E-11
 4.18E-11 3.92E-11 3.66E-11 3.24E-11 2.69E-11 2.36E-11 2.04E-11
 2.28E-13 1.40E-12 5.20E-12 1.36E-11 2.13E-11 3.16E-11 4.00E-11 4.20E-11
 4.17E-11 3.92E-11 3.66E-11 3.24E-11 2.69E-11 2.36E-11 2.04E-11
 2.23E-13 1.37E-12 5.10E-12 1.34E-11 2.10E-11 3.12E-11 3.96E-11 4.16E-11
 4.14E-11 3.90E-11 3.64E-11 3.23E-11 2.69E-11 2.35E-11 2.03E-11
   129.8 A  12  15 /FILMEM = WJD92#O /TYPE = EXCIT    /INDM = 1/ISEL =    8
 1.00E+11 2.00E+11 5.00E+11 1.00E+12 2.00E+12 5.00E+12 1.00E+13 2.00E+13
 5.00E+13 1.00E+14 2.00E+14 5.00E+14
 1.55E+01 2.17E+01 3.10E+01 4.65E+01 6.20E+01 9.31E+01 1.55E+02 2.17E+02
 3.10E+02 4.65E+02 6.20E+02 9.31E+02 1.55E+03 2.17E+03 3.10E+03
 5.35E-13 3.31E-12 1.24E-11 3.26E-11 5.12E-11 7.69E-11 9.90E-11 1.05E-10
 1.06E-10 1.01E-10 9.53E-11 8.45E-11 7.01E-11 6.16E-11 5.36E-11
 5.35E-13 3.31E-12 1.24E-11 3.26E-11 5.12E-11 7.69E-11 9.90E-11 1.05E-10
 1.06E-10 1.01E-10 9.53E-11 8.45E-11 7.01E-11 6.16E-11 5.36E-11
 5.35E-13 3.31E-12 1.24E-11 3.26E-11 5.12E-11 7.69E-11 9.90E-11 1.05E-10
 1.06E-10 1.01E-10 9.53E-11 8.45E-11 7.01E-11 6.16E-11 5.36E-11
 5.35E-13 3.31E-12 1.24E-11 3.26E-11 5.12E-11 7.69E-11 9.90E-11 1.05E-10
 1.06E-10 1.01E-10 9.53E-11 8.45E-11 7.01E-11 6.16E-11 5.36E-11
 5.36E-13 3.31E-12 1.24E-11 3.26E-11 5.12E-11 7.69E-11 9.91E-11 1.05E-10
 1.06E-10 1.01E-10 9.53E-11 8.45E-11 7.01E-11 6.16E-11 5.36E-11
 5.36E-13 3.31E-12 1.24E-11 3.26E-11 5.12E-11 7.70E-11 9.91E-11 1.05E-10
 1.06E-10 1.01E-10 9.54E-11 8.46E-11 7.02E-11 6.17E-11 5.37E-11
 5.37E-13 3.32E-12 1.24E-11 3.27E-11 5.13E-11 7.70E-11 9.92E-11 1.05E-10
 1.06E-10 1.01E-10 9.55E-11 8.46E-11 7.02E-11 6.17E-11 5.37E-11
 5.39E-13 3.33E-12 1.24E-11 3.28E-11 5.14E-11 7.72E-11 9.94E-11 1.06E-10
 1.06E-10 1.01E-10 9.56E-11 8.48E-11 7.03E-11 6.18E-11 5.38E-11
 5.45E-13 3.36E-12 1.25E-11 3.30E-11 5.18E-11 7.77E-11 1.00E-10 1.06E-10
 1.07E-10 1.02E-10 9.61E-11 8.52E-11 7.07E-11 6.21E-11 5.40E-11
 5.54E-13 3.41E-12 1.27E-11 3.34E-11 5.23E-11 7.85E-11 1.01E-10 1.07E-10
 1.08E-10 1.03E-10 9.69E-11 8.59E-11 7.12E-11 6.26E-11 5.44E-11
 5.72E-13 3.51E-12 1.30E-11 3.42E-11 5.35E-11 8.01E-11 1.03E-10 1.09E-10
 1.09E-10 1.05E-10 9.85E-11 8.72E-11 7.23E-11 6.35E-11 5.52E-11
 6.27E-13 3.81E-12 1.40E-11 3.65E-11 5.69E-11 8.48E-11 1.08E-10 1.15E-10
 1.15E-10 1.10E-10 1.03E-10 9.13E-11 7.56E-11 6.63E-11 5.75E-11
   117.4 A  12  15 /FILMEM = WJD92#O /TYPE = EXCIT    /INDM = 1/ISEL =    9
 1.00E+11 2.00E+11 5.00E+11 1.00E+12 2.00E+12 5.00E+12 1.00E+13 2.00E+13
 5.00E+13 1.00E+14 2.00E+14 5.00E+14
 1.55E+01 2.17E+01 3.10E+01 4.65E+01 6.20E+01 9.31E+01 1.55E+02 2.17E+02
 3.10E+02 4.65E+02 6.20E+02 9.31E+02 1.55E+03 2.17E+03 3.10E+03
 3.47E-14 2.56E-13 1.09E-12 3.19E-12 5.25E-12 8.21E-12 1.08E-11 1.14E-11
 1.14E-11 1.07E-11 1.00E-11 8.80E-12 7.26E-12 6.32E-12 5.43E-12
 3.47E-14 2.56E-13 1.09E-12 3.19E-12 5.25E-12 8.21E-12 1.08E-11 1.14E-11
 1.14E-11 1.07E-11 1.00E-11 8.80E-12 7.26E-12 6.32E-12 5.43E-12
 3.47E-14 2.56E-13 1.09E-12 3.19E-12 5.25E-12 8.21E-12 1.08E-11 1.14E-11
 1.14E-11 1.07E-11 1.00E-11 8.80E-12 7.26E-12 6.32E-12 5.43E-12
 3.46E-14 2.56E-13 1.09E-12 3.19E-12 5.25E-12 8.20E-12 1.08E-11 1.14E-11
 1.14E-11 1.07E-11 1.00E-11 8.80E-12 7.26E-12 6.32E-12 5.43E-12
 3.46E-14 2.56E-13 1.09E-12 3.19E-12 5.25E-12 8.20E-12 1.08E-11 1.14E-11
 1.14E-11 1.07E-11 1.00E-11 8.80E-12 7.26E-12 6.32E-12 5.43E-12
 3.46E-14 2.56E-13 1.09E-12 3.19E-12 5.25E-12 8.20E-12 1.08E-11 1.14E-11
 1.14E-11 1.07E-11 9.99E-12 8.79E-12 7.26E-12 6.32E-12 5.43E-12
 3.45E-14 2.55E-13 1.09E-12 3.18E-12 5.24E-12 8.19E-12 1.08E-11 1.14E-11
 1.14E-11 1.07E-11 9.99E-12 8.79E-12 7.26E-12 6.32E-12 5.43E-12
 3.44E-14 2.54E-13 1.09E-12 3.17E-12 5.22E-12 8.17E-12 1.07E-11 1.14E-11
 1.14E-11 1.07E-11 9.98E-12 8.79E-12 7.25E-12 6.32E-12 5.42E-12
 3.39E-14 2.51E-13 1.07E-12 3.14E-12 5.18E-12 8.11E-12 1.07E-11 1.14E-11
 1.13E-11 1.07E-11 9.96E-12 8.77E-12 7.25E-12 6.32E-12 5.42E-12
 3.33E-14 2.47E-13 1.06E-12 3.10E-12 5.11E-12 8.02E-12 1.06E-11 1.13E-11
 1.13E-11 1.06E-11 9.92E-12 8.75E-12 7.23E-12 6.31E-12 5.42E-12
 3.20E-14 2.38E-13 1.02E-12 3.01E-12 4.98E-12 7.84E-12 1.04E-11 1.11E-11
 1.11E-11 1.05E-11 9.84E-12 8.70E-12 7.21E-12 6.30E-12 5.42E-12
 2.92E-14 2.18E-13 9.43E-13 2.80E-12 4.65E-12 7.38E-12 9.88E-12 1.06E-11
 1.07E-11 1.02E-11 9.63E-12 8.56E-12 7.15E-12 6.26E-12 5.40E-12
   116.4 A  12  15 /FILMEM = WJD92#O /TYPE = EXCIT    /INDM = 1/ISEL =   10
 1.00E+11 2.00E+11 5.00E+11 1.00E+12 2.00E+12 5.00E+12 1.00E+13 2.00E+13
 5.00E+13 1.00E+14 2.00E+14 5.00E+14
 1.55E+01 2.17E+01 3.10E+01 4.65E+01 6.20E+01 9.31E+01 1.55E+02 2.17E+02
 3.10E+02 4.65E+02 6.20E+02 9.31E+02 1.55E+03 2.17E+03 3.10E+03
 8.93E-14 6.67E-13 2.86E-12 8.37E-12 1.38E-11 2.17E-11 2.88E-11 3.10E-11
 3.13E-11 3.00E-11 2.83E-11 2.50E-11 2.07E-11 1.82E-11 1.58E-11
 8.93E-14 6.67E-13 2.86E-12 8.37E-12 1.38E-11 2.17E-11 2.88E-11 3.10E-11
 3.13E-11 3.00E-11 2.83E-11 2.50E-11 2.07E-11 1.82E-11 1.58E-11
 8.93E-14 6.67E-13 2.86E-12 8.37E-12 1.38E-11 2.17E-11 2.88E-11 3.10E-11
 3.13E-11 3.00E-11 2.83E-11 2.50E-11 2.07E-11 1.82E-11 1.58E-11
 8.94E-14 6.67E-13 2.86E-12 8.38E-12 1.38E-11 2.17E-11 2.88E-11 3.10E-11
 3.13E-11 3.00E-11 2.83E-11 2.50E-11 2.07E-11 1.82E-11 1.58E-11
 8.94E-14 6.67E-13 2.86E-12 8.38E-12 1.38E-11 2.17E-11 2.88E-11 3.10E-11
 3.14E-11 3.01E-11 2.83E-11 2.50E-11 2.07E-11 1.82E-11 1.58E-11
 8.95E-14 6.68E-13 2.86E-12 8.38E-12 1.38E-11 2.17E-11 2.88E-11 3.10E-11
 3.14E-11 3.01E-11 2.83E-11 2.50E-11 2.07E-11 1.82E-11 1.58E-11
 8.96E-14 6.69E-13 2.87E-12 8.40E-12 1.38E-11 2.17E-11 2.89E-11 3.10E-11
 3.14E-11 3.01E-11 2.83E-11 2.51E-11 2.07E-11 1.82E-11 1.58E-11
 9.00E-14 6.71E-13 2.88E-12 8.42E-12 1.39E-11 2.18E-11 2.89E-11 3.11E-11
 3.15E-11 3.02E-11 2.84E-11 2.51E-11 2.08E-11 1.82E-11 1.58E-11
 9.09E-14 6.77E-13 2.90E-12 8.48E-12 1.40E-11 2.20E-11 2.91E-11 3.13E-11
 3.17E-11 3.04E-11 2.86E-11 2.53E-11 2.09E-11 1.84E-11 1.59E-11
 9.26E-14 6.88E-13 2.94E-12 8.59E-12 1.42E-11 2.22E-11 2.95E-11 3.17E-11
 3.21E-11 3.07E-11 2.89E-11 2.56E-11 2.12E-11 1.86E-11 1.61E-11
 9.58E-14 7.09E-13 3.02E-12 8.81E-12 1.45E-11 2.27E-11 3.01E-11 3.24E-11
 3.28E-11 3.14E-11 2.96E-11 2.61E-11 2.16E-11 1.90E-11 1.65E-11
 1.06E-13 7.74E-13 3.27E-12 9.47E-12 1.55E-11 2.42E-11 3.21E-11 3.44E-11
 3.48E-11 3.34E-11 3.14E-11 2.78E-11 2.30E-11 2.01E-11 1.74E-11
  3820.0 A  12  15 /FILMEM = WJD92#O /TYPE = EXCIT    /INDM = 1/ISEL =   11
 1.00E+11 2.00E+11 5.00E+11 1.00E+12 2.00E+12 5.00E+12 1.00E+13 2.00E+13
 5.00E+13 1.00E+14 2.00E+14 5.00E+14
 1.55E+01 2.17E+01 3.10E+01 4.65E+01 6.20E+01 9.31E+01 1.55E+02 2.17E+02
 3.10E+02 4.65E+02 6.20E+02 9.31E+02 1.55E+03 2.17E+03 3.10E+03
 9.03E-15 3.90E-14 1.16E-13 2.69E-13 4.11E-13 6.30E-13 8.82E-13 1.01E-12
 1.10E-12 1.18E-12 1.20E-12 1.18E-12 1.11E-12 1.05E-12 9.91E-13
 9.03E-15 3.90E-14 1.16E-13 2.69E-13 4.11E-13 6.30E-13 8.82E-13 1.01E-12
 1.10E-12 1.18E-12 1.20E-12 1.18E-12 1.11E-12 1.05E-12 9.91E-13
 9.03E-15 3.90E-14 1.16E-13 2.69E-13 4.11E-13 6.30E-13 8.82E-13 1.01E-12
 1.10E-12 1.18E-12 1.20E-12 1.18E-12 1.11E-12 1.05E-12 9.91E-13
 9.03E-15 3.90E-14 1.16E-13 2.69E-13 4.11E-13 6.30E-13 8.82E-13 1.01E-12
 1.10E-12 1.18E-12 1.20E-12 1.18E-12 1.11E-12 1.05E-12 9.91E-13
 9.04E-15 3.90E-14 1.16E-13 2.69E-13 4.11E-13 6.30E-13 8.82E-13 1.01E-12
 1.11E-12 1.18E-12 1.20E-12 1.18E-12 1.11E-12 1.05E-12 9.91E-13
 9.05E-15 3.90E-14 1.16E-13 2.69E-13 4.11E-13 6.30E-13 8.83E-13 1.01E-12
 1.11E-12 1.18E-12 1.20E-12 1.18E-12 1.11E-12 1.05E-12 9.91E-13
 9.07E-15 3.91E-14 1.16E-13 2.70E-13 4.12E-13 6.30E-13 8.83E-13 1.01E-12
 1.11E-12 1.18E-12 1.20E-12 1.18E-12 1.11E-12 1.05E-12 9.91E-13
 9.11E-15 3.92E-14 1.16E-13 2.70E-13 4.12E-13 6.31E-13 8.84E-13 1.01E-12
 1.11E-12 1.18E-12 1.20E-12 1.18E-12 1.11E-12 1.05E-12 9.91E-13
 9.24E-15 3.97E-14 1.17E-13 2.72E-13 4.14E-13 6.34E-13 8.86E-13 1.01E-12
 1.11E-12 1.18E-12 1.20E-12 1.18E-12 1.11E-12 1.05E-12 9.92E-13
 9.46E-15 4.04E-14 1.19E-13 2.75E-13 4.18E-13 6.38E-13 8.90E-13 1.02E-12
 1.11E-12 1.18E-12 1.20E-12 1.18E-12 1.11E-12 1.05E-12 9.93E-13
 9.88E-15 4.18E-14 1.22E-13 2.81E-13 4.25E-13 6.46E-13 8.98E-13 1.02E-12
 1.12E-12 1.19E-12 1.20E-12 1.18E-12 1.11E-12 1.05E-12 9.94E-13
 1.11E-14 4.61E-14 1.32E-13 2.98E-13 4.47E-13 6.70E-13 9.22E-13 1.04E-12
 1.14E-12 1.20E-12 1.22E-12 1.19E-12 1.12E-12 1.06E-12 9.99E-13
   447.8 A  12  15 /FILMEM = WJD92#O /TYPE = EXCIT    /INDM = 1/ISEL =   12
 1.00E+11 2.00E+11 5.00E+11 1.00E+12 2.00E+12 5.00E+12 1.00E+13 2.00E+13
 5.00E+13 1.00E+14 2.00E+14 5.00E+14
 1.55E+01 2.17E+01 3.10E+01 4.65E+01 6.20E+01 9.31E+01 1.55E+02 2.17E+02
 3.10E+02 4.65E+02 6.20E+02 9.31E+02 1.55E+03 2.17E+03 3.10E+03
 5.58E-14 3.59E-13 1.41E-12 4.03E-12 6.76E-12 1.13E-11 1.70E-11 2.02E-11
 2.27E-11 2.47E-11 2.55E-11 2.55E-11 2.44E-11 2.34E-11 2.23E-11
 5.58E-14 3.59E-13 1.41E-12 4.03E-12 6.76E-12 1.13E-11 1.70E-11 2.02E-11
 2.27E-11 2.47E-11 2.55E-11 2.55E-11 2.44E-11 2.34E-11 2.23E-11
 5.58E-14 3.59E-13 1.41E-12 4.03E-12 6.76E-12 1.13E-11 1.70E-11 2.02E-11
 2.27E-11 2.47E-11 2.55E-11 2.55E-11 2.44E-11 2.34E-11 2.23E-11
 5.58E-14 3.59E-13 1.41E-12 4.03E-12 6.76E-12 1.13E-11 1.70E-11 2.02E-11
 2.27E-11 2.47E-11 2.55E-11 2.55E-11 2.44E-11 2.34E-11 2.23E-11
 5.58E-14 3.59E-13 1.41E-12 4.03E-12 6.76E-12 1.13E-11 1.71E-11 2.02E-11
 2.27E-11 2.47E-11 2.55E-11 2.55E-11 2.44E-11 2.34E-11 2.23E-11
 5.59E-14 3.60E-13 1.41E-12 4.03E-12 6.76E-12 1.13E-11 1.71E-11 2.02E-11
 2.27E-11 2.47E-11 2.55E-11 2.55E-11 2.44E-11 2.34E-11 2.23E-11
 5.60E-14 3.60E-13 1.42E-12 4.03E-12 6.77E-12 1.13E-11 1.71E-11 2.02E-11
 2.27E-11 2.47E-11 2.55E-11 2.55E-11 2.44E-11 2.34E-11 2.23E-11
 5.62E-14 3.62E-13 1.42E-12 4.04E-12 6.78E-12 1.14E-11 1.71E-11 2.02E-11
 2.27E-11 2.47E-11 2.55E-11 2.55E-11 2.44E-11 2.34E-11 2.23E-11
 5.70E-14 3.66E-13 1.43E-12 4.07E-12 6.82E-12 1.14E-11 1.71E-11 2.02E-11
 2.28E-11 2.47E-11 2.55E-11 2.55E-11 2.44E-11 2.34E-11 2.23E-11
 5.82E-14 3.72E-13 1.45E-12 4.11E-12 6.88E-12 1.15E-11 1.72E-11 2.03E-11
 2.28E-11 2.48E-11 2.55E-11 2.55E-11 2.44E-11 2.34E-11 2.23E-11
 6.06E-14 3.85E-13 1.49E-12 4.20E-12 7.00E-12 1.16E-11 1.73E-11 2.04E-11
 2.29E-11 2.49E-11 2.56E-11 2.56E-11 2.45E-11 2.34E-11 2.23E-11
 6.76E-14 4.21E-13 1.61E-12 4.45E-12 7.34E-12 1.20E-11 1.78E-11 2.08E-11
 2.32E-11 2.51E-11 2.57E-11 2.57E-11 2.45E-11 2.35E-11 2.23E-11
   318.4 A  12  15 /FILMEM = WJD92#O /TYPE = EXCIT    /INDM = 1/ISEL =   13
 1.00E+11 2.00E+11 5.00E+11 1.00E+12 2.00E+12 5.00E+12 1.00E+13 2.00E+13
 5.00E+13 1.00E+14 2.00E+14 5.00E+14
 1.55E+01 2.17E+01 3.10E+01 4.65E+01 6.20E+01 9.31E+01 1.55E+02 2.17E+02
 3.10E+02 4.65E+02 6.20E+02 9.31E+02 1.55E+03 2.17E+03 3.10E+03
 1.12E-14 8.64E-14 3.88E-13 1.23E-12 2.18E-12 3.85E-12 6.05E-12 7.32E-12
 8.43E-12 9.35E-12 9.74E-12 9.90E-12 9.63E-12 9.30E-12 8.90E-12
 1.12E-14 8.64E-14 3.88E-13 1.23E-12 2.18E-12 3.85E-12 6.05E-12 7.32E-12
 8.43E-12 9.35E-12 9.74E-12 9.90E-12 9.62E-12 9.30E-12 8.90E-12
 1.12E-14 8.65E-14 3.88E-13 1.23E-12 2.18E-12 3.85E-12 6.05E-12 7.32E-12
 8.43E-12 9.35E-12 9.74E-12 9.90E-12 9.62E-12 9.30E-12 8.90E-12
 1.12E-14 8.65E-14 3.88E-13 1.23E-12 2.18E-12 3.85E-12 6.05E-12 7.32E-12
 8.43E-12 9.35E-12 9.74E-12 9.90E-12 9.62E-12 9.30E-12 8.90E-12
 1.12E-14 8.66E-14 3.89E-13 1.23E-12 2.18E-12 3.85E-12 6.05E-12 7.32E-12
 8.43E-12 9.35E-12 9.74E-12 9.90E-12 9.62E-12 9.30E-12 8.90E-12
 1.13E-14 8.67E-14 3.89E-13 1.23E-12 2.18E-12 3.85E-12 6.06E-12 7.33E-12
 8.43E-12 9.35E-12 9.74E-12 9.90E-12 9.62E-12 9.30E-12 8.90E-12
 1.13E-14 8.70E-14 3.90E-13 1.23E-12 2.18E-12 3.86E-12 6.06E-12 7.33E-12
 8.43E-12 9.35E-12 9.74E-12 9.90E-12 9.62E-12 9.30E-12 8.90E-12
 1.14E-14 8.77E-14 3.93E-13 1.24E-12 2.19E-12 3.87E-12 6.07E-12 7.34E-12
 8.43E-12 9.35E-12 9.74E-12 9.90E-12 9.62E-12 9.30E-12 8.89E-12
 1.17E-14 8.94E-14 3.99E-13 1.26E-12 2.22E-12 3.89E-12 6.09E-12 7.35E-12
 8.44E-12 9.35E-12 9.74E-12 9.89E-12 9.61E-12 9.29E-12 8.89E-12
 1.21E-14 9.22E-14 4.10E-13 1.28E-12 2.25E-12 3.94E-12 6.13E-12 7.38E-12
 8.46E-12 9.36E-12 9.74E-12 9.88E-12 9.60E-12 9.27E-12 8.87E-12
 1.29E-14 9.73E-14 4.29E-13 1.33E-12 2.32E-12 4.02E-12 6.21E-12 7.44E-12
 8.49E-12 9.36E-12 9.73E-12 9.86E-12 9.57E-12 9.25E-12 8.85E-12
 1.47E-14 1.10E-13 4.75E-13 1.44E-12 2.48E-12 4.23E-12 6.40E-12 7.58E-12
 8.58E-12 9.38E-12 9.72E-12 9.81E-12 9.50E-12 9.17E-12 8.78E-12
 11821.3 A  12  15 /FILMEM = WJD92#O /TYPE = EXCIT    /INDM = 1/ISEL =   14
 1.00E+11 2.00E+11 5.00E+11 1.00E+12 2.00E+12 5.00E+12 1.00E+13 2.00E+13
 5.00E+13 1.00E+14 2.00E+14 5.00E+14
 1.55E+01 2.17E+01 3.10E+01 4.65E+01 6.20E+01 9.31E+01 1.55E+02 2.17E+02
 3.10E+02 4.65E+02 6.20E+02 9.31E+02 1.55E+03 2.17E+03 3.10E+03
 2.27E-16 9.20E-16 2.53E-15 5.31E-15 7.50E-15 1.02E-14 1.23E-14 1.27E-14
 1.25E-14 1.18E-14 1.11E-14 9.80E-15 8.10E-15 7.11E-15 6.17E-15
 2.27E-16 9.20E-16 2.53E-15 5.31E-15 7.50E-15 1.02E-14 1.23E-14 1.27E-14
 1.25E-14 1.18E-14 1.11E-14 9.80E-15 8.10E-15 7.11E-15 6.17E-15
 2.27E-16 9.20E-16 2.53E-15 5.31E-15 7.50E-15 1.02E-14 1.23E-14 1.27E-14
 1.25E-14 1.18E-14 1.11E-14 9.80E-15 8.10E-15 7.11E-15 6.17E-15
 2.27E-16 9.20E-16 2.53E-15 5.31E-15 7.50E-15 1.02E-14 1.23E-14 1.27E-14
 1.25E-14 1.18E-14 1.11E-14 9.80E-15 8.10E-15 7.11E-15 6.17E-15
 2.27E-16 9.20E-16 2.53E-15 5.31E-15 7.51E-15 1.02E-14 1.23E-14 1.27E-14
 1.25E-14 1.18E-14 1.11E-14 9.80E-15 8.11E-15 7.11E-15 6.17E-15
 2.27E-16 9.21E-16 2.53E-15 5.32E-15 7.51E-15 1.02E-14 1.23E-14 1.27E-14
 1.25E-14 1.18E-14 1.11E-14 9.80E-15 8.11E-15 7.11E-15 6.17E-15
 2.28E-16 9.22E-16 2.53E-15 5.32E-15 7.52E-15 1.02E-14 1.23E-14 1.27E-14
 1.25E-14 1.19E-14 1.11E-14 9.81E-15 8.12E-15 7.12E-15 6.18E-15
 2.29E-16 9.25E-16 2.54E-15 5.34E-15 7.54E-15 1.03E-14 1.23E-14 1.27E-14
 1.26E-14 1.19E-14 1.11E-14 9.83E-15 8.13E-15 7.13E-15 6.19E-15
 2.31E-16 9.34E-16 2.56E-15 5.38E-15 7.59E-15 1.03E-14 1.24E-14 1.28E-14
 1.26E-14 1.19E-14 1.12E-14 9.87E-15 8.16E-15 7.16E-15 6.21E-15
 2.35E-16 9.48E-16 2.60E-15 5.44E-15 7.67E-15 1.04E-14 1.25E-14 1.29E-14
 1.27E-14 1.20E-14 1.13E-14 9.95E-15 8.22E-15 7.21E-15 6.25E-15
 2.43E-16 9.77E-16 2.67E-15 5.57E-15 7.84E-15 1.06E-14 1.27E-14 1.32E-14
 1.30E-14 1.22E-14 1.15E-14 1.01E-14 8.35E-15 7.31E-15 6.34E-15
 2.67E-16 1.06E-15 2.87E-15 5.96E-15 8.35E-15 1.13E-14 1.34E-14 1.38E-14
 1.36E-14 1.28E-14 1.20E-14 1.06E-14 8.71E-15 7.62E-15 6.59E-15
   507.2 A  12  15 /FILMEM = WJD92#O /TYPE = EXCIT    /INDM = 1/ISEL =   15
 1.00E+11 2.00E+11 5.00E+11 1.00E+12 2.00E+12 5.00E+12 1.00E+13 2.00E+13
 5.00E+13 1.00E+14 2.00E+14 5.00E+14
 1.55E+01 2.17E+01 3.10E+01 4.65E+01 6.20E+01 9.31E+01 1.55E+02 2.17E+02
 3.10E+02 4.65E+02 6.20E+02 9.31E+02 1.55E+03 2.17E+03 3.10E+03
 1.66E-13 1.02E-12 3.78E-12 9.90E-12 1.54E-11 2.29E-11 2.89E-11 3.03E-11
 3.00E-11 2.82E-11 2.63E-11 2.33E-11 1.93E-11 1.69E-11 1.46E-11
 1.66E-13 1.02E-12 3.78E-12 9.90E-12 1.54E-11 2.29E-11 2.89E-11 3.03E-11
 3.00E-11 2.82E-11 2.63E-11 2.33E-11 1.93E-11 1.69E-11 1.46E-11
 1.66E-13 1.02E-12 3.78E-12 9.90E-12 1.54E-11 2.29E-11 2.89E-11 3.03E-11
 3.00E-11 2.82E-11 2.63E-11 2.33E-11 1.93E-11 1.69E-11 1.46E-11
 1.66E-13 1.02E-12 3.78E-12 9.90E-12 1.54E-11 2.29E-11 2.89E-11 3.03E-11
 3.00E-11 2.82E-11 2.63E-11 2.33E-11 1.93E-11 1.69E-11 1.46E-11
 1.66E-13 1.02E-12 3.78E-12 9.90E-12 1.54E-11 2.29E-11 2.89E-11 3.03E-11
 3.00E-11 2.82E-11 2.63E-11 2.33E-11 1.93E-11 1.69E-11 1.46E-11
 1.66E-13 1.02E-12 3.78E-12 9.90E-12 1.54E-11 2.29E-11 2.89E-11 3.03E-11
 3.00E-11 2.82E-11 2.63E-11 2.33E-11 1.93E-11 1.69E-11 1.46E-11
 1.66E-13 1.02E-12 3.78E-12 9.89E-12 1.54E-11 2.29E-11 2.89E-11 3.03E-11
 3.00E-11 2.82E-11 2.63E-11 2.33E-11 1.93E-11 1.69E-11 1.46E-11
 1.66E-13 1.02E-12 3.77E-12 9.89E-12 1.54E-11 2.29E-11 2.89E-11 3.03E-11
 3.00E-11 2.82E-11 2.63E-11 2.33E-11 1.93E-11 1.69E-11 1.46E-11
 1.66E-13 1.02E-12 3.77E-12 9.87E-12 1.54E-11 2.28E-11 2.89E-11 3.03E-11
 3.00E-11 2.82E-11 2.63E-11 2.33E-11 1.93E-11 1.69E-11 1.46E-11
 1.65E-13 1.01E-12 3.75E-12 9.84E-12 1.54E-11 2.28E-11 2.88E-11 3.02E-11
 3.00E-11 2.82E-11 2.63E-11 2.33E-11 1.93E-11 1.69E-11 1.46E-11
 1.64E-13 1.00E-12 3.73E-12 9.79E-12 1.53E-11 2.27E-11 2.87E-11 3.02E-11
 2.99E-11 2.81E-11 2.63E-11 2.32E-11 1.93E-11 1.69E-11 1.46E-11
 1.60E-13 9.83E-13 3.66E-12 9.63E-12 1.51E-11 2.24E-11 2.84E-11 2.99E-11
 2.97E-11 2.80E-11 2.61E-11 2.32E-11 1.93E-11 1.69E-11 1.46E-11
   498.3 A  12  15 /FILMEM = WJD92#O /TYPE = EXCIT    /INDM = 1/ISEL =   16
 1.00E+11 2.00E+11 5.00E+11 1.00E+12 2.00E+12 5.00E+12 1.00E+13 2.00E+13
 5.00E+13 1.00E+14 2.00E+14 5.00E+14
 1.55E+01 2.17E+01 3.10E+01 4.65E+01 6.20E+01 9.31E+01 1.55E+02 2.17E+02
 3.10E+02 4.65E+02 6.20E+02 9.31E+02 1.55E+03 2.17E+03 3.10E+03
 1.62E-13 1.00E-12 3.75E-12 9.89E-12 1.55E-11 2.33E-11 3.00E-11 3.19E-11
 3.21E-11 3.07E-11 2.89E-11 2.56E-11 2.13E-11 1.87E-11 1.63E-11
 1.62E-13 1.00E-12 3.75E-12 9.89E-12 1.55E-11 2.33E-11 3.00E-11 3.19E-11
 3.21E-11 3.07E-11 2.89E-11 2.56E-11 2.13E-11 1.87E-11 1.63E-11
 1.62E-13 1.00E-12 3.75E-12 9.89E-12 1.55E-11 2.33E-11 3.00E-11 3.19E-11
 3.21E-11 3.07E-11 2.89E-11 2.56E-11 2.13E-11 1.87E-11 1.63E-11
 1.62E-13 1.00E-12 3.75E-12 9.89E-12 1.55E-11 2.33E-11 3.00E-11 3.19E-11
 3.21E-11 3.07E-11 2.89E-11 2.56E-11 2.13E-11 1.87E-11 1.63E-11
 1.62E-13 1.00E-12 3.75E-12 9.89E-12 1.55E-11 2.33E-11 3.01E-11 3.19E-11
 3.21E-11 3.07E-11 2.89E-11 2.56E-11 2.13E-11 1.87E-11 1.63E-11
 1.63E-13 1.00E-12 3.75E-12 9.90E-12 1.55E-11 2.34E-11 3.01E-11 3.19E-11
 3.21E-11 3.07E-11 2.89E-11 2.57E-11 2.13E-11 1.87E-11 1.63E-11
 1.63E-13 1.01E-12 3.76E-12 9.91E-12 1.56E-11 2.34E-11 3.01E-11 3.20E-11
 3.21E-11 3.07E-11 2.90E-11 2.57E-11 2.13E-11 1.87E-11 1.63E-11
 1.64E-13 1.01E-12 3.77E-12 9.94E-12 1.56E-11 2.34E-11 3.02E-11 3.20E-11
 3.22E-11 3.08E-11 2.90E-11 2.57E-11 2.13E-11 1.88E-11 1.63E-11
 1.65E-13 1.02E-12 3.80E-12 1.00E-11 1.57E-11 2.36E-11 3.03E-11 3.22E-11
 3.23E-11 3.09E-11 2.92E-11 2.58E-11 2.14E-11 1.88E-11 1.64E-11
 1.68E-13 1.03E-12 3.85E-12 1.01E-11 1.59E-11 2.38E-11 3.06E-11 3.25E-11
 3.26E-11 3.12E-11 2.94E-11 2.61E-11 2.16E-11 1.90E-11 1.65E-11
 1.74E-13 1.06E-12 3.95E-12 1.04E-11 1.62E-11 2.43E-11 3.12E-11 3.31E-11
 3.32E-11 3.17E-11 2.99E-11 2.65E-11 2.19E-11 1.93E-11 1.67E-11
 1.90E-13 1.16E-12 4.25E-12 1.11E-11 1.73E-11 2.57E-11 3.29E-11 3.48E-11
 3.49E-11 3.33E-11 3.13E-11 2.77E-11 2.29E-11 2.01E-11 1.75E-11
   354.0 A  12  15 /FILMEM = WJD92#O /TYPE = EXCIT    /INDM = 1/ISEL =   17
 1.00E+11 2.00E+11 5.00E+11 1.00E+12 2.00E+12 5.00E+12 1.00E+13 2.00E+13
 5.00E+13 1.00E+14 2.00E+14 5.00E+14
 1.55E+01 2.17E+01 3.10E+01 4.65E+01 6.20E+01 9.31E+01 1.55E+02 2.17E+02
 3.10E+02 4.65E+02 6.20E+02 9.31E+02 1.55E+03 2.17E+03 3.10E+03
 2.49E-14 1.84E-13 7.84E-13 2.29E-12 3.77E-12 5.88E-12 7.72E-12 8.21E-12
 8.18E-12 7.70E-12 7.17E-12 6.31E-12 5.20E-12 4.53E-12 3.89E-12
 2.49E-14 1.84E-13 7.84E-13 2.29E-12 3.77E-12 5.88E-12 7.72E-12 8.21E-12
 8.18E-12 7.70E-12 7.17E-12 6.31E-12 5.20E-12 4.53E-12 3.89E-12
 2.48E-14 1.84E-13 7.84E-13 2.29E-12 3.77E-12 5.88E-12 7.72E-12 8.21E-12
 8.18E-12 7.70E-12 7.17E-12 6.31E-12 5.20E-12 4.53E-12 3.89E-12
 2.48E-14 1.84E-13 7.84E-13 2.29E-12 3.77E-12 5.88E-12 7.72E-12 8.21E-12
 8.18E-12 7.69E-12 7.17E-12 6.31E-12 5.20E-12 4.53E-12 3.89E-12
 2.48E-14 1.84E-13 7.84E-13 2.29E-12 3.76E-12 5.88E-12 7.72E-12 8.21E-12
 8.18E-12 7.69E-12 7.17E-12 6.31E-12 5.20E-12 4.53E-12 3.89E-12
 2.48E-14 1.83E-13 7.83E-13 2.29E-12 3.76E-12 5.88E-12 7.72E-12 8.20E-12
 8.18E-12 7.69E-12 7.17E-12 6.31E-12 5.20E-12 4.53E-12 3.89E-12
 2.47E-14 1.83E-13 7.82E-13 2.28E-12 3.76E-12 5.87E-12 7.71E-12 8.20E-12
 8.17E-12 7.69E-12 7.16E-12 6.30E-12 5.20E-12 4.53E-12 3.89E-12
 2.46E-14 1.82E-13 7.79E-13 2.28E-12 3.75E-12 5.86E-12 7.70E-12 8.18E-12
 8.16E-12 7.68E-12 7.16E-12 6.30E-12 5.20E-12 4.53E-12 3.89E-12
 2.43E-14 1.80E-13 7.71E-13 2.25E-12 3.72E-12 5.82E-12 7.65E-12 8.15E-12
 8.13E-12 7.66E-12 7.14E-12 6.29E-12 5.20E-12 4.53E-12 3.89E-12
 2.39E-14 1.77E-13 7.58E-13 2.22E-12 3.67E-12 5.75E-12 7.58E-12 8.08E-12
 8.08E-12 7.62E-12 7.11E-12 6.27E-12 5.19E-12 4.52E-12 3.89E-12
 2.30E-14 1.71E-13 7.34E-13 2.16E-12 3.57E-12 5.62E-12 7.45E-12 7.96E-12
 7.98E-12 7.55E-12 7.06E-12 6.24E-12 5.17E-12 4.52E-12 3.89E-12
 2.09E-14 1.56E-13 6.77E-13 2.01E-12 3.34E-12 5.29E-12 7.09E-12 7.63E-12
 7.71E-12 7.35E-12 6.91E-12 6.14E-12 5.12E-12 4.49E-12 3.88E-12
   345.3 A  12  15 /FILMEM = WJD92#O /TYPE = EXCIT    /INDM = 1/ISEL =   18
 1.00E+11 2.00E+11 5.00E+11 1.00E+12 2.00E+12 5.00E+12 1.00E+13 2.00E+13
 5.00E+13 1.00E+14 2.00E+14 5.00E+14
 1.55E+01 2.17E+01 3.10E+01 4.65E+01 6.20E+01 9.31E+01 1.55E+02 2.17E+02
 3.10E+02 4.65E+02 6.20E+02 9.31E+02 1.55E+03 2.17E+03 3.10E+03
 2.90E-14 2.16E-13 9.28E-13 2.72E-12 4.48E-12 7.04E-12 9.35E-12 1.00E-11
 1.02E-11 9.75E-12 9.18E-12 8.12E-12 6.72E-12 5.89E-12 5.12E-12
 2.90E-14 2.16E-13 9.28E-13 2.72E-12 4.48E-12 7.04E-12 9.35E-12 1.00E-11
 1.02E-11 9.75E-12 9.18E-12 8.12E-12 6.72E-12 5.90E-12 5.12E-12
 2.90E-14 2.16E-13 9.28E-13 2.72E-12 4.48E-12 7.04E-12 9.35E-12 1.00E-11
 1.02E-11 9.75E-12 9.18E-12 8.12E-12 6.72E-12 5.90E-12 5.12E-12
 2.90E-14 2.16E-13 9.28E-13 2.72E-12 4.48E-12 7.04E-12 9.35E-12 1.01E-11
 1.02E-11 9.75E-12 9.18E-12 8.12E-12 6.72E-12 5.90E-12 5.12E-12
 2.90E-14 2.16E-13 9.28E-13 2.72E-12 4.48E-12 7.04E-12 9.35E-12 1.01E-11
 1.02E-11 9.75E-12 9.18E-12 8.12E-12 6.72E-12 5.90E-12 5.12E-12
 2.90E-14 2.17E-13 9.29E-13 2.72E-12 4.49E-12 7.05E-12 9.36E-12 1.01E-11
 1.02E-11 9.76E-12 9.19E-12 8.13E-12 6.72E-12 5.90E-12 5.12E-12
 2.91E-14 2.17E-13 9.30E-13 2.72E-12 4.49E-12 7.06E-12 9.37E-12 1.01E-11
 1.02E-11 9.77E-12 9.20E-12 8.13E-12 6.73E-12 5.91E-12 5.13E-12
 2.92E-14 2.18E-13 9.33E-13 2.73E-12 4.50E-12 7.07E-12 9.39E-12 1.01E-11
 1.02E-11 9.79E-12 9.22E-12 8.15E-12 6.75E-12 5.92E-12 5.14E-12
 2.95E-14 2.20E-13 9.41E-13 2.75E-12 4.54E-12 7.12E-12 9.46E-12 1.02E-11
 1.03E-11 9.86E-12 9.28E-12 8.21E-12 6.79E-12 5.96E-12 5.17E-12
 3.00E-14 2.23E-13 9.54E-13 2.79E-12 4.59E-12 7.21E-12 9.56E-12 1.03E-11
 1.04E-11 9.97E-12 9.38E-12 8.30E-12 6.87E-12 6.03E-12 5.23E-12
 3.11E-14 2.30E-13 9.81E-13 2.86E-12 4.70E-12 7.37E-12 9.78E-12 1.05E-11
 1.06E-11 1.02E-11 9.59E-12 8.48E-12 7.02E-12 6.16E-12 5.34E-12
 3.42E-14 2.51E-13 1.06E-12 3.07E-12 5.04E-12 7.86E-12 1.04E-11 1.12E-11
 1.13E-11 1.08E-11 1.02E-11 9.02E-12 7.46E-12 6.53E-12 5.66E-12
   529.9 A  12  15 /FILMEM = WJD92#O /TYPE = EXCIT    /INDM = 1/ISEL =   19
 1.00E+11 2.00E+11 5.00E+11 1.00E+12 2.00E+12 5.00E+12 1.00E+13 2.00E+13
 5.00E+13 1.00E+14 2.00E+14 5.00E+14
 1.55E+01 2.17E+01 3.10E+01 4.65E+01 6.20E+01 9.31E+01 1.55E+02 2.17E+02
 3.10E+02 4.65E+02 6.20E+02 9.31E+02 1.55E+03 2.17E+03 3.10E+03
 1.08E-14 6.96E-14 2.74E-13 7.81E-13 1.31E-12 2.20E-12 3.31E-12 3.91E-12
 4.40E-12 4.79E-12 4.94E-12 4.94E-12 4.73E-12 4.54E-12 4.32E-12
 1.08E-14 6.96E-14 2.74E-13 7.81E-13 1.31E-12 2.20E-12 3.31E-12 3.91E-12
 4.40E-12 4.79E-12 4.94E-12 4.94E-12 4.73E-12 4.54E-12 4.32E-12
 1.08E-14 6.96E-14 2.74E-13 7.81E-13 1.31E-12 2.20E-12 3.31E-12 3.91E-12
 4.40E-12 4.79E-12 4.94E-12 4.94E-12 4.73E-12 4.54E-12 4.32E-12
 1.08E-14 6.96E-14 2.74E-13 7.81E-13 1.31E-12 2.20E-12 3.31E-12 3.91E-12
 4.41E-12 4.79E-12 4.94E-12 4.94E-12 4.73E-12 4.54E-12 4.32E-12
 1.08E-14 6.97E-14 2.74E-13 7.81E-13 1.31E-12 2.20E-12 3.31E-12 3.91E-12
 4.41E-12 4.79E-12 4.94E-12 4.94E-12 4.73E-12 4.54E-12 4.32E-12
 1.08E-14 6.97E-14 2.74E-13 7.81E-13 1.31E-12 2.20E-12 3.31E-12 3.91E-12
 4.41E-12 4.79E-12 4.94E-12 4.94E-12 4.73E-12 4.54E-12 4.32E-12
 1.09E-14 6.99E-14 2.75E-13 7.82E-13 1.31E-12 2.20E-12 3.31E-12 3.91E-12
 4.41E-12 4.79E-12 4.94E-12 4.94E-12 4.73E-12 4.54E-12 4.32E-12
 1.09E-14 7.01E-14 2.75E-13 7.84E-13 1.32E-12 2.20E-12 3.31E-12 3.91E-12
 4.41E-12 4.79E-12 4.94E-12 4.94E-12 4.73E-12 4.54E-12 4.32E-12
 1.11E-14 7.09E-14 2.78E-13 7.89E-13 1.32E-12 2.21E-12 3.32E-12 3.92E-12
 4.41E-12 4.80E-12 4.94E-12 4.94E-12 4.73E-12 4.54E-12 4.32E-12
 1.13E-14 7.21E-14 2.82E-13 7.98E-13 1.33E-12 2.22E-12 3.33E-12 3.93E-12
 4.42E-12 4.81E-12 4.95E-12 4.95E-12 4.74E-12 4.54E-12 4.32E-12
 1.18E-14 7.46E-14 2.89E-13 8.14E-13 1.36E-12 2.25E-12 3.36E-12 3.96E-12
 4.44E-12 4.82E-12 4.96E-12 4.96E-12 4.74E-12 4.55E-12 4.32E-12
 1.31E-14 8.17E-14 3.12E-13 8.64E-13 1.42E-12 2.34E-12 3.44E-12 4.03E-12
 4.50E-12 4.86E-12 4.99E-12 4.98E-12 4.76E-12 4.56E-12 4.33E-12
   519.7 A  12  15 /FILMEM = WJD92#O /TYPE = EXCIT    /INDM = 1/ISEL =   20
 1.00E+11 2.00E+11 5.00E+11 1.00E+12 2.00E+12 5.00E+12 1.00E+13 2.00E+13
 5.00E+13 1.00E+14 2.00E+14 5.00E+14
 1.55E+01 2.17E+01 3.10E+01 4.65E+01 6.20E+01 9.31E+01 1.55E+02 2.17E+02
 3.10E+02 4.65E+02 6.20E+02 9.31E+02 1.55E+03 2.17E+03 3.10E+03
 2.30E-13 1.39E-12 5.04E-12 1.29E-11 1.98E-11 2.88E-11 3.54E-11 3.65E-11
 3.56E-11 3.31E-11 3.06E-11 2.65E-11 2.16E-11 1.87E-11 1.61E-11
 2.30E-13 1.39E-12 5.04E-12 1.29E-11 1.98E-11 2.88E-11 3.54E-11 3.65E-11
 3.56E-11 3.31E-11 3.06E-11 2.65E-11 2.16E-11 1.87E-11 1.61E-11
 2.30E-13 1.39E-12 5.05E-12 1.29E-11 1.98E-11 2.88E-11 3.54E-11 3.65E-11
 3.56E-11 3.31E-11 3.06E-11 2.65E-11 2.16E-11 1.87E-11 1.61E-11
 2.30E-13 1.39E-12 5.05E-12 1.29E-11 1.98E-11 2.88E-11 3.54E-11 3.65E-11
 3.56E-11 3.31E-11 3.06E-11 2.65E-11 2.16E-11 1.87E-11 1.61E-11
 2.31E-13 1.39E-12 5.05E-12 1.29E-11 1.98E-11 2.88E-11 3.54E-11 3.65E-11
 3.56E-11 3.31E-11 3.06E-11 2.65E-11 2.16E-11 1.87E-11 1.61E-11
 2.31E-13 1.39E-12 5.05E-12 1.29E-11 1.99E-11 2.88E-11 3.54E-11 3.65E-11
 3.56E-11 3.31E-11 3.06E-11 2.65E-11 2.16E-11 1.87E-11 1.61E-11
 2.31E-13 1.39E-12 5.05E-12 1.29E-11 1.99E-11 2.88E-11 3.55E-11 3.66E-11
 3.57E-11 3.31E-11 3.06E-11 2.66E-11 2.16E-11 1.87E-11 1.61E-11
 2.31E-13 1.39E-12 5.06E-12 1.30E-11 1.99E-11 2.89E-11 3.55E-11 3.66E-11
 3.57E-11 3.31E-11 3.06E-11 2.66E-11 2.16E-11 1.87E-11 1.61E-11
 2.33E-13 1.40E-12 5.09E-12 1.30E-11 2.00E-11 2.90E-11 3.56E-11 3.67E-11
 3.58E-11 3.32E-11 3.07E-11 2.66E-11 2.16E-11 1.88E-11 1.61E-11
 2.36E-13 1.42E-12 5.14E-12 1.31E-11 2.01E-11 2.92E-11 3.59E-11 3.69E-11
 3.60E-11 3.34E-11 3.09E-11 2.68E-11 2.17E-11 1.88E-11 1.62E-11
 2.41E-13 1.44E-12 5.23E-12 1.33E-11 2.04E-11 2.96E-11 3.63E-11 3.74E-11
 3.64E-11 3.37E-11 3.11E-11 2.70E-11 2.19E-11 1.90E-11 1.63E-11
 2.57E-13 1.53E-12 5.51E-12 1.40E-11 2.14E-11 3.08E-11 3.76E-11 3.87E-11
 3.76E-11 3.47E-11 3.20E-11 2.77E-11 2.24E-11 1.93E-11 1.66E-11
   357.9 A  12  15 /FILMEM = WJD92#O /TYPE = EXCIT    /INDM = 1/ISEL =   21
 1.00E+11 2.00E+11 5.00E+11 1.00E+12 2.00E+12 5.00E+12 1.00E+13 2.00E+13
 5.00E+13 1.00E+14 2.00E+14 5.00E+14
 1.55E+01 2.17E+01 3.10E+01 4.65E+01 6.20E+01 9.31E+01 1.55E+02 2.17E+02
 3.10E+02 4.65E+02 6.20E+02 9.31E+02 1.55E+03 2.17E+03 3.10E+03
 1.50E-15 1.15E-14 5.17E-14 1.64E-13 2.90E-13 5.12E-13 8.06E-13 9.75E-13
 1.12E-12 1.24E-12 1.30E-12 1.32E-12 1.28E-12 1.24E-12 1.19E-12
 1.50E-15 1.15E-14 5.17E-14 1.64E-13 2.90E-13 5.12E-13 8.06E-13 9.75E-13
 1.12E-12 1.24E-12 1.30E-12 1.32E-12 1.28E-12 1.24E-12 1.19E-12
 1.50E-15 1.15E-14 5.17E-14 1.64E-13 2.90E-13 5.12E-13 8.06E-13 9.75E-13
 1.12E-12 1.24E-12 1.30E-12 1.32E-12 1.28E-12 1.24E-12 1.19E-12
 1.50E-15 1.15E-14 5.17E-14 1.64E-13 2.90E-13 5.13E-13 8.06E-13 9.75E-13
 1.12E-12 1.24E-12 1.30E-12 1.32E-12 1.28E-12 1.24E-12 1.19E-12
 1.50E-15 1.15E-14 5.17E-14 1.64E-13 2.90E-13 5.13E-13 8.06E-13 9.75E-13
 1.12E-12 1.24E-12 1.30E-12 1.32E-12 1.28E-12 1.24E-12 1.19E-12
 1.50E-15 1.16E-14 5.18E-14 1.64E-13 2.90E-13 5.13E-13 8.06E-13 9.76E-13
 1.12E-12 1.24E-12 1.30E-12 1.32E-12 1.28E-12 1.24E-12 1.18E-12
 1.51E-15 1.16E-14 5.20E-14 1.64E-13 2.91E-13 5.14E-13 8.07E-13 9.76E-13
 1.12E-12 1.24E-12 1.30E-12 1.32E-12 1.28E-12 1.24E-12 1.18E-12
 1.52E-15 1.17E-14 5.23E-14 1.65E-13 2.92E-13 5.15E-13 8.08E-13 9.77E-13
 1.12E-12 1.25E-12 1.30E-12 1.32E-12 1.28E-12 1.24E-12 1.18E-12
 1.56E-15 1.19E-14 5.32E-14 1.67E-13 2.95E-13 5.19E-13 8.11E-13 9.79E-13
 1.12E-12 1.25E-12 1.30E-12 1.32E-12 1.28E-12 1.24E-12 1.18E-12
 1.61E-15 1.23E-14 5.45E-14 1.71E-13 3.00E-13 5.24E-13 8.17E-13 9.83E-13
 1.13E-12 1.25E-12 1.30E-12 1.32E-12 1.28E-12 1.23E-12 1.18E-12
 1.72E-15 1.30E-14 5.71E-14 1.77E-13 3.09E-13 5.35E-13 8.26E-13 9.91E-13
 1.13E-12 1.25E-12 1.30E-12 1.31E-12 1.27E-12 1.23E-12 1.18E-12
 1.96E-15 1.46E-14 6.33E-14 1.92E-13 3.31E-13 5.63E-13 8.52E-13 1.01E-12
 1.14E-12 1.25E-12 1.29E-12 1.31E-12 1.27E-12 1.22E-12 1.17E-12
   355.2 A  12  15 /FILMEM = WJD92#O /TYPE = EXCIT    /INDM = 1/ISEL =   22
 1.00E+11 2.00E+11 5.00E+11 1.00E+12 2.00E+12 5.00E+12 1.00E+13 2.00E+13
 5.00E+13 1.00E+14 2.00E+14 5.00E+14
 1.55E+01 2.17E+01 3.10E+01 4.65E+01 6.20E+01 9.31E+01 1.55E+02 2.17E+02
 3.10E+02 4.65E+02 6.20E+02 9.31E+02 1.55E+03 2.17E+03 3.10E+03
 4.23E-14 3.11E-13 1.31E-12 3.72E-12 6.00E-12 9.16E-12 1.18E-11 1.23E-11
 1.22E-11 1.14E-11 1.05E-11 9.14E-12 7.46E-12 6.48E-12 5.57E-12
 4.23E-14 3.11E-13 1.31E-12 3.72E-12 6.00E-12 9.16E-12 1.18E-11 1.23E-11
 1.22E-11 1.14E-11 1.05E-11 9.14E-12 7.46E-12 6.48E-12 5.57E-12
 4.23E-14 3.11E-13 1.31E-12 3.72E-12 6.00E-12 9.16E-12 1.18E-11 1.23E-11
 1.22E-11 1.14E-11 1.05E-11 9.14E-12 7.46E-12 6.48E-12 5.57E-12
 4.23E-14 3.11E-13 1.31E-12 3.72E-12 6.00E-12 9.16E-12 1.18E-11 1.23E-11
 1.22E-11 1.14E-11 1.05E-11 9.15E-12 7.46E-12 6.48E-12 5.57E-12
 4.23E-14 3.11E-13 1.31E-12 3.72E-12 6.00E-12 9.17E-12 1.18E-11 1.23E-11
 1.22E-11 1.14E-11 1.05E-11 9.15E-12 7.46E-12 6.48E-12 5.57E-12
 4.24E-14 3.11E-13 1.31E-12 3.72E-12 6.01E-12 9.17E-12 1.18E-11 1.24E-11
 1.22E-11 1.14E-11 1.05E-11 9.15E-12 7.46E-12 6.48E-12 5.57E-12
 4.24E-14 3.11E-13 1.31E-12 3.72E-12 6.01E-12 9.18E-12 1.18E-11 1.24E-11
 1.22E-11 1.14E-11 1.05E-11 9.15E-12 7.46E-12 6.49E-12 5.57E-12
 4.25E-14 3.12E-13 1.31E-12 3.73E-12 6.02E-12 9.19E-12 1.18E-11 1.24E-11
 1.22E-11 1.14E-11 1.05E-11 9.16E-12 7.47E-12 6.49E-12 5.57E-12
 4.29E-14 3.14E-13 1.32E-12 3.76E-12 6.06E-12 9.24E-12 1.19E-11 1.24E-11
 1.23E-11 1.14E-11 1.06E-11 9.19E-12 7.49E-12 6.51E-12 5.59E-12
 4.35E-14 3.18E-13 1.34E-12 3.79E-12 6.12E-12 9.33E-12 1.19E-11 1.25E-11
 1.24E-11 1.15E-11 1.06E-11 9.25E-12 7.53E-12 6.54E-12 5.61E-12
 4.46E-14 3.26E-13 1.37E-12 3.87E-12 6.24E-12 9.49E-12 1.21E-11 1.27E-11
 1.25E-11 1.17E-11 1.08E-11 9.35E-12 7.60E-12 6.59E-12 5.65E-12
 4.85E-14 3.51E-13 1.46E-12 4.12E-12 6.61E-12 1.00E-11 1.28E-11 1.33E-11
 1.31E-11 1.21E-11 1.12E-11 9.68E-12 7.83E-12 6.78E-12 5.80E-12
******** A  12  15 /FILMEM = WJD92#O /TYPE = EXCIT    /INDM = 1/ISEL =   23
 1.00E+11 2.00E+11 5.00E+11 1.00E+12 2.00E+12 5.00E+12 1.00E+13 2.00E+13
 5.00E+13 1.00E+14 2.00E+14 5.00E+14
 1.55E+01 2.17E+01 3.10E+01 4.65E+01 6.20E+01 9.31E+01 1.55E+02 2.17E+02
 3.10E+02 4.65E+02 6.20E+02 9.31E+02 1.55E+03 2.17E+03 3.10E+03
 2.04E-16 1.31E-15 5.16E-15 1.47E-14 2.47E-14 4.14E-14 6.23E-14 7.37E-14
 8.30E-14 9.03E-14 9.30E-14 9.31E-14 8.92E-14 8.56E-14 8.14E-14
 2.04E-16 1.31E-15 5.16E-15 1.47E-14 2.47E-14 4.14E-14 6.23E-14 7.37E-14
 8.30E-14 9.03E-14 9.30E-14 9.31E-14 8.92E-14 8.56E-14 8.14E-14
 2.04E-16 1.31E-15 5.16E-15 1.47E-14 2.47E-14 4.14E-14 6.23E-14 7.37E-14
 8.30E-14 9.03E-14 9.30E-14 9.31E-14 8.92E-14 8.56E-14 8.14E-14
 2.04E-16 1.31E-15 5.16E-15 1.47E-14 2.47E-14 4.14E-14 6.23E-14 7.37E-14
 8.30E-14 9.03E-14 9.30E-14 9.31E-14 8.92E-14 8.56E-14 8.14E-14
 2.04E-16 1.31E-15 5.16E-15 1.47E-14 2.47E-14 4.14E-14 6.23E-14 7.37E-14
 8.30E-14 9.03E-14 9.30E-14 9.31E-14 8.92E-14 8.56E-14 8.14E-14
 2.04E-16 1.31E-15 5.17E-15 1.47E-14 2.47E-14 4.14E-14 6.23E-14 7.37E-14
 8.30E-14 9.03E-14 9.30E-14 9.31E-14 8.92E-14 8.56E-14 8.14E-14
 2.05E-16 1.32E-15 5.18E-15 1.47E-14 2.47E-14 4.14E-14 6.23E-14 7.37E-14
 8.30E-14 9.03E-14 9.30E-14 9.31E-14 8.92E-14 8.56E-14 8.14E-14
 2.06E-16 1.32E-15 5.19E-15 1.48E-14 2.48E-14 4.15E-14 6.24E-14 7.38E-14
 8.31E-14 9.03E-14 9.30E-14 9.31E-14 8.92E-14 8.56E-14 8.14E-14
 2.08E-16 1.34E-15 5.23E-15 1.49E-14 2.49E-14 4.17E-14 6.26E-14 7.39E-14
 8.32E-14 9.04E-14 9.31E-14 9.32E-14 8.92E-14 8.56E-14 8.14E-14
 2.13E-16 1.36E-15 5.31E-15 1.50E-14 2.51E-14 4.19E-14 6.28E-14 7.41E-14
 8.34E-14 9.06E-14 9.32E-14 9.32E-14 8.93E-14 8.56E-14 8.14E-14
 2.22E-16 1.41E-15 5.45E-15 1.53E-14 2.56E-14 4.25E-14 6.33E-14 7.46E-14
 8.37E-14 9.08E-14 9.34E-14 9.34E-14 8.93E-14 8.57E-14 8.14E-14
 2.47E-16 1.54E-15 5.88E-15 1.63E-14 2.68E-14 4.40E-14 6.49E-14 7.59E-14
 8.48E-14 9.17E-14 9.41E-14 9.38E-14 8.96E-14 8.58E-14 8.15E-14
  1102.5 A  12  15 /FILMEM = WJD92#O /TYPE = EXCIT    /INDM = 1/ISEL =   24
 1.00E+11 2.00E+11 5.00E+11 1.00E+12 2.00E+12 5.00E+12 1.00E+13 2.00E+13
 5.00E+13 1.00E+14 2.00E+14 5.00E+14
 1.55E+01 2.17E+01 3.10E+01 4.65E+01 6.20E+01 9.31E+01 1.55E+02 2.17E+02
 3.10E+02 4.65E+02 6.20E+02 9.31E+02 1.55E+03 2.17E+03 3.10E+03
 4.07E-15 3.14E-14 1.41E-13 4.46E-13 7.90E-13 1.40E-12 2.20E-12 2.66E-12
 3.06E-12 3.39E-12 3.53E-12 3.59E-12 3.49E-12 3.37E-12 3.23E-12
 4.07E-15 3.14E-14 1.41E-13 4.46E-13 7.90E-13 1.40E-12 2.20E-12 2.66E-12
 3.06E-12 3.39E-12 3.53E-12 3.59E-12 3.49E-12 3.37E-12 3.23E-12
 4.08E-15 3.14E-14 1.41E-13 4.46E-13 7.90E-13 1.40E-12 2.20E-12 2.66E-12
 3.06E-12 3.39E-12 3.53E-12 3.59E-12 3.49E-12 3.37E-12 3.23E-12
 4.08E-15 3.14E-14 1.41E-13 4.46E-13 7.90E-13 1.40E-12 2.20E-12 2.66E-12
 3.06E-12 3.39E-12 3.53E-12 3.59E-12 3.49E-12 3.37E-12 3.23E-12
 4.08E-15 3.14E-14 1.41E-13 4.46E-13 7.90E-13 1.40E-12 2.20E-12 2.66E-12
 3.06E-12 3.39E-12 3.53E-12 3.59E-12 3.49E-12 3.37E-12 3.23E-12
 4.09E-15 3.15E-14 1.41E-13 4.47E-13 7.91E-13 1.40E-12 2.20E-12 2.66E-12
 3.06E-12 3.39E-12 3.53E-12 3.59E-12 3.49E-12 3.37E-12 3.23E-12
 4.11E-15 3.16E-14 1.42E-13 4.48E-13 7.93E-13 1.40E-12 2.20E-12 2.66E-12
 3.06E-12 3.39E-12 3.53E-12 3.59E-12 3.49E-12 3.37E-12 3.23E-12
 4.14E-15 3.18E-14 1.42E-13 4.50E-13 7.95E-13 1.40E-12 2.20E-12 2.66E-12
 3.06E-12 3.39E-12 3.53E-12 3.59E-12 3.49E-12 3.37E-12 3.23E-12
 4.24E-15 3.24E-14 1.45E-13 4.56E-13 8.04E-13 1.41E-12 2.21E-12 2.67E-12
 3.06E-12 3.39E-12 3.53E-12 3.59E-12 3.49E-12 3.37E-12 3.22E-12
 4.40E-15 3.35E-14 1.49E-13 4.65E-13 8.17E-13 1.43E-12 2.22E-12 2.68E-12
 3.07E-12 3.39E-12 3.53E-12 3.58E-12 3.48E-12 3.36E-12 3.22E-12
 4.68E-15 3.53E-14 1.55E-13 4.82E-13 8.41E-13 1.46E-12 2.25E-12 2.70E-12
 3.08E-12 3.40E-12 3.53E-12 3.58E-12 3.47E-12 3.35E-12 3.21E-12
 5.34E-15 3.98E-14 1.72E-13 5.24E-13 9.01E-13 1.53E-12 2.32E-12 2.75E-12
 3.11E-12 3.40E-12 3.52E-12 3.56E-12 3.45E-12 3.33E-12 3.18E-12
  1172.1 A  12  15 /FILMEM = WJD92#O /TYPE = EXCIT    /INDM = 1/ISEL =   25
 1.00E+11 2.00E+11 5.00E+11 1.00E+12 2.00E+12 5.00E+12 1.00E+13 2.00E+13
 5.00E+13 1.00E+14 2.00E+14 5.00E+14
 1.55E+01 2.17E+01 3.10E+01 4.65E+01 6.20E+01 9.31E+01 1.55E+02 2.17E+02
 3.10E+02 4.65E+02 6.20E+02 9.31E+02 1.55E+03 2.17E+03 3.10E+03
 1.71E-14 1.26E-13 5.40E-13 1.58E-12 2.59E-12 4.05E-12 5.32E-12 5.65E-12
 5.63E-12 5.30E-12 4.93E-12 4.34E-12 3.58E-12 3.12E-12 2.68E-12
 1.71E-14 1.26E-13 5.40E-13 1.58E-12 2.59E-12 4.05E-12 5.32E-12 5.65E-12
 5.63E-12 5.29E-12 4.93E-12 4.34E-12 3.58E-12 3.12E-12 2.68E-12
 1.71E-14 1.26E-13 5.40E-13 1.57E-12 2.59E-12 4.05E-12 5.31E-12 5.65E-12
 5.63E-12 5.29E-12 4.93E-12 4.34E-12 3.58E-12 3.12E-12 2.68E-12
 1.71E-14 1.26E-13 5.39E-13 1.57E-12 2.59E-12 4.05E-12 5.31E-12 5.65E-12
 5.63E-12 5.29E-12 4.93E-12 4.34E-12 3.58E-12 3.12E-12 2.68E-12
 1.71E-14 1.26E-13 5.39E-13 1.57E-12 2.59E-12 4.05E-12 5.31E-12 5.65E-12
 5.63E-12 5.29E-12 4.93E-12 4.34E-12 3.58E-12 3.12E-12 2.68E-12
 1.71E-14 1.26E-13 5.39E-13 1.57E-12 2.59E-12 4.04E-12 5.31E-12 5.65E-12
 5.63E-12 5.29E-12 4.93E-12 4.34E-12 3.58E-12 3.12E-12 2.68E-12
 1.70E-14 1.26E-13 5.38E-13 1.57E-12 2.58E-12 4.04E-12 5.31E-12 5.64E-12
 5.62E-12 5.29E-12 4.93E-12 4.34E-12 3.58E-12 3.12E-12 2.68E-12
 1.70E-14 1.25E-13 5.36E-13 1.57E-12 2.58E-12 4.03E-12 5.30E-12 5.63E-12
 5.62E-12 5.28E-12 4.93E-12 4.34E-12 3.58E-12 3.12E-12 2.68E-12
 1.67E-14 1.24E-13 5.30E-13 1.55E-12 2.56E-12 4.00E-12 5.26E-12 5.60E-12
 5.59E-12 5.27E-12 4.91E-12 4.33E-12 3.58E-12 3.12E-12 2.68E-12
 1.64E-14 1.22E-13 5.22E-13 1.53E-12 2.52E-12 3.96E-12 5.22E-12 5.56E-12
 5.56E-12 5.24E-12 4.89E-12 4.32E-12 3.57E-12 3.11E-12 2.68E-12
 1.58E-14 1.18E-13 5.05E-13 1.49E-12 2.46E-12 3.87E-12 5.12E-12 5.48E-12
 5.49E-12 5.19E-12 4.86E-12 4.29E-12 3.56E-12 3.11E-12 2.67E-12
 1.44E-14 1.08E-13 4.65E-13 1.38E-12 2.30E-12 3.64E-12 4.88E-12 5.25E-12
 5.30E-12 5.06E-12 4.75E-12 4.23E-12 3.53E-12 3.09E-12 2.67E-12
  1081.3 A  12  15 /FILMEM = WJD92#O /TYPE = EXCIT    /INDM = 1/ISEL =   26
 1.00E+11 2.00E+11 5.00E+11 1.00E+12 2.00E+12 5.00E+12 1.00E+13 2.00E+13
 5.00E+13 1.00E+14 2.00E+14 5.00E+14
 1.55E+01 2.17E+01 3.10E+01 4.65E+01 6.20E+01 9.31E+01 1.55E+02 2.17E+02
 3.10E+02 4.65E+02 6.20E+02 9.31E+02 1.55E+03 2.17E+03 3.10E+03
 1.18E-14 8.77E-14 3.76E-13 1.10E-12 1.82E-12 2.86E-12 3.79E-12 4.08E-12
 4.13E-12 3.95E-12 3.72E-12 3.29E-12 2.73E-12 2.39E-12 2.08E-12
 1.18E-14 8.78E-14 3.76E-13 1.10E-12 1.82E-12 2.86E-12 3.79E-12 4.08E-12
 4.13E-12 3.96E-12 3.72E-12 3.29E-12 2.73E-12 2.39E-12 2.08E-12
 1.18E-14 8.78E-14 3.77E-13 1.10E-12 1.82E-12 2.86E-12 3.79E-12 4.08E-12
 4.13E-12 3.96E-12 3.72E-12 3.29E-12 2.73E-12 2.39E-12 2.08E-12
 1.18E-14 8.78E-14 3.77E-13 1.10E-12 1.82E-12 2.86E-12 3.79E-12 4.08E-12
 4.13E-12 3.96E-12 3.72E-12 3.29E-12 2.73E-12 2.39E-12 2.08E-12
 1.18E-14 8.78E-14 3.77E-13 1.10E-12 1.82E-12 2.86E-12 3.79E-12 4.08E-12
 4.13E-12 3.96E-12 3.72E-12 3.29E-12 2.73E-12 2.39E-12 2.08E-12
 1.18E-14 8.79E-14 3.77E-13 1.10E-12 1.82E-12 2.86E-12 3.80E-12 4.08E-12
 4.13E-12 3.96E-12 3.73E-12 3.30E-12 2.73E-12 2.39E-12 2.08E-12
 1.18E-14 8.80E-14 3.78E-13 1.11E-12 1.82E-12 2.86E-12 3.80E-12 4.09E-12
 4.14E-12 3.96E-12 3.73E-12 3.30E-12 2.73E-12 2.40E-12 2.08E-12
 1.18E-14 8.83E-14 3.79E-13 1.11E-12 1.83E-12 2.87E-12 3.81E-12 4.10E-12
 4.14E-12 3.97E-12 3.74E-12 3.31E-12 2.74E-12 2.40E-12 2.09E-12
 1.20E-14 8.92E-14 3.82E-13 1.12E-12 1.84E-12 2.89E-12 3.84E-12 4.12E-12
 4.17E-12 4.00E-12 3.77E-12 3.33E-12 2.76E-12 2.42E-12 2.10E-12
 1.22E-14 9.06E-14 3.87E-13 1.13E-12 1.86E-12 2.92E-12 3.88E-12 4.17E-12
 4.22E-12 4.04E-12 3.81E-12 3.37E-12 2.79E-12 2.45E-12 2.12E-12
 1.26E-14 9.34E-14 3.98E-13 1.16E-12 1.91E-12 2.99E-12 3.97E-12 4.26E-12
 4.31E-12 4.13E-12 3.89E-12 3.44E-12 2.85E-12 2.50E-12 2.17E-12
 1.39E-14 1.02E-13 4.31E-13 1.25E-12 2.04E-12 3.19E-12 4.22E-12 4.53E-12
 4.58E-12 4.39E-12 4.13E-12 3.66E-12 3.03E-12 2.65E-12 2.30E-12
  1147.0 A  12  15 /FILMEM = WJD92#O /TYPE = EXCIT    /INDM = 1/ISEL =   27
 1.00E+11 2.00E+11 5.00E+11 1.00E+12 2.00E+12 5.00E+12 1.00E+13 2.00E+13
 5.00E+13 1.00E+14 2.00E+14 5.00E+14
 1.55E+01 2.17E+01 3.10E+01 4.65E+01 6.20E+01 9.31E+01 1.55E+02 2.17E+02
 3.10E+02 4.65E+02 6.20E+02 9.31E+02 1.55E+03 2.17E+03 3.10E+03
 1.82E-15 1.40E-14 6.28E-14 1.99E-13 3.52E-13 6.22E-13 9.79E-13 1.18E-12
 1.36E-12 1.51E-12 1.58E-12 1.60E-12 1.56E-12 1.50E-12 1.44E-12
 1.82E-15 1.40E-14 6.28E-14 1.99E-13 3.52E-13 6.22E-13 9.79E-13 1.18E-12
 1.36E-12 1.51E-12 1.58E-12 1.60E-12 1.56E-12 1.50E-12 1.44E-12
 1.82E-15 1.40E-14 6.28E-14 1.99E-13 3.52E-13 6.22E-13 9.79E-13 1.18E-12
 1.36E-12 1.51E-12 1.58E-12 1.60E-12 1.56E-12 1.50E-12 1.44E-12
 1.82E-15 1.40E-14 6.28E-14 1.99E-13 3.52E-13 6.22E-13 9.79E-13 1.18E-12
 1.36E-12 1.51E-12 1.58E-12 1.60E-12 1.56E-12 1.50E-12 1.44E-12
 1.82E-15 1.40E-14 6.28E-14 1.99E-13 3.52E-13 6.23E-13 9.79E-13 1.18E-12
 1.36E-12 1.51E-12 1.58E-12 1.60E-12 1.56E-12 1.50E-12 1.44E-12
 1.82E-15 1.40E-14 6.30E-14 1.99E-13 3.53E-13 6.23E-13 9.79E-13 1.18E-12
 1.36E-12 1.51E-12 1.58E-12 1.60E-12 1.56E-12 1.50E-12 1.44E-12
 1.83E-15 1.41E-14 6.31E-14 2.00E-13 3.53E-13 6.24E-13 9.80E-13 1.19E-12
 1.36E-12 1.51E-12 1.58E-12 1.60E-12 1.56E-12 1.50E-12 1.44E-12
 1.85E-15 1.42E-14 6.35E-14 2.01E-13 3.55E-13 6.25E-13 9.81E-13 1.19E-12
 1.36E-12 1.51E-12 1.58E-12 1.60E-12 1.56E-12 1.50E-12 1.44E-12
 1.89E-15 1.45E-14 6.46E-14 2.03E-13 3.58E-13 6.30E-13 9.85E-13 1.19E-12
 1.37E-12 1.51E-12 1.58E-12 1.60E-12 1.55E-12 1.50E-12 1.44E-12
 1.96E-15 1.49E-14 6.62E-14 2.07E-13 3.64E-13 6.37E-13 9.92E-13 1.19E-12
 1.37E-12 1.51E-12 1.58E-12 1.60E-12 1.55E-12 1.50E-12 1.44E-12
 2.08E-15 1.57E-14 6.93E-14 2.15E-13 3.75E-13 6.50E-13 1.00E-12 1.20E-12
 1.37E-12 1.51E-12 1.57E-12 1.60E-12 1.55E-12 1.50E-12 1.43E-12
 2.38E-15 1.77E-14 7.68E-14 2.33E-13 4.02E-13 6.84E-13 1.03E-12 1.23E-12
 1.39E-12 1.52E-12 1.57E-12 1.59E-12 1.54E-12 1.48E-12 1.42E-12
  1119.7 A  12  15 /FILMEM = WJD92#O /TYPE = EXCIT    /INDM = 1/ISEL =   28
 1.00E+11 2.00E+11 5.00E+11 1.00E+12 2.00E+12 5.00E+12 1.00E+13 2.00E+13
 5.00E+13 1.00E+14 2.00E+14 5.00E+14
 1.55E+01 2.17E+01 3.10E+01 4.65E+01 6.20E+01 9.31E+01 1.55E+02 2.17E+02
 3.10E+02 4.65E+02 6.20E+02 9.31E+02 1.55E+03 2.17E+03 3.10E+03
 2.40E-14 1.76E-13 7.40E-13 2.11E-12 3.40E-12 5.19E-12 6.66E-12 7.00E-12
 6.90E-12 6.44E-12 5.96E-12 5.18E-12 4.23E-12 3.67E-12 3.15E-12
 2.40E-14 1.76E-13 7.40E-13 2.11E-12 3.40E-12 5.19E-12 6.66E-12 7.00E-12
 6.90E-12 6.44E-12 5.96E-12 5.18E-12 4.23E-12 3.67E-12 3.15E-12
 2.40E-14 1.76E-13 7.40E-13 2.11E-12 3.40E-12 5.19E-12 6.66E-12 7.00E-12
 6.91E-12 6.44E-12 5.96E-12 5.18E-12 4.23E-12 3.67E-12 3.16E-12
 2.40E-14 1.76E-13 7.41E-13 2.11E-12 3.40E-12 5.19E-12 6.66E-12 7.00E-12
 6.91E-12 6.44E-12 5.96E-12 5.18E-12 4.23E-12 3.67E-12 3.16E-12
 2.40E-14 1.76E-13 7.41E-13 2.11E-12 3.40E-12 5.20E-12 6.67E-12 7.00E-12
 6.91E-12 6.44E-12 5.96E-12 5.18E-12 4.23E-12 3.67E-12 3.16E-12
 2.40E-14 1.76E-13 7.41E-13 2.11E-12 3.41E-12 5.20E-12 6.67E-12 7.00E-12
 6.91E-12 6.44E-12 5.96E-12 5.19E-12 4.23E-12 3.67E-12 3.16E-12
 2.40E-14 1.76E-13 7.42E-13 2.11E-12 3.41E-12 5.20E-12 6.67E-12 7.01E-12
 6.91E-12 6.45E-12 5.97E-12 5.19E-12 4.23E-12 3.68E-12 3.16E-12
 2.41E-14 1.77E-13 7.44E-13 2.12E-12 3.42E-12 5.21E-12 6.68E-12 7.02E-12
 6.92E-12 6.45E-12 5.97E-12 5.19E-12 4.23E-12 3.68E-12 3.16E-12
 2.43E-14 1.78E-13 7.49E-13 2.13E-12 3.43E-12 5.24E-12 6.72E-12 7.05E-12
 6.95E-12 6.48E-12 6.00E-12 5.21E-12 4.25E-12 3.69E-12 3.17E-12
 2.46E-14 1.80E-13 7.57E-13 2.15E-12 3.47E-12 5.29E-12 6.77E-12 7.10E-12
 7.00E-12 6.52E-12 6.03E-12 5.24E-12 4.27E-12 3.70E-12 3.18E-12
 2.53E-14 1.85E-13 7.74E-13 2.19E-12 3.54E-12 5.38E-12 6.88E-12 7.21E-12
 7.10E-12 6.61E-12 6.11E-12 5.30E-12 4.31E-12 3.74E-12 3.20E-12
 2.75E-14 1.99E-13 8.28E-13 2.33E-12 3.75E-12 5.68E-12 7.23E-12 7.56E-12
 7.42E-12 6.88E-12 6.35E-12 5.49E-12 4.44E-12 3.84E-12 3.28E-12
  1126.5 A  12  15 /FILMEM = WJD92#O /TYPE = EXCIT    /INDM = 1/ISEL =   29
 1.00E+11 2.00E+11 5.00E+11 1.00E+12 2.00E+12 5.00E+12 1.00E+13 2.00E+13
 5.00E+13 1.00E+14 2.00E+14 5.00E+14
 1.55E+01 2.17E+01 3.10E+01 4.65E+01 6.20E+01 9.31E+01 1.55E+02 2.17E+02
 3.10E+02 4.65E+02 6.20E+02 9.31E+02 1.55E+03 2.17E+03 3.10E+03
 4.27E-16 3.18E-15 1.37E-14 4.00E-14 6.60E-14 1.04E-13 1.38E-13 1.48E-13
 1.50E-13 1.44E-13 1.35E-13 1.19E-13 9.89E-14 8.68E-14 7.54E-14
 4.27E-16 3.18E-15 1.37E-14 4.00E-14 6.60E-14 1.04E-13 1.38E-13 1.48E-13
 1.50E-13 1.44E-13 1.35E-13 1.19E-13 9.89E-14 8.68E-14 7.54E-14
 4.27E-16 3.18E-15 1.37E-14 4.00E-14 6.60E-14 1.04E-13 1.38E-13 1.48E-13
 1.50E-13 1.44E-13 1.35E-13 1.20E-13 9.89E-14 8.68E-14 7.54E-14
 4.27E-16 3.18E-15 1.37E-14 4.00E-14 6.60E-14 1.04E-13 1.38E-13 1.48E-13
 1.50E-13 1.44E-13 1.35E-13 1.20E-13 9.89E-14 8.68E-14 7.54E-14
 4.27E-16 3.19E-15 1.37E-14 4.00E-14 6.60E-14 1.04E-13 1.38E-13 1.48E-13
 1.50E-13 1.44E-13 1.35E-13 1.20E-13 9.89E-14 8.68E-14 7.54E-14
 4.27E-16 3.19E-15 1.37E-14 4.01E-14 6.61E-14 1.04E-13 1.38E-13 1.48E-13
 1.50E-13 1.44E-13 1.35E-13 1.20E-13 9.90E-14 8.69E-14 7.54E-14
 4.28E-16 3.19E-15 1.37E-14 4.01E-14 6.61E-14 1.04E-13 1.38E-13 1.48E-13
 1.50E-13 1.44E-13 1.35E-13 1.20E-13 9.91E-14 8.70E-14 7.55E-14
 4.30E-16 3.20E-15 1.37E-14 4.02E-14 6.63E-14 1.04E-13 1.38E-13 1.49E-13
 1.50E-13 1.44E-13 1.36E-13 1.20E-13 9.93E-14 8.72E-14 7.57E-14
 4.34E-16 3.23E-15 1.39E-14 4.05E-14 6.68E-14 1.05E-13 1.39E-13 1.50E-13
 1.51E-13 1.45E-13 1.37E-13 1.21E-13 1.00E-13 8.78E-14 7.62E-14
 4.42E-16 3.29E-15 1.41E-14 4.10E-14 6.76E-14 1.06E-13 1.41E-13 1.51E-13
 1.53E-13 1.47E-13 1.38E-13 1.22E-13 1.01E-13 8.87E-14 7.70E-14
 4.58E-16 3.39E-15 1.44E-14 4.21E-14 6.93E-14 1.09E-13 1.44E-13 1.55E-13
 1.56E-13 1.50E-13 1.41E-13 1.25E-13 1.03E-13 9.06E-14 7.86E-14
 5.04E-16 3.70E-15 1.56E-14 4.52E-14 7.41E-14 1.16E-13 1.53E-13 1.64E-13
 1.66E-13 1.59E-13 1.50E-13 1.33E-13 1.10E-13 9.62E-14 8.33E-14
  1116.2 A  12  15 /FILMEM = WJD92#O /TYPE = EXCIT    /INDM = 1/ISEL =   30
 1.00E+11 2.00E+11 5.00E+11 1.00E+12 2.00E+12 5.00E+12 1.00E+13 2.00E+13
 5.00E+13 1.00E+14 2.00E+14 5.00E+14
 1.55E+01 2.17E+01 3.10E+01 4.65E+01 6.20E+01 9.31E+01 1.55E+02 2.17E+02
 3.10E+02 4.65E+02 6.20E+02 9.31E+02 1.55E+03 2.17E+03 3.10E+03
 5.44E-15 3.83E-14 1.53E-13 4.08E-13 6.27E-13 8.89E-13 1.02E-12 9.88E-13
 8.98E-13 7.85E-13 6.93E-13 5.49E-13 4.00E-13 3.37E-13 2.87E-13
 5.44E-15 3.83E-14 1.53E-13 4.09E-13 6.27E-13 8.89E-13 1.02E-12 9.88E-13
 8.98E-13 7.85E-13 6.93E-13 5.49E-13 4.00E-13 3.37E-13 2.87E-13
 5.44E-15 3.83E-14 1.53E-13 4.09E-13 6.27E-13 8.89E-13 1.02E-12 9.88E-13
 8.98E-13 7.85E-13 6.93E-13 5.49E-13 4.00E-13 3.37E-13 2.87E-13
 5.44E-15 3.83E-14 1.53E-13 4.09E-13 6.27E-13 8.89E-13 1.02E-12 9.88E-13
 8.98E-13 7.86E-13 6.93E-13 5.49E-13 4.00E-13 3.37E-13 2.87E-13
 5.44E-15 3.83E-14 1.53E-13 4.09E-13 6.27E-13 8.89E-13 1.02E-12 9.88E-13
 8.99E-13 7.86E-13 6.94E-13 5.49E-13 4.01E-13 3.37E-13 2.87E-13
 5.45E-15 3.84E-14 1.54E-13 4.09E-13 6.28E-13 8.90E-13 1.02E-12 9.89E-13
 8.99E-13 7.86E-13 6.94E-13 5.49E-13 4.01E-13 3.37E-13 2.87E-13
 5.45E-15 3.84E-14 1.54E-13 4.09E-13 6.28E-13 8.91E-13 1.03E-12 9.90E-13
 9.00E-13 7.87E-13 6.95E-13 5.50E-13 4.01E-13 3.38E-13 2.87E-13
 5.47E-15 3.85E-14 1.54E-13 4.10E-13 6.30E-13 8.93E-13 1.03E-12 9.92E-13
 9.02E-13 7.89E-13 6.96E-13 5.51E-13 4.02E-13 3.38E-13 2.88E-13
 5.51E-15 3.88E-14 1.55E-13 4.13E-13 6.34E-13 8.98E-13 1.03E-12 9.98E-13
 9.08E-13 7.94E-13 7.00E-13 5.54E-13 4.04E-13 3.40E-13 2.89E-13
 5.58E-15 3.93E-14 1.57E-13 4.17E-13 6.40E-13 9.08E-13 1.05E-12 1.01E-12
 9.17E-13 8.02E-13 7.08E-13 5.60E-13 4.08E-13 3.43E-13 2.92E-13
 5.73E-15 4.02E-14 1.60E-13 4.26E-13 6.54E-13 9.27E-13 1.07E-12 1.03E-12
 9.36E-13 8.18E-13 7.22E-13 5.71E-13 4.17E-13 3.50E-13 2.97E-13
 6.19E-15 4.31E-14 1.71E-13 4.54E-13 6.96E-13 9.85E-13 1.13E-12 1.09E-12
 9.95E-13 8.69E-13 7.67E-13 6.07E-13 4.42E-13 3.70E-13 3.12E-13
 18552.9 A  12  15 /FILMEM = WJD92#O /TYPE = EXCIT    /INDM = 1/ISEL =   31
 1.00E+11 2.00E+11 5.00E+11 1.00E+12 2.00E+12 5.00E+12 1.00E+13 2.00E+13
 5.00E+13 1.00E+14 2.00E+14 5.00E+14
 1.55E+01 2.17E+01 3.10E+01 4.65E+01 6.20E+01 9.31E+01 1.55E+02 2.17E+02
 3.10E+02 4.65E+02 6.20E+02 9.31E+02 1.55E+03 2.17E+03 3.10E+03
 2.06E-17 1.58E-16 7.11E-16 2.25E-15 3.99E-15 7.05E-15 1.11E-14 1.34E-14
 1.54E-14 1.71E-14 1.78E-14 1.81E-14 1.76E-14 1.70E-14 1.63E-14
 2.06E-17 1.58E-16 7.11E-16 2.25E-15 3.99E-15 7.05E-15 1.11E-14 1.34E-14
 1.54E-14 1.71E-14 1.78E-14 1.81E-14 1.76E-14 1.70E-14 1.63E-14
 2.06E-17 1.58E-16 7.11E-16 2.25E-15 3.99E-15 7.05E-15 1.11E-14 1.34E-14
 1.54E-14 1.71E-14 1.78E-14 1.81E-14 1.76E-14 1.70E-14 1.63E-14
 2.06E-17 1.58E-16 7.11E-16 2.25E-15 3.99E-15 7.05E-15 1.11E-14 1.34E-14
 1.54E-14 1.71E-14 1.78E-14 1.81E-14 1.76E-14 1.70E-14 1.63E-14
 2.06E-17 1.59E-16 7.12E-16 2.25E-15 3.99E-15 7.05E-15 1.11E-14 1.34E-14
 1.54E-14 1.71E-14 1.78E-14 1.81E-14 1.76E-14 1.70E-14 1.63E-14
 2.07E-17 1.59E-16 7.13E-16 2.26E-15 3.99E-15 7.06E-15 1.11E-14 1.34E-14
 1.54E-14 1.71E-14 1.78E-14 1.81E-14 1.76E-14 1.70E-14 1.63E-14
 2.07E-17 1.59E-16 7.15E-16 2.26E-15 4.00E-15 7.07E-15 1.11E-14 1.34E-14
 1.54E-14 1.71E-14 1.78E-14 1.81E-14 1.76E-14 1.70E-14 1.63E-14
 2.09E-17 1.61E-16 7.19E-16 2.27E-15 4.02E-15 7.08E-15 1.11E-14 1.34E-14
 1.54E-14 1.71E-14 1.78E-14 1.81E-14 1.76E-14 1.70E-14 1.63E-14
 2.14E-17 1.64E-16 7.31E-16 2.30E-15 4.06E-15 7.13E-15 1.12E-14 1.35E-14
 1.55E-14 1.71E-14 1.78E-14 1.81E-14 1.76E-14 1.70E-14 1.63E-14
 2.22E-17 1.69E-16 7.50E-16 2.35E-15 4.12E-15 7.21E-15 1.12E-14 1.35E-14
 1.55E-14 1.71E-14 1.78E-14 1.81E-14 1.76E-14 1.70E-14 1.63E-14
 2.36E-17 1.78E-16 7.85E-16 2.43E-15 4.25E-15 7.37E-15 1.14E-14 1.36E-14
 1.56E-14 1.72E-14 1.78E-14 1.81E-14 1.75E-14 1.69E-14 1.62E-14
 2.70E-17 2.01E-16 8.70E-16 2.64E-15 4.55E-15 7.75E-15 1.17E-14 1.39E-14
 1.57E-14 1.72E-14 1.78E-14 1.80E-14 1.74E-14 1.68E-14 1.61E-14
C-----------------------------------------------------------------------
C
C  PHOTON EMISSIVITY COEFFICIENTS:
C
C  SOURCE SPECIFIC ION   FILE:/JETSHP.LILIKE.DATA(WJD92#O)
C  SOURCE IONIS. COEFFT. FILE:/JETSHP.IONELEC.DATA(SZD#O)
C  META. ION. COEFF. SELECTOR: 53(1,1)   54(1,2)
C  POPULATION PROCESSING CODE:  ADAS208
C
C  ISEL  WAVELENGTH      TRANSITION            TYPE    METASTABLE  IMET NMET  IP
C  ----  ----------  ------------------------  -----  ------------ ---- ----  --
C   1.    1033.8     2(2)1( 2.5)- 1(2)0( 0.5)  EXCIT   1(2)0( 0.5)   1     1
C   2.     150.1     4(2)1( 2.5)- 1(2)0( 0.5)  EXCIT   1(2)0( 0.5)   1     1
C   3.     115.8     7(2)1( 2.5)- 1(2)0( 0.5)  EXCIT   1(2)0( 0.5)   1     1
C   4.     104.8    11(2)1( 2.5)- 1(2)0( 0.5)  EXCIT   1(2)0( 0.5)   1     1
C   5.     184.1     3(2)0( 0.5)- 2(2)1( 2.5)  EXCIT   1(2)0( 0.5)   1     1
C   6.     173.0     5(2)2( 4.5)- 2(2)1( 2.5)  EXCIT   1(2)0( 0.5)   1     1
C   7.     130.4     6(2)0( 0.5)- 2(2)1( 2.5)  EXCIT   1(2)0( 0.5)   1     1
C   8.     129.8     8(2)2( 4.5)- 2(2)1( 2.5)  EXCIT   1(2)0( 0.5)   1     1
C   9.     117.4    10(2)0( 0.5)- 2(2)1( 2.5)  EXCIT   1(2)0( 0.5)   1     1
C  10.     116.4    12(2)2( 4.5)- 2(2)1( 2.5)  EXCIT   1(2)0( 0.5)   1     1
C  11.    3820.0     4(2)1( 2.5)- 3(2)0( 0.5)  EXCIT   1(2)0( 0.5)   1     1
C  12.     447.8     7(2)1( 2.5)- 3(2)0( 0.5)  EXCIT   1(2)0( 0.5)   1     1
C  13.     318.4    11(2)1( 2.5)- 3(2)0( 0.5)  EXCIT   1(2)0( 0.5)   1     1
C  14.   11821.3     5(2)2( 4.5)- 4(2)1( 2.5)  EXCIT   1(2)0( 0.5)   1     1
C  15.     507.2     6(2)0( 0.5)- 4(2)1( 2.5)  EXCIT   1(2)0( 0.5)   1     1
C  16.     498.3     8(2)2( 4.5)- 4(2)1( 2.5)  EXCIT   1(2)0( 0.5)   1     1
C  17.     354.0    10(2)0( 0.5)- 4(2)1( 2.5)  EXCIT   1(2)0( 0.5)   1     1
C  18.     345.3    12(2)2( 4.5)- 4(2)1( 2.5)  EXCIT   1(2)0( 0.5)   1     1
C  19.     529.9     7(2)1( 2.5)- 5(2)2( 4.5)  EXCIT   1(2)0( 0.5)   1     1
C  20.     519.7     9(2)3( 6.5)- 5(2)2( 4.5)  EXCIT   1(2)0( 0.5)   1     1
C  21.     357.9    11(2)1( 2.5)- 5(2)2( 4.5)  EXCIT   1(2)0( 0.5)   1     1
C  22.     355.2    13(2)3( 6.5)- 5(2)2( 4.5)  EXCIT   1(2)0( 0.5)   1     1
C  23.**********     7(2)1( 2.5)- 6(2)0( 0.5)  EXCIT   1(2)0( 0.5)   1     1
C  24.    1102.5    11(2)1( 2.5)- 6(2)0( 0.5)  EXCIT   1(2)0( 0.5)   1     1
C  25.    1172.1    10(2)0( 0.5)- 7(2)1( 2.5)  EXCIT   1(2)0( 0.5)   1     1
C  26.    1081.3    12(2)2( 4.5)- 7(2)1( 2.5)  EXCIT   1(2)0( 0.5)   1     1
C  27.    1147.0    11(2)1( 2.5)- 8(2)2( 4.5)  EXCIT   1(2)0( 0.5)   1     1
C  28.    1119.7    13(2)3( 6.5)- 8(2)2( 4.5)  EXCIT   1(2)0( 0.5)   1     1
C  29.    1126.5    12(2)2( 4.5)- 9(2)3( 6.5)  EXCIT   1(2)0( 0.5)   1     1
C  30.    1116.2    14(2)4( 8.5)- 9(2)3( 6.5)  EXCIT   1(2)0( 0.5)   1     1
C  31.   18552.9    11(2)1( 2.5)-10(2)0( 0.5)  EXCIT   1(2)0( 0.5)   1     1
C
C   NOTES:  PROCESSED 13/03/95
C
C-------------------------------------------------------------------------------
 
C---------------------------------------------------------------------------------
C ADAS ADF15 DATA - SCCS info: @(#)$Header: /home/adascvs/adas/adf15/pec93#o/pec93#o_llr#o5.dat,v 2.1 2004/07/07 00:25:54 whitefor Exp $ Date $Date: 2004/07/07 00:25:54 $
C---------------------------------------------------------------------------------
