  2.2706203e+000  1.8181180e+001
  2.1313743e+000  1.7132975e+001
  1.9784082e+000  1.9377625e+001
  1.8115780e+000  1.8818997e+001
  1.6493841e+000  2.0270380e+001
  1.0017612e+000  2.8317693e+001
  7.6384310e-001  2.9473099e+001
  5.1249560e-001  2.9041224e+001
  2.4841840e-001  2.9383198e+001
 -2.7502000e-002  4.9967834e+001
 -2.8508891e-001  3.7204251e+001
 -6.5574460e-001  1.0945781e+001
 -1.0556684e+000  6.2392008e+000
 -1.2294008e+000  2.7347217e+000
 -1.5528204e+000  2.7003216e+000
 -1.8868330e+000  1.9221888e+000
 -2.2326959e+000  2.0639036e+000
