  6.6855065e+000  4.8676215e+000
  6.5515203e+000  4.0867180e+000
  6.4048737e+000  5.5656169e+000
  6.2454609e+000  5.0130372e+000
  6.0910588e+000  5.4449014e+000
  5.8498479e+000  5.1082886e+000
  5.5874546e+000  4.9841204e+000
  5.4810103e+000  4.3790853e+000
  5.2591557e+000  3.9672265e+000
  5.0257326e+000  5.1134005e+000
  4.7813064e+000  5.5152859e+000
  4.5265627e+000  4.2690359e+000
  4.2890555e+000  6.4054957e+000
  3.9467634e+000  1.3073043e+001
  3.5749354e+000  8.6882723e+000
  3.4124583e+000  6.4303275e+000
  3.1086573e+000  1.0184251e+001
  2.7932685e+000  5.4026896e+000
  2.4652307e+000  3.2458136e+000
  2.1232728e+000  1.8796065e+000
