%    m	   m	 n/a	 n/a	  eV
% XTEMF	 RMDF	 RHOF	 PSIF	  TEF
  2.923E+00	 2.863E+00	-2.165E-01	-4.948E-02	 4.682E+03
  2.925E+00	 2.864E+00	-2.155E-01	-4.907E-02	 4.677E+03
  2.927E+00	 2.865E+00	-2.138E-01	-4.835E-02	 4.668E+03
  2.927E+00	 2.865E+00	-2.138E-01	-4.834E-02	 4.668E+03
  2.927E+00	 2.866E+00	-2.137E-01	-4.828E-02	 4.668E+03
  2.928E+00	 2.866E+00	-2.131E-01	-4.805E-02	 4.665E+03
  2.928E+00	 2.866E+00	-2.129E-01	-4.796E-02	 4.664E+03
  2.928E+00	 2.866E+00	-2.128E-01	-4.790E-02	 4.663E+03
  2.929E+00	 2.867E+00	-2.123E-01	-4.772E-02	 4.661E+03
  2.931E+00	 2.868E+00	-2.110E-01	-4.715E-02	 4.654E+03
  2.934E+00	 2.870E+00	-2.087E-01	-4.617E-02	 4.643E+03
  2.935E+00	 2.871E+00	-2.076E-01	-4.570E-02	 4.637E+03
  2.935E+00	 2.871E+00	-2.075E-01	-4.568E-02	 4.637E+03
  2.936E+00	 2.871E+00	-2.071E-01	-4.550E-02	 4.635E+03
  2.937E+00	 2.872E+00	-2.063E-01	-4.515E-02	 4.631E+03
  2.938E+00	 2.872E+00	-2.058E-01	-4.497E-02	 4.628E+03
  2.938E+00	 2.872E+00	-2.056E-01	-4.486E-02	 4.627E+03
  2.938E+00	 2.872E+00	-2.055E-01	-4.481E-02	 4.627E+03
  2.939E+00	 2.873E+00	-2.048E-01	-4.453E-02	 4.623E+03
  2.939E+00	 2.873E+00	-2.045E-01	-4.441E-02	 4.622E+03
  2.940E+00	 2.874E+00	-2.042E-01	-4.430E-02	 4.620E+03
  2.941E+00	 2.874E+00	-2.035E-01	-4.400E-02	 4.617E+03
  2.941E+00	 2.874E+00	-2.033E-01	-4.390E-02	 4.616E+03
  2.942E+00	 2.875E+00	-2.022E-01	-4.345E-02	 4.610E+03
  2.943E+00	 2.876E+00	-2.018E-01	-4.328E-02	 4.608E+03
  2.943E+00	 2.876E+00	-2.018E-01	-4.327E-02	 4.608E+03
  2.943E+00	 2.876E+00	-2.016E-01	-4.321E-02	 4.608E+03
  2.944E+00	 2.876E+00	-2.011E-01	-4.299E-02	 4.605E+03
  2.944E+00	 2.876E+00	-2.009E-01	-4.290E-02	 4.604E+03
  2.944E+00	 2.876E+00	-2.008E-01	-4.283E-02	 4.603E+03
  2.945E+00	 2.877E+00	-2.003E-01	-4.265E-02	 4.601E+03
  2.947E+00	 2.878E+00	-1.990E-01	-4.208E-02	 4.594E+03
  2.950E+00	 2.880E+00	-1.967E-01	-4.111E-02	 4.582E+03
  2.951E+00	 2.881E+00	-1.955E-01	-4.064E-02	 4.577E+03
  2.951E+00	 2.881E+00	-1.955E-01	-4.062E-02	 4.577E+03
  2.952E+00	 2.881E+00	-1.951E-01	-4.046E-02	 4.574E+03
  2.953E+00	 2.882E+00	-1.943E-01	-4.017E-02	 4.570E+03
  2.954E+00	 2.882E+00	-1.940E-01	-4.002E-02	 4.568E+03
  2.954E+00	 2.882E+00	-1.937E-01	-3.992E-02	 4.567E+03
  2.954E+00	 2.882E+00	-1.936E-01	-3.988E-02	 4.566E+03
  2.955E+00	 2.883E+00	-1.930E-01	-3.964E-02	 4.563E+03
  2.955E+00	 2.883E+00	-1.928E-01	-3.958E-02	 4.562E+03
  2.956E+00	 2.883E+00	-1.925E-01	-3.944E-02	 4.560E+03
  2.956E+00	 2.884E+00	-1.920E-01	-3.923E-02	 4.557E+03
  2.957E+00	 2.884E+00	-1.916E-01	-3.910E-02	 4.555E+03
  2.958E+00	 2.885E+00	-1.907E-01	-3.872E-02	 4.550E+03
  2.959E+00	 2.885E+00	-1.904E-01	-3.862E-02	 4.549E+03
  2.959E+00	 2.885E+00	-1.904E-01	-3.861E-02	 4.548E+03
  2.959E+00	 2.885E+00	-1.902E-01	-3.856E-02	 4.548E+03
  2.960E+00	 2.886E+00	-1.897E-01	-3.837E-02	 4.545E+03
  2.960E+00	 2.886E+00	-1.895E-01	-3.829E-02	 4.544E+03
  2.960E+00	 2.886E+00	-1.894E-01	-3.823E-02	 4.543E+03
  2.961E+00	 2.886E+00	-1.890E-01	-3.808E-02	 4.541E+03
  2.963E+00	 2.887E+00	-1.878E-01	-3.760E-02	 4.534E+03
  2.966E+00	 2.889E+00	-1.857E-01	-3.677E-02	 4.522E+03
  2.967E+00	 2.890E+00	-1.846E-01	-3.637E-02	 4.517E+03
  2.967E+00	 2.890E+00	-1.846E-01	-3.635E-02	 4.517E+03
  2.968E+00	 2.890E+00	-1.843E-01	-3.623E-02	 4.514E+03
  2.969E+00	 2.891E+00	-1.836E-01	-3.600E-02	 4.510E+03
  2.969E+00	 2.891E+00	-1.833E-01	-3.588E-02	 4.508E+03
  2.970E+00	 2.891E+00	-1.831E-01	-3.581E-02	 4.507E+03
  2.970E+00	 2.891E+00	-1.830E-01	-3.578E-02	 4.506E+03
  2.971E+00	 2.892E+00	-1.825E-01	-3.559E-02	 4.503E+03
  2.972E+00	 2.892E+00	-1.821E-01	-3.544E-02	 4.500E+03
  2.973E+00	 2.893E+00	-1.814E-01	-3.517E-02	 4.495E+03
  2.974E+00	 2.893E+00	-1.806E-01	-3.488E-02	 4.490E+03
  2.979E+00	 2.895E+00	-1.779E-01	-3.392E-02	 4.473E+03
  2.980E+00	 2.896E+00	-1.772E-01	-3.365E-02	 4.468E+03
  2.982E+00	 2.897E+00	-1.759E-01	-3.318E-02	 4.459E+03
  2.982E+00	 2.897E+00	-1.759E-01	-3.317E-02	 4.459E+03
  2.983E+00	 2.897E+00	-1.758E-01	-3.313E-02	 4.458E+03
  2.983E+00	 2.897E+00	-1.754E-01	-3.298E-02	 4.455E+03
  2.984E+00	 2.898E+00	-1.752E-01	-3.292E-02	 4.454E+03
  2.984E+00	 2.898E+00	-1.751E-01	-3.288E-02	 4.454E+03
  2.984E+00	 2.898E+00	-1.748E-01	-3.276E-02	 4.451E+03
  2.986E+00	 2.899E+00	-1.737E-01	-3.238E-02	 4.445E+03
  2.989E+00	 2.900E+00	-1.720E-01	-3.173E-02	 4.433E+03
  2.991E+00	 2.901E+00	-1.711E-01	-3.142E-02	 4.427E+03
  2.991E+00	 2.901E+00	-1.711E-01	-3.141E-02	 4.427E+03
  2.991E+00	 2.901E+00	-1.708E-01	-3.133E-02	 4.425E+03
  2.993E+00	 2.902E+00	-1.704E-01	-3.116E-02	 4.420E+03
  2.993E+00	 2.902E+00	-1.701E-01	-3.108E-02	 4.418E+03
  2.993E+00	 2.902E+00	-1.700E-01	-3.103E-02	 4.417E+03
  2.994E+00	 2.902E+00	-1.699E-01	-3.101E-02	 4.416E+03
  2.995E+00	 2.902E+00	-1.695E-01	-3.088E-02	 4.413E+03
  2.995E+00	 2.902E+00	-1.694E-01	-3.082E-02	 4.412E+03
  2.995E+00	 2.902E+00	-1.692E-01	-3.076E-02	 4.410E+03
  2.996E+00	 2.903E+00	-1.688E-01	-3.063E-02	 4.407E+03
  2.997E+00	 2.903E+00	-1.687E-01	-3.058E-02	 4.405E+03
  2.998E+00	 2.903E+00	-1.681E-01	-3.037E-02	 4.400E+03
  2.998E+00	 2.904E+00	-1.679E-01	-3.030E-02	 4.398E+03
  2.998E+00	 2.904E+00	-1.679E-01	-3.029E-02	 4.398E+03
  2.999E+00	 2.904E+00	-1.678E-01	-3.026E-02	 4.397E+03
  2.999E+00	 2.904E+00	-1.675E-01	-3.016E-02	 4.394E+03
  3.000E+00	 2.904E+00	-1.674E-01	-3.011E-02	 4.393E+03
  3.000E+00	 2.904E+00	-1.673E-01	-3.008E-02	 4.393E+03
  3.000E+00	 2.904E+00	-1.670E-01	-3.000E-02	 4.390E+03
  3.002E+00	 2.905E+00	-1.663E-01	-2.973E-02	 4.383E+03
  3.005E+00	 2.906E+00	-1.650E-01	-2.927E-02	 4.372E+03
  3.007E+00	 2.906E+00	-1.643E-01	-2.905E-02	 4.366E+03
  3.007E+00	 2.906E+00	-1.643E-01	-2.905E-02	 4.366E+03
  3.007E+00	 2.907E+00	-1.641E-01	-2.899E-02	 4.363E+03
  3.009E+00	 2.907E+00	-1.638E-01	-2.888E-02	 4.359E+03
  3.009E+00	 2.907E+00	-1.637E-01	-2.883E-02	 4.357E+03
  3.009E+00	 2.907E+00	-1.636E-01	-2.880E-02	 4.356E+03
  3.010E+00	 2.907E+00	-1.635E-01	-2.878E-02	 4.355E+03
  3.011E+00	 2.907E+00	-1.633E-01	-2.869E-02	 4.352E+03
  3.011E+00	 2.908E+00	-1.631E-01	-2.864E-02	 4.349E+03
  3.011E+00	 2.908E+00	-1.631E-01	-2.862E-02	 4.349E+03
  3.012E+00	 2.908E+00	-1.627E-01	-2.851E-02	 4.345E+03
  3.013E+00	 2.908E+00	-1.627E-01	-2.850E-02	 4.344E+03
  3.014E+00	 2.908E+00	-1.623E-01	-2.836E-02	 4.339E+03
  3.015E+00	 2.908E+00	-1.621E-01	-2.829E-02	 4.336E+03
  3.015E+00	 2.908E+00	-1.621E-01	-2.829E-02	 4.336E+03
  3.015E+00	 2.908E+00	-1.620E-01	-2.827E-02	 4.335E+03
  3.016E+00	 2.909E+00	-1.618E-01	-2.820E-02	 4.332E+03
  3.016E+00	 2.909E+00	-1.617E-01	-2.817E-02	 4.331E+03
  3.016E+00	 2.909E+00	-1.617E-01	-2.815E-02	 4.330E+03
  3.017E+00	 2.909E+00	-1.615E-01	-2.809E-02	 4.328E+03
  3.018E+00	 2.909E+00	-1.610E-01	-2.792E-02	 4.321E+03
  3.022E+00	 2.910E+00	-1.601E-01	-2.762E-02	 4.309E+03
  3.023E+00	 2.910E+00	-1.597E-01	-2.747E-02	 4.304E+03
  3.023E+00	 2.912E+00	-1.584E-01	-2.725E-02	 4.303E+03
  3.024E+00	 2.921E+00	-1.469E-01	-2.529E-02	 4.301E+03
  3.025E+00	 2.938E+00	-1.253E-01	-2.159E-02	 4.297E+03
  3.025E+00	 2.947E+00	-1.141E-01	-1.968E-02	 4.295E+03
  3.026E+00	 2.953E+00	-1.071E-01	-1.848E-02	 4.293E+03
  3.026E+00	 2.955E+00	-1.042E-01	-1.799E-02	 4.293E+03
  3.027E+00	 2.969E+00	-8.674E-02	-1.501E-02	 4.289E+03
  3.027E+00	 2.976E+00	-7.800E-02	-1.351E-02	 4.288E+03
  3.028E+00	 2.981E+00	-7.195E-02	-1.248E-02	 4.286E+03
  3.028E+00	 2.997E+00	-5.255E-02	-9.162E-03	 4.283E+03
  3.029E+00	 3.001E+00	-4.706E-02	-8.223E-03	 4.282E+03
  3.030E+00	 3.024E+00	-1.913E-02	-3.450E-03	 4.276E+03
  3.031E+00	 3.033E+00	-7.608E-03	-1.480E-03	 4.274E+03
  3.031E+00	 3.034E+00	-7.067E-03	-1.388E-03	 4.274E+03
  3.031E+00	 3.037E+00	-3.070E-03	-7.045E-04	 4.273E+03
  3.032E+00	 3.048E+00	 1.095E-02	 1.691E-03	 4.270E+03
  3.032E+00	 3.053E+00	 1.645E-02	 2.632E-03	 4.269E+03
  3.032E+00	 3.056E+00	 2.060E-02	 3.342E-03	 4.268E+03
  3.033E+00	 3.065E+00	 3.175E-02	 5.248E-03	 4.266E+03
  3.035E+00	 3.094E+00	 6.733E-02	 1.133E-02	 4.259E+03
  3.038E+00	 3.143E+00	 1.283E-01	 2.175E-02	 4.247E+03
  3.039E+00	 3.166E+00	 1.575E-01	 2.674E-02	 4.241E+03
  3.039E+00	 3.166E+00	 1.575E-01	 2.674E-02	 4.241E+03
  3.040E+00	 3.166E+00	 1.575E-01	 2.675E-02	 4.239E+03
  3.041E+00	 3.166E+00	 1.576E-01	 2.676E-02	 4.235E+03
  3.041E+00	 3.166E+00	 1.576E-01	 2.676E-02	 4.232E+03
  3.042E+00	 3.166E+00	 1.576E-01	 2.676E-02	 4.231E+03
  3.042E+00	 3.167E+00	 1.576E-01	 2.677E-02	 4.231E+03
  3.043E+00	 3.167E+00	 1.576E-01	 2.677E-02	 4.227E+03
  3.044E+00	 3.167E+00	 1.576E-01	 2.678E-02	 4.224E+03
  3.044E+00	 3.167E+00	 1.576E-01	 2.678E-02	 4.224E+03
  3.045E+00	 3.167E+00	 1.576E-01	 2.679E-02	 4.219E+03
  3.045E+00	 3.167E+00	 1.576E-01	 2.679E-02	 4.219E+03
  3.046E+00	 3.167E+00	 1.577E-01	 2.680E-02	 4.214E+03
  3.047E+00	 3.167E+00	 1.577E-01	 2.681E-02	 4.210E+03
  3.047E+00	 3.167E+00	 1.577E-01	 2.681E-02	 4.210E+03
  3.047E+00	 3.167E+00	 1.577E-01	 2.681E-02	 4.209E+03
  3.048E+00	 3.167E+00	 1.577E-01	 2.681E-02	 4.206E+03
  3.048E+00	 3.167E+00	 1.577E-01	 2.682E-02	 4.205E+03
  3.049E+00	 3.167E+00	 1.577E-01	 2.682E-02	 4.205E+03
  3.049E+00	 3.167E+00	 1.577E-01	 2.682E-02	 4.202E+03
  3.051E+00	 3.167E+00	 1.578E-01	 2.684E-02	 4.195E+03
  3.054E+00	 3.167E+00	 1.579E-01	 2.686E-02	 4.183E+03
  3.056E+00	 3.167E+00	 1.579E-01	 2.687E-02	 4.178E+03
  3.056E+00	 3.167E+00	 1.579E-01	 2.688E-02	 4.177E+03
  3.056E+00	 3.167E+00	 1.580E-01	 2.691E-02	 4.175E+03
  3.057E+00	 3.167E+00	 1.582E-01	 2.698E-02	 4.171E+03
  3.058E+00	 3.167E+00	 1.583E-01	 2.702E-02	 4.169E+03
  3.058E+00	 3.167E+00	 1.584E-01	 2.704E-02	 4.167E+03
  3.058E+00	 3.167E+00	 1.584E-01	 2.705E-02	 4.167E+03
  3.059E+00	 3.167E+00	 1.586E-01	 2.710E-02	 4.163E+03
  3.060E+00	 3.167E+00	 1.587E-01	 2.714E-02	 4.161E+03
  3.060E+00	 3.167E+00	 1.587E-01	 2.715E-02	 4.160E+03
  3.061E+00	 3.168E+00	 1.589E-01	 2.722E-02	 4.156E+03
  3.061E+00	 3.168E+00	 1.589E-01	 2.723E-02	 4.155E+03
  3.063E+00	 3.168E+00	 1.592E-01	 2.732E-02	 4.150E+03
  3.063E+00	 3.168E+00	 1.593E-01	 2.736E-02	 4.147E+03
  3.063E+00	 3.168E+00	 1.593E-01	 2.736E-02	 4.147E+03
  3.064E+00	 3.168E+00	 1.594E-01	 2.737E-02	 4.146E+03
  3.064E+00	 3.168E+00	 1.595E-01	 2.742E-02	 4.143E+03
  3.065E+00	 3.168E+00	 1.596E-01	 2.744E-02	 4.142E+03
  3.065E+00	 3.168E+00	 1.596E-01	 2.745E-02	 4.141E+03
  3.065E+00	 3.168E+00	 1.597E-01	 2.748E-02	 4.139E+03
  3.067E+00	 3.168E+00	 1.600E-01	 2.760E-02	 4.132E+03
  3.070E+00	 3.169E+00	 1.606E-01	 2.779E-02	 4.120E+03
  3.072E+00	 3.169E+00	 1.609E-01	 2.788E-02	 4.114E+03
  3.072E+00	 3.169E+00	 1.609E-01	 2.789E-02	 4.114E+03
  3.072E+00	 3.169E+00	 1.611E-01	 2.796E-02	 4.112E+03
  3.074E+00	 3.170E+00	 1.615E-01	 2.808E-02	 4.107E+03
  3.074E+00	 3.170E+00	 1.617E-01	 2.815E-02	 4.105E+03
  3.075E+00	 3.170E+00	 1.618E-01	 2.819E-02	 4.104E+03
  3.075E+00	 3.170E+00	 1.618E-01	 2.821E-02	 4.103E+03
  3.076E+00	 3.170E+00	 1.621E-01	 2.831E-02	 4.100E+03
  3.076E+00	 3.170E+00	 1.624E-01	 2.840E-02	 4.097E+03
  3.076E+00	 3.170E+00	 1.624E-01	 2.840E-02	 4.097E+03
  3.078E+00	 3.171E+00	 1.628E-01	 2.855E-02	 4.092E+03
  3.078E+00	 3.171E+00	 1.628E-01	 2.855E-02	 4.092E+03
  3.079E+00	 3.171E+00	 1.633E-01	 2.871E-02	 4.086E+03
  3.080E+00	 3.171E+00	 1.636E-01	 2.882E-02	 4.083E+03
  3.080E+00	 3.171E+00	 1.636E-01	 2.882E-02	 4.083E+03
  3.080E+00	 3.171E+00	 1.637E-01	 2.884E-02	 4.082E+03
  3.081E+00	 3.172E+00	 1.639E-01	 2.893E-02	 4.079E+03
  3.081E+00	 3.172E+00	 1.640E-01	 2.896E-02	 4.078E+03
  3.081E+00	 3.172E+00	 1.641E-01	 2.898E-02	 4.077E+03
  3.082E+00	 3.172E+00	 1.643E-01	 2.905E-02	 4.075E+03
  3.084E+00	 3.172E+00	 1.649E-01	 2.926E-02	 4.068E+03
  3.087E+00	 3.173E+00	 1.660E-01	 2.962E-02	 4.056E+03
  3.088E+00	 3.174E+00	 1.665E-01	 2.980E-02	 4.050E+03
  3.088E+00	 3.174E+00	 1.665E-01	 2.981E-02	 4.050E+03
  3.089E+00	 3.174E+00	 1.668E-01	 2.991E-02	 4.047E+03
  3.090E+00	 3.174E+00	 1.673E-01	 3.010E-02	 4.043E+03
  3.091E+00	 3.174E+00	 1.676E-01	 3.019E-02	 4.041E+03
  3.091E+00	 3.175E+00	 1.678E-01	 3.025E-02	 4.039E+03
  3.091E+00	 3.175E+00	 1.678E-01	 3.028E-02	 4.039E+03
  3.092E+00	 3.175E+00	 1.683E-01	 3.043E-02	 4.035E+03
  3.093E+00	 3.175E+00	 1.686E-01	 3.054E-02	 4.033E+03
  3.093E+00	 3.175E+00	 1.686E-01	 3.056E-02	 4.032E+03
  3.094E+00	 3.176E+00	 1.692E-01	 3.076E-02	 4.028E+03
  3.094E+00	 3.176E+00	 1.693E-01	 3.078E-02	 4.028E+03
  3.095E+00	 3.176E+00	 1.699E-01	 3.102E-02	 4.022E+03
  3.096E+00	 3.177E+00	 1.703E-01	 3.116E-02	 4.019E+03
  3.096E+00	 3.177E+00	 1.703E-01	 3.116E-02	 4.019E+03
  3.096E+00	 3.177E+00	 1.704E-01	 3.120E-02	 4.018E+03
  3.097E+00	 3.177E+00	 1.708E-01	 3.132E-02	 4.015E+03
  3.097E+00	 3.177E+00	 1.709E-01	 3.137E-02	 4.014E+03
  3.098E+00	 3.177E+00	 1.710E-01	 3.140E-02	 4.013E+03
  3.098E+00	 3.177E+00	 1.713E-01	 3.150E-02	 4.011E+03
  3.100E+00	 3.178E+00	 1.722E-01	 3.181E-02	 4.004E+03
  3.103E+00	 3.179E+00	 1.737E-01	 3.234E-02	 3.992E+03
  3.105E+00	 3.180E+00	 1.744E-01	 3.260E-02	 3.986E+03
  3.105E+00	 3.180E+00	 1.744E-01	 3.261E-02	 3.986E+03
  3.105E+00	 3.180E+00	 1.748E-01	 3.275E-02	 3.983E+03
  3.106E+00	 3.181E+00	 1.755E-01	 3.300E-02	 3.979E+03
  3.107E+00	 3.181E+00	 1.758E-01	 3.312E-02	 3.977E+03
  3.107E+00	 3.181E+00	 1.761E-01	 3.321E-02	 3.975E+03
  3.107E+00	 3.181E+00	 1.761E-01	 3.324E-02	 3.975E+03
  3.108E+00	 3.182E+00	 1.767E-01	 3.344E-02	 3.971E+03
  3.109E+00	 3.182E+00	 1.771E-01	 3.359E-02	 3.969E+03
  3.109E+00	 3.182E+00	 1.772E-01	 3.361E-02	 3.968E+03
  3.110E+00	 3.183E+00	 1.779E-01	 3.388E-02	 3.964E+03
  3.110E+00	 3.183E+00	 1.779E-01	 3.390E-02	 3.963E+03
  3.112E+00	 3.183E+00	 1.788E-01	 3.422E-02	 3.958E+03
  3.112E+00	 3.184E+00	 1.793E-01	 3.440E-02	 3.954E+03
  3.112E+00	 3.184E+00	 1.793E-01	 3.441E-02	 3.954E+03
  3.113E+00	 3.184E+00	 1.794E-01	 3.445E-02	 3.954E+03
  3.113E+00	 3.184E+00	 1.799E-01	 3.461E-02	 3.951E+03
  3.114E+00	 3.184E+00	 1.801E-01	 3.468E-02	 3.950E+03
  3.114E+00	 3.184E+00	 1.802E-01	 3.472E-02	 3.949E+03
  3.114E+00	 3.185E+00	 1.805E-01	 3.485E-02	 3.947E+03
  3.116E+00	 3.185E+00	 1.816E-01	 3.526E-02	 3.939E+03
  3.119E+00	 3.187E+00	 1.836E-01	 3.597E-02	 3.927E+03
  3.121E+00	 3.188E+00	 1.845E-01	 3.631E-02	 3.921E+03
  3.121E+00	 3.188E+00	 1.845E-01	 3.632E-02	 3.921E+03
  3.121E+00	 3.188E+00	 1.849E-01	 3.649E-02	 3.919E+03
  3.123E+00	 3.189E+00	 1.857E-01	 3.680E-02	 3.914E+03
  3.123E+00	 3.189E+00	 1.861E-01	 3.696E-02	 3.912E+03
  3.124E+00	 3.189E+00	 1.864E-01	 3.706E-02	 3.911E+03
  3.124E+00	 3.189E+00	 1.865E-01	 3.710E-02	 3.910E+03
  3.125E+00	 3.190E+00	 1.871E-01	 3.735E-02	 3.907E+03
  3.125E+00	 3.190E+00	 1.875E-01	 3.749E-02	 3.905E+03
  3.125E+00	 3.190E+00	 1.877E-01	 3.757E-02	 3.904E+03
  3.126E+00	 3.191E+00	 1.884E-01	 3.786E-02	 3.899E+03
  3.127E+00	 3.191E+00	 1.886E-01	 3.792E-02	 3.899E+03
  3.128E+00	 3.192E+00	 1.896E-01	 3.833E-02	 3.893E+03
  3.129E+00	 3.192E+00	 1.901E-01	 3.851E-02	 3.890E+03
  3.129E+00	 3.192E+00	 1.901E-01	 3.851E-02	 3.890E+03
  3.129E+00	 3.192E+00	 1.903E-01	 3.857E-02	 3.890E+03
  3.130E+00	 3.193E+00	 1.908E-01	 3.877E-02	 3.887E+03
  3.130E+00	 3.193E+00	 1.910E-01	 3.885E-02	 3.886E+03
  3.130E+00	 3.193E+00	 1.911E-01	 3.891E-02	 3.885E+03
  3.131E+00	 3.193E+00	 1.915E-01	 3.907E-02	 3.882E+03
  3.132E+00	 3.194E+00	 1.928E-01	 3.958E-02	 3.875E+03
  3.136E+00	 3.196E+00	 1.951E-01	 4.046E-02	 3.863E+03
  3.137E+00	 3.197E+00	 1.961E-01	 4.088E-02	 3.857E+03
  3.137E+00	 3.197E+00	 1.962E-01	 4.090E-02	 3.857E+03
  3.138E+00	 3.197E+00	 1.967E-01	 4.110E-02	 3.854E+03
  3.139E+00	 3.198E+00	 1.975E-01	 4.147E-02	 3.850E+03
  3.139E+00	 3.198E+00	 1.980E-01	 4.167E-02	 3.848E+03
  3.140E+00	 3.199E+00	 1.983E-01	 4.179E-02	 3.846E+03
  3.140E+00	 3.199E+00	 1.984E-01	 4.184E-02	 3.846E+03
  3.141E+00	 3.199E+00	 1.991E-01	 4.214E-02	 3.842E+03
  3.141E+00	 3.200E+00	 1.997E-01	 4.239E-02	 3.839E+03
  3.142E+00	 3.200E+00	 1.998E-01	 4.242E-02	 3.839E+03
  3.143E+00	 3.200E+00	 2.007E-01	 4.282E-02	 3.834E+03
  3.143E+00	 3.201E+00	 2.008E-01	 4.286E-02	 3.834E+03
  3.144E+00	 3.201E+00	 2.018E-01	 4.330E-02	 3.829E+03
  3.145E+00	 3.202E+00	 2.026E-01	 4.364E-02	 3.825E+03
  3.145E+00	 3.202E+00	 2.027E-01	 4.365E-02	 3.825E+03
  3.145E+00	 3.202E+00	 2.028E-01	 4.372E-02	 3.824E+03
  3.146E+00	 3.203E+00	 2.034E-01	 4.396E-02	 3.821E+03
  3.146E+00	 3.203E+00	 2.036E-01	 4.405E-02	 3.820E+03
  3.147E+00	 3.203E+00	 2.038E-01	 4.412E-02	 3.819E+03
  3.147E+00	 3.203E+00	 2.042E-01	 4.432E-02	 3.817E+03
  3.149E+00	 3.204E+00	 2.057E-01	 4.493E-02	 3.809E+03
  3.152E+00	 3.206E+00	 2.082E-01	 4.598E-02	 3.797E+03
  3.154E+00	 3.207E+00	 2.093E-01	 4.649E-02	 3.791E+03
  3.154E+00	 3.207E+00	 2.094E-01	 4.651E-02	 3.791E+03
  3.154E+00	 3.208E+00	 2.099E-01	 4.674E-02	 3.789E+03
  3.155E+00	 3.208E+00	 2.108E-01	 4.718E-02	 3.784E+03
  3.156E+00	 3.209E+00	 2.113E-01	 4.740E-02	 3.782E+03
  3.156E+00	 3.209E+00	 2.116E-01	 4.754E-02	 3.780E+03
  3.156E+00	 3.209E+00	 2.117E-01	 4.760E-02	 3.780E+03
  3.157E+00	 3.210E+00	 2.125E-01	 4.795E-02	 3.776E+03
  3.158E+00	 3.210E+00	 2.129E-01	 4.813E-02	 3.774E+03
  3.158E+00	 3.210E+00	 2.131E-01	 4.825E-02	 3.773E+03
  3.159E+00	 3.211E+00	 2.140E-01	 4.864E-02	 3.769E+03
  3.159E+00	 3.211E+00	 2.142E-01	 4.875E-02	 3.768E+03
  3.161E+00	 3.212E+00	 2.154E-01	 4.932E-02	 3.762E+03
  3.161E+00	 3.212E+00	 2.159E-01	 4.955E-02	 3.760E+03
  3.161E+00	 3.213E+00	 2.160E-01	 4.956E-02	 3.760E+03
  3.161E+00	 3.213E+00	 2.161E-01	 4.964E-02	 3.759E+03
  3.162E+00	 3.213E+00	 2.167E-01	 4.992E-02	 3.756E+03
  3.162E+00	 3.213E+00	 2.170E-01	 5.003E-02	 3.755E+03
  3.163E+00	 3.213E+00	 2.172E-01	 5.012E-02	 3.754E+03
  3.163E+00	 3.214E+00	 2.176E-01	 5.034E-02	 3.752E+03
  3.165E+00	 3.215E+00	 2.192E-01	 5.106E-02	 3.745E+03
  3.168E+00	 3.217E+00	 2.218E-01	 5.228E-02	 3.732E+03
  3.170E+00	 3.218E+00	 2.231E-01	 5.287E-02	 3.726E+03
  3.170E+00	 3.218E+00	 2.232E-01	 5.290E-02	 3.726E+03
  3.170E+00	 3.219E+00	 2.237E-01	 5.317E-02	 3.724E+03
  3.171E+00	 3.219E+00	 2.247E-01	 5.367E-02	 3.719E+03
  3.172E+00	 3.220E+00	 2.252E-01	 5.392E-02	 3.717E+03
  3.172E+00	 3.220E+00	 2.255E-01	 5.408E-02	 3.716E+03
  3.172E+00	 3.220E+00	 2.256E-01	 5.415E-02	 3.715E+03
  3.173E+00	 3.221E+00	 2.264E-01	 5.455E-02	 3.712E+03
  3.174E+00	 3.221E+00	 2.270E-01	 5.487E-02	 3.709E+03
  3.174E+00	 3.221E+00	 2.271E-01	 5.489E-02	 3.709E+03
  3.175E+00	 3.222E+00	 2.282E-01	 5.545E-02	 3.704E+03
  3.175E+00	 3.222E+00	 2.282E-01	 5.547E-02	 3.703E+03
  3.177E+00	 3.223E+00	 2.295E-01	 5.611E-02	 3.698E+03
  3.178E+00	 3.224E+00	 2.302E-01	 5.649E-02	 3.694E+03
  3.178E+00	 3.224E+00	 2.303E-01	 5.650E-02	 3.694E+03
  3.178E+00	 3.224E+00	 2.304E-01	 5.659E-02	 3.693E+03
  3.179E+00	 3.224E+00	 2.311E-01	 5.692E-02	 3.691E+03
  3.179E+00	 3.225E+00	 2.313E-01	 5.704E-02	 3.689E+03
  3.179E+00	 3.225E+00	 2.315E-01	 5.714E-02	 3.689E+03
  3.180E+00	 3.225E+00	 2.320E-01	 5.740E-02	 3.686E+03
  3.181E+00	 3.226E+00	 2.336E-01	 5.822E-02	 3.679E+03
  3.184E+00	 3.229E+00	 2.364E-01	 5.962E-02	 3.666E+03
  3.186E+00	 3.230E+00	 2.377E-01	 6.029E-02	 3.660E+03
  3.186E+00	 3.230E+00	 2.378E-01	 6.033E-02	 3.660E+03
  3.187E+00	 3.230E+00	 2.383E-01	 6.062E-02	 3.658E+03
  3.188E+00	 3.231E+00	 2.394E-01	 6.119E-02	 3.653E+03
  3.188E+00	 3.231E+00	 2.399E-01	 6.148E-02	 3.651E+03
  3.189E+00	 3.232E+00	 2.402E-01	 6.166E-02	 3.650E+03
  3.189E+00	 3.232E+00	 2.404E-01	 6.173E-02	 3.649E+03
  3.190E+00	 3.232E+00	 2.412E-01	 6.219E-02	 3.645E+03
  3.190E+00	 3.233E+00	 2.418E-01	 6.252E-02	 3.643E+03
  3.190E+00	 3.233E+00	 2.419E-01	 6.257E-02	 3.642E+03
  3.192E+00	 3.234E+00	 2.430E-01	 6.318E-02	 3.638E+03
  3.192E+00	 3.234E+00	 2.431E-01	 6.322E-02	 3.637E+03
  3.193E+00	 3.235E+00	 2.444E-01	 6.394E-02	 3.632E+03
  3.194E+00	 3.235E+00	 2.451E-01	 6.435E-02	 3.628E+03
  3.194E+00	 3.236E+00	 2.451E-01	 6.436E-02	 3.628E+03
  3.194E+00	 3.236E+00	 2.453E-01	 6.446E-02	 3.627E+03
  3.195E+00	 3.236E+00	 2.460E-01	 6.483E-02	 3.625E+03
  3.195E+00	 3.236E+00	 2.463E-01	 6.497E-02	 3.623E+03
  3.195E+00	 3.237E+00	 2.465E-01	 6.508E-02	 3.623E+03
  3.196E+00	 3.237E+00	 2.470E-01	 6.537E-02	 3.620E+03
  3.198E+00	 3.238E+00	 2.487E-01	 6.629E-02	 3.613E+03
  3.201E+00	 3.241E+00	 2.516E-01	 6.788E-02	 3.600E+03
  3.202E+00	 3.242E+00	 2.529E-01	 6.864E-02	 3.594E+03
  3.202E+00	 3.242E+00	 2.530E-01	 6.867E-02	 3.594E+03
  3.203E+00	 3.242E+00	 2.536E-01	 6.901E-02	 3.592E+03
  3.204E+00	 3.243E+00	 2.547E-01	 6.963E-02	 3.587E+03
  3.205E+00	 3.243E+00	 2.552E-01	 6.995E-02	 3.585E+03
  3.205E+00	 3.244E+00	 2.556E-01	 7.016E-02	 3.584E+03
  3.205E+00	 3.244E+00	 2.557E-01	 7.024E-02	 3.583E+03
  3.206E+00	 3.245E+00	 2.566E-01	 7.075E-02	 3.579E+03
  3.206E+00	 3.245E+00	 2.570E-01	 7.100E-02	 3.578E+03
  3.207E+00	 3.245E+00	 2.573E-01	 7.117E-02	 3.576E+03
  3.208E+00	 3.246E+00	 2.583E-01	 7.174E-02	 3.572E+03
  3.208E+00	 3.246E+00	 2.585E-01	 7.189E-02	 3.571E+03
  3.209E+00	 3.247E+00	 2.599E-01	 7.270E-02	 3.565E+03
  3.210E+00	 3.248E+00	 2.605E-01	 7.304E-02	 3.563E+03
  3.210E+00	 3.248E+00	 2.605E-01	 7.305E-02	 3.563E+03
  3.210E+00	 3.248E+00	 2.607E-01	 7.317E-02	 3.562E+03
  3.211E+00	 3.248E+00	 2.614E-01	 7.357E-02	 3.559E+03
  3.211E+00	 3.249E+00	 2.617E-01	 7.373E-02	 3.558E+03
  3.211E+00	 3.249E+00	 2.619E-01	 7.385E-02	 3.557E+03
  3.212E+00	 3.249E+00	 2.625E-01	 7.417E-02	 3.555E+03
  3.214E+00	 3.251E+00	 2.642E-01	 7.520E-02	 3.547E+03
  3.217E+00	 3.253E+00	 2.673E-01	 7.697E-02	 3.535E+03
  3.218E+00	 3.254E+00	 2.687E-01	 7.781E-02	 3.529E+03
  3.218E+00	 3.254E+00	 2.688E-01	 7.785E-02	 3.528E+03
  3.219E+00	 3.255E+00	 2.694E-01	 7.822E-02	 3.526E+03
  3.220E+00	 3.256E+00	 2.705E-01	 7.891E-02	 3.522E+03
  3.221E+00	 3.256E+00	 2.711E-01	 7.926E-02	 3.519E+03
  3.221E+00	 3.256E+00	 2.715E-01	 7.949E-02	 3.518E+03
  3.221E+00	 3.256E+00	 2.716E-01	 7.958E-02	 3.517E+03
  3.222E+00	 3.257E+00	 2.725E-01	 8.014E-02	 3.514E+03
  3.223E+00	 3.258E+00	 2.732E-01	 8.051E-02	 3.511E+03
  3.223E+00	 3.258E+00	 2.733E-01	 8.061E-02	 3.511E+03
  3.224E+00	 3.259E+00	 2.745E-01	 8.132E-02	 3.506E+03
  3.224E+00	 3.259E+00	 2.746E-01	 8.140E-02	 3.505E+03
  3.225E+00	 3.260E+00	 2.761E-01	 8.229E-02	 3.500E+03
  3.226E+00	 3.260E+00	 2.768E-01	 8.276E-02	 3.497E+03
  3.226E+00	 3.261E+00	 2.769E-01	 8.277E-02	 3.496E+03
  3.226E+00	 3.261E+00	 2.771E-01	 8.290E-02	 3.496E+03
  3.227E+00	 3.261E+00	 2.778E-01	 8.335E-02	 3.493E+03
  3.227E+00	 3.261E+00	 2.781E-01	 8.352E-02	 3.492E+03
  3.228E+00	 3.262E+00	 2.783E-01	 8.366E-02	 3.491E+03
  3.228E+00	 3.262E+00	 2.789E-01	 8.401E-02	 3.488E+03
  3.230E+00	 3.264E+00	 2.807E-01	 8.515E-02	 3.481E+03
  3.233E+00	 3.266E+00	 2.839E-01	 8.709E-02	 3.468E+03
  3.235E+00	 3.267E+00	 2.854E-01	 8.802E-02	 3.462E+03
  3.235E+00	 3.267E+00	 2.855E-01	 8.807E-02	 3.462E+03
  3.235E+00	 3.268E+00	 2.861E-01	 8.847E-02	 3.460E+03
  3.236E+00	 3.269E+00	 2.873E-01	 8.922E-02	 3.455E+03
  3.237E+00	 3.269E+00	 2.879E-01	 8.961E-02	 3.453E+03
  3.237E+00	 3.270E+00	 2.883E-01	 8.986E-02	 3.451E+03
  3.237E+00	 3.270E+00	 2.884E-01	 8.996E-02	 3.451E+03
  3.238E+00	 3.270E+00	 2.894E-01	 9.057E-02	 3.447E+03
  3.239E+00	 3.271E+00	 2.900E-01	 9.094E-02	 3.445E+03
  3.239E+00	 3.271E+00	 2.902E-01	 9.108E-02	 3.444E+03
  3.240E+00	 3.272E+00	 2.913E-01	 9.183E-02	 3.439E+03
  3.240E+00	 3.272E+00	 2.915E-01	 9.195E-02	 3.439E+03
  3.242E+00	 3.273E+00	 2.930E-01	 9.292E-02	 3.433E+03
  3.242E+00	 3.274E+00	 2.938E-01	 9.340E-02	 3.430E+03
  3.242E+00	 3.274E+00	 2.938E-01	 9.341E-02	 3.430E+03
  3.243E+00	 3.274E+00	 2.940E-01	 9.355E-02	 3.429E+03
  3.243E+00	 3.275E+00	 2.948E-01	 9.404E-02	 3.426E+03
  3.244E+00	 3.275E+00	 2.951E-01	 9.424E-02	 3.425E+03
  3.244E+00	 3.275E+00	 2.953E-01	 9.438E-02	 3.424E+03
  3.244E+00	 3.276E+00	 2.959E-01	 9.477E-02	 3.422E+03
  3.246E+00	 3.277E+00	 2.978E-01	 9.601E-02	 3.414E+03
  3.249E+00	 3.280E+00	 3.011E-01	 9.814E-02	 3.402E+03
  3.251E+00	 3.281E+00	 3.027E-01	 9.916E-02	 3.396E+03
  3.251E+00	 3.281E+00	 3.028E-01	 9.921E-02	 3.395E+03
  3.251E+00	 3.281E+00	 3.034E-01	 9.964E-02	 3.393E+03
  3.253E+00	 3.282E+00	 3.046E-01	 1.005E-01	 3.388E+03
  3.253E+00	 3.283E+00	 3.052E-01	 1.009E-01	 3.386E+03
  3.253E+00	 3.283E+00	 3.056E-01	 1.011E-01	 3.385E+03
  3.254E+00	 3.283E+00	 3.058E-01	 1.013E-01	 3.384E+03
  3.255E+00	 3.284E+00	 3.067E-01	 1.019E-01	 3.380E+03
  3.255E+00	 3.284E+00	 3.072E-01	 1.022E-01	 3.379E+03
  3.255E+00	 3.285E+00	 3.076E-01	 1.025E-01	 3.377E+03
  3.256E+00	 3.286E+00	 3.086E-01	 1.032E-01	 3.373E+03
  3.257E+00	 3.286E+00	 3.090E-01	 1.034E-01	 3.372E+03
  3.258E+00	 3.287E+00	 3.105E-01	 1.045E-01	 3.366E+03
  3.258E+00	 3.287E+00	 3.111E-01	 1.049E-01	 3.364E+03
  3.258E+00	 3.288E+00	 3.111E-01	 1.049E-01	 3.364E+03
  3.259E+00	 3.288E+00	 3.113E-01	 1.051E-01	 3.363E+03
  3.259E+00	 3.288E+00	 3.121E-01	 1.056E-01	 3.360E+03
  3.260E+00	 3.289E+00	 3.124E-01	 1.058E-01	 3.359E+03
  3.260E+00	 3.289E+00	 3.126E-01	 1.059E-01	 3.358E+03
  3.260E+00	 3.289E+00	 3.133E-01	 1.064E-01	 3.356E+03
  3.262E+00	 3.291E+00	 3.152E-01	 1.077E-01	 3.348E+03
  3.265E+00	 3.293E+00	 3.186E-01	 1.100E-01	 3.335E+03
  3.267E+00	 3.295E+00	 3.202E-01	 1.111E-01	 3.329E+03
  3.267E+00	 3.295E+00	 3.203E-01	 1.112E-01	 3.329E+03
  3.267E+00	 3.295E+00	 3.210E-01	 1.117E-01	 3.327E+03
  3.269E+00	 3.296E+00	 3.222E-01	 1.125E-01	 3.322E+03
  3.269E+00	 3.297E+00	 3.228E-01	 1.130E-01	 3.320E+03
  3.270E+00	 3.297E+00	 3.232E-01	 1.133E-01	 3.318E+03
  3.270E+00	 3.297E+00	 3.234E-01	 1.134E-01	 3.318E+03
  3.271E+00	 3.298E+00	 3.244E-01	 1.141E-01	 3.314E+03
  3.271E+00	 3.299E+00	 3.252E-01	 1.147E-01	 3.311E+03
  3.271E+00	 3.299E+00	 3.252E-01	 1.148E-01	 3.311E+03
  3.273E+00	 3.300E+00	 3.266E-01	 1.157E-01	 3.306E+03
  3.273E+00	 3.300E+00	 3.267E-01	 1.158E-01	 3.305E+03
  3.274E+00	 3.301E+00	 3.282E-01	 1.169E-01	 3.300E+03
  3.275E+00	 3.302E+00	 3.292E-01	 1.176E-01	 3.296E+03
  3.275E+00	 3.302E+00	 3.293E-01	 1.177E-01	 3.296E+03
  3.275E+00	 3.302E+00	 3.295E-01	 1.178E-01	 3.295E+03
  3.276E+00	 3.303E+00	 3.303E-01	 1.184E-01	 3.292E+03
  3.276E+00	 3.303E+00	 3.306E-01	 1.186E-01	 3.291E+03
  3.276E+00	 3.303E+00	 3.308E-01	 1.188E-01	 3.290E+03
  3.277E+00	 3.304E+00	 3.314E-01	 1.192E-01	 3.288E+03
  3.279E+00	 3.305E+00	 3.335E-01	 1.207E-01	 3.280E+03
  3.282E+00	 3.308E+00	 3.369E-01	 1.232E-01	 3.267E+03
  3.283E+00	 3.309E+00	 3.386E-01	 1.244E-01	 3.261E+03
  3.283E+00	 3.309E+00	 3.386E-01	 1.244E-01	 3.261E+03
  3.284E+00	 3.310E+00	 3.393E-01	 1.249E-01	 3.258E+03
  3.285E+00	 3.311E+00	 3.405E-01	 1.259E-01	 3.254E+03
  3.286E+00	 3.311E+00	 3.412E-01	 1.264E-01	 3.251E+03
  3.286E+00	 3.312E+00	 3.416E-01	 1.267E-01	 3.250E+03
  3.286E+00	 3.312E+00	 3.417E-01	 1.268E-01	 3.249E+03
  3.287E+00	 3.312E+00	 3.427E-01	 1.276E-01	 3.246E+03
  3.287E+00	 3.313E+00	 3.431E-01	 1.279E-01	 3.244E+03
  3.288E+00	 3.313E+00	 3.436E-01	 1.282E-01	 3.242E+03
  3.289E+00	 3.314E+00	 3.446E-01	 1.290E-01	 3.239E+03
  3.289E+00	 3.314E+00	 3.450E-01	 1.293E-01	 3.237E+03
  3.290E+00	 3.315E+00	 3.466E-01	 1.305E-01	 3.231E+03
  3.291E+00	 3.316E+00	 3.471E-01	 1.310E-01	 3.229E+03
  3.291E+00	 3.316E+00	 3.472E-01	 1.310E-01	 3.229E+03
  3.291E+00	 3.316E+00	 3.474E-01	 1.312E-01	 3.228E+03
  3.292E+00	 3.317E+00	 3.482E-01	 1.318E-01	 3.225E+03
  3.292E+00	 3.317E+00	 3.485E-01	 1.320E-01	 3.224E+03
  3.292E+00	 3.317E+00	 3.488E-01	 1.322E-01	 3.223E+03
  3.293E+00	 3.318E+00	 3.494E-01	 1.327E-01	 3.221E+03
  3.295E+00	 3.319E+00	 3.514E-01	 1.343E-01	 3.213E+03
  3.298E+00	 3.322E+00	 3.549E-01	 1.369E-01	 3.200E+03
  3.299E+00	 3.323E+00	 3.566E-01	 1.382E-01	 3.194E+03
  3.299E+00	 3.323E+00	 3.567E-01	 1.383E-01	 3.194E+03
  3.300E+00	 3.324E+00	 3.573E-01	 1.388E-01	 3.192E+03
  3.301E+00	 3.325E+00	 3.586E-01	 1.398E-01	 3.187E+03
  3.302E+00	 3.325E+00	 3.592E-01	 1.403E-01	 3.185E+03
  3.302E+00	 3.326E+00	 3.596E-01	 1.407E-01	 3.183E+03
  3.302E+00	 3.326E+00	 3.598E-01	 1.408E-01	 3.182E+03
  3.303E+00	 3.327E+00	 3.608E-01	 1.416E-01	 3.179E+03
  3.304E+00	 3.327E+00	 3.617E-01	 1.423E-01	 3.176E+03
  3.304E+00	 3.327E+00	 3.618E-01	 1.424E-01	 3.175E+03
  3.305E+00	 3.328E+00	 3.631E-01	 1.435E-01	 3.170E+03
  3.305E+00	 3.329E+00	 3.633E-01	 1.436E-01	 3.170E+03
  3.306E+00	 3.330E+00	 3.647E-01	 1.448E-01	 3.164E+03
  3.307E+00	 3.331E+00	 3.659E-01	 1.457E-01	 3.160E+03
  3.307E+00	 3.331E+00	 3.659E-01	 1.458E-01	 3.160E+03
  3.308E+00	 3.331E+00	 3.662E-01	 1.460E-01	 3.159E+03
  3.308E+00	 3.332E+00	 3.670E-01	 1.466E-01	 3.156E+03
  3.309E+00	 3.332E+00	 3.673E-01	 1.469E-01	 3.155E+03
  3.309E+00	 3.332E+00	 3.675E-01	 1.471E-01	 3.154E+03
  3.309E+00	 3.332E+00	 3.682E-01	 1.476E-01	 3.152E+03
  3.311E+00	 3.334E+00	 3.702E-01	 1.493E-01	 3.144E+03
  3.314E+00	 3.337E+00	 3.738E-01	 1.521E-01	 3.131E+03
  3.316E+00	 3.338E+00	 3.755E-01	 1.535E-01	 3.125E+03
  3.316E+00	 3.338E+00	 3.755E-01	 1.535E-01	 3.125E+03
  3.316E+00	 3.339E+00	 3.762E-01	 1.541E-01	 3.122E+03
  3.318E+00	 3.340E+00	 3.775E-01	 1.552E-01	 3.118E+03
  3.318E+00	 3.340E+00	 3.781E-01	 1.557E-01	 3.115E+03
  3.319E+00	 3.341E+00	 3.785E-01	 1.561E-01	 3.114E+03
  3.319E+00	 3.341E+00	 3.787E-01	 1.562E-01	 3.113E+03
  3.320E+00	 3.342E+00	 3.797E-01	 1.571E-01	 3.109E+03
  3.320E+00	 3.342E+00	 3.805E-01	 1.577E-01	 3.107E+03
  3.320E+00	 3.342E+00	 3.806E-01	 1.578E-01	 3.106E+03
  3.321E+00	 3.343E+00	 3.820E-01	 1.590E-01	 3.101E+03
  3.322E+00	 3.343E+00	 3.821E-01	 1.591E-01	 3.101E+03
  3.323E+00	 3.345E+00	 3.837E-01	 1.605E-01	 3.095E+03
  3.324E+00	 3.345E+00	 3.846E-01	 1.612E-01	 3.092E+03
  3.324E+00	 3.345E+00	 3.846E-01	 1.613E-01	 3.091E+03
  3.324E+00	 3.346E+00	 3.849E-01	 1.615E-01	 3.091E+03
  3.325E+00	 3.346E+00	 3.857E-01	 1.622E-01	 3.088E+03
  3.325E+00	 3.347E+00	 3.860E-01	 1.624E-01	 3.086E+03
  3.325E+00	 3.347E+00	 3.863E-01	 1.626E-01	 3.086E+03
  3.326E+00	 3.347E+00	 3.869E-01	 1.632E-01	 3.083E+03
  3.328E+00	 3.349E+00	 3.890E-01	 1.650E-01	 3.076E+03
  3.331E+00	 3.352E+00	 3.926E-01	 1.680E-01	 3.062E+03
  3.332E+00	 3.353E+00	 3.943E-01	 1.695E-01	 3.056E+03
  3.332E+00	 3.353E+00	 3.944E-01	 1.695E-01	 3.056E+03
  3.333E+00	 3.354E+00	 3.950E-01	 1.701E-01	 3.053E+03
  3.334E+00	 3.355E+00	 3.963E-01	 1.713E-01	 3.049E+03
  3.334E+00	 3.355E+00	 3.970E-01	 1.719E-01	 3.046E+03
  3.335E+00	 3.356E+00	 3.974E-01	 1.722E-01	 3.045E+03
  3.335E+00	 3.356E+00	 3.976E-01	 1.724E-01	 3.044E+03
  3.336E+00	 3.356E+00	 3.986E-01	 1.733E-01	 3.041E+03
  3.336E+00	 3.357E+00	 3.989E-01	 1.736E-01	 3.039E+03
  3.337E+00	 3.357E+00	 3.995E-01	 1.741E-01	 3.037E+03
  3.337E+00	 3.358E+00	 4.005E-01	 1.749E-01	 3.034E+03
  3.338E+00	 3.358E+00	 4.010E-01	 1.754E-01	 3.032E+03
  3.339E+00	 3.360E+00	 4.026E-01	 1.769E-01	 3.026E+03
  3.340E+00	 3.360E+00	 4.031E-01	 1.773E-01	 3.024E+03
  3.340E+00	 3.360E+00	 4.032E-01	 1.773E-01	 3.024E+03
  3.340E+00	 3.360E+00	 4.034E-01	 1.775E-01	 3.023E+03
  3.341E+00	 3.361E+00	 4.042E-01	 1.783E-01	 3.020E+03
  3.341E+00	 3.361E+00	 4.045E-01	 1.786E-01	 3.019E+03
  3.341E+00	 3.361E+00	 4.048E-01	 1.788E-01	 3.018E+03
  3.342E+00	 3.362E+00	 4.055E-01	 1.794E-01	 3.016E+03
  3.344E+00	 3.364E+00	 4.076E-01	 1.813E-01	 3.008E+03
  3.347E+00	 3.366E+00	 4.112E-01	 1.845E-01	 2.995E+03
  3.348E+00	 3.368E+00	 4.129E-01	 1.860E-01	 2.989E+03
  3.348E+00	 3.368E+00	 4.130E-01	 1.861E-01	 2.988E+03
  3.349E+00	 3.368E+00	 4.137E-01	 1.867E-01	 2.986E+03
  3.350E+00	 3.369E+00	 4.150E-01	 1.879E-01	 2.981E+03
  3.350E+00	 3.370E+00	 4.156E-01	 1.886E-01	 2.979E+03
  3.351E+00	 3.370E+00	 4.161E-01	 1.890E-01	 2.977E+03
  3.351E+00	 3.370E+00	 4.162E-01	 1.891E-01	 2.977E+03
  3.352E+00	 3.371E+00	 4.173E-01	 1.901E-01	 2.973E+03
  3.353E+00	 3.372E+00	 4.182E-01	 1.909E-01	 2.970E+03
  3.354E+00	 3.373E+00	 4.197E-01	 1.923E-01	 2.964E+03
  3.355E+00	 3.374E+00	 4.213E-01	 1.939E-01	 2.958E+03
  3.361E+00	 3.379E+00	 4.276E-01	 1.998E-01	 2.936E+03
  3.362E+00	 3.381E+00	 4.291E-01	 2.012E-01	 2.930E+03
  3.364E+00	 3.383E+00	 4.318E-01	 2.037E-01	 2.921E+03
  3.364E+00	 3.383E+00	 4.318E-01	 2.038E-01	 2.921E+03
  3.364E+00	 3.383E+00	 4.321E-01	 2.040E-01	 2.920E+03
  3.365E+00	 3.384E+00	 4.329E-01	 2.048E-01	 2.917E+03
  3.365E+00	 3.384E+00	 4.332E-01	 2.051E-01	 2.915E+03
  3.366E+00	 3.384E+00	 4.335E-01	 2.053E-01	 2.915E+03
  3.366E+00	 3.384E+00	 4.342E-01	 2.060E-01	 2.912E+03
  3.368E+00	 3.386E+00	 4.363E-01	 2.080E-01	 2.904E+03
  3.371E+00	 3.389E+00	 4.399E-01	 2.114E-01	 2.891E+03
  3.372E+00	 3.390E+00	 4.417E-01	 2.130E-01	 2.885E+03
  3.373E+00	 3.390E+00	 4.418E-01	 2.131E-01	 2.885E+03
  3.373E+00	 3.391E+00	 4.425E-01	 2.138E-01	 2.882E+03
  3.374E+00	 3.392E+00	 4.438E-01	 2.151E-01	 2.877E+03
  3.375E+00	 3.393E+00	 4.444E-01	 2.158E-01	 2.875E+03
  3.375E+00	 3.393E+00	 4.449E-01	 2.162E-01	 2.874E+03
  3.375E+00	 3.393E+00	 4.450E-01	 2.164E-01	 2.873E+03
  3.376E+00	 3.394E+00	 4.461E-01	 2.174E-01	 2.869E+03
  3.377E+00	 3.395E+00	 4.470E-01	 2.183E-01	 2.866E+03
  3.378E+00	 3.396E+00	 4.485E-01	 2.198E-01	 2.860E+03
  3.380E+00	 3.397E+00	 4.501E-01	 2.215E-01	 2.854E+03
  3.384E+00	 3.402E+00	 4.559E-01	 2.273E-01	 2.834E+03
  3.386E+00	 3.403E+00	 4.574E-01	 2.288E-01	 2.828E+03
  3.388E+00	 3.405E+00	 4.602E-01	 2.316E-01	 2.818E+03
  3.388E+00	 3.405E+00	 4.602E-01	 2.316E-01	 2.818E+03
  3.388E+00	 3.405E+00	 4.604E-01	 2.318E-01	 2.817E+03
  3.389E+00	 3.406E+00	 4.613E-01	 2.327E-01	 2.814E+03
  3.389E+00	 3.406E+00	 4.616E-01	 2.330E-01	 2.813E+03
  3.390E+00	 3.406E+00	 4.619E-01	 2.333E-01	 2.812E+03
  3.390E+00	 3.407E+00	 4.625E-01	 2.339E-01	 2.810E+03
  3.392E+00	 3.409E+00	 4.647E-01	 2.361E-01	 2.802E+03
  3.395E+00	 3.411E+00	 4.683E-01	 2.398E-01	 2.789E+03
  3.396E+00	 3.413E+00	 4.701E-01	 2.415E-01	 2.782E+03
  3.397E+00	 3.413E+00	 4.702E-01	 2.416E-01	 2.782E+03
  3.397E+00	 3.413E+00	 4.709E-01	 2.424E-01	 2.780E+03
  3.398E+00	 3.414E+00	 4.722E-01	 2.437E-01	 2.775E+03
  3.399E+00	 3.415E+00	 4.729E-01	 2.445E-01	 2.772E+03
  3.399E+00	 3.415E+00	 4.733E-01	 2.449E-01	 2.771E+03
  3.399E+00	 3.415E+00	 4.735E-01	 2.451E-01	 2.770E+03
  3.400E+00	 3.416E+00	 4.745E-01	 2.462E-01	 2.766E+03
  3.401E+00	 3.417E+00	 4.754E-01	 2.472E-01	 2.763E+03
  3.401E+00	 3.417E+00	 4.756E-01	 2.473E-01	 2.763E+03
  3.402E+00	 3.418E+00	 4.769E-01	 2.487E-01	 2.758E+03
  3.402E+00	 3.418E+00	 4.771E-01	 2.490E-01	 2.757E+03
  3.404E+00	 3.420E+00	 4.786E-01	 2.505E-01	 2.752E+03
  3.405E+00	 3.420E+00	 4.798E-01	 2.518E-01	 2.747E+03
  3.405E+00	 3.421E+00	 4.799E-01	 2.519E-01	 2.747E+03
  3.405E+00	 3.421E+00	 4.801E-01	 2.521E-01	 2.746E+03
  3.406E+00	 3.421E+00	 4.810E-01	 2.530E-01	 2.743E+03
  3.406E+00	 3.422E+00	 4.813E-01	 2.534E-01	 2.742E+03
  3.406E+00	 3.422E+00	 4.815E-01	 2.536E-01	 2.741E+03
  3.407E+00	 3.422E+00	 4.822E-01	 2.544E-01	 2.739E+03
  3.408E+00	 3.424E+00	 4.844E-01	 2.566E-01	 2.731E+03
  3.412E+00	 3.427E+00	 4.880E-01	 2.605E-01	 2.717E+03
  3.413E+00	 3.428E+00	 4.898E-01	 2.624E-01	 2.711E+03
  3.413E+00	 3.428E+00	 4.899E-01	 2.625E-01	 2.711E+03
  3.414E+00	 3.429E+00	 4.906E-01	 2.632E-01	 2.708E+03
  3.415E+00	 3.430E+00	 4.919E-01	 2.647E-01	 2.703E+03
  3.415E+00	 3.431E+00	 4.926E-01	 2.654E-01	 2.701E+03
  3.416E+00	 3.431E+00	 4.930E-01	 2.659E-01	 2.700E+03
  3.416E+00	 3.431E+00	 4.932E-01	 2.661E-01	 2.699E+03
  3.417E+00	 3.432E+00	 4.942E-01	 2.673E-01	 2.695E+03
  3.417E+00	 3.432E+00	 4.951E-01	 2.682E-01	 2.692E+03
  3.417E+00	 3.433E+00	 4.951E-01	 2.683E-01	 2.692E+03
  3.419E+00	 3.434E+00	 4.966E-01	 2.699E-01	 2.686E+03
  3.419E+00	 3.434E+00	 4.967E-01	 2.699E-01	 2.686E+03
  3.420E+00	 3.435E+00	 4.983E-01	 2.718E-01	 2.680E+03
  3.421E+00	 3.436E+00	 4.993E-01	 2.729E-01	 2.677E+03
  3.421E+00	 3.436E+00	 4.994E-01	 2.729E-01	 2.676E+03
  3.421E+00	 3.436E+00	 4.996E-01	 2.732E-01	 2.676E+03
  3.422E+00	 3.437E+00	 5.005E-01	 2.741E-01	 2.673E+03
  3.422E+00	 3.437E+00	 5.008E-01	 2.745E-01	 2.671E+03
  3.422E+00	 3.437E+00	 5.011E-01	 2.748E-01	 2.670E+03
  3.423E+00	 3.438E+00	 5.017E-01	 2.755E-01	 2.668E+03
  3.425E+00	 3.439E+00	 5.039E-01	 2.779E-01	 2.660E+03
  3.428E+00	 3.442E+00	 5.076E-01	 2.819E-01	 2.647E+03
  3.429E+00	 3.444E+00	 5.094E-01	 2.839E-01	 2.640E+03
  3.429E+00	 3.444E+00	 5.095E-01	 2.840E-01	 2.640E+03
  3.430E+00	 3.444E+00	 5.102E-01	 2.848E-01	 2.637E+03
  3.431E+00	 3.445E+00	 5.115E-01	 2.863E-01	 2.633E+03
  3.432E+00	 3.446E+00	 5.122E-01	 2.871E-01	 2.630E+03
  3.432E+00	 3.446E+00	 5.126E-01	 2.876E-01	 2.629E+03
  3.432E+00	 3.446E+00	 5.128E-01	 2.878E-01	 2.628E+03
  3.433E+00	 3.447E+00	 5.138E-01	 2.890E-01	 2.624E+03
  3.434E+00	 3.448E+00	 5.147E-01	 2.900E-01	 2.621E+03
  3.434E+00	 3.448E+00	 5.149E-01	 2.902E-01	 2.620E+03
  3.435E+00	 3.449E+00	 5.163E-01	 2.917E-01	 2.615E+03
  3.435E+00	 3.449E+00	 5.165E-01	 2.920E-01	 2.615E+03
  3.436E+00	 3.451E+00	 5.180E-01	 2.937E-01	 2.609E+03
  3.438E+00	 3.452E+00	 5.192E-01	 2.951E-01	 2.605E+03
  3.438E+00	 3.452E+00	 5.193E-01	 2.951E-01	 2.605E+03
  3.438E+00	 3.452E+00	 5.195E-01	 2.954E-01	 2.604E+03
  3.438E+00	 3.452E+00	 5.204E-01	 2.964E-01	 2.601E+03
  3.439E+00	 3.453E+00	 5.207E-01	 2.968E-01	 2.599E+03
  3.439E+00	 3.453E+00	 5.209E-01	 2.971E-01	 2.599E+03
  3.440E+00	 3.453E+00	 5.216E-01	 2.978E-01	 2.596E+03
  3.441E+00	 3.455E+00	 5.238E-01	 3.003E-01	 2.588E+03
  3.444E+00	 3.458E+00	 5.275E-01	 3.045E-01	 2.575E+03
  3.446E+00	 3.459E+00	 5.293E-01	 3.066E-01	 2.568E+03
  3.446E+00	 3.460E+00	 5.294E-01	 3.067E-01	 2.568E+03
  3.447E+00	 3.460E+00	 5.301E-01	 3.075E-01	 2.566E+03
  3.448E+00	 3.461E+00	 5.314E-01	 3.091E-01	 2.561E+03
  3.448E+00	 3.462E+00	 5.321E-01	 3.099E-01	 2.558E+03
  3.449E+00	 3.462E+00	 5.326E-01	 3.104E-01	 2.557E+03
  3.449E+00	 3.462E+00	 5.327E-01	 3.106E-01	 2.556E+03
  3.450E+00	 3.463E+00	 5.338E-01	 3.119E-01	 2.552E+03
  3.450E+00	 3.464E+00	 5.347E-01	 3.129E-01	 2.549E+03
  3.450E+00	 3.464E+00	 5.349E-01	 3.131E-01	 2.548E+03
  3.452E+00	 3.465E+00	 5.362E-01	 3.147E-01	 2.543E+03
  3.452E+00	 3.465E+00	 5.365E-01	 3.150E-01	 2.543E+03
  3.453E+00	 3.466E+00	 5.380E-01	 3.167E-01	 2.537E+03
  3.454E+00	 3.467E+00	 5.392E-01	 3.182E-01	 2.533E+03
  3.454E+00	 3.467E+00	 5.393E-01	 3.183E-01	 2.533E+03
  3.454E+00	 3.468E+00	 5.395E-01	 3.185E-01	 2.532E+03
  3.455E+00	 3.468E+00	 5.404E-01	 3.196E-01	 2.529E+03
  3.455E+00	 3.468E+00	 5.407E-01	 3.200E-01	 2.527E+03
  3.456E+00	 3.469E+00	 5.410E-01	 3.203E-01	 2.526E+03
  3.456E+00	 3.469E+00	 5.416E-01	 3.211E-01	 2.524E+03
  3.458E+00	 3.471E+00	 5.438E-01	 3.236E-01	 2.516E+03
  3.461E+00	 3.474E+00	 5.476E-01	 3.280E-01	 2.503E+03
  3.462E+00	 3.475E+00	 5.494E-01	 3.302E-01	 2.496E+03
  3.463E+00	 3.475E+00	 5.495E-01	 3.303E-01	 2.496E+03
  3.463E+00	 3.476E+00	 5.502E-01	 3.311E-01	 2.493E+03
  3.464E+00	 3.477E+00	 5.515E-01	 3.327E-01	 2.488E+03
  3.465E+00	 3.478E+00	 5.522E-01	 3.336E-01	 2.486E+03
  3.465E+00	 3.478E+00	 5.526E-01	 3.341E-01	 2.484E+03
  3.465E+00	 3.478E+00	 5.528E-01	 3.343E-01	 2.484E+03
  3.466E+00	 3.479E+00	 5.539E-01	 3.356E-01	 2.480E+03
  3.466E+00	 3.479E+00	 5.542E-01	 3.361E-01	 2.479E+03
  3.467E+00	 3.480E+00	 5.548E-01	 3.367E-01	 2.477E+03
  3.468E+00	 3.480E+00	 5.558E-01	 3.380E-01	 2.473E+03
  3.468E+00	 3.481E+00	 5.563E-01	 3.386E-01	 2.471E+03
  3.470E+00	 3.482E+00	 5.581E-01	 3.407E-01	 2.465E+03
  3.470E+00	 3.483E+00	 5.586E-01	 3.413E-01	 2.463E+03
  3.470E+00	 3.483E+00	 5.586E-01	 3.414E-01	 2.463E+03
  3.470E+00	 3.483E+00	 5.589E-01	 3.417E-01	 2.462E+03
  3.471E+00	 3.483E+00	 5.597E-01	 3.427E-01	 2.459E+03
  3.471E+00	 3.484E+00	 5.601E-01	 3.431E-01	 2.458E+03
  3.471E+00	 3.484E+00	 5.603E-01	 3.435E-01	 2.457E+03
  3.472E+00	 3.484E+00	 5.610E-01	 3.443E-01	 2.454E+03
  3.474E+00	 3.486E+00	 5.632E-01	 3.470E-01	 2.446E+03
  3.477E+00	 3.489E+00	 5.670E-01	 3.515E-01	 2.433E+03
  3.478E+00	 3.491E+00	 5.688E-01	 3.537E-01	 2.426E+03
  3.478E+00	 3.491E+00	 5.689E-01	 3.538E-01	 2.426E+03
  3.479E+00	 3.491E+00	 5.696E-01	 3.547E-01	 2.423E+03
  3.480E+00	 3.492E+00	 5.709E-01	 3.564E-01	 2.418E+03
  3.481E+00	 3.493E+00	 5.716E-01	 3.572E-01	 2.416E+03
  3.481E+00	 3.493E+00	 5.721E-01	 3.578E-01	 2.414E+03
  3.481E+00	 3.493E+00	 5.722E-01	 3.580E-01	 2.414E+03
  3.482E+00	 3.494E+00	 5.733E-01	 3.594E-01	 2.410E+03
  3.483E+00	 3.495E+00	 5.742E-01	 3.605E-01	 2.406E+03
  3.483E+00	 3.495E+00	 5.743E-01	 3.607E-01	 2.406E+03
  3.484E+00	 3.496E+00	 5.758E-01	 3.624E-01	 2.401E+03
  3.484E+00	 3.496E+00	 5.759E-01	 3.626E-01	 2.400E+03
  3.486E+00	 3.497E+00	 5.775E-01	 3.646E-01	 2.395E+03
  3.487E+00	 3.498E+00	 5.787E-01	 3.661E-01	 2.390E+03
  3.487E+00	 3.498E+00	 5.787E-01	 3.662E-01	 2.390E+03
  3.487E+00	 3.499E+00	 5.790E-01	 3.665E-01	 2.389E+03
  3.487E+00	 3.499E+00	 5.799E-01	 3.675E-01	 2.386E+03
  3.488E+00	 3.500E+00	 5.802E-01	 3.680E-01	 2.385E+03
  3.488E+00	 3.500E+00	 5.804E-01	 3.683E-01	 2.384E+03
  3.489E+00	 3.500E+00	 5.811E-01	 3.692E-01	 2.382E+03
  3.490E+00	 3.502E+00	 5.833E-01	 3.719E-01	 2.374E+03
  3.493E+00	 3.505E+00	 5.871E-01	 3.766E-01	 2.360E+03
  3.495E+00	 3.506E+00	 5.889E-01	 3.789E-01	 2.353E+03
  3.495E+00	 3.507E+00	 5.890E-01	 3.790E-01	 2.353E+03
  3.496E+00	 3.507E+00	 5.897E-01	 3.799E-01	 2.351E+03
  3.497E+00	 3.508E+00	 5.911E-01	 3.817E-01	 2.346E+03
  3.497E+00	 3.509E+00	 5.918E-01	 3.826E-01	 2.343E+03
  3.498E+00	 3.509E+00	 5.922E-01	 3.831E-01	 2.342E+03
  3.498E+00	 3.509E+00	 5.924E-01	 3.833E-01	 2.341E+03
  3.499E+00	 3.510E+00	 5.935E-01	 3.847E-01	 2.337E+03
  3.499E+00	 3.511E+00	 5.944E-01	 3.859E-01	 2.334E+03
  3.499E+00	 3.511E+00	 5.944E-01	 3.860E-01	 2.334E+03
  3.501E+00	 3.512E+00	 5.959E-01	 3.879E-01	 2.328E+03
  3.501E+00	 3.512E+00	 5.960E-01	 3.880E-01	 2.328E+03
  3.502E+00	 3.513E+00	 5.977E-01	 3.901E-01	 2.322E+03
  3.503E+00	 3.514E+00	 5.988E-01	 3.916E-01	 2.318E+03
  3.503E+00	 3.514E+00	 5.988E-01	 3.917E-01	 2.318E+03
  3.503E+00	 3.514E+00	 5.991E-01	 3.920E-01	 2.317E+03
  3.504E+00	 3.515E+00	 5.999E-01	 3.931E-01	 2.314E+03
  3.504E+00	 3.515E+00	 6.003E-01	 3.935E-01	 2.312E+03
  3.504E+00	 3.516E+00	 6.005E-01	 3.939E-01	 2.311E+03
  3.505E+00	 3.516E+00	 6.012E-01	 3.948E-01	 2.309E+03
  3.507E+00	 3.518E+00	 6.034E-01	 3.976E-01	 2.301E+03
  3.510E+00	 3.521E+00	 6.072E-01	 4.025E-01	 2.287E+03
  3.511E+00	 3.522E+00	 6.090E-01	 4.048E-01	 2.281E+03
  3.511E+00	 3.522E+00	 6.091E-01	 4.049E-01	 2.280E+03
  3.512E+00	 3.523E+00	 6.098E-01	 4.059E-01	 2.278E+03
  3.513E+00	 3.524E+00	 6.112E-01	 4.077E-01	 2.273E+03
  3.514E+00	 3.525E+00	 6.119E-01	 4.086E-01	 2.270E+03
  3.514E+00	 3.525E+00	 6.123E-01	 4.091E-01	 2.269E+03
  3.514E+00	 3.525E+00	 6.125E-01	 4.094E-01	 2.268E+03
  3.515E+00	 3.526E+00	 6.136E-01	 4.108E-01	 2.264E+03
  3.516E+00	 3.526E+00	 6.143E-01	 4.118E-01	 2.261E+03
  3.516E+00	 3.527E+00	 6.145E-01	 4.120E-01	 2.261E+03
  3.517E+00	 3.528E+00	 6.159E-01	 4.139E-01	 2.256E+03
  3.517E+00	 3.528E+00	 6.161E-01	 4.141E-01	 2.255E+03
  3.518E+00	 3.529E+00	 6.178E-01	 4.164E-01	 2.249E+03
  3.519E+00	 3.530E+00	 6.187E-01	 4.176E-01	 2.246E+03
  3.519E+00	 3.530E+00	 6.187E-01	 4.176E-01	 2.246E+03
  3.519E+00	 3.530E+00	 6.190E-01	 4.179E-01	 2.245E+03
  3.520E+00	 3.531E+00	 6.198E-01	 4.191E-01	 2.241E+03
  3.520E+00	 3.531E+00	 6.202E-01	 4.196E-01	 2.240E+03
  3.521E+00	 3.531E+00	 6.204E-01	 4.199E-01	 2.239E+03
  3.521E+00	 3.532E+00	 6.211E-01	 4.208E-01	 2.237E+03
  3.523E+00	 3.534E+00	 6.233E-01	 4.237E-01	 2.229E+03
  3.526E+00	 3.537E+00	 6.271E-01	 4.288E-01	 2.215E+03
  3.528E+00	 3.538E+00	 6.290E-01	 4.312E-01	 2.208E+03
  3.528E+00	 3.538E+00	 6.290E-01	 4.313E-01	 2.208E+03
  3.528E+00	 3.539E+00	 6.298E-01	 4.322E-01	 2.205E+03
  3.529E+00	 3.540E+00	 6.311E-01	 4.341E-01	 2.201E+03
  3.530E+00	 3.540E+00	 6.318E-01	 4.350E-01	 2.198E+03
  3.530E+00	 3.541E+00	 6.322E-01	 4.356E-01	 2.196E+03
  3.530E+00	 3.541E+00	 6.324E-01	 4.359E-01	 2.196E+03
  3.531E+00	 3.542E+00	 6.335E-01	 4.373E-01	 2.192E+03
  3.532E+00	 3.542E+00	 6.344E-01	 4.386E-01	 2.188E+03
  3.532E+00	 3.543E+00	 6.348E-01	 4.391E-01	 2.187E+03
  3.533E+00	 3.544E+00	 6.360E-01	 4.407E-01	 2.183E+03
  3.534E+00	 3.544E+00	 6.364E-01	 4.413E-01	 2.181E+03
  3.535E+00	 3.545E+00	 6.377E-01	 4.430E-01	 2.177E+03
  3.536E+00	 3.546E+00	 6.392E-01	 4.451E-01	 2.171E+03
  3.536E+00	 3.546E+00	 6.393E-01	 4.451E-01	 2.171E+03
  3.536E+00	 3.546E+00	 6.395E-01	 4.455E-01	 2.170E+03
  3.537E+00	 3.547E+00	 6.404E-01	 4.467E-01	 2.167E+03
  3.537E+00	 3.547E+00	 6.407E-01	 4.471E-01	 2.166E+03
  3.537E+00	 3.548E+00	 6.410E-01	 4.475E-01	 2.165E+03
  3.538E+00	 3.548E+00	 6.417E-01	 4.484E-01	 2.162E+03
  3.540E+00	 3.550E+00	 6.439E-01	 4.514E-01	 2.154E+03
  3.543E+00	 3.553E+00	 6.477E-01	 4.566E-01	 2.140E+03
  3.544E+00	 3.554E+00	 6.495E-01	 4.591E-01	 2.134E+03
  3.544E+00	 3.554E+00	 6.496E-01	 4.592E-01	 2.133E+03
  3.545E+00	 3.555E+00	 6.503E-01	 4.602E-01	 2.131E+03
  3.546E+00	 3.556E+00	 6.517E-01	 4.620E-01	 2.126E+03
  3.547E+00	 3.556E+00	 6.524E-01	 4.630E-01	 2.123E+03
  3.547E+00	 3.557E+00	 6.528E-01	 4.636E-01	 2.122E+03
  3.547E+00	 3.557E+00	 6.530E-01	 4.639E-01	 2.121E+03
  3.548E+00	 3.558E+00	 6.541E-01	 4.654E-01	 2.117E+03
  3.549E+00	 3.559E+00	 6.550E-01	 4.667E-01	 2.114E+03
  3.549E+00	 3.559E+00	 6.552E-01	 4.669E-01	 2.113E+03
  3.550E+00	 3.560E+00	 6.566E-01	 4.688E-01	 2.108E+03
  3.550E+00	 3.560E+00	 6.568E-01	 4.691E-01	 2.107E+03
  3.551E+00	 3.561E+00	 6.583E-01	 4.712E-01	 2.102E+03
  3.553E+00	 3.562E+00	 6.596E-01	 4.730E-01	 2.097E+03
  3.553E+00	 3.562E+00	 6.596E-01	 4.731E-01	 2.097E+03
  3.553E+00	 3.562E+00	 6.599E-01	 4.734E-01	 2.096E+03
  3.553E+00	 3.563E+00	 6.608E-01	 4.746E-01	 2.093E+03
  3.554E+00	 3.563E+00	 6.611E-01	 4.751E-01	 2.091E+03
  3.554E+00	 3.564E+00	 6.614E-01	 4.755E-01	 2.091E+03
  3.555E+00	 3.564E+00	 6.621E-01	 4.764E-01	 2.088E+03
  3.556E+00	 3.566E+00	 6.643E-01	 4.795E-01	 2.080E+03
  3.559E+00	 3.569E+00	 6.681E-01	 4.848E-01	 2.066E+03
  3.561E+00	 3.570E+00	 6.699E-01	 4.873E-01	 2.059E+03
  3.561E+00	 3.570E+00	 6.700E-01	 4.874E-01	 2.059E+03
  3.562E+00	 3.571E+00	 6.707E-01	 4.885E-01	 2.056E+03
  3.563E+00	 3.572E+00	 6.721E-01	 4.904E-01	 2.051E+03
  3.563E+00	 3.573E+00	 6.728E-01	 4.914E-01	 2.049E+03
  3.564E+00	 3.573E+00	 6.732E-01	 4.920E-01	 2.047E+03
  3.564E+00	 3.573E+00	 6.734E-01	 4.922E-01	 2.047E+03
  3.565E+00	 3.574E+00	 6.745E-01	 4.938E-01	 2.043E+03
  3.565E+00	 3.574E+00	 6.750E-01	 4.946E-01	 2.041E+03
  3.565E+00	 3.575E+00	 6.754E-01	 4.951E-01	 2.039E+03
  3.566E+00	 3.576E+00	 6.766E-01	 4.968E-01	 2.035E+03
  3.567E+00	 3.576E+00	 6.770E-01	 4.973E-01	 2.034E+03
  3.568E+00	 3.577E+00	 6.787E-01	 4.998E-01	 2.027E+03
  3.569E+00	 3.578E+00	 6.794E-01	 5.008E-01	 2.025E+03
  3.569E+00	 3.578E+00	 6.795E-01	 5.009E-01	 2.024E+03
  3.569E+00	 3.578E+00	 6.797E-01	 5.012E-01	 2.024E+03
  3.570E+00	 3.579E+00	 6.806E-01	 5.025E-01	 2.020E+03
  3.570E+00	 3.579E+00	 6.809E-01	 5.029E-01	 2.019E+03
  3.570E+00	 3.579E+00	 6.812E-01	 5.033E-01	 2.018E+03
  3.571E+00	 3.580E+00	 6.819E-01	 5.043E-01	 2.016E+03
  3.572E+00	 3.582E+00	 6.841E-01	 5.075E-01	 2.007E+03
  3.576E+00	 3.585E+00	 6.880E-01	 5.129E-01	 1.993E+03
  3.577E+00	 3.586E+00	 6.898E-01	 5.154E-01	 1.987E+03
  3.577E+00	 3.586E+00	 6.899E-01	 5.156E-01	 1.986E+03
  3.578E+00	 3.587E+00	 6.906E-01	 5.166E-01	 1.984E+03
  3.579E+00	 3.588E+00	 6.919E-01	 5.186E-01	 1.979E+03
  3.579E+00	 3.588E+00	 6.926E-01	 5.196E-01	 1.976E+03
  3.580E+00	 3.589E+00	 6.931E-01	 5.202E-01	 1.975E+03
  3.580E+00	 3.589E+00	 6.933E-01	 5.205E-01	 1.974E+03
  3.581E+00	 3.590E+00	 6.944E-01	 5.221E-01	 1.970E+03
  3.581E+00	 3.590E+00	 6.953E-01	 5.234E-01	 1.967E+03
  3.583E+00	 3.592E+00	 6.968E-01	 5.257E-01	 1.961E+03
  3.584E+00	 3.593E+00	 6.986E-01	 5.282E-01	 1.955E+03
  3.590E+00	 3.598E+00	 7.056E-01	 5.384E-01	 1.929E+03
  3.591E+00	 3.600E+00	 7.072E-01	 5.407E-01	 1.923E+03
  3.593E+00	 3.602E+00	 7.100E-01	 5.448E-01	 1.913E+03
  3.593E+00	 3.602E+00	 7.100E-01	 5.448E-01	 1.913E+03
  3.594E+00	 3.602E+00	 7.103E-01	 5.452E-01	 1.912E+03
  3.594E+00	 3.603E+00	 7.112E-01	 5.465E-01	 1.908E+03
  3.595E+00	 3.603E+00	 7.115E-01	 5.470E-01	 1.907E+03
  3.595E+00	 3.603E+00	 7.118E-01	 5.474E-01	 1.906E+03
  3.595E+00	 3.604E+00	 7.125E-01	 5.484E-01	 1.904E+03
  3.597E+00	 3.606E+00	 7.147E-01	 5.516E-01	 1.895E+03
  3.600E+00	 3.609E+00	 7.185E-01	 5.572E-01	 1.881E+03
  3.602E+00	 3.610E+00	 7.204E-01	 5.598E-01	 1.875E+03
  3.602E+00	 3.610E+00	 7.204E-01	 5.600E-01	 1.874E+03
  3.602E+00	 3.611E+00	 7.212E-01	 5.610E-01	 1.872E+03
  3.603E+00	 3.612E+00	 7.225E-01	 5.630E-01	 1.867E+03
  3.604E+00	 3.612E+00	 7.232E-01	 5.641E-01	 1.864E+03
  3.604E+00	 3.613E+00	 7.237E-01	 5.647E-01	 1.863E+03
  3.605E+00	 3.613E+00	 7.238E-01	 5.650E-01	 1.862E+03
  3.605E+00	 3.614E+00	 7.249E-01	 5.666E-01	 1.858E+03
  3.606E+00	 3.614E+00	 7.258E-01	 5.679E-01	 1.855E+03
  3.606E+00	 3.614E+00	 7.259E-01	 5.680E-01	 1.854E+03
  3.607E+00	 3.616E+00	 7.274E-01	 5.703E-01	 1.849E+03
  3.607E+00	 3.616E+00	 7.274E-01	 5.703E-01	 1.849E+03
  3.609E+00	 3.617E+00	 7.292E-01	 5.729E-01	 1.842E+03
  3.610E+00	 3.618E+00	 7.302E-01	 5.745E-01	 1.838E+03
  3.610E+00	 3.618E+00	 7.302E-01	 5.745E-01	 1.838E+03
  3.610E+00	 3.618E+00	 7.305E-01	 5.749E-01	 1.837E+03
  3.611E+00	 3.619E+00	 7.314E-01	 5.762E-01	 1.834E+03
  3.611E+00	 3.619E+00	 7.317E-01	 5.767E-01	 1.833E+03
  3.611E+00	 3.619E+00	 7.320E-01	 5.771E-01	 1.832E+03
  3.612E+00	 3.620E+00	 7.327E-01	 5.781E-01	 1.829E+03
  3.614E+00	 3.622E+00	 7.349E-01	 5.814E-01	 1.821E+03
  3.617E+00	 3.625E+00	 7.387E-01	 5.871E-01	 1.807E+03
  3.618E+00	 3.626E+00	 7.406E-01	 5.899E-01	 1.800E+03
  3.618E+00	 3.626E+00	 7.406E-01	 5.900E-01	 1.800E+03
  3.619E+00	 3.627E+00	 7.414E-01	 5.911E-01	 1.797E+03
  3.620E+00	 3.628E+00	 7.427E-01	 5.931E-01	 1.792E+03
  3.620E+00	 3.628E+00	 7.434E-01	 5.942E-01	 1.790E+03
  3.621E+00	 3.629E+00	 7.439E-01	 5.948E-01	 1.788E+03
  3.621E+00	 3.629E+00	 7.440E-01	 5.951E-01	 1.787E+03
  3.622E+00	 3.630E+00	 7.451E-01	 5.968E-01	 1.783E+03
  3.623E+00	 3.630E+00	 7.461E-01	 5.982E-01	 1.780E+03
  3.623E+00	 3.631E+00	 7.466E-01	 5.989E-01	 1.778E+03
  3.624E+00	 3.632E+00	 7.476E-01	 6.005E-01	 1.774E+03
  3.624E+00	 3.632E+00	 7.482E-01	 6.013E-01	 1.772E+03
  3.625E+00	 3.633E+00	 7.494E-01	 6.032E-01	 1.768E+03
  3.627E+00	 3.634E+00	 7.510E-01	 6.056E-01	 1.762E+03
  3.627E+00	 3.634E+00	 7.510E-01	 6.056E-01	 1.762E+03
  3.627E+00	 3.634E+00	 7.513E-01	 6.060E-01	 1.761E+03
  3.627E+00	 3.635E+00	 7.521E-01	 6.073E-01	 1.757E+03
  3.628E+00	 3.635E+00	 7.525E-01	 6.079E-01	 1.756E+03
  3.628E+00	 3.636E+00	 7.528E-01	 6.083E-01	 1.755E+03
  3.629E+00	 3.636E+00	 7.535E-01	 6.093E-01	 1.753E+03
  3.630E+00	 3.638E+00	 7.557E-01	 6.127E-01	 1.744E+03
  3.633E+00	 3.641E+00	 7.595E-01	 6.185E-01	 1.730E+03
  3.635E+00	 3.642E+00	 7.613E-01	 6.213E-01	 1.723E+03
  3.635E+00	 3.642E+00	 7.614E-01	 6.214E-01	 1.723E+03
  3.636E+00	 3.643E+00	 7.622E-01	 6.225E-01	 1.720E+03
  3.637E+00	 3.644E+00	 7.635E-01	 6.246E-01	 1.715E+03
  3.637E+00	 3.645E+00	 7.642E-01	 6.256E-01	 1.713E+03
  3.638E+00	 3.645E+00	 7.647E-01	 6.263E-01	 1.711E+03
  3.638E+00	 3.645E+00	 7.648E-01	 6.266E-01	 1.710E+03
  3.639E+00	 3.646E+00	 7.659E-01	 6.283E-01	 1.706E+03
  3.639E+00	 3.647E+00	 7.669E-01	 6.297E-01	 1.703E+03
  3.640E+00	 3.647E+00	 7.672E-01	 6.302E-01	 1.702E+03
  3.641E+00	 3.648E+00	 7.684E-01	 6.321E-01	 1.697E+03
  3.641E+00	 3.648E+00	 7.688E-01	 6.326E-01	 1.696E+03
  3.642E+00	 3.649E+00	 7.702E-01	 6.348E-01	 1.691E+03
  3.643E+00	 3.650E+00	 7.716E-01	 6.370E-01	 1.685E+03
  3.643E+00	 3.650E+00	 7.716E-01	 6.370E-01	 1.685E+03
  3.643E+00	 3.651E+00	 7.719E-01	 6.374E-01	 1.684E+03
  3.644E+00	 3.651E+00	 7.728E-01	 6.387E-01	 1.681E+03
  3.644E+00	 3.652E+00	 7.731E-01	 6.393E-01	 1.680E+03
  3.645E+00	 3.652E+00	 7.734E-01	 6.397E-01	 1.679E+03
  3.645E+00	 3.652E+00	 7.741E-01	 6.408E-01	 1.676E+03
  3.647E+00	 3.654E+00	 7.763E-01	 6.442E-01	 1.668E+03
  3.650E+00	 3.657E+00	 7.801E-01	 6.501E-01	 1.654E+03
  3.652E+00	 3.659E+00	 7.820E-01	 6.529E-01	 1.647E+03
  3.652E+00	 3.659E+00	 7.821E-01	 6.530E-01	 1.647E+03
  3.652E+00	 3.659E+00	 7.828E-01	 6.541E-01	 1.644E+03
  3.653E+00	 3.660E+00	 7.841E-01	 6.562E-01	 1.639E+03
  3.654E+00	 3.661E+00	 7.848E-01	 6.573E-01	 1.636E+03
  3.654E+00	 3.661E+00	 7.853E-01	 6.580E-01	 1.635E+03
  3.654E+00	 3.661E+00	 7.855E-01	 6.583E-01	 1.634E+03
  3.655E+00	 3.662E+00	 7.866E-01	 6.600E-01	 1.630E+03
  3.656E+00	 3.663E+00	 7.875E-01	 6.615E-01	 1.626E+03
  3.656E+00	 3.663E+00	 7.876E-01	 6.616E-01	 1.626E+03
  3.657E+00	 3.664E+00	 7.891E-01	 6.639E-01	 1.621E+03
  3.657E+00	 3.664E+00	 7.892E-01	 6.641E-01	 1.620E+03
  3.659E+00	 3.666E+00	 7.908E-01	 6.666E-01	 1.614E+03
  3.660E+00	 3.667E+00	 7.920E-01	 6.685E-01	 1.609E+03
  3.660E+00	 3.667E+00	 7.921E-01	 6.686E-01	 1.609E+03
  3.660E+00	 3.667E+00	 7.923E-01	 6.690E-01	 1.608E+03
  3.661E+00	 3.667E+00	 7.932E-01	 6.703E-01	 1.605E+03
  3.661E+00	 3.668E+00	 7.936E-01	 6.709E-01	 1.604E+03
  3.661E+00	 3.668E+00	 7.938E-01	 6.713E-01	 1.603E+03
  3.662E+00	 3.669E+00	 7.945E-01	 6.724E-01	 1.600E+03
  3.663E+00	 3.670E+00	 7.968E-01	 6.759E-01	 1.592E+03
  3.667E+00	 3.673E+00	 8.006E-01	 6.818E-01	 1.578E+03
  3.668E+00	 3.675E+00	 8.024E-01	 6.847E-01	 1.571E+03
  3.668E+00	 3.675E+00	 8.025E-01	 6.848E-01	 1.570E+03
  3.669E+00	 3.675E+00	 8.032E-01	 6.859E-01	 1.568E+03
  3.670E+00	 3.676E+00	 8.046E-01	 6.881E-01	 1.563E+03
  3.670E+00	 3.677E+00	 8.053E-01	 6.892E-01	 1.560E+03
  3.671E+00	 3.677E+00	 8.058E-01	 6.899E-01	 1.558E+03
  3.671E+00	 3.678E+00	 8.059E-01	 6.902E-01	 1.558E+03
  3.672E+00	 3.678E+00	 8.070E-01	 6.919E-01	 1.554E+03
  3.673E+00	 3.679E+00	 8.080E-01	 6.934E-01	 1.550E+03
  3.673E+00	 3.680E+00	 8.085E-01	 6.942E-01	 1.548E+03
  3.674E+00	 3.680E+00	 8.095E-01	 6.958E-01	 1.544E+03
  3.674E+00	 3.681E+00	 8.101E-01	 6.967E-01	 1.542E+03
  3.675E+00	 3.682E+00	 8.113E-01	 6.986E-01	 1.538E+03
  3.677E+00	 3.683E+00	 8.130E-01	 7.012E-01	 1.532E+03
  3.677E+00	 3.683E+00	 8.130E-01	 7.012E-01	 1.531E+03
  3.677E+00	 3.683E+00	 8.132E-01	 7.016E-01	 1.530E+03
  3.677E+00	 3.684E+00	 8.141E-01	 7.030E-01	 1.527E+03
  3.678E+00	 3.684E+00	 8.145E-01	 7.036E-01	 1.526E+03
  3.678E+00	 3.684E+00	 8.147E-01	 7.040E-01	 1.525E+03
  3.679E+00	 3.685E+00	 8.154E-01	 7.051E-01	 1.522E+03
  3.680E+00	 3.687E+00	 8.177E-01	 7.086E-01	 1.514E+03
  3.683E+00	 3.690E+00	 8.215E-01	 7.147E-01	 1.500E+03
  3.685E+00	 3.691E+00	 8.234E-01	 7.175E-01	 1.493E+03
  3.685E+00	 3.691E+00	 8.235E-01	 7.177E-01	 1.492E+03
  3.686E+00	 3.692E+00	 8.242E-01	 7.188E-01	 1.490E+03
  3.687E+00	 3.693E+00	 8.255E-01	 7.210E-01	 1.485E+03
  3.687E+00	 3.694E+00	 8.262E-01	 7.221E-01	 1.482E+03
  3.688E+00	 3.694E+00	 8.267E-01	 7.228E-01	 1.480E+03
  3.688E+00	 3.694E+00	 8.269E-01	 7.231E-01	 1.480E+03
  3.689E+00	 3.695E+00	 8.280E-01	 7.248E-01	 1.475E+03
  3.689E+00	 3.696E+00	 8.289E-01	 7.263E-01	 1.472E+03
  3.690E+00	 3.696E+00	 8.292E-01	 7.268E-01	 1.471E+03
  3.691E+00	 3.697E+00	 8.305E-01	 7.288E-01	 1.466E+03
  3.691E+00	 3.697E+00	 8.308E-01	 7.294E-01	 1.465E+03
  3.692E+00	 3.698E+00	 8.322E-01	 7.316E-01	 1.459E+03
  3.693E+00	 3.699E+00	 8.336E-01	 7.339E-01	 1.454E+03
  3.693E+00	 3.699E+00	 8.337E-01	 7.339E-01	 1.454E+03
  3.693E+00	 3.700E+00	 8.339E-01	 7.343E-01	 1.453E+03
  3.694E+00	 3.700E+00	 8.348E-01	 7.357E-01	 1.450E+03
  3.694E+00	 3.701E+00	 8.352E-01	 7.363E-01	 1.449E+03
  3.695E+00	 3.701E+00	 8.354E-01	 7.367E-01	 1.448E+03
  3.695E+00	 3.701E+00	 8.361E-01	 7.378E-01	 1.445E+03
  3.697E+00	 3.703E+00	 8.384E-01	 7.414E-01	 1.436E+03
  3.700E+00	 3.706E+00	 8.422E-01	 7.475E-01	 1.422E+03
  3.702E+00	 3.708E+00	 8.441E-01	 7.504E-01	 1.415E+03
  3.702E+00	 3.708E+00	 8.441E-01	 7.505E-01	 1.415E+03
  3.702E+00	 3.708E+00	 8.449E-01	 7.517E-01	 1.412E+03
  3.703E+00	 3.709E+00	 8.462E-01	 7.539E-01	 1.407E+03
  3.704E+00	 3.710E+00	 8.469E-01	 7.550E-01	 1.404E+03
  3.704E+00	 3.710E+00	 8.474E-01	 7.557E-01	 1.403E+03
  3.704E+00	 3.710E+00	 8.476E-01	 7.560E-01	 1.402E+03
  3.705E+00	 3.711E+00	 8.487E-01	 7.577E-01	 1.398E+03
  3.706E+00	 3.712E+00	 8.495E-01	 7.590E-01	 1.395E+03
  3.706E+00	 3.712E+00	 8.496E-01	 7.592E-01	 1.394E+03
  3.707E+00	 3.713E+00	 8.511E-01	 7.616E-01	 1.389E+03
  3.707E+00	 3.713E+00	 8.512E-01	 7.617E-01	 1.388E+03
  3.709E+00	 3.715E+00	 8.529E-01	 7.646E-01	 1.382E+03
  3.709E+00	 3.715E+00	 8.539E-01	 7.661E-01	 1.378E+03
  3.709E+00	 3.715E+00	 8.539E-01	 7.662E-01	 1.378E+03
  3.710E+00	 3.716E+00	 8.542E-01	 7.666E-01	 1.377E+03
  3.710E+00	 3.716E+00	 8.551E-01	 7.680E-01	 1.374E+03
  3.711E+00	 3.717E+00	 8.554E-01	 7.685E-01	 1.372E+03
  3.711E+00	 3.717E+00	 8.557E-01	 7.690E-01	 1.371E+03
  3.711E+00	 3.717E+00	 8.564E-01	 7.701E-01	 1.369E+03
  3.713E+00	 3.719E+00	 8.586E-01	 7.737E-01	 1.360E+03
  3.716E+00	 3.722E+00	 8.625E-01	 7.798E-01	 1.346E+03
  3.718E+00	 3.724E+00	 8.643E-01	 7.828E-01	 1.339E+03
  3.718E+00	 3.724E+00	 8.644E-01	 7.829E-01	 1.339E+03
  3.718E+00	 3.724E+00	 8.651E-01	 7.841E-01	 1.336E+03
  3.720E+00	 3.725E+00	 8.665E-01	 7.863E-01	 1.331E+03
  3.720E+00	 3.726E+00	 8.672E-01	 7.874E-01	 1.328E+03
  3.721E+00	 3.726E+00	 8.676E-01	 7.881E-01	 1.326E+03
  3.721E+00	 3.726E+00	 8.678E-01	 7.884E-01	 1.326E+03
  3.722E+00	 3.727E+00	 8.689E-01	 7.902E-01	 1.322E+03
  3.722E+00	 3.728E+00	 8.699E-01	 7.917E-01	 1.318E+03
  3.723E+00	 3.728E+00	 8.703E-01	 7.924E-01	 1.316E+03
  3.724E+00	 3.729E+00	 8.714E-01	 7.942E-01	 1.312E+03
  3.724E+00	 3.729E+00	 8.719E-01	 7.950E-01	 1.310E+03
  3.725E+00	 3.731E+00	 8.732E-01	 7.971E-01	 1.306E+03
  3.726E+00	 3.732E+00	 8.747E-01	 7.995E-01	 1.300E+03
  3.726E+00	 3.732E+00	 8.748E-01	 7.996E-01	 1.300E+03
  3.727E+00	 3.732E+00	 8.754E-01	 8.006E-01	 1.297E+03
  3.727E+00	 3.733E+00	 8.759E-01	 8.014E-01	 1.298E+03
  3.728E+00	 3.733E+00	 8.764E-01	 8.022E-01	 1.296E+03
  3.728E+00	 3.733E+00	 8.769E-01	 8.030E-01	 1.294E+03
  3.728E+00	 3.734E+00	 8.774E-01	 8.038E-01	 1.292E+03
  3.729E+00	 3.734E+00	 8.779E-01	 8.046E-01	 1.290E+03
  3.729E+00	 3.735E+00	 8.784E-01	 8.054E-01	 1.288E+03
  3.730E+00	 3.735E+00	 8.789E-01	 8.062E-01	 1.286E+03
  3.730E+00	 3.735E+00	 8.794E-01	 8.070E-01	 1.284E+03
  3.730E+00	 3.736E+00	 8.799E-01	 8.078E-01	 1.282E+03
  3.731E+00	 3.736E+00	 8.804E-01	 8.086E-01	 1.281E+03
  3.731E+00	 3.737E+00	 8.809E-01	 8.094E-01	 1.279E+03
  3.732E+00	 3.737E+00	 8.814E-01	 8.102E-01	 1.277E+03
  3.732E+00	 3.737E+00	 8.819E-01	 8.110E-01	 1.275E+03
  3.732E+00	 3.738E+00	 8.824E-01	 8.118E-01	 1.273E+03
  3.733E+00	 3.738E+00	 8.829E-01	 8.126E-01	 1.271E+03
  3.733E+00	 3.739E+00	 8.834E-01	 8.134E-01	 1.269E+03
  3.734E+00	 3.739E+00	 8.839E-01	 8.142E-01	 1.267E+03
  3.734E+00	 3.739E+00	 8.844E-01	 8.150E-01	 1.265E+03
  3.734E+00	 3.740E+00	 8.849E-01	 8.158E-01	 1.264E+03
  3.735E+00	 3.740E+00	 8.854E-01	 8.166E-01	 1.262E+03
  3.735E+00	 3.741E+00	 8.859E-01	 8.174E-01	 1.260E+03
  3.736E+00	 3.741E+00	 8.864E-01	 8.182E-01	 1.258E+03
  3.736E+00	 3.741E+00	 8.869E-01	 8.190E-01	 1.256E+03
  3.736E+00	 3.742E+00	 8.874E-01	 8.199E-01	 1.254E+03
  3.737E+00	 3.742E+00	 8.879E-01	 8.207E-01	 1.252E+03
  3.737E+00	 3.742E+00	 8.884E-01	 8.215E-01	 1.250E+03
  3.738E+00	 3.743E+00	 8.889E-01	 8.223E-01	 1.248E+03
  3.738E+00	 3.743E+00	 8.894E-01	 8.231E-01	 1.246E+03
  3.738E+00	 3.744E+00	 8.898E-01	 8.239E-01	 1.245E+03
  3.739E+00	 3.744E+00	 8.903E-01	 8.247E-01	 1.243E+03
  3.739E+00	 3.744E+00	 8.908E-01	 8.255E-01	 1.241E+03
  3.740E+00	 3.745E+00	 8.913E-01	 8.263E-01	 1.239E+03
  3.740E+00	 3.745E+00	 8.918E-01	 8.271E-01	 1.237E+03
  3.740E+00	 3.746E+00	 8.923E-01	 8.279E-01	 1.235E+03
  3.741E+00	 3.746E+00	 8.928E-01	 8.287E-01	 1.233E+03
  3.741E+00	 3.746E+00	 8.933E-01	 8.295E-01	 1.231E+03
  3.742E+00	 3.747E+00	 8.938E-01	 8.303E-01	 1.229E+03
  3.742E+00	 3.747E+00	 8.943E-01	 8.311E-01	 1.227E+03
  3.742E+00	 3.748E+00	 8.948E-01	 8.319E-01	 1.225E+03
  3.743E+00	 3.748E+00	 8.953E-01	 8.327E-01	 1.223E+03
  3.743E+00	 3.748E+00	 8.958E-01	 8.335E-01	 1.222E+03
  3.744E+00	 3.749E+00	 8.963E-01	 8.343E-01	 1.220E+03
  3.744E+00	 3.749E+00	 8.968E-01	 8.351E-01	 1.218E+03
  3.744E+00	 3.750E+00	 8.973E-01	 8.359E-01	 1.216E+03
  3.745E+00	 3.750E+00	 8.978E-01	 8.367E-01	 1.214E+03
  3.745E+00	 3.750E+00	 8.983E-01	 8.375E-01	 1.212E+03
  3.746E+00	 3.751E+00	 8.988E-01	 8.383E-01	 1.210E+03
  3.746E+00	 3.751E+00	 8.993E-01	 8.391E-01	 1.208E+03
  3.746E+00	 3.751E+00	 8.998E-01	 8.399E-01	 1.206E+03
  3.747E+00	 3.752E+00	 9.003E-01	 8.408E-01	 1.204E+03
  3.747E+00	 3.752E+00	 9.008E-01	 8.416E-01	 1.202E+03
  3.748E+00	 3.753E+00	 9.013E-01	 8.424E-01	 1.200E+03
  3.748E+00	 3.753E+00	 9.018E-01	 8.432E-01	 1.198E+03
  3.748E+00	 3.753E+00	 9.023E-01	 8.440E-01	 1.196E+03
  3.749E+00	 3.754E+00	 9.028E-01	 8.448E-01	 1.194E+03
  3.749E+00	 3.754E+00	 9.033E-01	 8.456E-01	 1.192E+03
  3.750E+00	 3.755E+00	 9.038E-01	 8.464E-01	 1.190E+03
  3.750E+00	 3.755E+00	 9.043E-01	 8.472E-01	 1.188E+03
  3.750E+00	 3.755E+00	 9.048E-01	 8.480E-01	 1.186E+03
  3.751E+00	 3.756E+00	 9.053E-01	 8.488E-01	 1.184E+03
  3.751E+00	 3.756E+00	 9.058E-01	 8.496E-01	 1.182E+03
  3.752E+00	 3.757E+00	 9.063E-01	 8.504E-01	 1.180E+03
  3.752E+00	 3.757E+00	 9.068E-01	 8.512E-01	 1.178E+03
  3.752E+00	 3.757E+00	 9.073E-01	 8.520E-01	 1.176E+03
  3.753E+00	 3.758E+00	 9.078E-01	 8.528E-01	 1.174E+03
  3.753E+00	 3.758E+00	 9.083E-01	 8.536E-01	 1.172E+03
  3.754E+00	 3.759E+00	 9.088E-01	 8.544E-01	 1.170E+03
  3.754E+00	 3.759E+00	 9.093E-01	 8.552E-01	 1.168E+03
  3.754E+00	 3.759E+00	 9.098E-01	 8.560E-01	 1.166E+03
  3.755E+00	 3.760E+00	 9.103E-01	 8.568E-01	 1.164E+03
  3.755E+00	 3.760E+00	 9.108E-01	 8.577E-01	 1.162E+03
  3.756E+00	 3.761E+00	 9.113E-01	 8.585E-01	 1.160E+03
  3.756E+00	 3.761E+00	 9.118E-01	 8.593E-01	 1.158E+03
  3.756E+00	 3.761E+00	 9.123E-01	 8.601E-01	 1.156E+03
  3.757E+00	 3.762E+00	 9.128E-01	 8.609E-01	 1.154E+03
  3.757E+00	 3.762E+00	 9.133E-01	 8.617E-01	 1.152E+03
  3.758E+00	 3.762E+00	 9.138E-01	 8.625E-01	 1.150E+03
  3.758E+00	 3.763E+00	 9.143E-01	 8.633E-01	 1.148E+03
  3.758E+00	 3.763E+00	 9.147E-01	 8.641E-01	 1.146E+03
  3.759E+00	 3.764E+00	 9.152E-01	 8.649E-01	 1.144E+03
  3.759E+00	 3.764E+00	 9.157E-01	 8.657E-01	 1.142E+03
  3.760E+00	 3.764E+00	 9.162E-01	 8.665E-01	 1.140E+03
  3.760E+00	 3.765E+00	 9.167E-01	 8.673E-01	 1.137E+03
  3.760E+00	 3.765E+00	 9.172E-01	 8.681E-01	 1.135E+03
  3.761E+00	 3.766E+00	 9.177E-01	 8.689E-01	 1.133E+03
  3.761E+00	 3.766E+00	 9.182E-01	 8.697E-01	 1.131E+03
  3.762E+00	 3.766E+00	 9.187E-01	 8.705E-01	 1.129E+03
  3.762E+00	 3.767E+00	 9.192E-01	 8.714E-01	 1.127E+03
  3.762E+00	 3.767E+00	 9.197E-01	 8.722E-01	 1.125E+03
  3.763E+00	 3.768E+00	 9.202E-01	 8.730E-01	 1.122E+03
  3.763E+00	 3.768E+00	 9.207E-01	 8.738E-01	 1.120E+03
  3.764E+00	 3.768E+00	 9.212E-01	 8.746E-01	 1.118E+03
  3.764E+00	 3.769E+00	 9.217E-01	 8.754E-01	 1.116E+03
  3.764E+00	 3.769E+00	 9.222E-01	 8.762E-01	 1.114E+03
  3.765E+00	 3.770E+00	 9.227E-01	 8.770E-01	 1.111E+03
  3.765E+00	 3.770E+00	 9.232E-01	 8.778E-01	 1.109E+03
  3.766E+00	 3.770E+00	 9.237E-01	 8.786E-01	 1.107E+03
  3.766E+00	 3.771E+00	 9.242E-01	 8.794E-01	 1.105E+03
  3.766E+00	 3.771E+00	 9.247E-01	 8.802E-01	 1.102E+03
  3.767E+00	 3.772E+00	 9.252E-01	 8.810E-01	 1.100E+03
  3.767E+00	 3.772E+00	 9.257E-01	 8.818E-01	 1.098E+03
  3.768E+00	 3.772E+00	 9.262E-01	 8.826E-01	 1.096E+03
  3.768E+00	 3.773E+00	 9.267E-01	 8.834E-01	 1.093E+03
  3.768E+00	 3.773E+00	 9.272E-01	 8.842E-01	 1.091E+03
  3.769E+00	 3.773E+00	 9.277E-01	 8.851E-01	 1.089E+03
  3.769E+00	 3.774E+00	 9.282E-01	 8.859E-01	 1.086E+03
  3.770E+00	 3.774E+00	 9.287E-01	 8.867E-01	 1.084E+03
  3.770E+00	 3.775E+00	 9.292E-01	 8.875E-01	 1.081E+03
  3.770E+00	 3.775E+00	 9.297E-01	 8.883E-01	 1.079E+03
  3.771E+00	 3.775E+00	 9.302E-01	 8.891E-01	 1.077E+03
  3.771E+00	 3.776E+00	 9.307E-01	 8.899E-01	 1.074E+03
  3.772E+00	 3.776E+00	 9.312E-01	 8.907E-01	 1.072E+03
  3.772E+00	 3.777E+00	 9.317E-01	 8.915E-01	 1.069E+03
  3.772E+00	 3.777E+00	 9.322E-01	 8.923E-01	 1.067E+03
  3.773E+00	 3.777E+00	 9.327E-01	 8.931E-01	 1.064E+03
  3.773E+00	 3.778E+00	 9.332E-01	 8.939E-01	 1.062E+03
  3.774E+00	 3.778E+00	 9.337E-01	 8.947E-01	 1.059E+03
  3.774E+00	 3.779E+00	 9.342E-01	 8.955E-01	 1.056E+03
  3.774E+00	 3.779E+00	 9.347E-01	 8.963E-01	 1.054E+03
  3.775E+00	 3.779E+00	 9.352E-01	 8.971E-01	 1.051E+03
  3.775E+00	 3.780E+00	 9.357E-01	 8.980E-01	 1.048E+03
  3.776E+00	 3.780E+00	 9.362E-01	 8.988E-01	 1.046E+03
  3.776E+00	 3.781E+00	 9.367E-01	 8.996E-01	 1.043E+03
  3.776E+00	 3.781E+00	 9.372E-01	 9.004E-01	 1.040E+03
  3.777E+00	 3.781E+00	 9.377E-01	 9.012E-01	 1.037E+03
  3.777E+00	 3.782E+00	 9.382E-01	 9.020E-01	 1.035E+03
  3.778E+00	 3.782E+00	 9.387E-01	 9.028E-01	 1.032E+03
  3.778E+00	 3.783E+00	 9.392E-01	 9.036E-01	 1.029E+03
  3.778E+00	 3.783E+00	 9.397E-01	 9.044E-01	 1.026E+03
  3.779E+00	 3.783E+00	 9.402E-01	 9.052E-01	 1.023E+03
  3.779E+00	 3.784E+00	 9.407E-01	 9.060E-01	 1.020E+03
  3.780E+00	 3.784E+00	 9.412E-01	 9.068E-01	 1.017E+03
  3.780E+00	 3.784E+00	 9.417E-01	 9.076E-01	 1.014E+03
  3.780E+00	 3.785E+00	 9.422E-01	 9.084E-01	 1.011E+03
  3.781E+00	 3.785E+00	 9.427E-01	 9.092E-01	 1.008E+03
  3.781E+00	 3.786E+00	 9.432E-01	 9.100E-01	 1.005E+03
  3.782E+00	 3.786E+00	 9.437E-01	 9.109E-01	 1.002E+03
  3.782E+00	 3.786E+00	 9.442E-01	 9.117E-01	 9.984E+02
  3.782E+00	 3.787E+00	 9.447E-01	 9.125E-01	 9.951E+02
  3.783E+00	 3.787E+00	 9.452E-01	 9.133E-01	 9.918E+02
  3.783E+00	 3.788E+00	 9.457E-01	 9.141E-01	 9.885E+02
  3.784E+00	 3.788E+00	 9.462E-01	 9.149E-01	 9.851E+02
  3.784E+00	 3.788E+00	 9.467E-01	 9.157E-01	 9.816E+02
  3.784E+00	 3.789E+00	 9.472E-01	 9.165E-01	 9.782E+02
  3.785E+00	 3.789E+00	 9.477E-01	 9.173E-01	 9.746E+02
  3.785E+00	 3.790E+00	 9.482E-01	 9.181E-01	 9.711E+02
  3.786E+00	 3.790E+00	 9.487E-01	 9.189E-01	 9.674E+02
  3.786E+00	 3.790E+00	 9.492E-01	 9.197E-01	 9.637E+02
  3.786E+00	 3.791E+00	 9.497E-01	 9.205E-01	 9.600E+02
  3.787E+00	 3.791E+00	 9.502E-01	 9.213E-01	 9.562E+02
  3.787E+00	 3.792E+00	 9.507E-01	 9.221E-01	 9.524E+02
  3.788E+00	 3.792E+00	 9.512E-01	 9.229E-01	 9.485E+02
  3.788E+00	 3.792E+00	 9.517E-01	 9.237E-01	 9.445E+02
  3.788E+00	 3.793E+00	 9.522E-01	 9.246E-01	 9.405E+02
  3.789E+00	 3.793E+00	 9.526E-01	 9.254E-01	 9.365E+02
  3.789E+00	 3.794E+00	 9.531E-01	 9.262E-01	 9.323E+02
  3.790E+00	 3.794E+00	 9.536E-01	 9.270E-01	 9.281E+02
  3.790E+00	 3.794E+00	 9.541E-01	 9.278E-01	 9.239E+02
  3.790E+00	 3.795E+00	 9.546E-01	 9.286E-01	 9.195E+02
  3.791E+00	 3.795E+00	 9.551E-01	 9.294E-01	 9.152E+02
  3.791E+00	 3.796E+00	 9.556E-01	 9.302E-01	 9.107E+02
  3.792E+00	 3.796E+00	 9.561E-01	 9.310E-01	 9.062E+02
  3.792E+00	 3.796E+00	 9.566E-01	 9.318E-01	 9.016E+02
  3.792E+00	 3.797E+00	 9.571E-01	 9.326E-01	 8.969E+02
  3.793E+00	 3.797E+00	 9.576E-01	 9.334E-01	 8.922E+02
  3.793E+00	 3.797E+00	 9.581E-01	 9.342E-01	 8.873E+02
  3.794E+00	 3.798E+00	 9.586E-01	 9.350E-01	 8.825E+02
  3.794E+00	 3.798E+00	 9.591E-01	 9.358E-01	 8.775E+02
  3.794E+00	 3.799E+00	 9.596E-01	 9.366E-01	 8.724E+02
  3.795E+00	 3.799E+00	 9.601E-01	 9.374E-01	 8.673E+02
  3.795E+00	 3.799E+00	 9.606E-01	 9.382E-01	 8.621E+02
  3.796E+00	 3.800E+00	 9.611E-01	 9.390E-01	 8.568E+02
  3.796E+00	 3.800E+00	 9.616E-01	 9.399E-01	 8.515E+02
  3.796E+00	 3.801E+00	 9.621E-01	 9.407E-01	 8.460E+02
  3.797E+00	 3.801E+00	 9.626E-01	 9.415E-01	 8.405E+02
  3.797E+00	 3.801E+00	 9.631E-01	 9.423E-01	 8.349E+02
  3.798E+00	 3.802E+00	 9.636E-01	 9.431E-01	 8.292E+02
  3.798E+00	 3.802E+00	 9.641E-01	 9.439E-01	 8.234E+02
  3.798E+00	 3.803E+00	 9.646E-01	 9.447E-01	 8.175E+02
  3.799E+00	 3.803E+00	 9.651E-01	 9.455E-01	 8.116E+02
  3.799E+00	 3.803E+00	 9.656E-01	 9.463E-01	 8.055E+02
  3.800E+00	 3.804E+00	 9.661E-01	 9.471E-01	 7.994E+02
  3.800E+00	 3.804E+00	 9.666E-01	 9.479E-01	 7.931E+02
  3.800E+00	 3.805E+00	 9.671E-01	 9.487E-01	 7.868E+02
  3.801E+00	 3.805E+00	 9.676E-01	 9.495E-01	 7.804E+02
  3.801E+00	 3.805E+00	 9.681E-01	 9.503E-01	 7.739E+02
  3.802E+00	 3.806E+00	 9.686E-01	 9.511E-01	 7.674E+02
  3.802E+00	 3.806E+00	 9.691E-01	 9.519E-01	 7.607E+02
  3.802E+00	 3.807E+00	 9.696E-01	 9.527E-01	 7.539E+02
  3.803E+00	 3.807E+00	 9.701E-01	 9.535E-01	 7.471E+02
  3.803E+00	 3.807E+00	 9.706E-01	 9.543E-01	 7.402E+02
  3.804E+00	 3.808E+00	 9.711E-01	 9.551E-01	 7.331E+02
  3.804E+00	 3.808E+00	 9.716E-01	 9.559E-01	 7.260E+02
  3.804E+00	 3.808E+00	 9.721E-01	 9.567E-01	 7.188E+02
  3.805E+00	 3.809E+00	 9.726E-01	 9.575E-01	 7.116E+02
  3.805E+00	 3.809E+00	 9.731E-01	 9.583E-01	 7.042E+02
  3.806E+00	 3.810E+00	 9.736E-01	 9.591E-01	 6.968E+02
  3.806E+00	 3.810E+00	 9.741E-01	 9.599E-01	 6.893E+02
  3.806E+00	 3.810E+00	 9.746E-01	 9.608E-01	 6.817E+02
  3.807E+00	 3.811E+00	 9.751E-01	 9.616E-01	 6.740E+02
  3.807E+00	 3.811E+00	 9.756E-01	 9.624E-01	 6.663E+02
  3.808E+00	 3.812E+00	 9.761E-01	 9.632E-01	 6.584E+02
  3.808E+00	 3.812E+00	 9.766E-01	 9.640E-01	 6.506E+02
  3.808E+00	 3.812E+00	 9.771E-01	 9.648E-01	 6.426E+02
  3.809E+00	 3.813E+00	 9.776E-01	 9.656E-01	 6.346E+02
  3.809E+00	 3.813E+00	 9.781E-01	 9.664E-01	 6.265E+02
  3.810E+00	 3.814E+00	 9.786E-01	 9.672E-01	 6.184E+02
  3.810E+00	 3.814E+00	 9.791E-01	 9.680E-01	 6.102E+02
  3.810E+00	 3.814E+00	 9.796E-01	 9.688E-01	 6.019E+02
  3.811E+00	 3.815E+00	 9.801E-01	 9.696E-01	 5.936E+02
  3.811E+00	 3.815E+00	 9.806E-01	 9.704E-01	 5.853E+02
  3.812E+00	 3.816E+00	 9.811E-01	 9.712E-01	 5.769E+02
  3.812E+00	 3.816E+00	 9.816E-01	 9.720E-01	 5.685E+02
  3.812E+00	 3.816E+00	 9.821E-01	 9.728E-01	 5.600E+02
  3.813E+00	 3.817E+00	 9.826E-01	 9.736E-01	 5.515E+02
  3.813E+00	 3.817E+00	 9.831E-01	 9.744E-01	 5.430E+02
  3.814E+00	 3.818E+00	 9.836E-01	 9.752E-01	 5.344E+02
  3.814E+00	 3.818E+00	 9.841E-01	 9.760E-01	 5.259E+02
  3.814E+00	 3.818E+00	 9.846E-01	 9.768E-01	 5.173E+02
  3.815E+00	 3.819E+00	 9.851E-01	 9.776E-01	 5.087E+02
  3.815E+00	 3.819E+00	 9.856E-01	 9.784E-01	 5.001E+02
  3.816E+00	 3.820E+00	 9.861E-01	 9.792E-01	 4.915E+02
  3.816E+00	 3.820E+00	 9.866E-01	 9.800E-01	 4.829E+02
  3.816E+00	 3.820E+00	 9.871E-01	 9.808E-01	 4.743E+02
  3.817E+00	 3.821E+00	 9.876E-01	 9.816E-01	 4.658E+02
  3.817E+00	 3.821E+00	 9.881E-01	 9.824E-01	 4.572E+02
  3.818E+00	 3.821E+00	 9.886E-01	 9.832E-01	 4.487E+02
  3.818E+00	 3.822E+00	 9.891E-01	 9.840E-01	 4.402E+02
  3.818E+00	 3.822E+00	 9.896E-01	 9.848E-01	 4.317E+02
  3.819E+00	 3.823E+00	 9.901E-01	 9.856E-01	 4.232E+02
  3.819E+00	 3.823E+00	 9.906E-01	 9.864E-01	 4.148E+02
  3.820E+00	 3.823E+00	 9.911E-01	 9.872E-01	 4.065E+02
  3.820E+00	 3.824E+00	 9.916E-01	 9.880E-01	 3.982E+02
  3.820E+00	 3.824E+00	 9.921E-01	 9.888E-01	 3.899E+02
  3.821E+00	 3.825E+00	 9.926E-01	 9.896E-01	 3.817E+02
  3.821E+00	 3.825E+00	 9.931E-01	 9.904E-01	 3.736E+02
  3.822E+00	 3.825E+00	 9.936E-01	 9.912E-01	 3.655E+02
  3.822E+00	 3.826E+00	 9.941E-01	 9.920E-01	 3.575E+02
  3.822E+00	 3.826E+00	 9.946E-01	 9.928E-01	 3.495E+02
  3.823E+00	 3.827E+00	 9.951E-01	 9.936E-01	 3.417E+02
  3.823E+00	 3.827E+00	 9.956E-01	 9.944E-01	 3.339E+02
  3.824E+00	 3.827E+00	 9.961E-01	 9.952E-01	 3.262E+02
  3.824E+00	 3.828E+00	 9.966E-01	 9.960E-01	 3.186E+02
  3.824E+00	 3.828E+00	 9.971E-01	 9.968E-01	 3.110E+02
  3.825E+00	 3.829E+00	 9.976E-01	 9.976E-01	 3.036E+02
  3.825E+00	 3.829E+00	 9.981E-01	 9.984E-01	 2.963E+02
  3.826E+00	 3.829E+00	 9.986E-01	 9.992E-01	 2.890E+02
  3.826E+00	 3.830E+00	 9.991E-01	 1.000E+00	 2.819E+02
  3.826E+00	 3.830E+00	 9.996E-01	 1.001E+00	 2.749E+02
  3.827E+00	 3.831E+00	 1.000E+00	 1.002E+00	 2.679E+02
  3.827E+00	 3.831E+00	 1.001E+00	 1.002E+00	 2.611E+02
  3.828E+00	 3.831E+00	 1.001E+00	 1.003E+00	 2.544E+02
  3.828E+00	 3.832E+00	 1.002E+00	 1.004E+00	 2.477E+02
  3.828E+00	 3.832E+00	 1.002E+00	 1.005E+00	 2.412E+02
  3.829E+00	 3.833E+00	 1.003E+00	 1.006E+00	 2.349E+02
  3.829E+00	 3.833E+00	 1.003E+00	 1.006E+00	 2.286E+02
  3.830E+00	 3.833E+00	 1.004E+00	 1.007E+00	 2.224E+02
  3.830E+00	 3.834E+00	 1.004E+00	 1.008E+00	 2.163E+02
  3.830E+00	 3.834E+00	 1.005E+00	 1.009E+00	 2.104E+02
  3.831E+00	 3.835E+00	 1.005E+00	 1.010E+00	 2.046E+02
  3.831E+00	 3.835E+00	 1.006E+00	 1.010E+00	 1.989E+02
  3.832E+00	 3.835E+00	 1.006E+00	 1.011E+00	 1.933E+02
  3.832E+00	 3.836E+00	 1.007E+00	 1.012E+00	 1.878E+02
  3.832E+00	 3.836E+00	 1.007E+00	 1.013E+00	 1.825E+02
  3.833E+00	 3.836E+00	 1.008E+00	 1.014E+00	 1.772E+02
  3.833E+00	 3.837E+00	 1.008E+00	 1.014E+00	 1.721E+02
  3.834E+00	 3.837E+00	 1.009E+00	 1.015E+00	 1.671E+02
  3.834E+00	 3.838E+00	 1.009E+00	 1.016E+00	 1.622E+02
  3.834E+00	 3.838E+00	 1.010E+00	 1.017E+00	 1.574E+02
  3.835E+00	 3.838E+00	 1.010E+00	 1.018E+00	 1.527E+02
  3.835E+00	 3.839E+00	 1.011E+00	 1.018E+00	 1.481E+02
  3.836E+00	 3.839E+00	 1.011E+00	 1.019E+00	 1.437E+02
  3.836E+00	 3.840E+00	 1.012E+00	 1.020E+00	 1.393E+02
  3.836E+00	 3.840E+00	 1.012E+00	 1.021E+00	 1.351E+02
  3.837E+00	 3.840E+00	 1.013E+00	 1.022E+00	 1.309E+02
  3.837E+00	 3.841E+00	 1.013E+00	 1.022E+00	 1.269E+02
  3.838E+00	 3.841E+00	 1.014E+00	 1.023E+00	 1.230E+02
  3.838E+00	 3.842E+00	 1.014E+00	 1.024E+00	 1.191E+02
  3.838E+00	 3.842E+00	 1.015E+00	 1.025E+00	 1.154E+02
  3.839E+00	 3.842E+00	 1.015E+00	 1.025E+00	 1.118E+02
  3.839E+00	 3.843E+00	 1.016E+00	 1.026E+00	 1.083E+02
  3.840E+00	 3.843E+00	 1.016E+00	 1.027E+00	 1.048E+02
  3.840E+00	 3.844E+00	 1.017E+00	 1.028E+00	 1.015E+02
  3.840E+00	 3.844E+00	 1.017E+00	 1.029E+00	 9.824E+01
  3.841E+00	 3.844E+00	 1.018E+00	 1.029E+00	 9.509E+01
  3.841E+00	 3.845E+00	 1.018E+00	 1.030E+00	 9.202E+01
  3.842E+00	 3.845E+00	 1.019E+00	 1.031E+00	 8.904E+01
  3.842E+00	 3.846E+00	 1.019E+00	 1.032E+00	 8.614E+01
  3.842E+00	 3.846E+00	 1.020E+00	 1.033E+00	 8.333E+01
  3.843E+00	 3.846E+00	 1.020E+00	 1.033E+00	 8.060E+01
  3.843E+00	 3.847E+00	 1.021E+00	 1.034E+00	 7.795E+01
  3.844E+00	 3.847E+00	 1.021E+00	 1.035E+00	 7.538E+01
  3.844E+00	 3.848E+00	 1.022E+00	 1.036E+00	 7.289E+01
  3.844E+00	 3.848E+00	 1.022E+00	 1.037E+00	 7.047E+01
  3.845E+00	 3.848E+00	 1.023E+00	 1.037E+00	 6.812E+01
  3.845E+00	 3.849E+00	 1.023E+00	 1.038E+00	 6.585E+01
  3.846E+00	 3.849E+00	 1.024E+00	 1.039E+00	 6.364E+01
  3.846E+00	 3.850E+00	 1.024E+00	 1.040E+00	 6.150E+01
  3.846E+00	 3.850E+00	 1.025E+00	 1.041E+00	 5.943E+01
  3.847E+00	 3.850E+00	 1.025E+00	 1.041E+00	 5.742E+01
  3.847E+00	 3.851E+00	 1.026E+00	 1.042E+00	 5.548E+01
  3.848E+00	 3.851E+00	 1.026E+00	 1.043E+00	 5.360E+01
  3.848E+00	 3.851E+00	 1.027E+00	 1.044E+00	 5.177E+01
  3.848E+00	 3.852E+00	 1.027E+00	 1.045E+00	 5.000E+01
  3.849E+00	 3.852E+00	 1.028E+00	 1.045E+00	 4.829E+01
  3.849E+00	 3.853E+00	 1.028E+00	 1.046E+00	 4.664E+01
  3.850E+00	 3.853E+00	 1.029E+00	 1.047E+00	 4.504E+01
  3.850E+00	 3.853E+00	 1.029E+00	 1.048E+00	 4.349E+01
  3.850E+00	 3.854E+00	 1.030E+00	 1.048E+00	 4.199E+01
  3.851E+00	 3.854E+00	 1.030E+00	 1.049E+00	 4.053E+01
  3.851E+00	 3.855E+00	 1.031E+00	 1.050E+00	 3.913E+01
  3.852E+00	 3.855E+00	 1.031E+00	 1.051E+00	 3.777E+01
  3.852E+00	 3.855E+00	 1.032E+00	 1.052E+00	 3.646E+01
  3.852E+00	 3.856E+00	 1.032E+00	 1.052E+00	 3.519E+01
  3.853E+00	 3.856E+00	 1.033E+00	 1.053E+00	 3.396E+01
  3.853E+00	 3.857E+00	 1.033E+00	 1.054E+00	 3.277E+01
  3.854E+00	 3.857E+00	 1.034E+00	 1.055E+00	 3.163E+01
  3.854E+00	 3.857E+00	 1.034E+00	 1.056E+00	 3.052E+01
  3.854E+00	 3.858E+00	 1.035E+00	 1.056E+00	 2.945E+01
  3.855E+00	 3.858E+00	 1.035E+00	 1.057E+00	 2.841E+01
  3.855E+00	 3.859E+00	 1.036E+00	 1.058E+00	 2.741E+01
  3.856E+00	 3.859E+00	 1.036E+00	 1.059E+00	 2.644E+01
  3.856E+00	 3.859E+00	 1.037E+00	 1.059E+00	 2.551E+01
  3.856E+00	 3.860E+00	 1.037E+00	 1.060E+00	 2.461E+01
  3.857E+00	 3.860E+00	 1.038E+00	 1.061E+00	 2.374E+01
  3.857E+00	 3.861E+00	 1.038E+00	 1.062E+00	 2.289E+01
  3.858E+00	 3.861E+00	 1.039E+00	 1.063E+00	 2.208E+01
  3.858E+00	 3.861E+00	 1.039E+00	 1.063E+00	 2.130E+01
  3.858E+00	 3.862E+00	 1.040E+00	 1.064E+00	 2.054E+01
  3.859E+00	 3.862E+00	 1.040E+00	 1.065E+00	 1.981E+01
  3.859E+00	 3.863E+00	 1.041E+00	 1.066E+00	 1.910E+01
  3.860E+00	 3.863E+00	 1.041E+00	 1.067E+00	 1.842E+01
  3.860E+00	 3.863E+00	 1.042E+00	 1.067E+00	 1.776E+01
  3.860E+00	 3.864E+00	 1.042E+00	 1.068E+00	 1.712E+01
  3.861E+00	 3.864E+00	 1.043E+00	 1.069E+00	 1.651E+01
  3.861E+00	 3.865E+00	 1.043E+00	 1.070E+00	 1.592E+01
  3.862E+00	 3.865E+00	 1.044E+00	 1.070E+00	 1.535E+01
  3.862E+00	 3.865E+00	 1.044E+00	 1.071E+00	 1.480E+01
  3.862E+00	 3.866E+00	 1.045E+00	 1.072E+00	 1.426E+01
  3.863E+00	 3.866E+00	 1.045E+00	 1.073E+00	 1.375E+01
  3.863E+00	 3.866E+00	 1.046E+00	 1.074E+00	 1.326E+01
  3.864E+00	 3.867E+00	 1.046E+00	 1.074E+00	 1.278E+01
  3.864E+00	 3.867E+00	 1.047E+00	 1.075E+00	 1.232E+01
  3.864E+00	 3.868E+00	 1.047E+00	 1.076E+00	 1.187E+01
  3.865E+00	 3.868E+00	 1.048E+00	 1.077E+00	 1.144E+01
  3.865E+00	 3.868E+00	 1.048E+00	 1.078E+00	 1.103E+01
  3.866E+00	 3.869E+00	 1.049E+00	 1.078E+00	 1.063E+01
  3.866E+00	 3.869E+00	 1.049E+00	 1.079E+00	 1.025E+01
  3.866E+00	 3.870E+00	 1.050E+00	 1.080E+00	 9.874E+00
  3.867E+00	 3.870E+00	 1.050E+00	 1.081E+00	 9.516E+00
  3.867E+00	 3.870E+00	 1.051E+00	 1.081E+00	 9.171E+00
  3.868E+00	 3.871E+00	 1.051E+00	 1.082E+00	 8.838E+00
  3.868E+00	 3.871E+00	 1.052E+00	 1.083E+00	 8.517E+00
  3.868E+00	 3.872E+00	 1.052E+00	 1.084E+00	 8.207E+00
  3.869E+00	 3.872E+00	 1.053E+00	 1.085E+00	 7.908E+00
  3.869E+00	 3.872E+00	 1.053E+00	 1.085E+00	 7.621E+00
  3.870E+00	 3.873E+00	 1.054E+00	 1.086E+00	 7.343E+00
  3.870E+00	 3.873E+00	 1.054E+00	 1.087E+00	 7.075E+00
  3.870E+00	 3.874E+00	 1.055E+00	 1.088E+00	 6.817E+00
  3.871E+00	 3.874E+00	 1.055E+00	 1.089E+00	 6.568E+00
  3.871E+00	 3.874E+00	 1.056E+00	 1.089E+00	 6.329E+00
  3.872E+00	 3.875E+00	 1.056E+00	 1.090E+00	 6.097E+00
  3.872E+00	 3.875E+00	 1.057E+00	 1.091E+00	 5.874E+00
  3.872E+00	 3.876E+00	 1.057E+00	 1.092E+00	 5.660E+00
  3.873E+00	 3.876E+00	 1.058E+00	 1.092E+00	 5.453E+00
  3.873E+00	 3.876E+00	 1.058E+00	 1.093E+00	 5.253E+00
  3.874E+00	 3.877E+00	 1.059E+00	 1.094E+00	 5.061E+00
  3.874E+00	 3.877E+00	 1.059E+00	 1.095E+00	 4.875E+00
  3.874E+00	 3.878E+00	 1.060E+00	 1.096E+00	 4.696E+00
  3.875E+00	 3.878E+00	 1.060E+00	 1.096E+00	 4.524E+00
  3.875E+00	 3.878E+00	 1.061E+00	 1.097E+00	 4.358E+00
  3.876E+00	 3.879E+00	 1.061E+00	 1.098E+00	 4.198E+00
  3.876E+00	 3.879E+00	 1.062E+00	 1.099E+00	 4.044E+00
  3.876E+00	 3.879E+00	 1.062E+00	 1.099E+00	 3.895E+00
  3.877E+00	 3.880E+00	 1.063E+00	 1.100E+00	 3.752E+00
  3.877E+00	 3.880E+00	 1.063E+00	 1.101E+00	 3.614E+00
  3.878E+00	 3.881E+00	 1.064E+00	 1.102E+00	 3.481E+00
  3.878E+00	 3.881E+00	 1.064E+00	 1.103E+00	 3.353E+00
  3.878E+00	 3.881E+00	 1.065E+00	 1.103E+00	 3.229E+00
  3.879E+00	 3.882E+00	 1.065E+00	 1.104E+00	 3.110E+00
  3.879E+00	 3.882E+00	 1.066E+00	 1.105E+00	 2.996E+00
  3.880E+00	 3.883E+00	 1.066E+00	 1.106E+00	 2.885E+00
  3.880E+00	 3.883E+00	 1.067E+00	 1.106E+00	 2.779E+00
  3.880E+00	 3.883E+00	 1.067E+00	 1.107E+00	 2.676E+00
  3.881E+00	 3.884E+00	 1.068E+00	 1.108E+00	 2.577E+00
  3.881E+00	 3.884E+00	 1.068E+00	 1.109E+00	 2.482E+00
  3.882E+00	 3.885E+00	 1.069E+00	 1.110E+00	 2.390E+00
  3.882E+00	 3.885E+00	 1.069E+00	 1.110E+00	 2.302E+00
  3.882E+00	 3.885E+00	 1.070E+00	 1.111E+00	 2.217E+00
  3.883E+00	 3.886E+00	 1.070E+00	 1.112E+00	 2.135E+00
  3.883E+00	 3.886E+00	 1.071E+00	 1.113E+00	 2.056E+00
  3.884E+00	 3.887E+00	 1.071E+00	 1.113E+00	 1.980E+00
  3.884E+00	 3.887E+00	 1.072E+00	 1.114E+00	 1.906E+00
  3.884E+00	 3.887E+00	 1.072E+00	 1.115E+00	 1.836E+00
  3.885E+00	 3.888E+00	 1.073E+00	 1.116E+00	 1.768E+00
  3.885E+00	 3.888E+00	 1.073E+00	 1.117E+00	 1.702E+00
  3.886E+00	 3.889E+00	 1.074E+00	 1.117E+00	 1.639E+00
  3.886E+00	 3.889E+00	 1.074E+00	 1.118E+00	 1.578E+00
  3.886E+00	 3.889E+00	 1.075E+00	 1.119E+00	 1.520E+00
  3.887E+00	 3.890E+00	 1.075E+00	 1.120E+00	 1.463E+00
  3.887E+00	 3.890E+00	 1.076E+00	 1.120E+00	 1.409E+00
  3.888E+00	 3.891E+00	 1.076E+00	 1.121E+00	 1.356E+00
  3.888E+00	 3.891E+00	 1.077E+00	 1.122E+00	 1.306E+00
  3.888E+00	 3.891E+00	 1.077E+00	 1.123E+00	 1.257E+00
  3.889E+00	 3.892E+00	 1.078E+00	 1.124E+00	 1.211E+00
  3.889E+00	 3.892E+00	 1.078E+00	 1.124E+00	 1.166E+00
  3.890E+00	 3.893E+00	 1.079E+00	 1.125E+00	 1.122E+00
  3.890E+00	 3.893E+00	 1.079E+00	 1.126E+00	 1.080E+00
  3.890E+00	 3.893E+00	 1.080E+00	 1.127E+00	 1.040E+00
  3.891E+00	 3.894E+00	 1.080E+00	 1.127E+00	 1.001E+00
  3.891E+00	 3.894E+00	 1.081E+00	 1.128E+00	 9.640E-01
  3.892E+00	 3.894E+00	 1.081E+00	 1.129E+00	 9.280E-01
  3.892E+00	 3.895E+00	 1.082E+00	 1.130E+00	 8.934E-01
  3.892E+00	 3.895E+00	 1.082E+00	 1.130E+00	 8.600E-01
  3.893E+00	 3.896E+00	 1.083E+00	 1.131E+00	 8.279E-01
  3.893E+00	 3.896E+00	 1.083E+00	 1.132E+00	 7.970E-01
  3.894E+00	 3.896E+00	 1.084E+00	 1.133E+00	 7.672E-01
  3.894E+00	 3.897E+00	 1.084E+00	 1.134E+00	 7.385E-01
  3.894E+00	 3.897E+00	 1.085E+00	 1.134E+00	 7.109E-01
  3.895E+00	 3.898E+00	 1.085E+00	 1.135E+00	 6.843E-01
  3.895E+00	 3.898E+00	 1.086E+00	 1.136E+00	 6.587E-01
  3.896E+00	 3.898E+00	 1.086E+00	 1.137E+00	 6.340E-01
  3.896E+00	 3.899E+00	 1.087E+00	 1.137E+00	 6.102E-01
  3.896E+00	 3.899E+00	 1.087E+00	 1.138E+00	 5.874E-01
  3.897E+00	 3.900E+00	 1.088E+00	 1.139E+00	 5.653E-01
  3.897E+00	 3.900E+00	 1.088E+00	 1.140E+00	 5.441E-01
  3.898E+00	 3.900E+00	 1.089E+00	 1.141E+00	 5.237E-01
  3.898E+00	 3.901E+00	 1.089E+00	 1.141E+00	 5.041E-01
  3.898E+00	 3.901E+00	 1.090E+00	 1.142E+00	 4.851E-01
  3.899E+00	 3.902E+00	 1.090E+00	 1.143E+00	 4.669E-01
  3.899E+00	 3.902E+00	 1.091E+00	 1.144E+00	 4.494E-01
  3.900E+00	 3.902E+00	 1.091E+00	 1.144E+00	 4.325E-01
  3.900E+00	 3.903E+00	 1.092E+00	 1.145E+00	 4.162E-01
  3.900E+00	 3.903E+00	 1.092E+00	 1.146E+00	 4.005E-01
  3.901E+00	 3.904E+00	 1.093E+00	 1.147E+00	 3.855E-01
  3.901E+00	 3.904E+00	 1.093E+00	 1.147E+00	 3.710E-01
  3.902E+00	 3.904E+00	 1.094E+00	 1.148E+00	 3.570E-01
  3.902E+00	 3.905E+00	 1.094E+00	 1.149E+00	 3.435E-01
  3.902E+00	 3.905E+00	 1.095E+00	 1.150E+00	 3.306E-01
  3.903E+00	 3.906E+00	 1.095E+00	 1.151E+00	 3.181E-01
  3.903E+00	 3.906E+00	 1.096E+00	 1.151E+00	 3.061E-01
  3.904E+00	 3.906E+00	 1.096E+00	 1.152E+00	 2.946E-01
  3.904E+00	 3.907E+00	 1.097E+00	 1.153E+00	 2.834E-01
  3.904E+00	 3.907E+00	 1.097E+00	 1.154E+00	 2.727E-01
  3.905E+00	 3.908E+00	 1.098E+00	 1.154E+00	 2.624E-01
  3.905E+00	 3.908E+00	 1.098E+00	 1.155E+00	 2.525E-01
  3.906E+00	 3.908E+00	 1.099E+00	 1.156E+00	 2.429E-01
  3.906E+00	 3.909E+00	 1.099E+00	 1.157E+00	 2.338E-01
  3.906E+00	 3.909E+00	 1.100E+00	 1.157E+00	 2.249E-01
  3.907E+00	 3.909E+00	 1.100E+00	 1.158E+00	 2.164E-01
  3.907E+00	 3.910E+00	 1.101E+00	 1.159E+00	 2.082E-01
  3.908E+00	 3.910E+00	 1.101E+00	 1.160E+00	 2.003E-01
  3.908E+00	 3.911E+00	 1.102E+00	 1.161E+00	 1.927E-01
  3.908E+00	 3.911E+00	 1.102E+00	 1.161E+00	 1.854E-01
  3.909E+00	 3.911E+00	 1.103E+00	 1.162E+00	 1.784E-01
  3.909E+00	 3.912E+00	 1.103E+00	 1.163E+00	 1.716E-01
  3.910E+00	 3.912E+00	 1.104E+00	 1.164E+00	 1.651E-01
  3.910E+00	 3.913E+00	 1.104E+00	 1.164E+00	 1.588E-01
  3.910E+00	 3.913E+00	 1.105E+00	 1.165E+00	 1.527E-01
  3.911E+00	 3.913E+00	 1.105E+00	 1.166E+00	 1.469E-01
  3.911E+00	 3.914E+00	 1.106E+00	 1.167E+00	 1.413E-01
  3.912E+00	 3.914E+00	 1.106E+00	 1.167E+00	 1.360E-01
  3.912E+00	 3.915E+00	 1.107E+00	 1.168E+00	 1.308E-01
  3.912E+00	 3.915E+00	 1.107E+00	 1.169E+00	 1.258E-01
  3.913E+00	 3.915E+00	 1.108E+00	 1.170E+00	 1.210E-01
  3.913E+00	 3.916E+00	 1.108E+00	 1.171E+00	 1.164E-01
  3.914E+00	 3.916E+00	 1.109E+00	 1.171E+00	 1.119E-01
  3.914E+00	 3.917E+00	 1.109E+00	 1.172E+00	 1.077E-01
  3.914E+00	 3.917E+00	 1.110E+00	 1.173E+00	 1.036E-01
  3.915E+00	 3.917E+00	 1.110E+00	 1.174E+00	 9.960E-02
  3.915E+00	 3.918E+00	 1.111E+00	 1.174E+00	 9.579E-02
  3.916E+00	 3.918E+00	 1.111E+00	 1.175E+00	 9.212E-02
  3.916E+00	 3.919E+00	 1.112E+00	 1.176E+00	 8.860E-02
  3.916E+00	 3.919E+00	 1.112E+00	 1.177E+00	 8.520E-02
  3.917E+00	 3.919E+00	 1.113E+00	 1.177E+00	 8.194E-02
  3.917E+00	 3.920E+00	 1.113E+00	 1.178E+00	 7.880E-02
  3.918E+00	 3.920E+00	 1.114E+00	 1.179E+00	 7.577E-02
  3.918E+00	 3.921E+00	 1.114E+00	 1.180E+00	 7.286E-02
  3.918E+00	 3.921E+00	 1.115E+00	 1.180E+00	 7.007E-02
  3.919E+00	 3.921E+00	 1.115E+00	 1.181E+00	 6.737E-02
  3.919E+00	 3.922E+00	 1.116E+00	 1.182E+00	 6.478E-02
  3.920E+00	 3.922E+00	 1.116E+00	 1.183E+00	 6.229E-02
  3.920E+00	 3.923E+00	 1.117E+00	 1.184E+00	 5.989E-02
  3.920E+00	 3.923E+00	 1.117E+00	 1.184E+00	 5.759E-02
  3.921E+00	 3.923E+00	 1.118E+00	 1.185E+00	 5.537E-02
  3.921E+00	 3.924E+00	 1.118E+00	 1.186E+00	 5.323E-02
  3.922E+00	 3.924E+00	 1.119E+00	 1.187E+00	 5.118E-02
  3.922E+00	 3.924E+00	 1.119E+00	 1.187E+00	 4.921E-02
  3.922E+00	 3.925E+00	 1.120E+00	 1.188E+00	 4.730E-02
  3.923E+00	 3.925E+00	 1.120E+00	 1.189E+00	 4.548E-02
  3.923E+00	 3.926E+00	 1.121E+00	 1.190E+00	 4.372E-02
  3.924E+00	 3.926E+00	 1.121E+00	 1.190E+00	 4.203E-02
  3.924E+00	 3.926E+00	 1.122E+00	 1.191E+00	 4.040E-02
  3.924E+00	 3.927E+00	 1.122E+00	 1.192E+00	 3.884E-02
  3.925E+00	 3.927E+00	 1.123E+00	 1.193E+00	 3.733E-02
  3.925E+00	 3.928E+00	 1.123E+00	 1.193E+00	 3.588E-02
  3.926E+00	 3.928E+00	 1.124E+00	 1.194E+00	 3.449E-02
  3.926E+00	 3.928E+00	 1.124E+00	 1.195E+00	 3.315E-02
  3.926E+00	 3.929E+00	 1.125E+00	 1.196E+00	 3.186E-02
  3.927E+00	 3.929E+00	 1.125E+00	 1.197E+00	 3.062E-02
  3.927E+00	 3.930E+00	 1.126E+00	 1.197E+00	 2.943E-02
  3.928E+00	 3.930E+00	 1.126E+00	 1.198E+00	 2.829E-02
  3.928E+00	 3.930E+00	 1.127E+00	 1.199E+00	 2.719E-02
  3.928E+00	 3.931E+00	 1.127E+00	 1.200E+00	 2.613E-02
  3.929E+00	 3.931E+00	 1.128E+00	 1.200E+00	 2.511E-02
  3.929E+00	 3.932E+00	 1.128E+00	 1.201E+00	 2.413E-02
  3.930E+00	 3.932E+00	 1.129E+00	 1.202E+00	 2.318E-02
  3.930E+00	 3.932E+00	 1.129E+00	 1.203E+00	 2.228E-02
  3.930E+00	 3.933E+00	 1.130E+00	 1.203E+00	 2.141E-02
  3.931E+00	 3.933E+00	 1.130E+00	 1.204E+00	 2.057E-02
  3.931E+00	 3.934E+00	 1.131E+00	 1.205E+00	 1.976E-02
  3.932E+00	 3.934E+00	 1.131E+00	 1.206E+00	 1.899E-02
  3.932E+00	 3.934E+00	 1.132E+00	 1.206E+00	 1.824E-02
  3.932E+00	 3.935E+00	 1.132E+00	 1.207E+00	 1.753E-02
  3.933E+00	 3.935E+00	 1.133E+00	 1.208E+00	 1.684E-02
  3.933E+00	 3.936E+00	 1.133E+00	 1.209E+00	 1.618E-02
  3.934E+00	 3.936E+00	 1.134E+00	 1.209E+00	 1.554E-02
  3.934E+00	 3.936E+00	 1.134E+00	 1.210E+00	 1.493E-02
  3.934E+00	 3.937E+00	 1.135E+00	 1.211E+00	 1.434E-02
  3.935E+00	 3.937E+00	 1.135E+00	 1.212E+00	 1.377E-02
  3.935E+00	 3.938E+00	 1.136E+00	 1.212E+00	 1.323E-02
  3.936E+00	 3.938E+00	 1.136E+00	 1.213E+00	 1.271E-02
  3.936E+00	 3.938E+00	 1.137E+00	 1.214E+00	 1.221E-02
  3.936E+00	 3.939E+00	 1.137E+00	 1.215E+00	 1.172E-02
  3.937E+00	 3.939E+00	 1.138E+00	 1.216E+00	 1.126E-02
  3.937E+00	 3.939E+00	 1.138E+00	 1.216E+00	 1.081E-02
  3.938E+00	 3.940E+00	 1.139E+00	 1.217E+00	 1.038E-02
  3.938E+00	 3.940E+00	 1.139E+00	 1.218E+00	 9.972E-03
  3.938E+00	 3.941E+00	 1.140E+00	 1.219E+00	 9.576E-03
  3.939E+00	 3.941E+00	 1.140E+00	 1.219E+00	 9.195E-03
  3.939E+00	 3.941E+00	 1.141E+00	 1.220E+00	 8.829E-03
  3.940E+00	 3.942E+00	 1.141E+00	 1.221E+00	 8.478E-03
  3.940E+00	 3.942E+00	 1.142E+00	 1.222E+00	 8.140E-03
  3.940E+00	 3.943E+00	 1.142E+00	 1.222E+00	 7.815E-03
  3.941E+00	 3.943E+00	 1.143E+00	 1.223E+00	 7.503E-03
  3.941E+00	 3.943E+00	 1.143E+00	 1.224E+00	 7.203E-03
  3.942E+00	 3.944E+00	 1.144E+00	 1.225E+00	 6.915E-03
  3.942E+00	 3.944E+00	 1.144E+00	 1.225E+00	 6.638E-03
  3.942E+00	 3.945E+00	 1.145E+00	 1.226E+00	 6.372E-03
  3.943E+00	 3.945E+00	 1.145E+00	 1.227E+00	 6.116E-03
  3.943E+00	 3.945E+00	 1.146E+00	 1.228E+00	 5.870E-03
  3.944E+00	 3.946E+00	 1.146E+00	 1.228E+00	 5.634E-03
  3.944E+00	 3.946E+00	 1.147E+00	 1.229E+00	 5.407E-03
  3.944E+00	 3.947E+00	 1.147E+00	 1.230E+00	 5.190E-03
  3.945E+00	 3.947E+00	 1.148E+00	 1.231E+00	 4.980E-03
  3.945E+00	 3.947E+00	 1.148E+00	 1.231E+00	 4.779E-03
  3.946E+00	 3.948E+00	 1.149E+00	 1.232E+00	 4.586E-03
  3.946E+00	 3.948E+00	 1.149E+00	 1.233E+00	 4.401E-03
  3.946E+00	 3.949E+00	 1.150E+00	 1.234E+00	 4.222E-03
  3.947E+00	 3.949E+00	 1.150E+00	 1.234E+00	 4.051E-03
  3.947E+00	 3.949E+00	 1.151E+00	 1.235E+00	 3.887E-03
  3.948E+00	 3.950E+00	 1.151E+00	 1.236E+00	 3.729E-03
  3.948E+00	 3.950E+00	 1.152E+00	 1.237E+00	 3.577E-03
  3.948E+00	 3.951E+00	 1.152E+00	 1.237E+00	 3.431E-03
  3.949E+00	 3.951E+00	 1.153E+00	 1.238E+00	 3.291E-03
  3.949E+00	 3.951E+00	 1.153E+00	 1.239E+00	 3.157E-03
  3.950E+00	 3.952E+00	 1.154E+00	 1.240E+00	 3.028E-03
  3.950E+00	 3.952E+00	 1.154E+00	 1.240E+00	 2.904E-03
  3.950E+00	 3.952E+00	 1.155E+00	 1.241E+00	 2.785E-03
  3.951E+00	 3.953E+00	 1.155E+00	 1.242E+00	 2.671E-03
  3.951E+00	 3.953E+00	 1.156E+00	 1.243E+00	 2.561E-03
  3.952E+00	 3.954E+00	 1.156E+00	 1.244E+00	 2.456E-03
  3.952E+00	 3.954E+00	 1.157E+00	 1.244E+00	 2.355E-03
  3.952E+00	 3.954E+00	 1.157E+00	 1.245E+00	 2.258E-03
  3.953E+00	 3.955E+00	 1.158E+00	 1.246E+00	 2.164E-03
  3.953E+00	 3.955E+00	 1.158E+00	 1.247E+00	 2.075E-03
  3.954E+00	 3.956E+00	 1.159E+00	 1.247E+00	 1.989E-03
  3.954E+00	 3.956E+00	 1.159E+00	 1.248E+00	 1.906E-03
  3.954E+00	 3.956E+00	 1.160E+00	 1.249E+00	 1.827E-03
  3.955E+00	 3.957E+00	 1.160E+00	 1.250E+00	 1.751E-03
  3.955E+00	 3.957E+00	 1.161E+00	 1.250E+00	 1.678E-03
  3.956E+00	 3.958E+00	 1.161E+00	 1.251E+00	 1.608E-03
  3.956E+00	 3.958E+00	 1.162E+00	 1.252E+00	 1.541E-03
  3.956E+00	 3.958E+00	 1.162E+00	 1.253E+00	 1.477E-03
  3.957E+00	 3.959E+00	 1.163E+00	 1.253E+00	 1.415E-03
  3.957E+00	 3.959E+00	 1.163E+00	 1.254E+00	 1.356E-03
  3.958E+00	 3.960E+00	 1.164E+00	 1.255E+00	 1.299E-03
  3.958E+00	 3.960E+00	 1.164E+00	 1.256E+00	 1.244E-03
  3.958E+00	 3.960E+00	 1.165E+00	 1.256E+00	 1.191E-03
  3.959E+00	 3.961E+00	 1.165E+00	 1.257E+00	 1.141E-03
  3.959E+00	 3.961E+00	 1.166E+00	 1.258E+00	 1.093E-03
  3.960E+00	 3.962E+00	 1.166E+00	 1.259E+00	 1.047E-03
  3.960E+00	 3.962E+00	 1.167E+00	 1.259E+00	 1.002E-03
  3.960E+00	 3.962E+00	 1.167E+00	 1.260E+00	 9.595E-04
  3.961E+00	 3.963E+00	 1.168E+00	 1.261E+00	 9.186E-04
  3.961E+00	 3.963E+00	 1.168E+00	 1.262E+00	 8.794E-04
  3.962E+00	 3.964E+00	 1.169E+00	 1.262E+00	 8.419E-04
  3.962E+00	 3.964E+00	 1.169E+00	 1.263E+00	 8.058E-04
  3.962E+00	 3.964E+00	 1.170E+00	 1.264E+00	 7.712E-04
  3.963E+00	 3.965E+00	 1.170E+00	 1.265E+00	 7.380E-04
  3.963E+00	 3.965E+00	 1.171E+00	 1.265E+00	 7.062E-04
  3.964E+00	 3.966E+00	 1.171E+00	 1.266E+00	 6.758E-04
  3.964E+00	 3.966E+00	 1.172E+00	 1.267E+00	 6.465E-04
  3.964E+00	 3.966E+00	 1.172E+00	 1.268E+00	 6.185E-04
  3.965E+00	 3.967E+00	 1.173E+00	 1.268E+00	 5.916E-04
  3.965E+00	 3.967E+00	 1.173E+00	 1.269E+00	 5.659E-04
  3.966E+00	 3.967E+00	 1.174E+00	 1.270E+00	 5.412E-04
  3.966E+00	 3.968E+00	 1.174E+00	 1.271E+00	 5.175E-04
  3.966E+00	 3.968E+00	 1.175E+00	 1.271E+00	 4.948E-04
  3.967E+00	 3.969E+00	 1.175E+00	 1.272E+00	 4.731E-04
  3.967E+00	 3.969E+00	 1.176E+00	 1.273E+00	 4.523E-04
  3.968E+00	 3.969E+00	 1.176E+00	 1.274E+00	 4.323E-04
  3.968E+00	 3.970E+00	 1.177E+00	 1.275E+00	 4.132E-04
  3.968E+00	 3.970E+00	 1.177E+00	 1.275E+00	 3.948E-04
  3.969E+00	 3.971E+00	 1.178E+00	 1.276E+00	 3.773E-04
  3.969E+00	 3.971E+00	 1.178E+00	 1.277E+00	 3.605E-04
  3.970E+00	 3.971E+00	 1.179E+00	 1.278E+00	 3.443E-04
  3.970E+00	 3.972E+00	 1.179E+00	 1.278E+00	 3.289E-04
  3.970E+00	 3.972E+00	 1.180E+00	 1.279E+00	 3.141E-04
  3.971E+00	 3.973E+00	 1.180E+00	 1.280E+00	 3.000E-04
  3.971E+00	 3.973E+00	 1.181E+00	 1.281E+00	 2.864E-04
  3.972E+00	 3.973E+00	 1.181E+00	 1.281E+00	 2.734E-04
  3.972E+00	 3.974E+00	 1.182E+00	 1.282E+00	 2.610E-04
  3.972E+00	 3.974E+00	 1.182E+00	 1.283E+00	 2.491E-04
  3.973E+00	 3.975E+00	 1.183E+00	 1.284E+00	 2.377E-04
  3.973E+00	 3.975E+00	 1.183E+00	 1.284E+00	 2.268E-04
  3.974E+00	 3.975E+00	 1.184E+00	 1.285E+00	 2.163E-04
  3.974E+00	 3.976E+00	 1.184E+00	 1.286E+00	 2.064E-04
  3.974E+00	 3.976E+00	 1.185E+00	 1.287E+00	 1.968E-04
  3.975E+00	 3.977E+00	 1.185E+00	 1.287E+00	 1.876E-04
  3.975E+00	 3.977E+00	 1.186E+00	 1.288E+00	 1.789E-04
  3.976E+00	 3.977E+00	 1.186E+00	 1.289E+00	 1.705E-04
  3.976E+00	 3.978E+00	 1.187E+00	 1.290E+00	 1.625E-04
  3.976E+00	 3.978E+00	 1.187E+00	 1.290E+00	 1.548E-04