    8   13   20    1    8     /OXYGEN             /DICKSON ET AL 1992
--------------------------------------------------------------------------------
   4.00000   5.00000   6.00000   7.00000   8.00000   9.00000  10.00000  11.00000
  12.00000  13.00000  14.00000  15.00000  16.59999
  -0.39997  -0.20010  -0.00015   0.20021   0.39929   0.60003   0.79990   0.99985
   1.20021   1.39929   1.60003   1.79990   1.99985   2.20021   2.39929   2.60003
   2.79990   2.99985   3.20021   3.39929
---------------------/ IPRT= 1  / IGRD= 1  /--------/ Z1= 1   / DATE= 29/03/93
 -12.32677 -12.32356 -12.31301 -12.29263 -12.26680 -12.24141 -12.20964 -12.11569
 -11.89257 -11.49149 -10.93078 -10.23064  -8.80064
 -12.45768 -12.45619 -12.44868 -12.43319 -12.41542 -12.40282 -12.39166 -12.33514
 -12.17675 -11.87189 -11.41756 -10.80031  -9.38813
 -12.65737 -12.65726 -12.65226 -12.64080 -12.62834 -12.62196 -12.62020 -12.58923
 -12.48818 -12.27962 -11.93274 -11.39479 -10.00042
 -12.78092 -12.78814 -12.79215 -12.79150 -12.78952 -12.79069 -12.79447 -12.78138
 -12.72786 -12.60479 -12.35580 -11.89489 -10.53206
 -12.48270 -12.51988 -12.56020 -12.60157 -12.64645 -12.69844 -12.75810 -12.81406
 -12.85185 -12.84389 -12.71164 -12.34499 -11.03422
 -11.97710 -12.04869 -12.13109 -12.22146 -12.32283 -12.43968 -12.57450 -12.72174
 -12.87308 -12.99947 -12.99965 -12.74249 -11.50906
 -11.68347 -11.76497 -11.86041 -11.96711 -12.08898 -12.23156 -12.40024 -12.59960
 -12.83304 -13.07546 -13.20215 -13.05540 -11.92021
 -11.61823 -11.69657 -11.78958 -11.89518 -12.01753 -12.16235 -12.33709 -12.55607
 -12.83441 -13.15353 -13.37301 -13.31398 -12.28018
 -11.67708 -11.75491 -11.84859 -11.95652 -12.08234 -12.23100 -12.41023 -12.63899
 -12.93818 -13.29367 -13.56094 -13.55487 -12.61148
 -11.82026 -11.89721 -11.99073 -12.09961 -12.22721 -12.37798 -12.55964 -12.79297
 -13.10133 -13.47312 -13.76474 -13.79204 -12.92608
 -12.02374 -12.09886 -12.19075 -12.29858 -12.42569 -12.57645 -12.75857 -12.99333
 -13.30486 -13.68301 -13.98691 -14.03636 -13.23538
 -12.26199 -12.33536 -12.42563 -12.53229 -12.65865 -12.80887 -12.99051 -13.22472
 -13.53562 -13.91399 -14.22264 -14.28669 -13.53971
 -12.51449 -12.58595 -12.67461 -12.78015 -12.90551 -13.05439 -13.23387 -13.46472
 -13.77070 -14.14358 -14.45212 -14.53008 -13.84621
 -12.78382 -12.85372 -12.94115 -13.04578 -13.17015 -13.31747 -13.49435 -13.72122
 -14.02150 -14.38781 -14.69455 -14.78358 -14.15322
 -13.08145 -13.15129 -13.23868 -13.34329 -13.46762 -13.61488 -13.79167 -14.01839
 -14.31847 -14.68454 -14.99120 -15.08060 -14.45206
 -13.38257 -13.45242 -13.53981 -13.64441 -13.76875 -13.91601 -14.09279 -14.31951
 -14.61959 -14.98566 -15.29232 -15.38172 -14.75318
 -13.68238 -13.75222 -13.83961 -13.94421 -14.06855 -14.21581 -14.39259 -14.61931
 -14.91939 -15.28547 -15.59213 -15.68153 -15.05298
 -13.98230 -14.05214 -14.13953 -14.24413 -14.36847 -14.51573 -14.69251 -14.91923
 -15.21931 -15.58539 -15.89205 -15.98145 -15.35290
 -14.28284 -14.35268 -14.44007 -14.54467 -14.66901 -14.81627 -14.99305 -15.21977
 -15.51985 -15.88593 -16.19259 -16.28199 -15.65344
 -14.58145 -14.65129 -14.73868 -14.84329 -14.96762 -15.11488 -15.29167 -15.51839
 -15.81847 -16.18454 -16.49120 -16.58060 -15.95206
---------------------/ IPRT= 1  / IGRD= 1  /--------/ Z1= 2   / DATE= 29/03/93
 -11.29938 -11.29560 -11.28782 -11.27576 -11.25938 -11.23454 -11.17609 -11.05119
 -10.82493 -10.45649  -9.90689  -9.15360  -7.66550
 -11.46751 -11.46658 -11.46430 -11.45891 -11.44828 -11.42974 -11.39756 -11.34373
 -11.24971 -11.05711 -10.70249 -10.14365  -8.91531
 -11.60644 -11.60354 -11.59991 -11.59386 -11.58320 -11.56630 -11.54424 -11.51795
 -11.47711 -11.36954 -11.13925 -10.74618  -9.77957
 -11.66514 -11.66446 -11.66331 -11.66082 -11.65591 -11.64741 -11.63364 -11.61218
 -11.57457 -11.49308 -11.34127 -11.09459 -10.39232
 -11.56937 -11.58740 -11.60801 -11.63018 -11.65270 -11.67357 -11.68714 -11.68681
 -11.66608 -11.62227 -11.55648 -11.45836 -11.02900
 -11.29344 -11.33369 -11.38242 -11.43816 -11.49894 -11.56189 -11.61977 -11.66433
 -11.69066 -11.71008 -11.73905 -11.77492 -11.58268
 -10.97646 -11.02438 -11.08588 -11.15998 -11.24494 -11.33840 -11.43491 -11.52799
 -11.61403 -11.70514 -11.81788 -11.94804 -11.91428
 -10.82121 -10.86961 -10.93412 -11.01403 -11.10763 -11.21310 -11.32807 -11.44986
 -11.57749 -11.72058 -11.89091 -12.07965 -12.15060
 -10.83405 -10.88086 -10.94453 -11.02426 -11.11810 -11.22446 -11.34374 -11.47686
 -11.62545 -11.79620 -11.99553 -12.21038 -12.34185
 -10.94101 -10.98629 -11.04859 -11.12705 -11.21961 -11.32484 -11.44502 -11.58353
 -11.74328 -11.92635 -12.13248 -12.34535 -12.49622
 -11.11137 -11.15525 -11.21627 -11.29346 -11.38451 -11.48804 -11.60758 -11.74808
 -11.91285 -12.09871 -12.29861 -12.49429 -12.64145
 -11.32660 -11.36881 -11.42822 -11.50362 -11.59237 -11.69289 -11.80949 -11.94811
 -12.11200 -12.29356 -12.48056 -12.65431 -12.79044
 -11.56882 -11.60923 -11.66636 -11.73903 -11.82459 -11.92151 -12.03401 -12.16790
 -12.32563 -12.49625 -12.66423 -12.81187 -12.93327
 -11.82866 -11.86713 -11.92153 -11.99085 -12.07280 -12.16598 -12.27393 -12.40140
 -12.54950 -12.70511 -12.85102 -12.97134 -13.07747
 -12.09712 -12.13343 -12.18490 -12.25075 -12.32897 -12.41825 -12.52118 -12.64112
 -12.77787 -12.91721 -13.04127 -13.13613 -13.22918
 -12.36530 -12.39878 -12.44623 -12.50694 -12.57903 -12.66111 -12.75471 -12.86190
 -12.98146 -13.09862 -13.19498 -13.25857 -13.33704
 -12.63701 -12.66810 -12.71194 -12.76772 -12.83357 -12.90793 -12.99166 -13.08616
 -13.18987 -13.28759 -13.36022 -13.39698 -13.46334
 -12.93585 -12.96685 -13.01054 -13.06613 -13.13173 -13.20578 -13.28911 -13.38311
 -13.48620 -13.58318 -13.65490 -13.69064 -13.75654
 -13.23639 -13.26739 -13.31108 -13.36667 -13.43227 -13.50632 -13.58965 -13.68365
 -13.78674 -13.88372 -13.95544 -13.99118 -14.05708
 -13.53500 -13.56600 -13.60970 -13.66529 -13.73088 -13.80493 -13.88827 -13.98226
 -14.08535 -14.18233 -14.25406 -14.28979 -14.35570
---------------------/ IPRT= 1  / IGRD= 1  /--------/ Z1= 3   / DATE= 29/03/93
 -10.96328 -10.96558 -10.96304 -10.95198 -10.93067 -10.89869 -10.85174 -10.73994
 -10.48348 -10.00819  -9.31327  -8.44592  -6.82106
 -11.14175 -11.14110 -11.13643 -11.12514 -11.10574 -11.07752 -11.03697 -10.94776
 -10.75191 -10.39420  -9.85731  -9.14883  -7.69737
 -11.31626 -11.31295 -11.30651 -11.29537 -11.27830 -11.25423 -11.22044 -11.15399
 -11.01864 -10.77801 -10.39851  -9.84874  -8.57246
 -11.41075 -11.41064 -11.40940 -11.40628 -11.39981 -11.38812 -11.36858 -11.32922
 -11.25193 -11.11639 -10.87950 -10.48389  -9.41971
 -11.32122 -11.33559 -11.35320 -11.37352 -11.39419 -11.41163 -11.42201 -11.41910
 -11.39510 -11.33959 -11.21388 -10.96162 -10.18221
 -11.06065 -11.09058 -11.12913 -11.17636 -11.22922 -11.28260 -11.33150 -11.37290
 -11.40515 -11.42443 -11.40146 -11.29092 -10.82479
 -10.71652 -10.75278 -10.80219 -10.86624 -10.94222 -11.02466 -11.10849 -11.19417
 -11.28583 -11.38553 -11.46941 -11.49670 -11.31072
 -10.50840 -10.54513 -10.59730 -10.66758 -10.75379 -10.85058 -10.95322 -11.06494
 -11.19423 -11.34756 -11.50638 -11.63557 -11.66948
 -10.49214 -10.52740 -10.57844 -10.64841 -10.73553 -10.83477 -10.94181 -11.06104
 -11.20260 -11.37501 -11.56683 -11.75337 -11.94278
 -10.57190 -10.60540 -10.65445 -10.72241 -10.80801 -10.90695 -11.01558 -11.13796
 -11.28325 -11.45958 -11.66214 -11.87753 -12.16859
 -10.71866 -10.75039 -10.79735 -10.86294 -10.94640 -11.04425 -11.15349 -11.27717
 -11.42236 -11.59559 -11.79718 -12.02323 -12.37284
 -10.91562 -10.94569 -10.99065 -11.05395 -11.13518 -11.23140 -11.34004 -11.46322
 -11.60614 -11.77387 -11.96967 -12.19560 -12.56953
 -11.14707 -11.17551 -11.21849 -11.27943 -11.35819 -11.45234 -11.55966 -11.68144
 -11.82126 -11.98280 -12.17083 -12.39088 -12.76868
 -11.40115 -11.42800 -11.46894 -11.52734 -11.60336 -11.69503 -11.80056 -11.92037
 -12.05634 -12.21064 -12.38886 -12.59886 -12.96799
 -11.66789 -11.69326 -11.73215 -11.78795 -11.86107 -11.95001 -12.05331 -12.17041
 -12.30131 -12.44645 -12.61194 -12.80768 -13.15886
 -11.94667 -11.97080 -12.00783 -12.06105 -12.13115 -12.21717 -12.31808 -12.43224
 -12.55763 -12.69282 -12.84432 -13.02389 -13.35267
 -12.22902 -12.25206 -12.28733 -12.33788 -12.40469 -12.48741 -12.58551 -12.69631
 -12.81573 -12.94045 -13.07723 -13.23957 -13.54334
 -12.50878 -12.53000 -12.56257 -12.60945 -12.67178 -12.74954 -12.84241 -12.94655
 -13.05578 -13.16487 -13.28076 -13.41849 -13.68477
 -12.79750 -12.81749 -12.84829 -12.89292 -12.95255 -13.02721 -13.11652 -13.21599
 -13.31842 -13.41759 -13.52051 -13.64297 -13.88560
 -13.09611 -13.11610 -13.14691 -13.19153 -13.25117 -13.32582 -13.41513 -13.51460
 -13.61703 -13.71620 -13.81913 -13.94158 -14.18421
---------------------/ IPRT= 1  / IGRD= 1  /--------/ Z1= 4   / DATE= 29/03/93
 -10.28551 -10.29367 -10.30023 -10.29726 -10.27934 -10.26067 -10.26457 -10.29934
 -10.25648  -9.97286  -9.30978  -8.32217  -6.42722
 -10.41474 -10.42029 -10.42451 -10.42137 -10.40674 -10.39104 -10.39148 -10.41393
 -10.37593 -10.15377  -9.64005  -8.85720  -7.24919
 -10.54403 -10.54697 -10.54883 -10.54553 -10.53419 -10.52146 -10.51844 -10.52856
 -10.49543 -10.33474  -9.97041  -9.39239  -8.07147
 -10.67291 -10.67327 -10.67284 -10.66943 -10.66144 -10.65176 -10.64536 -10.64320
 -10.61500 -10.51587 -10.30104  -9.92802  -8.89475
 -10.74944 -10.75055 -10.75198 -10.75307 -10.75317 -10.75160 -10.74768 -10.73995
 -10.72078 -10.67965 -10.59949 -10.41280  -9.66009
 -10.66393 -10.67603 -10.69219 -10.71211 -10.73509 -10.75760 -10.77477 -10.78281
 -10.78617 -10.79311 -10.80308 -10.74677 -10.25754
 -10.49421 -10.52090 -10.55642 -10.60019 -10.65112 -10.70433 -10.75315 -10.79241
 -10.82866 -10.87392 -10.93283 -10.95230 -10.68994
 -10.39193 -10.42578 -10.47148 -10.52863 -10.59642 -10.67068 -10.74570 -10.81681
 -10.88756 -10.96537 -11.05302 -11.11701 -11.03115
 -10.40395 -10.43926 -10.48785 -10.54953 -10.62385 -10.70821 -10.79901 -10.89305
 -10.99008 -11.09127 -11.19567 -11.28575 -11.32436
 -10.51571 -10.55141 -10.60112 -10.66451 -10.74108 -10.82928 -10.92707 -11.03235
 -11.14269 -11.25548 -11.36765 -11.47224 -11.59120
 -10.69318 -10.72820 -10.77741 -10.84058 -10.91739 -11.00674 -11.10716 -11.21696
 -11.33255 -11.44949 -11.56385 -11.67582 -11.84687
 -10.91115 -10.94485 -10.99257 -11.05444 -11.13046 -11.21958 -11.32027 -11.43070
 -11.54671 -11.66306 -11.77570 -11.88984 -12.09308
 -11.15480 -11.18722 -11.23352 -11.29398 -11.36870 -11.45659 -11.55597 -11.66485
 -11.77866 -11.89165 -11.99976 -12.11210 -12.33416
 -11.41600 -11.44741 -11.49271 -11.55185 -11.62466 -11.71015 -11.80698 -11.91334
 -12.02419 -12.13296 -12.23522 -12.34321 -12.57449
 -11.68714 -11.71753 -11.76180 -11.81936 -11.88960 -11.97184 -12.06535 -12.16883
 -12.27660 -12.38091 -12.47657 -12.57840 -12.81155
 -11.96748 -11.99624 -12.03844 -12.09352 -12.16096 -12.24013 -12.33040 -12.43048
 -12.53399 -12.63217 -12.71922 -12.81238 -13.04161
 -12.25096 -12.27791 -12.31764 -12.36992 -12.43446 -12.51064 -12.59770 -12.69414
 -12.79287 -12.88420 -12.96177 -13.04503 -13.26662
 -12.53660 -12.56221 -12.60017 -12.65007 -12.71148 -12.78399 -12.86720 -12.95987
 -13.05418 -13.13927 -13.20793 -13.28142 -13.49326
 -12.81732 -12.84110 -12.87667 -12.92341 -12.98071 -13.04826 -13.12591 -13.21254
 -13.29981 -13.37602 -13.43337 -13.49458 -13.69089
 -13.09703 -13.11886 -13.15183 -13.19545 -13.24920 -13.31264 -13.38533 -13.46590
 -13.54584 -13.61327 -13.66038 -13.71079 -13.89213
---------------------/ IPRT= 1  / IGRD= 1  /--------/ Z1= 5   / DATE= 29/03/93
 -10.43345 -10.44740 -10.46192 -10.47398 -10.48049 -10.47946 -10.47210 -10.46017
 -10.43109 -10.12876  -9.44151  -8.36673  -6.22299
 -10.53339 -10.54734 -10.56186 -10.57391 -10.58042 -10.57940 -10.57204 -10.56010
 -10.53103 -10.28377  -9.72031  -8.82628  -6.98718
 -10.63336 -10.64731 -10.66183 -10.67389 -10.68039 -10.67937 -10.67201 -10.66008
 -10.63100 -10.43883  -9.99921  -9.28600  -7.75166
 -10.73354 -10.74749 -10.76201 -10.77406 -10.78057 -10.77955 -10.77219 -10.76026
 -10.73118 -10.59421 -10.27869  -9.74667  -8.51772
 -10.79939 -10.81572 -10.83313 -10.84857 -10.85895 -10.86225 -10.85951 -10.85233
 -10.82859 -10.74850 -10.55614 -10.20393  -9.27817
 -10.57309 -10.61161 -10.65614 -10.70359 -10.75115 -10.79658 -10.83922 -10.87871
 -10.90726 -10.89868 -10.82049 -10.63568  -9.99999
 -10.43964 -10.49108 -10.55171 -10.61932 -10.69230 -10.76877 -10.84610 -10.92151
 -10.98979 -11.03324 -11.03691 -10.97456 -10.57703
 -10.48466 -10.53654 -10.59837 -10.66911 -10.74846 -10.83519 -10.92534 -11.01450
 -11.09783 -11.16859 -11.22033 -11.23243 -11.01193
 -10.60573 -10.65679 -10.71847 -10.79005 -10.87152 -10.96180 -11.05670 -11.15149
 -11.24177 -11.32501 -11.39812 -11.44588 -11.34459
 -10.76976 -10.81943 -10.88003 -10.95071 -11.03117 -11.12013 -11.21349 -11.30662
 -11.39580 -11.47979 -11.55787 -11.62058 -11.60213
 -10.97278 -11.01905 -11.07579 -11.14204 -11.21734 -11.30020 -11.38625 -11.47059
 -11.55006 -11.62650 -11.70264 -11.77429 -11.82152
 -11.19906 -11.24168 -11.29419 -11.35558 -11.42521 -11.50144 -11.57961 -11.65457
 -11.72360 -11.79124 -11.86321 -11.93963 -12.03420
 -11.42775 -11.46593 -11.51323 -11.56840 -11.63050 -11.69774 -11.76587 -11.83021
 -11.88855 -11.94587 -12.00836 -12.07933 -12.19995
 -11.63715 -11.66893 -11.70843 -11.75395 -11.80396 -11.85660 -11.90921 -11.95898
 -12.00436 -12.04751 -12.09121 -12.14071 -12.26471
 -11.82363 -11.84818 -11.87874 -11.91338 -11.95016 -11.98739 -12.02420 -12.05988
 -12.09355 -12.12389 -12.14952 -12.17671 -12.29689
 -11.99654 -12.01446 -12.03693 -12.06211 -12.08810 -12.11357 -12.13891 -12.16480
 -12.19085 -12.21350 -12.22862 -12.24293 -12.36119
 -12.16144 -12.17426 -12.19074 -12.20914 -12.22750 -12.24474 -12.26225 -12.28187
 -12.30347 -12.32130 -12.32859 -12.33167 -12.44048
 -12.32958 -12.33873 -12.35098 -12.36460 -12.37764 -12.38918 -12.40136 -12.41686
 -12.43567 -12.44998 -12.45063 -12.44311 -12.53658
 -12.50170 -12.50820 -12.51705 -12.52676 -12.53561 -12.54295 -12.55128 -12.56363
 -12.57994 -12.59118 -12.58678 -12.57129 -12.64932
 -12.60814 -12.61230 -12.61795 -12.62399 -12.62917 -12.63318 -12.63852 -12.64818
 -12.66189 -12.67009 -12.66159 -12.63987 -12.70041
---------------------/ IPRT= 1  / IGRD= 1  /--------/ Z1= 6   / DATE= 29/03/93
  -9.60078  -9.60218  -9.60676  -9.60956  -9.59993  -9.56815  -9.52438  -9.49613
  -9.50470  -9.44817  -9.11732  -8.31264  -6.23203
  -9.83714  -9.83824  -9.84201  -9.84426  -9.83605  -9.80915  -9.77187  -9.74691
  -9.75169  -9.69955  -9.41313  -8.72289  -6.91600
 -10.07360 -10.07439 -10.07734 -10.07906 -10.07225 -10.05024 -10.01946  -9.99778
  -9.99878  -9.95102  -9.70906  -9.13329  -7.60024
 -10.31054 -10.31103 -10.31316 -10.31434 -10.30895 -10.29183 -10.26756 -10.24917
 -10.24637 -10.20302 -10.00561  -9.54453  -8.28589
 -10.54596 -10.54616 -10.54747 -10.54811 -10.54412 -10.53187 -10.51406 -10.49895
 -10.49238 -10.45340 -10.30025  -9.95314  -8.96715
 -10.78327 -10.78316 -10.78367 -10.78376 -10.78118 -10.77380 -10.76246 -10.75062
 -10.74029 -10.70569 -10.59690 -10.36399  -9.65151
 -11.01761 -11.01722 -11.01702 -11.01666 -11.01526 -11.01193 -11.00597 -10.99686
 -10.98344 -10.95294 -10.88251 -10.74779 -10.27771
 -11.24735 -11.24675 -11.24614 -11.24554 -11.24482 -11.24379 -11.24089 -11.23346
 -11.21865 -11.19182 -11.14667 -11.07486 -10.77812
 -11.47238 -11.47183 -11.47118 -11.47060 -11.47031 -11.47044 -11.46924 -11.46331
 -11.44936 -11.42670 -11.39694 -11.35967 -11.17572
 -11.68997 -11.68981 -11.68944 -11.68906 -11.68913 -11.69000 -11.69009 -11.68619
 -11.67521 -11.65792 -11.63842 -11.61922 -11.50602
 -11.89651 -11.89655 -11.89634 -11.89605 -11.89614 -11.89702 -11.89752 -11.89514
 -11.88754 -11.87584 -11.86423 -11.85574 -11.79075
 -12.02628 -12.02627 -12.02602 -12.02568 -12.02559 -12.02605 -12.02640 -12.02507
 -12.02063 -12.01436 -12.00985 -12.01002 -11.98690
 -12.00402 -12.00399 -12.00379 -12.00353 -12.00348 -12.00388 -12.00449 -12.00463
 -12.00371 -12.00303 -12.00550 -12.01392 -12.03630
 -11.88264 -11.88263 -11.88256 -11.88246 -11.88251 -11.88286 -11.88368 -11.88516
 -11.88752 -11.89166 -11.89908 -11.91174 -11.97121
 -11.75385 -11.75386 -11.75388 -11.75390 -11.75392 -11.75393 -11.75448 -11.75657
 -11.76120 -11.76834 -11.77718 -11.78789 -11.86504
 -11.72902 -11.72902 -11.72903 -11.72902 -11.72899 -11.72894 -11.72953 -11.73201
 -11.73755 -11.74569 -11.75455 -11.76360 -11.84934
 -11.82889 -11.82889 -11.82886 -11.82883 -11.82885 -11.82902 -11.82993 -11.83265
 -11.83816 -11.84612 -11.85500 -11.86467 -11.95564
 -11.99554 -11.99554 -11.99563 -11.99579 -11.99597 -11.99614 -11.99692 -11.99945
 -12.00484 -12.01275 -12.02162 -12.03130 -12.12306
 -12.21040 -12.21041 -12.21057 -12.21085 -12.21109 -12.21117 -12.21173 -12.21404
 -12.21930 -12.22716 -12.23585 -12.24505 -12.33533
 -12.45620 -12.45620 -12.45625 -12.45633 -12.45641 -12.45645 -12.45708 -12.45944
 -12.46460 -12.47216 -12.48038 -12.48895 -12.57677
---------------------/ IPRT= 1  / IGRD= 1  /--------/ Z1= 7   / DATE= 29/03/93
 -10.45985 -10.45691 -10.45514 -10.45491 -10.45025 -10.43394 -10.40140 -10.35636
 -10.30400 -10.21976  -9.98675  -9.46748  -7.84994
 -10.58757 -10.58511 -10.58360 -10.58330 -10.57906 -10.56465 -10.53603 -10.49595
 -10.44843 -10.37170 -10.16375  -9.70422  -8.26753
 -10.71477 -10.71277 -10.71150 -10.71112 -10.70729 -10.69480 -10.67011 -10.63500
 -10.59219 -10.52264 -10.33930  -9.93913  -8.68326
 -10.84170 -10.84012 -10.83906 -10.83857 -10.83516 -10.82461 -10.80391 -10.77375
 -10.73552 -10.67285 -10.51371 -10.17260  -9.09775
 -10.96728 -10.96610 -10.96521 -10.96460 -10.96160 -10.95300 -10.93628 -10.91103
 -10.87723 -10.82110 -10.68555 -10.40270  -9.50744
 -11.09340 -11.09258 -11.09184 -11.09109 -11.08850 -11.08189 -11.06922 -11.04890
 -11.01946 -10.96961 -10.85742 -10.63288  -9.91835
 -11.21846 -11.21798 -11.21736 -11.21645 -11.21428 -11.20966 -11.20104 -11.18562
 -11.16039 -11.11652 -11.02717 -10.86026 -10.32523
 -11.34313 -11.34296 -11.34243 -11.34136 -11.33959 -11.33698 -11.33243 -11.32190
 -11.30077 -11.26262 -11.19570 -11.08589 -10.72960
 -11.47033 -11.47040 -11.46996 -11.46880 -11.46748 -11.46669 -11.46574 -11.45966
 -11.44265 -11.41048 -11.36439 -11.30579 -11.11040
 -11.60567 -11.60581 -11.60548 -11.60455 -11.60378 -11.60411 -11.60510 -11.60207
 -11.58948 -11.56475 -11.53500 -11.50870 -11.41476
 -11.76265 -11.76273 -11.76253 -11.76199 -11.76169 -11.76234 -11.76360 -11.76204
 -11.75361 -11.73671 -11.71785 -11.70471 -11.65189
 -11.93694 -11.93700 -11.93681 -11.93631 -11.93603 -11.93661 -11.93787 -11.93709
 -11.93106 -11.91877 -11.90666 -11.90225 -11.87809
 -12.01354 -12.01362 -12.01341 -12.01285 -12.01254 -12.01321 -12.01485 -12.01522
 -12.01165 -12.00382 -11.99935 -12.00699 -12.01980
 -11.94548 -11.94554 -11.94535 -11.94487 -11.94473 -11.94572 -11.94801 -11.95010
 -11.95016 -11.94874 -11.95457 -11.97742 -12.03341
 -11.84622 -11.84629 -11.84611 -11.84563 -11.84551 -11.84650 -11.84900 -11.85226
 -11.85535 -11.85953 -11.87362 -11.90728 -11.99431
 -11.81052 -11.81059 -11.81042 -11.80995 -11.80975 -11.81051 -11.81268 -11.81617
 -11.82077 -11.82809 -11.84611 -11.88342 -11.98309
 -11.88158 -11.88156 -11.88147 -11.88136 -11.88159 -11.88258 -11.88466 -11.88808
 -11.89307 -11.90140 -11.92054 -11.95853 -12.06293
 -12.03528 -12.03535 -12.03546 -12.03566 -12.03618 -12.03728 -12.03924 -12.04244
 -12.04732 -12.05572 -12.07490 -12.11265 -12.21834
 -12.23859 -12.23898 -12.23933 -12.23953 -12.23986 -12.24067 -12.24232 -12.24525
 -12.24995 -12.25825 -12.27718 -12.31430 -12.41912
 -12.47512 -12.47548 -12.47583 -12.47611 -12.47655 -12.47749 -12.47924 -12.48217
 -12.48669 -12.49454 -12.51267 -12.54861 -12.65125
---------------------/ IPRT= 1  / IGRD= 1  /--------/ Z1= 8   / DATE= 29/03/93
 -10.02346 -10.01335 -10.00348 -10.00121 -10.00289  -9.99793  -9.97626  -9.93431
  -9.87261  -9.78543  -9.59662  -9.18599  -7.81626
 -10.15810 -10.14917 -10.14041 -10.13834 -10.13970 -10.13516 -10.11577 -10.07819
 -10.02254  -9.94338  -9.77272  -9.40342  -8.17288
 -10.29280 -10.28503 -10.27740 -10.27552 -10.27657 -10.27244 -10.25535 -10.22213
 -10.17253 -10.10139  -9.94888  -9.62093  -8.52964
 -10.42777 -10.42118 -10.41467 -10.41299 -10.41373 -10.41000 -10.39521 -10.36637
 -10.32283 -10.25973 -10.12541  -9.83890  -8.88714
 -10.56188 -10.55645 -10.55106 -10.54957 -10.55000 -10.54669 -10.53417 -10.50969
 -10.47216 -10.41706 -10.30081 -10.05546  -9.24234
 -10.69711 -10.69286 -10.68859 -10.68730 -10.68742 -10.68452 -10.67430 -10.65421
 -10.62275 -10.57570 -10.47768 -10.27385  -9.60053
 -10.83175 -10.82867 -10.82553 -10.82443 -10.82423 -10.82175 -10.81382 -10.79809
 -10.77268 -10.73365 -10.65377 -10.49128  -9.95716
 -10.96644 -10.96454 -10.96251 -10.96161 -10.96110 -10.95903 -10.95339 -10.94203
 -10.92267 -10.89166 -10.82994 -10.70880 -10.31392
 -11.10154 -11.10077 -11.09984 -11.09913 -11.09834 -11.09669 -11.09331 -11.08624
 -11.07284 -11.04976 -11.00597 -10.92557 -10.66782
 -11.23691 -11.23692 -11.23678 -11.23632 -11.23552 -11.23440 -11.23285 -11.22919
 -11.22072 -11.20458 -11.17611 -11.12952 -10.98500
 -11.37600 -11.37612 -11.37618 -11.37605 -11.37573 -11.37532 -11.37479 -11.37284
 -11.36736 -11.35629 -11.33815 -11.31183 -11.23374
 -11.51818 -11.51815 -11.51814 -11.51819 -11.51828 -11.51833 -11.51820 -11.51706
 -11.51360 -11.50660 -11.49531 -11.47930 -11.43200
 -11.66484 -11.66483 -11.66483 -11.66484 -11.66486 -11.66488 -11.66488 -11.66444
 -11.66295 -11.65976 -11.65395 -11.64446 -11.61351
 -11.81657 -11.81657 -11.81658 -11.81660 -11.81660 -11.81654 -11.81638 -11.81610
 -11.81569 -11.81504 -11.81289 -11.80726 -11.78501
 -11.97261 -11.97258 -11.97260 -11.97271 -11.97281 -11.97271 -11.97226 -11.97171
 -11.97161 -11.97234 -11.97238 -11.96904 -11.95171
 -12.13607 -12.13603 -12.13605 -12.13623 -12.13641 -12.13627 -12.13556 -12.13477
 -12.13482 -12.13645 -12.13806 -12.13658 -12.12346
 -12.30617 -12.30612 -12.30615 -12.30634 -12.30652 -12.30636 -12.30562 -12.30484
 -12.30507 -12.30719 -12.30970 -12.30969 -12.30069
 -12.48491 -12.48487 -12.48489 -12.48503 -12.48517 -12.48505 -12.48450 -12.48397
 -12.48437 -12.48640 -12.48894 -12.48971 -12.48466
 -12.67347 -12.67345 -12.67346 -12.67354 -12.67362 -12.67355 -12.67324 -12.67297
 -12.67328 -12.67463 -12.67643 -12.67746 -12.67633
 -12.87124 -12.87123 -12.87124 -12.87128 -12.87132 -12.87129 -12.87112 -12.87098
 -12.87112 -12.87179 -12.87292 -12.87424 -12.87677
--------------------------------------------------------------------------------
C
C
C     RATE COEFFICIENTS IN UNITS OF CM**3 S-1
C     ---------------------------------------
C
C     PREPARED USING CODE JETXLE.IONBAL.FORT(WJD404U)
C
C           WILLIAM J. DICKSON   29/03/93
C-------------------------------------------------------------------------------
 
C---------------------------------------------------------------------------------
C ADAS ADF11 DATA - SCCS info: @(#)$Header: /home/adascvs/adas/adf11/acd93/acd93_o.dat,v 2.1 2004/07/07 00:01:49 whitefor Exp $ Date $Date: 2004/07/07 00:01:49 $
C---------------------------------------------------------------------------------
