   32    /C + 2 PHOTON EMISSIVITY COEFFICIENTS/
   977.0 A  12  14 /FILMEM = WJD92#C /TYPE = EXCIT    /INDM = T/ISEL =    1
 1.00E+11 2.00E+11 5.00E+11 1.00E+12 2.00E+12 5.00E+12 1.00E+13 2.00E+13
 5.00E+13 1.00E+14 2.00E+14 5.00E+14
 1.00E+00 1.50E+00 2.00E+00 3.00E+00 5.00E+00 7.00E+00 1.00E+01 1.50E+01
 2.00E+01 3.00E+01 5.00E+01 7.00E+01 1.00E+02 1.50E+02
 1.63E-12 8.39E-11 5.07E-10 2.48E-09 7.68E-09 1.22E-08 1.73E-08 2.27E-08
 2.64E-08 3.18E-08 3.97E-08 4.51E-08 5.01E-08 5.37E-08
 1.64E-12 8.44E-11 5.08E-10 2.48E-09 7.64E-09 1.21E-08 1.71E-08 2.25E-08
 2.61E-08 3.14E-08 3.93E-08 4.47E-08 4.98E-08 5.35E-08
 1.65E-12 8.47E-11 5.10E-10 2.47E-09 7.61E-09 1.21E-08 1.70E-08 2.23E-08
 2.59E-08 3.12E-08 3.90E-08 4.44E-08 4.96E-08 5.33E-08
 1.65E-12 8.49E-11 5.10E-10 2.47E-09 7.60E-09 1.21E-08 1.70E-08 2.22E-08
 2.58E-08 3.11E-08 3.89E-08 4.43E-08 4.95E-08 5.33E-08
 1.65E-12 8.49E-11 5.10E-10 2.47E-09 7.60E-09 1.21E-08 1.70E-08 2.22E-08
 2.58E-08 3.11E-08 3.89E-08 4.43E-08 4.94E-08 5.32E-08
 1.65E-12 8.49E-11 5.10E-10 2.47E-09 7.59E-09 1.20E-08 1.70E-08 2.22E-08
 2.57E-08 3.10E-08 3.88E-08 4.42E-08 4.94E-08 5.32E-08
 1.65E-12 8.49E-11 5.10E-10 2.47E-09 7.59E-09 1.20E-08 1.69E-08 2.22E-08
 2.57E-08 3.10E-08 3.88E-08 4.42E-08 4.93E-08 5.31E-08
 1.65E-12 8.48E-11 5.10E-10 2.47E-09 7.58E-09 1.20E-08 1.69E-08 2.21E-08
 2.57E-08 3.09E-08 3.87E-08 4.41E-08 4.93E-08 5.30E-08
 1.65E-12 8.46E-11 5.08E-10 2.46E-09 7.56E-09 1.20E-08 1.69E-08 2.21E-08
 2.56E-08 3.08E-08 3.86E-08 4.40E-08 4.91E-08 5.28E-08
 1.64E-12 8.42E-11 5.06E-10 2.45E-09 7.53E-09 1.19E-08 1.68E-08 2.19E-08
 2.54E-08 3.06E-08 3.83E-08 4.37E-08 4.88E-08 5.26E-08
 1.62E-12 8.34E-11 5.02E-10 2.43E-09 7.46E-09 1.18E-08 1.66E-08 2.16E-08
 2.51E-08 3.03E-08 3.79E-08 4.33E-08 4.83E-08 5.21E-08
 1.56E-12 8.11E-11 4.90E-10 2.38E-09 7.27E-09 1.15E-08 1.60E-08 2.09E-08
 2.42E-08 2.92E-08 3.67E-08 4.19E-08 4.69E-08 5.06E-08
   386.2 A  12  14 /FILMEM = WJD92#C /TYPE = EXCIT    /INDM = T/ISEL =    2
 1.00E+11 2.00E+11 5.00E+11 1.00E+12 2.00E+12 5.00E+12 1.00E+13 2.00E+13
 5.00E+13 1.00E+14 2.00E+14 5.00E+14
 1.00E+00 1.50E+00 2.00E+00 3.00E+00 5.00E+00 7.00E+00 1.00E+01 1.50E+01
 2.00E+01 3.00E+01 5.00E+01 7.00E+01 1.00E+02 1.50E+02
 8.38E-22 2.47E-17 3.32E-15 3.18E-13 8.97E-12 3.41E-11 8.89E-11 1.84E-10
 2.69E-10 4.13E-10 6.69E-10 8.81E-10 1.07E-09 1.18E-09
 8.50E-22 2.51E-17 3.36E-15 3.21E-13 9.00E-12 3.41E-11 8.88E-11 1.84E-10
 2.67E-10 4.09E-10 6.63E-10 8.73E-10 1.06E-09 1.17E-09
 8.59E-22 2.53E-17 3.39E-15 3.23E-13 9.02E-12 3.41E-11 8.87E-11 1.83E-10
 2.65E-10 4.06E-10 6.57E-10 8.67E-10 1.05E-09 1.16E-09
 8.63E-22 2.55E-17 3.41E-15 3.24E-13 9.04E-12 3.42E-11 8.87E-11 1.83E-10
 2.65E-10 4.04E-10 6.54E-10 8.62E-10 1.05E-09 1.16E-09
 8.69E-22 2.56E-17 3.42E-15 3.25E-13 9.06E-12 3.42E-11 8.87E-11 1.82E-10
 2.64E-10 4.03E-10 6.51E-10 8.58E-10 1.05E-09 1.15E-09
 8.83E-22 2.59E-17 3.46E-15 3.27E-13 9.11E-12 3.44E-11 8.90E-11 1.83E-10
 2.64E-10 4.01E-10 6.47E-10 8.53E-10 1.04E-09 1.14E-09
 9.05E-22 2.64E-17 3.51E-15 3.31E-13 9.20E-12 3.46E-11 8.96E-11 1.83E-10
 2.64E-10 4.01E-10 6.45E-10 8.50E-10 1.03E-09 1.14E-09
 9.43E-22 2.73E-17 3.61E-15 3.39E-13 9.36E-12 3.52E-11 9.08E-11 1.85E-10
 2.67E-10 4.03E-10 6.46E-10 8.49E-10 1.03E-09 1.14E-09
 1.04E-21 2.95E-17 3.87E-15 3.58E-13 9.81E-12 3.67E-11 9.45E-11 1.92E-10
 2.75E-10 4.13E-10 6.57E-10 8.59E-10 1.04E-09 1.14E-09
 1.15E-21 3.23E-17 4.19E-15 3.85E-13 1.04E-11 3.90E-11 1.00E-10 2.03E-10
 2.89E-10 4.32E-10 6.80E-10 8.83E-10 1.06E-09 1.16E-09
 1.33E-21 3.66E-17 4.70E-15 4.26E-13 1.15E-11 4.27E-11 1.09E-10 2.21E-10
 3.15E-10 4.67E-10 7.25E-10 9.30E-10 1.11E-09 1.20E-09
 1.68E-21 4.53E-17 5.74E-15 5.14E-13 1.37E-11 5.07E-11 1.29E-10 2.60E-10
 3.69E-10 5.43E-10 8.24E-10 1.04E-09 1.21E-09 1.29E-09
  1175.7 A  12  14 /FILMEM = WJD92#C /TYPE = EXCIT    /INDM = T/ISEL =    3
 1.00E+11 2.00E+11 5.00E+11 1.00E+12 2.00E+12 5.00E+12 1.00E+13 2.00E+13
 5.00E+13 1.00E+14 2.00E+14 5.00E+14
 1.00E+00 1.50E+00 2.00E+00 3.00E+00 5.00E+00 7.00E+00 1.00E+01 1.50E+01
 2.00E+01 3.00E+01 5.00E+01 7.00E+01 1.00E+02 1.50E+02
 5.86E-14 1.20E-11 1.40E-10 1.23E-09 5.40E-09 9.33E-09 1.34E-08 1.68E-08
 1.82E-08 1.84E-08 1.56E-08 1.27E-08 9.30E-09 6.00E-09
 5.96E-14 1.22E-11 1.42E-10 1.25E-09 5.45E-09 9.41E-09 1.35E-08 1.70E-08
 1.84E-08 1.86E-08 1.59E-08 1.29E-08 9.44E-09 6.09E-09
 6.02E-14 1.24E-11 1.44E-10 1.26E-09 5.48E-09 9.46E-09 1.36E-08 1.71E-08
 1.85E-08 1.87E-08 1.60E-08 1.30E-08 9.53E-09 6.15E-09
 6.04E-14 1.24E-11 1.44E-10 1.26E-09 5.49E-09 9.48E-09 1.36E-08 1.71E-08
 1.85E-08 1.87E-08 1.60E-08 1.30E-08 9.56E-09 6.17E-09
 6.05E-14 1.24E-11 1.45E-10 1.26E-09 5.50E-09 9.49E-09 1.36E-08 1.71E-08
 1.86E-08 1.88E-08 1.60E-08 1.30E-08 9.57E-09 6.18E-09
 6.05E-14 1.24E-11 1.45E-10 1.26E-09 5.50E-09 9.49E-09 1.36E-08 1.71E-08
 1.86E-08 1.88E-08 1.61E-08 1.30E-08 9.58E-09 6.19E-09
 6.05E-14 1.24E-11 1.45E-10 1.26E-09 5.50E-09 9.49E-09 1.36E-08 1.71E-08
 1.86E-08 1.88E-08 1.61E-08 1.30E-08 9.58E-09 6.19E-09
 6.05E-14 1.24E-11 1.45E-10 1.26E-09 5.50E-09 9.49E-09 1.36E-08 1.71E-08
 1.85E-08 1.88E-08 1.60E-08 1.30E-08 9.57E-09 6.19E-09
 6.02E-14 1.24E-11 1.44E-10 1.26E-09 5.49E-09 9.47E-09 1.36E-08 1.71E-08
 1.85E-08 1.87E-08 1.60E-08 1.30E-08 9.55E-09 6.17E-09
 5.99E-14 1.23E-11 1.44E-10 1.26E-09 5.48E-09 9.46E-09 1.36E-08 1.70E-08
 1.85E-08 1.86E-08 1.59E-08 1.29E-08 9.51E-09 6.15E-09
 5.92E-14 1.22E-11 1.43E-10 1.25E-09 5.46E-09 9.42E-09 1.35E-08 1.70E-08
 1.84E-08 1.85E-08 1.58E-08 1.28E-08 9.44E-09 6.11E-09
 5.72E-14 1.19E-11 1.40E-10 1.23E-09 5.39E-09 9.31E-09 1.33E-08 1.67E-08
 1.81E-08 1.82E-08 1.55E-08 1.26E-08 9.24E-09 5.99E-09
   538.2 A  12  14 /FILMEM = WJD92#C /TYPE = EXCIT    /INDM = T/ISEL =    4
 1.00E+11 2.00E+11 5.00E+11 1.00E+12 2.00E+12 5.00E+12 1.00E+13 2.00E+13
 5.00E+13 1.00E+14 2.00E+14 5.00E+14
 1.00E+00 1.50E+00 2.00E+00 3.00E+00 5.00E+00 7.00E+00 1.00E+01 1.50E+01
 2.00E+01 3.00E+01 5.00E+01 7.00E+01 1.00E+02 1.50E+02
 4.70E-20 6.22E-16 5.77E-14 3.92E-12 8.39E-11 2.78E-10 6.35E-10 1.12E-09
 1.41E-09 1.65E-09 1.59E-09 1.36E-09 1.02E-09 6.54E-10
 4.77E-20 6.32E-16 5.86E-14 3.96E-12 8.45E-11 2.80E-10 6.39E-10 1.13E-09
 1.42E-09 1.66E-09 1.61E-09 1.38E-09 1.03E-09 6.61E-10
 4.81E-20 6.38E-16 5.91E-14 3.98E-12 8.48E-11 2.81E-10 6.40E-10 1.13E-09
 1.43E-09 1.67E-09 1.61E-09 1.38E-09 1.04E-09 6.65E-10
 4.83E-20 6.40E-16 5.92E-14 3.99E-12 8.48E-11 2.80E-10 6.40E-10 1.13E-09
 1.43E-09 1.67E-09 1.61E-09 1.38E-09 1.04E-09 6.65E-10
 4.83E-20 6.41E-16 5.92E-14 3.98E-12 8.46E-11 2.80E-10 6.38E-10 1.12E-09
 1.42E-09 1.66E-09 1.61E-09 1.38E-09 1.04E-09 6.64E-10
 4.83E-20 6.40E-16 5.91E-14 3.96E-12 8.39E-11 2.77E-10 6.31E-10 1.11E-09
 1.40E-09 1.64E-09 1.59E-09 1.37E-09 1.03E-09 6.58E-10
 4.83E-20 6.38E-16 5.87E-14 3.93E-12 8.27E-11 2.72E-10 6.20E-10 1.09E-09
 1.38E-09 1.61E-09 1.56E-09 1.34E-09 1.01E-09 6.49E-10
 4.82E-20 6.34E-16 5.81E-14 3.86E-12 8.07E-11 2.65E-10 6.00E-10 1.05E-09
 1.33E-09 1.55E-09 1.51E-09 1.30E-09 9.82E-10 6.31E-10
 4.80E-20 6.26E-16 5.68E-14 3.72E-12 7.62E-11 2.47E-10 5.54E-10 9.65E-10
 1.21E-09 1.42E-09 1.38E-09 1.20E-09 9.09E-10 5.87E-10
 4.80E-20 6.18E-16 5.56E-14 3.57E-12 7.16E-11 2.29E-10 5.08E-10 8.75E-10
 1.10E-09 1.28E-09 1.25E-09 1.08E-09 8.26E-10 5.36E-10
 4.80E-20 6.13E-16 5.45E-14 3.43E-12 6.69E-11 2.10E-10 4.59E-10 7.80E-10
 9.70E-10 1.12E-09 1.10E-09 9.54E-10 7.29E-10 4.74E-10
 4.86E-20 6.12E-16 5.37E-14 3.30E-12 6.20E-11 1.90E-10 4.05E-10 6.73E-10
 8.27E-10 9.45E-10 9.16E-10 7.97E-10 6.09E-10 3.96E-10
   459.6 A  12  14 /FILMEM = WJD92#C /TYPE = EXCIT    /INDM = T/ISEL =    5
 1.00E+11 2.00E+11 5.00E+11 1.00E+12 2.00E+12 5.00E+12 1.00E+13 2.00E+13
 5.00E+13 1.00E+14 2.00E+14 5.00E+14
 1.00E+00 1.50E+00 2.00E+00 3.00E+00 5.00E+00 7.00E+00 1.00E+01 1.50E+01
 2.00E+01 3.00E+01 5.00E+01 7.00E+01 1.00E+02 1.50E+02
 1.10E-21 5.38E-17 9.64E-15 1.29E-12 5.06E-11 2.27E-10 6.72E-10 1.51E-09
 2.20E-09 3.05E-09 3.48E-09 3.26E-09 2.69E-09 1.91E-09
 1.12E-21 5.48E-17 9.79E-15 1.31E-12 5.10E-11 2.28E-10 6.77E-10 1.52E-09
 2.22E-09 3.08E-09 3.52E-09 3.31E-09 2.73E-09 1.94E-09
 1.13E-21 5.55E-17 9.91E-15 1.32E-12 5.13E-11 2.30E-10 6.81E-10 1.53E-09
 2.23E-09 3.10E-09 3.54E-09 3.33E-09 2.75E-09 1.95E-09
 1.14E-21 5.59E-17 9.98E-15 1.33E-12 5.16E-11 2.30E-10 6.83E-10 1.53E-09
 2.24E-09 3.11E-09 3.55E-09 3.34E-09 2.76E-09 1.96E-09
 1.15E-21 5.65E-17 1.01E-14 1.34E-12 5.18E-11 2.31E-10 6.86E-10 1.54E-09
 2.25E-09 3.12E-09 3.56E-09 3.35E-09 2.76E-09 1.97E-09
 1.19E-21 5.78E-17 1.03E-14 1.36E-12 5.26E-11 2.34E-10 6.93E-10 1.55E-09
 2.26E-09 3.14E-09 3.58E-09 3.36E-09 2.77E-09 1.97E-09
 1.24E-21 5.99E-17 1.06E-14 1.39E-12 5.37E-11 2.39E-10 7.03E-10 1.57E-09
 2.29E-09 3.16E-09 3.61E-09 3.38E-09 2.79E-09 1.98E-09
 1.32E-21 6.34E-17 1.11E-14 1.46E-12 5.56E-11 2.46E-10 7.22E-10 1.61E-09
 2.33E-09 3.21E-09 3.65E-09 3.42E-09 2.81E-09 1.99E-09
 1.51E-21 7.11E-17 1.24E-14 1.60E-12 6.00E-11 2.63E-10 7.65E-10 1.68E-09
 2.43E-09 3.32E-09 3.75E-09 3.50E-09 2.87E-09 2.03E-09
 1.70E-21 7.90E-17 1.37E-14 1.74E-12 6.47E-11 2.81E-10 8.09E-10 1.77E-09
 2.53E-09 3.44E-09 3.85E-09 3.58E-09 2.92E-09 2.06E-09
 1.91E-21 8.81E-17 1.51E-14 1.91E-12 6.98E-11 3.00E-10 8.57E-10 1.85E-09
 2.64E-09 3.56E-09 3.95E-09 3.66E-09 2.98E-09 2.09E-09
 2.26E-21 1.02E-16 1.73E-14 2.15E-12 7.68E-11 3.25E-10 9.14E-10 1.95E-09
 2.75E-09 3.67E-09 4.04E-09 3.72E-09 3.02E-09 2.12E-09
  2297.6 A  12  14 /FILMEM = WJD92#C /TYPE = EXCIT    /INDM = T/ISEL =    6
 1.00E+11 2.00E+11 5.00E+11 1.00E+12 2.00E+12 5.00E+12 1.00E+13 2.00E+13
 5.00E+13 1.00E+14 2.00E+14 5.00E+14
 1.00E+00 1.50E+00 2.00E+00 3.00E+00 5.00E+00 7.00E+00 1.00E+01 1.50E+01
 2.00E+01 3.00E+01 5.00E+01 7.00E+01 1.00E+02 1.50E+02
 1.78E-15 5.29E-13 7.49E-12 8.17E-11 4.44E-10 8.52E-10 1.31E-09 1.71E-09
 1.86E-09 1.94E-09 1.88E-09 1.82E-09 1.76E-09 1.66E-09
 1.80E-15 5.36E-13 7.57E-12 8.22E-11 4.44E-10 8.52E-10 1.31E-09 1.70E-09
 1.86E-09 1.92E-09 1.87E-09 1.81E-09 1.75E-09 1.66E-09
 1.81E-15 5.40E-13 7.61E-12 8.24E-11 4.45E-10 8.52E-10 1.31E-09 1.70E-09
 1.85E-09 1.92E-09 1.86E-09 1.80E-09 1.74E-09 1.65E-09
 1.82E-15 5.41E-13 7.63E-12 8.25E-11 4.45E-10 8.52E-10 1.31E-09 1.70E-09
 1.85E-09 1.92E-09 1.86E-09 1.80E-09 1.74E-09 1.65E-09
 1.82E-15 5.42E-13 7.64E-12 8.26E-11 4.45E-10 8.51E-10 1.31E-09 1.70E-09
 1.85E-09 1.92E-09 1.86E-09 1.80E-09 1.74E-09 1.65E-09
 1.82E-15 5.41E-13 7.63E-12 8.25E-11 4.45E-10 8.51E-10 1.31E-09 1.70E-09
 1.85E-09 1.92E-09 1.86E-09 1.80E-09 1.74E-09 1.66E-09
 1.81E-15 5.40E-13 7.62E-12 8.24E-11 4.44E-10 8.51E-10 1.31E-09 1.70E-09
 1.85E-09 1.92E-09 1.87E-09 1.81E-09 1.75E-09 1.66E-09
 1.80E-15 5.38E-13 7.60E-12 8.22E-11 4.44E-10 8.50E-10 1.31E-09 1.70E-09
 1.85E-09 1.92E-09 1.87E-09 1.82E-09 1.76E-09 1.67E-09
 1.78E-15 5.32E-13 7.52E-12 8.17E-11 4.42E-10 8.48E-10 1.31E-09 1.70E-09
 1.86E-09 1.94E-09 1.90E-09 1.85E-09 1.80E-09 1.71E-09
 1.74E-15 5.22E-13 7.41E-12 8.08E-11 4.39E-10 8.45E-10 1.31E-09 1.71E-09
 1.88E-09 1.97E-09 1.95E-09 1.90E-09 1.86E-09 1.77E-09
 1.67E-15 5.04E-13 7.20E-12 7.91E-11 4.33E-10 8.38E-10 1.30E-09 1.72E-09
 1.90E-09 2.01E-09 2.03E-09 2.00E-09 1.97E-09 1.89E-09
 1.52E-15 4.66E-13 6.73E-12 7.51E-11 4.18E-10 8.16E-10 1.28E-09 1.72E-09
 1.94E-09 2.11E-09 2.22E-09 2.25E-09 2.25E-09 2.20E-09
  1247.4 A  12  14 /FILMEM = WJD92#C /TYPE = EXCIT    /INDM = T/ISEL =    7
 1.00E+11 2.00E+11 5.00E+11 1.00E+12 2.00E+12 5.00E+12 1.00E+13 2.00E+13
 5.00E+13 1.00E+14 2.00E+14 5.00E+14
 1.00E+00 1.50E+00 2.00E+00 3.00E+00 5.00E+00 7.00E+00 1.00E+01 1.50E+01
 2.00E+01 3.00E+01 5.00E+01 7.00E+01 1.00E+02 1.50E+02
 3.30E-18 4.48E-15 1.36E-13 3.19E-12 3.15E-11 7.70E-11 1.41E-10 2.14E-10
 2.58E-10 3.08E-10 3.49E-10 3.63E-10 3.68E-10 3.58E-10
 3.35E-18 4.54E-15 1.37E-13 3.21E-12 3.15E-11 7.68E-11 1.41E-10 2.13E-10
 2.56E-10 3.05E-10 3.47E-10 3.61E-10 3.66E-10 3.57E-10
 3.37E-18 4.57E-15 1.38E-13 3.22E-12 3.15E-11 7.67E-11 1.41E-10 2.12E-10
 2.55E-10 3.03E-10 3.45E-10 3.59E-10 3.65E-10 3.57E-10
 3.38E-18 4.59E-15 1.39E-13 3.22E-12 3.15E-11 7.67E-11 1.41E-10 2.12E-10
 2.55E-10 3.03E-10 3.44E-10 3.59E-10 3.65E-10 3.57E-10
 3.39E-18 4.60E-15 1.39E-13 3.23E-12 3.15E-11 7.68E-11 1.41E-10 2.12E-10
 2.55E-10 3.03E-10 3.45E-10 3.59E-10 3.66E-10 3.57E-10
 3.41E-18 4.63E-15 1.40E-13 3.24E-12 3.17E-11 7.70E-11 1.41E-10 2.13E-10
 2.55E-10 3.04E-10 3.46E-10 3.61E-10 3.67E-10 3.59E-10
 3.44E-18 4.66E-15 1.41E-13 3.26E-12 3.18E-11 7.75E-11 1.42E-10 2.14E-10
 2.57E-10 3.06E-10 3.48E-10 3.64E-10 3.70E-10 3.62E-10
 3.50E-18 4.73E-15 1.43E-13 3.30E-12 3.22E-11 7.83E-11 1.43E-10 2.16E-10
 2.60E-10 3.10E-10 3.54E-10 3.69E-10 3.76E-10 3.68E-10
 3.68E-18 4.93E-15 1.48E-13 3.42E-12 3.33E-11 8.09E-11 1.48E-10 2.24E-10
 2.69E-10 3.22E-10 3.69E-10 3.86E-10 3.95E-10 3.87E-10
 3.96E-18 5.26E-15 1.57E-13 3.61E-12 3.50E-11 8.51E-11 1.56E-10 2.36E-10
 2.85E-10 3.42E-10 3.94E-10 4.14E-10 4.25E-10 4.18E-10
 4.49E-18 5.90E-15 1.75E-13 3.98E-12 3.85E-11 9.34E-11 1.71E-10 2.60E-10
 3.15E-10 3.80E-10 4.43E-10 4.70E-10 4.85E-10 4.79E-10
 5.93E-18 7.63E-15 2.24E-13 5.03E-12 4.81E-11 1.16E-10 2.14E-10 3.27E-10
 3.98E-10 4.89E-10 5.83E-10 6.28E-10 6.56E-10 6.55E-10
   690.5 A  12  14 /FILMEM = WJD92#C /TYPE = EXCIT    /INDM = T/ISEL =    8
 1.00E+11 2.00E+11 5.00E+11 1.00E+12 2.00E+12 5.00E+12 1.00E+13 2.00E+13
 5.00E+13 1.00E+14 2.00E+14 5.00E+14
 1.00E+00 1.50E+00 2.00E+00 3.00E+00 5.00E+00 7.00E+00 1.00E+01 1.50E+01
 2.00E+01 3.00E+01 5.00E+01 7.00E+01 1.00E+02 1.50E+02
 4.10E-21 7.51E-17 8.07E-15 6.41E-13 1.66E-11 6.35E-11 1.70E-10 3.63E-10
 5.33E-10 8.03E-10 1.17E-09 1.40E-09 1.55E-09 1.57E-09
 4.15E-21 7.60E-17 8.14E-15 6.43E-13 1.66E-11 6.32E-11 1.69E-10 3.60E-10
 5.27E-10 7.93E-10 1.16E-09 1.39E-09 1.54E-09 1.56E-09
 4.17E-21 7.65E-17 8.18E-15 6.44E-13 1.66E-11 6.30E-11 1.68E-10 3.58E-10
 5.24E-10 7.87E-10 1.15E-09 1.38E-09 1.53E-09 1.56E-09
 4.18E-21 7.67E-17 8.19E-15 6.44E-13 1.66E-11 6.29E-11 1.68E-10 3.57E-10
 5.22E-10 7.85E-10 1.15E-09 1.37E-09 1.53E-09 1.55E-09
 4.19E-21 7.68E-17 8.20E-15 6.44E-13 1.66E-11 6.28E-11 1.67E-10 3.56E-10
 5.21E-10 7.82E-10 1.15E-09 1.37E-09 1.52E-09 1.55E-09
 4.18E-21 7.67E-17 8.19E-15 6.43E-13 1.65E-11 6.26E-11 1.67E-10 3.54E-10
 5.18E-10 7.78E-10 1.14E-09 1.36E-09 1.51E-09 1.54E-09
 4.17E-21 7.65E-17 8.17E-15 6.41E-13 1.64E-11 6.23E-11 1.66E-10 3.52E-10
 5.15E-10 7.73E-10 1.13E-09 1.35E-09 1.51E-09 1.53E-09
 4.15E-21 7.61E-17 8.12E-15 6.37E-13 1.63E-11 6.18E-11 1.64E-10 3.49E-10
 5.10E-10 7.65E-10 1.12E-09 1.34E-09 1.49E-09 1.52E-09
 4.08E-21 7.47E-17 7.97E-15 6.24E-13 1.60E-11 6.03E-11 1.60E-10 3.38E-10
 4.94E-10 7.42E-10 1.09E-09 1.30E-09 1.45E-09 1.48E-09
 3.96E-21 7.25E-17 7.73E-15 6.04E-13 1.54E-11 5.78E-11 1.53E-10 3.23E-10
 4.71E-10 7.08E-10 1.04E-09 1.25E-09 1.40E-09 1.43E-09
 3.73E-21 6.83E-17 7.27E-15 5.67E-13 1.43E-11 5.35E-11 1.41E-10 2.96E-10
 4.31E-10 6.49E-10 9.59E-10 1.16E-09 1.30E-09 1.34E-09
 3.23E-21 5.88E-17 6.23E-15 4.81E-13 1.19E-11 4.40E-11 1.14E-10 2.37E-10
 3.45E-10 5.19E-10 7.77E-10 9.46E-10 1.07E-09 1.12E-09
   574.3 A  12  14 /FILMEM = WJD92#C /TYPE = EXCIT    /INDM = T/ISEL =    9
 1.00E+11 2.00E+11 5.00E+11 1.00E+12 2.00E+12 5.00E+12 1.00E+13 2.00E+13
 5.00E+13 1.00E+14 2.00E+14 5.00E+14
 1.00E+00 1.50E+00 2.00E+00 3.00E+00 5.00E+00 7.00E+00 1.00E+01 1.50E+01
 2.00E+01 3.00E+01 5.00E+01 7.00E+01 1.00E+02 1.50E+02
 8.79E-23 5.50E-18 1.11E-15 1.71E-13 7.82E-12 3.88E-11 1.29E-10 3.35E-10
 5.51E-10 9.47E-10 1.60E-09 2.05E-09 2.38E-09 2.47E-09
 8.91E-23 5.58E-18 1.13E-15 1.72E-13 7.83E-12 3.87E-11 1.28E-10 3.33E-10
 5.45E-10 9.36E-10 1.58E-09 2.03E-09 2.36E-09 2.46E-09
 8.99E-23 5.63E-18 1.13E-15 1.73E-13 7.83E-12 3.86E-11 1.28E-10 3.30E-10
 5.41E-10 9.27E-10 1.56E-09 2.02E-09 2.35E-09 2.44E-09
 9.03E-23 5.65E-18 1.14E-15 1.73E-13 7.83E-12 3.86E-11 1.28E-10 3.29E-10
 5.39E-10 9.23E-10 1.56E-09 2.01E-09 2.34E-09 2.43E-09
 9.06E-23 5.67E-18 1.14E-15 1.74E-13 7.84E-12 3.86E-11 1.28E-10 3.29E-10
 5.37E-10 9.19E-10 1.55E-09 2.00E-09 2.33E-09 2.42E-09
 9.14E-23 5.71E-18 1.15E-15 1.74E-13 7.85E-12 3.86E-11 1.27E-10 3.27E-10
 5.35E-10 9.13E-10 1.54E-09 1.98E-09 2.31E-09 2.41E-09
 9.25E-23 5.76E-18 1.16E-15 1.75E-13 7.88E-12 3.87E-11 1.27E-10 3.27E-10
 5.33E-10 9.09E-10 1.53E-09 1.97E-09 2.30E-09 2.39E-09
 9.46E-23 5.87E-18 1.17E-15 1.77E-13 7.94E-12 3.89E-11 1.28E-10 3.26E-10
 5.31E-10 9.05E-10 1.52E-09 1.96E-09 2.28E-09 2.38E-09
 9.99E-23 6.13E-18 1.22E-15 1.83E-13 8.11E-12 3.95E-11 1.29E-10 3.28E-10
 5.32E-10 9.03E-10 1.52E-09 1.95E-09 2.27E-09 2.36E-09
 1.07E-22 6.51E-18 1.28E-15 1.90E-13 8.35E-12 4.04E-11 1.31E-10 3.31E-10
 5.35E-10 9.06E-10 1.52E-09 1.95E-09 2.27E-09 2.36E-09
 1.20E-22 7.15E-18 1.40E-15 2.04E-13 8.79E-12 4.21E-11 1.35E-10 3.38E-10
 5.44E-10 9.17E-10 1.53E-09 1.97E-09 2.29E-09 2.38E-09
 1.54E-22 8.85E-18 1.69E-15 2.39E-13 9.97E-12 4.67E-11 1.47E-10 3.60E-10
 5.74E-10 9.58E-10 1.59E-09 2.03E-09 2.36E-09 2.46E-09
   818.1 A  12  14 /FILMEM = WJD92#C /TYPE = EXCIT    /INDM = T/ISEL =   10
 1.00E+11 2.00E+11 5.00E+11 1.00E+12 2.00E+12 5.00E+12 1.00E+13 2.00E+13
 5.00E+13 1.00E+14 2.00E+14 5.00E+14
 1.00E+00 1.50E+00 2.00E+00 3.00E+00 5.00E+00 7.00E+00 1.00E+01 1.50E+01
 2.00E+01 3.00E+01 5.00E+01 7.00E+01 1.00E+02 1.50E+02
 1.31E-22 3.97E-18 5.43E-16 5.33E-14 1.51E-12 5.66E-12 1.41E-11 2.66E-11
 3.47E-11 4.15E-11 3.96E-11 3.34E-11 2.47E-11 1.57E-11
 1.33E-22 4.03E-18 5.51E-16 5.39E-14 1.53E-12 5.69E-12 1.42E-11 2.68E-11
 3.50E-11 4.18E-11 4.00E-11 3.37E-11 2.50E-11 1.59E-11
 1.33E-22 4.06E-18 5.55E-16 5.41E-14 1.53E-12 5.70E-12 1.42E-11 2.68E-11
 3.50E-11 4.19E-11 4.02E-11 3.39E-11 2.51E-11 1.59E-11
 1.33E-22 4.05E-18 5.54E-16 5.40E-14 1.52E-12 5.69E-12 1.42E-11 2.68E-11
 3.49E-11 4.18E-11 4.01E-11 3.38E-11 2.51E-11 1.59E-11
 1.32E-22 4.02E-18 5.50E-16 5.36E-14 1.51E-12 5.64E-12 1.41E-11 2.66E-11
 3.47E-11 4.15E-11 3.99E-11 3.36E-11 2.49E-11 1.59E-11
 1.28E-22 3.90E-18 5.34E-16 5.22E-14 1.47E-12 5.50E-12 1.37E-11 2.59E-11
 3.38E-11 4.06E-11 3.90E-11 3.29E-11 2.45E-11 1.56E-11
 1.21E-22 3.72E-18 5.10E-16 4.99E-14 1.41E-12 5.27E-12 1.32E-11 2.49E-11
 3.25E-11 3.90E-11 3.76E-11 3.18E-11 2.37E-11 1.51E-11
 1.10E-22 3.39E-18 4.68E-16 4.60E-14 1.30E-12 4.87E-12 1.22E-11 2.30E-11
 3.01E-11 3.63E-11 3.51E-11 2.98E-11 2.23E-11 1.43E-11
 8.72E-23 2.71E-18 3.76E-16 3.73E-14 1.06E-12 3.97E-12 9.93E-12 1.88E-11
 2.47E-11 2.99E-11 2.93E-11 2.50E-11 1.89E-11 1.23E-11
 6.54E-23 2.04E-18 2.85E-16 2.86E-14 8.18E-13 3.05E-12 7.63E-12 1.45E-11
 1.91E-11 2.32E-11 2.29E-11 1.98E-11 1.51E-11 9.96E-12
 4.49E-23 1.40E-18 1.97E-16 1.98E-14 5.67E-13 2.11E-12 5.27E-12 1.00E-11
 1.32E-11 1.61E-11 1.61E-11 1.40E-11 1.08E-11 7.24E-12
 2.54E-23 7.87E-19 1.10E-16 1.10E-14 3.10E-13 1.15E-12 2.84E-12 5.37E-12
 7.06E-12 8.64E-12 8.67E-12 7.61E-12 5.95E-12 4.04E-12
   884.5 A  12  14 /FILMEM = WJD92#C /TYPE = EXCIT    /INDM = T/ISEL =   11
 1.00E+11 2.00E+11 5.00E+11 1.00E+12 2.00E+12 5.00E+12 1.00E+13 2.00E+13
 5.00E+13 1.00E+14 2.00E+14 5.00E+14
 1.00E+00 1.50E+00 2.00E+00 3.00E+00 5.00E+00 7.00E+00 1.00E+01 1.50E+01
 2.00E+01 3.00E+01 5.00E+01 7.00E+01 1.00E+02 1.50E+02
 1.00E-22 2.95E-18 3.96E-16 3.80E-14 1.07E-12 4.06E-12 1.06E-11 2.20E-11
 3.21E-11 4.93E-11 7.99E-11 1.05E-10 1.28E-10 1.40E-10
 1.01E-22 2.99E-18 4.01E-16 3.83E-14 1.07E-12 4.07E-12 1.06E-11 2.19E-11
 3.18E-11 4.88E-11 7.91E-11 1.04E-10 1.27E-10 1.40E-10
 1.02E-22 3.02E-18 4.05E-16 3.85E-14 1.08E-12 4.07E-12 1.06E-11 2.18E-11
 3.17E-11 4.84E-11 7.84E-11 1.03E-10 1.26E-10 1.39E-10
 1.03E-22 3.04E-18 4.07E-16 3.86E-14 1.08E-12 4.08E-12 1.06E-11 2.18E-11
 3.16E-11 4.82E-11 7.80E-11 1.03E-10 1.25E-10 1.38E-10
 1.04E-22 3.06E-18 4.08E-16 3.87E-14 1.08E-12 4.08E-12 1.06E-11 2.18E-11
 3.15E-11 4.80E-11 7.76E-11 1.02E-10 1.25E-10 1.38E-10
 1.05E-22 3.10E-18 4.13E-16 3.91E-14 1.09E-12 4.10E-12 1.06E-11 2.18E-11
 3.15E-11 4.78E-11 7.72E-11 1.02E-10 1.24E-10 1.37E-10
 1.08E-22 3.16E-18 4.19E-16 3.95E-14 1.10E-12 4.13E-12 1.07E-11 2.19E-11
 3.15E-11 4.78E-11 7.70E-11 1.01E-10 1.23E-10 1.36E-10
 1.13E-22 3.26E-18 4.31E-16 4.04E-14 1.12E-12 4.20E-12 1.08E-11 2.21E-11
 3.18E-11 4.81E-11 7.71E-11 1.01E-10 1.23E-10 1.35E-10
 1.24E-22 3.52E-18 4.61E-16 4.28E-14 1.17E-12 4.39E-12 1.13E-11 2.29E-11
 3.28E-11 4.93E-11 7.84E-11 1.03E-10 1.24E-10 1.36E-10
 1.38E-22 3.86E-18 5.00E-16 4.59E-14 1.25E-12 4.65E-12 1.19E-11 2.42E-11
 3.45E-11 5.16E-11 8.12E-11 1.05E-10 1.27E-10 1.38E-10
 1.58E-22 4.37E-18 5.60E-16 5.09E-14 1.37E-12 5.10E-12 1.31E-11 2.64E-11
 3.76E-11 5.58E-11 8.65E-11 1.11E-10 1.32E-10 1.43E-10
 2.01E-22 5.41E-18 6.85E-16 6.13E-14 1.63E-12 6.05E-12 1.54E-11 3.10E-11
 4.40E-11 6.48E-11 9.83E-11 1.24E-10 1.45E-10 1.54E-10
  1308.7 A  12  14 /FILMEM = WJD92#C /TYPE = EXCIT    /INDM = T/ISEL =   12
 1.00E+11 2.00E+11 5.00E+11 1.00E+12 2.00E+12 5.00E+12 1.00E+13 2.00E+13
 5.00E+13 1.00E+14 2.00E+14 5.00E+14
 1.00E+00 1.50E+00 2.00E+00 3.00E+00 5.00E+00 7.00E+00 1.00E+01 1.50E+01
 2.00E+01 3.00E+01 5.00E+01 7.00E+01 1.00E+02 1.50E+02
 4.84E-24 1.43E-19 1.92E-17 1.84E-15 5.18E-14 1.97E-13 5.13E-13 1.07E-12
 1.55E-12 2.39E-12 3.87E-12 5.09E-12 6.18E-12 6.79E-12
 4.91E-24 1.45E-19 1.94E-17 1.85E-15 5.20E-14 1.97E-13 5.13E-13 1.06E-12
 1.54E-12 2.36E-12 3.83E-12 5.05E-12 6.13E-12 6.76E-12
 4.96E-24 1.46E-19 1.96E-17 1.86E-15 5.21E-14 1.97E-13 5.12E-13 1.06E-12
 1.53E-12 2.34E-12 3.80E-12 5.01E-12 6.09E-12 6.72E-12
 4.99E-24 1.47E-19 1.97E-17 1.87E-15 5.22E-14 1.97E-13 5.12E-13 1.06E-12
 1.53E-12 2.33E-12 3.78E-12 4.98E-12 6.07E-12 6.69E-12
 5.02E-24 1.48E-19 1.98E-17 1.88E-15 5.23E-14 1.98E-13 5.12E-13 1.05E-12
 1.53E-12 2.33E-12 3.76E-12 4.96E-12 6.04E-12 6.66E-12
 5.10E-24 1.50E-19 2.00E-17 1.89E-15 5.26E-14 1.99E-13 5.14E-13 1.05E-12
 1.52E-12 2.32E-12 3.74E-12 4.93E-12 6.00E-12 6.61E-12
 5.23E-24 1.53E-19 2.03E-17 1.91E-15 5.31E-14 2.00E-13 5.17E-13 1.06E-12
 1.53E-12 2.32E-12 3.73E-12 4.91E-12 5.97E-12 6.58E-12
 5.45E-24 1.58E-19 2.09E-17 1.96E-15 5.41E-14 2.03E-13 5.25E-13 1.07E-12
 1.54E-12 2.33E-12 3.73E-12 4.91E-12 5.96E-12 6.56E-12
 5.99E-24 1.71E-19 2.23E-17 2.07E-15 5.67E-14 2.12E-13 5.46E-13 1.11E-12
 1.59E-12 2.39E-12 3.80E-12 4.97E-12 6.00E-12 6.58E-12
 6.67E-24 1.87E-19 2.42E-17 2.22E-15 6.03E-14 2.25E-13 5.78E-13 1.17E-12
 1.67E-12 2.50E-12 3.93E-12 5.10E-12 6.13E-12 6.68E-12
 7.67E-24 2.11E-19 2.71E-17 2.46E-15 6.63E-14 2.47E-13 6.32E-13 1.28E-12
 1.82E-12 2.70E-12 4.19E-12 5.37E-12 6.39E-12 6.91E-12
 9.73E-24 2.62E-19 3.32E-17 2.97E-15 7.90E-14 2.93E-13 7.47E-13 1.50E-12
 2.13E-12 3.14E-12 4.76E-12 6.00E-12 7.01E-12 7.47E-12
  8502.7 A  12  14 /FILMEM = WJD92#C /TYPE = EXCIT    /INDM = T/ISEL =   13
 1.00E+11 2.00E+11 5.00E+11 1.00E+12 2.00E+12 5.00E+12 1.00E+13 2.00E+13
 5.00E+13 1.00E+14 2.00E+14 5.00E+14
 1.00E+00 1.50E+00 2.00E+00 3.00E+00 5.00E+00 7.00E+00 1.00E+01 1.50E+01
 2.00E+01 3.00E+01 5.00E+01 7.00E+01 1.00E+02 1.50E+02
 2.57E-24 7.58E-20 1.02E-17 9.76E-16 2.75E-14 1.04E-13 2.73E-13 5.66E-13
 8.24E-13 1.27E-12 2.05E-12 2.70E-12 3.28E-12 3.60E-12
 2.61E-24 7.69E-20 1.03E-17 9.84E-16 2.76E-14 1.05E-13 2.72E-13 5.63E-13
 8.18E-13 1.25E-12 2.03E-12 2.68E-12 3.26E-12 3.59E-12
 2.63E-24 7.77E-20 1.04E-17 9.89E-16 2.77E-14 1.05E-13 2.72E-13 5.61E-13
 8.14E-13 1.24E-12 2.01E-12 2.66E-12 3.23E-12 3.57E-12
 2.65E-24 7.81E-20 1.04E-17 9.92E-16 2.77E-14 1.05E-13 2.72E-13 5.60E-13
 8.11E-13 1.24E-12 2.00E-12 2.64E-12 3.22E-12 3.55E-12
 2.67E-24 7.86E-20 1.05E-17 9.96E-16 2.78E-14 1.05E-13 2.72E-13 5.60E-13
 8.10E-13 1.23E-12 2.00E-12 2.63E-12 3.20E-12 3.54E-12
 2.71E-24 7.96E-20 1.06E-17 1.00E-15 2.79E-14 1.05E-13 2.73E-13 5.60E-13
 8.09E-13 1.23E-12 1.98E-12 2.62E-12 3.18E-12 3.51E-12
 2.77E-24 8.11E-20 1.08E-17 1.02E-15 2.82E-14 1.06E-13 2.75E-13 5.62E-13
 8.10E-13 1.23E-12 1.98E-12 2.61E-12 3.17E-12 3.49E-12
 2.89E-24 8.38E-20 1.11E-17 1.04E-15 2.87E-14 1.08E-13 2.78E-13 5.68E-13
 8.17E-13 1.24E-12 1.98E-12 2.60E-12 3.16E-12 3.48E-12
 3.18E-24 9.05E-20 1.19E-17 1.10E-15 3.01E-14 1.13E-13 2.90E-13 5.89E-13
 8.43E-13 1.27E-12 2.02E-12 2.64E-12 3.19E-12 3.49E-12
 3.54E-24 9.92E-20 1.29E-17 1.18E-15 3.20E-14 1.20E-13 3.07E-13 6.21E-13
 8.87E-13 1.33E-12 2.09E-12 2.71E-12 3.25E-12 3.55E-12
 4.07E-24 1.12E-19 1.44E-17 1.31E-15 3.52E-14 1.31E-13 3.35E-13 6.78E-13
 9.65E-13 1.43E-12 2.22E-12 2.85E-12 3.39E-12 3.67E-12
 5.16E-24 1.39E-19 1.76E-17 1.57E-15 4.19E-14 1.55E-13 3.96E-13 7.97E-13
 1.13E-12 1.66E-12 2.53E-12 3.18E-12 3.72E-12 3.96E-12
  5697.4 A  12  14 /FILMEM = WJD92#C /TYPE = EXCIT    /INDM = T/ISEL =   14
 1.00E+11 2.00E+11 5.00E+11 1.00E+12 2.00E+12 5.00E+12 1.00E+13 2.00E+13
 5.00E+13 1.00E+14 2.00E+14 5.00E+14
 1.00E+00 1.50E+00 2.00E+00 3.00E+00 5.00E+00 7.00E+00 1.00E+01 1.50E+01
 2.00E+01 3.00E+01 5.00E+01 7.00E+01 1.00E+02 1.50E+02
 5.63E-25 3.52E-20 7.13E-18 1.10E-15 5.01E-14 2.48E-13 8.27E-13 2.15E-12
 3.53E-12 6.07E-12 1.02E-11 1.31E-11 1.52E-11 1.58E-11
 5.71E-25 3.57E-20 7.22E-18 1.10E-15 5.01E-14 2.48E-13 8.23E-13 2.13E-12
 3.49E-12 5.99E-12 1.01E-11 1.30E-11 1.51E-11 1.57E-11
 5.76E-25 3.61E-20 7.27E-18 1.11E-15 5.02E-14 2.48E-13 8.20E-13 2.12E-12
 3.47E-12 5.94E-12 1.00E-11 1.29E-11 1.50E-11 1.57E-11
 5.78E-25 3.62E-20 7.29E-18 1.11E-15 5.02E-14 2.47E-13 8.18E-13 2.11E-12
 3.45E-12 5.91E-12 9.98E-12 1.29E-11 1.50E-11 1.56E-11
 5.81E-25 3.63E-20 7.32E-18 1.11E-15 5.02E-14 2.47E-13 8.17E-13 2.10E-12
 3.44E-12 5.89E-12 9.93E-12 1.28E-11 1.49E-11 1.55E-11
 5.86E-25 3.66E-20 7.36E-18 1.12E-15 5.03E-14 2.47E-13 8.16E-13 2.10E-12
 3.43E-12 5.85E-12 9.86E-12 1.27E-11 1.48E-11 1.54E-11
 5.93E-25 3.69E-20 7.42E-18 1.12E-15 5.05E-14 2.48E-13 8.16E-13 2.09E-12
 3.41E-12 5.82E-12 9.81E-12 1.26E-11 1.47E-11 1.53E-11
 6.06E-25 3.76E-20 7.53E-18 1.14E-15 5.09E-14 2.49E-13 8.18E-13 2.09E-12
 3.40E-12 5.80E-12 9.76E-12 1.26E-11 1.46E-11 1.52E-11
 6.40E-25 3.93E-20 7.82E-18 1.17E-15 5.19E-14 2.53E-13 8.25E-13 2.10E-12
 3.41E-12 5.78E-12 9.72E-12 1.25E-11 1.46E-11 1.51E-11
 6.88E-25 4.17E-20 8.23E-18 1.22E-15 5.35E-14 2.59E-13 8.39E-13 2.12E-12
 3.43E-12 5.80E-12 9.73E-12 1.25E-11 1.45E-11 1.51E-11
 7.70E-25 4.58E-20 8.94E-18 1.31E-15 5.63E-14 2.70E-13 8.66E-13 2.17E-12
 3.49E-12 5.88E-12 9.82E-12 1.26E-11 1.46E-11 1.52E-11
 9.87E-25 5.67E-20 1.08E-17 1.53E-15 6.39E-14 2.99E-13 9.41E-13 2.31E-12
 3.68E-12 6.14E-12 1.02E-11 1.30E-11 1.51E-11 1.58E-11
  4650.1 A  12  14 /FILMEM = WJD92#C /TYPE = EXCIT    /INDM = T/ISEL =   15
 1.00E+11 2.00E+11 5.00E+11 1.00E+12 2.00E+12 5.00E+12 1.00E+13 2.00E+13
 5.00E+13 1.00E+14 2.00E+14 5.00E+14
 1.00E+00 1.50E+00 2.00E+00 3.00E+00 5.00E+00 7.00E+00 1.00E+01 1.50E+01
 2.00E+01 3.00E+01 5.00E+01 7.00E+01 1.00E+02 1.50E+02
 3.64E-21 1.10E-16 1.51E-14 1.49E-12 4.22E-11 1.58E-10 3.93E-10 7.41E-10
 9.67E-10 1.15E-09 1.10E-09 9.29E-10 6.88E-10 4.37E-10
 3.69E-21 1.12E-16 1.54E-14 1.50E-12 4.25E-11 1.59E-10 3.96E-10 7.46E-10
 9.74E-10 1.16E-09 1.11E-09 9.39E-10 6.95E-10 4.42E-10
 3.72E-21 1.13E-16 1.55E-14 1.51E-12 4.26E-11 1.59E-10 3.96E-10 7.48E-10
 9.76E-10 1.17E-09 1.12E-09 9.43E-10 6.99E-10 4.44E-10
 3.71E-21 1.13E-16 1.54E-14 1.50E-12 4.25E-11 1.58E-10 3.95E-10 7.46E-10
 9.73E-10 1.16E-09 1.12E-09 9.42E-10 6.98E-10 4.44E-10
 3.67E-21 1.12E-16 1.53E-14 1.49E-12 4.21E-11 1.57E-10 3.92E-10 7.40E-10
 9.66E-10 1.16E-09 1.11E-09 9.36E-10 6.95E-10 4.42E-10
 3.56E-21 1.09E-16 1.49E-14 1.45E-12 4.10E-11 1.53E-10 3.82E-10 7.21E-10
 9.43E-10 1.13E-09 1.09E-09 9.17E-10 6.81E-10 4.34E-10
 3.38E-21 1.03E-16 1.42E-14 1.39E-12 3.93E-11 1.47E-10 3.67E-10 6.93E-10
 9.05E-10 1.09E-09 1.05E-09 8.86E-10 6.60E-10 4.22E-10
 3.07E-21 9.45E-17 1.30E-14 1.28E-12 3.63E-11 1.36E-10 3.39E-10 6.41E-10
 8.39E-10 1.01E-09 9.78E-10 8.30E-10 6.21E-10 3.99E-10
 2.43E-21 7.54E-17 1.05E-14 1.04E-12 2.96E-11 1.11E-10 2.77E-10 5.25E-10
 6.89E-10 8.33E-10 8.15E-10 6.97E-10 5.27E-10 3.42E-10
 1.82E-21 5.69E-17 7.95E-15 7.96E-13 2.28E-11 8.50E-11 2.13E-10 4.04E-10
 5.31E-10 6.47E-10 6.39E-10 5.51E-10 4.21E-10 2.77E-10
 1.25E-21 3.91E-17 5.48E-15 5.51E-13 1.58E-11 5.88E-11 1.47E-10 2.79E-10
 3.68E-10 4.49E-10 4.48E-10 3.90E-10 3.01E-10 2.02E-10
 7.08E-22 2.19E-17 3.05E-15 3.05E-13 8.64E-12 3.19E-11 7.91E-11 1.50E-10
 1.97E-10 2.41E-10 2.42E-10 2.12E-10 1.66E-10 1.13E-10
  9713.5 A  12  14 /FILMEM = WJD92#C /TYPE = EXCIT    /INDM = T/ISEL =   16
 1.00E+11 2.00E+11 5.00E+11 1.00E+12 2.00E+12 5.00E+12 1.00E+13 2.00E+13
 5.00E+13 1.00E+14 2.00E+14 5.00E+14
 1.00E+00 1.50E+00 2.00E+00 3.00E+00 5.00E+00 7.00E+00 1.00E+01 1.50E+01
 2.00E+01 3.00E+01 5.00E+01 7.00E+01 1.00E+02 1.50E+02
 9.16E-25 4.49E-20 8.03E-18 1.08E-15 4.21E-14 1.89E-13 5.60E-13 1.26E-12
 1.84E-12 2.54E-12 2.90E-12 2.72E-12 2.24E-12 1.59E-12
 9.31E-25 4.57E-20 8.16E-18 1.09E-15 4.25E-14 1.90E-13 5.64E-13 1.27E-12
 1.85E-12 2.56E-12 2.93E-12 2.75E-12 2.27E-12 1.61E-12
 9.43E-25 4.63E-20 8.25E-18 1.10E-15 4.28E-14 1.91E-13 5.67E-13 1.27E-12
 1.86E-12 2.58E-12 2.95E-12 2.77E-12 2.29E-12 1.63E-12
 9.51E-25 4.66E-20 8.31E-18 1.11E-15 4.29E-14 1.92E-13 5.69E-13 1.28E-12
 1.87E-12 2.59E-12 2.96E-12 2.78E-12 2.30E-12 1.63E-12
 9.61E-25 4.71E-20 8.38E-18 1.11E-15 4.32E-14 1.93E-13 5.71E-13 1.28E-12
 1.87E-12 2.60E-12 2.97E-12 2.79E-12 2.30E-12 1.64E-12
 9.89E-25 4.82E-20 8.56E-18 1.13E-15 4.38E-14 1.95E-13 5.77E-13 1.29E-12
 1.89E-12 2.61E-12 2.98E-12 2.80E-12 2.31E-12 1.64E-12
 1.03E-24 4.99E-20 8.82E-18 1.16E-15 4.47E-14 1.99E-13 5.86E-13 1.31E-12
 1.91E-12 2.64E-12 3.00E-12 2.82E-12 2.32E-12 1.65E-12
 1.10E-24 5.28E-20 9.28E-18 1.21E-15 4.63E-14 2.05E-13 6.02E-13 1.34E-12
 1.94E-12 2.68E-12 3.04E-12 2.85E-12 2.34E-12 1.66E-12
 1.25E-24 5.92E-20 1.03E-17 1.33E-15 5.00E-14 2.19E-13 6.37E-13 1.40E-12
 2.02E-12 2.77E-12 3.12E-12 2.91E-12 2.39E-12 1.69E-12
 1.41E-24 6.58E-20 1.14E-17 1.45E-15 5.39E-14 2.34E-13 6.74E-13 1.47E-12
 2.11E-12 2.86E-12 3.21E-12 2.98E-12 2.44E-12 1.72E-12
 1.59E-24 7.34E-20 1.26E-17 1.59E-15 5.82E-14 2.50E-13 7.14E-13 1.54E-12
 2.20E-12 2.96E-12 3.29E-12 3.05E-12 2.48E-12 1.74E-12
 1.88E-24 8.51E-20 1.44E-17 1.79E-15 6.39E-14 2.71E-13 7.62E-13 1.62E-12
 2.29E-12 3.06E-12 3.36E-12 3.10E-12 2.51E-12 1.76E-12
   977.0 A  12  14 /FILMEM = WJD92#C /TYPE = RECOM    /INDM =+T/ISEL =   17
 1.00E+11 2.00E+11 5.00E+11 1.00E+12 2.00E+12 5.00E+12 1.00E+13 2.00E+13
 5.00E+13 1.00E+14 2.00E+14 5.00E+14
 1.00E+00 1.50E+00 2.00E+00 3.00E+00 5.00E+00 7.00E+00 1.00E+01 1.50E+01
 2.00E+01 3.00E+01 5.00E+01 7.00E+01 1.00E+02 1.50E+02
 2.58E-12 2.17E-12 2.27E-12 2.84E-12 3.33E-12 3.13E-12 2.63E-12 1.92E-12
 1.43E-12 8.43E-13 3.91E-13 2.41E-13 1.60E-13 1.16E-13
 2.67E-12 2.20E-12 2.28E-12 2.77E-12 3.15E-12 2.93E-12 2.44E-12 1.78E-12
 1.32E-12 7.84E-13 3.66E-13 2.27E-13 1.53E-13 1.12E-13
 2.85E-12 2.28E-12 2.30E-12 2.68E-12 2.91E-12 2.65E-12 2.19E-12 1.59E-12
 1.18E-12 7.00E-13 3.30E-13 2.08E-13 1.42E-13 1.06E-13
 3.05E-12 2.36E-12 2.33E-12 2.63E-12 2.74E-12 2.46E-12 2.01E-12 1.45E-12
 1.07E-12 6.37E-13 3.03E-13 1.93E-13 1.34E-13 1.02E-13
 3.33E-12 2.47E-12 2.39E-12 2.59E-12 2.58E-12 2.27E-12 1.84E-12 1.31E-12
 9.70E-13 5.76E-13 2.76E-13 1.78E-13 1.26E-13 9.71E-14
 3.89E-12 2.70E-12 2.50E-12 2.57E-12 2.41E-12 2.06E-12 1.63E-12 1.15E-12
 8.48E-13 5.03E-13 2.43E-13 1.59E-13 1.15E-13 9.09E-14
 4.52E-12 2.94E-12 2.63E-12 2.57E-12 2.30E-12 1.93E-12 1.50E-12 1.05E-12
 7.68E-13 4.55E-13 2.22E-13 1.47E-13 1.07E-13 8.64E-14
 5.43E-12 3.26E-12 2.80E-12 2.61E-12 2.21E-12 1.81E-12 1.39E-12 9.64E-13
 7.02E-13 4.15E-13 2.04E-13 1.36E-13 1.01E-13 8.21E-14
 7.26E-12 3.88E-12 3.13E-12 2.70E-12 2.13E-12 1.70E-12 1.28E-12 8.72E-13
 6.31E-13 3.72E-13 1.84E-13 1.24E-13 9.32E-14 7.70E-14
 9.39E-12 4.54E-12 3.47E-12 2.82E-12 2.10E-12 1.63E-12 1.21E-12 8.18E-13
 5.89E-13 3.46E-13 1.72E-13 1.17E-13 8.83E-14 7.35E-14
 1.24E-11 5.43E-12 3.91E-12 2.97E-12 2.09E-12 1.59E-12 1.16E-12 7.74E-13
 5.55E-13 3.25E-13 1.61E-13 1.10E-13 8.38E-14 7.01E-14
 1.85E-11 7.06E-12 4.69E-12 3.24E-12 2.11E-12 1.55E-12 1.11E-12 7.29E-13
 5.18E-13 3.00E-13 1.49E-13 1.03E-13 7.83E-14 6.58E-14
   386.2 A  12  14 /FILMEM = WJD92#C /TYPE = RECOM    /INDM =+T/ISEL =   18
 1.00E+11 2.00E+11 5.00E+11 1.00E+12 2.00E+12 5.00E+12 1.00E+13 2.00E+13
 5.00E+13 1.00E+14 2.00E+14 5.00E+14
 1.00E+00 1.50E+00 2.00E+00 3.00E+00 5.00E+00 7.00E+00 1.00E+01 1.50E+01
 2.00E+01 3.00E+01 5.00E+01 7.00E+01 1.00E+02 1.50E+02
 2.86E-13 2.20E-13 2.03E-13 1.99E-13 1.90E-13 1.76E-13 1.60E-13 1.35E-13
 1.12E-13 7.79E-14 4.54E-14 3.31E-14 2.65E-14 2.33E-14
 3.01E-13 2.25E-13 2.02E-13 1.91E-13 1.77E-13 1.62E-13 1.47E-13 1.24E-13
 1.03E-13 7.22E-14 4.26E-14 3.14E-14 2.54E-14 2.28E-14
 3.29E-13 2.34E-13 2.03E-13 1.82E-13 1.60E-13 1.45E-13 1.30E-13 1.10E-13
 9.16E-14 6.44E-14 3.85E-14 2.89E-14 2.39E-14 2.18E-14
 3.59E-13 2.45E-13 2.06E-13 1.76E-13 1.48E-13 1.32E-13 1.18E-13 9.97E-14
 8.29E-14 5.84E-14 3.53E-14 2.69E-14 2.26E-14 2.11E-14
 4.01E-13 2.59E-13 2.09E-13 1.71E-13 1.37E-13 1.20E-13 1.06E-13 8.97E-14
 7.45E-14 5.26E-14 3.22E-14 2.48E-14 2.13E-14 2.02E-14
 4.84E-13 2.85E-13 2.18E-13 1.65E-13 1.23E-13 1.06E-13 9.25E-14 7.76E-14
 6.44E-14 4.55E-14 2.83E-14 2.23E-14 1.95E-14 1.90E-14
 5.81E-13 3.15E-13 2.29E-13 1.62E-13 1.15E-13 9.63E-14 8.37E-14 6.99E-14
 5.79E-14 4.10E-14 2.58E-14 2.06E-14 1.84E-14 1.82E-14
 7.25E-13 3.58E-13 2.45E-13 1.63E-13 1.08E-13 8.91E-14 7.66E-14 6.37E-14
 5.27E-14 3.73E-14 2.37E-14 1.92E-14 1.73E-14 1.74E-14
 1.05E-12 4.49E-13 2.83E-13 1.69E-13 1.03E-13 8.27E-14 7.00E-14 5.79E-14
 4.78E-14 3.38E-14 2.17E-14 1.78E-14 1.63E-14 1.66E-14
 1.46E-12 5.60E-13 3.28E-13 1.81E-13 1.03E-13 8.04E-14 6.73E-14 5.53E-14
 4.56E-14 3.22E-14 2.08E-14 1.71E-14 1.58E-14 1.62E-14
 2.12E-12 7.29E-13 3.98E-13 2.01E-13 1.06E-13 8.05E-14 6.65E-14 5.43E-14
 4.46E-14 3.13E-14 2.02E-14 1.67E-14 1.55E-14 1.59E-14
 3.70E-12 1.11E-12 5.48E-13 2.45E-13 1.16E-13 8.49E-14 6.85E-14 5.52E-14
 4.50E-14 3.14E-14 2.02E-14 1.66E-14 1.53E-14 1.56E-14
  1175.7 A  12  14 /FILMEM = WJD92#C /TYPE = RECOM    /INDM =+T/ISEL =   19
 1.00E+11 2.00E+11 5.00E+11 1.00E+12 2.00E+12 5.00E+12 1.00E+13 2.00E+13
 5.00E+13 1.00E+14 2.00E+14 5.00E+14
 1.00E+00 1.50E+00 2.00E+00 3.00E+00 5.00E+00 7.00E+00 1.00E+01 1.50E+01
 2.00E+01 3.00E+01 5.00E+01 7.00E+01 1.00E+02 1.50E+02
 1.17E-12 8.67E-13 1.01E-12 2.34E-12 5.84E-12 7.81E-12 8.75E-12 8.37E-12
 7.38E-12 5.48E-12 3.22E-12 2.20E-12 1.53E-12 1.07E-12
 1.17E-12 8.71E-13 1.02E-12 2.31E-12 5.55E-12 7.33E-12 8.16E-12 7.80E-12
 6.89E-12 5.13E-12 3.04E-12 2.10E-12 1.47E-12 1.05E-12
 1.18E-12 8.77E-13 1.03E-12 2.25E-12 5.13E-12 6.65E-12 7.32E-12 6.96E-12
 6.15E-12 4.60E-12 2.75E-12 1.93E-12 1.38E-12 1.00E-12
 1.18E-12 8.83E-13 1.03E-12 2.21E-12 4.83E-12 6.15E-12 6.70E-12 6.33E-12
 5.58E-12 4.18E-12 2.53E-12 1.79E-12 1.30E-12 9.63E-13
 1.19E-12 8.91E-13 1.05E-12 2.18E-12 4.55E-12 5.69E-12 6.12E-12 5.74E-12
 5.05E-12 3.78E-12 2.31E-12 1.65E-12 1.22E-12 9.21E-13
 1.20E-12 9.06E-13 1.07E-12 2.16E-12 4.23E-12 5.14E-12 5.42E-12 5.03E-12
 4.40E-12 3.30E-12 2.04E-12 1.49E-12 1.12E-12 8.67E-13
 1.21E-12 9.22E-13 1.10E-12 2.16E-12 4.03E-12 4.79E-12 4.97E-12 4.57E-12
 3.99E-12 2.98E-12 1.86E-12 1.37E-12 1.05E-12 8.29E-13
 1.23E-12 9.44E-13 1.14E-12 2.18E-12 3.88E-12 4.50E-12 4.60E-12 4.18E-12
 3.63E-12 2.71E-12 1.71E-12 1.28E-12 9.96E-13 7.94E-13
 1.28E-12 9.87E-13 1.22E-12 2.25E-12 3.74E-12 4.20E-12 4.20E-12 3.77E-12
 3.26E-12 2.43E-12 1.55E-12 1.17E-12 9.30E-13 7.54E-13
 1.33E-12 1.03E-12 1.30E-12 2.34E-12 3.68E-12 4.04E-12 3.98E-12 3.53E-12
 3.04E-12 2.26E-12 1.45E-12 1.11E-12 8.87E-13 7.27E-13
 1.43E-12 1.10E-12 1.41E-12 2.47E-12 3.67E-12 3.93E-12 3.81E-12 3.34E-12
 2.87E-12 2.13E-12 1.37E-12 1.05E-12 8.48E-13 7.00E-13
 1.69E-12 1.25E-12 1.62E-12 2.71E-12 3.73E-12 3.86E-12 3.65E-12 3.15E-12
 2.68E-12 1.97E-12 1.26E-12 9.80E-13 7.94E-13 6.60E-13
   538.2 A  12  14 /FILMEM = WJD92#C /TYPE = RECOM    /INDM =+T/ISEL =   20
 1.00E+11 2.00E+11 5.00E+11 1.00E+12 2.00E+12 5.00E+12 1.00E+13 2.00E+13
 5.00E+13 1.00E+14 2.00E+14 5.00E+14
 1.00E+00 1.50E+00 2.00E+00 3.00E+00 5.00E+00 7.00E+00 1.00E+01 1.50E+01
 2.00E+01 3.00E+01 5.00E+01 7.00E+01 1.00E+02 1.50E+02
 1.21E-12 9.46E-13 8.85E-13 8.76E-13 8.79E-13 8.89E-13 9.07E-13 8.77E-13
 7.99E-13 6.26E-13 3.94E-13 2.81E-13 2.00E-13 1.42E-13
 1.27E-12 9.67E-13 8.81E-13 8.40E-13 8.15E-13 8.18E-13 8.34E-13 8.08E-13
 7.39E-13 5.81E-13 3.70E-13 2.66E-13 1.91E-13 1.38E-13
 1.40E-12 1.01E-12 8.82E-13 7.96E-13 7.35E-13 7.27E-13 7.36E-13 7.13E-13
 6.53E-13 5.16E-13 3.32E-13 2.42E-13 1.78E-13 1.31E-13
 1.54E-12 1.05E-12 8.88E-13 7.66E-13 6.78E-13 6.61E-13 6.64E-13 6.42E-13
 5.88E-13 4.66E-13 3.03E-13 2.24E-13 1.67E-13 1.25E-13
 1.71E-12 1.11E-12 8.99E-13 7.36E-13 6.22E-13 5.97E-13 5.96E-13 5.74E-13
 5.25E-13 4.17E-13 2.75E-13 2.05E-13 1.55E-13 1.19E-13
 2.05E-12 1.20E-12 9.20E-13 6.99E-13 5.52E-13 5.17E-13 5.10E-13 4.89E-13
 4.47E-13 3.56E-13 2.38E-13 1.81E-13 1.40E-13 1.10E-13
 2.40E-12 1.30E-12 9.41E-13 6.71E-13 5.01E-13 4.61E-13 4.50E-13 4.30E-13
 3.93E-13 3.14E-13 2.12E-13 1.64E-13 1.29E-13 1.03E-13
 2.87E-12 1.41E-12 9.66E-13 6.43E-13 4.53E-13 4.08E-13 3.95E-13 3.76E-13
 3.43E-13 2.74E-13 1.88E-13 1.47E-13 1.18E-13 9.56E-14
 3.74E-12 1.60E-12 1.01E-12 6.05E-13 3.91E-13 3.42E-13 3.26E-13 3.07E-13
 2.80E-13 2.24E-13 1.56E-13 1.24E-13 1.01E-13 8.38E-14
 4.74E-12 1.81E-12 1.05E-12 5.78E-13 3.47E-13 2.96E-13 2.78E-13 2.59E-13
 2.35E-13 1.88E-13 1.32E-13 1.06E-13 8.75E-14 7.31E-14
 6.28E-12 2.12E-12 1.14E-12 5.64E-13 3.12E-13 2.58E-13 2.37E-13 2.18E-13
 1.96E-13 1.56E-13 1.10E-13 8.89E-14 7.37E-14 6.19E-14
 1.01E-11 2.89E-12 1.38E-12 5.93E-13 2.87E-13 2.27E-13 2.01E-13 1.79E-13
 1.58E-13 1.24E-13 8.69E-14 7.05E-14 5.84E-14 4.88E-14
   459.6 A  12  14 /FILMEM = WJD92#C /TYPE = RECOM    /INDM =+T/ISEL =   21
 1.00E+11 2.00E+11 5.00E+11 1.00E+12 2.00E+12 5.00E+12 1.00E+13 2.00E+13
 5.00E+13 1.00E+14 2.00E+14 5.00E+14
 1.00E+00 1.50E+00 2.00E+00 3.00E+00 5.00E+00 7.00E+00 1.00E+01 1.50E+01
 2.00E+01 3.00E+01 5.00E+01 7.00E+01 1.00E+02 1.50E+02
 1.47E-12 1.14E-12 1.07E-12 1.05E-12 1.02E-12 1.01E-12 1.07E-12 1.16E-12
 1.18E-12 1.07E-12 7.90E-13 6.10E-13 4.66E-13 3.54E-13
 1.56E-12 1.17E-12 1.06E-12 1.01E-12 9.46E-13 9.26E-13 9.78E-13 1.07E-12
 1.09E-12 9.99E-13 7.42E-13 5.78E-13 4.47E-13 3.45E-13
 1.72E-12 1.22E-12 1.06E-12 9.54E-13 8.49E-13 8.19E-13 8.61E-13 9.46E-13
 9.68E-13 8.89E-13 6.68E-13 5.28E-13 4.16E-13 3.28E-13
 1.90E-12 1.28E-12 1.08E-12 9.18E-13 7.81E-13 7.43E-13 7.77E-13 8.54E-13
 8.74E-13 8.05E-13 6.11E-13 4.88E-13 3.91E-13 3.14E-13
 2.14E-12 1.36E-12 1.10E-12 8.88E-13 7.18E-13 6.72E-13 6.98E-13 7.67E-13
 7.85E-13 7.25E-13 5.55E-13 4.49E-13 3.66E-13 2.99E-13
 2.62E-12 1.52E-12 1.15E-12 8.58E-13 6.45E-13 5.89E-13 6.07E-13 6.65E-13
 6.81E-13 6.30E-13 4.89E-13 4.02E-13 3.35E-13 2.81E-13
 3.15E-12 1.69E-12 1.21E-12 8.50E-13 6.03E-13 5.40E-13 5.52E-13 6.04E-13
 6.17E-13 5.71E-13 4.47E-13 3.72E-13 3.15E-13 2.68E-13
 3.94E-12 1.94E-12 1.32E-12 8.64E-13 5.76E-13 5.06E-13 5.13E-13 5.58E-13
 5.70E-13 5.26E-13 4.14E-13 3.49E-13 2.99E-13 2.59E-13
 5.64E-12 2.46E-12 1.55E-12 9.30E-13 5.72E-13 4.88E-13 4.87E-13 5.25E-13
 5.32E-13 4.88E-13 3.86E-13 3.28E-13 2.85E-13 2.50E-13
 7.77E-12 3.09E-12 1.84E-12 1.02E-12 5.92E-13 4.93E-13 4.85E-13 5.16E-13
 5.19E-13 4.72E-13 3.73E-13 3.19E-13 2.79E-13 2.47E-13
 1.12E-11 4.04E-12 2.26E-12 1.17E-12 6.30E-13 5.11E-13 4.93E-13 5.16E-13
 5.14E-13 4.63E-13 3.65E-13 3.13E-13 2.76E-13 2.45E-13
 1.90E-11 6.09E-12 3.13E-12 1.46E-12 7.13E-13 5.53E-13 5.15E-13 5.24E-13
 5.13E-13 4.55E-13 3.55E-13 3.05E-13 2.69E-13 2.41E-13
  2297.6 A  12  14 /FILMEM = WJD92#C /TYPE = RECOM    /INDM =+T/ISEL =   22
 1.00E+11 2.00E+11 5.00E+11 1.00E+12 2.00E+12 5.00E+12 1.00E+13 2.00E+13
 5.00E+13 1.00E+14 2.00E+14 5.00E+14
 1.00E+00 1.50E+00 2.00E+00 3.00E+00 5.00E+00 7.00E+00 1.00E+01 1.50E+01
 2.00E+01 3.00E+01 5.00E+01 7.00E+01 1.00E+02 1.50E+02
 7.99E-13 6.15E-13 5.13E-13 4.47E-13 5.08E-13 5.55E-13 5.47E-13 4.57E-13
 3.59E-13 2.19E-13 9.65E-14 5.39E-14 3.04E-14 1.72E-14
 8.00E-13 6.15E-13 5.13E-13 4.44E-13 4.92E-13 5.29E-13 5.16E-13 4.29E-13
 3.37E-13 2.07E-13 9.17E-14 5.17E-14 2.94E-14 1.68E-14
 8.03E-13 6.16E-13 5.13E-13 4.40E-13 4.69E-13 4.92E-13 4.72E-13 3.89E-13
 3.05E-13 1.87E-13 8.40E-14 4.80E-14 2.78E-14 1.62E-14
 8.06E-13 6.18E-13 5.14E-13 4.38E-13 4.52E-13 4.65E-13 4.39E-13 3.58E-13
 2.81E-13 1.72E-13 7.80E-14 4.51E-14 2.65E-14 1.57E-14
 8.11E-13 6.19E-13 5.14E-13 4.36E-13 4.37E-13 4.40E-13 4.09E-13 3.30E-13
 2.57E-13 1.58E-13 7.21E-14 4.21E-14 2.51E-14 1.51E-14
 8.18E-13 6.20E-13 5.15E-13 4.33E-13 4.19E-13 4.10E-13 3.72E-13 2.95E-13
 2.29E-13 1.40E-13 6.49E-14 3.85E-14 2.34E-14 1.44E-14
 8.25E-13 6.21E-13 5.15E-13 4.31E-13 4.07E-13 3.90E-13 3.48E-13 2.73E-13
 2.10E-13 1.29E-13 6.01E-14 3.61E-14 2.22E-14 1.39E-14
 8.34E-13 6.21E-13 5.14E-13 4.30E-13 3.97E-13 3.73E-13 3.27E-13 2.54E-13
 1.95E-13 1.19E-13 5.61E-14 3.40E-14 2.12E-14 1.34E-14
 8.49E-13 6.15E-13 5.08E-13 4.25E-13 3.84E-13 3.53E-13 3.04E-13 2.33E-13
 1.78E-13 1.09E-13 5.16E-14 3.18E-14 2.01E-14 1.28E-14
 8.58E-13 6.00E-13 4.95E-13 4.16E-13 3.73E-13 3.39E-13 2.88E-13 2.19E-13
 1.67E-13 1.02E-13 4.88E-14 3.03E-14 1.93E-14 1.25E-14
 8.58E-13 5.69E-13 4.68E-13 3.98E-13 3.57E-13 3.22E-13 2.72E-13 2.05E-13
 1.56E-13 9.52E-14 4.60E-14 2.88E-14 1.85E-14 1.21E-14
 8.39E-13 4.95E-13 4.04E-13 3.54E-13 3.23E-13 2.91E-13 2.45E-13 1.84E-13
 1.40E-13 8.57E-14 4.19E-14 2.65E-14 1.74E-14 1.15E-14
  1247.4 A  12  14 /FILMEM = WJD92#C /TYPE = RECOM    /INDM =+T/ISEL =   23
 1.00E+11 2.00E+11 5.00E+11 1.00E+12 2.00E+12 5.00E+12 1.00E+13 2.00E+13
 5.00E+13 1.00E+14 2.00E+14 5.00E+14
 1.00E+00 1.50E+00 2.00E+00 3.00E+00 5.00E+00 7.00E+00 1.00E+01 1.50E+01
 2.00E+01 3.00E+01 5.00E+01 7.00E+01 1.00E+02 1.50E+02
 1.48E-13 1.19E-13 9.86E-14 7.52E-14 6.31E-14 6.22E-14 5.89E-14 4.83E-14
 3.79E-14 2.32E-14 1.04E-14 5.86E-15 3.28E-15 1.81E-15
 1.48E-13 1.19E-13 9.86E-14 7.51E-14 6.21E-14 6.03E-14 5.63E-14 4.59E-14
 3.59E-14 2.20E-14 9.94E-15 5.66E-15 3.20E-15 1.79E-15
 1.48E-13 1.19E-13 9.86E-14 7.49E-14 6.07E-14 5.75E-14 5.27E-14 4.23E-14
 3.30E-14 2.03E-14 9.24E-15 5.32E-15 3.06E-15 1.74E-15
 1.48E-13 1.19E-13 9.87E-14 7.48E-14 5.97E-14 5.56E-14 4.99E-14 3.96E-14
 3.07E-14 1.89E-14 8.68E-15 5.05E-15 2.95E-15 1.69E-15
 1.48E-13 1.19E-13 9.87E-14 7.48E-14 5.88E-14 5.37E-14 4.74E-14 3.71E-14
 2.86E-14 1.76E-14 8.14E-15 4.79E-15 2.83E-15 1.65E-15
 1.49E-13 1.19E-13 9.88E-14 7.47E-14 5.78E-14 5.16E-14 4.44E-14 3.41E-14
 2.61E-14 1.60E-14 7.49E-15 4.47E-15 2.69E-15 1.59E-15
 1.50E-13 1.19E-13 9.89E-14 7.48E-14 5.72E-14 5.02E-14 4.25E-14 3.22E-14
 2.45E-14 1.50E-14 7.07E-15 4.26E-15 2.59E-15 1.56E-15
 1.51E-13 1.20E-13 9.91E-14 7.49E-14 5.68E-14 4.92E-14 4.11E-14 3.07E-14
 2.32E-14 1.41E-14 6.73E-15 4.10E-15 2.52E-15 1.53E-15
 1.55E-13 1.21E-13 9.96E-14 7.53E-14 5.67E-14 4.85E-14 3.98E-14 2.93E-14
 2.21E-14 1.34E-14 6.43E-15 3.95E-15 2.46E-15 1.52E-15
 1.62E-13 1.22E-13 1.00E-13 7.58E-14 5.72E-14 4.86E-14 3.96E-14 2.89E-14
 2.17E-14 1.31E-14 6.33E-15 3.92E-15 2.46E-15 1.54E-15
 1.75E-13 1.25E-13 1.01E-13 7.67E-14 5.83E-14 4.96E-14 4.02E-14 2.92E-14
 2.18E-14 1.32E-14 6.38E-15 3.98E-15 2.53E-15 1.60E-15
 2.20E-13 1.33E-13 1.04E-13 7.87E-14 6.18E-14 5.31E-14 4.32E-14 3.14E-14
 2.34E-14 1.41E-14 6.84E-15 4.30E-15 2.78E-15 1.81E-15
   690.5 A  12  14 /FILMEM = WJD92#C /TYPE = RECOM    /INDM =+T/ISEL =   24
 1.00E+11 2.00E+11 5.00E+11 1.00E+12 2.00E+12 5.00E+12 1.00E+13 2.00E+13
 5.00E+13 1.00E+14 2.00E+14 5.00E+14
 1.00E+00 1.50E+00 2.00E+00 3.00E+00 5.00E+00 7.00E+00 1.00E+01 1.50E+01
 2.00E+01 3.00E+01 5.00E+01 7.00E+01 1.00E+02 1.50E+02
 9.62E-14 7.37E-14 6.86E-14 6.93E-14 7.21E-14 7.41E-14 7.58E-14 7.09E-14
 6.15E-14 4.35E-14 2.37E-14 1.56E-14 1.07E-14 7.60E-15
 1.02E-13 7.55E-14 6.84E-14 6.64E-14 6.67E-14 6.82E-14 6.96E-14 6.54E-14
 5.68E-14 4.04E-14 2.22E-14 1.47E-14 1.02E-14 7.36E-15
 1.12E-13 7.90E-14 6.88E-14 6.30E-14 6.00E-14 6.05E-14 6.15E-14 5.78E-14
 5.03E-14 3.60E-14 2.00E-14 1.35E-14 9.50E-15 6.98E-15
 1.23E-13 8.29E-14 6.96E-14 6.06E-14 5.52E-14 5.49E-14 5.55E-14 5.21E-14
 4.55E-14 3.26E-14 1.83E-14 1.25E-14 8.92E-15 6.65E-15
 1.39E-13 8.80E-14 7.10E-14 5.85E-14 5.07E-14 4.97E-14 4.99E-14 4.67E-14
 4.08E-14 2.93E-14 1.67E-14 1.15E-14 8.32E-15 6.29E-15
 1.69E-13 9.75E-14 7.39E-14 5.61E-14 4.52E-14 4.33E-14 4.30E-14 4.02E-14
 3.50E-14 2.53E-14 1.46E-14 1.02E-14 7.52E-15 5.79E-15
 2.04E-13 1.08E-13 7.74E-14 5.49E-14 4.16E-14 3.91E-14 3.85E-14 3.58E-14
 3.13E-14 2.26E-14 1.32E-14 9.34E-15 6.96E-15 5.42E-15
 2.54E-13 1.22E-13 8.26E-14 5.44E-14 3.87E-14 3.56E-14 3.47E-14 3.22E-14
 2.80E-14 2.03E-14 1.20E-14 8.58E-15 6.46E-15 5.08E-15
 3.58E-13 1.51E-13 9.34E-14 5.52E-14 3.58E-14 3.18E-14 3.05E-14 2.81E-14
 2.44E-14 1.77E-14 1.06E-14 7.70E-15 5.87E-15 4.66E-15
 4.83E-13 1.82E-13 1.05E-13 5.69E-14 3.41E-14 2.94E-14 2.77E-14 2.53E-14
 2.19E-14 1.59E-14 9.62E-15 7.06E-15 5.43E-15 4.34E-15
 6.61E-13 2.23E-13 1.19E-13 5.91E-14 3.25E-14 2.70E-14 2.49E-14 2.24E-14
 1.94E-14 1.40E-14 8.56E-15 6.35E-15 4.93E-15 3.98E-15
 1.01E-12 2.93E-13 1.42E-13 6.17E-14 2.99E-14 2.34E-14 2.07E-14 1.81E-14
 1.54E-14 1.11E-14 6.85E-15 5.16E-15 4.08E-15 3.36E-15
   574.3 A  12  14 /FILMEM = WJD92#C /TYPE = RECOM    /INDM =+T/ISEL =   25
 1.00E+11 2.00E+11 5.00E+11 1.00E+12 2.00E+12 5.00E+12 1.00E+13 2.00E+13
 5.00E+13 1.00E+14 2.00E+14 5.00E+14
 1.00E+00 1.50E+00 2.00E+00 3.00E+00 5.00E+00 7.00E+00 1.00E+01 1.50E+01
 2.00E+01 3.00E+01 5.00E+01 7.00E+01 1.00E+02 1.50E+02
 4.67E-13 3.54E-13 3.28E-13 3.27E-13 3.09E-13 2.74E-13 2.36E-13 1.91E-13
 1.57E-13 1.08E-13 6.19E-14 4.50E-14 3.66E-14 3.29E-14
 4.94E-13 3.63E-13 3.27E-13 3.13E-13 2.84E-13 2.50E-13 2.14E-13 1.74E-13
 1.42E-13 9.87E-14 5.71E-14 4.20E-14 3.47E-14 3.18E-14
 5.45E-13 3.80E-13 3.29E-13 2.96E-13 2.54E-13 2.18E-13 1.86E-13 1.50E-13
 1.23E-13 8.58E-14 5.02E-14 3.77E-14 3.20E-14 3.02E-14
 6.01E-13 3.99E-13 3.33E-13 2.85E-13 2.32E-13 1.96E-13 1.65E-13 1.33E-13
 1.09E-13 7.59E-14 4.49E-14 3.42E-14 2.98E-14 2.88E-14
 6.76E-13 4.24E-13 3.39E-13 2.74E-13 2.11E-13 1.75E-13 1.45E-13 1.16E-13
 9.52E-14 6.64E-14 3.96E-14 3.07E-14 2.74E-14 2.72E-14
 8.22E-13 4.70E-13 3.53E-13 2.62E-13 1.86E-13 1.49E-13 1.21E-13 9.63E-14
 7.84E-14 5.46E-14 3.30E-14 2.63E-14 2.43E-14 2.51E-14
 9.85E-13 5.19E-13 3.70E-13 2.57E-13 1.70E-13 1.32E-13 1.06E-13 8.34E-14
 6.77E-14 4.70E-14 2.87E-14 2.33E-14 2.22E-14 2.35E-14
 1.22E-12 5.88E-13 3.96E-13 2.55E-13 1.57E-13 1.19E-13 9.37E-14 7.29E-14
 5.89E-14 4.08E-14 2.51E-14 2.09E-14 2.04E-14 2.22E-14
 1.71E-12 7.26E-13 4.51E-13 2.62E-13 1.47E-13 1.06E-13 8.18E-14 6.28E-14
 5.04E-14 3.47E-14 2.16E-14 1.84E-14 1.85E-14 2.07E-14
 2.30E-12 8.87E-13 5.16E-13 2.77E-13 1.44E-13 1.01E-13 7.61E-14 5.78E-14
 4.62E-14 3.16E-14 1.98E-14 1.71E-14 1.75E-14 1.98E-14
 3.23E-12 1.13E-12 6.14E-13 3.03E-13 1.46E-13 9.93E-14 7.33E-14 5.51E-14
 4.37E-14 2.97E-14 1.87E-14 1.63E-14 1.69E-14 1.93E-14
 5.35E-12 1.65E-12 8.24E-13 3.65E-13 1.59E-13 1.04E-13 7.48E-14 5.52E-14
 4.34E-14 2.92E-14 1.83E-14 1.60E-14 1.66E-14 1.89E-14
   818.1 A  12  14 /FILMEM = WJD92#C /TYPE = RECOM    /INDM =+T/ISEL =   26
 1.00E+11 2.00E+11 5.00E+11 1.00E+12 2.00E+12 5.00E+12 1.00E+13 2.00E+13
 5.00E+13 1.00E+14 2.00E+14 5.00E+14
 1.00E+00 1.50E+00 2.00E+00 3.00E+00 5.00E+00 7.00E+00 1.00E+01 1.50E+01
 2.00E+01 3.00E+01 5.00E+01 7.00E+01 1.00E+02 1.50E+02
 3.24E-14 2.54E-14 2.38E-14 2.34E-14 2.28E-14 2.26E-14 2.29E-14 2.25E-14
 2.07E-14 1.64E-14 1.02E-14 7.24E-15 5.16E-15 3.74E-15
 3.42E-14 2.60E-14 2.36E-14 2.24E-14 2.11E-14 2.07E-14 2.10E-14 2.07E-14
 1.91E-14 1.52E-14 9.58E-15 6.84E-15 4.94E-15 3.63E-15
 3.75E-14 2.70E-14 2.36E-14 2.12E-14 1.90E-14 1.84E-14 1.85E-14 1.82E-14
 1.68E-14 1.34E-14 8.60E-15 6.22E-15 4.58E-15 3.45E-15
 4.09E-14 2.80E-14 2.37E-14 2.03E-14 1.75E-14 1.66E-14 1.66E-14 1.63E-14
 1.51E-14 1.21E-14 7.82E-15 5.73E-15 4.29E-15 3.29E-15
 4.53E-14 2.93E-14 2.38E-14 1.95E-14 1.60E-14 1.49E-14 1.48E-14 1.45E-14
 1.34E-14 1.08E-14 7.04E-15 5.23E-15 3.98E-15 3.12E-15
 5.28E-14 3.12E-14 2.40E-14 1.82E-14 1.39E-14 1.27E-14 1.25E-14 1.22E-14
 1.13E-14 9.07E-15 6.02E-15 4.56E-15 3.57E-15 2.87E-15
 5.95E-14 3.25E-14 2.38E-14 1.70E-14 1.24E-14 1.11E-14 1.08E-14 1.05E-14
 9.69E-15 7.83E-15 5.27E-15 4.05E-15 3.23E-15 2.66E-15
 6.61E-14 3.32E-14 2.31E-14 1.56E-14 1.07E-14 9.39E-15 9.04E-15 8.76E-15
 8.12E-15 6.58E-15 4.50E-15 3.52E-15 2.86E-15 2.41E-15
 7.15E-14 3.19E-14 2.06E-14 1.28E-14 8.17E-15 6.98E-15 6.63E-15 6.40E-15
 5.94E-15 4.84E-15 3.39E-15 2.71E-15 2.27E-15 1.97E-15
 7.04E-14 2.86E-14 1.75E-14 1.02E-14 6.11E-15 5.10E-15 4.79E-15 4.60E-15
 4.27E-15 3.50E-15 2.49E-15 2.03E-15 1.74E-15 1.54E-15
 6.50E-14 2.40E-14 1.38E-14 7.46E-15 4.21E-15 3.42E-15 3.16E-15 3.02E-15
 2.79E-15 2.30E-15 1.66E-15 1.38E-15 1.20E-15 1.09E-15
 5.55E-14 1.80E-14 9.52E-15 4.62E-15 2.36E-15 1.84E-15 1.65E-15 1.55E-15
 1.42E-15 1.16E-15 8.49E-16 7.13E-16 6.31E-16 5.85E-16
   884.5 A  12  14 /FILMEM = WJD92#C /TYPE = RECOM    /INDM =+T/ISEL =   27
 1.00E+11 2.00E+11 5.00E+11 1.00E+12 2.00E+12 5.00E+12 1.00E+13 2.00E+13
 5.00E+13 1.00E+14 2.00E+14 5.00E+14
 1.00E+00 1.50E+00 2.00E+00 3.00E+00 5.00E+00 7.00E+00 1.00E+01 1.50E+01
 2.00E+01 3.00E+01 5.00E+01 7.00E+01 1.00E+02 1.50E+02
 3.41E-14 2.63E-14 2.42E-14 2.38E-14 2.27E-14 2.10E-14 1.91E-14 1.61E-14
 1.33E-14 9.29E-15 5.42E-15 3.96E-15 3.16E-15 2.78E-15
 3.59E-14 2.68E-14 2.41E-14 2.28E-14 2.11E-14 1.94E-14 1.75E-14 1.48E-14
 1.23E-14 8.62E-15 5.08E-15 3.75E-15 3.03E-15 2.72E-15
 3.92E-14 2.80E-14 2.42E-14 2.17E-14 1.91E-14 1.73E-14 1.55E-14 1.31E-14
 1.09E-14 7.68E-15 4.60E-15 3.45E-15 2.85E-15 2.61E-15
 4.29E-14 2.92E-14 2.45E-14 2.10E-14 1.77E-14 1.58E-14 1.41E-14 1.19E-14
 9.90E-15 6.97E-15 4.22E-15 3.21E-15 2.70E-15 2.51E-15
 4.79E-14 3.09E-14 2.50E-14 2.04E-14 1.63E-14 1.43E-14 1.27E-14 1.07E-14
 8.90E-15 6.28E-15 3.84E-15 2.96E-15 2.54E-15 2.41E-15
 5.78E-14 3.40E-14 2.60E-14 1.97E-14 1.47E-14 1.26E-14 1.10E-14 9.26E-15
 7.69E-15 5.43E-15 3.38E-15 2.66E-15 2.33E-15 2.27E-15
 6.93E-14 3.76E-14 2.73E-14 1.94E-14 1.37E-14 1.15E-14 9.98E-15 8.34E-15
 6.91E-15 4.89E-15 3.08E-15 2.46E-15 2.19E-15 2.17E-15
 8.65E-14 4.27E-14 2.93E-14 1.94E-14 1.29E-14 1.06E-14 9.14E-15 7.60E-15
 6.29E-15 4.45E-15 2.83E-15 2.29E-15 2.07E-15 2.08E-15
 1.25E-13 5.36E-14 3.37E-14 2.02E-14 1.23E-14 9.86E-15 8.36E-15 6.91E-15
 5.71E-15 4.03E-15 2.59E-15 2.12E-15 1.95E-15 1.98E-15
 1.74E-13 6.68E-14 3.92E-14 2.16E-14 1.23E-14 9.59E-15 8.03E-15 6.60E-15
 5.44E-15 3.84E-15 2.48E-15 2.04E-15 1.89E-15 1.93E-15
 2.53E-13 8.70E-14 4.74E-14 2.39E-14 1.27E-14 9.61E-15 7.94E-15 6.48E-15
 5.32E-15 3.74E-15 2.42E-15 2.00E-15 1.85E-15 1.89E-15
 4.42E-13 1.32E-13 6.54E-14 2.93E-14 1.39E-14 1.01E-14 8.18E-15 6.59E-15
 5.37E-15 3.75E-15 2.41E-15 1.98E-15 1.83E-15 1.86E-15
  1308.7 A  12  14 /FILMEM = WJD92#C /TYPE = RECOM    /INDM =+T/ISEL =   28
 1.00E+11 2.00E+11 5.00E+11 1.00E+12 2.00E+12 5.00E+12 1.00E+13 2.00E+13
 5.00E+13 1.00E+14 2.00E+14 5.00E+14
 1.00E+00 1.50E+00 2.00E+00 3.00E+00 5.00E+00 7.00E+00 1.00E+01 1.50E+01
 2.00E+01 3.00E+01 5.00E+01 7.00E+01 1.00E+02 1.50E+02
 1.65E-15 1.27E-15 1.17E-15 1.15E-15 1.10E-15 1.02E-15 9.24E-16 7.80E-16
 6.46E-16 4.50E-16 2.62E-16 1.92E-16 1.53E-16 1.35E-16
 1.74E-15 1.30E-15 1.17E-15 1.11E-15 1.02E-15 9.38E-16 8.49E-16 7.19E-16
 5.97E-16 4.17E-16 2.46E-16 1.81E-16 1.47E-16 1.31E-16
 1.90E-15 1.35E-15 1.17E-15 1.05E-15 9.24E-16 8.36E-16 7.52E-16 6.36E-16
 5.29E-16 3.72E-16 2.22E-16 1.67E-16 1.38E-16 1.26E-16
 2.08E-15 1.41E-15 1.19E-15 1.02E-15 8.55E-16 7.63E-16 6.82E-16 5.76E-16
 4.79E-16 3.38E-16 2.04E-16 1.55E-16 1.31E-16 1.22E-16
 2.32E-15 1.50E-15 1.21E-15 9.86E-16 7.90E-16 6.93E-16 6.15E-16 5.18E-16
 4.31E-16 3.04E-16 1.86E-16 1.44E-16 1.23E-16 1.17E-16
 2.80E-15 1.65E-15 1.26E-15 9.52E-16 7.12E-16 6.10E-16 5.35E-16 4.48E-16
 3.72E-16 2.63E-16 1.64E-16 1.29E-16 1.13E-16 1.10E-16
 3.35E-15 1.82E-15 1.32E-15 9.37E-16 6.63E-16 5.57E-16 4.83E-16 4.04E-16
 3.35E-16 2.37E-16 1.49E-16 1.19E-16 1.06E-16 1.05E-16
 4.19E-15 2.07E-15 1.42E-15 9.39E-16 6.25E-16 5.15E-16 4.42E-16 3.68E-16
 3.05E-16 2.15E-16 1.37E-16 1.11E-16 1.00E-16 1.01E-16
 6.04E-15 2.60E-15 1.63E-15 9.78E-16 5.98E-16 4.78E-16 4.05E-16 3.35E-16
 2.76E-16 1.95E-16 1.25E-16 1.03E-16 9.43E-17 9.61E-17
 8.42E-15 3.24E-15 1.90E-15 1.05E-15 5.96E-16 4.65E-16 3.89E-16 3.20E-16
 2.63E-16 1.86E-16 1.20E-16 9.89E-17 9.13E-17 9.35E-17
 1.23E-14 4.21E-15 2.30E-15 1.16E-15 6.13E-16 4.65E-16 3.84E-16 3.14E-16
 2.58E-16 1.81E-16 1.17E-16 9.67E-17 8.94E-17 9.17E-17
 2.14E-14 6.40E-15 3.17E-15 1.42E-15 6.72E-16 4.91E-16 3.96E-16 3.19E-16
 2.60E-16 1.81E-16 1.16E-16 9.61E-17 8.84E-17 9.03E-17
  8502.7 A  12  14 /FILMEM = WJD92#C /TYPE = RECOM    /INDM =+T/ISEL =   29
 1.00E+11 2.00E+11 5.00E+11 1.00E+12 2.00E+12 5.00E+12 1.00E+13 2.00E+13
 5.00E+13 1.00E+14 2.00E+14 5.00E+14
 1.00E+00 1.50E+00 2.00E+00 3.00E+00 5.00E+00 7.00E+00 1.00E+01 1.50E+01
 2.00E+01 3.00E+01 5.00E+01 7.00E+01 1.00E+02 1.50E+02
 8.77E-16 6.75E-16 6.21E-16 6.10E-16 5.84E-16 5.41E-16 4.90E-16 4.14E-16
 3.43E-16 2.39E-16 1.39E-16 1.02E-16 8.12E-17 7.15E-17
 9.22E-16 6.90E-16 6.20E-16 5.87E-16 5.42E-16 4.98E-16 4.51E-16 3.81E-16
 3.17E-16 2.22E-16 1.31E-16 9.63E-17 7.80E-17 6.98E-17
 1.01E-15 7.19E-16 6.23E-16 5.59E-16 4.91E-16 4.44E-16 3.99E-16 3.38E-16
 2.81E-16 1.97E-16 1.18E-16 8.85E-17 7.32E-17 6.70E-17
 1.10E-15 7.51E-16 6.30E-16 5.40E-16 4.54E-16 4.05E-16 3.62E-16 3.06E-16
 2.54E-16 1.79E-16 1.08E-16 8.24E-17 6.93E-17 6.46E-17
 1.23E-15 7.94E-16 6.42E-16 5.23E-16 4.19E-16 3.68E-16 3.27E-16 2.75E-16
 2.29E-16 1.61E-16 9.88E-17 7.62E-17 6.53E-17 6.20E-17
 1.49E-15 8.75E-16 6.68E-16 5.05E-16 3.78E-16 3.24E-16 2.84E-16 2.38E-16
 1.97E-16 1.40E-16 8.68E-17 6.83E-17 5.99E-17 5.84E-17
 1.78E-15 9.65E-16 7.01E-16 4.97E-16 3.52E-16 2.95E-16 2.57E-16 2.14E-16
 1.78E-16 1.26E-16 7.90E-17 6.31E-17 5.63E-17 5.58E-17
 2.22E-15 1.10E-15 7.53E-16 4.99E-16 3.32E-16 2.73E-16 2.35E-16 1.95E-16
 1.62E-16 1.14E-16 7.27E-17 5.88E-17 5.32E-17 5.35E-17
 3.21E-15 1.38E-15 8.67E-16 5.19E-16 3.17E-16 2.53E-16 2.15E-16 1.78E-16
 1.47E-16 1.04E-16 6.66E-17 5.46E-17 5.01E-17 5.10E-17
 4.47E-15 1.72E-15 1.01E-15 5.55E-16 3.16E-16 2.47E-16 2.06E-16 1.70E-16
 1.40E-16 9.86E-17 6.36E-17 5.25E-17 4.85E-17 4.96E-17
 6.50E-15 2.24E-15 1.22E-15 6.15E-16 3.25E-16 2.47E-16 2.04E-16 1.66E-16
 1.37E-16 9.61E-17 6.21E-17 5.13E-17 4.75E-17 4.87E-17
 1.14E-14 3.40E-15 1.68E-15 7.52E-16 3.57E-16 2.60E-16 2.10E-16 1.69E-16
 1.38E-16 9.63E-17 6.18E-17 5.10E-17 4.69E-17 4.79E-17
  5697.4 A  12  14 /FILMEM = WJD92#C /TYPE = RECOM    /INDM =+T/ISEL =   30
 1.00E+11 2.00E+11 5.00E+11 1.00E+12 2.00E+12 5.00E+12 1.00E+13 2.00E+13
 5.00E+13 1.00E+14 2.00E+14 5.00E+14
 1.00E+00 1.50E+00 2.00E+00 3.00E+00 5.00E+00 7.00E+00 1.00E+01 1.50E+01
 2.00E+01 3.00E+01 5.00E+01 7.00E+01 1.00E+02 1.50E+02
 2.99E-15 2.27E-15 2.10E-15 2.10E-15 1.98E-15 1.76E-15 1.51E-15 1.23E-15
 1.00E-15 6.93E-16 3.97E-16 2.88E-16 2.34E-16 2.10E-16
 3.16E-15 2.33E-15 2.09E-15 2.01E-15 1.82E-15 1.60E-15 1.37E-15 1.11E-15
 9.12E-16 6.33E-16 3.66E-16 2.69E-16 2.22E-16 2.04E-16
 3.49E-15 2.44E-15 2.11E-15 1.90E-15 1.62E-15 1.40E-15 1.19E-15 9.62E-16
 7.89E-16 5.50E-16 3.22E-16 2.41E-16 2.05E-16 1.93E-16
 3.85E-15 2.56E-15 2.13E-15 1.82E-15 1.48E-15 1.26E-15 1.06E-15 8.52E-16
 6.98E-16 4.87E-16 2.88E-16 2.19E-16 1.91E-16 1.84E-16
 4.33E-15 2.72E-15 2.18E-15 1.76E-15 1.35E-15 1.12E-15 9.31E-16 7.46E-16
 6.10E-16 4.25E-16 2.54E-16 1.97E-16 1.76E-16 1.74E-16
 5.27E-15 3.01E-15 2.26E-15 1.68E-15 1.19E-15 9.55E-16 7.78E-16 6.17E-16
 5.02E-16 3.50E-16 2.11E-16 1.68E-16 1.56E-16 1.61E-16
 6.31E-15 3.33E-15 2.37E-15 1.64E-15 1.09E-15 8.48E-16 6.80E-16 5.34E-16
 4.34E-16 3.01E-16 1.84E-16 1.49E-16 1.42E-16 1.51E-16
 7.81E-15 3.77E-15 2.54E-15 1.63E-15 1.01E-15 7.62E-16 6.00E-16 4.67E-16
 3.77E-16 2.61E-16 1.61E-16 1.34E-16 1.31E-16 1.42E-16
 1.09E-14 4.65E-15 2.89E-15 1.68E-15 9.40E-16 6.82E-16 5.24E-16 4.02E-16
 3.23E-16 2.22E-16 1.39E-16 1.18E-16 1.19E-16 1.33E-16
 1.48E-14 5.69E-15 3.31E-15 1.77E-15 9.21E-16 6.47E-16 4.88E-16 3.70E-16
 2.96E-16 2.03E-16 1.27E-16 1.10E-16 1.12E-16 1.27E-16
 2.07E-14 7.22E-15 3.93E-15 1.94E-15 9.34E-16 6.36E-16 4.70E-16 3.53E-16
 2.80E-16 1.91E-16 1.20E-16 1.05E-16 1.08E-16 1.23E-16
 3.43E-14 1.06E-14 5.28E-15 2.34E-15 1.02E-15 6.66E-16 4.79E-16 3.54E-16
 2.78E-16 1.87E-16 1.17E-16 1.02E-16 1.06E-16 1.21E-16
  4650.1 A  12  14 /FILMEM = WJD92#C /TYPE = RECOM    /INDM =+T/ISEL =   31
 1.00E+11 2.00E+11 5.00E+11 1.00E+12 2.00E+12 5.00E+12 1.00E+13 2.00E+13
 5.00E+13 1.00E+14 2.00E+14 5.00E+14
 1.00E+00 1.50E+00 2.00E+00 3.00E+00 5.00E+00 7.00E+00 1.00E+01 1.50E+01
 2.00E+01 3.00E+01 5.00E+01 7.00E+01 1.00E+02 1.50E+02
 9.03E-13 7.08E-13 6.62E-13 6.51E-13 6.35E-13 6.28E-13 6.38E-13 6.26E-13
 5.77E-13 4.56E-13 2.85E-13 2.02E-13 1.44E-13 1.04E-13
 9.53E-13 7.23E-13 6.58E-13 6.24E-13 5.89E-13 5.77E-13 5.85E-13 5.75E-13
 5.32E-13 4.23E-13 2.67E-13 1.90E-13 1.37E-13 1.01E-13
 1.04E-12 7.52E-13 6.58E-13 5.91E-13 5.30E-13 5.12E-13 5.15E-13 5.06E-13
 4.69E-13 3.74E-13 2.39E-13 1.73E-13 1.28E-13 9.61E-14
 1.14E-12 7.81E-13 6.60E-13 5.67E-13 4.87E-13 4.63E-13 4.63E-13 4.54E-13
 4.21E-13 3.37E-13 2.18E-13 1.60E-13 1.19E-13 9.17E-14
 1.26E-12 8.16E-13 6.64E-13 5.42E-13 4.45E-13 4.16E-13 4.13E-13 4.04E-13
 3.74E-13 3.00E-13 1.96E-13 1.46E-13 1.11E-13 8.70E-14
 1.47E-12 8.68E-13 6.67E-13 5.07E-13 3.88E-13 3.55E-13 3.48E-13 3.39E-13
 3.14E-13 2.53E-13 1.68E-13 1.27E-13 9.93E-14 8.01E-14
 1.66E-12 9.05E-13 6.62E-13 4.74E-13 3.45E-13 3.09E-13 3.00E-13 2.91E-13
 2.70E-13 2.18E-13 1.47E-13 1.13E-13 9.00E-14 7.41E-14
 1.84E-12 9.24E-13 6.43E-13 4.33E-13 2.98E-13 2.61E-13 2.52E-13 2.44E-13
 2.26E-13 1.83E-13 1.25E-13 9.80E-14 7.97E-14 6.71E-14
 1.99E-12 8.88E-13 5.75E-13 3.57E-13 2.28E-13 1.94E-13 1.85E-13 1.78E-13
 1.65E-13 1.35E-13 9.44E-14 7.56E-14 6.32E-14 5.48E-14
 1.96E-12 7.97E-13 4.87E-13 2.83E-13 1.70E-13 1.42E-13 1.33E-13 1.28E-13
 1.19E-13 9.76E-14 6.95E-14 5.66E-14 4.84E-14 4.29E-14
 1.81E-12 6.68E-13 3.85E-13 2.08E-13 1.17E-13 9.53E-14 8.80E-14 8.40E-14
 7.78E-14 6.40E-14 4.63E-14 3.83E-14 3.34E-14 3.03E-14
 1.54E-12 5.02E-13 2.65E-13 1.29E-13 6.57E-14 5.12E-14 4.60E-14 4.31E-14
 3.96E-14 3.24E-14 2.36E-14 1.99E-14 1.76E-14 1.63E-14
  9713.5 A  12  14 /FILMEM = WJD92#C /TYPE = RECOM    /INDM =+T/ISEL =   32
 1.00E+11 2.00E+11 5.00E+11 1.00E+12 2.00E+12 5.00E+12 1.00E+13 2.00E+13
 5.00E+13 1.00E+14 2.00E+14 5.00E+14
 1.00E+00 1.50E+00 2.00E+00 3.00E+00 5.00E+00 7.00E+00 1.00E+01 1.50E+01
 2.00E+01 3.00E+01 5.00E+01 7.00E+01 1.00E+02 1.50E+02
 1.22E-15 9.52E-16 8.88E-16 8.78E-16 8.53E-16 8.42E-16 8.89E-16 9.70E-16
 9.85E-16 8.95E-16 6.58E-16 5.08E-16 3.89E-16 2.95E-16
 1.30E-15 9.74E-16 8.84E-16 8.40E-16 7.88E-16 7.71E-16 8.14E-16 8.93E-16
 9.11E-16 8.32E-16 6.18E-16 4.81E-16 3.73E-16 2.87E-16
 1.44E-15 1.02E-15 8.87E-16 7.95E-16 7.07E-16 6.82E-16 7.17E-16 7.88E-16
 8.06E-16 7.40E-16 5.56E-16 4.40E-16 3.47E-16 2.73E-16
 1.58E-15 1.07E-15 8.97E-16 7.65E-16 6.51E-16 6.19E-16 6.47E-16 7.11E-16
 7.28E-16 6.71E-16 5.09E-16 4.06E-16 3.26E-16 2.61E-16
 1.79E-15 1.14E-15 9.15E-16 7.40E-16 5.98E-16 5.60E-16 5.82E-16 6.39E-16
 6.54E-16 6.04E-16 4.63E-16 3.74E-16 3.05E-16 2.49E-16
 2.18E-15 1.26E-15 9.57E-16 7.15E-16 5.37E-16 4.91E-16 5.05E-16 5.54E-16
 5.67E-16 5.25E-16 4.07E-16 3.35E-16 2.79E-16 2.34E-16
 2.63E-15 1.41E-15 1.01E-15 7.08E-16 5.02E-16 4.50E-16 4.60E-16 5.03E-16
 5.14E-16 4.76E-16 3.72E-16 3.10E-16 2.62E-16 2.24E-16
 3.28E-15 1.61E-15 1.10E-15 7.20E-16 4.80E-16 4.21E-16 4.27E-16 4.65E-16
 4.75E-16 4.38E-16 3.45E-16 2.90E-16 2.49E-16 2.15E-16
 4.70E-15 2.05E-15 1.30E-15 7.75E-16 4.76E-16 4.06E-16 4.06E-16 4.37E-16
 4.43E-16 4.07E-16 3.21E-16 2.73E-16 2.37E-16 2.08E-16
 6.47E-15 2.57E-15 1.53E-15 8.54E-16 4.93E-16 4.11E-16 4.04E-16 4.30E-16
 4.32E-16 3.94E-16 3.11E-16 2.66E-16 2.33E-16 2.06E-16
 9.29E-15 3.36E-15 1.88E-15 9.73E-16 5.25E-16 4.26E-16 4.11E-16 4.30E-16
 4.28E-16 3.86E-16 3.04E-16 2.61E-16 2.30E-16 2.04E-16
 1.59E-14 5.07E-15 2.61E-15 1.21E-15 5.94E-16 4.61E-16 4.29E-16 4.36E-16
 4.27E-16 3.79E-16 2.96E-16 2.54E-16 2.24E-16 2.01E-16
C-----------------------------------------------------------------------
C
C  PHOTON EMISSIVITY COEFFICIENTS:
C
C  SOURCE SPECIFIC ION   FILE:/JETSHP.BELIKE.DATA(WJD92#C)
C  SOURCE IONIS. COEFFT. FILE:/JETSHP.IONELEC.DATA(SZD#C)
C  META. ION. COEFF. SELECTOR: 19(1,1)
C  POPULATION PROCESSING CODE:  ADAS208
C
C  ISEL  WAVELENGTH      TRANSITION            TYPE    METASTABLE  IMET NMET  IP
C  ----  ----------  ------------------------  -----  ------------ ---- ----  --
C   1.     977.0     3(1)1( 1.0)- 1(1)0( 0.0)  EXCIT                 T     1
C   2.     386.2     8(1)1( 1.0)- 1(1)0( 0.0)  EXCIT                 T     1
C   3.    1175.7     4(3)1( 4.0)- 2(3)1( 4.0)  EXCIT                 T     1
C   4.     538.2    10(3)0( 1.0)- 2(3)1( 4.0)  EXCIT                 T     1
C   5.     459.6    12(3)2( 7.0)- 2(3)1( 4.0)  EXCIT                 T     1
C   6.    2297.6     5(1)2( 2.0)- 3(1)1( 1.0)  EXCIT                 T     1
C   7.    1247.4     6(1)0( 0.0)- 3(1)1( 1.0)  EXCIT                 T     1
C   8.     690.5     7(1)0( 0.0)- 3(1)1( 1.0)  EXCIT                 T     1
C   9.     574.3     9(1)2( 2.0)- 3(1)1( 1.0)  EXCIT                 T     1
C  10.     818.1    11(3)1( 4.0)- 4(3)1( 4.0)  EXCIT                 T     1
C  11.     884.5     8(1)1( 1.0)- 5(1)2( 2.0)  EXCIT                 T     1
C  12.    1308.7     8(1)1( 1.0)- 6(1)0( 0.0)  EXCIT                 T     1
C  13.    8502.7     8(1)1( 1.0)- 7(1)0( 0.0)  EXCIT                 T     1
C  14.    5697.4     9(1)2( 2.0)- 8(1)1( 1.0)  EXCIT                 T     1
C  15.    4650.1    11(3)1( 4.0)-10(3)0( 1.0)  EXCIT                 T     1
C  16.    9713.5    12(3)2( 7.0)-11(3)1( 4.0)  EXCIT                 T     1
C  17.     977.0     3(1)1( 1.0)- 1(1)0( 0.0)  RECOM  SEE WJD92#C             +T
C  18.     386.2     8(1)1( 1.0)- 1(1)0( 0.0)  RECOM  SEE WJD92#C             +T
C  19.    1175.7     4(3)1( 4.0)- 2(3)1( 4.0)  RECOM  SEE WJD92#C             +T
C  20.     538.2    10(3)0( 1.0)- 2(3)1( 4.0)  RECOM  SEE WJD92#C             +T
C  21.     459.6    12(3)2( 7.0)- 2(3)1( 4.0)  RECOM  SEE WJD92#C             +T
C  22.    2297.6     5(1)2( 2.0)- 3(1)1( 1.0)  RECOM  SEE WJD92#C             +T
C  23.    1247.4     6(1)0( 0.0)- 3(1)1( 1.0)  RECOM  SEE WJD92#C             +T
C  24.     690.5     7(1)0( 0.0)- 3(1)1( 1.0)  RECOM  SEE WJD92#C             +T
C  25.     574.3     9(1)2( 2.0)- 3(1)1( 1.0)  RECOM  SEE WJD92#C             +T
C  26.     818.1    11(3)1( 4.0)- 4(3)1( 4.0)  RECOM  SEE WJD92#C             +T
C  27.     884.5     8(1)1( 1.0)- 5(1)2( 2.0)  RECOM  SEE WJD92#C             +T
C  28.    1308.7     8(1)1( 1.0)- 6(1)0( 0.0)  RECOM  SEE WJD92#C             +T
C  29.    8502.7     8(1)1( 1.0)- 7(1)0( 0.0)  RECOM  SEE WJD92#C             +T
C  30.    5697.4     9(1)2( 2.0)- 8(1)1( 1.0)  RECOM  SEE WJD92#C             +T
C  31.    4650.1    11(3)1( 4.0)-10(3)0( 1.0)  RECOM  SEE WJD92#C             +T
C  32.    9713.5    12(3)2( 7.0)-11(3)1( 4.0)  RECOM  SEE WJD92#C             +T
C
C   NOTES:  PROCESSED 08/03/95
C
C-------------------------------------------------------------------------------
 
C---------------------------------------------------------------------------------
C ADAS ADF15 DATA - SCCS info: @(#)$Header: /home/adascvs/adas/adf15/pec93#c/pec93#c_pju#c2.dat,v 2.1 2004/07/07 00:25:23 whitefor Exp $ Date $Date: 2004/07/07 00:25:23 $
C---------------------------------------------------------------------------------
