    6   24   30    1    6     /CARBON             /GCR PROJECT      
--------------------------------------------------------------------------------
    4    2    2    1    2    1    1                                             
--------------------------------------------------------------------------------
   7.69897   8.00000   8.30103   8.69897   9.00000   9.30103   9.69897  10.00000
  10.30103  10.69897  11.00000  11.30103  11.69897  12.00000  12.30103  12.69897
  13.00000  13.30103  13.69897  14.00000  14.30103  14.69897  15.00000  15.30103
   -.69877   -.52268   -.30083   -.15470    .00020    .17629    .30123    .47732
    .69917    .84530   1.00020   1.17629   1.30123   1.47732   1.69917   1.84530
   2.00020   2.17629   2.30123   2.47732   2.69917   2.84530   3.00020   3.17629
   3.30123   3.47732   3.69917   3.84530   4.00020   4.17629
---------------------/ IGRD= 1  / IPRT= 0  /--------/ Z1= 1   / DATE= 04/11/99
 -42.52693 -42.52214 -42.50297 -42.58897 -42.52213 -42.08656 -41.77006 -41.84631
 -41.86066 -41.84118 -41.84609 -41.84698 -41.84575 -41.84608 -41.84609 -41.84731
 -41.84800 -41.84778 -41.86022 -41.86165 -41.85038 -41.99031 -41.94470 -41.64367
 -36.16919 -36.17082 -36.17737 -36.14799 -36.17084 -36.31968 -36.42783 -36.40177
 -36.39687 -36.40352 -36.40183 -36.40151 -36.40198 -36.40185 -36.40185 -36.40319
 -36.40376 -36.40354 -36.41640 -36.41832 -36.40831 -36.55691 -36.51671 -36.21568
 -31.97658 -31.97633 -31.97536 -31.97974 -31.97627 -31.95393 -31.93770 -31.94160
 -31.94233 -31.94136 -31.94166 -31.94175 -31.94147 -31.94158 -31.94251 -31.94392
 -31.94402 -31.94439 -31.95863 -31.96045 -31.94947 -32.10618 -32.07226 -31.77123
 -30.01729 -30.01736 -30.01763 -30.01646 -30.01763 -30.02429 -30.02908 -30.02795
 -30.02776 -30.02791 -30.02769 -30.02770 -30.02767 -30.02803 -30.02942 -30.03102
 -30.03119 -30.03244 -30.04972 -30.05410 -30.04662 -30.22717 -30.20833 -29.90730
 -28.57088 -28.57082 -28.57068 -28.57132 -28.57126 -28.56922 -28.56768 -28.56799
 -28.56793 -28.56846 -28.56916 -28.56914 -28.56907 -28.56931 -28.56974 -28.57284
 -28.57587 -28.57926 -28.60313 -28.61561 -28.61907 -28.83918 -28.84295 -28.54192
 -27.39300 -27.39311 -27.39314 -27.39305 -27.39307 -27.39336 -27.39375 -27.39380
 -27.39368 -27.39446 -27.39548 -27.39593 -27.39623 -27.39672 -27.39796 -27.40326
 -27.40930 -27.41781 -27.45478 -27.48217 -27.50477 -27.76383 -27.78596 -27.48493
 -26.77661 -26.77703 -26.77706 -26.77706 -26.77705 -26.77682 -26.77713 -26.77761
 -26.77757 -26.77749 -26.77777 -26.77833 -26.77979 -26.78121 -26.78288 -26.78918
 -26.79772 -26.81119 -26.85728 -26.89444 -26.93090 -27.21049 -27.24026 -26.93923
 -26.12630 -26.12647 -26.12648 -26.12646 -26.12646 -26.12645 -26.12680 -26.12729
 -26.12772 -26.12825 -26.12877 -26.12951 -26.13110 -26.13278 -26.13532 -26.14419
 -26.15601 -26.17427 -26.23087 -26.27873 -26.32656 -26.62061 -26.65555 -26.35452
 -25.56999 -25.57006 -25.57007 -25.57006 -25.57007 -25.57013 -25.56981 -25.56994
 -25.57123 -25.57217 -25.57229 -25.57328 -25.57500 -25.57682 -25.58050 -25.59176
 -25.60542 -25.62560 -25.68735 -25.74153 -25.79553 -26.08686 -26.11730 -25.81627
 -25.31717 -25.31769 -25.31772 -25.31762 -25.31765 -25.31763 -25.31775 -25.31794
 -25.31816 -25.31902 -25.31995 -25.32071 -25.32236 -25.32482 -25.32902 -25.33998
 -25.35360 -25.37500 -25.43720 -25.49125 -25.54598 -25.83000 -25.85478 -25.55375
 -25.12180 -25.12199 -25.12214 -25.12224 -25.12220 -25.12213 -25.12250 -25.12294
 -25.12304 -25.12317 -25.12382 -25.12523 -25.12758 -25.12992 -25.13383 -25.14481
 -25.15852 -25.17942 -25.24010 -25.29328 -25.34730 -25.62237 -25.64112 -25.34009
 -24.96759 -24.96780 -24.96798 -24.96807 -24.96805 -24.96802 -24.96816 -24.96824
 -24.96821 -24.96962 -24.97109 -24.97144 -24.97294 -24.97573 -24.97973 -24.99013
 -25.00312 -25.02317 -25.08184 -25.13321 -25.18508 -25.44922 -25.46127 -25.16024
 -24.89176 -24.89167 -24.89160 -24.89158 -24.89158 -24.89156 -24.89166 -24.89152
 -24.89102 -24.89241 -24.89428 -24.89471 -24.89585 -24.89842 -24.90262 -24.91318
 -24.92584 -24.94513 -25.00182 -25.05140 -25.10152 -25.35992 -25.36867 -25.06764
 -24.81920 -24.81887 -24.81883 -24.81892 -24.81890 -24.81894 -24.81877 -24.81893
 -24.81978 -24.81929 -24.81896 -24.82125 -24.82356 -24.82524 -24.83041 -24.84166
 -24.85344 -24.87160 -24.92425 -24.96989 -25.01736 -25.26995 -25.27545 -24.97442
 -24.76981 -24.76987 -24.76989 -24.76985 -24.76985 -24.76989 -24.76971 -24.76985
 -24.77079 -24.77204 -24.77263 -24.77333 -24.77545 -24.77801 -24.78137 -24.78985
 -24.80048 -24.81729 -24.86826 -24.91184 -24.95508 -25.19926 -25.20113 -24.90010
 -24.75899 -24.75906 -24.75905 -24.75908 -24.75913 -24.75911 -24.75925 -24.75914
 -24.75860 -24.76010 -24.76174 -24.76130 -24.76248 -24.76554 -24.76882 -24.77705
 -24.78724 -24.80268 -24.85098 -24.89193 -24.93177 -25.17173 -25.17226 -24.87123
 -24.75513 -24.75523 -24.75532 -24.75514 -24.75492 -24.75488 -24.75495 -24.75492
 -24.75487 -24.75556 -24.75656 -24.75740 -24.75840 -24.75992 -24.76333 -24.77249
 -24.78256 -24.79661 -24.84027 -24.87695 -24.91374 -25.14942 -25.14797 -24.84694
 -24.76748 -24.76745 -24.76718 -24.76785 -24.76878 -24.76889 -24.76872 -24.76878
 -24.76882 -24.76860 -24.76862 -24.76934 -24.77078 -24.77253 -24.77585 -24.78436
 -24.79326 -24.80538 -24.84675 -24.88164 -24.91526 -25.14300 -25.13764 -24.83661
 -24.73387 -24.73392 -24.73442 -24.73584 -24.73680 -24.73691 -24.73676 -24.73680
 -24.73679 -24.73689 -24.73686 -24.73650 -24.73697 -24.73899 -24.74287 -24.75117
 -24.75895 -24.76950 -24.80806 -24.83980 -24.86909 -25.09134 -25.08422 -24.78319
 -24.86628 -24.86654 -24.86821 -24.86941 -24.86910 -24.86905 -24.86913 -24.86910
 -24.86909 -24.86915 -24.86910 -24.86893 -24.86989 -24.87168 -24.87424 -24.88197
 -24.89016 -24.90020 -24.93703 -24.96666 -24.99289 -25.21211 -25.20434 -24.90331
 -25.19906 -25.19931 -25.20099 -25.20218 -25.20188 -25.20182 -25.20190 -25.20188
 -25.20186 -25.20192 -25.20188 -25.20171 -25.20267 -25.20445 -25.20702 -25.21474
 -25.22294 -25.23297 -25.26981 -25.29943 -25.32567 -25.54488 -25.53711 -25.23608
 -25.41825 -25.41851 -25.42018 -25.42138 -25.42107 -25.42101 -25.42109 -25.42107
 -25.42105 -25.42111 -25.42107 -25.42090 -25.42186 -25.42365 -25.42621 -25.43394
 -25.44213 -25.45217 -25.48900 -25.51862 -25.54486 -25.76407 -25.75630 -25.45527
 -25.65060 -25.65086 -25.65253 -25.65373 -25.65342 -25.65337 -25.65345 -25.65342
 -25.65341 -25.65347 -25.65342 -25.65325 -25.65421 -25.65600 -25.65856 -25.66629
 -25.67448 -25.68452 -25.72135 -25.75097 -25.77721 -25.99643 -25.98866 -25.68763
 -25.91474 -25.91500 -25.91667 -25.91787 -25.91756 -25.91750 -25.91758 -25.91756
 -25.91754 -25.91760 -25.91756 -25.91739 -25.91835 -25.92014 -25.92270 -25.93043
 -25.93862 -25.94866 -25.98549 -26.01511 -26.04135 -26.26056 -26.25279 -25.95176
 -26.10215 -26.10240 -26.10408 -26.10527 -26.10497 -26.10491 -26.10499 -26.10497
 -26.10495 -26.10501 -26.10497 -26.10480 -26.10576 -26.10754 -26.11011 -26.11783
 -26.12603 -26.13606 -26.17290 -26.20252 -26.22876 -26.44797 -26.44020 -26.13917
 -26.36628 -26.36654 -26.36821 -26.36941 -26.36910 -26.36905 -26.36913 -26.36910
 -26.36909 -26.36915 -26.36910 -26.36893 -26.36989 -26.37168 -26.37424 -26.38197
 -26.39016 -26.40020 -26.43703 -26.46666 -26.49289 -26.71211 -26.70434 -26.40331
 -26.69906 -26.69931 -26.70099 -26.70218 -26.70188 -26.70182 -26.70190 -26.70188
 -26.70186 -26.70192 -26.70188 -26.70171 -26.70267 -26.70445 -26.70702 -26.71474
 -26.72294 -26.73297 -26.76981 -26.79943 -26.82567 -27.04488 -27.03711 -26.73608
 -26.91825 -26.91851 -26.92018 -26.92138 -26.92107 -26.92101 -26.92109 -26.92107
 -26.92105 -26.92111 -26.92107 -26.92090 -26.92186 -26.92365 -26.92621 -26.93394
 -26.94213 -26.95217 -26.98900 -27.01862 -27.04486 -27.26407 -27.25630 -26.95527
 -27.15060 -27.15086 -27.15253 -27.15373 -27.15342 -27.15337 -27.15345 -27.15342
 -27.15341 -27.15347 -27.15342 -27.15325 -27.15421 -27.15600 -27.15856 -27.16629
 -27.17448 -27.18452 -27.22135 -27.25097 -27.27721 -27.49643 -27.48866 -27.18763
 -27.41474 -27.41500 -27.41667 -27.41787 -27.41756 -27.41750 -27.41758 -27.41756
 -27.41754 -27.41760 -27.41756 -27.41739 -27.41835 -27.42014 -27.42270 -27.43043
 -27.43862 -27.44866 -27.48549 -27.51511 -27.54135 -27.76056 -27.75279 -27.45176
---------------------/ IGRD= 2  / IPRT= 0  /--------/ Z1= 1   / DATE= 04/11/99
 -30.00221 -30.29956 -30.59554 -30.98945 -31.29091 -31.59489 -32.00368 -32.31720
 -32.63157 -33.04974 -33.36719 -33.68357 -34.10207 -34.41795 -34.73071 -35.13886
 -35.43716 -35.71984 -36.08273 -36.31981 -36.51705 -36.98716 -37.08845 -36.78742
 -30.02925 -30.34842 -30.66718 -31.08098 -31.38083 -31.66276 -32.00849 -32.25329
 -32.48800 -32.78999 -33.01533 -33.23879 -33.53109 -33.74901 -33.96227 -34.22813
 -34.40575 -34.55255 -34.69466 -34.74600 -34.75601 -34.90478 -34.86089 -34.55986
 -29.87143 -30.07010 -30.24554 -30.44077 -30.55705 -30.64258 -30.70689 -30.72538
 -30.72817 -30.71771 -30.70440 -30.68962 -30.66916 -30.65317 -30.63707 -30.61823
 -30.60573 -30.59552 -30.60204 -30.60302 -30.59526 -30.77085 -30.74811 -30.44708
 -29.04508 -29.06969 -29.07204 -29.05678 -29.04155 -29.02983 -29.02128 -29.01930
 -29.02020 -29.02462 -29.02909 -29.03349 -29.04064 -29.04647 -29.05129 -29.05861
 -29.06374 -29.06756 -29.08544 -29.08965 -29.08238 -29.26331 -29.24456 -28.94353
 -27.82690 -27.82756 -27.83206 -27.84018 -27.84573 -27.84996 -27.85307 -27.85365
 -27.85313 -27.85201 -27.85115 -27.85004 -27.84794 -27.84625 -27.84518 -27.84544
 -27.84597 -27.84763 -27.86835 -27.87805 -27.87903 -28.08877 -28.08624 -27.78521
 -26.89730 -26.89810 -26.89786 -26.89666 -26.89581 -26.89545 -26.89501 -26.89495
 -26.89572 -26.89640 -26.89639 -26.89667 -26.89786 -26.89895 -26.89985 -26.90332
 -26.90754 -26.91421 -26.94683 -26.96949 -26.98612 -27.22719 -27.23947 -26.93844
 -26.40803 -26.40916 -26.40951 -26.40995 -26.41054 -26.41083 -26.41088 -26.41124
 -26.41226 -26.41312 -26.41301 -26.41281 -26.41363 -26.41478 -26.41583 -26.42048
 -26.42696 -26.43766 -26.47969 -26.51266 -26.54186 -26.80280 -26.82320 -26.52217
 -25.90284 -25.90311 -25.90368 -25.90399 -25.90404 -25.90463 -25.90531 -25.90530
 -25.90498 -25.90530 -25.90625 -25.90730 -25.90826 -25.90919 -25.91157 -25.91975
 -25.93016 -25.94652 -25.99986 -26.04466 -26.08737 -26.36034 -26.38308 -26.08205
 -25.46049 -25.46064 -25.46149 -25.46225 -25.46242 -25.46295 -25.46367 -25.46380
 -25.46363 -25.46444 -25.46568 -25.46651 -25.46753 -25.46913 -25.47246 -25.48250
 -25.49505 -25.51438 -25.57301 -25.62374 -25.67115 -25.91814 -25.92085 -25.61982
 -25.24997 -25.25074 -25.25141 -25.25228 -25.25275 -25.25280 -25.25309 -25.25351
 -25.25372 -25.25438 -25.25522 -25.25601 -25.25754 -25.25956 -25.26295 -25.27256
 -25.28516 -25.30526 -25.36188 -25.40908 -25.45119 -25.66915 -25.65403 -25.35300
 -25.08073 -25.08105 -25.08160 -25.08207 -25.08222 -25.08257 -25.08284 -25.08267
 -25.08240 -25.08369 -25.08534 -25.08618 -25.08805 -25.09032 -25.09296 -25.10186
 -25.11410 -25.13255 -25.18386 -25.22529 -25.25953 -25.45072 -25.42056 -25.11953
 -24.94158 -24.94102 -24.94090 -24.94099 -24.94094 -24.94095 -24.94066 -24.94069
 -24.94172 -24.94395 -24.94495 -24.94457 -24.94574 -24.94858 -24.95208 -24.96026
 -24.97050 -24.98659 -25.03220 -25.06684 -25.09177 -25.26077 -25.21949 -24.91846
 -24.86795 -24.86772 -24.86758 -24.86759 -24.86763 -24.86765 -24.86777 -24.86872
 -24.87087 -24.87157 -24.87070 -24.87115 -24.87305 -24.87510 -24.87823 -24.88627
 -24.89572 -24.90969 -24.95077 -24.98111 -25.00094 -25.15951 -25.11324 -24.81221
 -24.79484 -24.79505 -24.79566 -24.79601 -24.79570 -24.79539 -24.79684 -24.79824
 -24.79788 -24.79767 -24.79869 -24.80005 -24.80229 -24.80369 -24.80467 -24.81123
 -24.82039 -24.83236 -24.86811 -24.89342 -24.90782 -25.05541 -25.00382 -24.70279
 -24.74376 -24.74386 -24.74474 -24.74596 -24.74639 -24.74644 -24.74630 -24.74616
 -24.74608 -24.74688 -24.74781 -24.74827 -24.74939 -24.75130 -24.75423 -24.75980
 -24.76624 -24.77730 -24.80946 -24.82960 -24.83890 -24.97685 -24.92060 -24.61957
 -24.73158 -24.73156 -24.73110 -24.73234 -24.73403 -24.73424 -24.73395 -24.73410
 -24.73424 -24.73354 -24.73351 -24.73538 -24.73699 -24.73765 -24.74021 -24.74627
 -24.75228 -24.76115 -24.79018 -24.80834 -24.81534 -24.95057 -24.89350 -24.59247
 -24.72560 -24.72528 -24.72516 -24.72599 -24.72680 -24.72690 -24.72678 -24.72678
 -24.72671 -24.72718 -24.72799 -24.72878 -24.72938 -24.72993 -24.73155 -24.73740
 -24.74338 -24.75041 -24.77823 -24.79587 -24.79995 -24.93222 -24.87484 -24.57381
 -24.73561 -24.73619 -24.73625 -24.73609 -24.73604 -24.73603 -24.73607 -24.73605
 -24.73595 -24.73646 -24.73727 -24.73801 -24.73882 -24.73968 -24.74137 -24.74634
 -24.75142 -24.75795 -24.78280 -24.79712 -24.79950 -24.93096 -24.87339 -24.57236
 -24.69968 -24.70129 -24.70149 -24.70124 -24.70135 -24.70137 -24.70131 -24.70135
 -24.70147 -24.70089 -24.70098 -24.70288 -24.70349 -24.70330 -24.70606 -24.71133
 -24.71531 -24.72144 -24.74402 -24.75581 -24.75714 -24.88714 -24.82865 -24.52762
 -24.83078 -24.83217 -24.83234 -24.83210 -24.83217 -24.83219 -24.83215 -24.83217
 -24.83225 -24.83191 -24.83217 -24.83381 -24.83449 -24.83454 -24.83703 -24.84244
 -24.84657 -24.85184 -24.87343 -24.88480 -24.88521 -25.01330 -24.95398 -24.65295
 -25.16356 -25.16495 -25.16511 -25.16488 -25.16495 -25.16496 -25.16492 -25.16495
 -25.16502 -25.16468 -25.16495 -25.16659 -25.16726 -25.16731 -25.16980 -25.17522
 -25.17934 -25.18461 -25.20620 -25.21758 -25.21799 -25.34607 -25.28675 -24.98572
 -25.38275 -25.38414 -25.38431 -25.38407 -25.38414 -25.38415 -25.38411 -25.38414
 -25.38421 -25.38388 -25.38414 -25.38578 -25.38645 -25.38650 -25.38900 -25.39441
 -25.39854 -25.40380 -25.42539 -25.43677 -25.43718 -25.56526 -25.50594 -25.20491
 -25.61510 -25.61649 -25.61666 -25.61642 -25.61649 -25.61651 -25.61647 -25.61649
 -25.61657 -25.61623 -25.61649 -25.61813 -25.61881 -25.61886 -25.62135 -25.62676
 -25.63089 -25.63616 -25.65774 -25.66912 -25.66953 -25.79762 -25.73829 -25.43726
 -25.87924 -25.88063 -25.88080 -25.88056 -25.88063 -25.88064 -25.88060 -25.88063
 -25.88070 -25.88037 -25.88063 -25.88227 -25.88294 -25.88299 -25.88549 -25.89090
 -25.89503 -25.90029 -25.92188 -25.93326 -25.93367 -26.06175 -26.00243 -25.70140
 -26.06665 -26.06804 -26.06820 -26.06797 -26.06804 -26.06805 -26.06801 -26.06804
 -26.06811 -26.06777 -26.06804 -26.06968 -26.07035 -26.07040 -26.07289 -26.07831
 -26.08243 -26.08770 -26.10929 -26.12067 -26.12108 -26.24916 -26.18984 -25.88881
 -26.33078 -26.33217 -26.33234 -26.33210 -26.33217 -26.33219 -26.33215 -26.33217
 -26.33225 -26.33191 -26.33217 -26.33381 -26.33449 -26.33454 -26.33703 -26.34244
 -26.34657 -26.35184 -26.37343 -26.38480 -26.38521 -26.51330 -26.45398 -26.15295
 -26.66356 -26.66495 -26.66511 -26.66488 -26.66495 -26.66496 -26.66492 -26.66495
 -26.66502 -26.66468 -26.66495 -26.66659 -26.66726 -26.66731 -26.66980 -26.67522
 -26.67934 -26.68461 -26.70620 -26.71758 -26.71799 -26.84607 -26.78675 -26.48572
 -26.88275 -26.88414 -26.88431 -26.88407 -26.88414 -26.88415 -26.88411 -26.88414
 -26.88421 -26.88388 -26.88414 -26.88578 -26.88645 -26.88650 -26.88900 -26.89441
 -26.89854 -26.90380 -26.92539 -26.93677 -26.93718 -27.06526 -27.00594 -26.70491
 -27.11510 -27.11649 -27.11666 -27.11642 -27.11649 -27.11651 -27.11647 -27.11649
 -27.11657 -27.11623 -27.11649 -27.11813 -27.11881 -27.11886 -27.12135 -27.12676
 -27.13089 -27.13616 -27.15774 -27.16912 -27.16953 -27.29762 -27.23829 -26.93726
 -27.37924 -27.38063 -27.38080 -27.38056 -27.38063 -27.38064 -27.38060 -27.38063
 -27.38070 -27.38037 -27.38063 -27.38227 -27.38294 -27.38299 -27.38549 -27.39090
 -27.39503 -27.40029 -27.42188 -27.43326 -27.43367 -27.56175 -27.50243 -27.20140
---------------------/ IGRD= 3  / IPRT= 0  /--------/ Z1= 1   / DATE= 04/11/99
 -26.65301 -26.95476 -27.25496 -27.65321 -27.95523 -28.25538 -28.65231 -28.95222
 -29.24971 -29.64394 -29.94424 -30.24585 -30.65179 -30.96356 -31.27585 -31.69319
 -32.00862 -32.31937 -32.74295 -33.03854 -33.29443 -33.83633 -33.96302 -33.66199
 -26.65290 -26.95464 -27.25501 -27.65199 -27.95257 -28.25308 -28.65567 -28.96508
 -29.27653 -29.68965 -29.99591 -30.28744 -30.64726 -30.90038 -31.13900 -31.44342
 -31.66710 -31.88316 -32.16856 -32.35641 -32.50237 -32.80399 -32.80957 -32.50854
 -26.65259 -26.95436 -27.25443 -27.65083 -27.95032 -28.24566 -28.61378 -28.86331
 -29.08065 -29.32080 -29.46585 -29.57588 -29.66875 -29.70439 -29.71766 -29.71634
 -29.70677 -29.69248 -29.68550 -29.67263 -29.64737 -29.77652 -29.72935 -29.42832
 -26.64635 -26.94064 -27.22595 -27.57330 -27.80379 -28.00056 -28.19909 -28.29896
 -28.35713 -28.38668 -28.38751 -28.38100 -28.37283 -28.37064 -28.37177 -28.37735
 -28.38243 -28.38818 -28.41281 -28.42327 -28.42047 -28.60760 -28.59167 -28.29064
 -26.57399 -26.80826 -27.00595 -27.19728 -27.28705 -27.33575 -27.36020 -27.36441
 -27.36608 -27.37032 -27.37532 -27.38013 -27.38419 -27.38583 -27.38741 -27.38902
 -27.39050 -27.39581 -27.42540 -27.44308 -27.45434 -27.70279 -27.72260 -27.42157
 -26.29557 -26.40508 -26.47070 -26.51501 -26.53103 -26.53912 -26.54534 -26.54880
 -26.55080 -26.55130 -26.55070 -26.55013 -26.55112 -26.55288 -26.55470 -26.56036
 -26.56841 -26.58249 -26.63180 -26.67242 -26.71472 -27.02566 -27.07450 -26.77347
 -26.00297 -26.05371 -26.08243 -26.10208 -26.10946 -26.11313 -26.11516 -26.11556
 -26.11540 -26.11634 -26.11771 -26.11846 -26.11975 -26.12170 -26.12489 -26.13366
 -26.14562 -26.16630 -26.22898 -26.28325 -26.34249 -26.68162 -26.74234 -26.44131
 -25.61763 -25.63818 -25.65002 -25.65778 -25.66018 -25.66165 -25.66403 -25.66552
 -25.66562 -25.66693 -25.66855 -25.66868 -25.66941 -25.67183 -25.67638 -25.68990
 -25.70797 -25.73671 -25.81598 -25.88678 -25.96282 -26.31795 -26.38270 -26.08167
 -25.25986 -25.26968 -25.27558 -25.28007 -25.28200 -25.28327 -25.28402 -25.28436
 -25.28509 -25.28640 -25.28758 -25.28908 -25.29164 -25.29457 -25.29976 -25.31565
 -25.33755 -25.37236 -25.46215 -25.54272 -25.62611 -25.95424 -25.99733 -25.69630
 -25.09136 -25.09852 -25.10274 -25.10623 -25.10795 -25.10887 -25.10955 -25.11003
 -25.11064 -25.11193 -25.11330 -25.11489 -25.11761 -25.12098 -25.12692 -25.14368
 -25.16635 -25.20231 -25.29142 -25.37032 -25.44953 -25.74085 -25.76034 -25.45931
 -24.95647 -24.96166 -24.96463 -24.96782 -24.96965 -24.96996 -24.96974 -24.97043
 -24.97216 -24.97334 -24.97375 -24.97554 -24.97830 -24.98153 -24.98834 -25.00479
 -25.02605 -25.06094 -25.14632 -25.21959 -25.28849 -25.54010 -25.53699 -25.23596
 -24.84461 -24.84870 -24.85191 -24.85406 -24.85469 -24.85586 -24.85639 -24.85630
 -24.85722 -24.85842 -24.85949 -24.86165 -24.86343 -24.86569 -24.87266 -24.88930
 -24.90977 -24.94264 -25.02015 -25.08351 -25.13917 -25.35722 -25.33683 -25.03580
 -24.78629 -24.79020 -24.79442 -24.79664 -24.79652 -24.79796 -24.79917 -24.79886
 -24.79888 -24.80003 -24.80159 -24.80336 -24.80542 -24.80794 -24.81349 -24.82940
 -24.84989 -24.88054 -24.95148 -25.00823 -25.05623 -25.25744 -25.22870 -24.92767
 -24.73097 -24.73457 -24.73781 -24.74065 -24.74154 -24.74181 -24.74154 -24.74180
 -24.74324 -24.74412 -24.74414 -24.74536 -24.74843 -24.75186 -24.75715 -24.77020
 -24.78724 -24.81419 -24.87911 -24.93000 -24.97025 -25.15365 -25.11609 -24.81506
 -24.69597 -24.69905 -24.70151 -24.70288 -24.70315 -24.70416 -24.70466 -24.70441
 -24.70487 -24.70595 -24.70687 -24.70814 -24.71057 -24.71343 -24.71810 -24.73063
 -24.74629 -24.76955 -24.82834 -24.87290 -24.90333 -25.07219 -25.02936 -24.72833
 -24.69066 -24.69336 -24.69462 -24.69660 -24.69795 -24.69777 -24.69759 -24.69849
 -24.69974 -24.69991 -24.69957 -24.70063 -24.70342 -24.70641 -24.71100 -24.72296
 -24.73761 -24.75905 -24.81302 -24.85294 -24.87933 -25.04254 -24.99733 -24.69630
 -24.68886 -24.69159 -24.69295 -24.69414 -24.69485 -24.69526 -24.69648 -24.69739
 -24.69720 -24.69721 -24.69815 -24.69954 -24.70130 -24.70362 -24.70856 -24.71970
 -24.73241 -24.75178 -24.80167 -24.83860 -24.86362 -25.02212 -24.97385 -24.67282
 -24.70168 -24.70480 -24.70744 -24.70822 -24.70799 -24.70956 -24.71067 -24.71012
 -24.71001 -24.71052 -24.71133 -24.71264 -24.71471 -24.71697 -24.72099 -24.73146
 -24.74339 -24.76005 -24.80584 -24.83953 -24.86042 -25.01586 -24.96742 -24.66639
 -24.66714 -24.67044 -24.67315 -24.67485 -24.67518 -24.67592 -24.67697 -24.67742
 -24.67752 -24.67708 -24.67705 -24.67820 -24.68081 -24.68320 -24.68644 -24.69599
 -24.70743 -24.72296 -24.76578 -24.79647 -24.81447 -24.96759 -24.91873 -24.61770
 -24.79944 -24.80252 -24.80403 -24.80584 -24.80696 -24.80688 -24.80780 -24.80919
 -24.80941 -24.80892 -24.80919 -24.81056 -24.81222 -24.81369 -24.81714 -24.82647
 -24.83692 -24.85161 -24.89376 -24.92380 -24.94061 -25.09281 -25.04391 -24.74288
 -25.13222 -25.13530 -25.13681 -25.13862 -25.13973 -25.13965 -25.14058 -25.14196
 -25.14219 -25.14169 -25.14196 -25.14334 -25.14499 -25.14646 -25.14991 -25.15924
 -25.16969 -25.18438 -25.22653 -25.25658 -25.27338 -25.42558 -25.37668 -25.07565
 -25.35141 -25.35449 -25.35600 -25.35781 -25.35892 -25.35884 -25.35977 -25.36115
 -25.36138 -25.36089 -25.36115 -25.36253 -25.36418 -25.36565 -25.36910 -25.37843
 -25.38888 -25.40357 -25.44573 -25.47577 -25.49258 -25.64477 -25.59588 -25.29485
 -25.58376 -25.58684 -25.58835 -25.59016 -25.59127 -25.59120 -25.59212 -25.59351
 -25.59373 -25.59324 -25.59351 -25.59488 -25.59654 -25.59801 -25.60146 -25.61079
 -25.62124 -25.63592 -25.67808 -25.70812 -25.72493 -25.87712 -25.82823 -25.52720
 -25.84790 -25.85098 -25.85249 -25.85430 -25.85541 -25.85533 -25.85626 -25.85764
 -25.85787 -25.85738 -25.85764 -25.85902 -25.86067 -25.86214 -25.86559 -25.87492
 -25.88537 -25.90006 -25.94222 -25.97226 -25.98907 -26.14126 -26.09237 -25.79134
 -26.03531 -26.03839 -26.03990 -26.04171 -26.04282 -26.04274 -26.04367 -26.04505
 -26.04528 -26.04478 -26.04505 -26.04643 -26.04808 -26.04955 -26.05300 -26.06233
 -26.07278 -26.08747 -26.12962 -26.15967 -26.17647 -26.32867 -26.27977 -25.97874
 -26.29944 -26.30252 -26.30403 -26.30584 -26.30696 -26.30688 -26.30780 -26.30919
 -26.30941 -26.30892 -26.30919 -26.31056 -26.31222 -26.31369 -26.31714 -26.32647
 -26.33692 -26.35161 -26.39376 -26.42380 -26.44061 -26.59281 -26.54391 -26.24288
 -26.63222 -26.63530 -26.63681 -26.63862 -26.63973 -26.63965 -26.64058 -26.64196
 -26.64219 -26.64169 -26.64196 -26.64334 -26.64499 -26.64646 -26.64991 -26.65924
 -26.66969 -26.68438 -26.72653 -26.75658 -26.77338 -26.92558 -26.87668 -26.57565
 -26.85141 -26.85449 -26.85600 -26.85781 -26.85892 -26.85884 -26.85977 -26.86115
 -26.86138 -26.86089 -26.86115 -26.86253 -26.86418 -26.86565 -26.86910 -26.87843
 -26.88888 -26.90357 -26.94573 -26.97577 -26.99258 -27.14477 -27.09588 -26.79485
 -27.08376 -27.08684 -27.08835 -27.09016 -27.09127 -27.09120 -27.09212 -27.09351
 -27.09373 -27.09324 -27.09351 -27.09488 -27.09654 -27.09801 -27.10146 -27.11079
 -27.12124 -27.13592 -27.17808 -27.20812 -27.22493 -27.37712 -27.32823 -27.02720
 -27.34790 -27.35098 -27.35249 -27.35430 -27.35541 -27.35533 -27.35626 -27.35764
 -27.35787 -27.35738 -27.35764 -27.35902 -27.36067 -27.36214 -27.36559 -27.37492
 -27.38537 -27.40006 -27.44222 -27.47226 -27.48907 -27.64126 -27.59237 -27.29134
---------------------/ IGRD= 4  / IPRT= 0  /--------/ Z1= 1   / DATE= 04/11/99
 -24.33545 -24.63648 -24.93750 -25.33544 -25.63648 -25.93749 -26.33537 -26.63636
 -26.93735 -27.33500 -27.63538 -27.93535 -28.33250 -28.63485 -28.94021 -29.34946
 -29.65968 -29.96769 -30.38625 -30.67497 -30.92305 -31.46289 -31.59163 -31.29060
 -24.33530 -24.63633 -24.93739 -25.33533 -25.63634 -25.93742 -26.33560 -26.63679
 -26.93787 -27.33694 -27.64030 -27.94451 -28.34240 -28.63325 -28.90898 -29.24757
 -29.48401 -29.70588 -29.99003 -30.16859 -30.30155 -30.62432 -30.65100 -30.34997
 -24.33546 -24.63651 -24.93737 -25.33539 -25.63629 -25.93621 -26.33194 -26.62929
 -26.92178 -27.29409 -27.55461 -27.78526 -28.03188 -28.16884 -28.26240 -28.33173
 -28.35286 -28.35692 -28.36612 -28.36259 -28.34792 -28.52537 -28.50729 -28.20626
 -24.33505 -24.63584 -24.93646 -25.33274 -25.63067 -25.92571 -26.30698 -26.58086
 -26.83185 -27.10979 -27.26767 -27.37531 -27.45260 -27.47701 -27.48643 -27.49272
 -27.49676 -27.50060 -27.52212 -27.53006 -27.52474 -27.70963 -27.69323 -27.39220
 -24.33359 -24.63332 -24.93269 -25.32357 -25.61256 -25.89214 -26.22973 -26.44532
 -26.61461 -26.76156 -26.82298 -26.85636 -26.87791 -26.88661 -26.89235 -26.89744
 -26.89892 -26.89939 -26.91454 -26.91802 -26.91149 -27.10035 -27.08658 -26.78555
 -24.33145 -24.62899 -24.92354 -25.30215 -25.57206 -25.81714 -26.07979 -26.22158
 -26.31421 -26.38122 -26.40604 -26.41952 -26.42777 -26.43017 -26.43131 -26.43365
 -26.43546 -26.43760 -26.45745 -26.46572 -26.46493 -26.66978 -26.66462 -26.36359
 -24.32950 -24.62479 -24.91428 -25.27956 -25.53075 -25.74660 -25.95982 -26.06395
 -26.12614 -26.16825 -26.18342 -26.19071 -26.19538 -26.19746 -26.19859 -26.20108
 -26.20336 -26.20664 -26.23062 -26.24363 -26.24852 -26.46862 -26.47159 -26.17056
 -24.32533 -24.61609 -24.89704 -25.24036 -25.46359 -25.64102 -25.79856 -25.86648
 -25.90373 -25.92859 -25.93825 -25.94240 -25.94469 -25.94599 -25.94719 -25.95083
 -25.95487 -25.96127 -25.99379 -26.01667 -26.03434 -26.28285 -26.29974 -25.99871
 -24.31736 -24.60103 -24.86965 -25.18139 -25.36882 -25.50515 -25.61491 -25.65818
 -25.68104 -25.69612 -25.70191 -25.70417 -25.70584 -25.70717 -25.70842 -25.71417
 -25.72197 -25.73413 -25.78136 -25.82049 -25.85728 -26.14172 -26.17513 -25.87410
 -24.31169 -24.59028 -24.84989 -25.14133 -25.30869 -25.42483 -25.51395 -25.54777
 -25.56538 -25.57664 -25.58118 -25.58387 -25.58548 -25.58638 -25.58857 -25.59584
 -25.60576 -25.62310 -25.68090 -25.73121 -25.78263 -26.08601 -26.12577 -25.82474
 -24.30572 -24.57861 -24.82860 -25.10246 -25.25448 -25.35549 -25.42997 -25.45772
 -25.47201 -25.48111 -25.48473 -25.48669 -25.48775 -25.48895 -25.49228 -25.50115
 -25.51351 -25.53642 -25.60560 -25.66712 -25.73179 -26.05201 -26.09751 -25.79648
 -24.30062 -24.56919 -24.81218 -25.07056 -25.20869 -25.29841 -25.36312 -25.38672
 -25.39877 -25.40645 -25.40948 -25.41106 -25.41265 -25.41457 -25.41820 -25.42932
 -25.44510 -25.47240 -25.55345 -25.62779 -25.70520 -26.04264 -26.09486 -25.79383
 -24.29797 -24.56456 -24.80431 -25.05533 -25.18699 -25.27183 -25.33248 -25.35444
 -25.36582 -25.37312 -25.37586 -25.37726 -25.37913 -25.38148 -25.38542 -25.39811
 -25.41614 -25.44642 -25.53499 -25.61817 -25.70590 -26.05601 -26.11244 -25.81141
 -24.29519 -24.55920 -24.79461 -25.04034 -25.16877 -25.25000 -25.30702 -25.32785
 -25.33918 -25.34652 -25.34895 -25.35010 -25.35222 -25.35516 -25.35979 -25.37393
 -25.39406 -25.42809 -25.52633 -25.62011 -25.72006 -26.09007 -26.15494 -25.85391
 -24.29423 -24.55719 -24.79120 -25.03495 -25.16190 -25.24178 -25.29780 -25.31820
 -25.32876 -25.33546 -25.33799 -25.33948 -25.34176 -25.34472 -25.34974 -25.36497
 -25.38712 -25.42539 -25.53351 -25.63722 -25.74910 -26.14579 -26.22393 -25.92290
 -24.29521 -24.55861 -24.79316 -25.03767 -25.16523 -25.24567 -25.30187 -25.32212
 -25.33275 -25.33945 -25.34207 -25.34403 -25.34619 -25.34875 -25.35417 -25.37026
 -25.39282 -25.43163 -25.54343 -25.65219 -25.77044 -26.18286 -26.26909 -25.96806
 -24.29307 -24.55760 -24.79376 -25.03937 -25.16724 -25.24859 -25.30560 -25.32599
 -25.33693 -25.34389 -25.34649 -25.34848 -25.35086 -25.35349 -25.35862 -25.37470
 -25.39740 -25.43587 -25.54762 -25.65816 -25.78144 -26.20849 -26.30220 -26.00117
 -24.30323 -24.56772 -24.80420 -25.05167 -25.18132 -25.26362 -25.32177 -25.34295
 -25.35396 -25.36100 -25.36369 -25.36526 -25.36734 -25.37005 -25.37500 -25.39046
 -25.41226 -25.44945 -25.56095 -25.67166 -25.79478 -26.23125 -26.33175 -26.03072
 -24.26516 -24.52989 -24.76677 -25.01565 -25.14670 -25.22990 -25.28850 -25.30999
 -25.32166 -25.32890 -25.33125 -25.33270 -25.33483 -25.33757 -25.34251 -25.35689
 -25.37703 -25.41226 -25.52017 -25.62805 -25.74979 -26.18948 -26.29253 -25.99150
 -24.39377 -24.65924 -24.89700 -25.14635 -25.27745 -25.36107 -25.42020 -25.44185
 -25.45358 -25.46041 -25.46251 -25.46441 -25.46700 -25.46962 -25.47429 -25.48786
 -25.50704 -25.54097 -25.64553 -25.75064 -25.87138 -26.31252 -26.41665 -26.11562
 -24.72655 -24.99201 -25.22977 -25.47913 -25.61022 -25.69384 -25.75298 -25.77462
 -25.78635 -25.79319 -25.79529 -25.79718 -25.79977 -25.80240 -25.80706 -25.82063
 -25.83981 -25.87374 -25.97830 -26.08341 -26.20415 -26.64530 -26.74943 -26.44840
 -24.94574 -25.21120 -25.44896 -25.69832 -25.82941 -25.91303 -25.97217 -25.99382
 -26.00554 -26.01238 -26.01448 -26.01638 -26.01896 -26.02159 -26.02625 -26.03983
 -26.05901 -26.09293 -26.19749 -26.30260 -26.42334 -26.86449 -26.96862 -26.66759
 -25.17809 -25.44356 -25.68132 -25.93067 -26.06176 -26.14539 -26.20452 -26.22617
 -26.23789 -26.24473 -26.24683 -26.24873 -26.25131 -26.25394 -26.25860 -26.27218
 -26.29136 -26.32529 -26.42984 -26.53496 -26.65569 -27.09684 -27.20097 -26.89994
 -25.44223 -25.70769 -25.94545 -26.19481 -26.32590 -26.40952 -26.46866 -26.49031
 -26.50203 -26.50887 -26.51097 -26.51287 -26.51545 -26.51808 -26.52274 -26.53632
 -26.55550 -26.58942 -26.69398 -26.79909 -26.91983 -27.36098 -27.46511 -27.16408
 -25.62964 -25.89510 -26.13286 -26.38222 -26.51331 -26.59693 -26.65607 -26.67771
 -26.68944 -26.69628 -26.69838 -26.70027 -26.70286 -26.70549 -26.71015 -26.72372
 -26.74290 -26.77683 -26.88139 -26.98650 -27.10724 -27.54839 -27.65252 -27.35149
 -25.89377 -26.15924 -26.39700 -26.64635 -26.77745 -26.86107 -26.92020 -26.94185
 -26.95358 -26.96041 -26.96251 -26.96441 -26.96700 -26.96962 -26.97429 -26.98786
 -27.00704 -27.04097 -27.14553 -27.25064 -27.37138 -27.81252 -27.91665 -27.61562
 -26.22655 -26.49201 -26.72977 -26.97913 -27.11022 -27.19384 -27.25298 -27.27462
 -27.28635 -27.29319 -27.29529 -27.29718 -27.29977 -27.30240 -27.30706 -27.32063
 -27.33981 -27.37374 -27.47830 -27.58341 -27.70415 -28.14530 -28.24943 -27.94840
 -26.44574 -26.71120 -26.94896 -27.19832 -27.32941 -27.41303 -27.47217 -27.49382
 -27.50554 -27.51238 -27.51448 -27.51638 -27.51896 -27.52159 -27.52625 -27.53983
 -27.55901 -27.59293 -27.69749 -27.80260 -27.92334 -28.36449 -28.46862 -28.16759
 -26.67809 -26.94356 -27.18132 -27.43067 -27.56176 -27.64539 -27.70452 -27.72617
 -27.73789 -27.74473 -27.74683 -27.74873 -27.75131 -27.75394 -27.75860 -27.77218
 -27.79136 -27.82529 -27.92984 -28.03496 -28.15569 -28.59684 -28.70097 -28.39994
 -26.94223 -27.20769 -27.44545 -27.69481 -27.82590 -27.90952 -27.96866 -27.99031
 -28.00203 -28.00887 -28.01097 -28.01287 -28.01545 -28.01808 -28.02274 -28.03632
 -28.05550 -28.08942 -28.19398 -28.29909 -28.41983 -28.86098 -28.96511 -28.66408
---------------------/ IGRD= 1  / IPRT= 0  /--------/ Z1= 2   / DATE= 04/11/99
 -46.09895 -46.09895 -46.09895 -46.09895 -46.09895 -46.09895 -46.09895 -46.09896
 -46.09894 -46.09898 -46.09902 -46.09874 -46.09945 -46.10128 -46.10211 -46.10157
 -46.10180 -46.10464 -46.11336 -46.12581 -46.14936 -46.21499 -46.30549 -46.44149
 -37.84040 -37.84040 -37.84040 -37.84040 -37.84040 -37.84040 -37.84040 -37.84040
 -37.84041 -37.84040 -37.84040 -37.84043 -37.84035 -37.84012 -37.83984 -37.84030
 -37.84177 -37.84397 -37.85005 -37.86030 -37.87951 -37.93303 -38.00897 -38.12766
 -32.88623 -32.88623 -32.88623 -32.88623 -32.88623 -32.88623 -32.88623 -32.88623
 -32.88623 -32.88623 -32.88623 -32.88623 -32.88622 -32.88613 -32.88596 -32.88639
 -32.88756 -32.88897 -32.89347 -32.90195 -32.91769 -32.96260 -33.02796 -33.13170
 -30.62275 -30.62275 -30.62275 -30.62275 -30.62275 -30.62275 -30.62275 -30.62275
 -30.62273 -30.62277 -30.62280 -30.62258 -30.62314 -30.62459 -30.62533 -30.62485
 -30.62468 -30.62639 -30.63093 -30.63703 -30.65101 -30.69177 -30.74924 -30.84145
 -28.94031 -28.94031 -28.94031 -28.94031 -28.94031 -28.94031 -28.94031 -28.94031
 -28.94031 -28.94030 -28.94029 -28.94036 -28.94020 -28.94020 -28.94163 -28.94343
 -28.94319 -28.94372 -28.94781 -28.95444 -28.96545 -28.99816 -29.04794 -29.12764
 -27.61662 -27.61662 -27.61662 -27.61662 -27.61662 -27.61662 -27.61662 -27.61662
 -27.61662 -27.61662 -27.61661 -27.61666 -27.61654 -27.61634 -27.61666 -27.61734
 -27.61756 -27.61814 -27.62091 -27.62571 -27.63408 -27.65950 -27.69828 -27.76065
 -26.93884 -26.93884 -26.93884 -26.93884 -26.93884 -26.93884 -26.93884 -26.93884
 -26.93884 -26.93884 -26.93885 -26.93882 -26.93888 -26.93895 -26.93874 -26.93897
 -26.93984 -26.94012 -26.94168 -26.94583 -26.95240 -26.97241 -27.00378 -27.05396
 -26.22136 -26.22136 -26.22136 -26.22136 -26.22136 -26.22136 -26.22136 -26.22136
 -26.22136 -26.22136 -26.22137 -26.22135 -26.22138 -26.22139 -26.22121 -26.22137
 -26.22204 -26.22232 -26.22338 -26.22613 -26.23076 -26.24547 -26.26854 -26.30534
 -25.59048 -25.59048 -25.59048 -25.59048 -25.59048 -25.59048 -25.59048 -25.59048
 -25.59048 -25.59047 -25.59047 -25.59051 -25.59040 -25.59032 -25.59108 -25.59227
 -25.59222 -25.59178 -25.59256 -25.59528 -25.59975 -25.61305 -25.63276 -25.66237
 -25.30021 -25.30021 -25.30021 -25.30021 -25.30021 -25.30021 -25.30021 -25.30021
 -25.30021 -25.30021 -25.30021 -25.30021 -25.30021 -25.30021 -25.30021 -25.30008
 -25.30003 -25.30062 -25.30280 -25.30588 -25.31124 -25.32584 -25.34494 -25.37150
 -25.07933 -25.07933 -25.07933 -25.07933 -25.07933 -25.07933 -25.07933 -25.07933
 -25.07933 -25.07933 -25.07933 -25.07933 -25.07933 -25.07933 -25.07931 -25.07925
 -25.07940 -25.08028 -25.08314 -25.08718 -25.09391 -25.11057 -25.13049 -25.15591
 -24.91268 -24.91268 -24.91268 -24.91268 -24.91268 -24.91268 -24.91269 -24.91269
 -24.91268 -24.91269 -24.91269 -24.91266 -24.91274 -24.91285 -24.91267 -24.91332
 -24.91529 -24.91756 -24.92009 -24.92320 -24.93148 -24.95188 -24.97279 -24.99757
 -24.83850 -24.83850 -24.83850 -24.83850 -24.83850 -24.83850 -24.83849 -24.83849
 -24.83850 -24.83849 -24.83849 -24.83851 -24.83846 -24.83831 -24.83808 -24.83848
 -24.83969 -24.84114 -24.84416 -24.84909 -24.85850 -24.87970 -24.90141 -24.92597
 -24.77238 -24.77238 -24.77238 -24.77238 -24.77238 -24.77238 -24.77238 -24.77238
 -24.77237 -24.77240 -24.77242 -24.77225 -24.77268 -24.77383 -24.77444 -24.77388
 -24.77342 -24.77478 -24.77970 -24.78585 -24.79571 -24.81668 -24.83831 -24.86317
 -24.73395 -24.73395 -24.73395 -24.73395 -24.73395 -24.73395 -24.73395 -24.73395
 -24.73394 -24.73395 -24.73395 -24.73392 -24.73400 -24.73414 -24.73398 -24.73447
 -24.73590 -24.73703 -24.74048 -24.74736 -24.75854 -24.78049 -24.80228 -24.82824
 -24.72820 -24.72820 -24.72820 -24.72820 -24.72820 -24.72820 -24.72820 -24.72820
 -24.72820 -24.72820 -24.72820 -24.72819 -24.72823 -24.72827 -24.72805 -24.72859
 -24.73007 -24.73112 -24.73444 -24.74133 -24.75242 -24.77411 -24.79567 -24.82125
 -24.73630 -24.73630 -24.73630 -24.73630 -24.73630 -24.73630 -24.73630 -24.73630
 -24.73630 -24.73630 -24.73630 -24.73628 -24.73634 -24.73638 -24.73609 -24.73660
 -24.73818 -24.73920 -24.74283 -24.75001 -24.75987 -24.78104 -24.80484 -24.83107
 -24.75440 -24.75440 -24.75440 -24.75440 -24.75440 -24.75440 -24.75440 -24.75440
 -24.75441 -24.75439 -24.75438 -24.75446 -24.75428 -24.75416 -24.75529 -24.75711
 -24.75730 -24.75747 -24.76078 -24.76737 -24.77734 -24.79946 -24.82341 -24.84838
 -24.77072 -24.77072 -24.77072 -24.77072 -24.77072 -24.77072 -24.77072 -24.77072
 -24.77072 -24.77071 -24.77071 -24.77076 -24.77063 -24.77055 -24.77139 -24.77226
 -24.77201 -24.77331 -24.77747 -24.78238 -24.79140 -24.81353 -24.83697 -24.86076
 -24.79640 -24.79640 -24.79640 -24.79640 -24.79640 -24.79640 -24.79640 -24.79640
 -24.79640 -24.79640 -24.79640 -24.79640 -24.79640 -24.79640 -24.79639 -24.79591
 -24.79557 -24.79695 -24.80182 -24.80754 -24.81589 -24.83459 -24.85550 -24.87969
 -24.82626 -24.82626 -24.82626 -24.82626 -24.82626 -24.82626 -24.82626 -24.82626
 -24.82625 -24.82626 -24.82626 -24.82624 -24.82630 -24.82634 -24.82600 -24.82689
 -24.82891 -24.82908 -24.83010 -24.83562 -24.84475 -24.86326 -24.88239 -24.90455
 -24.84969 -24.84969 -24.84969 -24.84969 -24.84969 -24.84969 -24.84969 -24.84969
 -24.84969 -24.84969 -24.84969 -24.84970 -24.84968 -24.84967 -24.84976 -24.84955
 -24.84935 -24.85059 -24.85371 -24.85707 -24.86391 -24.88060 -24.89832 -24.91860
 -24.86039 -24.86039 -24.86039 -24.86039 -24.86039 -24.86039 -24.86039 -24.86039
 -24.86039 -24.86039 -24.86038 -24.86039 -24.86038 -24.86037 -24.86044 -24.86026
 -24.86014 -24.86134 -24.86481 -24.86857 -24.87450 -24.88949 -24.90652 -24.92442
 -25.12178 -25.12178 -25.12178 -25.12178 -25.12178 -25.12178 -25.12178 -25.12178
 -25.12178 -25.12178 -25.12178 -25.12179 -25.12177 -25.12176 -25.12183 -25.12166
 -25.12155 -25.12275 -25.12621 -25.12998 -25.13591 -25.15089 -25.16791 -25.18578
 -25.30919 -25.30919 -25.30919 -25.30919 -25.30919 -25.30919 -25.30919 -25.30919
 -25.30919 -25.30919 -25.30919 -25.30919 -25.30918 -25.30917 -25.30924 -25.30907
 -25.30896 -25.31016 -25.31362 -25.31739 -25.32332 -25.33830 -25.35532 -25.37319
 -25.57333 -25.57333 -25.57333 -25.57333 -25.57333 -25.57333 -25.57333 -25.57333
 -25.57333 -25.57333 -25.57333 -25.57333 -25.57332 -25.57331 -25.57338 -25.57321
 -25.57310 -25.57429 -25.57776 -25.58153 -25.58745 -25.60243 -25.61945 -25.63733
 -25.90610 -25.90610 -25.90610 -25.90610 -25.90610 -25.90610 -25.90610 -25.90610
 -25.90610 -25.90610 -25.90610 -25.90610 -25.90609 -25.90608 -25.90615 -25.90598
 -25.90587 -25.90707 -25.91053 -25.91430 -25.92023 -25.93521 -25.95223 -25.97010
 -26.12529 -26.12529 -26.12529 -26.12529 -26.12529 -26.12529 -26.12529 -26.12529
 -26.12529 -26.12529 -26.12529 -26.12530 -26.12528 -26.12528 -26.12534 -26.12517
 -26.12506 -26.12626 -26.12972 -26.13349 -26.13942 -26.15440 -26.17142 -26.18930
 -26.35764 -26.35764 -26.35764 -26.35764 -26.35764 -26.35764 -26.35764 -26.35764
 -26.35764 -26.35764 -26.35764 -26.35765 -26.35764 -26.35763 -26.35770 -26.35753
 -26.35742 -26.35861 -26.36208 -26.36584 -26.37177 -26.38675 -26.40377 -26.42165
 -26.62178 -26.62178 -26.62178 -26.62178 -26.62178 -26.62178 -26.62178 -26.62178
 -26.62178 -26.62178 -26.62178 -26.62179 -26.62177 -26.62176 -26.62183 -26.62166
 -26.62155 -26.62275 -26.62621 -26.62998 -26.63591 -26.65089 -26.66791 -26.68578
---------------------/ IGRD= 2  / IPRT= 0  /--------/ Z1= 2   / DATE= 04/11/99
 -24.03121 -24.33296 -24.63506 -25.03327 -25.33343 -25.63479 -26.03329 -26.33344
 -26.63478 -27.03333 -27.33350 -27.63496 -28.03346 -28.33317 -28.63381 -29.03084
 -29.32968 -29.63078 -30.03282 -30.33907 -30.64827 -31.05809 -31.36447 -31.66565
 -24.01609 -24.31785 -24.61999 -25.01814 -25.31823 -25.61979 -26.01848 -26.31841
 -26.61976 -27.01827 -27.31781 -27.61805 -28.01649 -28.31878 -28.62322 -29.02689
 -29.32727 -29.61425 -29.95461 -30.17415 -30.36573 -30.59476 -30.76716 -30.95345
 -24.01920 -24.32090 -24.62285 -25.02135 -25.32177 -25.62141 -26.01793 -26.31871
 -26.61857 -27.01082 -27.30209 -27.58564 -27.93266 -28.15733 -28.33585 -28.49700
 -28.57105 -28.61848 -28.65674 -28.67664 -28.69756 -28.74350 -28.80691 -28.90945
 -24.01887 -24.32066 -24.62293 -25.02069 -25.31940 -25.61844 -26.01203 -26.30464
 -26.59013 -26.94435 -27.18026 -27.37402 -27.55451 -27.63666 -27.68411 -27.71450
 -27.72603 -27.73380 -27.74188 -27.74922 -27.76372 -27.80380 -27.86043 -27.95405
 -24.01865 -24.31994 -24.62122 -25.01705 -25.31318 -25.60658 -25.98284 -26.24811
 -26.48509 -26.73433 -26.86502 -26.94989 -27.01060 -27.03293 -27.04260 -27.04784
 -27.05197 -27.05551 -27.06022 -27.06650 -27.07845 -27.11284 -27.16328 -27.24580
 -24.01812 -24.31825 -24.61754 -25.00825 -25.29574 -25.57130 -25.90220 -26.11210
 -26.27394 -26.41171 -26.46828 -26.49851 -26.51740 -26.52477 -26.52820 -26.53049
 -26.53244 -26.53339 -26.53556 -26.54076 -26.55010 -26.57770 -26.61954 -26.68743
 -24.01680 -24.31572 -24.61253 -24.99679 -25.27477 -25.53315 -25.82426 -25.99157
 -26.10713 -26.19395 -26.22762 -26.24591 -26.25759 -26.26145 -26.26322 -26.26423
 -26.26478 -26.26579 -26.26871 -26.27308 -26.28091 -26.30366 -26.33772 -26.39374
 -24.01533 -24.31155 -24.60267 -24.97277 -25.23184 -25.45919 -25.69052 -25.80628
 -25.87822 -25.92759 -25.94594 -25.95473 -25.95966 -25.96188 -25.96267 -25.96339
 -25.96481 -25.96567 -25.96645 -25.96853 -25.97365 -25.99098 -26.01708 -26.05821
 -24.01080 -24.30118 -24.58157 -24.92456 -25.14883 -25.32713 -25.48523 -25.55362
 -25.59251 -25.61795 -25.62713 -25.63110 -25.63310 -25.63426 -25.63442 -25.63479
 -25.63611 -25.63634 -25.63673 -25.63972 -25.64564 -25.66225 -25.68487 -25.71782
 -24.00551 -24.29029 -24.56091 -24.88017 -25.07692 -25.22313 -25.34235 -25.39043
 -25.41683 -25.43320 -25.43826 -25.44113 -25.44351 -25.44417 -25.44418 -25.44444
 -25.44523 -25.44572 -25.44776 -25.45219 -25.45932 -25.47840 -25.50412 -25.53998
 -23.99784 -24.27608 -24.53613 -24.83051 -24.99989 -25.11832 -25.20883 -25.24369
 -25.26221 -25.27388 -25.27789 -25.27971 -25.28065 -25.28112 -25.28161 -25.28218
 -25.28260 -25.28367 -25.28745 -25.29341 -25.30350 -25.32758 -25.35690 -25.39717
 -23.98993 -24.26137 -24.50994 -24.78113 -24.92874 -25.02623 -25.09649 -25.12325
 -25.13729 -25.14594 -25.14902 -25.15062 -25.15158 -25.15190 -25.15226 -25.15272
 -25.15322 -25.15480 -25.15988 -25.16741 -25.18031 -25.20979 -25.24393 -25.28944
 -23.98604 -24.25336 -24.49460 -24.75208 -24.88871 -24.97762 -25.04071 -25.06412
 -25.07631 -25.08392 -25.08658 -25.08790 -25.08864 -25.08892 -25.08932 -25.08995
 -25.09064 -25.09238 -25.09804 -25.10658 -25.12086 -25.15341 -25.19090 -25.23940
 -23.98109 -24.24425 -24.47890 -24.72416 -24.85076 -24.93215 -24.98929 -25.00983
 -25.02039 -25.02680 -25.02873 -25.02989 -25.03077 -25.03097 -25.03139 -25.03227
 -25.03318 -25.03515 -25.04147 -25.05101 -25.06656 -25.10196 -25.14279 -25.19463
 -23.97818 -24.23894 -24.47028 -24.70965 -24.83137 -24.90924 -24.96238 -24.97969
 -24.98967 -24.99797 -25.00050 -25.00089 -25.00054 -25.00086 -25.00138 -25.00228
 -25.00349 -25.00578 -25.01232 -25.02206 -25.03853 -25.07609 -25.11899 -25.17374
 -23.97829 -24.23895 -24.47003 -24.70967 -24.83156 -24.90693 -24.95799 -24.97817
 -24.99022 -24.99634 -24.99567 -24.99722 -25.00067 -25.00041 -24.99990 -25.00039
 -25.00163 -25.00391 -25.01054 -25.02057 -25.03711 -25.07470 -25.11827 -25.17460
 -23.97930 -24.24044 -24.47165 -24.71116 -24.83352 -24.91102 -24.96527 -24.98578
 -24.99636 -25.00248 -25.00443 -25.00544 -25.00630 -25.00679 -25.00699 -25.00754
 -25.00884 -25.01107 -25.01723 -25.02668 -25.04284 -25.08026 -25.12384 -25.18066
 -23.98070 -24.24305 -24.47688 -24.72079 -24.84618 -24.92675 -24.98298 -25.00261
 -25.01268 -25.01929 -25.02156 -25.02250 -25.02295 -25.02333 -25.02389 -25.02468
 -25.02549 -25.02753 -25.03362 -25.04255 -25.05800 -25.09424 -25.13678 -25.19258
 -23.98175 -24.24558 -24.48184 -24.73006 -24.85876 -24.94190 -24.99976 -25.01958
 -25.03002 -25.03698 -25.03901 -25.04024 -25.04126 -25.04140 -25.04171 -25.04240
 -25.04316 -25.04500 -25.05063 -25.05911 -25.07389 -25.10905 -25.15086 -25.20614
 -23.98514 -24.25135 -24.49145 -24.74645 -24.88034 -24.96721 -25.02859 -25.05084
 -25.06238 -25.06981 -25.07245 -25.07361 -25.07432 -25.07486 -25.07525 -25.07562
 -25.07626 -25.07794 -25.08296 -25.09059 -25.10425 -25.13763 -25.17803 -25.23221
 -23.98806 -24.25684 -24.50035 -24.76448 -24.90858 -25.00220 -25.06783 -25.09301
 -25.10636 -25.11426 -25.11670 -25.11807 -25.11913 -25.11944 -25.11973 -25.12027
 -25.12093 -25.12224 -25.12641 -25.13319 -25.14532 -25.17595 -25.21407 -25.26554
 -23.98773 -24.25891 -24.50714 -24.77752 -24.92473 -25.02337 -25.09559 -25.12235
 -25.13600 -25.14432 -25.14739 -25.14909 -25.15014 -25.15045 -25.15083 -25.15122
 -25.15148 -25.15281 -25.15700 -25.16299 -25.17375 -25.20184 -25.23783 -25.28775
 -23.97494 -24.24824 -24.49948 -24.77618 -24.92973 -25.03400 -25.11113 -25.13996
 -25.15507 -25.16456 -25.16785 -25.16962 -25.17086 -25.17124 -25.17123 -25.17144
 -25.17225 -25.17337 -25.17665 -25.18215 -25.19169 -25.21738 -25.25141 -25.29867
 -24.23606 -24.50939 -24.76065 -25.03743 -25.19107 -25.29541 -25.37259 -25.40145
 -25.41658 -25.42608 -25.42937 -25.43114 -25.43239 -25.43276 -25.43275 -25.43296
 -25.43378 -25.43490 -25.43816 -25.44365 -25.45318 -25.47884 -25.51286 -25.56008
 -24.42347 -24.69680 -24.94806 -25.22484 -25.37848 -25.48282 -25.56000 -25.58886
 -25.60398 -25.61349 -25.61678 -25.61855 -25.61979 -25.62017 -25.62016 -25.62037
 -25.62119 -25.62231 -25.62557 -25.63106 -25.64059 -25.66625 -25.70027 -25.74749
 -24.68760 -24.96093 -25.21220 -25.48897 -25.64262 -25.74695 -25.82413 -25.85299
 -25.86812 -25.87763 -25.88092 -25.88269 -25.88393 -25.88431 -25.88430 -25.88451
 -25.88532 -25.88645 -25.88971 -25.89520 -25.90472 -25.93039 -25.96440 -26.01162
 -25.02038 -25.29371 -25.54497 -25.82175 -25.97539 -26.07973 -26.15691 -26.18577
 -26.20089 -26.21040 -26.21369 -26.21546 -26.21670 -26.21708 -26.21707 -26.21728
 -26.21810 -26.21922 -26.22248 -26.22797 -26.23750 -26.26316 -26.29718 -26.34440
 -25.23957 -25.51290 -25.76416 -26.04094 -26.19458 -26.29892 -26.37610 -26.40496
 -26.42009 -26.42959 -26.43288 -26.43465 -26.43590 -26.43627 -26.43626 -26.43647
 -26.43729 -26.43841 -26.44167 -26.44716 -26.45669 -26.48235 -26.51637 -26.56359
 -25.47192 -25.74525 -25.99652 -26.27329 -26.42694 -26.53127 -26.60845 -26.63731
 -26.65244 -26.66195 -26.66523 -26.66701 -26.66825 -26.66863 -26.66861 -26.66883
 -26.66964 -26.67076 -26.67403 -26.67951 -26.68904 -26.71471 -26.74872 -26.79594
 -25.73606 -26.00939 -26.26065 -26.53743 -26.69107 -26.79541 -26.87259 -26.90145
 -26.91658 -26.92608 -26.92937 -26.93114 -26.93239 -26.93276 -26.93275 -26.93296
 -26.93378 -26.93490 -26.93816 -26.94365 -26.95318 -26.97884 -27.01286 -27.06008
---------------------/ IGRD= 1  / IPRT= 0  /--------/ Z1= 3   / DATE= 04/11/99
 -38.09206 -38.09206 -38.09206 -38.09206 -38.09206 -38.09206 -38.09206 -38.09206
 -38.09206 -38.09206 -38.09208 -38.09207 -38.09200 -38.09231 -38.09277 -38.09283
 -38.09288 -38.09343 -38.09553 -38.09875 -38.10527 -38.12471 -38.15478 -38.20925
 -38.18011 -38.18011 -38.18011 -38.18011 -38.18011 -38.18011 -38.18011 -38.18011
 -38.18011 -38.18010 -38.18012 -38.18012 -38.18004 -38.18035 -38.18082 -38.18087
 -38.18092 -38.18148 -38.18358 -38.18679 -38.19332 -38.21275 -38.24283 -38.29729
 -35.49538 -35.49538 -35.49538 -35.49538 -35.49538 -35.49538 -35.49538 -35.49538
 -35.49538 -35.49538 -35.49538 -35.49538 -35.49538 -35.49540 -35.49554 -35.49604
 -35.49637 -35.49681 -35.49852 -35.50138 -35.50722 -35.52464 -35.55241 -35.60306
 -31.87163 -31.87163 -31.87163 -31.87163 -31.87163 -31.87163 -31.87163 -31.87163
 -31.87163 -31.87163 -31.87162 -31.87162 -31.87163 -31.87160 -31.87156 -31.87171
 -31.87209 -31.87272 -31.87409 -31.87654 -31.88172 -31.89673 -31.92022 -31.96388
 -29.77272 -29.77272 -29.77272 -29.77272 -29.77272 -29.77272 -29.77272 -29.77272
 -29.77272 -29.77272 -29.77271 -29.77271 -29.77272 -29.77270 -29.77273 -29.77279
 -29.77220 -29.77216 -29.77555 -29.77769 -29.78065 -29.79400 -29.81503 -29.85343
 -27.95621 -27.95621 -27.95621 -27.95621 -27.95621 -27.95621 -27.95621 -27.95621
 -27.95621 -27.95621 -27.95622 -27.95621 -27.95619 -27.95627 -27.95624 -27.95596
 -27.95717 -27.95894 -27.95927 -27.96055 -27.96470 -27.97616 -27.99246 -28.02401
 -27.09993 -27.09993 -27.09993 -27.09993 -27.09993 -27.09993 -27.09993 -27.09993
 -27.09993 -27.09993 -27.09993 -27.09993 -27.09992 -27.09997 -27.09995 -27.09976
 -27.10052 -27.10146 -27.10093 -27.10180 -27.10560 -27.11640 -27.13153 -27.15986
 -26.24711 -26.24711 -26.24711 -26.24711 -26.24711 -26.24711 -26.24711 -26.24711
 -26.24711 -26.24711 -26.24711 -26.24711 -26.24711 -26.24710 -26.24711 -26.24714
 -26.24699 -26.24657 -26.24615 -26.24774 -26.25173 -26.26096 -26.27360 -26.29735
 -25.58860 -25.58860 -25.58860 -25.58860 -25.58860 -25.58860 -25.58860 -25.58860
 -25.58860 -25.58860 -25.58860 -25.58860 -25.58860 -25.58860 -25.58860 -25.58861
 -25.58857 -25.58863 -25.58935 -25.59082 -25.59321 -25.59849 -25.60760 -25.62608
 -25.31012 -25.31012 -25.31012 -25.31012 -25.31012 -25.31012 -25.31012 -25.31012
 -25.31012 -25.31012 -25.31012 -25.31012 -25.31012 -25.31011 -25.31012 -25.31015
 -25.31002 -25.31001 -25.31084 -25.31154 -25.31259 -25.31658 -25.32356 -25.33725
 -25.10159 -25.10159 -25.10159 -25.10159 -25.10159 -25.10159 -25.10159 -25.10159
 -25.10159 -25.10159 -25.10159 -25.10159 -25.10158 -25.10159 -25.10159 -25.10156
 -25.10171 -25.10196 -25.10210 -25.10229 -25.10291 -25.10511 -25.10873 -25.11645
 -24.93551 -24.93551 -24.93551 -24.93551 -24.93551 -24.93551 -24.93551 -24.93551
 -24.93551 -24.93551 -24.93551 -24.93551 -24.93551 -24.93552 -24.93551 -24.93551
 -24.93553 -24.93556 -24.93555 -24.93559 -24.93559 -24.93552 -24.93672 -24.93961
 -24.85220 -24.85220 -24.85220 -24.85220 -24.85220 -24.85220 -24.85220 -24.85220
 -24.85220 -24.85220 -24.85220 -24.85220 -24.85220 -24.85220 -24.85220 -24.85220
 -24.85218 -24.85213 -24.85210 -24.85231 -24.85234 -24.85107 -24.84951 -24.84813
 -24.77359 -24.77359 -24.77359 -24.77359 -24.77359 -24.77359 -24.77359 -24.77359
 -24.77359 -24.77359 -24.77359 -24.77359 -24.77359 -24.77359 -24.77359 -24.77359
 -24.77361 -24.77362 -24.77355 -24.77337 -24.77259 -24.76956 -24.76584 -24.76096
 -24.72282 -24.72282 -24.72282 -24.72282 -24.72282 -24.72282 -24.72282 -24.72282
 -24.72282 -24.72282 -24.72282 -24.72282 -24.72282 -24.72282 -24.72282 -24.72284
 -24.72277 -24.72279 -24.72317 -24.72248 -24.72072 -24.71741 -24.71263 -24.70482
 -24.71410 -24.71410 -24.71410 -24.71410 -24.71410 -24.71410 -24.71410 -24.71410
 -24.71410 -24.71410 -24.71410 -24.71410 -24.71410 -24.71412 -24.71411 -24.71406
 -24.71426 -24.71419 -24.71264 -24.71210 -24.71198 -24.70926 -24.70350 -24.69400
 -24.71948 -24.71948 -24.71948 -24.71948 -24.71948 -24.71948 -24.71948 -24.71948
 -24.71948 -24.71948 -24.71948 -24.71948 -24.71948 -24.71949 -24.71949 -24.71946
 -24.71956 -24.71953 -24.71872 -24.71810 -24.71735 -24.71446 -24.70875 -24.69880
 -24.74225 -24.74225 -24.74225 -24.74225 -24.74225 -24.74225 -24.74225 -24.74225
 -24.74225 -24.74225 -24.74225 -24.74225 -24.74225 -24.74225 -24.74225 -24.74226
 -24.74220 -24.74222 -24.74250 -24.74180 -24.74011 -24.73679 -24.73136 -24.72079
 -24.76461 -24.76461 -24.76461 -24.76461 -24.76461 -24.76461 -24.76461 -24.76461
 -24.76461 -24.76461 -24.76461 -24.76461 -24.76461 -24.76462 -24.76462 -24.76457
 -24.76475 -24.76469 -24.76331 -24.76269 -24.76224 -24.75901 -24.75291 -24.74183
 -24.79990 -24.79990 -24.79990 -24.79990 -24.79990 -24.79990 -24.79990 -24.79990
 -24.79990 -24.79990 -24.79991 -24.79990 -24.79990 -24.79992 -24.79992 -24.79982
 -24.80019 -24.80006 -24.79739 -24.79678 -24.79718 -24.79394 -24.78747 -24.77619
 -24.84861 -24.84861 -24.84861 -24.84861 -24.84861 -24.84861 -24.84861 -24.84861
 -24.84861 -24.84861 -24.84861 -24.84861 -24.84861 -24.84863 -24.84862 -24.84853
 -24.84889 -24.84877 -24.84618 -24.84568 -24.84583 -24.84140 -24.83570 -24.82591
 -24.88327 -24.88327 -24.88327 -24.88327 -24.88327 -24.88327 -24.88327 -24.88327
 -24.88327 -24.88327 -24.88327 -24.88327 -24.88326 -24.88329 -24.88328 -24.88317
 -24.88358 -24.88344 -24.88038 -24.87933 -24.87954 -24.87705 -24.87187 -24.86158
 -24.91423 -24.91423 -24.91423 -24.91423 -24.91423 -24.91423 -24.91423 -24.91423
 -24.91423 -24.91423 -24.91423 -24.91423 -24.91423 -24.91424 -24.91423 -24.91419
 -24.91435 -24.91430 -24.91321 -24.91324 -24.91381 -24.91211 -24.90648 -24.89461
 -24.96245 -24.96245 -24.96245 -24.96245 -24.96245 -24.96245 -24.96245 -24.96245
 -24.96245 -24.96245 -24.96245 -24.96245 -24.96245 -24.96245 -24.96245 -24.96247
 -24.96238 -24.96241 -24.96278 -24.96147 -24.95907 -24.95631 -24.95152 -24.94108
 -24.95090 -24.95090 -24.95090 -24.95090 -24.95090 -24.95090 -24.95090 -24.95090
 -24.95090 -24.95090 -24.95090 -24.95090 -24.95090 -24.95090 -24.95090 -24.95089
 -24.95090 -24.95090 -24.95070 -24.95005 -24.94851 -24.94451 -24.94029 -24.93162
 -25.16868 -25.16868 -25.16868 -25.16868 -25.16868 -25.16868 -25.16868 -25.16868
 -25.16868 -25.16868 -25.16868 -25.16868 -25.16868 -25.16868 -25.16868 -25.16867
 -25.16871 -25.16870 -25.16833 -25.16814 -25.16720 -25.16289 -25.15870 -25.15036
 -25.50145 -25.50145 -25.50145 -25.50145 -25.50145 -25.50145 -25.50145 -25.50145
 -25.50145 -25.50145 -25.50145 -25.50145 -25.50145 -25.50145 -25.50145 -25.50144
 -25.50149 -25.50147 -25.50111 -25.50091 -25.49997 -25.49566 -25.49147 -25.48313
 -25.72064 -25.72064 -25.72064 -25.72064 -25.72064 -25.72064 -25.72064 -25.72064
 -25.72064 -25.72064 -25.72064 -25.72064 -25.72064 -25.72065 -25.72064 -25.72063
 -25.72068 -25.72066 -25.72030 -25.72010 -25.71916 -25.71485 -25.71066 -25.70232
 -25.95300 -25.95300 -25.95300 -25.95300 -25.95300 -25.95300 -25.95300 -25.95300
 -25.95300 -25.95300 -25.95300 -25.95300 -25.95299 -25.95300 -25.95300 -25.95298
 -25.95303 -25.95302 -25.95265 -25.95245 -25.95152 -25.94721 -25.94302 -25.93467
 -26.21713 -26.21713 -26.21713 -26.21713 -26.21713 -26.21713 -26.21713 -26.21713
 -26.21713 -26.21713 -26.21713 -26.21713 -26.21713 -26.21713 -26.21713 -26.21712
 -26.21717 -26.21715 -26.21679 -26.21659 -26.21565 -26.21134 -26.20715 -26.19881
---------------------/ IGRD= 2  / IPRT= 0  /--------/ Z1= 3   / DATE= 04/11/99
 -24.00106 -24.30103 -24.60013 -24.99729 -25.29871 -25.59996 -25.99718 -26.29835
 -26.59993 -26.99721 -27.29834 -27.59993 -27.99720 -28.29837 -28.59995 -28.99671
 -29.29699 -29.59746 -29.99206 -30.28672 -30.57632 -30.94649 -31.20826 -31.45138
 -24.08911 -24.38908 -24.68817 -25.08534 -25.38675 -25.68801 -26.08523 -26.38640
 -26.68798 -27.08526 -27.38638 -27.68798 -28.08525 -28.38642 -28.68800 -29.08476
 -29.38504 -29.68551 -30.08010 -30.37477 -30.66436 -31.03453 -31.29631 -31.53943
 -24.15095 -24.45092 -24.75001 -25.14713 -25.44852 -25.74978 -26.14707 -26.44822
 -26.74982 -27.14725 -27.44751 -27.74770 -28.14440 -28.44592 -28.74778 -29.14094
 -29.42510 -29.68680 -29.97993 -30.15469 -30.29421 -30.44568 -30.54936 -30.65721
 -24.14261 -24.44253 -24.74168 -25.13913 -25.44072 -25.74190 -26.13841 -26.43894
 -26.73963 -27.13431 -27.43152 -27.72415 -28.09027 -28.33678 -28.54584 -28.75542
 -28.86909 -28.95078 -29.01770 -29.04244 -29.05192 -29.05634 -29.06658 -29.09741
 -24.14579 -24.44591 -24.74500 -25.14165 -25.44208 -25.74165 -26.13478 -26.42945
 -26.71751 -27.07481 -27.31403 -27.51538 -27.71218 -27.81242 -27.87659 -27.91579
 -27.92269 -27.91995 -27.91417 -27.91518 -27.92273 -27.94233 -27.96907 -28.01403
 -24.14451 -24.44384 -24.74186 -25.13610 -25.43165 -25.72128 -26.08765 -26.34113
 -26.56054 -26.77755 -26.88346 -26.94757 -26.99111 -27.00651 -27.01416 -27.01840
 -27.02078 -27.02371 -27.02775 -27.02967 -27.03231 -27.04333 -27.06135 -27.09512
 -24.14216 -24.44032 -24.73648 -25.12555 -25.41063 -25.67939 -25.99479 -26.18641
 -26.32931 -26.44542 -26.49081 -26.51370 -26.52881 -26.53501 -26.53870 -26.54089
 -26.54145 -26.54185 -26.54306 -26.54440 -26.54746 -26.55847 -26.57579 -26.60741
 -24.13809 -24.43260 -24.72061 -25.08756 -25.34133 -25.56042 -25.77845 -25.88564
 -25.95042 -25.99319 -26.00853 -26.01699 -26.02183 -26.02290 -26.02304 -26.02328
 -26.02453 -26.02585 -26.02566 -26.02732 -26.03151 -26.03991 -26.05341 -26.08046
 -24.13202 -24.41742 -24.68500 -25.00112 -25.20007 -25.35333 -25.47667 -25.52605
 -25.55298 -25.57018 -25.57618 -25.57926 -25.58104 -25.58116 -25.58105 -25.58201
 -25.58260 -25.58285 -25.58372 -25.58481 -25.58704 -25.59439 -25.60583 -25.62711
 -24.12382 -24.40119 -24.65301 -24.93361 -25.09925 -25.21933 -25.30701 -25.33907
 -25.35624 -25.36697 -25.37074 -25.37270 -25.37365 -25.37404 -25.37449 -25.37501
 -25.37495 -25.37484 -25.37569 -25.37660 -25.37835 -25.38468 -25.39412 -25.41095
 -24.11258 -24.37939 -24.61413 -24.86090 -24.99730 -25.09057 -25.15353 -25.17547
 -25.18772 -25.19517 -25.19738 -25.19844 -25.19950 -25.20000 -25.20014 -25.19999
 -25.19991 -25.19999 -25.20039 -25.20119 -25.20288 -25.20764 -25.21466 -25.22740
 -24.09757 -24.35233 -24.56923 -24.78317 -24.89319 -24.96491 -25.01293 -25.02934
 -25.03797 -25.04321 -25.04472 -25.04537 -25.04614 -25.04636 -25.04627 -25.04629
 -25.04629 -25.04629 -25.04659 -25.04723 -25.04856 -25.05249 -25.05858 -25.06878
 -24.08558 -24.33260 -24.53953 -24.73734 -24.83504 -24.89656 -24.93681 -24.95046
 -24.95775 -24.96214 -24.96281 -24.96301 -24.96539 -24.96646 -24.96622 -24.96586
 -24.96575 -24.96579 -24.96613 -24.96578 -24.96622 -24.97147 -24.97665 -24.98436
 -24.07243 -24.31028 -24.50638 -24.68878 -24.77541 -24.82771 -24.86026 -24.87161
 -24.87826 -24.88147 -24.88141 -24.88127 -24.88319 -24.88355 -24.88308 -24.88466
 -24.88550 -24.88523 -24.88468 -24.88461 -24.88566 -24.89044 -24.89650 -24.90529
 -24.06352 -24.29463 -24.48210 -24.65114 -24.72863 -24.77514 -24.80657 -24.81619
 -24.82018 -24.82476 -24.82629 -24.82588 -24.82547 -24.82632 -24.82773 -24.82866
 -24.82854 -24.82859 -24.83040 -24.83176 -24.83367 -24.83995 -24.84642 -24.85407
 -24.05990 -24.29024 -24.47642 -24.64267 -24.71799 -24.76319 -24.79471 -24.80377
 -24.80683 -24.81219 -24.81404 -24.81319 -24.81267 -24.81427 -24.81633 -24.81625
 -24.81548 -24.81572 -24.81822 -24.81968 -24.82138 -24.82794 -24.83543 -24.84378
 -24.06054 -24.29037 -24.47663 -24.64436 -24.72085 -24.76600 -24.79536 -24.80538
 -24.81044 -24.81338 -24.81495 -24.81626 -24.81654 -24.81625 -24.81658 -24.81874
 -24.81932 -24.81922 -24.82131 -24.82275 -24.82451 -24.83101 -24.83796 -24.84586
 -24.06331 -24.29538 -24.48428 -24.65577 -24.73482 -24.78186 -24.81194 -24.82071
 -24.82469 -24.82971 -24.83152 -24.83118 -24.83074 -24.83186 -24.83358 -24.83420
 -24.83373 -24.83379 -24.83628 -24.83780 -24.83960 -24.84647 -24.85333 -24.86063
 -24.06643 -24.30049 -24.49171 -24.66653 -24.74787 -24.79656 -24.82767 -24.83741
 -24.84228 -24.84669 -24.84755 -24.84705 -24.84826 -24.84970 -24.85042 -24.84995
 -24.85057 -24.85205 -24.85296 -24.85349 -24.85569 -24.86323 -24.86944 -24.87578
 -24.07143 -24.30877 -24.50403 -24.68475 -24.77012 -24.82167 -24.85438 -24.86588
 -24.87245 -24.87560 -24.87521 -24.87504 -24.87862 -24.87989 -24.87903 -24.87883
 -24.87976 -24.88098 -24.88199 -24.88278 -24.88509 -24.89230 -24.89781 -24.90358
 -24.07804 -24.32013 -24.52119 -24.71044 -24.80188 -24.85817 -24.89404 -24.90628
 -24.91296 -24.91655 -24.91827 -24.91987 -24.92067 -24.92072 -24.92075 -24.92085
 -24.92042 -24.92047 -24.92360 -24.92619 -24.92809 -24.93118 -24.93573 -24.94281
 -24.08389 -24.32912 -24.53411 -24.72952 -24.82549 -24.88530 -24.92353 -24.93699
 -24.94456 -24.94802 -24.95031 -24.95286 -24.95305 -24.95263 -24.95271 -24.95274
 -24.95273 -24.95277 -24.95319 -24.95506 -24.95766 -24.96031 -24.96522 -24.97315
 -24.08595 -24.33516 -24.54533 -24.74916 -24.85160 -24.91678 -24.95866 -24.97122
 -24.97711 -24.98241 -24.98489 -24.98594 -24.98632 -24.98653 -24.98676 -24.98677
 -24.98681 -24.98678 -24.98639 -24.98683 -24.98815 -24.99091 -24.99508 -25.00106
 -24.09755 -24.35146 -24.56684 -24.77728 -24.88423 -24.95339 -24.99966 -25.01528
 -25.02330 -25.02838 -25.03013 -25.03096 -25.03143 -25.03153 -25.03152 -25.03151
 -25.03152 -25.03152 -25.03149 -25.03169 -25.03231 -25.03429 -25.03751 -25.04226
 -24.05327 -24.30971 -24.52896 -24.74677 -24.85960 -24.93331 -24.98216 -24.99888
 -25.00785 -25.01308 -25.01483 -25.01581 -25.01631 -25.01653 -25.01672 -25.01674
 -25.01673 -25.01673 -25.01669 -25.01684 -25.01730 -25.01870 -25.02153 -25.02590
 -24.26382 -24.52071 -24.74083 -24.96059 -25.07505 -25.15000 -25.19935 -25.21596
 -25.22484 -25.23027 -25.23212 -25.23308 -25.23356 -25.23385 -25.23415 -25.23419
 -25.23416 -25.23417 -25.23415 -25.23426 -25.23461 -25.23589 -25.23861 -25.24282
 -24.59659 -24.85348 -25.07360 -25.29336 -25.40782 -25.48277 -25.53212 -25.54873
 -25.55761 -25.56304 -25.56489 -25.56585 -25.56633 -25.56663 -25.56692 -25.56696
 -25.56693 -25.56694 -25.56692 -25.56703 -25.56738 -25.56866 -25.57138 -25.57559
 -24.81579 -25.07268 -25.29280 -25.51255 -25.62701 -25.70196 -25.75132 -25.76792
 -25.77680 -25.78223 -25.78409 -25.78504 -25.78553 -25.78582 -25.78611 -25.78615
 -25.78613 -25.78613 -25.78611 -25.78622 -25.78658 -25.78785 -25.79057 -25.79479
 -25.04814 -25.30503 -25.52515 -25.74491 -25.85937 -25.93432 -25.98367 -26.00028
 -26.00916 -26.01459 -26.01644 -26.01740 -26.01788 -26.01817 -26.01846 -26.01851
 -26.01848 -26.01849 -26.01847 -26.01858 -26.01893 -26.02020 -26.02293 -26.02714
 -25.31228 -25.56917 -25.78929 -26.00904 -26.12350 -26.19845 -26.24781 -26.26441
 -26.27329 -26.27872 -26.28058 -26.28153 -26.28202 -26.28231 -26.28260 -26.28264
 -26.28262 -26.28262 -26.28260 -26.28271 -26.28307 -26.28434 -26.28706 -26.29128
---------------------/ IGRD= 1  / IPRT= 0  /--------/ Z1= 4   / DATE= 04/11/99
 -29.04825 -29.04825 -29.04825 -29.04825 -29.04825 -29.04825 -29.04825 -29.04825
 -29.04825 -29.04825 -29.04825 -29.04826 -29.04825 -29.04819 -29.04834 -29.04918
 -29.05040 -29.05268 -29.05939 -29.07033 -29.09129 -29.14850 -29.23030 -29.35869
 -29.13630 -29.13630 -29.13630 -29.13630 -29.13630 -29.13630 -29.13630 -29.13630
 -29.13630 -29.13630 -29.13629 -29.13630 -29.13630 -29.13623 -29.13638 -29.13722
 -29.13844 -29.14073 -29.14744 -29.15838 -29.17934 -29.23654 -29.31834 -29.44674
 -29.24722 -29.24722 -29.24722 -29.24722 -29.24722 -29.24722 -29.24722 -29.24722
 -29.24722 -29.24722 -29.24722 -29.24723 -29.24722 -29.24716 -29.24731 -29.24815
 -29.24937 -29.25165 -29.25836 -29.26930 -29.29026 -29.34747 -29.42927 -29.55766
 -29.31489 -29.31489 -29.31489 -29.31489 -29.31489 -29.31489 -29.31489 -29.31489
 -29.31489 -29.31489 -29.31489 -29.31490 -29.31489 -29.31483 -29.31498 -29.31581
 -29.31704 -29.31932 -29.32602 -29.33696 -29.35791 -29.41509 -29.49685 -29.62520
 -27.78703 -27.78703 -27.78703 -27.78703 -27.78703 -27.78703 -27.78703 -27.78703
 -27.78703 -27.78703 -27.78704 -27.78702 -27.78703 -27.78715 -27.78688 -27.78698
 -27.78933 -27.79125 -27.79471 -27.80560 -27.82473 -27.87227 -27.94329 -28.05825
 -26.77437 -26.77437 -26.77437 -26.77437 -26.77437 -26.77437 -26.77437 -26.77437
 -26.77437 -26.77437 -26.77438 -26.77437 -26.77437 -26.77444 -26.77430 -26.77459
 -26.77648 -26.77846 -26.78212 -26.79042 -26.80586 -26.84690 -26.90858 -27.01084
 -26.23498 -26.23498 -26.23498 -26.23498 -26.23498 -26.23498 -26.23498 -26.23498
 -26.23498 -26.23498 -26.23497 -26.23498 -26.23497 -26.23492 -26.23505 -26.23567
 -26.23636 -26.23770 -26.24186 -26.24867 -26.26171 -26.29841 -26.35378 -26.44731
 -25.73389 -25.73389 -25.73389 -25.73389 -25.73389 -25.73389 -25.73389 -25.73389
 -25.73389 -25.73389 -25.73389 -25.73389 -25.73389 -25.73387 -25.73392 -25.73377
 -25.73329 -25.73456 -25.73960 -25.74427 -25.75472 -25.78773 -25.83572 -25.91729
 -25.36212 -25.36212 -25.36212 -25.36212 -25.36212 -25.36212 -25.36212 -25.36212
 -25.36212 -25.36214 -25.36214 -25.36213 -25.36214 -25.36215 -25.36212 -25.36218
 -25.36269 -25.36387 -25.36689 -25.37116 -25.37985 -25.40530 -25.44408 -25.51308
 -25.22173 -25.22173 -25.22173 -25.22173 -25.22173 -25.22173 -25.22174 -25.22173
 -25.22173 -25.22173 -25.22173 -25.22173 -25.22173 -25.22173 -25.22172 -25.22173
 -25.22194 -25.22282 -25.22544 -25.22891 -25.23613 -25.25786 -25.29118 -25.35055
 -25.12325 -25.12325 -25.12325 -25.12326 -25.12326 -25.12325 -25.12325 -25.12325
 -25.12326 -25.12329 -25.12329 -25.12328 -25.12329 -25.12331 -25.12325 -25.12329
 -25.12388 -25.12467 -25.12615 -25.12886 -25.13445 -25.15061 -25.17556 -25.22049
 -25.05021 -25.05021 -25.05020 -25.05018 -25.05018 -25.05022 -25.05029 -25.05029
 -25.05015 -25.04988 -25.04985 -25.04989 -25.04989 -25.04988 -25.04990 -25.04999
 -25.05014 -25.05041 -25.05123 -25.05270 -25.05575 -25.06465 -25.07837 -25.10280
 -25.01270 -25.01271 -25.01270 -25.01269 -25.01269 -25.01272 -25.01280 -25.01279
 -25.01265 -25.01236 -25.01233 -25.01238 -25.01237 -25.01231 -25.01244 -25.01282
 -25.01284 -25.01287 -25.01334 -25.01405 -25.01533 -25.01891 -25.02450 -25.03472
 -24.97204 -24.97205 -24.97217 -24.97242 -24.97240 -24.97193 -24.97098 -24.97108
 -24.97283 -24.97626 -24.97658 -24.97615 -24.97627 -24.97631 -24.97625 -24.97620
 -24.97624 -24.97616 -24.97616 -24.97665 -24.97547 -24.97037 -24.96614 -24.96117
 -24.94824 -24.94824 -24.94821 -24.94815 -24.94816 -24.94827 -24.94848 -24.94846
 -24.94806 -24.94733 -24.94732 -24.94728 -24.94684 -24.94678 -24.94686 -24.94688
 -24.94683 -24.94684 -24.94690 -24.94659 -24.94488 -24.93810 -24.92729 -24.90870
 -24.94305 -24.94305 -24.94305 -24.94305 -24.94305 -24.94305 -24.94304 -24.94304
 -24.94306 -24.94308 -24.94307 -24.94310 -24.94321 -24.94322 -24.94321 -24.94321
 -24.94314 -24.94332 -24.94318 -24.94129 -24.93856 -24.93153 -24.91809 -24.89519
 -24.94795 -24.94795 -24.94796 -24.94798 -24.94798 -24.94795 -24.94788 -24.94789
 -24.94801 -24.94793 -24.94744 -24.94856 -24.95214 -24.95249 -24.95202 -24.95210
 -24.95201 -24.95207 -24.95209 -24.95056 -24.94684 -24.93628 -24.92083 -24.89545
 -24.96781 -24.96780 -24.96780 -24.96780 -24.96779 -24.96776 -24.96771 -24.96772
 -24.96781 -24.96775 -24.96737 -24.96823 -24.97097 -24.97126 -24.97079 -24.97089
 -24.97159 -24.97182 -24.97085 -24.96974 -24.96644 -24.95551 -24.93983 -24.91213
 -24.98876 -24.98875 -24.98874 -24.98872 -24.98871 -24.98871 -24.98871 -24.98872
 -24.98871 -24.98868 -24.98867 -24.98869 -24.98885 -24.98901 -24.98861 -24.98884
 -24.99199 -24.99269 -24.98875 -24.98916 -24.98777 -24.97583 -24.95876 -24.93108
 -25.02355 -25.02370 -25.02389 -25.02418 -25.02434 -25.02437 -25.02425 -25.02424
 -25.02446 -25.02491 -25.02489 -25.02497 -25.02552 -25.02581 -25.02615 -25.02657
 -25.02637 -25.02636 -25.02654 -25.02512 -25.02160 -25.01185 -24.99705 -24.96931
 -25.07816 -25.07837 -25.07855 -25.07866 -25.07868 -25.07869 -25.07870 -25.07878
 -25.07895 -25.07919 -25.07918 -25.07923 -25.07965 -25.08003 -25.08028 -25.08045
 -25.08071 -25.08088 -25.08063 -25.07979 -25.07721 -25.06784 -25.05233 -25.02446
 -25.11857 -25.11872 -25.11879 -25.11877 -25.11876 -25.11884 -25.11909 -25.11928
 -25.11940 -25.11937 -25.11931 -25.11944 -25.11996 -25.12035 -25.12051 -25.12052
 -25.12083 -25.12116 -25.12109 -25.12031 -25.11785 -25.10903 -25.09449 -25.06819
 -25.16402 -25.16400 -25.16404 -25.16423 -25.16445 -25.16469 -25.16500 -25.16518
 -25.16529 -25.16527 -25.16519 -25.16537 -25.16590 -25.16588 -25.16594 -25.16655
 -25.16698 -25.16726 -25.16716 -25.16620 -25.16379 -25.15581 -25.14230 -25.11731
 -25.21687 -25.21710 -25.21726 -25.21731 -25.21731 -25.21738 -25.21759 -25.21777
 -25.21789 -25.21786 -25.21776 -25.21799 -25.21865 -25.21861 -25.21868 -25.21937
 -25.21972 -25.21997 -25.22008 -25.21934 -25.21707 -25.20956 -25.19739 -25.17434
 -25.25563 -25.25562 -25.25572 -25.25606 -25.25634 -25.25651 -25.25652 -25.25646
 -25.25645 -25.25644 -25.25633 -25.25658 -25.25730 -25.25723 -25.25735 -25.25809
 -25.25802 -25.25820 -25.25887 -25.25796 -25.25566 -25.24904 -25.23766 -25.21564
 -25.29817 -25.29814 -25.29808 -25.29803 -25.29807 -25.29824 -25.29862 -25.29888
 -25.29901 -25.29899 -25.29903 -25.29894 -25.29890 -25.29953 -25.29992 -25.29980
 -25.30036 -25.30090 -25.30068 -25.29996 -25.29845 -25.29292 -25.28231 -25.26157
 -25.47803 -25.47806 -25.47823 -25.47865 -25.47897 -25.47919 -25.47924 -25.47918
 -25.47914 -25.47915 -25.47918 -25.47911 -25.47915 -25.47977 -25.48017 -25.48014
 -25.48068 -25.48123 -25.48111 -25.48028 -25.47851 -25.47312 -25.46381 -25.44463
 -25.69722 -25.69725 -25.69742 -25.69784 -25.69817 -25.69838 -25.69843 -25.69838
 -25.69833 -25.69834 -25.69837 -25.69830 -25.69835 -25.69896 -25.69936 -25.69933
 -25.69987 -25.70042 -25.70030 -25.69948 -25.69771 -25.69231 -25.68301 -25.66382
 -25.92957 -25.92960 -25.92977 -25.93019 -25.93052 -25.93073 -25.93078 -25.93073
 -25.93068 -25.93069 -25.93072 -25.93065 -25.93070 -25.93131 -25.93172 -25.93168
 -25.93222 -25.93277 -25.93265 -25.93183 -25.93006 -25.92467 -25.91536 -25.89617
 -26.19371 -26.19374 -26.19391 -26.19433 -26.19466 -26.19487 -26.19492 -26.19487
 -26.19482 -26.19483 -26.19486 -26.19479 -26.19484 -26.19545 -26.19585 -26.19582
 -26.19636 -26.19691 -26.19679 -26.19597 -26.19420 -26.18880 -26.17950 -26.16031
---------------------/ IGRD= 1  / IPRT= 0  /--------/ Z1= 5   / DATE= 04/11/99
 -74.00000 -74.00000 -74.00000 -74.00000 -74.00000 -74.00000 -74.00000 -74.00000
 -74.00000 -74.00000 -74.00000 -74.00000 -74.00000 -74.00000 -74.00000 -74.00000
 -74.00000 -74.00000 -74.00000 -74.00000 -74.00000 -74.00000 -74.00000 -74.00000
 -74.00000 -74.00000 -74.00000 -74.00000 -74.00000 -74.00000 -74.00000 -74.00000
 -74.00000 -74.00000 -74.00000 -74.00000 -74.00000 -74.00000 -74.00000 -74.00000
 -74.00000 -74.00000 -74.00000 -74.00000 -74.00000 -74.00000 -74.00000 -74.00000
 -74.00000 -74.00000 -74.00000 -74.00000 -74.00000 -74.00000 -74.00000 -74.00000
 -74.00000 -74.00000 -74.00000 -74.00000 -74.00000 -74.00000 -74.00000 -74.00000
 -74.00000 -74.00000 -74.00000 -74.00000 -74.00000 -74.00000 -74.00000 -74.00000
 -74.00000 -74.00000 -74.00000 -74.00000 -74.00000 -74.00000 -74.00000 -74.00000
 -74.00000 -74.00000 -74.00000 -74.00000 -74.00000 -74.00000 -74.00000 -74.00000
 -74.00000 -74.00000 -74.00000 -74.00000 -74.00000 -74.00000 -74.00000 -74.00000
 -74.00000 -74.00000 -74.00000 -74.00000 -74.00000 -74.00000 -74.00000 -74.00000
 -74.00000 -74.00000 -74.00000 -74.00000 -74.00000 -74.00000 -74.00000 -74.00000
 -74.00000 -74.00000 -74.00000 -74.00000 -74.00000 -74.00000 -74.00000 -74.00000
 -74.00000 -74.00000 -74.00000 -74.00000 -74.00000 -74.00000 -74.00000 -74.00000
 -74.00000 -74.00000 -74.00000 -74.00000 -74.00000 -74.00000 -74.00000 -74.00000
 -74.00000 -74.00000 -74.00000 -74.00000 -74.00000 -74.00000 -74.00000 -74.00000
 -74.00000 -74.00000 -74.00000 -74.00000 -74.00000 -74.00000 -74.00000 -74.00000
 -74.00000 -74.00000 -74.00000 -74.00000 -74.00000 -74.00000 -74.00000 -74.00000
 -74.00000 -74.00000 -74.00000 -74.00000 -74.00000 -74.00000 -74.00000 -74.00000
 -74.00000 -74.00000 -74.00000 -74.00000 -74.00000 -74.00000 -74.00000 -74.00000
 -74.00000 -71.57254 -69.30095 -69.57618 -69.89384 -69.67314 -69.49174 -69.61098
 -69.76302 -69.81114 -69.86366 -69.91196 -69.96002 -70.05542 -70.19297 -70.37048
 -48.65058 -48.72708 -48.79484 -48.78414 -48.63495 -48.42145 -48.42859 -48.95654
 -49.93762 -51.25031 -51.71444 -51.65819 -51.59325 -51.63841 -51.67551 -51.65080
 -51.62047 -51.61269 -51.60498 -51.59886 -51.59663 -51.59737 -51.58987 -51.57489
 -44.93356 -44.91745 -44.90147 -44.90345 -44.93981 -44.99258 -44.99091 -44.85996
 -44.61644 -44.29053 -44.17530 -44.18930 -44.20544 -44.19420 -44.18498 -44.19124
 -44.19852 -44.20053 -44.20608 -44.21158 -44.21784 -44.23543 -44.25711 -44.28225
 -38.82693 -38.82121 -38.81554 -38.81624 -38.82914 -38.84786 -38.84727 -38.80082
 -38.71444 -38.59887 -38.55804 -38.56306 -38.56881 -38.56480 -38.56153 -38.56382
 -38.56629 -38.56697 -38.57029 -38.57391 -38.57816 -38.58919 -38.60410 -38.62298
 -34.20829 -34.20839 -34.20848 -34.20847 -34.20825 -34.20793 -34.20794 -34.20873
 -34.21018 -34.21196 -34.21229 -34.21179 -34.21158 -34.21170 -34.21174 -34.21173
 -34.21162 -34.21159 -34.21254 -34.21431 -34.21760 -34.22631 -34.23642 -34.24869
 -32.06755 -32.06681 -32.06632 -32.06647 -32.06748 -32.06885 -32.06878 -32.06542
 -32.05921 -32.05087 -32.04785 -32.04811 -32.04851 -32.04822 -32.04797 -32.04829
 -32.04848 -32.04851 -32.04948 -32.05075 -32.05310 -32.06108 -32.07041 -32.08117
 -29.89316 -29.89320 -29.89328 -29.89329 -29.89308 -29.89275 -29.89276 -29.89358
 -29.89512 -29.89719 -29.89796 -29.89789 -29.89774 -29.89793 -29.89803 -29.89684
 -29.89598 -29.89603 -29.89715 -29.89859 -29.90068 -29.90538 -29.91140 -29.91968
 -28.18971 -28.18972 -28.18973 -28.18974 -28.18969 -28.18962 -28.18962 -28.18980
 -28.19014 -28.19060 -28.19077 -28.19076 -28.19071 -28.19078 -28.19097 -28.19118
 -28.19135 -28.19136 -28.19065 -28.19122 -28.19331 -28.19615 -28.20017 -28.20653
 -27.46888 -27.46888 -27.46888 -27.46888 -27.46889 -27.46890 -27.46890 -27.46886
 -27.46879 -27.46867 -27.46861 -27.46861 -27.46869 -27.46852 -27.46815 -27.46806
 -27.46811 -27.46810 -27.46832 -27.46884 -27.46977 -27.47187 -27.47475 -27.47899
 -26.93575 -26.93575 -26.93575 -26.93575 -26.93575 -26.93575 -26.93575 -26.93576
 -26.93577 -26.93573 -26.93561 -26.93560 -26.93606 -26.93505 -26.93287 -26.93248
 -26.93270 -26.93258 -26.93467 -26.93582 -26.93571 -26.93760 -26.93983 -26.94194
 -26.52855 -26.52855 -26.52855 -26.52855 -26.52855 -26.52855 -26.52855 -26.52855
 -26.52854 -26.52854 -26.52855 -26.52855 -26.52851 -26.52860 -26.52860 -26.52761
 -26.52688 -26.52693 -26.52809 -26.52862 -26.52852 -26.52925 -26.53051 -26.53237
 -26.33054 -26.33054 -26.33054 -26.33054 -26.33055 -26.33055 -26.33055 -26.33054
 -26.33054 -26.33054 -26.33054 -26.33054 -26.33051 -26.33058 -26.33068 -26.33048
 -26.33032 -26.33034 -26.33039 -26.33065 -26.33114 -26.33168 -26.33254 -26.33430
 -26.14172 -26.14172 -26.14172 -26.14172 -26.14172 -26.14172 -26.14172 -26.14172
 -26.14172 -26.14172 -26.14172 -26.14172 -26.14172 -26.14173 -26.14177 -26.14183
 -26.14187 -26.14187 -26.14176 -26.14193 -26.14237 -26.14278 -26.14332 -26.14448
 -25.99842 -25.99842 -25.99842 -25.99842 -25.99842 -25.99842 -25.99842 -25.99841
 -25.99839 -25.99839 -25.99844 -25.99845 -25.99824 -25.99870 -25.99970 -26.00001
 -25.99985 -25.99986 -25.99984 -25.99991 -26.00012 -26.00041 -26.00051 -26.00089
 -25.93903 -25.93903 -25.93902 -25.93902 -25.93903 -25.93905 -25.93904 -25.93901
 -25.93896 -25.93896 -25.93908 -25.93910 -25.93856 -25.93976 -25.94243 -25.94320
 -25.94278 -25.94288 -25.94294 -25.94289 -25.94286 -25.94285 -25.94277 -25.94304
 -25.90154 -25.90154 -25.90154 -25.90154 -25.90154 -25.90154 -25.90154 -25.90154
 -25.90153 -25.90153 -25.90155 -25.90155 -25.90147 -25.90165 -25.90203 -25.90212
 -25.90210 -25.90220 -25.90217 -25.90221 -25.90223 -25.90167 -25.90288 -25.90533
 -25.87961 -25.87961 -25.87961 -25.87961 -25.87961 -25.87961 -25.87961 -25.87961
 -25.87961 -25.87961 -25.87961 -25.87961 -25.87961 -25.87960 -25.87960 -25.87960
 -25.87959 -25.87957 -25.87957 -25.87957 -25.87956 -25.87966 -25.87945 -25.87942
 -25.87169 -25.87169 -25.87169 -25.87169 -25.87169 -25.87169 -25.87169 -25.87169
 -25.87169 -25.87169 -25.87170 -25.87170 -25.87166 -25.87174 -25.87178 -25.87137
 -25.87230 -25.87432 -25.87465 -25.87416 -25.87423 -25.87431 -25.87422 -25.87417
 -25.86416 -25.86416 -25.86416 -25.86416 -25.86416 -25.86416 -25.86416 -25.86416
 -25.86416 -25.86416 -25.86416 -25.86416 -25.86417 -25.86416 -25.86415 -25.86418
 -25.86412 -25.86446 -25.86692 -25.86826 -25.86808 -25.86798 -25.86797 -25.86764
 -25.84404 -25.84404 -25.84404 -25.84404 -25.84404 -25.84404 -25.84404 -25.84404
 -25.84404 -25.84404 -25.84404 -25.84404 -25.84404 -25.84404 -25.84404 -25.84405
 -25.84403 -25.84408 -25.84467 -25.84507 -25.84504 -25.84465 -25.84547 -25.84713
 -25.93477 -25.93477 -25.93477 -25.93477 -25.93477 -25.93477 -25.93477 -25.93477
 -25.93478 -25.93478 -25.93477 -25.93477 -25.93478 -25.93476 -25.93476 -25.93487
 -25.93463 -25.93457 -25.93694 -25.93838 -25.93819 -25.93801 -25.93815 -25.93815
 -26.16713 -26.16713 -26.16713 -26.16713 -26.16713 -26.16713 -26.16713 -26.16713
 -26.16713 -26.16713 -26.16713 -26.16713 -26.16713 -26.16712 -26.16711 -26.16722
 -26.16698 -26.16692 -26.16930 -26.17073 -26.17055 -26.17037 -26.17050 -26.17050
 -26.43126 -26.43126 -26.43126 -26.43126 -26.43126 -26.43126 -26.43126 -26.43126
 -26.43126 -26.43126 -26.43126 -26.43126 -26.43127 -26.43125 -26.43125 -26.43136
 -26.43112 -26.43106 -26.43343 -26.43487 -26.43468 -26.43450 -26.43464 -26.43464
---------------------/ IGRD= 2  / IPRT= 0  /--------/ Z1= 5   / DATE= 04/11/99
 -21.98367 -22.26090 -22.55546 -22.95965 -23.26567 -23.56581 -23.95291 -24.23832
 -24.51220 -24.83546 -25.03410 -25.18386 -25.30827 -25.35917 -25.38693 -25.40752
 -25.41752 -25.42736 -25.45087 -25.48360 -25.54047 -25.68132 -25.84565 -26.05685
 -22.07171 -22.34895 -22.64351 -23.04770 -23.35372 -23.65386 -24.04096 -24.32636
 -24.60025 -24.92350 -25.12215 -25.27191 -25.39632 -25.44722 -25.47497 -25.49556
 -25.50557 -25.51541 -25.53892 -25.57165 -25.62852 -25.76936 -25.93370 -26.14490
 -22.18264 -22.45987 -22.75443 -23.15862 -23.46464 -23.76478 -24.15188 -24.43729
 -24.71117 -25.03443 -25.23307 -25.38283 -25.50724 -25.55814 -25.58590 -25.60649
 -25.61649 -25.62633 -25.64984 -25.68257 -25.73944 -25.88029 -26.04462 -26.25582
 -22.25570 -22.53294 -22.82750 -23.23169 -23.53771 -23.83784 -24.22495 -24.51035
 -24.78423 -25.10749 -25.30614 -25.45589 -25.58031 -25.63121 -25.65896 -25.67955
 -25.68956 -25.69940 -25.72291 -25.75564 -25.81251 -25.95335 -26.11769 -26.32889
 -22.33315 -22.61039 -22.90495 -23.30914 -23.61516 -23.91530 -24.30240 -24.58780
 -24.86168 -25.18494 -25.38359 -25.53334 -25.65776 -25.70866 -25.73641 -25.75700
 -25.76701 -25.77685 -25.80036 -25.83309 -25.88996 -26.03080 -26.19514 -26.40634
 -22.34860 -22.62512 -22.91872 -23.32113 -23.62523 -23.92027 -24.28489 -24.53289
 -24.74909 -24.97291 -25.08551 -25.15160 -25.19713 -25.21384 -25.22278 -25.22994
 -25.23492 -25.24195 -25.26024 -25.28896 -25.34108 -25.46762 -25.61990 -25.82256
 -22.34700 -22.62317 -22.91558 -23.31351 -23.61073 -23.89361 -24.22748 -24.43610
 -24.59977 -24.74842 -24.81141 -24.84141 -24.86178 -24.86946 -24.87248 -24.87610
 -24.87988 -24.88562 -24.90158 -24.92594 -24.97091 -25.08705 -25.23024 -25.42313
 -22.34683 -22.62257 -22.91397 -23.30472 -23.58823 -23.84813 -24.13742 -24.30178
 -24.41580 -24.50554 -24.54065 -24.55872 -24.57082 -24.57497 -24.57683 -24.58016
 -24.58317 -24.58715 -24.60010 -24.62204 -24.66256 -24.76357 -24.89247 -25.07318
 -22.34448 -22.61946 -22.90911 -23.29079 -23.55820 -23.79311 -24.04120 -24.17274
 -24.25613 -24.31352 -24.33387 -24.34517 -24.35246 -24.35510 -24.35688 -24.35902
 -24.36102 -24.36450 -24.37541 -24.39279 -24.42519 -24.51066 -24.62439 -24.78875
 -22.34353 -22.61793 -22.90631 -23.28354 -23.54417 -23.76929 -24.00239 -24.12311
 -24.19739 -24.24598 -24.26248 -24.27208 -24.27863 -24.28067 -24.28153 -24.28300
 -24.28489 -24.28816 -24.29768 -24.31297 -24.34181 -24.41832 -24.52164 -24.67427
 -22.34246 -22.61690 -22.90489 -23.27989 -23.53669 -23.75609 -23.98052 -24.09527
 -24.16488 -24.20932 -24.22422 -24.23307 -24.23853 -24.24036 -24.24167 -24.24272
 -24.24420 -24.24725 -24.25505 -24.26827 -24.29392 -24.36110 -24.45456 -24.59592
 -22.34233 -22.61681 -22.90474 -23.27895 -23.53422 -23.75128 -23.97217 -24.08457
 -24.15246 -24.19548 -24.20983 -24.21841 -24.22361 -24.22538 -24.22676 -24.22786
 -24.22894 -24.23132 -24.23858 -24.24967 -24.27053 -24.32828 -24.40976 -24.53340
 -22.34238 -22.61678 -22.90459 -23.27871 -23.53408 -23.75136 -23.97263 -24.08527
 -24.15329 -24.19637 -24.21071 -24.21930 -24.22463 -24.22617 -24.22713 -24.22860
 -24.22997 -24.23193 -24.23757 -24.24695 -24.26526 -24.31571 -24.38697 -24.49497
 -22.34225 -22.61693 -22.90520 -23.28028 -23.53667 -23.75523 -23.97831 -24.09222
 -24.16132 -24.20543 -24.22018 -24.22896 -24.23442 -24.23592 -24.23670 -24.23795
 -24.23898 -24.24042 -24.24531 -24.25293 -24.26727 -24.30733 -24.36339 -24.44738
 -22.34309 -22.61723 -22.90541 -23.28167 -23.54042 -23.76255 -23.99101 -24.10851
 -24.18028 -24.22669 -24.24241 -24.25163 -24.25722 -24.25914 -24.26054 -24.26133
 -24.26206 -24.26351 -24.26649 -24.27192 -24.28281 -24.31084 -24.35070 -24.41096
 -22.34388 -22.61832 -22.90672 -23.28402 -23.54480 -23.77017 -24.00366 -24.12466
 -24.19919 -24.24806 -24.26478 -24.27445 -24.28047 -24.28219 -24.28308 -24.28441
 -24.28534 -24.28624 -24.28889 -24.29321 -24.30147 -24.32425 -24.35620 -24.40369
 -22.34361 -22.61821 -22.90721 -23.28658 -23.55036 -23.77993 -24.01973 -24.14517
 -24.22333 -24.27561 -24.29376 -24.30407 -24.31047 -24.31235 -24.31337 -24.31479
 -24.31560 -24.31615 -24.31817 -24.32179 -24.32866 -24.34690 -24.37192 -24.40951
 -22.34488 -22.61988 -22.90935 -23.29064 -23.55778 -23.79252 -24.04044 -24.17181
 -24.25498 -24.31211 -24.33235 -24.34357 -24.35052 -24.35263 -24.35377 -24.35533
 -24.35625 -24.35681 -24.35840 -24.36113 -24.36632 -24.38029 -24.40053 -24.43134
 -22.34491 -22.62009 -22.91006 -23.29319 -23.56313 -23.80195 -24.05621 -24.19230
 -24.27957 -24.34077 -24.36280 -24.37480 -24.38221 -24.38456 -24.38580 -24.38685
 -24.38743 -24.38808 -24.39002 -24.39263 -24.39701 -24.40871 -24.42563 -24.45175
 -22.34458 -22.61981 -22.91030 -23.29596 -23.57010 -23.81517 -24.07932 -24.22288
 -24.31674 -24.38460 -24.40958 -24.42289 -24.43111 -24.43380 -24.43518 -24.43617
 -24.43677 -24.43752 -24.43910 -24.44104 -24.44437 -24.45350 -24.46697 -24.48817
 -22.34618 -22.62164 -22.91231 -23.30014 -23.57896 -23.83174 -24.10881 -24.26260
 -24.36592 -24.44366 -24.47314 -24.48849 -24.49798 -24.50116 -24.50277 -24.50403
 -24.50482 -24.50570 -24.50727 -24.50883 -24.51116 -24.51755 -24.52799 -24.54519
 -22.34611 -22.62169 -22.91284 -23.30273 -23.58484 -23.84257 -24.12798 -24.28880
 -24.39908 -24.48452 -24.51759 -24.53456 -24.54505 -24.54866 -24.55046 -24.55153
 -24.55227 -24.55329 -24.55445 -24.55539 -24.55717 -24.56308 -24.57190 -24.58569
 -22.34711 -22.62296 -22.91443 -23.30589 -23.59092 -23.85339 -24.14732 -24.31586
 -24.43423 -24.52893 -24.56641 -24.58535 -24.59705 -24.60126 -24.60332 -24.60348
 -24.60366 -24.60487 -24.60653 -24.60743 -24.60858 -24.61284 -24.61963 -24.63090
 -22.34728 -22.62298 -22.91437 -23.30732 -23.59581 -23.86414 -24.16843 -24.34590
 -24.47323 -24.57805 -24.62052 -24.64199 -24.65539 -24.66009 -24.66241 -24.66397
 -24.66523 -24.66656 -24.66674 -24.66696 -24.66833 -24.67178 -24.67731 -24.68682
 -22.34785 -22.62365 -22.91540 -23.30978 -23.60056 -23.87244 -24.18328 -24.36703
 -24.50127 -24.61436 -24.66101 -24.68457 -24.69933 -24.70451 -24.70707 -24.70911
 -24.71064 -24.71202 -24.71216 -24.71247 -24.71395 -24.71687 -24.72136 -24.72952
 -22.34457 -22.62056 -22.91298 -23.30956 -23.60344 -23.88001 -24.19991 -24.39293
 -24.53794 -24.66434 -24.71786 -24.74491 -24.76189 -24.76820 -24.77124 -24.77129
 -24.77198 -24.77418 -24.77416 -24.77442 -24.77654 -24.77860 -24.78100 -24.78639
 -22.31728 -22.59335 -22.88550 -23.28281 -23.57937 -23.86128 -24.19281 -24.39845
 -24.55839 -24.70334 -24.76626 -24.79802 -24.81859 -24.82607 -24.82968 -24.83287
 -24.83419 -24.83472 -24.83647 -24.83710 -24.83669 -24.83821 -24.84117 -24.84566
 -22.40041 -22.67672 -22.96944 -23.36793 -23.66559 -23.94898 -24.28416 -24.49467
 -24.66107 -24.81415 -24.88070 -24.91365 -24.93544 -24.94378 -24.94768 -24.95038
 -24.95252 -24.95479 -24.95548 -24.95493 -24.95492 -24.95731 -24.95913 -24.96118
 -22.63277 -22.90907 -23.20180 -23.60028 -23.89794 -24.18133 -24.51652 -24.72702
 -24.89342 -25.04650 -25.11305 -25.14600 -25.16779 -25.17613 -25.18004 -25.18273
 -25.18488 -25.18714 -25.18784 -25.18728 -25.18727 -25.18966 -25.19148 -25.19354
 -22.89690 -23.17321 -23.46593 -23.86442 -24.16208 -24.44547 -24.78065 -24.99116
 -25.15756 -25.31064 -25.37719 -25.41014 -25.43193 -25.44027 -25.44417 -25.44687
 -25.44901 -25.45128 -25.45197 -25.45142 -25.45140 -25.45380 -25.45562 -25.45767
---------------------/ IGRD= 1  / IPRT= 0  /--------/ Z1= 6   / DATE= 04/11/99
 -74.00000 -74.00000 -74.00000 -74.00000 -74.00000 -74.00000 -74.00000 -74.00000
 -74.00000 -74.00000 -74.00000 -74.00000 -74.00000 -74.00000 -74.00000 -74.00000
 -74.00000 -74.00000 -74.00000 -74.00000 -74.00000 -74.00000 -74.00000 -74.00000
 -74.00000 -74.00000 -74.00000 -74.00000 -74.00000 -74.00000 -74.00000 -74.00000
 -74.00000 -74.00000 -74.00000 -74.00000 -74.00000 -74.00000 -74.00000 -74.00000
 -74.00000 -74.00000 -74.00000 -74.00000 -74.00000 -74.00000 -74.00000 -74.00000
 -74.00000 -74.00000 -74.00000 -74.00000 -74.00000 -74.00000 -74.00000 -74.00000
 -74.00000 -74.00000 -74.00000 -74.00000 -74.00000 -74.00000 -74.00000 -74.00000
 -74.00000 -74.00000 -74.00000 -74.00000 -74.00000 -74.00000 -74.00000 -74.00000
 -74.00000 -74.00000 -74.00000 -74.00000 -74.00000 -74.00000 -74.00000 -74.00000
 -74.00000 -74.00000 -74.00000 -74.00000 -74.00000 -74.00000 -74.00000 -74.00000
 -74.00000 -74.00000 -74.00000 -74.00000 -74.00000 -74.00000 -74.00000 -74.00000
 -74.00000 -74.00000 -74.00000 -74.00000 -74.00000 -74.00000 -74.00000 -74.00000
 -74.00000 -74.00000 -74.00000 -74.00000 -74.00000 -74.00000 -74.00000 -74.00000
 -74.00000 -74.00000 -74.00000 -74.00000 -74.00000 -74.00000 -74.00000 -74.00000
 -74.00000 -74.00000 -74.00000 -74.00000 -74.00000 -74.00000 -74.00000 -74.00000
 -74.00000 -74.00000 -74.00000 -74.00000 -74.00000 -74.00000 -74.00000 -74.00000
 -74.00000 -74.00000 -74.00000 -74.00000 -74.00000 -74.00000 -74.00000 -74.00000
 -74.00000 -74.00000 -74.00000 -74.00000 -74.00000 -74.00000 -74.00000 -74.00000
 -74.00000 -74.00000 -74.00000 -74.00000 -74.00000 -74.00000 -74.00000 -74.00000
 -74.00000 -74.00000 -74.00000 -74.00000 -74.00000 -74.00000 -74.00000 -74.00000
 -74.00000 -74.00000 -74.00000 -74.00000 -74.00000 -74.00000 -74.00000 -74.00000
 -74.00000 -74.00000 -74.00000 -74.00000 -74.00000 -74.00000 -74.00000 -74.00000
 -74.00000 -74.00000 -74.00000 -74.00000 -74.00000 -74.00000 -74.00000 -74.00000
 -74.00000 -74.00000 -74.00000 -74.00000 -74.00000 -74.00000 -70.55053 -64.24453
 -58.36508 -54.65610 -54.83373 -55.94499 -56.51574 -56.33458 -56.34058 -56.37931
 -56.36614 -56.36651 -56.36928 -56.36834 -56.36836 -56.36856 -56.36849 -56.36850
 -44.02263 -44.08127 -44.04299 -43.73393 -43.51541 -43.66310 -44.88823 -46.34986
 -47.71263 -48.57231 -48.53114 -48.27357 -48.14127 -48.18327 -48.18187 -48.17290
 -48.17595 -48.17587 -48.17522 -48.17544 -48.17544 -48.17539 -48.17541 -48.17540
 -42.07299 -42.05889 -42.06809 -42.14243 -42.19499 -42.15946 -41.86479 -41.51324
 -41.18547 -40.97869 -40.98860 -41.05055 -41.08237 -41.07227 -41.07260 -41.07476
 -41.07403 -41.07405 -41.07420 -41.07415 -41.07415 -41.07416 -41.07416 -41.07416
 -36.04853 -36.04638 -36.04778 -36.05910 -36.06710 -36.06169 -36.01683 -35.96331
 -35.91341 -35.88194 -35.88344 -35.89287 -35.89772 -35.89618 -35.89623 -35.89656
 -35.89645 -35.89645 -35.89648 -35.89647 -35.89647 -35.89647 -35.89647 -35.89647
 -33.19970 -33.20126 -33.20024 -33.19200 -33.18617 -33.19011 -33.22278 -33.26176
 -33.29810 -33.32103 -33.31993 -33.31306 -33.30954 -33.31066 -33.31062 -33.31038
 -33.31046 -33.31046 -33.31044 -33.31045 -33.31045 -33.31044 -33.31044 -33.31044
 -30.72400 -30.72384 -30.72394 -30.72479 -30.72540 -30.72499 -30.72161 -30.71757
 -30.71381 -30.71143 -30.71154 -30.71226 -30.71262 -30.71251 -30.71251 -30.71253
 -30.71253 -30.71253 -30.71253 -30.71253 -30.71253 -30.71253 -30.71254 -30.71254
 -28.66040 -28.66035 -28.66038 -28.66062 -28.66078 -28.66067 -28.65975 -28.65865
 -28.65763 -28.65699 -28.65702 -28.65721 -28.65731 -28.65728 -28.65728 -28.65729
 -28.65729 -28.65729 -28.65729 -28.65728 -28.65727 -28.65736 -28.65742 -28.65740
 -27.78359 -27.78361 -27.78360 -27.78349 -27.78341 -27.78346 -27.78389 -27.78440
 -27.78488 -27.78518 -27.78516 -27.78507 -27.78502 -27.78504 -27.78504 -27.78504
 -27.78504 -27.78503 -27.78505 -27.78502 -27.78498 -27.78527 -27.78554 -27.78555
 -27.13731 -27.13731 -27.13731 -27.13734 -27.13736 -27.13735 -27.13725 -27.13712
 -27.13701 -27.13694 -27.13694 -27.13697 -27.13698 -27.13697 -27.13697 -27.13697
 -27.13698 -27.13698 -27.13698 -27.13698 -27.13699 -27.13694 -27.13692 -27.13695
 -26.64920 -26.64920 -26.64920 -26.64921 -26.64921 -26.64922 -26.64920 -26.64918
 -26.64916 -26.64915 -26.64915 -26.64916 -26.64916 -26.64916 -26.64916 -26.64916
 -26.64916 -26.64917 -26.64917 -26.64916 -26.64917 -26.64916 -26.64918 -26.64920
 -26.41513 -26.41513 -26.41512 -26.41510 -26.41508 -26.41506 -26.41508 -26.41510
 -26.41512 -26.41513 -26.41511 -26.41509 -26.41508 -26.41509 -26.41509 -26.41510
 -26.41508 -26.41504 -26.41505 -26.41507 -26.41505 -26.41504 -26.41497 -26.41487
 -26.18212 -26.18210 -26.18213 -26.18232 -26.18254 -26.18271 -26.18277 -26.18272
 -26.18269 -26.18282 -26.18303 -26.18322 -26.18329 -26.18327 -26.18327 -26.18320
 -26.18334 -26.18373 -26.18382 -26.18381 -26.18413 -26.18459 -26.18503 -26.18569
 -25.98541 -25.98599 -25.98649 -25.98681 -25.98684 -25.98683 -25.98696 -25.98719
 -25.98747 -25.98785 -25.98808 -25.98825 -25.98833 -25.98828 -25.98838 -25.98963
 -25.99050 -25.99052 -25.99111 -25.99188 -25.99241 -25.99386 -25.99556 -25.99747
 -25.91464 -25.91573 -25.91685 -25.91785 -25.91816 -25.91821 -25.91812 -25.91801
 -25.91788 -25.91774 -25.91768 -25.91771 -25.91784 -25.91762 -25.91731 -25.91932
 -25.92134 -25.92189 -25.92172 -25.92125 -25.92087 -25.92306 -25.92585 -25.92812
 -25.86873 -25.86840 -25.86834 -25.86914 -25.87024 -25.87135 -25.87223 -25.87239
 -25.87234 -25.87222 -25.87218 -25.87216 -25.87213 -25.87223 -25.87234 -25.87167
 -25.87202 -25.87408 -25.87567 -25.87542 -25.87514 -25.87704 -25.87926 -25.88080
 -25.84289 -25.84289 -25.84285 -25.84265 -25.84255 -25.84273 -25.84370 -25.84479
 -25.84577 -25.84631 -25.84618 -25.84593 -25.84586 -25.84592 -25.84591 -25.84595
 -25.84575 -25.84557 -25.84781 -25.84927 -25.84884 -25.85067 -25.85243 -25.85219
 -25.83611 -25.83613 -25.83614 -25.83611 -25.83606 -25.83600 -25.83593 -25.83601
 -25.83636 -25.83741 -25.83841 -25.83915 -25.83920 -25.83893 -25.83893 -25.83902
 -25.83902 -25.83899 -25.83914 -25.83996 -25.84142 -25.84239 -25.84291 -25.84419
 -25.83822 -25.83822 -25.83824 -25.83824 -25.83825 -25.83828 -25.83842 -25.83849
 -25.83840 -25.83787 -25.83755 -25.83792 -25.84018 -25.84166 -25.84163 -25.84137
 -25.84146 -25.84141 -25.84091 -25.84164 -25.84378 -25.84438 -25.84442 -25.84634
 -25.85668 -25.85662 -25.85644 -25.85651 -25.85682 -25.85715 -25.85735 -25.85733
 -25.85726 -25.85728 -25.85734 -25.85736 -25.85718 -25.85708 -25.85713 -25.85689
 -25.85732 -25.85880 -25.86026 -25.86027 -25.85995 -25.86157 -25.86295 -25.86305
 -25.84276 -25.84263 -25.84276 -25.84354 -25.84443 -25.84527 -25.84582 -25.84581
 -25.84565 -25.84548 -25.84547 -25.84551 -25.84560 -25.84564 -25.84563 -25.84565
 -25.84561 -25.84575 -25.84758 -25.84905 -25.84917 -25.84825 -25.84871 -25.85100
 -25.92958 -25.92958 -25.92958 -25.92958 -25.92958 -25.92958 -25.92958 -25.92958
 -25.92958 -25.92959 -25.92960 -25.92959 -25.92956 -25.92961 -25.92967 -25.92928
 -25.92995 -25.93210 -25.93318 -25.93288 -25.93295 -25.93261 -25.93329 -25.93548
 -26.19372 -26.19372 -26.19372 -26.19372 -26.19372 -26.19372 -26.19372 -26.19372
 -26.19372 -26.19373 -26.19374 -26.19373 -26.19370 -26.19375 -26.19381 -26.19341
 -26.19409 -26.19624 -26.19731 -26.19701 -26.19709 -26.19675 -26.19743 -26.19962
C-------------------------------------------------------------------------------
C
C     RADIATED POWERS IN UNITS OF W CM**3 
C     ----------------------------------- 
C
C     INPUT DATA
C         FOR YEAR: 96 AND WITH PREFIX: pj
C         FOR c  RECOMBINING ION CHARGE(S)  1 TO  6
C
C     CODE     : ADAS404
C     PRODUCER : Martin O'Mullane              
C     DATE     : 04/11/99
C
C-------------------------------------------------------------------------------
 
C---------------------------------------------------------------------------------
C ADAS ADF11 DATA - SCCS info: @(#)$Header: /home/adascvs/adas/adf11/plt96r/plt96r_c.dat,v 2.1 2004/07/07 00:06:33 whitefor Exp $ Date $Date: 2004/07/07 00:06:33 $
C---------------------------------------------------------------------------------
