   12    /B + 3 PHOTON EMISSIVITY COEFFICIENTS/
  2786.5 A  10  11 /FILMEM = DW#B3   /TYPE = EXCIT    /INDM = T/ISEL =    1
 1.00E+11 2.00E+11 5.00E+11 1.00E+12 2.00E+12 5.00E+12 1.00E+13 2.00E+13
 5.00E+13 1.00E+14
 1.00E+00 2.00E+00 5.00E+00 1.00E+01 2.00E+01 5.00E+01 1.00E+02 2.00E+02
 5.00E+02 1.00E+03 2.00E+03
 1.00E-74 4.28E-51 4.31E-25 1.83E-16 3.56E-12 7.77E-10 2.92E-09 3.21E-09
 1.48E-09 6.91E-10 2.86E-10
 1.00E-74 4.28E-51 4.31E-25 1.83E-16 3.55E-12 7.76E-10 2.92E-09 3.21E-09
 1.48E-09 6.91E-10 2.86E-10
 1.00E-74 4.27E-51 4.30E-25 1.82E-16 3.55E-12 7.76E-10 2.91E-09 3.21E-09
 1.48E-09 6.90E-10 2.86E-10
 1.00E-74 4.26E-51 4.29E-25 1.82E-16 3.54E-12 7.74E-10 2.91E-09 3.21E-09
 1.48E-09 6.90E-10 2.86E-10
 1.00E-74 4.23E-51 4.26E-25 1.81E-16 3.53E-12 7.72E-10 2.90E-09 3.20E-09
 1.48E-09 6.89E-10 2.86E-10
 1.00E-74 4.14E-51 4.18E-25 1.78E-16 3.48E-12 7.64E-10 2.88E-09 3.18E-09
 1.47E-09 6.87E-10 2.85E-10
 1.00E-74 4.01E-51 4.05E-25 1.73E-16 3.41E-12 7.52E-10 2.84E-09 3.15E-09
 1.46E-09 6.82E-10 2.83E-10
 1.00E-74 3.78E-51 3.82E-25 1.65E-16 3.27E-12 7.28E-10 2.77E-09 3.08E-09
 1.44E-09 6.74E-10 2.81E-10
 1.00E-74 3.21E-51 3.26E-25 1.44E-16 2.92E-12 6.66E-10 2.58E-09 2.91E-09
 1.38E-09 6.51E-10 2.73E-10
 1.00E-74 2.56E-51 2.61E-25 1.19E-16 2.47E-12 5.83E-10 2.31E-09 2.65E-09
 1.29E-09 6.15E-10 2.61E-10
    60.2 A  10  11 /FILMEM = DW#B3   /TYPE = EXCIT    /INDM = T/ISEL =    2
 1.00E+11 2.00E+11 5.00E+11 1.00E+12 2.00E+12 5.00E+12 1.00E+13 2.00E+13
 5.00E+13 1.00E+14
 1.00E+00 2.00E+00 5.00E+00 1.00E+01 2.00E+01 5.00E+01 1.00E+02 2.00E+02
 5.00E+02 1.00E+03 2.00E+03
 1.00E-74 4.97E-53 8.39E-27 4.24E-18 8.44E-14 2.14E-11 1.20E-10 2.90E-10
 5.15E-10 6.13E-10 6.42E-10
 1.00E-74 4.97E-53 8.39E-27 4.24E-18 8.44E-14 2.14E-11 1.20E-10 2.90E-10
 5.15E-10 6.13E-10 6.42E-10
 1.00E-74 4.97E-53 8.39E-27 4.24E-18 8.44E-14 2.14E-11 1.20E-10 2.90E-10
 5.15E-10 6.13E-10 6.42E-10
 1.00E-74 4.98E-53 8.39E-27 4.24E-18 8.44E-14 2.14E-11 1.20E-10 2.90E-10
 5.15E-10 6.13E-10 6.42E-10
 1.00E-74 4.98E-53 8.40E-27 4.24E-18 8.44E-14 2.14E-11 1.20E-10 2.90E-10
 5.15E-10 6.13E-10 6.42E-10
 1.00E-74 5.00E-53 8.40E-27 4.24E-18 8.44E-14 2.14E-11 1.20E-10 2.90E-10
 5.15E-10 6.13E-10 6.42E-10
 1.00E-74 5.03E-53 8.40E-27 4.24E-18 8.44E-14 2.14E-11 1.20E-10 2.90E-10
 5.15E-10 6.13E-10 6.42E-10
 1.00E-74 5.08E-53 8.40E-27 4.24E-18 8.44E-14 2.14E-11 1.20E-10 2.90E-10
 5.15E-10 6.13E-10 6.42E-10
 1.00E-74 5.20E-53 8.41E-27 4.24E-18 8.43E-14 2.14E-11 1.20E-10 2.90E-10
 5.15E-10 6.13E-10 6.42E-10
 1.00E-74 5.34E-53 8.43E-27 4.23E-18 8.43E-14 2.14E-11 1.21E-10 2.90E-10
 5.15E-10 6.13E-10 6.42E-10
  4564.3 A  10  11 /FILMEM = DW#B3   /TYPE = EXCIT    /INDM = T/ISEL =    3
 1.00E+11 2.00E+11 5.00E+11 1.00E+12 2.00E+12 5.00E+12 1.00E+13 2.00E+13
 5.00E+13 1.00E+14
 1.00E+00 2.00E+00 5.00E+00 1.00E+01 2.00E+01 5.00E+01 1.00E+02 2.00E+02
 5.00E+02 1.00E+03 2.00E+03
 1.00E-74 1.50E-57 2.52E-31 1.27E-22 2.54E-18 6.43E-16 3.62E-15 8.71E-15
 1.55E-14 1.84E-14 1.93E-14
 1.00E-74 1.50E-57 2.52E-31 1.27E-22 2.54E-18 6.43E-16 3.62E-15 8.71E-15
 1.55E-14 1.84E-14 1.93E-14
 1.00E-74 1.50E-57 2.52E-31 1.27E-22 2.54E-18 6.43E-16 3.62E-15 8.71E-15
 1.55E-14 1.84E-14 1.93E-14
 1.00E-74 1.50E-57 2.52E-31 1.27E-22 2.54E-18 6.43E-16 3.62E-15 8.71E-15
 1.55E-14 1.84E-14 1.93E-14
 1.00E-74 1.50E-57 2.52E-31 1.27E-22 2.54E-18 6.43E-16 3.62E-15 8.71E-15
 1.55E-14 1.84E-14 1.93E-14
 1.00E-74 1.50E-57 2.53E-31 1.27E-22 2.54E-18 6.43E-16 3.62E-15 8.71E-15
 1.55E-14 1.84E-14 1.93E-14
 1.00E-74 1.51E-57 2.53E-31 1.27E-22 2.54E-18 6.43E-16 3.62E-15 8.71E-15
 1.55E-14 1.84E-14 1.93E-14
 1.00E-74 1.53E-57 2.53E-31 1.27E-22 2.54E-18 6.43E-16 3.62E-15 8.71E-15
 1.55E-14 1.84E-14 1.93E-14
 1.00E-74 1.56E-57 2.53E-31 1.27E-22 2.54E-18 6.43E-16 3.62E-15 8.72E-15
 1.55E-14 1.84E-14 1.93E-14
 1.00E-74 1.61E-57 2.53E-31 1.27E-22 2.53E-18 6.43E-16 3.63E-15 8.72E-15
 1.55E-14 1.84E-14 1.93E-14
   404.9 A  10  11 /FILMEM = DW#B3   /TYPE = EXCIT    /INDM = T/ISEL =    4
 1.00E+11 2.00E+11 5.00E+11 1.00E+12 2.00E+12 5.00E+12 1.00E+13 2.00E+13
 5.00E+13 1.00E+14
 1.00E+00 2.00E+00 5.00E+00 1.00E+01 2.00E+01 5.00E+01 1.00E+02 2.00E+02
 5.00E+02 1.00E+03 2.00E+03
 1.00E-74 1.08E-59 1.12E-29 1.05E-19 1.00E-14 5.91E-12 3.06E-11 3.94E-11
 1.97E-11 9.11E-12 3.71E-12
 1.00E-74 1.08E-59 1.12E-29 1.05E-19 1.00E-14 5.91E-12 3.06E-11 3.94E-11
 1.97E-11 9.11E-12 3.71E-12
 1.00E-74 1.08E-59 1.11E-29 1.05E-19 9.99E-15 5.91E-12 3.06E-11 3.94E-11
 1.97E-11 9.11E-12 3.71E-12
 1.00E-74 1.07E-59 1.11E-29 1.05E-19 9.97E-15 5.90E-12 3.06E-11 3.94E-11
 1.97E-11 9.11E-12 3.71E-12
 1.00E-74 1.07E-59 1.11E-29 1.04E-19 9.94E-15 5.89E-12 3.05E-11 3.93E-11
 1.96E-11 9.10E-12 3.71E-12
 1.00E-74 1.06E-59 1.09E-29 1.03E-19 9.86E-15 5.85E-12 3.04E-11 3.92E-11
 1.96E-11 9.09E-12 3.70E-12
 1.00E-74 1.05E-59 1.07E-29 1.02E-19 9.72E-15 5.78E-12 3.01E-11 3.89E-11
 1.95E-11 9.06E-12 3.70E-12
 1.00E-74 1.02E-59 1.04E-29 9.84E-20 9.46E-15 5.66E-12 2.96E-11 3.84E-11
 1.94E-11 9.02E-12 3.68E-12
 1.00E-74 9.54E-60 9.47E-30 9.05E-20 8.78E-15 5.33E-12 2.83E-11 3.71E-11
 1.89E-11 8.88E-12 3.65E-12
 1.00E-74 8.78E-60 8.44E-30 8.11E-20 7.93E-15 4.90E-12 2.64E-11 3.52E-11
 1.83E-11 8.67E-12 3.59E-12
   342.2 A  10  11 /FILMEM = DW#B3   /TYPE = EXCIT    /INDM = T/ISEL =    5
 1.00E+11 2.00E+11 5.00E+11 1.00E+12 2.00E+12 5.00E+12 1.00E+13 2.00E+13
 5.00E+13 1.00E+14
 1.00E+00 2.00E+00 5.00E+00 1.00E+01 2.00E+01 5.00E+01 1.00E+02 2.00E+02
 5.00E+02 1.00E+03 2.00E+03
 1.00E-74 6.53E-60 1.04E-29 1.16E-19 1.25E-14 9.23E-12 5.99E-11 9.94E-11
 6.78E-11 3.79E-11 1.82E-11
 1.00E-74 6.54E-60 1.04E-29 1.16E-19 1.25E-14 9.23E-12 5.99E-11 9.94E-11
 6.78E-11 3.79E-11 1.82E-11
 1.00E-74 6.55E-60 1.04E-29 1.16E-19 1.25E-14 9.23E-12 5.99E-11 9.94E-11
 6.78E-11 3.79E-11 1.82E-11
 1.00E-74 6.58E-60 1.04E-29 1.16E-19 1.25E-14 9.23E-12 5.99E-11 9.94E-11
 6.77E-11 3.79E-11 1.82E-11
 1.00E-74 6.63E-60 1.05E-29 1.16E-19 1.25E-14 9.23E-12 5.98E-11 9.93E-11
 6.77E-11 3.79E-11 1.81E-11
 1.00E-74 6.77E-60 1.06E-29 1.17E-19 1.26E-14 9.22E-12 5.97E-11 9.91E-11
 6.76E-11 3.78E-11 1.81E-11
 1.00E-74 7.00E-60 1.07E-29 1.18E-19 1.26E-14 9.21E-12 5.96E-11 9.88E-11
 6.73E-11 3.77E-11 1.81E-11
 1.00E-74 7.41E-60 1.10E-29 1.20E-19 1.27E-14 9.19E-12 5.93E-11 9.81E-11
 6.69E-11 3.75E-11 1.80E-11
 1.00E-74 8.41E-60 1.16E-29 1.24E-19 1.29E-14 9.14E-12 5.85E-11 9.63E-11
 6.56E-11 3.68E-11 1.77E-11
 1.00E-74 9.54E-60 1.23E-29 1.29E-19 1.31E-14 9.08E-12 5.73E-11 9.37E-11
 6.38E-11 3.59E-11 1.73E-11
 10663.3 A  10  11 /FILMEM = DW#B3   /TYPE = EXCIT    /INDM = T/ISEL =    6
 1.00E+11 2.00E+11 5.00E+11 1.00E+12 2.00E+12 5.00E+12 1.00E+13 2.00E+13
 5.00E+13 1.00E+14
 1.00E+00 2.00E+00 5.00E+00 1.00E+01 2.00E+01 5.00E+01 1.00E+02 2.00E+02
 5.00E+02 1.00E+03 2.00E+03
 1.00E-74 7.61E-63 1.21E-32 1.35E-22 1.46E-17 1.08E-14 6.98E-14 1.16E-13
 7.90E-14 4.42E-14 2.12E-14
 1.00E-74 7.62E-63 1.21E-32 1.35E-22 1.46E-17 1.08E-14 6.98E-14 1.16E-13
 7.90E-14 4.42E-14 2.12E-14
 1.00E-74 7.64E-63 1.21E-32 1.35E-22 1.46E-17 1.08E-14 6.98E-14 1.16E-13
 7.90E-14 4.42E-14 2.12E-14
 1.00E-74 7.67E-63 1.22E-32 1.36E-22 1.46E-17 1.08E-14 6.98E-14 1.16E-13
 7.90E-14 4.42E-14 2.12E-14
 1.00E-74 7.72E-63 1.22E-32 1.36E-22 1.46E-17 1.08E-14 6.97E-14 1.16E-13
 7.89E-14 4.41E-14 2.12E-14
 1.00E-74 7.89E-63 1.23E-32 1.36E-22 1.46E-17 1.08E-14 6.96E-14 1.16E-13
 7.88E-14 4.40E-14 2.11E-14
 1.00E-74 8.16E-63 1.25E-32 1.37E-22 1.47E-17 1.07E-14 6.95E-14 1.15E-13
 7.85E-14 4.39E-14 2.11E-14
 1.00E-74 8.64E-63 1.28E-32 1.39E-22 1.48E-17 1.07E-14 6.91E-14 1.14E-13
 7.80E-14 4.37E-14 2.10E-14
 1.00E-74 9.80E-63 1.35E-32 1.44E-22 1.50E-17 1.07E-14 6.82E-14 1.12E-13
 7.65E-14 4.29E-14 2.07E-14
 1.00E-74 1.11E-62 1.44E-32 1.50E-22 1.53E-17 1.06E-14 6.68E-14 1.09E-13
 7.44E-14 4.18E-14 2.02E-14
   430.8 A  10  11 /FILMEM = DW#B3   /TYPE = EXCIT    /INDM = T/ISEL =    7
 1.00E+11 2.00E+11 5.00E+11 1.00E+12 2.00E+12 5.00E+12 1.00E+13 2.00E+13
 5.00E+13 1.00E+14
 1.00E+00 2.00E+00 5.00E+00 1.00E+01 2.00E+01 5.00E+01 1.00E+02 2.00E+02
 5.00E+02 1.00E+03 2.00E+03
 1.00E-74 7.62E-61 8.88E-31 8.50E-21 7.37E-16 4.74E-13 3.61E-12 9.34E-12
 1.51E-11 1.57E-11 1.41E-11
 1.00E-74 7.62E-61 8.87E-31 8.50E-21 7.37E-16 4.74E-13 3.61E-12 9.34E-12
 1.51E-11 1.57E-11 1.41E-11
 1.00E-74 7.62E-61 8.87E-31 8.50E-21 7.37E-16 4.74E-13 3.61E-12 9.34E-12
 1.51E-11 1.57E-11 1.41E-11
 1.00E-74 7.63E-61 8.87E-31 8.50E-21 7.37E-16 4.74E-13 3.61E-12 9.33E-12
 1.51E-11 1.57E-11 1.41E-11
 1.00E-74 7.63E-61 8.87E-31 8.49E-21 7.36E-16 4.74E-13 3.61E-12 9.33E-12
 1.51E-11 1.57E-11 1.41E-11
 1.00E-74 7.66E-61 8.85E-31 8.47E-21 7.35E-16 4.73E-13 3.60E-12 9.33E-12
 1.51E-11 1.57E-11 1.41E-11
 1.00E-74 7.69E-61 8.82E-31 8.44E-21 7.32E-16 4.72E-13 3.60E-12 9.32E-12
 1.51E-11 1.57E-11 1.41E-11
 1.00E-74 7.75E-61 8.77E-31 8.39E-21 7.28E-16 4.71E-13 3.59E-12 9.31E-12
 1.50E-11 1.56E-11 1.41E-11
 1.00E-74 7.87E-61 8.63E-31 8.23E-21 7.16E-16 4.65E-13 3.57E-12 9.26E-12
 1.50E-11 1.56E-11 1.41E-11
 1.00E-74 7.94E-61 8.41E-31 8.01E-21 6.98E-16 4.58E-13 3.53E-12 9.18E-12
 1.49E-11 1.55E-11 1.40E-11
   383.1 A  10  11 /FILMEM = DW#B3   /TYPE = EXCIT    /INDM = T/ISEL =    8
 1.00E+11 2.00E+11 5.00E+11 1.00E+12 2.00E+12 5.00E+12 1.00E+13 2.00E+13
 5.00E+13 1.00E+14
 1.00E+00 2.00E+00 5.00E+00 1.00E+01 2.00E+01 5.00E+01 1.00E+02 2.00E+02
 5.00E+02 1.00E+03 2.00E+03
 1.00E-74 1.77E-59 2.99E-29 3.29E-19 3.30E-14 1.95E-11 1.01E-10 1.26E-10
 5.72E-11 2.27E-11 7.42E-12
 1.00E-74 1.78E-59 2.99E-29 3.29E-19 3.30E-14 1.95E-11 1.01E-10 1.26E-10
 5.72E-11 2.27E-11 7.43E-12
 1.00E-74 1.78E-59 3.00E-29 3.30E-19 3.31E-14 1.95E-11 1.01E-10 1.26E-10
 5.73E-11 2.27E-11 7.44E-12
 1.00E-74 1.79E-59 3.01E-29 3.30E-19 3.31E-14 1.96E-11 1.01E-10 1.26E-10
 5.74E-11 2.28E-11 7.46E-12
 1.00E-74 1.81E-59 3.03E-29 3.32E-19 3.32E-14 1.96E-11 1.02E-10 1.27E-10
 5.76E-11 2.29E-11 7.49E-12
 1.00E-74 1.88E-59 3.09E-29 3.36E-19 3.36E-14 1.98E-11 1.02E-10 1.28E-10
 5.82E-11 2.32E-11 7.60E-12
 1.00E-74 1.98E-59 3.18E-29 3.44E-19 3.41E-14 2.01E-11 1.04E-10 1.30E-10
 5.92E-11 2.36E-11 7.79E-12
 1.00E-74 2.16E-59 3.35E-29 3.57E-19 3.52E-14 2.06E-11 1.07E-10 1.34E-10
 6.12E-11 2.45E-11 8.14E-12
 1.00E-74 2.59E-59 3.76E-29 3.91E-19 3.79E-14 2.20E-11 1.14E-10 1.45E-10
 6.68E-11 2.72E-11 9.18E-12
 1.00E-74 3.08E-59 4.24E-29 4.32E-19 4.14E-14 2.39E-11 1.25E-10 1.60E-10
 7.52E-11 3.12E-11 1.08E-11
   423.2 A  10  11 /FILMEM = DW#B3   /TYPE = EXCIT    /INDM = T/ISEL =    9
 1.00E+11 2.00E+11 5.00E+11 1.00E+12 2.00E+12 5.00E+12 1.00E+13 2.00E+13
 5.00E+13 1.00E+14
 1.00E+00 2.00E+00 5.00E+00 1.00E+01 2.00E+01 5.00E+01 1.00E+02 2.00E+02
 5.00E+02 1.00E+03 2.00E+03
 1.00E-74 3.57E-60 4.63E-30 4.23E-20 3.25E-15 1.24E-12 4.94E-12 6.91E-12
 7.79E-12 7.34E-12 6.12E-12
 1.00E-74 3.57E-60 4.63E-30 4.23E-20 3.26E-15 1.24E-12 4.94E-12 6.91E-12
 7.79E-12 7.34E-12 6.12E-12
 1.00E-74 3.58E-60 4.63E-30 4.23E-20 3.26E-15 1.24E-12 4.94E-12 6.91E-12
 7.79E-12 7.34E-12 6.12E-12
 1.00E-74 3.59E-60 4.64E-30 4.23E-20 3.26E-15 1.24E-12 4.94E-12 6.91E-12
 7.79E-12 7.34E-12 6.12E-12
 1.00E-74 3.60E-60 4.64E-30 4.23E-20 3.26E-15 1.24E-12 4.95E-12 6.91E-12
 7.79E-12 7.34E-12 6.12E-12
 1.00E-74 3.65E-60 4.66E-30 4.24E-20 3.26E-15 1.24E-12 4.95E-12 6.91E-12
 7.79E-12 7.34E-12 6.12E-12
 1.00E-74 3.72E-60 4.69E-30 4.26E-20 3.26E-15 1.24E-12 4.95E-12 6.91E-12
 7.79E-12 7.34E-12 6.12E-12
 1.00E-74 3.86E-60 4.75E-30 4.28E-20 3.27E-15 1.24E-12 4.96E-12 6.92E-12
 7.79E-12 7.34E-12 6.12E-12
 1.00E-74 4.18E-60 4.89E-30 4.35E-20 3.30E-15 1.24E-12 4.97E-12 6.93E-12
 7.80E-12 7.35E-12 6.13E-12
 1.00E-74 4.54E-60 5.05E-30 4.42E-20 3.33E-15 1.25E-12 4.99E-12 6.94E-12
 7.81E-12 7.36E-12 6.13E-12
    52.6 A  10  11 /FILMEM = DW#B3   /TYPE = EXCIT    /INDM = T/ISEL =   10
 1.00E+11 2.00E+11 5.00E+11 1.00E+12 2.00E+12 5.00E+12 1.00E+13 2.00E+13
 5.00E+13 1.00E+14
 1.00E+00 2.00E+00 5.00E+00 1.00E+01 2.00E+01 5.00E+01 1.00E+02 2.00E+02
 5.00E+02 1.00E+03 2.00E+03
 1.00E-74 1.34E-60 1.90E-30 1.95E-20 1.82E-15 1.38E-12 1.27E-11 4.14E-11
 9.01E-11 1.15E-10 1.26E-10
 1.00E-74 1.35E-60 1.90E-30 1.95E-20 1.82E-15 1.38E-12 1.27E-11 4.14E-11
 9.01E-11 1.15E-10 1.26E-10
 1.00E-74 1.35E-60 1.90E-30 1.96E-20 1.82E-15 1.38E-12 1.27E-11 4.14E-11
 9.01E-11 1.15E-10 1.26E-10
 1.00E-74 1.35E-60 1.90E-30 1.96E-20 1.82E-15 1.38E-12 1.27E-11 4.14E-11
 9.01E-11 1.15E-10 1.26E-10
 1.00E-74 1.35E-60 1.91E-30 1.96E-20 1.82E-15 1.38E-12 1.27E-11 4.14E-11
 9.01E-11 1.15E-10 1.26E-10
 1.00E-74 1.37E-60 1.91E-30 1.97E-20 1.83E-15 1.38E-12 1.27E-11 4.14E-11
 9.02E-11 1.15E-10 1.26E-10
 1.00E-74 1.39E-60 1.93E-30 1.98E-20 1.83E-15 1.38E-12 1.27E-11 4.14E-11
 9.02E-11 1.15E-10 1.26E-10
 1.00E-74 1.43E-60 1.96E-30 1.99E-20 1.84E-15 1.39E-12 1.27E-11 4.15E-11
 9.02E-11 1.15E-10 1.26E-10
 1.00E-74 1.54E-60 2.02E-30 2.04E-20 1.88E-15 1.40E-12 1.28E-11 4.15E-11
 9.02E-11 1.15E-10 1.26E-10
 1.00E-74 1.66E-60 2.11E-30 2.11E-20 1.92E-15 1.41E-12 1.28E-11 4.16E-11
 9.03E-11 1.15E-10 1.26E-10
   384.2 A  10  11 /FILMEM = DW#B3   /TYPE = EXCIT    /INDM = T/ISEL =   11
 1.00E+11 2.00E+11 5.00E+11 1.00E+12 2.00E+12 5.00E+12 1.00E+13 2.00E+13
 5.00E+13 1.00E+14
 1.00E+00 2.00E+00 5.00E+00 1.00E+01 2.00E+01 5.00E+01 1.00E+02 2.00E+02
 5.00E+02 1.00E+03 2.00E+03
 1.00E-74 5.97E-62 8.43E-32 8.68E-22 8.08E-17 6.13E-14 5.63E-13 1.84E-12
 4.00E-12 5.10E-12 5.60E-12
 1.00E-74 5.97E-62 8.43E-32 8.68E-22 8.08E-17 6.13E-14 5.63E-13 1.84E-12
 4.00E-12 5.10E-12 5.60E-12
 1.00E-74 5.98E-62 8.44E-32 8.68E-22 8.08E-17 6.13E-14 5.63E-13 1.84E-12
 4.00E-12 5.10E-12 5.60E-12
 1.00E-74 5.99E-62 8.44E-32 8.68E-22 8.09E-17 6.13E-14 5.63E-13 1.84E-12
 4.00E-12 5.10E-12 5.60E-12
 1.00E-74 6.01E-62 8.46E-32 8.69E-22 8.09E-17 6.13E-14 5.63E-13 1.84E-12
 4.00E-12 5.10E-12 5.60E-12
 1.00E-74 6.07E-62 8.50E-32 8.72E-22 8.11E-17 6.14E-14 5.63E-13 1.84E-12
 4.00E-12 5.10E-12 5.60E-12
 1.00E-74 6.17E-62 8.56E-32 8.77E-22 8.14E-17 6.15E-14 5.63E-13 1.84E-12
 4.00E-12 5.10E-12 5.60E-12
 1.00E-74 6.36E-62 8.68E-32 8.85E-22 8.19E-17 6.16E-14 5.64E-13 1.84E-12
 4.00E-12 5.10E-12 5.60E-12
 1.00E-74 6.82E-62 8.98E-32 9.07E-22 8.33E-17 6.21E-14 5.66E-13 1.84E-12
 4.01E-12 5.11E-12 5.60E-12
 1.00E-74 7.39E-62 9.36E-32 9.36E-22 8.51E-17 6.28E-14 5.69E-13 1.85E-12
 4.01E-12 5.11E-12 5.61E-12
 16043.6 A  10  11 /FILMEM = DW#B3   /TYPE = EXCIT    /INDM = T/ISEL =   12
 1.00E+11 2.00E+11 5.00E+11 1.00E+12 2.00E+12 5.00E+12 1.00E+13 2.00E+13
 5.00E+13 1.00E+14
 1.00E+00 2.00E+00 5.00E+00 1.00E+01 2.00E+01 5.00E+01 1.00E+02 2.00E+02
 5.00E+02 1.00E+03 2.00E+03
 1.00E-74 1.62E-65 2.29E-35 2.36E-25 2.20E-20 1.67E-17 1.53E-16 5.00E-16
 1.09E-15 1.39E-15 1.52E-15
 1.00E-74 1.62E-65 2.29E-35 2.36E-25 2.20E-20 1.67E-17 1.53E-16 5.00E-16
 1.09E-15 1.39E-15 1.52E-15
 1.00E-74 1.63E-65 2.30E-35 2.36E-25 2.20E-20 1.67E-17 1.53E-16 5.00E-16
 1.09E-15 1.39E-15 1.52E-15
 1.00E-74 1.63E-65 2.30E-35 2.36E-25 2.20E-20 1.67E-17 1.53E-16 5.00E-16
 1.09E-15 1.39E-15 1.52E-15
 1.00E-74 1.64E-65 2.30E-35 2.37E-25 2.20E-20 1.67E-17 1.53E-16 5.00E-16
 1.09E-15 1.39E-15 1.52E-15
 1.00E-74 1.65E-65 2.31E-35 2.37E-25 2.21E-20 1.67E-17 1.53E-16 5.00E-16
 1.09E-15 1.39E-15 1.52E-15
 1.00E-74 1.68E-65 2.33E-35 2.39E-25 2.21E-20 1.67E-17 1.53E-16 5.01E-16
 1.09E-15 1.39E-15 1.52E-15
 1.00E-74 1.73E-65 2.36E-35 2.41E-25 2.23E-20 1.68E-17 1.54E-16 5.01E-16
 1.09E-15 1.39E-15 1.52E-15
 1.00E-74 1.86E-65 2.44E-35 2.47E-25 2.27E-20 1.69E-17 1.54E-16 5.02E-16
 1.09E-15 1.39E-15 1.52E-15
 1.00E-74 2.01E-65 2.55E-35 2.55E-25 2.32E-20 1.71E-17 1.55E-16 5.03E-16
 1.09E-15 1.39E-15 1.53E-15
C-----------------------------------------------------------------------
C
C  PHOTON EMISSIVITY COEFFICIENTS:
C
C  SOURCE SPECIFIC ION   FILE:/JETXLE.HELIKE.DATA(DW#B3)
C  SOURCE IONIS. COEFFT. FILE:/JETSHP.IONELEC.DATA(SZD#B)
C  META. ION. COEFF. SELECTOR:  4(1,1)
C  POPULATION PROCESSING CODE:  ADAS208
C
C  ISEL  WAVELENGTH      TRANSITION            TYPE    METASTABLE  IMET NMET  IP
C  ----  ----------  ------------------------  -----  ------------ ---- ----  --
C   1.    2786.5     3(3)1( 4.0)- 2(3)0( 1.0)  EXCIT                 T     1
C   2.      60.2     5(1)1( 1.0)- 1(1)0( 0.0)  EXCIT                 T     1
C   3.    4564.3     5(1)1( 1.0)- 4(1)0( 0.0)  EXCIT                 T     1
C   4.     404.9     6(3)0( 1.0)- 3(3)1( 4.0)  EXCIT                 T     1
C   5.     342.2     7(3)1( 4.0)- 2(3)0( 1.0)  EXCIT                 T     1
C   6.   10663.3     7(3)1( 4.0)- 6(3)0( 1.0)  EXCIT                 T     1
C   7.     430.8     8(1)0( 0.0)- 5(1)1( 1.0)  EXCIT                 T     1
C   8.     383.1     9(3)2( 7.0)- 3(3)1( 4.0)  EXCIT                 T     1
C   9.     423.2    10(1)2( 2.0)- 5(1)1( 1.0)  EXCIT                 T     1
C  10.      52.6    11(1)1( 1.0)- 1(1)0( 0.0)  EXCIT                 T     1
C  11.     384.2    11(1)1( 1.0)- 4(1)0( 0.0)  EXCIT                 T     1
C  12.   16043.6    11(1)1( 1.0)- 8(1)0( 0.0)  EXCIT                 T     1
C
C   NOTES:  PROCESSED 07/12/93
C
C          CALCULATED WITHOUT PROJECTION BUT INCLUDING IONISATION
C          FROM EXCITED STATES
C-------------------------------------------------------------------------------
 
C---------------------------------------------------------------------------------
C ADAS ADF15 DATA - SCCS info: @(#)$Header: /home/adascvs/adas/adf15/pec93#b/pec93#b_llu#b3.dat,v 2.1 2004/07/07 00:24:30 whitefor Exp $ Date $Date: 2004/07/07 00:24:30 $
C---------------------------------------------------------------------------------
