   39    /B + 3 PHOTON EMISSIVITY COEFFICIENTS/
    61.1 A   8  11 /FILMEM = WJD91#B /TYPE = EXCIT    /INDM = 1/ISEL =    1
 1.64E+01 1.64E+04 1.64E+07 1.64E+10 1.64E+13 1.64E+16 1.64E+19 1.64E+22
 1.38E+00 2.76E+00 6.89E+00 1.38E+01 2.76E+01 6.89E+01 1.38E+02 2.76E+02
 6.89E+02 1.38E+03 2.76E+03
 1.00E-74 8.49E-43 8.62E-24 1.58E-17 1.76E-14 7.10E-13 2.05E-12 1.85E-12
 1.05E-12 4.96E-13 2.08E-13
 1.23E-74 8.49E-43 8.62E-24 1.58E-17 1.76E-14 7.10E-13 2.05E-12 1.85E-12
 1.05E-12 4.96E-13 2.08E-13
 1.23E-74 8.49E-43 8.62E-24 1.58E-17 1.76E-14 7.10E-13 2.05E-12 1.85E-12
 1.05E-12 4.96E-13 2.08E-13
 1.23E-74 8.49E-43 8.62E-24 1.58E-17 1.76E-14 7.10E-13 2.05E-12 1.85E-12
 1.05E-12 4.96E-13 2.08E-13
 1.19E-74 8.22E-43 8.42E-24 1.56E-17 1.74E-14 7.02E-13 2.03E-12 1.84E-12
 1.04E-12 4.93E-13 2.07E-13
 1.00E-74 2.58E-44 3.57E-25 8.31E-19 1.16E-15 6.30E-14 2.11E-13 2.28E-13
 1.61E-13 8.99E-14 4.48E-14
 1.00E-74 3.08E-47 4.54E-28 1.07E-21 1.45E-18 7.44E-17 2.24E-16 2.39E-16
 1.64E-16 9.45E-17 5.03E-17
 1.00E-74 3.28E-50 5.29E-31 1.34E-24 1.89E-21 9.66E-20 2.71E-19 2.96E-19
 1.99E-19 1.19E-19 6.78E-20
  2786.5 A   8  11 /FILMEM = WJD91#B /TYPE = EXCIT    /INDM = 1/ISEL =    2
 1.64E+01 1.64E+04 1.64E+07 1.64E+10 1.64E+13 1.64E+16 1.64E+19 1.64E+22
 1.38E+00 2.76E+00 6.89E+00 1.38E+01 2.76E+01 6.89E+01 1.38E+02 2.76E+02
 6.89E+02 1.38E+03 2.76E+03
 1.00E-74 2.92E-41 2.96E-22 5.45E-16 6.07E-13 2.44E-11 7.05E-11 6.36E-11
 3.61E-11 1.70E-11 7.15E-12
 4.24E-73 2.92E-41 2.96E-22 5.45E-16 6.07E-13 2.44E-11 7.05E-11 6.36E-11
 3.61E-11 1.70E-11 7.15E-12
 4.24E-73 2.92E-41 2.96E-22 5.45E-16 6.07E-13 2.44E-11 7.05E-11 6.36E-11
 3.61E-11 1.70E-11 7.15E-12
 4.24E-73 2.92E-41 2.96E-22 5.45E-16 6.07E-13 2.44E-11 7.05E-11 6.36E-11
 3.61E-11 1.70E-11 7.15E-12
 4.08E-73 2.83E-41 2.90E-22 5.35E-16 5.98E-13 2.42E-11 6.99E-11 6.31E-11
 3.59E-11 1.70E-11 7.12E-12
 1.03E-74 8.88E-43 1.23E-23 2.86E-17 3.99E-14 2.17E-12 7.27E-12 7.86E-12
 5.53E-12 3.09E-12 1.54E-12
 1.00E-74 1.06E-45 1.56E-26 3.67E-20 4.98E-17 2.56E-15 7.72E-15 8.23E-15
 5.63E-15 3.25E-15 1.73E-15
 1.00E-74 1.13E-48 1.82E-29 4.62E-23 6.50E-20 3.32E-18 9.34E-18 1.02E-17
 6.85E-18 4.08E-18 2.33E-18
    60.2 A   8  11 /FILMEM = WJD91#B /TYPE = EXCIT    /INDM = 1/ISEL =    3
 1.64E+01 1.64E+04 1.64E+07 1.64E+10 1.64E+13 1.64E+16 1.64E+19 1.64E+22
 1.38E+00 2.76E+00 6.89E+00 1.38E+01 2.76E+01 6.89E+01 1.38E+02 2.76E+02
 6.89E+02 1.38E+03 2.76E+03
 1.00E-74 6.93E-42 1.38E-22 3.48E-16 5.30E-13 4.09E-11 1.86E-10 3.83E-10
 5.85E-10 6.41E-10 6.48E-10
 1.00E-74 6.93E-42 1.38E-22 3.48E-16 5.30E-13 4.09E-11 1.86E-10 3.83E-10
 5.85E-10 6.41E-10 6.48E-10
 3.96E-74 6.93E-42 1.38E-22 3.48E-16 5.30E-13 4.09E-11 1.86E-10 3.83E-10
 5.85E-10 6.41E-10 6.48E-10
 3.96E-74 6.93E-42 1.38E-22 3.48E-16 5.30E-13 4.09E-11 1.86E-10 3.83E-10
 5.85E-10 6.41E-10 6.48E-10
 4.00E-74 6.97E-42 1.39E-22 3.49E-16 5.31E-13 4.09E-11 1.86E-10 3.83E-10
 5.85E-10 6.41E-10 6.48E-10
 4.93E-74 8.27E-42 1.56E-22 3.77E-16 5.53E-13 4.10E-11 1.83E-10 3.77E-10
 5.78E-10 6.34E-10 6.42E-10
 1.00E-74 2.59E-42 7.52E-23 2.21E-16 3.54E-13 2.59E-11 1.18E-10 2.47E-10
 3.93E-10 4.53E-10 4.83E-10
 1.00E-74 3.76E-45 1.44E-25 5.27E-19 9.69E-16 7.02E-14 3.32E-13 7.02E-13
 1.20E-12 1.52E-12 1.84E-12
  4564.3 A   8  11 /FILMEM = WJD91#B /TYPE = EXCIT    /INDM = 1/ISEL =    4
 1.64E+01 1.64E+04 1.64E+07 1.64E+10 1.64E+13 1.64E+16 1.64E+19 1.64E+22
 1.38E+00 2.76E+00 6.89E+00 1.38E+01 2.76E+01 6.89E+01 1.38E+02 2.76E+02
 6.89E+02 1.38E+03 2.76E+03
 1.00E-74 2.23E-46 4.46E-27 1.12E-20 1.71E-17 1.32E-15 5.99E-15 1.24E-14
 1.89E-14 2.07E-14 2.09E-14
 1.00E-74 2.23E-46 4.46E-27 1.12E-20 1.71E-17 1.32E-15 5.99E-15 1.24E-14
 1.89E-14 2.07E-14 2.09E-14
 1.00E-74 2.23E-46 4.46E-27 1.12E-20 1.71E-17 1.32E-15 5.99E-15 1.24E-14
 1.89E-14 2.07E-14 2.09E-14
 1.00E-74 2.23E-46 4.46E-27 1.12E-20 1.71E-17 1.32E-15 5.99E-15 1.24E-14
 1.89E-14 2.07E-14 2.09E-14
 1.00E-74 2.25E-46 4.47E-27 1.12E-20 1.71E-17 1.32E-15 5.99E-15 1.24E-14
 1.89E-14 2.07E-14 2.09E-14
 1.00E-74 2.67E-46 5.02E-27 1.22E-20 1.78E-17 1.32E-15 5.91E-15 1.22E-14
 1.86E-14 2.04E-14 2.07E-14
 1.00E-74 8.35E-47 2.43E-27 7.14E-21 1.14E-17 8.37E-16 3.82E-15 7.96E-15
 1.27E-14 1.46E-14 1.56E-14
 1.00E-74 1.21E-49 4.66E-30 1.70E-23 3.13E-20 2.27E-18 1.07E-17 2.26E-17
 3.87E-17 4.89E-17 5.93E-17
   404.9 A   8  11 /FILMEM = WJD91#B /TYPE = EXCIT    /INDM = 1/ISEL =    5
 1.64E+01 1.64E+04 1.64E+07 1.64E+10 1.64E+13 1.64E+16 1.64E+19 1.64E+22
 1.38E+00 2.76E+00 6.89E+00 1.38E+01 2.76E+01 6.89E+01 1.38E+02 2.76E+02
 6.89E+02 1.38E+03 2.76E+03
 1.00E-74 1.05E-47 8.34E-26 1.42E-18 5.18E-15 5.04E-13 1.71E-12 2.30E-12
 1.59E-12 8.26E-13 3.84E-13
 1.00E-74 1.05E-47 8.34E-26 1.42E-18 5.18E-15 5.04E-13 1.71E-12 2.30E-12
 1.59E-12 8.26E-13 3.84E-13
 1.00E-74 1.05E-47 8.34E-26 1.42E-18 5.18E-15 5.04E-13 1.71E-12 2.30E-12
 1.59E-12 8.26E-13 3.84E-13
 1.00E-74 1.05E-47 8.34E-26 1.42E-18 5.18E-15 5.04E-13 1.71E-12 2.30E-12
 1.59E-12 8.26E-13 3.84E-13
 1.00E-74 1.06E-47 8.40E-26 1.43E-18 5.20E-15 5.05E-13 1.71E-12 2.30E-12
 1.59E-12 8.27E-13 3.84E-13
 1.00E-74 1.00E-47 6.78E-26 1.09E-18 3.96E-15 4.10E-13 1.48E-12 1.92E-12
 1.37E-12 7.27E-13 3.43E-13
 1.00E-74 3.85E-49 4.55E-27 9.14E-20 2.90E-16 2.12E-14 6.50E-14 7.40E-14
 5.22E-14 3.10E-14 1.72E-14
 1.00E-74 4.81E-52 7.20E-30 1.73E-22 5.76E-19 3.74E-17 1.06E-16 1.17E-16
 8.10E-17 5.21E-17 3.30E-17
   342.2 A   8  11 /FILMEM = WJD91#B /TYPE = EXCIT    /INDM = 1/ISEL =    6
 1.64E+01 1.64E+04 1.64E+07 1.64E+10 1.64E+13 1.64E+16 1.64E+19 1.64E+22
 1.38E+00 2.76E+00 6.89E+00 1.38E+01 2.76E+01 6.89E+01 1.38E+02 2.76E+02
 6.89E+02 1.38E+03 2.76E+03
 1.00E-74 3.25E-47 3.59E-25 6.97E-18 2.63E-14 2.66E-12 8.79E-12 1.12E-11
 7.28E-12 3.59E-12 1.57E-12
 1.00E-74 3.25E-47 3.59E-25 6.97E-18 2.63E-14 2.66E-12 8.79E-12 1.12E-11
 7.28E-12 3.59E-12 1.57E-12
 1.00E-74 3.25E-47 3.59E-25 6.97E-18 2.63E-14 2.66E-12 8.79E-12 1.12E-11
 7.28E-12 3.59E-12 1.57E-12
 1.00E-74 3.25E-47 3.59E-25 6.97E-18 2.63E-14 2.66E-12 8.79E-12 1.12E-11
 7.28E-12 3.59E-12 1.57E-12
 1.00E-74 3.31E-47 3.63E-25 7.01E-18 2.64E-14 2.66E-12 8.81E-12 1.12E-11
 7.28E-12 3.59E-12 1.57E-12
 1.00E-74 3.79E-47 3.23E-25 5.62E-18 2.10E-14 2.22E-12 8.02E-12 1.00E-11
 6.84E-12 3.47E-12 1.56E-12
 1.00E-74 1.51E-48 2.31E-26 5.05E-19 1.67E-15 1.26E-13 3.87E-13 4.43E-13
 3.13E-13 1.87E-13 1.03E-13
 1.00E-74 1.90E-51 3.66E-29 9.57E-22 3.32E-18 2.22E-16 6.30E-16 6.97E-16
 4.87E-16 3.14E-16 1.99E-16
 10663.3 A   8  11 /FILMEM = WJD91#B /TYPE = EXCIT    /INDM = 1/ISEL =    7
 1.64E+01 1.64E+04 1.64E+07 1.64E+10 1.64E+13 1.64E+16 1.64E+19 1.64E+22
 1.38E+00 2.76E+00 6.89E+00 1.38E+01 2.76E+01 6.89E+01 1.38E+02 2.76E+02
 6.89E+02 1.38E+03 2.76E+03
 1.00E-74 3.78E-50 4.19E-28 8.12E-21 3.06E-17 3.10E-15 1.02E-14 1.30E-14
 8.48E-15 4.18E-15 1.83E-15
 1.00E-74 3.78E-50 4.19E-28 8.12E-21 3.06E-17 3.10E-15 1.02E-14 1.30E-14
 8.48E-15 4.18E-15 1.83E-15
 1.00E-74 3.78E-50 4.19E-28 8.12E-21 3.06E-17 3.10E-15 1.02E-14 1.30E-14
 8.48E-15 4.18E-15 1.83E-15
 1.00E-74 3.78E-50 4.19E-28 8.12E-21 3.06E-17 3.10E-15 1.02E-14 1.30E-14
 8.48E-15 4.18E-15 1.83E-15
 1.00E-74 3.85E-50 4.23E-28 8.17E-21 3.08E-17 3.11E-15 1.03E-14 1.31E-14
 8.49E-15 4.18E-15 1.83E-15
 1.00E-74 4.42E-50 3.76E-28 6.55E-21 2.45E-17 2.59E-15 9.35E-15 1.17E-14
 7.97E-15 4.05E-15 1.81E-15
 1.00E-74 1.77E-51 2.69E-29 5.89E-22 1.95E-18 1.47E-16 4.51E-16 5.17E-16
 3.65E-16 2.17E-16 1.21E-16
 1.00E-74 2.21E-54 4.26E-32 1.11E-24 3.87E-21 2.58E-19 7.35E-19 8.13E-19
 5.68E-19 3.66E-19 2.32E-19
   430.8 A   8  11 /FILMEM = WJD91#B /TYPE = EXCIT    /INDM = 1/ISEL =    8
 1.64E+01 1.64E+04 1.64E+07 1.64E+10 1.64E+13 1.64E+16 1.64E+19 1.64E+22
 1.38E+00 2.76E+00 6.89E+00 1.38E+01 2.76E+01 6.89E+01 1.38E+02 2.76E+02
 6.89E+02 1.38E+03 2.76E+03
 1.00E-74 1.10E-47 8.00E-26 1.18E-18 4.28E-15 8.60E-13 5.19E-12 1.14E-11
 1.52E-11 1.57E-11 1.53E-11
 1.00E-74 1.10E-47 8.00E-26 1.18E-18 4.28E-15 8.60E-13 5.19E-12 1.14E-11
 1.52E-11 1.57E-11 1.53E-11
 1.00E-74 1.10E-47 8.00E-26 1.18E-18 4.28E-15 8.60E-13 5.19E-12 1.14E-11
 1.52E-11 1.57E-11 1.53E-11
 1.00E-74 1.10E-47 8.00E-26 1.18E-18 4.28E-15 8.60E-13 5.19E-12 1.14E-11
 1.52E-11 1.57E-11 1.53E-11
 1.00E-74 1.10E-47 7.96E-26 1.17E-18 4.26E-15 8.57E-13 5.17E-12 1.14E-11
 1.52E-11 1.57E-11 1.52E-11
 1.00E-74 1.69E-48 1.35E-26 2.29E-19 9.47E-16 2.05E-13 1.39E-12 3.58E-12
 5.88E-12 6.99E-12 7.65E-12
 1.00E-74 1.31E-49 2.04E-27 4.71E-20 2.00E-16 2.58E-14 1.42E-13 3.27E-13
 5.58E-13 6.60E-13 7.29E-13
 1.00E-74 1.75E-52 3.61E-30 1.04E-22 5.23E-19 6.79E-17 3.89E-16 9.09E-16
 1.66E-15 2.16E-15 2.71E-15
   383.1 A   8  11 /FILMEM = WJD91#B /TYPE = EXCIT    /INDM = 1/ISEL =    9
 1.64E+01 1.64E+04 1.64E+07 1.64E+10 1.64E+13 1.64E+16 1.64E+19 1.64E+22
 1.38E+00 2.76E+00 6.89E+00 1.38E+01 2.76E+01 6.89E+01 1.38E+02 2.76E+02
 6.89E+02 1.38E+03 2.76E+03
 1.00E-74 8.97E-48 1.02E-25 2.00E-18 7.27E-15 6.57E-13 2.01E-12 2.45E-12
 1.39E-12 5.79E-13 2.12E-13
 1.00E-74 8.97E-48 1.02E-25 2.00E-18 7.27E-15 6.57E-13 2.01E-12 2.45E-12
 1.39E-12 5.79E-13 2.12E-13
 1.00E-74 8.97E-48 1.02E-25 2.00E-18 7.27E-15 6.57E-13 2.01E-12 2.45E-12
 1.39E-12 5.79E-13 2.12E-13
 1.00E-74 8.97E-48 1.02E-25 2.00E-18 7.27E-15 6.57E-13 2.01E-12 2.45E-12
 1.39E-12 5.79E-13 2.12E-13
 1.00E-74 1.36E-47 1.25E-25 2.23E-18 7.88E-15 7.11E-13 2.20E-12 2.63E-12
 1.50E-12 6.24E-13 2.28E-13
 1.00E-74 1.58E-46 1.24E-24 1.88E-17 6.27E-14 6.59E-12 2.47E-11 2.83E-11
 1.91E-11 9.32E-12 3.97E-12
 1.00E-74 7.41E-48 1.28E-25 2.93E-18 9.91E-15 7.53E-13 2.33E-12 2.67E-12
 1.89E-12 1.12E-12 6.24E-13
 1.00E-74 9.28E-51 2.03E-28 5.56E-21 1.98E-17 1.33E-15 3.81E-15 4.23E-15
 2.95E-15 1.90E-15 1.21E-15
   423.2 A   8  11 /FILMEM = WJD91#B /TYPE = EXCIT    /INDM = 1/ISEL =   10
 1.64E+01 1.64E+04 1.64E+07 1.64E+10 1.64E+13 1.64E+16 1.64E+19 1.64E+22
 1.38E+00 2.76E+00 6.89E+00 1.38E+01 2.76E+01 6.89E+01 1.38E+02 2.76E+02
 6.89E+02 1.38E+03 2.76E+03
 1.00E-74 4.19E-48 7.19E-26 2.21E-18 1.13E-14 1.20E-12 4.46E-12 7.43E-12
 9.24E-12 6.06E-12 3.32E-12
 1.00E-74 4.19E-48 7.19E-26 2.21E-18 1.13E-14 1.20E-12 4.46E-12 7.43E-12
 9.24E-12 6.06E-12 3.32E-12
 1.00E-74 4.19E-48 7.19E-26 2.21E-18 1.13E-14 1.20E-12 4.46E-12 7.43E-12
 9.24E-12 6.06E-12 3.32E-12
 1.00E-74 4.19E-48 7.19E-26 2.21E-18 1.13E-14 1.20E-12 4.46E-12 7.43E-12
 9.24E-12 6.06E-12 3.32E-12
 1.00E-74 4.45E-48 7.35E-26 2.23E-18 1.14E-14 1.20E-12 4.46E-12 7.43E-12
 9.25E-12 6.06E-12 3.32E-12
 1.00E-74 1.16E-47 1.23E-25 2.74E-18 1.20E-14 1.27E-12 5.00E-12 8.69E-12
 1.10E-11 8.01E-12 5.12E-12
 1.00E-74 2.79E-48 4.88E-26 1.17E-18 5.09E-15 6.62E-13 3.63E-12 8.40E-12
 1.43E-11 1.69E-11 1.86E-11
 1.00E-74 3.76E-51 8.65E-29 2.59E-21 1.33E-17 1.75E-15 1.01E-14 2.36E-14
 4.33E-14 5.64E-14 7.09E-14
    52.6 A   8  11 /FILMEM = WJD91#B /TYPE = EXCIT    /INDM = 1/ISEL =   11
 1.64E+01 1.64E+04 1.64E+07 1.64E+10 1.64E+13 1.64E+16 1.64E+19 1.64E+22
 1.38E+00 2.76E+00 6.89E+00 1.38E+01 2.76E+01 6.89E+01 1.38E+02 2.76E+02
 6.89E+02 1.38E+03 2.76E+03
 1.00E-74 1.29E-47 1.84E-25 4.28E-18 2.14E-14 3.92E-12 2.38E-11 6.06E-11
 1.06E-10 1.23E-10 1.30E-10
 1.00E-74 1.29E-47 1.84E-25 4.28E-18 2.14E-14 3.92E-12 2.38E-11 6.06E-11
 1.06E-10 1.23E-10 1.30E-10
 1.00E-74 1.29E-47 1.84E-25 4.28E-18 2.14E-14 3.92E-12 2.38E-11 6.06E-11
 1.06E-10 1.23E-10 1.30E-10
 1.00E-74 1.29E-47 1.84E-25 4.28E-18 2.14E-14 3.92E-12 2.38E-11 6.06E-11
 1.06E-10 1.23E-10 1.30E-10
 1.00E-74 1.30E-47 1.85E-25 4.30E-18 2.15E-14 3.92E-12 2.39E-11 6.06E-11
 1.06E-10 1.23E-10 1.30E-10
 1.00E-74 2.95E-47 3.09E-25 6.25E-18 2.79E-14 4.65E-12 2.73E-11 6.70E-11
 1.13E-10 1.30E-10 1.35E-10
 1.00E-74 1.22E-47 2.26E-25 5.52E-18 2.41E-14 3.16E-12 1.74E-11 4.04E-11
 6.91E-11 8.17E-11 9.01E-11
 1.00E-74 1.65E-50 4.01E-28 1.22E-20 6.33E-17 8.36E-15 4.82E-14 1.13E-13
 2.07E-13 2.70E-13 3.40E-13
   384.2 A   8  11 /FILMEM = WJD91#B /TYPE = EXCIT    /INDM = 1/ISEL =   12
 1.64E+01 1.64E+04 1.64E+07 1.64E+10 1.64E+13 1.64E+16 1.64E+19 1.64E+22
 1.38E+00 2.76E+00 6.89E+00 1.38E+01 2.76E+01 6.89E+01 1.38E+02 2.76E+02
 6.89E+02 1.38E+03 2.76E+03
 1.00E-74 5.71E-49 8.18E-27 1.90E-19 9.51E-16 1.74E-13 1.06E-12 2.69E-12
 4.70E-12 5.46E-12 5.77E-12
 1.00E-74 5.71E-49 8.18E-27 1.90E-19 9.51E-16 1.74E-13 1.06E-12 2.69E-12
 4.70E-12 5.46E-12 5.77E-12
 1.00E-74 5.71E-49 8.18E-27 1.90E-19 9.51E-16 1.74E-13 1.06E-12 2.69E-12
 4.70E-12 5.46E-12 5.77E-12
 1.00E-74 5.71E-49 8.18E-27 1.90E-19 9.51E-16 1.74E-13 1.06E-12 2.69E-12
 4.70E-12 5.46E-12 5.77E-12
 1.00E-74 5.77E-49 8.22E-27 1.91E-19 9.53E-16 1.74E-13 1.06E-12 2.69E-12
 4.70E-12 5.46E-12 5.77E-12
 1.00E-74 1.31E-48 1.37E-26 2.77E-19 1.24E-15 2.06E-13 1.21E-12 2.97E-12
 5.02E-12 5.75E-12 6.01E-12
 1.00E-74 5.42E-49 1.00E-26 2.45E-19 1.07E-15 1.40E-13 7.73E-13 1.79E-12
 3.07E-12 3.63E-12 4.00E-12
 1.00E-74 7.31E-52 1.78E-29 5.44E-22 2.81E-18 3.71E-16 2.14E-15 5.02E-15
 9.20E-15 1.20E-14 1.51E-14
 16043.6 A   8  11 /FILMEM = WJD91#B /TYPE = EXCIT    /INDM = 1/ISEL =   13
 1.64E+01 1.64E+04 1.64E+07 1.64E+10 1.64E+13 1.64E+16 1.64E+19 1.64E+22
 1.38E+00 2.76E+00 6.89E+00 1.38E+01 2.76E+01 6.89E+01 1.38E+02 2.76E+02
 6.89E+02 1.38E+03 2.76E+03
 1.00E-74 1.55E-52 2.22E-30 5.17E-23 2.59E-19 4.73E-17 2.88E-16 7.32E-16
 1.28E-15 1.49E-15 1.57E-15
 1.00E-74 1.55E-52 2.22E-30 5.17E-23 2.59E-19 4.73E-17 2.88E-16 7.32E-16
 1.28E-15 1.49E-15 1.57E-15
 1.00E-74 1.55E-52 2.22E-30 5.17E-23 2.59E-19 4.73E-17 2.88E-16 7.32E-16
 1.28E-15 1.49E-15 1.57E-15
 1.00E-74 1.55E-52 2.22E-30 5.17E-23 2.59E-19 4.73E-17 2.88E-16 7.32E-16
 1.28E-15 1.49E-15 1.57E-15
 1.00E-74 1.57E-52 2.24E-30 5.19E-23 2.59E-19 4.74E-17 2.88E-16 7.32E-16
 1.28E-15 1.49E-15 1.57E-15
 1.00E-74 3.57E-52 3.73E-30 7.55E-23 3.37E-19 5.62E-17 3.29E-16 8.09E-16
 1.37E-15 1.56E-15 1.64E-15
 1.00E-74 1.48E-52 2.73E-30 6.66E-23 2.91E-19 3.82E-17 2.10E-16 4.88E-16
 8.35E-16 9.87E-16 1.09E-15
 1.00E-74 1.99E-55 4.85E-33 1.48E-25 7.64E-22 1.01E-19 5.82E-19 1.37E-18
 2.50E-18 3.26E-18 4.10E-18
    61.1 A   8  11 /FILMEM = WJD91#B /TYPE = EXCIT    /INDM = 2/ISEL =   14
 1.64E+01 1.64E+04 1.64E+07 1.64E+10 1.64E+13 1.64E+16 1.64E+19 1.64E+22
 1.38E+00 2.76E+00 6.89E+00 1.38E+01 2.76E+01 6.89E+01 1.38E+02 2.76E+02
 6.89E+02 1.38E+03 2.76E+03
 3.99E-10 1.56E-09 2.94E-09 3.20E-09 3.03E-09 2.44E-09 2.11E-09 1.71E-09
 1.29E-09 1.02E-09 7.98E-10
 3.99E-10 1.56E-09 2.94E-09 3.20E-09 3.03E-09 2.44E-09 2.11E-09 1.71E-09
 1.29E-09 1.02E-09 7.98E-10
 3.99E-10 1.56E-09 2.94E-09 3.20E-09 3.03E-09 2.44E-09 2.11E-09 1.71E-09
 1.29E-09 1.02E-09 7.98E-10
 3.99E-10 1.56E-09 2.94E-09 3.20E-09 3.03E-09 2.44E-09 2.11E-09 1.71E-09
 1.29E-09 1.02E-09 7.98E-10
 3.84E-10 1.51E-09 2.87E-09 3.14E-09 2.99E-09 2.42E-09 2.09E-09 1.70E-09
 1.28E-09 1.01E-09 7.95E-10
 9.72E-12 4.74E-11 1.22E-10 1.66E-10 1.95E-10 2.07E-10 2.09E-10 2.01E-10
 1.89E-10 1.78E-10 1.67E-10
 1.02E-14 5.05E-14 1.31E-13 1.79E-13 2.04E-13 2.02E-13 1.95E-13 1.83E-13
 1.70E-13 1.63E-13 1.60E-13
 1.02E-17 5.12E-17 1.35E-16 1.85E-16 2.09E-16 2.03E-16 1.93E-16 1.80E-16
 1.67E-16 1.60E-16 1.55E-16
  2786.5 A   8  11 /FILMEM = WJD91#B /TYPE = EXCIT    /INDM = 2/ISEL =   15
 1.64E+01 1.64E+04 1.64E+07 1.64E+10 1.64E+13 1.64E+16 1.64E+19 1.64E+22
 1.38E+00 2.76E+00 6.89E+00 1.38E+01 2.76E+01 6.89E+01 1.38E+02 2.76E+02
 6.89E+02 1.38E+03 2.76E+03
 1.37E-08 5.36E-08 1.01E-07 1.10E-07 1.04E-07 8.41E-08 7.27E-08 5.89E-08
 4.44E-08 3.50E-08 2.74E-08
 1.37E-08 5.36E-08 1.01E-07 1.10E-07 1.04E-07 8.41E-08 7.27E-08 5.89E-08
 4.44E-08 3.50E-08 2.74E-08
 1.37E-08 5.36E-08 1.01E-07 1.10E-07 1.04E-07 8.41E-08 7.27E-08 5.89E-08
 4.44E-08 3.50E-08 2.74E-08
 1.37E-08 5.36E-08 1.01E-07 1.10E-07 1.04E-07 8.41E-08 7.27E-08 5.89E-08
 4.44E-08 3.50E-08 2.74E-08
 1.32E-08 5.19E-08 9.89E-08 1.08E-07 1.03E-07 8.32E-08 7.20E-08 5.84E-08
 4.41E-08 3.48E-08 2.73E-08
 3.34E-10 1.63E-09 4.18E-09 5.73E-09 6.70E-09 7.13E-09 7.17E-09 6.91E-09
 6.50E-09 6.12E-09 5.76E-09
 3.49E-13 1.74E-12 4.50E-12 6.14E-12 7.00E-12 6.96E-12 6.69E-12 6.29E-12
 5.83E-12 5.62E-12 5.49E-12
 3.51E-16 1.76E-15 4.64E-15 6.37E-15 7.20E-15 7.00E-15 6.64E-15 6.20E-15
 5.73E-15 5.50E-15 5.35E-15
    60.2 A   8  11 /FILMEM = WJD91#B /TYPE = EXCIT    /INDM = 2/ISEL =   16
 1.64E+01 1.64E+04 1.64E+07 1.64E+10 1.64E+13 1.64E+16 1.64E+19 1.64E+22
 1.38E+00 2.76E+00 6.89E+00 1.38E+01 2.76E+01 6.89E+01 1.38E+02 2.76E+02
 6.89E+02 1.38E+03 2.76E+03
 8.92E-11 6.36E-10 1.70E-09 1.85E-09 1.34E-09 8.61E-10 4.60E-10 1.75E-10
 5.22E-11 2.11E-11 9.00E-12
 8.92E-11 6.36E-10 1.70E-09 1.85E-09 1.34E-09 8.61E-10 4.60E-10 1.75E-10
 5.22E-11 2.11E-11 9.00E-12
 8.92E-11 6.36E-10 1.70E-09 1.85E-09 1.34E-09 8.61E-10 4.60E-10 1.75E-10
 5.22E-11 2.11E-11 9.00E-12
 8.92E-11 6.36E-10 1.70E-09 1.85E-09 1.34E-09 8.61E-10 4.60E-10 1.75E-10
 5.22E-11 2.11E-11 9.00E-12
 1.02E-10 7.16E-10 1.84E-09 1.96E-09 1.41E-09 8.94E-10 4.71E-10 1.80E-10
 5.32E-11 2.14E-11 9.10E-12
 4.12E-10 3.13E-09 7.72E-09 7.97E-09 5.98E-09 3.61E-09 1.51E-09 7.17E-10
 1.97E-10 7.52E-11 3.03E-11
 7.70E-11 9.99E-10 3.87E-09 5.18E-09 4.60E-09 2.75E-09 1.18E-09 5.26E-10
 1.52E-10 6.42E-11 2.93E-11
 9.42E-14 1.45E-12 7.44E-12 1.25E-11 1.29E-11 7.66E-12 3.41E-12 1.54E-12
 4.78E-13 2.25E-13 1.18E-13
  4564.3 A   8  11 /FILMEM = WJD91#B /TYPE = EXCIT    /INDM = 2/ISEL =   17
 1.64E+01 1.64E+04 1.64E+07 1.64E+10 1.64E+13 1.64E+16 1.64E+19 1.64E+22
 1.38E+00 2.76E+00 6.89E+00 1.38E+01 2.76E+01 6.89E+01 1.38E+02 2.76E+02
 6.89E+02 1.38E+03 2.76E+03
 2.88E-15 2.05E-14 5.47E-14 5.95E-14 4.32E-14 2.78E-14 1.48E-14 5.65E-15
 1.68E-15 6.80E-16 2.90E-16
 2.88E-15 2.05E-14 5.47E-14 5.95E-14 4.32E-14 2.78E-14 1.48E-14 5.65E-15
 1.68E-15 6.80E-16 2.90E-16
 2.88E-15 2.05E-14 5.47E-14 5.95E-14 4.32E-14 2.78E-14 1.48E-14 5.65E-15
 1.68E-15 6.80E-16 2.90E-16
 2.88E-15 2.05E-14 5.47E-14 5.95E-14 4.32E-14 2.78E-14 1.48E-14 5.65E-15
 1.68E-15 6.80E-16 2.90E-16
 3.29E-15 2.31E-14 5.93E-14 6.33E-14 4.56E-14 2.88E-14 1.52E-14 5.81E-15
 1.72E-15 6.90E-16 2.93E-16
 1.33E-14 1.01E-13 2.49E-13 2.57E-13 1.93E-13 1.16E-13 4.86E-14 2.31E-14
 6.35E-15 2.43E-15 9.77E-16
 2.48E-15 3.22E-14 1.25E-13 1.67E-13 1.49E-13 8.87E-14 3.80E-14 1.70E-14
 4.89E-15 2.07E-15 9.46E-16
 3.04E-18 4.67E-17 2.40E-16 4.02E-16 4.17E-16 2.47E-16 1.10E-16 4.96E-17
 1.54E-17 7.25E-18 3.82E-18
   404.9 A   8  11 /FILMEM = WJD91#B /TYPE = EXCIT    /INDM = 2/ISEL =   18
 1.64E+01 1.64E+04 1.64E+07 1.64E+10 1.64E+13 1.64E+16 1.64E+19 1.64E+22
 1.38E+00 2.76E+00 6.89E+00 1.38E+01 2.76E+01 6.89E+01 1.38E+02 2.76E+02
 6.89E+02 1.38E+03 2.76E+03
 4.29E-20 1.06E-14 1.49E-11 1.46E-10 4.40E-10 7.77E-10 8.18E-10 7.33E-10
 5.58E-10 4.24E-10 3.15E-10
 4.29E-20 1.06E-14 1.49E-11 1.46E-10 4.40E-10 7.77E-10 8.18E-10 7.33E-10
 5.58E-10 4.24E-10 3.15E-10
 4.29E-20 1.06E-14 1.49E-11 1.46E-10 4.40E-10 7.77E-10 8.18E-10 7.33E-10
 5.58E-10 4.24E-10 3.15E-10
 4.29E-20 1.06E-14 1.49E-11 1.46E-10 4.40E-10 7.77E-10 8.18E-10 7.33E-10
 5.58E-10 4.24E-10 3.15E-10
 4.38E-20 1.08E-14 1.51E-11 1.47E-10 4.42E-10 7.79E-10 8.21E-10 7.36E-10
 5.61E-10 4.26E-10 3.17E-10
 6.39E-20 1.32E-14 1.49E-11 1.29E-10 3.71E-10 7.14E-10 8.23E-10 8.15E-10
 7.23E-10 6.12E-10 5.12E-10
 1.22E-21 3.85E-16 7.09E-13 7.57E-12 2.05E-11 3.22E-11 3.48E-11 3.45E-11
 3.42E-11 3.33E-11 3.33E-11
 1.29E-24 4.32E-19 8.80E-16 1.01E-14 2.58E-14 3.57E-14 3.70E-14 3.64E-14
 3.62E-14 3.55E-14 3.59E-14
   342.2 A   8  11 /FILMEM = WJD91#B /TYPE = EXCIT    /INDM = 2/ISEL =   19
 1.64E+01 1.64E+04 1.64E+07 1.64E+10 1.64E+13 1.64E+16 1.64E+19 1.64E+22
 1.38E+00 2.76E+00 6.89E+00 1.38E+01 2.76E+01 6.89E+01 1.38E+02 2.76E+02
 6.89E+02 1.38E+03 2.76E+03
 1.97E-20 7.44E-15 1.36E-11 1.47E-10 5.00E-10 1.19E-09 1.67E-09 1.97E-09
 2.04E-09 1.92E-09 1.76E-09
 1.97E-20 7.44E-15 1.36E-11 1.47E-10 5.00E-10 1.19E-09 1.67E-09 1.97E-09
 2.04E-09 1.92E-09 1.76E-09
 1.97E-20 7.44E-15 1.36E-11 1.47E-10 5.00E-10 1.19E-09 1.67E-09 1.97E-09
 2.04E-09 1.92E-09 1.76E-09
 1.97E-20 7.44E-15 1.36E-11 1.47E-10 5.00E-10 1.19E-09 1.67E-09 1.97E-09
 2.04E-09 1.92E-09 1.76E-09
 2.41E-20 8.69E-15 1.52E-11 1.60E-10 5.29E-10 1.22E-09 1.70E-09 1.99E-09
 2.05E-09 1.92E-09 1.76E-09
 1.65E-19 5.04E-14 6.96E-11 6.36E-10 1.86E-09 3.67E-09 4.24E-09 4.15E-09
 3.63E-09 3.04E-09 2.52E-09
 3.16E-21 1.52E-15 3.60E-12 4.18E-11 1.18E-10 1.91E-10 2.08E-10 2.08E-10
 2.07E-10 2.02E-10 2.02E-10
 3.35E-24 1.70E-18 4.47E-15 5.56E-14 1.49E-13 2.12E-13 2.22E-13 2.19E-13
 2.19E-13 2.15E-13 2.18E-13
 10663.3 A   8  11 /FILMEM = WJD91#B /TYPE = EXCIT    /INDM = 2/ISEL =   20
 1.64E+01 1.64E+04 1.64E+07 1.64E+10 1.64E+13 1.64E+16 1.64E+19 1.64E+22
 1.38E+00 2.76E+00 6.89E+00 1.38E+01 2.76E+01 6.89E+01 1.38E+02 2.76E+02
 6.89E+02 1.38E+03 2.76E+03
 2.30E-23 8.67E-18 1.59E-14 1.72E-13 5.83E-13 1.38E-12 1.94E-12 2.30E-12
 2.38E-12 2.23E-12 2.05E-12
 2.30E-23 8.67E-18 1.59E-14 1.72E-13 5.83E-13 1.38E-12 1.94E-12 2.30E-12
 2.38E-12 2.23E-12 2.05E-12
 2.30E-23 8.67E-18 1.59E-14 1.72E-13 5.83E-13 1.38E-12 1.94E-12 2.30E-12
 2.38E-12 2.23E-12 2.05E-12
 2.30E-23 8.67E-18 1.59E-14 1.72E-13 5.83E-13 1.38E-12 1.94E-12 2.30E-12
 2.38E-12 2.23E-12 2.05E-12
 2.81E-23 1.01E-17 1.77E-14 1.86E-13 6.17E-13 1.43E-12 1.98E-12 2.32E-12
 2.39E-12 2.24E-12 2.05E-12
 1.93E-22 5.87E-17 8.11E-14 7.42E-13 2.17E-12 4.28E-12 4.94E-12 4.83E-12
 4.23E-12 3.54E-12 2.94E-12
 3.69E-24 1.77E-18 4.19E-15 4.88E-14 1.38E-13 2.22E-13 2.43E-13 2.42E-13
 2.41E-13 2.36E-13 2.35E-13
 3.90E-27 1.99E-21 5.21E-18 6.48E-17 1.73E-16 2.47E-16 2.58E-16 2.55E-16
 2.55E-16 2.51E-16 2.54E-16
   430.8 A   8  11 /FILMEM = WJD91#B /TYPE = EXCIT    /INDM = 2/ISEL =   21
 1.64E+01 1.64E+04 1.64E+07 1.64E+10 1.64E+13 1.64E+16 1.64E+19 1.64E+22
 1.38E+00 2.76E+00 6.89E+00 1.38E+01 2.76E+01 6.89E+01 1.38E+02 2.76E+02
 6.89E+02 1.38E+03 2.76E+03
 3.32E-21 8.37E-16 1.02E-12 7.74E-12 1.53E-11 1.86E-11 8.70E-12 4.64E-12
 1.62E-12 6.67E-13 2.77E-13
 3.32E-21 8.37E-16 1.02E-12 7.74E-12 1.53E-11 1.86E-11 8.70E-12 4.64E-12
 1.62E-12 6.67E-13 2.77E-13
 3.32E-21 8.37E-16 1.02E-12 7.74E-12 1.53E-11 1.86E-11 8.70E-12 4.64E-12
 1.62E-12 6.67E-13 2.77E-13
 3.32E-21 8.37E-16 1.02E-12 7.74E-12 1.53E-11 1.86E-11 8.70E-12 4.64E-12
 1.62E-12 6.67E-13 2.77E-13
 3.56E-21 8.88E-16 1.07E-12 8.08E-12 1.59E-11 1.90E-11 8.93E-12 4.72E-12
 1.64E-12 6.73E-13 2.79E-13
 2.81E-21 6.10E-16 7.15E-13 6.05E-12 1.37E-11 1.56E-11 9.82E-12 5.31E-12
 1.97E-12 8.18E-13 3.32E-13
 2.09E-22 9.94E-17 2.23E-13 2.39E-12 5.30E-12 5.00E-12 2.60E-12 1.18E-12
 3.96E-13 1.88E-13 9.48E-14
 2.29E-25 1.20E-19 3.22E-16 4.03E-15 1.04E-14 1.03E-14 5.52E-15 2.62E-15
 9.05E-16 4.54E-16 2.52E-16
   383.1 A   8  11 /FILMEM = WJD91#B /TYPE = EXCIT    /INDM = 2/ISEL =   22
 1.64E+01 1.64E+04 1.64E+07 1.64E+10 1.64E+13 1.64E+16 1.64E+19 1.64E+22
 1.38E+00 2.76E+00 6.89E+00 1.38E+01 2.76E+01 6.89E+01 1.38E+02 2.76E+02
 6.89E+02 1.38E+03 2.76E+03
 3.89E-20 1.95E-14 4.46E-11 5.29E-10 1.69E-09 2.81E-09 2.87E-09 2.42E-09
 1.74E-09 1.01E-09 5.39E-10
 3.89E-20 1.95E-14 4.46E-11 5.29E-10 1.69E-09 2.81E-09 2.87E-09 2.42E-09
 1.74E-09 1.01E-09 5.39E-10
 3.89E-20 1.95E-14 4.46E-11 5.29E-10 1.69E-09 2.81E-09 2.87E-09 2.42E-09
 1.74E-09 1.01E-09 5.39E-10
 3.90E-20 1.95E-14 4.46E-11 5.29E-10 1.69E-09 2.81E-09 2.87E-09 2.42E-09
 1.75E-09 1.01E-09 5.39E-10
 7.20E-20 2.78E-14 5.20E-11 5.75E-10 1.79E-09 2.99E-09 3.06E-09 2.58E-09
 1.87E-09 1.10E-09 6.01E-10
 7.45E-19 2.59E-13 3.61E-10 3.10E-09 8.68E-09 1.83E-08 2.19E-08 2.18E-08
 2.02E-08 1.67E-08 1.35E-08
 1.27E-20 7.51E-15 2.01E-11 2.44E-10 7.04E-10 1.16E-09 1.28E-09 1.28E-09
 1.29E-09 1.26E-09 1.26E-09
 1.34E-23 8.41E-18 2.50E-14 3.24E-13 8.88E-13 1.29E-12 1.36E-12 1.35E-12
 1.36E-12 1.34E-12 1.36E-12
   423.2 A   8  11 /FILMEM = WJD91#B /TYPE = EXCIT    /INDM = 2/ISEL =   23
 1.64E+01 1.64E+04 1.64E+07 1.64E+10 1.64E+13 1.64E+16 1.64E+19 1.64E+22
 1.38E+00 2.76E+00 6.89E+00 1.38E+01 2.76E+01 6.89E+01 1.38E+02 2.76E+02
 6.89E+02 1.38E+03 2.76E+03
 1.05E-20 3.96E-15 6.38E-12 5.63E-11 1.21E-10 1.25E-10 6.81E-11 3.46E-11
 1.12E-11 4.03E-12 1.39E-12
 1.05E-20 3.96E-15 6.38E-12 5.63E-11 1.21E-10 1.25E-10 6.81E-11 3.46E-11
 1.12E-11 4.03E-12 1.39E-12
 1.05E-20 3.96E-15 6.38E-12 5.63E-11 1.21E-10 1.25E-10 6.81E-11 3.46E-11
 1.12E-11 4.03E-12 1.39E-12
 1.05E-20 3.96E-15 6.38E-12 5.63E-11 1.21E-10 1.25E-10 6.81E-11 3.46E-11
 1.12E-11 4.03E-12 1.39E-12
 1.20E-20 4.43E-15 6.92E-12 6.01E-11 1.28E-10 1.29E-10 7.03E-11 3.55E-11
 1.14E-11 4.08E-12 1.41E-12
 4.38E-20 1.49E-14 2.28E-11 2.03E-10 4.48E-10 4.39E-10 2.51E-10 1.21E-10
 3.75E-11 1.29E-11 4.31E-12
 3.69E-21 2.12E-15 5.35E-12 5.96E-11 1.35E-10 1.29E-10 6.81E-11 3.13E-11
 1.05E-11 5.02E-12 2.57E-12
 4.06E-24 2.57E-18 7.70E-15 1.00E-13 2.63E-13 2.65E-13 1.44E-13 6.88E-14
 2.38E-14 1.20E-14 6.67E-15
    52.6 A   8  11 /FILMEM = WJD91#B /TYPE = EXCIT    /INDM = 2/ISEL =   24
 1.64E+01 1.64E+04 1.64E+07 1.64E+10 1.64E+13 1.64E+16 1.64E+19 1.64E+22
 1.38E+00 2.76E+00 6.89E+00 1.38E+01 2.76E+01 6.89E+01 1.38E+02 2.76E+02
 6.89E+02 1.38E+03 2.76E+03
 3.60E-21 1.27E-15 2.02E-12 1.78E-11 3.77E-11 4.20E-11 2.35E-11 1.34E-11
 4.57E-12 1.91E-12 8.57E-13
 3.60E-21 1.27E-15 2.02E-12 1.78E-11 3.77E-11 4.20E-11 2.35E-11 1.34E-11
 4.57E-12 1.91E-12 8.57E-13
 3.60E-21 1.27E-15 2.02E-12 1.78E-11 3.77E-11 4.20E-11 2.35E-11 1.34E-11
 4.57E-12 1.91E-12 8.57E-13
 3.60E-21 1.27E-15 2.02E-12 1.78E-11 3.77E-11 4.20E-11 2.35E-11 1.34E-11
 4.57E-12 1.91E-12 8.57E-13
 4.08E-21 1.42E-15 2.22E-12 1.92E-11 4.04E-11 4.40E-11 2.46E-11 1.38E-11
 4.67E-12 1.94E-12 8.65E-13
 5.87E-20 1.77E-14 2.33E-11 1.89E-10 3.90E-10 3.51E-10 1.95E-10 9.05E-11
 2.63E-11 8.91E-12 3.04E-12
 1.47E-20 9.30E-15 2.47E-11 2.80E-10 6.39E-10 6.12E-10 3.20E-10 1.46E-10
 4.90E-11 2.32E-11 1.17E-11
 1.62E-23 1.13E-17 3.57E-14 4.73E-13 1.25E-12 1.26E-12 6.84E-13 3.26E-13
 1.13E-13 5.67E-14 3.15E-14
   384.2 A   8  11 /FILMEM = WJD91#B /TYPE = EXCIT    /INDM = 2/ISEL =   25
 1.64E+01 1.64E+04 1.64E+07 1.64E+10 1.64E+13 1.64E+16 1.64E+19 1.64E+22
 1.38E+00 2.76E+00 6.89E+00 1.38E+01 2.76E+01 6.89E+01 1.38E+02 2.76E+02
 6.89E+02 1.38E+03 2.76E+03
 1.60E-22 5.63E-17 8.98E-14 7.88E-13 1.67E-12 1.86E-12 1.04E-12 5.95E-13
 2.03E-13 8.46E-14 3.80E-14
 1.60E-22 5.63E-17 8.98E-14 7.88E-13 1.67E-12 1.86E-12 1.04E-12 5.95E-13
 2.03E-13 8.46E-14 3.80E-14
 1.60E-22 5.63E-17 8.98E-14 7.88E-13 1.67E-12 1.86E-12 1.04E-12 5.95E-13
 2.03E-13 8.46E-14 3.80E-14
 1.60E-22 5.63E-17 8.98E-14 7.88E-13 1.67E-12 1.86E-12 1.04E-12 5.95E-13
 2.03E-13 8.46E-14 3.80E-14
 1.81E-22 6.30E-17 9.83E-14 8.52E-13 1.79E-12 1.95E-12 1.09E-12 6.15E-13
 2.07E-13 8.59E-14 3.84E-14
 2.61E-21 7.86E-16 1.03E-12 8.39E-12 1.73E-11 1.56E-11 8.64E-12 4.02E-12
 1.17E-12 3.95E-13 1.35E-13
 6.54E-22 4.13E-16 1.10E-12 1.24E-11 2.83E-11 2.72E-11 1.42E-11 6.50E-12
 2.18E-12 1.03E-12 5.20E-13
 7.21E-25 5.01E-19 1.59E-15 2.10E-14 5.57E-14 5.61E-14 3.04E-14 1.45E-14
 5.01E-15 2.52E-15 1.40E-15
 16043.6 A   8  11 /FILMEM = WJD91#B /TYPE = EXCIT    /INDM = 2/ISEL =   26
 1.64E+01 1.64E+04 1.64E+07 1.64E+10 1.64E+13 1.64E+16 1.64E+19 1.64E+22
 1.38E+00 2.76E+00 6.89E+00 1.38E+01 2.76E+01 6.89E+01 1.38E+02 2.76E+02
 6.89E+02 1.38E+03 2.76E+03
 4.35E-26 1.53E-20 2.44E-17 2.14E-16 4.55E-16 5.07E-16 2.84E-16 1.62E-16
 5.52E-17 2.30E-17 1.04E-17
 4.35E-26 1.53E-20 2.44E-17 2.14E-16 4.55E-16 5.07E-16 2.84E-16 1.62E-16
 5.52E-17 2.30E-17 1.04E-17
 4.35E-26 1.53E-20 2.44E-17 2.14E-16 4.55E-16 5.07E-16 2.84E-16 1.62E-16
 5.52E-17 2.30E-17 1.04E-17
 4.35E-26 1.53E-20 2.44E-17 2.14E-16 4.55E-16 5.07E-16 2.84E-16 1.62E-16
 5.52E-17 2.30E-17 1.04E-17
 4.92E-26 1.72E-20 2.68E-17 2.32E-16 4.88E-16 5.31E-16 2.97E-16 1.67E-16
 5.64E-17 2.34E-17 1.04E-17
 7.09E-25 2.14E-19 2.81E-16 2.28E-15 4.71E-15 4.24E-15 2.35E-15 1.09E-15
 3.17E-16 1.08E-16 3.67E-17
 1.78E-25 1.12E-19 2.99E-16 3.38E-15 7.71E-15 7.39E-15 3.87E-15 1.77E-15
 5.92E-16 2.81E-16 1.41E-16
 1.96E-28 1.36E-22 4.31E-19 5.71E-18 1.51E-17 1.53E-17 8.26E-18 3.94E-18
 1.36E-18 6.85E-19 3.81E-19
    61.1 A   8  11 /FILMEM = WJD91#B /TYPE = RECOM    /INDM =+1/ISEL =   27
 1.64E+01 1.64E+04 1.64E+07 1.64E+10 1.64E+13 1.64E+16 1.64E+19 1.64E+22
 1.38E+00 2.76E+00 6.89E+00 1.38E+01 2.76E+01 6.89E+01 1.38E+02 2.76E+02
 6.89E+02 1.38E+03 2.76E+03
 2.46E-14 1.62E-14 9.42E-15 6.18E-15 3.88E-15 3.34E-15 3.72E-15 2.70E-15
 1.10E-15 4.61E-16 1.89E-16
 2.46E-14 1.62E-14 9.42E-15 6.18E-15 3.88E-15 3.34E-15 3.72E-15 2.70E-15
 1.10E-15 4.61E-16 1.89E-16
 2.46E-14 1.62E-14 9.42E-15 6.18E-15 3.88E-15 3.34E-15 3.72E-15 2.70E-15
 1.10E-15 4.61E-16 1.89E-16
 2.46E-14 1.62E-14 9.42E-15 6.18E-15 3.88E-15 3.34E-15 3.72E-15 2.70E-15
 1.10E-15 4.61E-16 1.89E-16
 2.37E-14 1.57E-14 9.21E-15 6.07E-15 3.82E-15 3.30E-15 3.68E-15 2.68E-15
 1.09E-15 4.59E-16 1.88E-16
 7.33E-16 5.96E-16 4.63E-16 3.76E-16 2.85E-16 2.91E-16 3.53E-16 2.97E-16
 1.48E-16 7.36E-17 3.59E-17
 4.14E-17 2.43E-17 1.11E-17 5.44E-18 2.34E-18 8.70E-19 4.57E-19 2.53E-19
 1.03E-19 4.95E-20 2.43E-20
 4.25E-17 2.61E-17 1.27E-17 6.36E-18 2.46E-18 6.53E-19 2.21E-19 8.16E-20
 2.21E-20 8.14E-21 2.96E-21
  2786.5 A   8  11 /FILMEM = WJD91#B /TYPE = RECOM    /INDM =+1/ISEL =   28
 1.64E+01 1.64E+04 1.64E+07 1.64E+10 1.64E+13 1.64E+16 1.64E+19 1.64E+22
 1.38E+00 2.76E+00 6.89E+00 1.38E+01 2.76E+01 6.89E+01 1.38E+02 2.76E+02
 6.89E+02 1.38E+03 2.76E+03
 8.48E-13 5.57E-13 3.24E-13 2.12E-13 1.33E-13 1.15E-13 1.28E-13 9.29E-14
 3.78E-14 1.59E-14 6.50E-15
 8.48E-13 5.57E-13 3.24E-13 2.12E-13 1.33E-13 1.15E-13 1.28E-13 9.29E-14
 3.78E-14 1.59E-14 6.50E-15
 8.48E-13 5.57E-13 3.24E-13 2.12E-13 1.33E-13 1.15E-13 1.28E-13 9.29E-14
 3.78E-14 1.59E-14 6.50E-15
 8.48E-13 5.57E-13 3.24E-13 2.12E-13 1.33E-13 1.15E-13 1.28E-13 9.29E-14
 3.78E-14 1.59E-14 6.50E-15
 8.16E-13 5.40E-13 3.17E-13 2.09E-13 1.31E-13 1.13E-13 1.27E-13 9.21E-14
 3.76E-14 1.58E-14 6.47E-15
 2.52E-14 2.05E-14 1.59E-14 1.29E-14 9.82E-15 1.00E-14 1.21E-14 1.02E-14
 5.09E-15 2.53E-15 1.24E-15
 1.42E-15 8.36E-16 3.81E-16 1.87E-16 8.04E-17 2.99E-17 1.57E-17 8.70E-18
 3.55E-18 1.70E-18 8.37E-19
 1.46E-15 8.96E-16 4.36E-16 2.19E-16 8.48E-17 2.25E-17 7.61E-18 2.81E-18
 7.61E-19 2.80E-19 1.02E-19
    60.2 A   8  11 /FILMEM = WJD91#B /TYPE = RECOM    /INDM =+1/ISEL =   29
 1.64E+01 1.64E+04 1.64E+07 1.64E+10 1.64E+13 1.64E+16 1.64E+19 1.64E+22
 1.38E+00 2.76E+00 6.89E+00 1.38E+01 2.76E+01 6.89E+01 1.38E+02 2.76E+02
 6.89E+02 1.38E+03 2.76E+03
 2.50E-13 1.90E-13 1.25E-13 8.79E-14 6.51E-14 1.02E-13 1.28E-13 9.38E-14
 3.85E-14 1.66E-14 7.01E-15
 2.50E-13 1.90E-13 1.25E-13 8.79E-14 6.51E-14 1.02E-13 1.28E-13 9.38E-14
 3.85E-14 1.66E-14 7.01E-15
 2.50E-13 1.90E-13 1.25E-13 8.79E-14 6.51E-14 1.02E-13 1.28E-13 9.38E-14
 3.85E-14 1.66E-14 7.01E-15
 2.50E-13 1.90E-13 1.25E-13 8.79E-14 6.51E-14 1.02E-13 1.28E-13 9.38E-14
 3.85E-14 1.66E-14 7.01E-15
 2.50E-13 1.91E-13 1.25E-13 8.81E-14 6.52E-14 1.02E-13 1.28E-13 9.38E-14
 3.85E-14 1.66E-14 7.01E-15
 2.69E-13 2.15E-13 1.42E-13 9.71E-14 6.82E-14 9.83E-14 1.19E-13 8.69E-14
 3.58E-14 1.56E-14 6.65E-15
 2.72E-12 2.74E-12 1.79E-12 9.56E-13 3.80E-13 1.33E-13 9.34E-14 5.71E-14
 2.23E-14 9.82E-15 4.32E-15
 3.30E-12 3.97E-12 3.47E-12 2.30E-12 9.93E-13 2.10E-13 6.89E-14 2.23E-14
 5.32E-15 1.84E-15 6.43E-16
  4564.3 A   8  11 /FILMEM = WJD91#B /TYPE = RECOM    /INDM =+1/ISEL =   30
 1.64E+01 1.64E+04 1.64E+07 1.64E+10 1.64E+13 1.64E+16 1.64E+19 1.64E+22
 1.38E+00 2.76E+00 6.89E+00 1.38E+01 2.76E+01 6.89E+01 1.38E+02 2.76E+02
 6.89E+02 1.38E+03 2.76E+03
 8.05E-18 6.14E-18 4.02E-18 2.84E-18 2.10E-18 3.30E-18 4.14E-18 3.03E-18
 1.24E-18 5.35E-19 2.26E-19
 8.05E-18 6.14E-18 4.02E-18 2.84E-18 2.10E-18 3.30E-18 4.14E-18 3.03E-18
 1.24E-18 5.35E-19 2.26E-19
 8.05E-18 6.14E-18 4.02E-18 2.84E-18 2.10E-18 3.30E-18 4.14E-18 3.03E-18
 1.24E-18 5.35E-19 2.26E-19
 8.05E-18 6.14E-18 4.02E-18 2.84E-18 2.10E-18 3.30E-18 4.14E-18 3.03E-18
 1.24E-18 5.35E-19 2.26E-19
 8.07E-18 6.16E-18 4.03E-18 2.84E-18 2.10E-18 3.30E-18 4.14E-18 3.03E-18
 1.24E-18 5.35E-19 2.26E-19
 8.66E-18 6.93E-18 4.57E-18 3.13E-18 2.20E-18 3.17E-18 3.85E-18 2.80E-18
 1.16E-18 5.03E-19 2.15E-19
 8.76E-17 8.83E-17 5.76E-17 3.08E-17 1.23E-17 4.29E-18 3.01E-18 1.84E-18
 7.20E-19 3.17E-19 1.39E-19
 1.06E-16 1.28E-16 1.12E-16 7.43E-17 3.20E-17 6.79E-18 2.22E-18 7.21E-19
 1.72E-19 5.92E-20 2.07E-20
   404.9 A   8  11 /FILMEM = WJD91#B /TYPE = RECOM    /INDM =+1/ISEL =   31
 1.64E+01 1.64E+04 1.64E+07 1.64E+10 1.64E+13 1.64E+16 1.64E+19 1.64E+22
 1.38E+00 2.76E+00 6.89E+00 1.38E+01 2.76E+01 6.89E+01 1.38E+02 2.76E+02
 6.89E+02 1.38E+03 2.76E+03
 7.01E-14 5.11E-14 3.36E-14 2.38E-14 1.69E-14 2.19E-14 2.85E-14 2.17E-14
 9.18E-15 3.98E-15 1.68E-15
 7.01E-14 5.11E-14 3.36E-14 2.38E-14 1.69E-14 2.19E-14 2.85E-14 2.17E-14
 9.18E-15 3.98E-15 1.68E-15
 7.01E-14 5.11E-14 3.36E-14 2.38E-14 1.69E-14 2.19E-14 2.85E-14 2.17E-14
 9.18E-15 3.98E-15 1.68E-15
 7.01E-14 5.11E-14 3.36E-14 2.38E-14 1.69E-14 2.19E-14 2.85E-14 2.17E-14
 9.18E-15 3.98E-15 1.68E-15
 7.03E-14 5.10E-14 3.35E-14 2.37E-14 1.68E-14 2.19E-14 2.84E-14 2.17E-14
 9.16E-15 3.98E-15 1.68E-15
 4.77E-14 2.27E-14 1.17E-14 8.00E-15 5.89E-15 7.44E-15 1.01E-14 8.39E-15
 4.03E-15 1.92E-15 8.90E-16
 5.46E-14 2.49E-14 1.23E-14 7.21E-15 3.27E-15 9.59E-16 4.88E-16 2.60E-16
 9.99E-17 4.61E-17 2.18E-17
 5.56E-14 2.57E-14 1.32E-14 8.17E-15 3.74E-15 8.82E-16 2.95E-16 1.02E-16
 2.51E-17 8.85E-18 3.11E-18
   342.2 A   8  11 /FILMEM = WJD91#B /TYPE = RECOM    /INDM =+1/ISEL =   32
 1.64E+01 1.64E+04 1.64E+07 1.64E+10 1.64E+13 1.64E+16 1.64E+19 1.64E+22
 1.38E+00 2.76E+00 6.89E+00 1.38E+01 2.76E+01 6.89E+01 1.38E+02 2.76E+02
 6.89E+02 1.38E+03 2.76E+03
 2.74E-13 1.80E-13 1.04E-13 6.72E-14 4.15E-14 2.70E-14 2.43E-14 1.64E-14
 6.43E-15 2.67E-15 1.08E-15
 2.74E-13 1.80E-13 1.04E-13 6.72E-14 4.15E-14 2.70E-14 2.43E-14 1.64E-14
 6.43E-15 2.67E-15 1.08E-15
 2.74E-13 1.80E-13 1.04E-13 6.72E-14 4.15E-14 2.70E-14 2.43E-14 1.64E-14
 6.43E-15 2.67E-15 1.08E-15
 2.74E-13 1.80E-13 1.04E-13 6.72E-14 4.15E-14 2.70E-14 2.43E-14 1.64E-14
 6.43E-15 2.67E-15 1.08E-15
 2.73E-13 1.80E-13 1.04E-13 6.72E-14 4.15E-14 2.71E-14 2.44E-14 1.65E-14
 6.46E-15 2.68E-15 1.08E-15
 1.16E-13 7.66E-14 4.71E-14 3.37E-14 2.45E-14 2.65E-14 3.22E-14 2.46E-14
 1.04E-14 4.42E-15 1.81E-15
 1.41E-13 9.76E-14 6.21E-14 3.97E-14 1.88E-14 5.64E-15 2.88E-15 1.53E-15
 5.84E-16 2.68E-16 1.26E-16
 1.43E-13 1.01E-13 6.66E-14 4.51E-14 2.15E-14 5.21E-15 1.76E-15 6.07E-16
 1.50E-16 5.30E-17 1.86E-17
 10663.3 A   8  11 /FILMEM = WJD91#B /TYPE = RECOM    /INDM =+1/ISEL =   33
 1.64E+01 1.64E+04 1.64E+07 1.64E+10 1.64E+13 1.64E+16 1.64E+19 1.64E+22
 1.38E+00 2.76E+00 6.89E+00 1.38E+01 2.76E+01 6.89E+01 1.38E+02 2.76E+02
 6.89E+02 1.38E+03 2.76E+03
 3.19E-16 2.10E-16 1.21E-16 7.84E-17 4.83E-17 3.15E-17 2.83E-17 1.91E-17
 7.50E-18 3.11E-18 1.26E-18
 3.19E-16 2.10E-16 1.21E-16 7.84E-17 4.83E-17 3.15E-17 2.83E-17 1.91E-17
 7.50E-18 3.11E-18 1.26E-18
 3.19E-16 2.10E-16 1.21E-16 7.84E-17 4.83E-17 3.15E-17 2.83E-17 1.91E-17
 7.50E-18 3.11E-18 1.26E-18
 3.19E-16 2.10E-16 1.21E-16 7.84E-17 4.83E-17 3.15E-17 2.83E-17 1.91E-17
 7.50E-18 3.11E-18 1.26E-18
 3.18E-16 2.10E-16 1.21E-16 7.83E-17 4.84E-17 3.16E-17 2.85E-17 1.92E-17
 7.53E-18 3.12E-18 1.26E-18
 1.35E-16 8.93E-17 5.49E-17 3.93E-17 2.85E-17 3.09E-17 3.76E-17 2.87E-17
 1.21E-17 5.15E-18 2.11E-18
 1.64E-16 1.14E-16 7.24E-17 4.63E-17 2.19E-17 6.58E-18 3.36E-18 1.78E-18
 6.81E-19 3.13E-19 1.47E-19
 1.67E-16 1.18E-16 7.77E-17 5.26E-17 2.51E-17 6.07E-18 2.05E-18 7.07E-19
 1.75E-19 6.18E-20 2.17E-20
   430.8 A   8  11 /FILMEM = WJD91#B /TYPE = RECOM    /INDM =+1/ISEL =   34
 1.64E+01 1.64E+04 1.64E+07 1.64E+10 1.64E+13 1.64E+16 1.64E+19 1.64E+22
 1.38E+00 2.76E+00 6.89E+00 1.38E+01 2.76E+01 6.89E+01 1.38E+02 2.76E+02
 6.89E+02 1.38E+03 2.76E+03
 2.49E-14 1.77E-14 1.13E-14 7.87E-15 5.51E-15 6.73E-15 8.66E-15 6.57E-15
 2.76E-15 1.19E-15 4.98E-16
 2.49E-14 1.77E-14 1.13E-14 7.87E-15 5.51E-15 6.73E-15 8.66E-15 6.57E-15
 2.76E-15 1.19E-15 4.98E-16
 2.49E-14 1.77E-14 1.13E-14 7.87E-15 5.51E-15 6.73E-15 8.66E-15 6.57E-15
 2.76E-15 1.19E-15 4.98E-16
 2.49E-14 1.77E-14 1.13E-14 7.87E-15 5.51E-15 6.73E-15 8.66E-15 6.57E-15
 2.76E-15 1.19E-15 4.98E-16
 2.47E-14 1.76E-14 1.12E-14 7.83E-15 5.48E-15 6.70E-15 8.63E-15 6.56E-15
 2.76E-15 1.19E-15 4.97E-16
 3.96E-15 2.40E-15 1.55E-15 1.19E-15 9.61E-16 1.51E-15 2.28E-15 2.01E-15
 1.02E-15 5.03E-16 2.38E-16
 1.05E-14 7.04E-15 4.17E-15 2.53E-15 1.14E-15 3.83E-16 2.47E-16 1.52E-16
 6.14E-17 2.74E-17 1.22E-17
 1.09E-14 7.47E-15 4.71E-15 3.19E-15 1.65E-15 4.64E-16 1.68E-16 5.87E-17
 1.46E-17 5.12E-18 1.80E-18
   383.1 A   8  11 /FILMEM = WJD91#B /TYPE = RECOM    /INDM =+1/ISEL =   35
 1.64E+01 1.64E+04 1.64E+07 1.64E+10 1.64E+13 1.64E+16 1.64E+19 1.64E+22
 1.38E+00 2.76E+00 6.89E+00 1.38E+01 2.76E+01 6.89E+01 1.38E+02 2.76E+02
 6.89E+02 1.38E+03 2.76E+03
 1.07E-24 3.09E-20 8.57E-18 3.75E-17 1.03E-15 3.69E-14 6.87E-14 5.58E-14
 2.33E-14 9.72E-15 3.94E-15
 1.84E-24 3.09E-20 8.57E-18 3.75E-17 1.03E-15 3.69E-14 6.87E-14 5.58E-14
 2.33E-14 9.72E-15 3.94E-15
 7.75E-22 3.15E-20 8.57E-18 3.75E-17 1.03E-15 3.69E-14 6.87E-14 5.58E-14
 2.33E-14 9.72E-15 3.94E-15
 7.74E-19 5.47E-19 8.86E-18 3.77E-17 1.03E-15 3.69E-14 6.87E-14 5.58E-14
 2.33E-14 9.72E-15 3.94E-15
 7.71E-16 5.15E-16 2.97E-16 2.74E-16 1.23E-15 3.71E-14 6.91E-14 5.61E-14
 2.34E-14 9.76E-15 3.96E-15
 1.93E-13 1.40E-13 8.34E-14 5.77E-14 4.16E-14 7.60E-14 1.14E-13 9.13E-14
 3.97E-14 1.68E-14 6.91E-15
 5.48E-13 4.72E-13 3.44E-13 2.30E-13 1.11E-13 3.37E-14 1.73E-14 9.24E-15
 3.53E-15 1.62E-15 7.61E-16
 5.58E-13 4.89E-13 3.69E-13 2.62E-13 1.27E-13 3.12E-14 1.06E-14 3.65E-15
 9.05E-16 3.20E-16 1.12E-16
   423.2 A   8  11 /FILMEM = WJD91#B /TYPE = RECOM    /INDM =+1/ISEL =   36
 1.64E+01 1.64E+04 1.64E+07 1.64E+10 1.64E+13 1.64E+16 1.64E+19 1.64E+22
 1.38E+00 2.76E+00 6.89E+00 1.38E+01 2.76E+01 6.89E+01 1.38E+02 2.76E+02
 6.89E+02 1.38E+03 2.76E+03
 1.05E-24 4.20E-20 1.78E-17 1.08E-16 7.08E-16 1.96E-14 3.69E-14 3.02E-14
 1.27E-14 5.26E-15 2.13E-15
 1.06E-24 4.20E-20 1.78E-17 1.08E-16 7.08E-16 1.96E-14 3.69E-14 3.02E-14
 1.27E-14 5.26E-15 2.13E-15
 1.95E-23 4.20E-20 1.78E-17 1.08E-16 7.08E-16 1.96E-14 3.69E-14 3.02E-14
 1.27E-14 5.26E-15 2.13E-15
 1.85E-20 5.42E-20 1.78E-17 1.08E-16 7.08E-16 1.96E-14 3.69E-14 3.02E-14
 1.27E-14 5.26E-15 2.13E-15
 1.84E-17 1.22E-17 2.67E-17 1.20E-16 7.18E-16 1.96E-14 3.69E-14 3.02E-14
 1.27E-14 5.26E-15 2.13E-15
 1.18E-14 6.33E-15 3.02E-15 1.98E-15 1.75E-15 1.69E-14 3.19E-14 2.67E-14
 1.15E-14 4.88E-15 2.01E-15
 1.84E-13 1.48E-13 9.88E-14 6.25E-14 2.88E-14 9.77E-15 6.35E-15 3.94E-15
 1.59E-15 7.12E-16 3.18E-16
 1.90E-13 1.57E-13 1.11E-13 7.87E-14 4.17E-14 1.18E-14 4.32E-15 1.51E-15
 3.76E-16 1.32E-16 4.65E-17
    52.6 A   8  11 /FILMEM = WJD91#B /TYPE = RECOM    /INDM =+1/ISEL =   37
 1.64E+01 1.64E+04 1.64E+07 1.64E+10 1.64E+13 1.64E+16 1.64E+19 1.64E+22
 1.38E+00 2.76E+00 6.89E+00 1.38E+01 2.76E+01 6.89E+01 1.38E+02 2.76E+02
 6.89E+02 1.38E+03 2.76E+03
 1.07E-24 3.58E-20 1.11E-17 5.48E-17 4.22E-16 1.20E-14 2.24E-14 1.84E-14
 7.71E-15 3.24E-15 1.33E-15
 1.25E-24 3.58E-20 1.11E-17 5.48E-17 4.22E-16 1.20E-14 2.24E-14 1.84E-14
 7.71E-15 3.24E-15 1.33E-15
 1.80E-22 3.59E-20 1.11E-17 5.48E-17 4.22E-16 1.20E-14 2.24E-14 1.84E-14
 7.71E-15 3.24E-15 1.33E-15
 1.79E-19 1.68E-19 1.12E-17 5.48E-17 4.22E-16 1.20E-14 2.24E-14 1.84E-14
 7.71E-15 3.24E-15 1.33E-15
 1.78E-16 1.32E-16 8.58E-17 1.02E-16 4.51E-16 1.20E-14 2.24E-14 1.84E-14
 7.71E-15 3.24E-15 1.33E-15
 3.54E-14 2.13E-14 1.13E-14 7.35E-15 5.44E-15 2.03E-14 3.34E-14 2.59E-14
 1.03E-14 4.21E-15 1.67E-15
 7.44E-13 6.56E-13 4.60E-13 2.96E-13 1.37E-13 4.66E-14 3.03E-14 1.87E-14
 7.53E-15 3.35E-15 1.49E-15
 7.69E-13 6.98E-13 5.21E-13 3.74E-13 1.99E-13 5.70E-14 2.08E-14 7.26E-15
 1.81E-15 6.35E-16 2.24E-16
   384.2 A   8  11 /FILMEM = WJD91#B /TYPE = RECOM    /INDM =+1/ISEL =   38
 1.64E+01 1.64E+04 1.64E+07 1.64E+10 1.64E+13 1.64E+16 1.64E+19 1.64E+22
 1.38E+00 2.76E+00 6.89E+00 1.38E+01 2.76E+01 6.89E+01 1.38E+02 2.76E+02
 6.89E+02 1.38E+03 2.76E+03
 4.77E-26 1.59E-21 4.92E-19 2.43E-18 1.87E-17 5.31E-16 9.94E-16 8.16E-16
 3.42E-16 1.44E-16 5.88E-17
 5.56E-26 1.59E-21 4.92E-19 2.43E-18 1.87E-17 5.31E-16 9.94E-16 8.16E-16
 3.42E-16 1.44E-16 5.88E-17
 8.01E-24 1.60E-21 4.92E-19 2.43E-18 1.87E-17 5.31E-16 9.94E-16 8.16E-16
 3.42E-16 1.44E-16 5.88E-17
 7.96E-21 7.47E-21 4.95E-19 2.43E-18 1.87E-17 5.31E-16 9.94E-16 8.16E-16
 3.42E-16 1.44E-16 5.88E-17
 7.90E-18 5.84E-18 3.81E-18 4.51E-18 2.00E-17 5.32E-16 9.96E-16 8.17E-16
 3.42E-16 1.44E-16 5.89E-17
 1.57E-15 9.45E-16 5.00E-16 3.26E-16 2.41E-16 9.02E-16 1.48E-15 1.15E-15
 4.59E-16 1.87E-16 7.43E-17
 3.30E-14 2.91E-14 2.04E-14 1.31E-14 6.09E-15 2.07E-15 1.34E-15 8.31E-16
 3.34E-16 1.49E-16 6.61E-17
 3.42E-14 3.10E-14 2.31E-14 1.66E-14 8.85E-15 2.53E-15 9.22E-16 3.22E-16
 8.03E-17 2.82E-17 9.95E-18
 16043.6 A   8  11 /FILMEM = WJD91#B /TYPE = RECOM    /INDM =+1/ISEL =   39
 1.64E+01 1.64E+04 1.64E+07 1.64E+10 1.64E+13 1.64E+16 1.64E+19 1.64E+22
 1.38E+00 2.76E+00 6.89E+00 1.38E+01 2.76E+01 6.89E+01 1.38E+02 2.76E+02
 6.89E+02 1.38E+03 2.76E+03
 1.30E-29 4.33E-25 1.34E-22 6.62E-22 5.10E-21 1.45E-19 2.71E-19 2.22E-19
 9.31E-20 3.91E-20 1.60E-20
 1.51E-29 4.33E-25 1.34E-22 6.62E-22 5.10E-21 1.45E-19 2.71E-19 2.22E-19
 9.31E-20 3.91E-20 1.60E-20
 2.18E-27 4.34E-25 1.34E-22 6.62E-22 5.10E-21 1.45E-19 2.71E-19 2.22E-19
 9.31E-20 3.91E-20 1.60E-20
 2.17E-24 2.03E-24 1.35E-22 6.62E-22 5.10E-21 1.45E-19 2.71E-19 2.22E-19
 9.31E-20 3.91E-20 1.60E-20
 2.15E-21 1.59E-21 1.04E-21 1.23E-21 5.45E-21 1.45E-19 2.71E-19 2.22E-19
 9.32E-20 3.91E-20 1.60E-20
 4.27E-19 2.57E-19 1.36E-19 8.88E-20 6.57E-20 2.45E-19 4.04E-19 3.13E-19
 1.25E-19 5.09E-20 2.02E-20
 8.98E-18 7.93E-18 5.56E-18 3.57E-18 1.66E-18 5.63E-19 3.66E-19 2.26E-19
 9.09E-20 4.05E-20 1.80E-20
 9.29E-18 8.43E-18 6.29E-18 4.52E-18 2.41E-18 6.88E-19 2.51E-19 8.77E-20
 2.18E-20 7.67E-21 2.71E-21
C-----------------------------------------------------------------------
C
C  PHOTON EMISSIVITY COEFFICIENTS:
C
C  SOURCE SPECIFIC ION   FILE:/JETXLE.HELIKE.DATA(WJD91#B)
C  SOURCE IONIS. COEFFT. FILE:
C  META. ION. COEFF. SELECTOR:  0(1,1)
C                               0(2,1)
C  POPULATION PROCESSING CODE:  ADAS208
C
C  ISEL  WAVELENGTH      TRANSITION            TYPE    METASTABLE  IMET NMET  IP
C  ----  ----------  ------------------------  -----  ------------ ---- ----  --
C   1.      61.1     3(3)1( 4.0)- 1(1)0( 0.0)  EXCIT   1(1)0( 0.0)   1     2
C   2.    2786.5     3(3)1( 4.0)- 2(3)0( 1.0)  EXCIT   1(1)0( 0.0)   1     2
C   3.      60.2     5(1)1( 1.0)- 1(1)0( 0.0)  EXCIT   1(1)0( 0.0)   1     2
C   4.    4564.3     5(1)1( 1.0)- 4(1)0( 0.0)  EXCIT   1(1)0( 0.0)   1     2
C   5.     404.9     6(3)0( 1.0)- 3(3)1( 4.0)  EXCIT   1(1)0( 0.0)   1     2
C   6.     342.2     7(3)1( 4.0)- 2(3)0( 1.0)  EXCIT   1(1)0( 0.0)   1     2
C   7.   10663.3     7(3)1( 4.0)- 6(3)0( 1.0)  EXCIT   1(1)0( 0.0)   1     2
C   8.     430.8     8(1)0( 0.0)- 5(1)1( 1.0)  EXCIT   1(1)0( 0.0)   1     2
C   9.     383.1     9(3)2( 7.0)- 3(3)1( 4.0)  EXCIT   1(1)0( 0.0)   1     2
C  10.     423.2    10(1)2( 2.0)- 5(1)1( 1.0)  EXCIT   1(1)0( 0.0)   1     2
C  11.      52.6    11(1)1( 1.0)- 1(1)0( 0.0)  EXCIT   1(1)0( 0.0)   1     2
C  12.     384.2    11(1)1( 1.0)- 4(1)0( 0.0)  EXCIT   1(1)0( 0.0)   1     2
C  13.   16043.6    11(1)1( 1.0)- 8(1)0( 0.0)  EXCIT   1(1)0( 0.0)   1     2
C  14.      61.1     3(3)1( 4.0)- 1(1)0( 0.0)  EXCIT   2(3)0( 1.0)   2     2
C  15.    2786.5     3(3)1( 4.0)- 2(3)0( 1.0)  EXCIT   2(3)0( 1.0)   2     2
C  16.      60.2     5(1)1( 1.0)- 1(1)0( 0.0)  EXCIT   2(3)0( 1.0)   2     2
C  17.    4564.3     5(1)1( 1.0)- 4(1)0( 0.0)  EXCIT   2(3)0( 1.0)   2     2
C  18.     404.9     6(3)0( 1.0)- 3(3)1( 4.0)  EXCIT   2(3)0( 1.0)   2     2
C  19.     342.2     7(3)1( 4.0)- 2(3)0( 1.0)  EXCIT   2(3)0( 1.0)   2     2
C  20.   10663.3     7(3)1( 4.0)- 6(3)0( 1.0)  EXCIT   2(3)0( 1.0)   2     2
C  21.     430.8     8(1)0( 0.0)- 5(1)1( 1.0)  EXCIT   2(3)0( 1.0)   2     2
C  22.     383.1     9(3)2( 7.0)- 3(3)1( 4.0)  EXCIT   2(3)0( 1.0)   2     2
C  23.     423.2    10(1)2( 2.0)- 5(1)1( 1.0)  EXCIT   2(3)0( 1.0)   2     2
C  24.      52.6    11(1)1( 1.0)- 1(1)0( 0.0)  EXCIT   2(3)0( 1.0)   2     2
C  25.     384.2    11(1)1( 1.0)- 4(1)0( 0.0)  EXCIT   2(3)0( 1.0)   2     2
C  26.   16043.6    11(1)1( 1.0)- 8(1)0( 0.0)  EXCIT   2(3)0( 1.0)   2     2
C  27.      61.1     3(3)1( 4.0)- 1(1)0( 0.0)  RECOM  SEE WJD91#B             +1
C  28.    2786.5     3(3)1( 4.0)- 2(3)0( 1.0)  RECOM  SEE WJD91#B             +1
C  29.      60.2     5(1)1( 1.0)- 1(1)0( 0.0)  RECOM  SEE WJD91#B             +1
C  30.    4564.3     5(1)1( 1.0)- 4(1)0( 0.0)  RECOM  SEE WJD91#B             +1
C  31.     404.9     6(3)0( 1.0)- 3(3)1( 4.0)  RECOM  SEE WJD91#B             +1
C  32.     342.2     7(3)1( 4.0)- 2(3)0( 1.0)  RECOM  SEE WJD91#B             +1
C  33.   10663.3     7(3)1( 4.0)- 6(3)0( 1.0)  RECOM  SEE WJD91#B             +1
C  34.     430.8     8(1)0( 0.0)- 5(1)1( 1.0)  RECOM  SEE WJD91#B             +1
C  35.     383.1     9(3)2( 7.0)- 3(3)1( 4.0)  RECOM  SEE WJD91#B             +1
C  36.     423.2    10(1)2( 2.0)- 5(1)1( 1.0)  RECOM  SEE WJD91#B             +1
C  37.      52.6    11(1)1( 1.0)- 1(1)0( 0.0)  RECOM  SEE WJD91#B             +1
C  38.     384.2    11(1)1( 1.0)- 4(1)0( 0.0)  RECOM  SEE WJD91#B             +1
C  39.   16043.6    11(1)1( 1.0)- 8(1)0( 0.0)  RECOM  SEE WJD91#B             +1
C
C   NOTES:  PROCESSED 25/02/94
C
C-------------------------------------------------------------------------------
 
C---------------------------------------------------------------------------------
C ADAS ADF15 DATA - SCCS info: @(#)$Header: /home/adascvs/adas/adf15/pec93#b/pec93#b_llr#b3.dat,v 2.1 2004/07/07 00:24:20 whitefor Exp $ Date $Date: 2004/07/07 00:24:20 $
C---------------------------------------------------------------------------------
