    7   13   51    1    7     /NITROGEN       / ARNAUD-ROSEN(NE SCALED) 22/07/91
 -------------------------------------------------------------------------------
   4.00000   5.00000   6.00000   7.00000   8.00000   9.00000  10.00000  11.00000
  12.00000  13.00000  14.00000  15.00000  16.00000
  -0.06466   0.03533   0.13534   0.23535   0.33534   0.43534   0.53534   0.63534
   0.73534   0.83534   0.93534   1.03533   1.13534   1.23535   1.33534   1.43534
   1.53534   1.63534   1.73534   1.83534   1.93534   2.03533   2.13534   2.23535
   2.33534   2.43534   2.53534   2.63534   2.73534   2.83534   2.93534   3.03533
   3.13534   3.23535   3.33534   3.43534   3.53534   3.63534   3.73534   3.83534
   3.93534   4.03533   4.13534   4.23535   4.33534   4.43534   4.53534   4.63534
   4.73534   4.83534   4.93534
 ---------------------------------------------------/ Z1= 1   / DATE= 22/07/91
 -12.03058 -12.02925 -12.02948 -12.02811 -12.00215 -11.92364 -11.77223 -11.55812
 -11.29910 -11.01789 -10.75682 -10.56315 -10.43181
 -12.10735 -12.12111 -12.14458 -12.17676 -12.19732 -12.18110 -12.10900 -11.98607
 -11.82339 -11.63379 -11.43701 -11.25455 -11.06952
 -12.18575 -12.21144 -12.25446 -12.31708 -12.38589 -12.44356 -12.47538 -12.47708
 -12.44704 -12.38271 -12.27794 -12.12570 -11.89574
 -12.25414 -12.28794 -12.34517 -12.43120 -12.53911 -12.65893 -12.78084 -12.89556
 -12.99389 -13.06137 -13.06242 -12.95609 -12.69415
 -12.24872 -12.28640 -12.35153 -12.45113 -12.58077 -12.73312 -12.90159 -13.08246
 -13.27274 -13.45633 -13.56472 -13.51632 -13.23828
 -12.05899 -12.09726 -12.16524 -12.27051 -12.40746 -12.56721 -12.74473 -12.95043
 -13.19861 -13.48013 -13.69225 -13.70880 -13.42793
 -11.74473 -11.78154 -11.84924 -11.95536 -12.09105 -12.24334 -12.40762 -12.61278
 -12.89602 -13.25998 -13.56879 -13.65195 -13.37758
 -11.45100 -11.48553 -11.55172 -11.65702 -11.78867 -11.92888 -12.07290 -12.26809
 -12.57484 -13.00841 -13.40346 -13.54952 -13.28702
 -11.22989 -11.26231 -11.32731 -11.43256 -11.56203 -11.69376 -11.82269 -12.01132
 -12.33906 -12.83156 -13.29966 -13.50045 -13.25169
 -11.07263 -11.10313 -11.16724 -11.27319 -11.40238 -11.52943 -11.64892 -11.83498
 -12.18166 -12.72268 -13.25038 -13.49680 -13.26198
 -10.97881 -11.00732 -11.07049 -11.17729 -11.30699 -11.43145 -11.54475 -11.72985
 -12.09190 -12.67075 -13.24497 -13.52777 -13.30588
 -10.93181 -10.95810 -11.02003 -11.12726 -11.25734 -11.37983 -11.48824 -11.67205
 -12.04471 -12.65076 -13.25899 -13.56927 -13.35863
 -10.92445 -10.94845 -11.00887 -11.11596 -11.24599 -11.36670 -11.47110 -11.65316
 -12.03210 -12.65586 -13.28729 -13.61798 -13.41867
 -10.95078 -10.97266 -11.03141 -11.13773 -11.26708 -11.38608 -11.48735 -11.66752
 -12.04920 -12.68260 -13.32833 -13.67461 -13.48906
 -11.00349 -11.02361 -11.08067 -11.18562 -11.31361 -11.43086 -11.52988 -11.70831
 -12.09006 -12.72664 -13.37973 -13.73860 -13.57048
 -11.07520 -11.09402 -11.14959 -11.25294 -11.37931 -11.49500 -11.59254 -11.76954
 -12.14986 -12.78552 -13.44117 -13.80963 -13.65937
 -11.16304 -11.18105 -11.23555 -11.33759 -11.46261 -11.57715 -11.67389 -11.84994
 -12.22851 -12.86175 -13.51734 -13.89188 -13.75552
 -11.26360 -11.28133 -11.33544 -11.43694 -11.56139 -11.67551 -11.77200 -11.94770
 -12.32545 -12.95733 -13.61243 -13.98907 -13.85823
 -11.37366 -11.39139 -11.44550 -11.54700 -11.67145 -11.78557 -11.88206 -12.05776
 -12.43551 -13.06739 -13.72249 -14.09913 -13.96829
 -11.49214 -11.50988 -11.56398 -11.66549 -11.78994 -11.90405 -12.00054 -12.17624
 -12.55400 -13.18587 -13.84097 -14.21762 -14.08677
 -11.61618 -11.63391 -11.68802 -11.78952 -11.91397 -12.02808 -12.12458 -12.30028
 -12.67803 -13.30990 -13.96500 -14.34165 -14.21081
 -11.74715 -11.76489 -11.81899 -11.92049 -12.04495 -12.15906 -12.25556 -12.43126
 -12.80900 -13.44088 -14.09598 -14.47263 -14.34179
 -11.87943 -11.89716 -11.95127 -12.05277 -12.17722 -12.29134 -12.38783 -12.56353
 -12.94128 -13.57316 -14.22826 -14.60490 -14.47406
 -12.01637 -12.03410 -12.08821 -12.18971 -12.31416 -12.42828 -12.52477 -12.70047
 -13.07822 -13.71010 -14.36520 -14.74184 -14.61100
 -12.15490 -12.17263 -12.22674 -12.32824 -12.45269 -12.56681 -12.66330 -12.83900
 -13.21675 -13.84863 -14.50373 -14.88037 -14.74953
 -12.29499 -12.31272 -12.36683 -12.46833 -12.59279 -12.70690 -12.80340 -12.97910
 -13.35684 -13.98872 -14.64382 -15.02047 -14.88962
 -12.43652 -12.45425 -12.50836 -12.60986 -12.73432 -12.84843 -12.94493 -13.12063
 -13.49837 -14.13025 -14.78535 -15.16200 -15.03115
 -12.57840 -12.59613 -12.65024 -12.75174 -12.87619 -12.99031 -13.08680 -13.26250
 -13.64025 -14.27213 -14.92723 -15.30387 -15.17303
 -12.72125 -12.73898 -12.79309 -12.89459 -13.01904 -13.13316 -13.22965 -13.40535
 -13.78310 -14.41498 -15.07008 -15.44672 -15.31588
 -12.86328 -12.88101 -12.93512 -13.03662 -13.16107 -13.27519 -13.37168 -13.54738
 -13.92513 -14.55701 -15.21210 -15.58875 -15.45791
 -13.00745 -13.02518 -13.07929 -13.18079 -13.30524 -13.41935 -13.51585 -13.69155
 -14.06930 -14.70117 -15.35627 -15.73292 -15.60208
 -13.14935 -13.16709 -13.22119 -13.32269 -13.44715 -13.56126 -13.65776 -13.83346
 -14.21120 -14.84308 -15.49818 -15.87483 -15.74399
 -13.29073 -13.30846 -13.36257 -13.46407 -13.58852 -13.70264 -13.79913 -13.97483
 -14.35258 -14.98446 -15.63956 -16.01619 -15.88536
 -13.43063 -13.44836 -13.50247 -13.60397 -13.72842 -13.84254 -13.93903 -14.11473
 -14.49248 -15.12436 -15.77946 -16.15608 -16.02524
 -13.56864 -13.58637 -13.64048 -13.74198 -13.86643 -13.98055 -14.07704 -14.25274
 -14.63049 -15.26237 -15.91746 -16.29410 -16.16325
 -13.70553 -13.72326 -13.77737 -13.87887 -14.00333 -14.11744 -14.21394 -14.38964
 -14.76738 -15.39926 -16.05437 -16.43102 -16.30017
 -13.83863 -13.85636 -13.91047 -14.01197 -14.13643 -14.25054 -14.34704 -14.52274
 -14.90048 -15.53236 -16.18745 -16.56410 -16.43326
 -13.97062 -13.98835 -14.04246 -14.14396 -14.26841 -14.38253 -14.47902 -14.65472
 -15.03247 -15.66435 -16.31944 -16.69608 -16.56523
 -14.10073 -14.11846 -14.17257 -14.27407 -14.39852 -14.51264 -14.60913 -14.78483
 -15.16258 -15.79446 -16.44955 -16.82619 -16.69536
 -14.22621 -14.24394 -14.29805 -14.39955 -14.52400 -14.63812 -14.73461 -14.91031
 -15.28806 -15.91995 -16.57503 -16.95168 -16.82083
 -14.34775 -14.36548 -14.41959 -14.52109 -14.64554 -14.75965 -14.85615 -15.03185
 -15.40960 -16.04146 -16.69656 -17.07321 -16.94238
 -14.46597 -14.48371 -14.53781 -14.63931 -14.76377 -14.87788 -14.97438 -15.15008
 -15.52782 -16.15970 -16.81480 -17.19145 -17.06061
 -14.57840 -14.59613 -14.65024 -14.75174 -14.87619 -14.99031 -15.08680 -15.26250
 -15.64025 -16.27213 -16.92723 -17.30386 -17.17302
 -14.68825 -14.70598 -14.76009 -14.86159 -14.98604 -15.10016 -15.19665 -15.37235
 -15.75009 -16.38197 -17.03708 -17.41371 -17.28287
 -14.79317 -14.81090 -14.86501 -14.96651 -15.09096 -15.20508 -15.30157 -15.47727
 -15.85503 -16.48691 -17.14200 -17.51865 -17.38780
 -14.89279 -14.91052 -14.96463 -15.06613 -15.19059 -15.30470 -15.40120 -15.57690
 -15.95464 -16.58652 -17.24162 -17.61827 -17.48743
 -14.98716 -15.00489 -15.05900 -15.16050 -15.28496 -15.39907 -15.49557 -15.67127
 -16.04901 -16.68089 -17.33598 -17.71263 -17.58179
 -15.07831 -15.09604 -15.15015 -15.25165 -15.37610 -15.49023 -15.58671 -15.76242
 -16.14015 -16.77203 -17.42714 -17.80377 -17.67293
 -15.16558 -15.18331 -15.23742 -15.33892 -15.46337 -15.57749 -15.67399 -15.84968
 -16.22742 -16.85930 -17.51440 -17.89104 -17.76021
 -15.24949 -15.26722 -15.32133 -15.42282 -15.54728 -15.66140 -15.75789 -15.93360
 -16.31134 -16.94322 -17.59831 -17.97496 -17.84412
 -15.32975 -15.34748 -15.40159 -15.50309 -15.62754 -15.74165 -15.83815 -16.01384
 -16.39159 -17.02345 -17.67856 -18.05521 -17.92438
 ---------------------------------------------------/ Z1= 2   / DATE= 22/07/91
 -11.37263 -11.37025 -11.36579 -11.35774 -11.34436 -11.32207 -11.27699 -11.19172
 -11.04461 -10.79042 -10.37583  -9.76325  -9.00228
 -11.39577 -11.39330 -11.38882 -11.38129 -11.36955 -11.35062 -11.31133 -11.23497
 -11.10253 -10.88213 -10.53747 -10.04163  -9.41965
 -11.42136 -11.41971 -11.41634 -11.41105 -11.40378 -11.39248 -11.36388 -11.30087
 -11.18629 -11.00273 -10.73266 -10.36096  -9.88560
 -11.44009 -11.44112 -11.44126 -11.44169 -11.44410 -11.44792 -11.43970 -11.40162
 -11.31760 -11.18133 -10.98988 -10.73673 -10.39550
 -11.41229 -11.41833 -11.42504 -11.43553 -11.45396 -11.48189 -11.50617 -11.50864
 -11.47366 -11.39959 -11.28966 -11.13978 -10.90570
 -11.27737 -11.28926 -11.30370 -11.32587 -11.36262 -11.41790 -11.47943 -11.52938
 -11.55249 -11.54780 -11.51927 -11.46132 -11.31554
 -11.05750 -11.07412 -11.09488 -11.12670 -11.17870 -11.25694 -11.35058 -11.44294
 -11.51983 -11.58078 -11.63003 -11.66001 -11.59773
 -10.83565 -10.85439 -10.87810 -10.91477 -10.97487 -11.06593 -11.17893 -11.29924
 -11.41487 -11.52874 -11.64887 -11.76810 -11.79515
 -10.68825 -10.70704 -10.73095 -10.76853 -10.83102 -10.92682 -11.04875 -11.18426
 -11.32411 -11.47730 -11.65912 -11.86533 -11.98390
 -10.55752 -10.57540 -10.59806 -10.63450 -10.69652 -10.79320 -10.91849 -11.06115
 -11.21420 -11.39440 -11.62665 -11.91167 -12.11645
 -10.48149 -10.49840 -10.51948 -10.55429 -10.61542 -10.71264 -10.83991 -10.98574
 -11.14428 -11.34069 -11.61080 -11.96167 -12.24117
 -10.44977 -10.46577 -10.48519 -10.51827 -10.57859 -10.67660 -10.80537 -10.95199
 -11.11068 -11.31504 -11.61221 -12.01626 -12.35842
 -10.45593 -10.47096 -10.48866 -10.51998 -10.57951 -10.67835 -10.80821 -10.95411
 -11.10974 -11.31660 -11.63264 -12.07895 -12.47266
 -10.49080 -10.50469 -10.52065 -10.55024 -10.60896 -10.70846 -10.83902 -10.98357
 -11.13504 -11.34178 -11.67114 -12.15046 -12.58556
 -10.54975 -10.56233 -10.57654 -10.60448 -10.66234 -10.76216 -10.89309 -11.03639
 -11.18439 -11.39073 -11.73011 -12.23479 -12.70211
 -10.62709 -10.63839 -10.65102 -10.67746 -10.73441 -10.83421 -10.96521 -11.10747
 -11.25293 -11.45910 -11.80602 -12.32954 -12.82105
 -10.71897 -10.72932 -10.74070 -10.76587 -10.82189 -10.92137 -11.05215 -11.19356
 -11.33731 -11.54355 -11.89593 -12.43280 -12.94160
 -10.82102 -10.83098 -10.84155 -10.86569 -10.92078 -11.01966 -11.14996 -11.29063
 -11.43332 -11.63980 -11.99593 -12.54156 -13.06189
 -10.93554 -10.94539 -10.95541 -10.97865 -11.03274 -11.13073 -11.26023 -11.40011
 -11.54205 -11.74862 -12.10675 -12.65707 -13.18413
 -11.05404 -11.06368 -11.07312 -11.09545 -11.14843 -11.24521 -11.37352 -11.51233
 -11.65343 -11.85956 -12.21782 -12.76915 -13.29902
 -11.17980 -11.18887 -11.19751 -11.21882 -11.27054 -11.36583 -11.49256 -11.62992
 -11.76982 -11.97472 -12.33132 -12.88057 -13.41031
 -11.31069 -11.31897 -11.32676 -11.34709 -11.39759 -11.49138 -11.61647 -11.75228
 -11.89085 -12.09415 -12.44818 -12.99376 -13.52172
 -11.44370 -11.45130 -11.45839 -11.47797 -11.52756 -11.62019 -11.74399 -11.87857
 -12.01606 -12.21796 -12.56962 -13.11170 -13.63759
 -11.58004 -11.58734 -11.59414 -11.61343 -11.66265 -11.75480 -11.87808 -12.01215
 -12.14918 -12.35048 -12.70109 -13.24159 -13.76646
 -11.71897 -11.72627 -11.73307 -11.75236 -11.80158 -11.89373 -12.01701 -12.15108
 -12.28811 -12.48941 -12.84002 -13.38052 -13.90539
 -11.86012 -11.86742 -11.87423 -11.89351 -11.94273 -12.03488 -12.15816 -12.29223
 -12.42927 -12.63056 -12.98117 -13.52167 -14.04654
 -12.00000 -12.00730 -12.01411 -12.03339 -12.08261 -12.17476 -12.29804 -12.43211
 -12.56915 -12.77044 -13.12105 -13.66155 -14.18642
 -12.14026 -12.14756 -12.15436 -12.17365 -12.22287 -12.31502 -12.43830 -12.57237
 -12.70940 -12.91070 -13.26131 -13.80181 -14.32668
 -12.28150 -12.28880 -12.29560 -12.31489 -12.36411 -12.45626 -12.57954 -12.71361
 -12.85064 -13.05194 -13.40255 -13.94305 -14.46792
 -12.42251 -12.42981 -12.43661 -12.45590 -12.50512 -12.59727 -12.72054 -12.85461
 -12.99165 -13.19295 -13.54356 -14.08406 -14.60893
 -12.56225 -12.56954 -12.57635 -12.59563 -12.64486 -12.73701 -12.86028 -12.99435
 -13.13139 -13.33269 -13.68330 -14.22379 -14.74867
 -12.70115 -12.70845 -12.71526 -12.73454 -12.78377 -12.87592 -12.99919 -13.13326
 -13.27030 -13.47160 -13.82221 -14.36270 -14.88758
 -12.83863 -12.84593 -12.85273 -12.87202 -12.92124 -13.01339 -13.13667 -13.27074
 -13.40777 -13.60907 -13.95968 -14.50018 -15.02505
 -12.97469 -12.98199 -12.98879 -13.00808 -13.05730 -13.14945 -13.27273 -13.40680
 -13.54383 -13.74513 -14.09574 -14.63624 -15.16111
 -13.11014 -13.11744 -13.12424 -13.14353 -13.19275 -13.28490 -13.40818 -13.54225
 -13.67928 -13.88058 -14.23119 -14.77169 -15.29656
 -13.24185 -13.24915 -13.25596 -13.27524 -13.32446 -13.41661 -13.53989 -13.67396
 -13.81100 -14.01229 -14.36290 -14.90340 -15.42827
 -13.37059 -13.37789 -13.38470 -13.40398 -13.45320 -13.54535 -13.66863 -13.80270
 -13.93974 -14.14103 -14.49164 -15.03214 -15.55701
 -13.49621 -13.50351 -13.51031 -13.52960 -13.57882 -13.67097 -13.79425 -13.92832
 -14.06535 -14.26665 -14.61726 -15.15776 -15.68263
 -13.61798 -13.62528 -13.63208 -13.65137 -13.70059 -13.79274 -13.91602 -14.05009
 -14.18712 -14.38842 -14.73903 -15.27953 -15.80440
 -13.73755 -13.74485 -13.75165 -13.77094 -13.82016 -13.91231 -14.03558 -14.16965
 -14.30669 -14.50799 -14.85860 -15.39910 -15.92397
 -13.85078 -13.85807 -13.86488 -13.88416 -13.93339 -14.02554 -14.14881 -14.28288
 -14.41992 -14.62122 -14.97183 -15.51232 -16.03719
 -13.96257 -13.96987 -13.97668 -13.99596 -14.04519 -14.13734 -14.26061 -14.39468
 -14.53172 -14.73302 -15.08363 -15.62412 -16.14899
 -14.06803 -14.07533 -14.08213 -14.10142 -14.15064 -14.24279 -14.36607 -14.50014
 -14.63717 -14.83847 -15.18908 -15.72958 -16.25444
 -14.17005 -14.17735 -14.18415 -14.20344 -14.25266 -14.34481 -14.46809 -14.60216
 -14.73919 -14.94049 -15.29110 -15.83160 -16.35646
 -14.26761 -14.27491 -14.28171 -14.30100 -14.35022 -14.44237 -14.56565 -14.69972
 -14.83675 -15.03805 -15.38866 -15.92915 -16.45403
 -14.36151 -14.36881 -14.37562 -14.39490 -14.44412 -14.53627 -14.65955 -14.79362
 -14.93066 -15.13195 -15.48256 -16.02304 -16.54791
 -14.45223 -14.45953 -14.46634 -14.48562 -14.53484 -14.62699 -14.75027 -14.88434
 -15.02138 -15.22267 -15.57328 -16.11377 -16.63864
 -14.53910 -14.54640 -14.55320 -14.57249 -14.62171 -14.71386 -14.83714 -14.97121
 -15.10824 -15.30954 -15.66015 -16.20064 -16.72551
 -14.62160 -14.62890 -14.63570 -14.65499 -14.70421 -14.79636 -14.91964 -15.05371
 -15.19074 -15.39204 -15.74264 -16.28314 -16.80801
 -14.70333 -14.71064 -14.71743 -14.73672 -14.78594 -14.87809 -15.00136 -15.13544
 -15.27248 -15.47377 -15.82439 -16.36488 -16.88976
 -14.77989 -14.78718 -14.79399 -14.81327 -14.86250 -14.95465 -15.07792 -15.21199
 -15.34903 -15.55034 -15.90094 -16.44142 -16.96629
 ---------------------------------------------------/ Z1= 3   / DATE= 22/07/91
 -10.57512 -10.57314 -10.56819 -10.55854 -10.54248 -10.51831 -10.48246 -10.40915
 -10.25802  -9.98898  -9.56817  -8.96581  -8.15792
 -10.60380 -10.60165 -10.59684 -10.58796 -10.57373 -10.55302 -10.52317 -10.46367
 -10.34229 -10.12586  -9.77227  -9.23361  -8.46885
 -10.63827 -10.63747 -10.63501 -10.62986 -10.62062 -10.60566 -10.58227 -10.53530
 -10.44137 -10.27511  -9.98902  -9.52111  -8.81680
 -10.66959 -10.67349 -10.67783 -10.68193 -10.68399 -10.68148 -10.67126 -10.64289
 -10.58117 -10.46820 -10.25485  -9.87151  -9.25568
 -10.66555 -10.67753 -10.69311 -10.71186 -10.73155 -10.74877 -10.75985 -10.75819
 -10.73528 -10.67959 -10.54418 -10.25885  -9.75923
 -10.60033 -10.62178 -10.65044 -10.68607 -10.72610 -10.76644 -10.80299 -10.83209
 -10.85038 -10.85151 -10.79348 -10.61090 -10.24234
 -10.47756 -10.50778 -10.54860 -10.60001 -10.65930 -10.72202 -10.78391 -10.84342
 -10.90077 -10.95345 -10.96614 -10.88194 -10.64569
 -10.34679 -10.38304 -10.43244 -10.49525 -10.56898 -10.64933 -10.73225 -10.81752
 -10.90735 -11.00168 -11.07247 -11.07332 -10.95735
 -10.31605 -10.35508 -10.40877 -10.47772 -10.55993 -10.65172 -10.74968 -10.85423
 -10.96828 -11.09294 -11.20744 -11.27664 -11.26277
 -10.22403 -10.26375 -10.31889 -10.39031 -10.47668 -10.57517 -10.68321 -10.80148
 -10.93275 -11.07856 -11.22511 -11.34854 -11.42040
 -10.17980 -10.21933 -10.27457 -10.34655 -10.43449 -10.53650 -10.65084 -10.77827
 -10.92120 -11.08128 -11.25116 -11.41759 -11.56097
 -10.17263 -10.21169 -10.26647 -10.33797 -10.42596 -10.52931 -10.64708 -10.78007
 -10.93029 -11.09948 -11.28613 -11.48660 -11.68944
 -10.19586 -10.23404 -10.28768 -10.35777 -10.44446 -10.54743 -10.66638 -10.80214
 -10.95627 -11.13048 -11.32859 -11.55580 -11.80816
 -10.24413 -10.28086 -10.33259 -10.40029 -10.48457 -10.58577 -10.70429 -10.84086
 -10.99645 -11.17262 -11.37811 -11.62632 -11.92036
 -10.31069 -10.34544 -10.39458 -10.45913 -10.54012 -10.63862 -10.75561 -10.89167
 -11.04706 -11.22305 -11.43285 -11.69750 -12.02668
 -10.39470 -10.42723 -10.47342 -10.53442 -10.61168 -10.70691 -10.82172 -10.95642
 -11.11057 -11.28500 -11.49691 -11.77415 -12.13231
 -10.49080 -10.52113 -10.56443 -10.62188 -10.69536 -10.78719 -10.89953 -11.03252
 -11.18493 -11.35723 -11.56988 -11.85654 -12.23781
 -10.59688 -10.62535 -10.66612 -10.72041 -10.79045 -10.87915 -10.98919 -11.12053
 -11.27132 -11.44161 -11.65448 -11.94806 -12.34694
 -10.71220 -10.73920 -10.77796 -10.82965 -10.89679 -10.98283 -11.09091 -11.22090
 -11.37043 -11.53924 -11.75222 -12.05078 -12.46232
 -10.83268 -10.85850 -10.89566 -10.94525 -11.01002 -11.09385 -11.20031 -11.32917
 -11.47774 -11.64549 -11.85854 -12.16047 -12.58064
 -10.95861 -10.98341 -11.01927 -11.06717 -11.13006 -11.21213 -11.31723 -11.44515
 -11.59294 -11.75996 -11.97305 -12.27713 -12.70275
 -11.08991 -11.11377 -11.14848 -11.19501 -11.25638 -11.33700 -11.44093 -11.56795
 -11.71502 -11.88139 -12.09432 -12.39942 -12.82793
 -11.22403 -11.24695 -11.28059 -11.32584 -11.38582 -11.46510 -11.56787 -11.69390
 -11.84004 -12.00551 -12.21768 -12.52254 -12.95166
 -11.36051 -11.38251 -11.41498 -11.45886 -11.51737 -11.59519 -11.69664 -11.82144
 -11.96627 -12.13018 -12.34064 -12.64381 -13.07161
 -11.49894 -11.52003 -11.55132 -11.59378 -11.65074 -11.72700 -11.82702 -11.95040
 -12.09360 -12.25542 -12.46336 -12.76379 -13.18895
 -11.63827 -11.65861 -11.68888 -11.73012 -11.78573 -11.86065 -11.95940 -12.08151
 -12.22317 -12.38295 -12.58838 -12.88597 -13.30825
 -11.77989 -11.79979 -11.82944 -11.86993 -11.92470 -11.99878 -12.09675 -12.21804
 -12.35870 -12.51714 -12.72088 -13.01653 -13.43681
 -11.92082 -11.94065 -11.97020 -12.01057 -12.06522 -12.13916 -12.23701 -12.35817
 -12.49867 -12.65689 -12.86035 -13.15568 -13.57564
 -12.06148 -12.08131 -12.11086 -12.15123 -12.20588 -12.27982 -12.37767 -12.49883
 -12.63933 -12.79755 -13.00101 -13.29634 -13.71629
 -12.20273 -12.22256 -12.25211 -12.29248 -12.34713 -12.42107 -12.51891 -12.64008
 -12.78057 -12.93880 -13.14226 -13.43759 -13.85754
 -12.34294 -12.36277 -12.39232 -12.43269 -12.48733 -12.56128 -12.65912 -12.78029
 -12.92078 -13.07900 -13.28247 -13.57780 -13.99775
 -12.48149 -12.50132 -12.53087 -12.57123 -12.62588 -12.69982 -12.79767 -12.91883
 -13.05933 -13.21755 -13.42101 -13.71634 -14.13630
 -12.61979 -12.63962 -12.66917 -12.70954 -12.76419 -12.83813 -12.93598 -13.05714
 -13.19764 -13.35586 -13.55932 -13.85465 -14.27460
 -12.75696 -12.77679 -12.80634 -12.84671 -12.90136 -12.97530 -13.07314 -13.19431
 -13.33480 -13.49303 -13.69649 -13.99182 -14.41177
 -12.88941 -12.90924 -12.93879 -12.97916 -13.03381 -13.10775 -13.20560 -13.32676
 -13.46726 -13.62548 -13.82894 -14.12427 -14.54423
 -13.02228 -13.04212 -13.07167 -13.11203 -13.16668 -13.24062 -13.33847 -13.45963
 -13.60013 -13.75835 -13.96181 -14.25714 -14.67710
 -13.15181 -13.17165 -13.20120 -13.24156 -13.29621 -13.37015 -13.46800 -13.58916
 -13.72966 -13.88788 -14.09134 -14.38667 -14.80663
 -13.27819 -13.29802 -13.32757 -13.36794 -13.42259 -13.49653 -13.59438 -13.71554
 -13.85604 -14.01426 -14.21772 -14.51305 -14.93301
 -13.40121 -13.42104 -13.45059 -13.49096 -13.54561 -13.61955 -13.71740 -13.83856
 -13.97906 -14.13728 -14.34074 -14.63607 -15.05602
 -13.52143 -13.54126 -13.57081 -13.61118 -13.66583 -13.73977 -13.83761 -13.95878
 -14.09927 -14.25750 -14.46096 -14.75629 -15.17624
 -13.63827 -13.65810 -13.68765 -13.72802 -13.78266 -13.85661 -13.95445 -14.07562
 -14.21611 -14.37433 -14.57780 -14.87313 -15.29308
 -13.74958 -13.76941 -13.79896 -13.83932 -13.89397 -13.96791 -14.06576 -14.18692
 -14.32742 -14.48564 -14.68910 -14.98443 -15.40439
 -13.86012 -13.87995 -13.90950 -13.94987 -14.00452 -14.07846 -14.17631 -14.29747
 -14.43797 -14.59619 -14.79965 -15.09498 -15.51493
 -13.96257 -13.98240 -14.01195 -14.05232 -14.10697 -14.18091 -14.27875 -14.39992
 -14.54041 -14.69864 -14.90210 -15.19743 -15.61738
 -14.06550 -14.08533 -14.11488 -14.15525 -14.20990 -14.28384 -14.38169 -14.50285
 -14.64335 -14.80157 -15.00503 -15.30036 -15.72032
 -14.16241 -14.18225 -14.21180 -14.25216 -14.30681 -14.38075 -14.47860 -14.59976
 -14.74026 -14.89848 -15.10194 -15.39727 -15.81723
 -14.25649 -14.27633 -14.30588 -14.34624 -14.40089 -14.47483 -14.57268 -14.69384
 -14.83434 -14.99256 -15.19602 -15.49135 -15.91131
 -14.34679 -14.36662 -14.39617 -14.43654 -14.49119 -14.56513 -14.66298 -14.78414
 -14.92464 -15.08286 -15.28632 -15.58165 -16.00160
 -14.43415 -14.45398 -14.48353 -14.52390 -14.57855 -14.65249 -14.75034 -14.87150
 -15.01200 -15.17022 -15.37368 -15.66901 -16.08894
 -14.51999 -14.53982 -14.56937 -14.60974 -14.66439 -14.73833 -14.83617 -14.95734
 -15.09783 -15.25606 -15.45952 -15.75485 -16.17480
 -14.60206 -14.62189 -14.65144 -14.69181 -14.74645 -14.82040 -14.91824 -15.03941
 -15.17990 -15.33812 -15.54159 -15.83692 -16.25687
 ---------------------------------------------------/ Z1= 4   / DATE= 22/07/91
 -10.60380 -10.60250 -10.59914 -10.59209 -10.57913 -10.55360 -10.50676 -10.42610
 -10.27024  -9.98427  -9.51972  -8.87836  -8.08545
 -10.63827 -10.64110 -10.64277 -10.64068 -10.63211 -10.61382 -10.58227 -10.52995
 -10.41821 -10.19387  -9.80839  -9.24956  -8.52211
 -10.65561 -10.66511 -10.67524 -10.68256 -10.68391 -10.67826 -10.66559 -10.64190
 -10.57244 -10.40817 -10.10253  -9.62929  -8.97169
 -10.63264 -10.65205 -10.67500 -10.69751 -10.71598 -10.73005 -10.74083 -10.74598
 -10.71615 -10.60943 -10.38406 -10.00004  -9.41818
 -10.57349 -10.60411 -10.64178 -10.68221 -10.72153 -10.75899 -10.79531 -10.82846
 -10.83514 -10.78211 -10.63394 -10.33882  -9.83725
 -10.50031 -10.54071 -10.59151 -10.64839 -10.70737 -10.76712 -10.82755 -10.88655
 -10.92629 -10.92155 -10.84317 -10.63148 -10.21256
 -10.43771 -10.48428 -10.54385 -10.61226 -10.68566 -10.76260 -10.84276 -10.92427
 -10.99320 -11.03005 -11.01038 -10.87221 -10.53603
 -10.40012 -10.44965 -10.51400 -10.58930 -10.67195 -10.76082 -10.85591 -10.95594
 -11.04955 -11.12075 -11.14849 -11.07319 -10.81729
 -10.44129 -10.49169 -10.55813 -10.63700 -10.72500 -10.82148 -10.92706 -11.04116
 -11.15417 -11.25223 -11.31686 -11.29408 -11.11332
 -10.44370 -10.49399 -10.56114 -10.64164 -10.73234 -10.83305 -10.94499 -11.06829
 -11.19464 -11.31180 -11.40358 -11.42325 -11.30985
 -10.47366 -10.52369 -10.59110 -10.67226 -10.76395 -10.86626 -10.98077 -11.10812
 -11.24135 -11.36999 -11.48026 -11.53305 -11.47747
 -10.52578 -10.57490 -10.64145 -10.72167 -10.81225 -10.91337 -11.02687 -11.15377
 -11.28858 -11.42285 -11.54544 -11.62473 -11.61958
 -10.59517 -10.64184 -10.70531 -10.78193 -10.86845 -10.96526 -11.07438 -11.19718
 -11.32985 -11.46615 -11.59776 -11.70016 -11.74130
 -10.67985 -10.72197 -10.77947 -10.84917 -10.92834 -11.01767 -11.11946 -11.23555
 -11.36389 -11.50064 -11.64035 -11.76500 -11.85074
 -10.77728 -10.81359 -10.86344 -10.92436 -10.99432 -11.07451 -11.16760 -11.27594
 -11.39920 -11.53580 -11.68292 -11.82842 -11.95580
 -10.88273 -10.91321 -10.95545 -11.00771 -11.06863 -11.13994 -11.22480 -11.32614
 -11.44498 -11.58147 -11.73494 -11.89847 -12.06225
 -10.99568 -11.02134 -11.05749 -11.10284 -11.15654 -11.22084 -11.29947 -11.39596
 -11.51216 -11.64914 -11.80758 -11.98519 -12.17831
 -11.11691 -11.13883 -11.17040 -11.21063 -11.25894 -11.31811 -11.39246 -11.48609
 -11.60121 -11.73914 -11.90125 -12.08925 -12.30503
 -11.24185 -11.26091 -11.28904 -11.32545 -11.36977 -11.42525 -11.49675 -11.58888
 -11.70387 -11.84290 -12.00755 -12.20292 -12.43570
 -11.37059 -11.38746 -11.41289 -11.44630 -11.48760 -11.54037 -11.60994 -11.70127
 -11.81650 -11.95645 -12.12272 -12.32308 -12.56820
 -11.50169 -11.51685 -11.53999 -11.57087 -11.60970 -11.66037 -11.72846 -11.81916
 -11.93448 -12.07492 -12.24206 -12.44569 -12.69949
 -11.63451 -11.64835 -11.66957 -11.69831 -11.73512 -11.78410 -11.85099 -11.94106
 -12.05623 -12.19678 -12.36428 -12.56996 -12.82963
 -11.76955 -11.78238 -11.80210 -11.82913 -11.86431 -11.91191 -11.97772 -12.06711
 -12.18193 -12.32235 -12.48993 -12.69689 -12.96042
 -11.90309 -11.91517 -11.93380 -11.95956 -11.99346 -12.03984 -12.10461 -12.19322
 -12.30751 -12.44763 -12.61518 -12.82297 -13.08901
 -12.03858 -12.05003 -12.06787 -12.09269 -12.12552 -12.17080 -12.23453 -12.32226
 -12.43583 -12.57536 -12.74244 -12.95024 -13.21734
 -12.17328 -12.18416 -12.20134 -12.22536 -12.25723 -12.30144 -12.36412 -12.45091
 -12.56357 -12.70202 -12.86774 -13.07422 -13.34056
 -12.30627 -12.31654 -12.33307 -12.35632 -12.38723 -12.43037 -12.49200 -12.57784
 -12.68939 -12.82619 -12.98940 -13.19294 -13.45666
 -12.43890 -12.44860 -12.46454 -12.48709 -12.51715 -12.55934 -12.62003 -12.70501
 -12.81546 -12.95042 -13.11066 -13.31054 -13.57072
 -12.57025 -12.57952 -12.59502 -12.61707 -12.64652 -12.68802 -12.74803 -12.83238
 -12.94199 -13.07544 -13.23318 -13.42991 -13.68697
 -12.69897 -12.70807 -12.72339 -12.74525 -12.77444 -12.81567 -12.87541 -12.95952
 -13.06877 -13.20158 -13.35823 -13.55356 -13.80924
 -12.82681 -12.83591 -12.85123 -12.87308 -12.90228 -12.94350 -13.00325 -13.08735
 -13.19660 -13.32941 -13.48606 -13.68139 -13.93706
 -12.95078 -12.95989 -12.97521 -12.99706 -13.02625 -13.06748 -13.12722 -13.21133
 -13.32058 -13.45339 -13.61003 -13.80537 -14.06104
 -13.07212 -13.08122 -13.09654 -13.11839 -13.14759 -13.18882 -13.24856 -13.33267
 -13.44191 -13.57472 -13.73137 -13.92670 -14.18238
 -13.19111 -13.20021 -13.21553 -13.23738 -13.26658 -13.30780 -13.36755 -13.45165
 -13.56090 -13.69371 -13.85036 -14.04569 -14.30137
 -13.30715 -13.31625 -13.33157 -13.35342 -13.38262 -13.42385 -13.48359 -13.56770
 -13.67695 -13.80975 -13.96640 -14.16174 -14.41741
 -13.42022 -13.42932 -13.44464 -13.46650 -13.49569 -13.53692 -13.59666 -13.68077
 -13.79002 -13.92282 -14.07947 -14.27481 -14.53048
 -13.53018 -13.53928 -13.55460 -13.57646 -13.60565 -13.64688 -13.70662 -13.79073
 -13.89998 -14.03278 -14.18943 -14.38477 -14.64044
 -13.63827 -13.64737 -13.66269 -13.68454 -13.71374 -13.75497 -13.81471 -13.89882
 -14.00807 -14.14087 -14.29752 -14.49286 -14.74853
 -13.74232 -13.75142 -13.76674 -13.78859 -13.81779 -13.85902 -13.91876 -14.00287
 -14.11211 -14.24492 -14.40157 -14.59690 -14.85258
 -13.84164 -13.85074 -13.86606 -13.88791 -13.91711 -13.95833 -14.01808 -14.10218
 -14.21143 -14.34424 -14.50089 -14.69622 -14.95190
 -13.94310 -13.95220 -13.96751 -13.98937 -14.01857 -14.05978 -14.11954 -14.20364
 -14.31289 -14.44569 -14.60235 -14.79768 -15.05335
 -14.03763 -14.04674 -14.06206 -14.08391 -14.11310 -14.15433 -14.21407 -14.29818
 -14.40743 -14.54024 -14.69688 -14.89222 -15.14789
 -14.13136 -14.14046 -14.15578 -14.17763 -14.20683 -14.24806 -14.30780 -14.39190
 -14.50115 -14.63396 -14.79061 -14.98594 -15.24162
 -14.22330 -14.23240 -14.24772 -14.26957 -14.29877 -14.33999 -14.39974 -14.48384
 -14.59309 -14.72590 -14.88255 -15.07788 -15.33356
 -14.31336 -14.32246 -14.33778 -14.35963 -14.38883 -14.43006 -14.48980 -14.57391
 -14.68316 -14.81596 -14.97261 -15.16795 -15.42362
 -14.40121 -14.41031 -14.42563 -14.44749 -14.47668 -14.51791 -14.57765 -14.66176
 -14.77101 -14.90381 -15.06046 -15.25580 -15.51147
 -14.48678 -14.49588 -14.51120 -14.53306 -14.56225 -14.60348 -14.66322 -14.74733
 -14.85658 -14.98938 -15.14603 -15.34137 -15.59704
 -14.57187 -14.58097 -14.59628 -14.61814 -14.64734 -14.68857 -14.74831 -14.83241
 -14.94166 -15.07446 -15.23112 -15.42645 -15.68213
 -14.65561 -14.66471 -14.68003 -14.70188 -14.73108 -14.77231 -14.83205 -14.91616
 -15.02540 -15.15821 -15.31486 -15.51019 -15.76587
 -14.73993 -14.74903 -14.76435 -14.78620 -14.81540 -14.85662 -14.91637 -15.00047
 -15.10972 -15.24253 -15.39918 -15.59451 -15.85018
 -14.82102 -14.83012 -14.84544 -14.86729 -14.89649 -14.93771 -14.99746 -15.08156
 -15.19081 -15.32362 -15.48027 -15.67560 -15.93127
 ---------------------------------------------------/ Z1= 5   / DATE= 22/07/91
 -10.80410 -10.80319 -10.80289 -10.80048 -10.79273 -10.77717 -10.75348 -10.72173
 -10.66878 -10.54310 -10.28619  -9.83875  -9.13912
 -10.88273 -10.88189 -10.88155 -10.87927 -10.87219 -10.85804 -10.83628 -10.80673
 -10.75727 -10.64120 -10.40557  -9.99517  -9.34826
 -10.95861 -10.95784 -10.95746 -10.95532 -10.94891 -10.93616 -10.91634 -10.88898
 -10.84300 -10.73656 -10.52222 -10.14887  -9.55468
 -11.03810 -11.03740 -11.03697 -11.03498 -11.02924 -11.01789 -11.00001 -10.97484
 -10.93235 -10.83552 -10.64247 -10.30616  -9.76470
 -11.11634 -11.11570 -11.11524 -11.11339 -11.10832 -11.09837 -11.08243 -11.05945
 -11.02044 -10.93324 -10.76146 -10.46220  -9.97346
 -11.19382 -11.19325 -11.19274 -11.19103 -11.18663 -11.17809 -11.16408 -11.14329
 -11.10777 -11.03019 -10.87970 -10.61748 -10.18146
 -11.27246 -11.27196 -11.27141 -11.26985 -11.26612 -11.25897 -11.24690 -11.22831
 -11.19627 -11.12830 -10.99910 -10.77393 -10.39063
 -11.34969 -11.34925 -11.34866 -11.34724 -11.34418 -11.33844 -11.32830 -11.31190
 -11.28335 -11.22500 -11.11708 -10.92895 -10.59838
 -11.42829 -11.42791 -11.42729 -11.42601 -11.42361 -11.41927 -11.41105 -11.39684
 -11.37176 -11.32296 -11.23612 -11.08470 -10.80649
 -11.50585 -11.50553 -11.50489 -11.50376 -11.50202 -11.49900 -11.49263 -11.48055
 -11.45887 -11.41919 -11.35228 -11.23556 -11.00764
 -11.58336 -11.58312 -11.58249 -11.58155 -11.58041 -11.57859 -11.57391 -11.56388
 -11.54546 -11.51405 -11.46474 -11.37875 -11.19695
 -11.66154 -11.66135 -11.66079 -11.66007 -11.65948 -11.65867 -11.65546 -11.64733
 -11.63197 -11.60756 -11.57237 -11.51114 -11.36927
 -11.73993 -11.73979 -11.73935 -11.73889 -11.73877 -11.73871 -11.73667 -11.73027
 -11.71768 -11.69870 -11.67340 -11.62965 -11.51992
 -11.81816 -11.81806 -11.81776 -11.81755 -11.81775 -11.81817 -11.81696 -11.81204
 -11.80193 -11.78701 -11.76798 -11.73540 -11.65033
 -11.89620 -11.89612 -11.89593 -11.89587 -11.89620 -11.89676 -11.89604 -11.89231
 -11.88434 -11.87239 -11.85698 -11.83079 -11.76359
 -11.97469 -11.97463 -11.97450 -11.97445 -11.97470 -11.97510 -11.97453 -11.97168
 -11.96554 -11.95586 -11.94258 -11.91987 -11.86528
 -12.05159 -12.05155 -12.05145 -12.05139 -12.05147 -12.05159 -12.05101 -12.04890
 -12.04446 -12.03711 -12.02627 -12.00747 -11.96488
 -12.12321 -12.12319 -12.12319 -12.12319 -12.12321 -12.12315 -12.12264 -12.12128
 -12.11868 -12.11449 -12.10843 -12.09761 -12.07176
 -12.17005 -12.17012 -12.17030 -12.17052 -12.17069 -12.17071 -12.17054 -12.17012
 -12.16965 -12.17003 -12.17226 -12.17571 -12.17489
 -12.15490 -12.15505 -12.15547 -12.15600 -12.15643 -12.15669 -12.15702 -12.15774
 -12.15974 -12.16546 -12.17767 -12.19836 -12.22728
 -12.06349 -12.06371 -12.06434 -12.06515 -12.06582 -12.06628 -12.06716 -12.06923
 -12.07396 -12.08497 -12.10623 -12.14247 -12.20053
 -11.93554 -11.93581 -11.93657 -11.93752 -11.93823 -11.93869 -11.94004 -11.94364
 -11.95136 -11.96672 -11.99351 -12.03895 -12.12025
 -11.82102 -11.82129 -11.82206 -11.82292 -11.82339 -11.82354 -11.82519 -11.83045
 -11.84133 -11.85951 -11.88663 -11.93194 -12.02686
 -11.73993 -11.74019 -11.74091 -11.74159 -11.74166 -11.74131 -11.74309 -11.74999
 -11.76391 -11.78369 -11.80765 -11.84656 -11.94756
 -11.69680 -11.69707 -11.69778 -11.69833 -11.69802 -11.69714 -11.69895 -11.70724
 -11.72377 -11.74448 -11.76425 -11.79495 -11.89790
 -11.69037 -11.69067 -11.69147 -11.69203 -11.69150 -11.69021 -11.69198 -11.70127
 -11.71976 -11.74113 -11.75764 -11.78186 -11.88546
 -11.71444 -11.71479 -11.71571 -11.71635 -11.71571 -11.71412 -11.71582 -11.72578
 -11.74564 -11.76749 -11.78168 -11.80120 -11.90484
 -11.76195 -11.76233 -11.76332 -11.76400 -11.76325 -11.76141 -11.76305 -11.77346
 -11.79428 -11.81639 -11.82876 -11.84463 -11.94787
 -11.82974 -11.83011 -11.83106 -11.83164 -11.83072 -11.82868 -11.83026 -11.84102
 -11.86250 -11.88465 -11.89532 -11.90797 -12.01048
 -11.91364 -11.91397 -11.91482 -11.91523 -11.91411 -11.91187 -11.91340 -11.92442
 -11.94638 -11.96842 -11.97745 -11.98705 -12.08837
 -12.00833 -12.00864 -12.00941 -12.00969 -12.00838 -12.00593 -12.00738 -12.01858
 -12.04093 -12.06279 -12.07022 -12.07680 -12.17632
 -12.11464 -12.11497 -12.11578 -12.11606 -12.11464 -12.11195 -12.11322 -12.12455
 -12.14728 -12.16901 -12.17488 -12.17833 -12.27523
 -12.22841 -12.22881 -12.22982 -12.23028 -12.22884 -12.22589 -12.22691 -12.23830
 -12.26146 -12.28316 -12.28756 -12.28781 -12.38139
 -12.34775 -12.34824 -12.34948 -12.35017 -12.34878 -12.34560 -12.34638 -12.35781
 -12.38133 -12.40305 -12.40634 -12.40404 -12.49469
 -12.47237 -12.47289 -12.47424 -12.47505 -12.47368 -12.47041 -12.47109 -12.48252
 -12.50619 -12.52793 -12.53080 -12.52749 -12.61690
 -12.59860 -12.59913 -12.60047 -12.60128 -12.59991 -12.59665 -12.59732 -12.60875
 -12.63242 -12.65416 -12.65703 -12.65372 -12.74313
 -12.72816 -12.72869 -12.73003 -12.73084 -12.72947 -12.72621 -12.72688 -12.73831
 -12.76198 -12.78372 -12.78659 -12.78328 -12.87269
 -12.86012 -12.86064 -12.86199 -12.86280 -12.86143 -12.85816 -12.85884 -12.87027
 -12.89394 -12.91568 -12.91855 -12.91524 -13.00465
 -12.99140 -12.99192 -12.99327 -12.99408 -12.99271 -12.98944 -12.99012 -13.00155
 -13.02522 -13.04696 -13.04983 -13.04652 -13.13593
 -13.12321 -13.12373 -13.12508 -13.12588 -13.12452 -13.12125 -13.12192 -13.13336
 -13.15702 -13.17876 -13.18164 -13.17832 -13.26774
 -13.25414 -13.25467 -13.25603 -13.25683 -13.25546 -13.25220 -13.25286 -13.26431
 -13.28796 -13.30970 -13.31258 -13.30927 -13.39868
 -13.38510 -13.38563 -13.38697 -13.38778 -13.38641 -13.38315 -13.38382 -13.39526
 -13.41892 -13.44066 -13.44353 -13.44022 -13.52963
 -13.51428 -13.51480 -13.51615 -13.51696 -13.51559 -13.51232 -13.51300 -13.52443
 -13.54810 -13.56984 -13.57271 -13.56940 -13.65881
 -13.64207 -13.64259 -13.64394 -13.64474 -13.64338 -13.64011 -13.64078 -13.65222
 -13.67588 -13.69763 -13.70050 -13.69719 -13.78660
 -13.76700 -13.76752 -13.76887 -13.76968 -13.76831 -13.76504 -13.76572 -13.77715
 -13.80082 -13.82256 -13.82543 -13.82212 -13.91153
 -13.88941 -13.88994 -13.89128 -13.89209 -13.89072 -13.88746 -13.88813 -13.89956
 -13.92323 -13.94497 -13.94784 -13.94453 -14.03394
 -14.01055 -14.01108 -14.01242 -14.01323 -14.01186 -14.00860 -14.00927 -14.02070
 -14.04437 -14.06611 -14.06898 -14.06567 -14.15508
 -14.12901 -14.12953 -14.13088 -14.13169 -14.13032 -14.12705 -14.12773 -14.13916
 -14.16283 -14.18457 -14.18744 -14.18413 -14.27354
 -14.24413 -14.24465 -14.24600 -14.24681 -14.24544 -14.24217 -14.24285 -14.25428
 -14.27795 -14.29969 -14.30256 -14.29925 -14.38866
 -14.35655 -14.35707 -14.35842 -14.35922 -14.35786 -14.35459 -14.35526 -14.36670
 -14.39036 -14.41210 -14.41498 -14.41166 -14.50108
 -14.46597 -14.46650 -14.46785 -14.46865 -14.46728 -14.46402 -14.46469 -14.47613
 -14.49979 -14.52153 -14.52440 -14.52109 -14.61051
 ---------------------------------------------------/ Z1= 6   / DATE= 22/07/91
 -10.53760 -10.53608 -10.53562 -10.53610 -10.53627 -10.53472 -10.52735 -10.50773
 -10.46928 -10.40471 -10.30605 -10.16063  -9.87099
 -10.61261 -10.61121 -10.61076 -10.61113 -10.61123 -10.60978 -10.60288 -10.58439
 -10.54803 -10.48699 -10.39391 -10.25700  -9.98385
 -10.68825 -10.68698 -10.68652 -10.68680 -10.68683 -10.68547 -10.67904 -10.66168
 -10.62742 -10.56989 -10.48240 -10.35400 -10.09734
 -10.76195 -10.76080 -10.76034 -10.76052 -10.76048 -10.75921 -10.75326 -10.73703
 -10.70486 -10.65086 -10.56895 -10.44907 -10.20890
 -10.83863 -10.83759 -10.83714 -10.83722 -10.83711 -10.83593 -10.83044 -10.81535
 -10.78527 -10.73479 -10.65847 -10.54710 -10.32342
 -10.91364 -10.91272 -10.91227 -10.91225 -10.91207 -10.91098 -10.90597 -10.89200
 -10.86401 -10.81706 -10.74633 -10.64347 -10.43628
 -10.98716 -10.98636 -10.98592 -10.98580 -10.98555 -10.98456 -10.98001 -10.96718
 -10.94128 -10.89785 -10.83270 -10.73835 -10.54766
 -11.06248 -11.06180 -11.06135 -11.06114 -11.06082 -11.05992 -11.05584 -11.04414
 -11.02034 -10.98043 -10.92087 -10.83503 -10.66082
 -11.13787 -11.13730 -11.13686 -11.13655 -11.13616 -11.13535 -11.13174 -11.12117
 -11.09946 -11.06308 -11.00910 -10.93178 -10.77406
 -11.21254 -11.21209 -11.21165 -11.21124 -11.21078 -11.21006 -11.20692 -11.19749
 -11.17787 -11.14501 -11.09662 -11.02780 -10.88658
 -11.28735 -11.28702 -11.28659 -11.28608 -11.28555 -11.28492 -11.28225 -11.27395
 -11.25642 -11.22709 -11.18428 -11.12398 -10.99924
 -11.36251 -11.36230 -11.36187 -11.36127 -11.36066 -11.36013 -11.35793 -11.35076
 -11.33532 -11.30951 -11.27229 -11.22050 -11.11225
 -11.43771 -11.43762 -11.43719 -11.43648 -11.43581 -11.43537 -11.43364 -11.42760
 -11.41425 -11.39197 -11.36033 -11.31706 -11.22530
 -11.51286 -11.51288 -11.51245 -11.51165 -11.51091 -11.51056 -11.50930 -11.50440
 -11.49314 -11.47438 -11.44832 -11.41354 -11.33825
 -11.58838 -11.58850 -11.58808 -11.58720 -11.58641 -11.58616 -11.58536 -11.58155
 -11.57234 -11.55700 -11.53627 -11.50950 -11.44989
 -11.66354 -11.66369 -11.66327 -11.66240 -11.66164 -11.66151 -11.66111 -11.65830
 -11.65101 -11.63879 -11.62263 -11.60238 -11.55605
 -11.73755 -11.73761 -11.73721 -11.73645 -11.73585 -11.73588 -11.73579 -11.73381
 -11.72823 -11.71863 -11.70580 -11.68957 -11.65256
 -11.81248 -11.81237 -11.81199 -11.81147 -11.81115 -11.81134 -11.81146 -11.81016
 -11.80608 -11.79870 -11.78813 -11.77385 -11.74273
 -11.88273 -11.88244 -11.88213 -11.88189 -11.88188 -11.88221 -11.88245 -11.88172
 -11.87912 -11.87394 -11.86563 -11.85323 -11.82763
 -11.93554 -11.93518 -11.93498 -11.93501 -11.93524 -11.93562 -11.93591 -11.93575
 -11.93472 -11.93215 -11.92717 -11.91863 -11.90134
 -11.94310 -11.94280 -11.94276 -11.94300 -11.94337 -11.94370 -11.94400 -11.94442
 -11.94508 -11.94562 -11.94521 -11.94300 -11.93755
 -11.89963 -11.89946 -11.89958 -11.89999 -11.90042 -11.90064 -11.90091 -11.90190
 -11.90426 -11.90801 -11.91263 -11.91770 -11.92550
 -11.82102 -11.82098 -11.82125 -11.82177 -11.82221 -11.82231 -11.82255 -11.82406
 -11.82798 -11.83467 -11.84387 -11.85561 -11.87573
 -11.74473 -11.74478 -11.74514 -11.74571 -11.74615 -11.74615 -11.74637 -11.74834
 -11.75354 -11.76252 -11.77500 -11.79120 -11.82046
 -11.68825 -11.68832 -11.68871 -11.68930 -11.68973 -11.68967 -11.68990 -11.69223
 -11.69838 -11.70888 -11.72314 -11.74127 -11.77586
 -11.66354 -11.66358 -11.66396 -11.66456 -11.66498 -11.66487 -11.66512 -11.66771
 -11.67455 -11.68600 -11.70109 -11.71965 -11.75704
 -11.66756 -11.66759 -11.66796 -11.66855 -11.66895 -11.66881 -11.66908 -11.67185
 -11.67914 -11.69121 -11.70674 -11.72534 -11.76435
 -11.69897 -11.69900 -11.69936 -11.69993 -11.70030 -11.70012 -11.70039 -11.70326
 -11.71083 -11.72331 -11.73921 -11.75807 -11.79831
 -11.74958 -11.74961 -11.74994 -11.75047 -11.75078 -11.75055 -11.75080 -11.75371
 -11.76141 -11.77411 -11.79034 -11.80966 -11.85092
 -11.82102 -11.82103 -11.82130 -11.82173 -11.82194 -11.82164 -11.82185 -11.82476
 -11.83246 -11.84524 -11.86176 -11.88168 -11.92385
 -11.90658 -11.90656 -11.90674 -11.90703 -11.90710 -11.90672 -11.90690 -11.90976
 -11.91736 -11.93008 -11.94679 -11.96737 -12.01035
 -12.00174 -12.00170 -12.00179 -12.00193 -12.00187 -12.00142 -12.00158 -12.00437
 -12.01177 -12.02427 -12.04103 -12.06217 -12.10570
 -12.10624 -12.10622 -12.10627 -12.10632 -12.10618 -12.10571 -12.10587 -12.10856
 -12.11566 -12.12776 -12.14434 -12.16579 -12.20946
 -12.21753 -12.21758 -12.21767 -12.21773 -12.21760 -12.21718 -12.21737 -12.21994
 -12.22665 -12.23817 -12.25430 -12.27565 -12.31890
 -12.33348 -12.33363 -12.33382 -12.33398 -12.33394 -12.33363 -12.33388 -12.33633
 -12.34261 -12.35349 -12.36898 -12.38992 -12.43234
 -12.45346 -12.45370 -12.45399 -12.45423 -12.45429 -12.45407 -12.45437 -12.45674
 -12.46272 -12.47313 -12.48813 -12.50868 -12.55039
 -12.57512 -12.57538 -12.57569 -12.57595 -12.57603 -12.57583 -12.57614 -12.57849
 -12.58443 -12.59475 -12.60966 -12.63012 -12.67169
 -12.69897 -12.69923 -12.69954 -12.69980 -12.69988 -12.69968 -12.69999 -12.70234
 -12.70828 -12.71860 -12.73351 -12.75397 -12.79554
 -12.82102 -12.82128 -12.82159 -12.82185 -12.82193 -12.82173 -12.82203 -12.82439
 -12.83033 -12.84065 -12.85556 -12.87602 -12.91759
 -12.94310 -12.94335 -12.94366 -12.94392 -12.94401 -12.94380 -12.94411 -12.94646
 -12.95240 -12.96272 -12.97762 -12.99809 -13.03967
 -13.06550 -13.06576 -13.06607 -13.06633 -13.06640 -13.06620 -13.06651 -13.06887
 -13.07480 -13.08513 -13.10003 -13.12049 -13.16207
 -13.18575 -13.18601 -13.18631 -13.18658 -13.18665 -13.18645 -13.18676 -13.18912
 -13.19505 -13.20537 -13.22028 -13.24074 -13.28232
 -13.30364 -13.30390 -13.30421 -13.30447 -13.30455 -13.30435 -13.30465 -13.30701
 -13.31295 -13.32327 -13.33818 -13.35864 -13.40021
 -13.41908 -13.41934 -13.41965 -13.41990 -13.41998 -13.41978 -13.42008 -13.42245
 -13.42838 -13.43870 -13.45360 -13.47408 -13.51565
 -13.53165 -13.53191 -13.53222 -13.53248 -13.53256 -13.53236 -13.53267 -13.53502
 -13.54096 -13.55128 -13.56619 -13.58665 -13.62822
 -13.64207 -13.64233 -13.64264 -13.64290 -13.64297 -13.64278 -13.64309 -13.64544
 -13.65137 -13.66170 -13.67661 -13.69707 -13.73864
 -13.74958 -13.74984 -13.75015 -13.75041 -13.75049 -13.75029 -13.75060 -13.75295
 -13.75889 -13.76921 -13.78412 -13.80458 -13.84615
 -13.85387 -13.85413 -13.85444 -13.85470 -13.85478 -13.85458 -13.85489 -13.85724
 -13.86318 -13.87350 -13.88841 -13.90887 -13.95044
 -13.95468 -13.95494 -13.95525 -13.95551 -13.95559 -13.95539 -13.95569 -13.95805
 -13.96399 -13.97431 -13.98922 -14.00968 -14.05125
 -14.05502 -14.05528 -14.05559 -14.05585 -14.05593 -14.05573 -14.05603 -14.05839
 -14.06432 -14.07465 -14.08955 -14.11002 -14.15159
 -14.15181 -14.15207 -14.15238 -14.15264 -14.15271 -14.15251 -14.15282 -14.15518
 -14.16111 -14.17144 -14.18634 -14.20680 -14.24838
 ---------------------------------------------------/ Z1= 7   / DATE= 22/07/91
 -10.41454 -10.41470 -10.41427 -10.41285 -10.41056 -10.40761 -10.40258 -10.38897
 -10.35933 -10.30601 -10.22092 -10.09582  -9.88376
 -10.47756 -10.47771 -10.47729 -10.47595 -10.47378 -10.47100 -10.46625 -10.45337
 -10.42523 -10.37460 -10.29390 -10.17547  -9.97473
 -10.54061 -10.54076 -10.54036 -10.53909 -10.53704 -10.53443 -10.52997 -10.51781
 -10.49117 -10.44323 -10.36694 -10.25517 -10.06575
 -10.60380 -10.60393 -10.60356 -10.60235 -10.60043 -10.59799 -10.59382 -10.58237
 -10.55724 -10.51199 -10.44010 -10.33499 -10.15690
 -10.66756 -10.66769 -10.66734 -10.66620 -10.66440 -10.66213 -10.65825 -10.64752
 -10.62389 -10.58133 -10.51383 -10.41540 -10.24863
 -10.73283 -10.73295 -10.73262 -10.73156 -10.72988 -10.72777 -10.72418 -10.71417
 -10.69205 -10.65218 -10.58908 -10.49730 -10.34186
 -10.79860 -10.79871 -10.79840 -10.79741 -10.79585 -10.79391 -10.79061 -10.78132
 -10.76071 -10.72352 -10.66482 -10.57971 -10.43559
 -10.86328 -10.86338 -10.86309 -10.86217 -10.86074 -10.85897 -10.85596 -10.84739
 -10.82827 -10.79377 -10.73947 -10.66103 -10.52823
 -10.92812 -10.92822 -10.92795 -10.92711 -10.92579 -10.92419 -10.92147 -10.91362
 -10.89601 -10.86420 -10.81430 -10.74252 -10.62104
 -10.99568 -10.99577 -10.99553 -10.99475 -10.99355 -10.99212 -10.98969 -10.98256
 -10.96645 -10.93733 -10.89183 -10.82671 -10.71656
 -11.06148 -11.06156 -11.06134 -11.06063 -11.05956 -11.05830 -11.05615 -11.04974
 -11.03514 -11.00870 -10.96760 -10.90915 -10.81032
 -11.12901 -11.12908 -11.12888 -11.12825 -11.12730 -11.12620 -11.12435 -11.11865
 -11.10556 -11.08181 -11.04511 -10.99332 -10.90581
 -11.19654 -11.19660 -11.19642 -11.19586 -11.19503 -11.19410 -11.19254 -11.18756
 -11.17597 -11.15491 -11.12261 -11.07749 -11.00130
 -11.26520 -11.26526 -11.26510 -11.26461 -11.26390 -11.26314 -11.26187 -11.25761
 -11.24752 -11.22915 -11.20125 -11.16279 -11.09793
 -11.33442 -11.33447 -11.33434 -11.33392 -11.33333 -11.33274 -11.33176 -11.32822
 -11.31964 -11.30395 -11.28045 -11.24865 -11.19511
 -11.40450 -11.40454 -11.40443 -11.40408 -11.40362 -11.40319 -11.40248 -11.39965
 -11.39256 -11.37956 -11.36040 -11.33513 -11.29265
 -11.47496 -11.47499 -11.47490 -11.47463 -11.47429 -11.47400 -11.47352 -11.47132
 -11.46568 -11.45528 -11.44021 -11.42078 -11.38811
 -11.54668 -11.54671 -11.54665 -11.54647 -11.54625 -11.54605 -11.54569 -11.54401
 -11.53971 -11.53180 -11.52030 -11.50543 -11.48015
 -11.61979 -11.61980 -11.61978 -11.61971 -11.61960 -11.61944 -11.61906 -11.61774
 -11.61465 -11.60903 -11.60045 -11.58848 -11.56753
 -11.69250 -11.69249 -11.69251 -11.69254 -11.69252 -11.69236 -11.69191 -11.69085
 -11.68880 -11.68521 -11.67888 -11.66852 -11.64962
 -11.76700 -11.76699 -11.76703 -11.76713 -11.76718 -11.76700 -11.76650 -11.76565
 -11.76448 -11.76254 -11.75789 -11.74832 -11.73028
 -11.84164 -11.84162 -11.84167 -11.84181 -11.84187 -11.84170 -11.84119 -11.84057
 -11.84010 -11.83938 -11.83591 -11.82676 -11.80922
 -11.92082 -11.92080 -11.92085 -11.92098 -11.92105 -11.92087 -11.92039 -11.91996
 -11.92003 -11.92022 -11.91758 -11.90869 -11.89156
 -11.99568 -11.99566 -11.99572 -11.99585 -11.99591 -11.99570 -11.99521 -11.99491
 -11.99538 -11.99626 -11.99429 -11.98567 -11.96899
 -12.07624 -12.07622 -12.07628 -12.07643 -12.07648 -12.07623 -12.07564 -12.07535
 -12.07609 -12.07757 -12.07628 -12.06811 -12.05207
 -12.15677 -12.15674 -12.15681 -12.15701 -12.15708 -12.15674 -12.15596 -12.15555
 -12.15645 -12.15850 -12.15800 -12.15055 -12.13540
 -12.23882 -12.23878 -12.23888 -12.23912 -12.23921 -12.23879 -12.23782 -12.23726
 -12.23825 -12.24074 -12.24094 -12.23433 -12.22030
 -12.32331 -12.32328 -12.32338 -12.32364 -12.32374 -12.32329 -12.32225 -12.32163
 -12.32264 -12.32531 -12.32593 -12.32009 -12.30730
 -12.40894 -12.40890 -12.40899 -12.40923 -12.40932 -12.40892 -12.40800 -12.40748
 -12.40847 -12.41099 -12.41163 -12.40634 -12.39484
 -12.49621 -12.49618 -12.49625 -12.49643 -12.49650 -12.49619 -12.49549 -12.49515
 -12.49610 -12.49829 -12.49873 -12.49385 -12.48362
 -12.58503 -12.58501 -12.58506 -12.58520 -12.58525 -12.58502 -12.58450 -12.58432
 -12.58520 -12.58708 -12.58733 -12.58284 -12.57377
 -12.67778 -12.67776 -12.67780 -12.67792 -12.67796 -12.67777 -12.67733 -12.67720
 -12.67803 -12.67973 -12.67996 -12.67593 -12.66787
 -12.77211 -12.77209 -12.77214 -12.77225 -12.77229 -12.77210 -12.77168 -12.77154
 -12.77230 -12.77391 -12.77424 -12.77078 -12.76373
 -12.86646 -12.86645 -12.86649 -12.86660 -12.86664 -12.86645 -12.86604 -12.86589
 -12.86657 -12.86808 -12.86855 -12.86576 -12.85989
 -12.96658 -12.96657 -12.96661 -12.96670 -12.96673 -12.96658 -12.96623 -12.96611
 -12.96670 -12.96802 -12.96857 -12.96660 -12.96222
 -13.06854 -13.06853 -13.06855 -13.06861 -13.06863 -13.06854 -13.06835 -13.06833
 -13.06882 -13.06982 -13.07035 -13.06926 -13.06668
 -13.17198 -13.17197 -13.17198 -13.17199 -13.17200 -13.17197 -13.17194 -13.17205
 -13.17245 -13.17315 -13.17362 -13.17324 -13.17217
 -13.27819 -13.27819 -13.27819 -13.27819 -13.27819 -13.27819 -13.27823 -13.27838
 -13.27875 -13.27933 -13.27976 -13.27964 -13.27913
 -13.38510 -13.38510 -13.38510 -13.38510 -13.38510 -13.38510 -13.38514 -13.38529
 -13.38566 -13.38624 -13.38667 -13.38655 -13.38604
 -13.49214 -13.49214 -13.49214 -13.49214 -13.49214 -13.49214 -13.49217 -13.49233
 -13.49270 -13.49328 -13.49371 -13.49359 -13.49308
 -13.59688 -13.59688 -13.59688 -13.59687 -13.59687 -13.59688 -13.59691 -13.59707
 -13.59744 -13.59801 -13.59845 -13.59833 -13.59782
 -13.69680 -13.69681 -13.69680 -13.69680 -13.69680 -13.69681 -13.69684 -13.69699
 -13.69736 -13.69794 -13.69838 -13.69826 -13.69774
 -13.78781 -13.78781 -13.78781 -13.78781 -13.78781 -13.78781 -13.78785 -13.78800
 -13.78837 -13.78895 -13.78938 -13.78926 -13.78875
 -13.86646 -13.86646 -13.86646 -13.86646 -13.86646 -13.86646 -13.86650 -13.86665
 -13.86702 -13.86760 -13.86803 -13.86791 -13.86740
 -13.92812 -13.92812 -13.92812 -13.92812 -13.92812 -13.92812 -13.92816 -13.92831
 -13.92868 -13.92926 -13.92969 -13.92957 -13.92906
 -13.96658 -13.96658 -13.96658 -13.96658 -13.96658 -13.96658 -13.96662 -13.96677
 -13.96714 -13.96772 -13.96816 -13.96803 -13.96752
 -13.98716 -13.98716 -13.98716 -13.98716 -13.98716 -13.98716 -13.98720 -13.98735
 -13.98772 -13.98830 -13.98874 -13.98861 -13.98810
 -13.98716 -13.98716 -13.98716 -13.98716 -13.98716 -13.98716 -13.98720 -13.98735
 -13.98772 -13.98830 -13.98873 -13.98861 -13.98810
 -13.97469 -13.97469 -13.97469 -13.97469 -13.97469 -13.97469 -13.97473 -13.97488
 -13.97525 -13.97583 -13.97626 -13.97614 -13.97563
 -13.95468 -13.95468 -13.95468 -13.95468 -13.95468 -13.95468 -13.95471 -13.95487
 -13.95524 -13.95582 -13.95625 -13.95613 -13.95562
 -13.92812 -13.92812 -13.92812 -13.92811 -13.92811 -13.92812 -13.92815 -13.92831
 -13.92868 -13.92925 -13.92969 -13.92957 -13.92906
 
C---------------------------------------------------------------------------------
C ADAS ADF11 DATA - SCCS info: @(#)$Header: /home/adascvs/adas/adf11/acd85/acd85_n.dat,v 2.1 2004/07/07 00:00:34 whitefor Exp $ Date $Date: 2004/07/07 00:00:34 $
C---------------------------------------------------------------------------------
