  2.0938986e+000  1.5670272e-001
  1.9421348e+000  2.4922450e-001
  1.7782108e+000  3.8340251e-001
  1.6202422e+000  4.1983897e-001
  9.9891750e-001  5.7200836e-001
  7.7204470e-001  7.7673627e-001
  5.3158390e-001  1.1027000e+000
  9.5596300e-003  1.5590350e+000
 -2.4240563e-001  1.4508495e+000
 -6.0838259e-001  3.3486582e-001
 -1.0066794e+000  3.2638399e-002
 -1.1799473e+000  8.3250786e-003
 -1.5011964e+000  6.6366184e-003
 -1.8295341e+000  7.0274913e-003
 -2.1651672e+000  8.2818415e-003
