    6   26   48    1    6     /CARBON             /ABELS-VAN MAANEN 1985   ADF11
 -------------------------------------------------------------------------------
  10.00000  10.20000  10.40000  10.60000  10.80000  11.00000  11.20000  11.40000
  11.60000  11.80000  12.00000  12.20000  12.40000  12.60000  12.80000  13.00000
  13.20000  13.40000  13.60000  13.80000  14.00000  14.20000  14.40000  14.60000
  14.80000  15.00000
   0.00000   0.10000   0.20000   0.30000   0.40000   0.50000   0.60000   0.70000
   0.80000   0.90000   1.00000   1.10000   1.20000   1.30000   1.40000   1.50000
   1.60000   1.70000   1.80000   1.90000   2.00000   2.10000   2.20000   2.30000
   2.40000   2.50000   2.60000   2.70000   2.80000   2.90000   3.00000   3.10000
   3.20000   3.30000   3.40000   3.50000   3.60000   3.70000   3.80000   3.90000
   4.00000   4.10000   4.20000   4.30000   4.40000   4.50000   4.60000   4.70000
 --------------------/ IGRD= 1  / IPRT= 0  / 1638.59/ Z1= 1   / DATE= 17.07.03
 -28.78073 -28.78073 -28.78073 -28.78073 -28.78073 -28.78073 -28.78073 -28.78073
 -28.78073 -28.78073 -28.78073 -28.78073 -28.78073 -28.78073 -28.78073 -28.78073
 -28.78073 -28.78073 -28.78073 -28.78073 -28.78073 -28.78073 -28.78073 -28.78073
 -28.78073 -28.78073
 -28.15504 -28.15504 -28.15504 -28.15504 -28.15504 -28.15504 -28.15504 -28.15504
 -28.15504 -28.15504 -28.15504 -28.15504 -28.15504 -28.15504 -28.15504 -28.15504
 -28.15504 -28.15504 -28.15504 -28.15504 -28.15504 -28.15504 -28.15504 -28.15504
 -28.15504 -28.15504
 -27.66829 -27.66829 -27.66829 -27.66829 -27.66829 -27.66829 -27.66829 -27.66829
 -27.66829 -27.66829 -27.66829 -27.66829 -27.66829 -27.66829 -27.66829 -27.66829
 -27.66829 -27.66829 -27.66829 -27.66829 -27.66829 -27.66829 -27.66829 -27.66829
 -27.66829 -27.66829
 -27.29191 -27.29191 -27.29191 -27.29191 -27.29191 -27.29191 -27.29191 -27.29191
 -27.29191 -27.29191 -27.29191 -27.29191 -27.29191 -27.29191 -27.29191 -27.29191
 -27.29191 -27.29191 -27.29191 -27.29191 -27.29191 -27.29191 -27.29191 -27.29191
 -27.29191 -27.29191
 -27.00321 -27.00321 -27.00321 -27.00321 -27.00321 -27.00321 -27.00321 -27.00321
 -27.00321 -27.00321 -27.00321 -27.00321 -27.00321 -27.00321 -27.00321 -27.00321
 -27.00321 -27.00321 -27.00321 -27.00321 -27.00321 -27.00321 -27.00321 -27.00321
 -27.00321 -27.00321
 -26.78415 -26.78415 -26.78415 -26.78415 -26.78415 -26.78415 -26.78415 -26.78415
 -26.78415 -26.78415 -26.78415 -26.78415 -26.78415 -26.78415 -26.78415 -26.78415
 -26.78415 -26.78415 -26.78415 -26.78415 -26.78415 -26.78415 -26.78415 -26.78415
 -26.78415 -26.78415
 -26.62042 -26.62042 -26.62042 -26.62042 -26.62042 -26.62042 -26.62042 -26.62042
 -26.62042 -26.62042 -26.62042 -26.62042 -26.62042 -26.62042 -26.62042 -26.62042
 -26.62042 -26.62042 -26.62042 -26.62042 -26.62042 -26.62042 -26.62042 -26.62042
 -26.62042 -26.62042
 -26.50063 -26.50063 -26.50063 -26.50063 -26.50063 -26.50063 -26.50063 -26.50063
 -26.50063 -26.50063 -26.50063 -26.50063 -26.50063 -26.50063 -26.50063 -26.50063
 -26.50063 -26.50063 -26.50063 -26.50063 -26.50063 -26.50063 -26.50063 -26.50063
 -26.50063 -26.50063
 -26.41576 -26.41576 -26.41576 -26.41576 -26.41576 -26.41576 -26.41576 -26.41576
 -26.41576 -26.41576 -26.41576 -26.41576 -26.41576 -26.41576 -26.41576 -26.41576
 -26.41576 -26.41576 -26.41576 -26.41576 -26.41576 -26.41576 -26.41576 -26.41576
 -26.41576 -26.41576
 -26.35861 -26.35861 -26.35861 -26.35861 -26.35861 -26.35861 -26.35861 -26.35861
 -26.35861 -26.35861 -26.35861 -26.35861 -26.35861 -26.35861 -26.35861 -26.35861
 -26.35861 -26.35861 -26.35861 -26.35861 -26.35861 -26.35861 -26.35861 -26.35861
 -26.35861 -26.35861
 -26.32350 -26.32350 -26.32350 -26.32350 -26.32350 -26.32350 -26.32350 -26.32350
 -26.32350 -26.32350 -26.32350 -26.32350 -26.32350 -26.32350 -26.32350 -26.32350
 -26.32350 -26.32350 -26.32350 -26.32350 -26.32350 -26.32350 -26.32350 -26.32350
 -26.32350 -26.32350
 -26.30589 -26.30589 -26.30589 -26.30589 -26.30589 -26.30589 -26.30589 -26.30589
 -26.30589 -26.30589 -26.30589 -26.30589 -26.30589 -26.30589 -26.30589 -26.30589
 -26.30589 -26.30589 -26.30589 -26.30589 -26.30589 -26.30589 -26.30589 -26.30589
 -26.30589 -26.30589
 -26.30218 -26.30218 -26.30218 -26.30218 -26.30218 -26.30218 -26.30218 -26.30218
 -26.30218 -26.30218 -26.30218 -26.30218 -26.30218 -26.30218 -26.30218 -26.30218
 -26.30218 -26.30218 -26.30218 -26.30218 -26.30218 -26.30218 -26.30218 -26.30218
 -26.30218 -26.30218
 -26.30951 -26.30951 -26.30951 -26.30951 -26.30951 -26.30951 -26.30951 -26.30951
 -26.30951 -26.30951 -26.30951 -26.30951 -26.30951 -26.30951 -26.30951 -26.30951
 -26.30951 -26.30951 -26.30951 -26.30951 -26.30951 -26.30951 -26.30951 -26.30951
 -26.30951 -26.30951
 -26.32561 -26.32561 -26.32561 -26.32561 -26.32561 -26.32561 -26.32561 -26.32561
 -26.32561 -26.32561 -26.32561 -26.32561 -26.32561 -26.32561 -26.32561 -26.32561
 -26.32561 -26.32561 -26.32561 -26.32561 -26.32561 -26.32561 -26.32561 -26.32561
 -26.32561 -26.32561
 -26.34868 -26.34868 -26.34868 -26.34868 -26.34868 -26.34868 -26.34868 -26.34868
 -26.34868 -26.34868 -26.34868 -26.34868 -26.34868 -26.34868 -26.34868 -26.34868
 -26.34868 -26.34868 -26.34868 -26.34868 -26.34868 -26.34868 -26.34868 -26.34868
 -26.34868 -26.34868
 -26.37729 -26.37729 -26.37729 -26.37729 -26.37729 -26.37729 -26.37729 -26.37729
 -26.37729 -26.37729 -26.37729 -26.37729 -26.37729 -26.37729 -26.37729 -26.37729
 -26.37729 -26.37729 -26.37729 -26.37729 -26.37729 -26.37729 -26.37729 -26.37729
 -26.37729 -26.37729
 -26.41029 -26.41029 -26.41029 -26.41029 -26.41029 -26.41029 -26.41029 -26.41029
 -26.41029 -26.41029 -26.41029 -26.41029 -26.41029 -26.41029 -26.41029 -26.41029
 -26.41029 -26.41029 -26.41029 -26.41029 -26.41029 -26.41029 -26.41029 -26.41029
 -26.41029 -26.41029
 -26.44679 -26.44679 -26.44679 -26.44679 -26.44679 -26.44679 -26.44679 -26.44679
 -26.44679 -26.44679 -26.44679 -26.44679 -26.44679 -26.44679 -26.44679 -26.44679
 -26.44679 -26.44679 -26.44679 -26.44679 -26.44679 -26.44679 -26.44679 -26.44679
 -26.44679 -26.44679
 -26.48606 -26.48606 -26.48606 -26.48606 -26.48606 -26.48606 -26.48606 -26.48606
 -26.48606 -26.48606 -26.48606 -26.48606 -26.48606 -26.48606 -26.48606 -26.48606
 -26.48606 -26.48606 -26.48606 -26.48606 -26.48606 -26.48606 -26.48606 -26.48606
 -26.48606 -26.48606
 -26.52753 -26.52753 -26.52753 -26.52753 -26.52753 -26.52753 -26.52753 -26.52753
 -26.52753 -26.52753 -26.52753 -26.52753 -26.52753 -26.52753 -26.52753 -26.52753
 -26.52753 -26.52753 -26.52753 -26.52753 -26.52753 -26.52753 -26.52753 -26.52753
 -26.52753 -26.52753
 -26.57076 -26.57076 -26.57076 -26.57076 -26.57076 -26.57076 -26.57076 -26.57076
 -26.57076 -26.57076 -26.57076 -26.57076 -26.57076 -26.57076 -26.57076 -26.57076
 -26.57076 -26.57076 -26.57076 -26.57076 -26.57076 -26.57076 -26.57076 -26.57076
 -26.57076 -26.57076
 -26.61537 -26.61537 -26.61537 -26.61537 -26.61537 -26.61537 -26.61537 -26.61537
 -26.61537 -26.61537 -26.61537 -26.61537 -26.61537 -26.61537 -26.61537 -26.61537
 -26.61537 -26.61537 -26.61537 -26.61537 -26.61537 -26.61537 -26.61537 -26.61537
 -26.61537 -26.61537
 -26.66109 -26.66109 -26.66109 -26.66109 -26.66109 -26.66109 -26.66109 -26.66109
 -26.66109 -26.66109 -26.66109 -26.66109 -26.66109 -26.66109 -26.66109 -26.66109
 -26.66109 -26.66109 -26.66109 -26.66109 -26.66109 -26.66109 -26.66109 -26.66109
 -26.66109 -26.66109
 -26.70769 -26.70769 -26.70769 -26.70769 -26.70769 -26.70769 -26.70769 -26.70769
 -26.70769 -26.70769 -26.70769 -26.70769 -26.70769 -26.70769 -26.70769 -26.70769
 -26.70769 -26.70769 -26.70769 -26.70769 -26.70769 -26.70769 -26.70769 -26.70769
 -26.70769 -26.70769
 -26.75499 -26.75499 -26.75499 -26.75499 -26.75499 -26.75499 -26.75499 -26.75499
 -26.75499 -26.75499 -26.75499 -26.75499 -26.75499 -26.75499 -26.75499 -26.75499
 -26.75499 -26.75499 -26.75499 -26.75499 -26.75499 -26.75499 -26.75499 -26.75499
 -26.75499 -26.75499
 -26.80284 -26.80284 -26.80284 -26.80284 -26.80284 -26.80284 -26.80284 -26.80284
 -26.80284 -26.80284 -26.80284 -26.80284 -26.80284 -26.80284 -26.80284 -26.80284
 -26.80284 -26.80284 -26.80284 -26.80284 -26.80284 -26.80284 -26.80284 -26.80284
 -26.80284 -26.80284
 -26.85113 -26.85113 -26.85113 -26.85113 -26.85113 -26.85113 -26.85113 -26.85113
 -26.85113 -26.85113 -26.85113 -26.85113 -26.85113 -26.85113 -26.85113 -26.85113
 -26.85113 -26.85113 -26.85113 -26.85113 -26.85113 -26.85113 -26.85113 -26.85113
 -26.85113 -26.85113
 -26.89977 -26.89977 -26.89977 -26.89977 -26.89977 -26.89977 -26.89977 -26.89977
 -26.89977 -26.89977 -26.89977 -26.89977 -26.89977 -26.89977 -26.89977 -26.89977
 -26.89977 -26.89977 -26.89977 -26.89977 -26.89977 -26.89977 -26.89977 -26.89977
 -26.89977 -26.89977
 -26.94868 -26.94868 -26.94868 -26.94868 -26.94868 -26.94868 -26.94868 -26.94868
 -26.94868 -26.94868 -26.94868 -26.94868 -26.94868 -26.94868 -26.94868 -26.94868
 -26.94868 -26.94868 -26.94868 -26.94868 -26.94868 -26.94868 -26.94868 -26.94868
 -26.94868 -26.94868
 -26.99782 -26.99782 -26.99782 -26.99782 -26.99782 -26.99782 -26.99782 -26.99782
 -26.99782 -26.99782 -26.99782 -26.99782 -26.99782 -26.99782 -26.99782 -26.99782
 -26.99782 -26.99782 -26.99782 -26.99782 -26.99782 -26.99782 -26.99782 -26.99782
 -26.99782 -26.99782
 -27.04713 -27.04713 -27.04713 -27.04713 -27.04713 -27.04713 -27.04713 -27.04713
 -27.04713 -27.04713 -27.04713 -27.04713 -27.04713 -27.04713 -27.04713 -27.04713
 -27.04713 -27.04713 -27.04713 -27.04713 -27.04713 -27.04713 -27.04713 -27.04713
 -27.04713 -27.04713
 -27.09658 -27.09658 -27.09658 -27.09658 -27.09658 -27.09658 -27.09658 -27.09658
 -27.09658 -27.09658 -27.09658 -27.09658 -27.09658 -27.09658 -27.09658 -27.09658
 -27.09658 -27.09658 -27.09658 -27.09658 -27.09658 -27.09658 -27.09658 -27.09658
 -27.09658 -27.09658
 -27.14615 -27.14615 -27.14615 -27.14615 -27.14615 -27.14615 -27.14615 -27.14615
 -27.14615 -27.14615 -27.14615 -27.14615 -27.14615 -27.14615 -27.14615 -27.14615
 -27.14615 -27.14615 -27.14615 -27.14615 -27.14615 -27.14615 -27.14615 -27.14615
 -27.14615 -27.14615
 -27.19580 -27.19580 -27.19580 -27.19580 -27.19580 -27.19580 -27.19580 -27.19580
 -27.19580 -27.19580 -27.19580 -27.19580 -27.19580 -27.19580 -27.19580 -27.19580
 -27.19580 -27.19580 -27.19580 -27.19580 -27.19580 -27.19580 -27.19580 -27.19580
 -27.19580 -27.19580
 -27.24552 -27.24552 -27.24552 -27.24552 -27.24552 -27.24552 -27.24552 -27.24552
 -27.24552 -27.24552 -27.24552 -27.24552 -27.24552 -27.24552 -27.24552 -27.24552
 -27.24552 -27.24552 -27.24552 -27.24552 -27.24552 -27.24552 -27.24552 -27.24552
 -27.24552 -27.24552
 -27.29529 -27.29529 -27.29529 -27.29529 -27.29529 -27.29529 -27.29529 -27.29529
 -27.29529 -27.29529 -27.29529 -27.29529 -27.29529 -27.29529 -27.29529 -27.29529
 -27.29529 -27.29529 -27.29529 -27.29529 -27.29529 -27.29529 -27.29529 -27.29529
 -27.29529 -27.29529
 -27.34511 -27.34511 -27.34511 -27.34511 -27.34511 -27.34511 -27.34511 -27.34511
 -27.34511 -27.34511 -27.34511 -27.34511 -27.34511 -27.34511 -27.34511 -27.34511
 -27.34511 -27.34511 -27.34511 -27.34511 -27.34511 -27.34511 -27.34511 -27.34511
 -27.34511 -27.34511
 -27.39496 -27.39496 -27.39496 -27.39496 -27.39496 -27.39496 -27.39496 -27.39496
 -27.39496 -27.39496 -27.39496 -27.39496 -27.39496 -27.39496 -27.39496 -27.39496
 -27.39496 -27.39496 -27.39496 -27.39496 -27.39496 -27.39496 -27.39496 -27.39496
 -27.39496 -27.39496
 -27.44484 -27.44484 -27.44484 -27.44484 -27.44484 -27.44484 -27.44484 -27.44484
 -27.44484 -27.44484 -27.44484 -27.44484 -27.44484 -27.44484 -27.44484 -27.44484
 -27.44484 -27.44484 -27.44484 -27.44484 -27.44484 -27.44484 -27.44484 -27.44484
 -27.44484 -27.44484
 -27.49475 -27.49475 -27.49475 -27.49475 -27.49475 -27.49475 -27.49475 -27.49475
 -27.49475 -27.49475 -27.49475 -27.49475 -27.49475 -27.49475 -27.49475 -27.49475
 -27.49475 -27.49475 -27.49475 -27.49475 -27.49475 -27.49475 -27.49475 -27.49475
 -27.49475 -27.49475
 -27.54467 -27.54467 -27.54467 -27.54467 -27.54467 -27.54467 -27.54467 -27.54467
 -27.54467 -27.54467 -27.54467 -27.54467 -27.54467 -27.54467 -27.54467 -27.54467
 -27.54467 -27.54467 -27.54467 -27.54467 -27.54467 -27.54467 -27.54467 -27.54467
 -27.54467 -27.54467
 -27.59461 -27.59461 -27.59461 -27.59461 -27.59461 -27.59461 -27.59461 -27.59461
 -27.59461 -27.59461 -27.59461 -27.59461 -27.59461 -27.59461 -27.59461 -27.59461
 -27.59461 -27.59461 -27.59461 -27.59461 -27.59461 -27.59461 -27.59461 -27.59461
 -27.59461 -27.59461
 -27.64455 -27.64455 -27.64455 -27.64455 -27.64455 -27.64455 -27.64455 -27.64455
 -27.64455 -27.64455 -27.64455 -27.64455 -27.64455 -27.64455 -27.64455 -27.64455
 -27.64455 -27.64455 -27.64455 -27.64455 -27.64455 -27.64455 -27.64455 -27.64455
 -27.64455 -27.64455
 -27.69451 -27.69451 -27.69451 -27.69451 -27.69451 -27.69451 -27.69451 -27.69451
 -27.69451 -27.69451 -27.69451 -27.69451 -27.69451 -27.69451 -27.69451 -27.69451
 -27.69451 -27.69451 -27.69451 -27.69451 -27.69451 -27.69451 -27.69451 -27.69451
 -27.69451 -27.69451
 -27.74447 -27.74447 -27.74447 -27.74447 -27.74447 -27.74447 -27.74447 -27.74447
 -27.74447 -27.74447 -27.74447 -27.74447 -27.74447 -27.74447 -27.74447 -27.74447
 -27.74447 -27.74447 -27.74447 -27.74447 -27.74447 -27.74447 -27.74447 -27.74447
 -27.74447 -27.74447
 -27.79444 -27.79444 -27.79444 -27.79444 -27.79444 -27.79444 -27.79444 -27.79444
 -27.79444 -27.79444 -27.79444 -27.79444 -27.79444 -27.79444 -27.79444 -27.79444
 -27.79444 -27.79444 -27.79444 -27.79444 -27.79444 -27.79444 -27.79444 -27.79444
 -27.79444 -27.79444
 -27.84441 -27.84441 -27.84441 -27.84441 -27.84441 -27.84441 -27.84441 -27.84441
 -27.84441 -27.84441 -27.84441 -27.84441 -27.84441 -27.84441 -27.84441 -27.84441
 -27.84441 -27.84441 -27.84441 -27.84441 -27.84441 -27.84441 -27.84441 -27.84441
 -27.84441 -27.84441
 --------------------/ IGRD= 1  / IPRT= 0  / 1370.56/ Z1= 2   / DATE= 17.07.03
 -28.44481 -28.44481 -28.44481 -28.44481 -28.44481 -28.44481 -28.44481 -28.44481
 -28.44481 -28.44481 -28.44481 -28.44481 -28.44481 -28.44481 -28.44481 -28.44481
 -28.44481 -28.44481 -28.44481 -28.44481 -28.44481 -28.44481 -28.44481 -28.44481
 -28.44481 -28.44481
 -27.68695 -27.68695 -27.68695 -27.68695 -27.68695 -27.68695 -27.68695 -27.68695
 -27.68695 -27.68695 -27.68695 -27.68695 -27.68695 -27.68695 -27.68695 -27.68695
 -27.68695 -27.68695 -27.68695 -27.68695 -27.68695 -27.68695 -27.68695 -27.68695
 -27.68695 -27.68695
 -27.09521 -27.09521 -27.09521 -27.09521 -27.09521 -27.09521 -27.09521 -27.09521
 -27.09521 -27.09521 -27.09521 -27.09521 -27.09521 -27.09521 -27.09521 -27.09521
 -27.09521 -27.09521 -27.09521 -27.09521 -27.09521 -27.09521 -27.09521 -27.09521
 -27.09521 -27.09521
 -26.63542 -26.63542 -26.63542 -26.63542 -26.63542 -26.63542 -26.63542 -26.63542
 -26.63542 -26.63542 -26.63542 -26.63542 -26.63542 -26.63542 -26.63542 -26.63542
 -26.63542 -26.63542 -26.63542 -26.63542 -26.63542 -26.63542 -26.63542 -26.63542
 -26.63542 -26.63542
 -26.28047 -26.28047 -26.28047 -26.28047 -26.28047 -26.28047 -26.28047 -26.28047
 -26.28047 -26.28047 -26.28047 -26.28047 -26.28047 -26.28047 -26.28047 -26.28047
 -26.28047 -26.28047 -26.28047 -26.28047 -26.28047 -26.28047 -26.28047 -26.28047
 -26.28047 -26.28047
 -26.00878 -26.00878 -26.00878 -26.00878 -26.00878 -26.00878 -26.00878 -26.00878
 -26.00878 -26.00878 -26.00878 -26.00878 -26.00878 -26.00878 -26.00878 -26.00878
 -26.00878 -26.00878 -26.00878 -26.00878 -26.00878 -26.00878 -26.00878 -26.00878
 -26.00878 -26.00878
 -25.80324 -25.80324 -25.80324 -25.80324 -25.80324 -25.80324 -25.80324 -25.80324
 -25.80324 -25.80324 -25.80324 -25.80324 -25.80324 -25.80324 -25.80324 -25.80324
 -25.80324 -25.80324 -25.80324 -25.80324 -25.80324 -25.80324 -25.80324 -25.80324
 -25.80324 -25.80324
 -25.65025 -25.65025 -25.65025 -25.65025 -25.65025 -25.65025 -25.65025 -25.65025
 -25.65025 -25.65025 -25.65025 -25.65025 -25.65025 -25.65025 -25.65025 -25.65025
 -25.65025 -25.65025 -25.65025 -25.65025 -25.65025 -25.65025 -25.65025 -25.65025
 -25.65025 -25.65025
 -25.53899 -25.53899 -25.53899 -25.53899 -25.53899 -25.53899 -25.53899 -25.53899
 -25.53899 -25.53899 -25.53899 -25.53899 -25.53899 -25.53899 -25.53899 -25.53899
 -25.53899 -25.53899 -25.53899 -25.53899 -25.53899 -25.53899 -25.53899 -25.53899
 -25.53899 -25.53899
 -25.46089 -25.46089 -25.46089 -25.46089 -25.46089 -25.46089 -25.46089 -25.46089
 -25.46089 -25.46089 -25.46089 -25.46089 -25.46089 -25.46089 -25.46089 -25.46089
 -25.46089 -25.46089 -25.46089 -25.46089 -25.46089 -25.46089 -25.46089 -25.46089
 -25.46089 -25.46089
 -25.40913 -25.40913 -25.40913 -25.40913 -25.40913 -25.40913 -25.40913 -25.40913
 -25.40913 -25.40913 -25.40913 -25.40913 -25.40913 -25.40913 -25.40913 -25.40913
 -25.40913 -25.40913 -25.40913 -25.40913 -25.40913 -25.40913 -25.40913 -25.40913
 -25.40913 -25.40913
 -25.37830 -25.37830 -25.37830 -25.37830 -25.37830 -25.37830 -25.37830 -25.37830
 -25.37830 -25.37830 -25.37830 -25.37830 -25.37830 -25.37830 -25.37830 -25.37830
 -25.37830 -25.37830 -25.37830 -25.37830 -25.37830 -25.37830 -25.37830 -25.37830
 -25.37830 -25.37830
 -25.36408 -25.36408 -25.36408 -25.36408 -25.36408 -25.36408 -25.36408 -25.36408
 -25.36408 -25.36408 -25.36408 -25.36408 -25.36408 -25.36408 -25.36408 -25.36408
 -25.36408 -25.36408 -25.36408 -25.36408 -25.36408 -25.36408 -25.36408 -25.36408
 -25.36408 -25.36408
 -25.36307 -25.36307 -25.36307 -25.36307 -25.36307 -25.36307 -25.36307 -25.36307
 -25.36307 -25.36307 -25.36307 -25.36307 -25.36307 -25.36307 -25.36307 -25.36307
 -25.36307 -25.36307 -25.36307 -25.36307 -25.36307 -25.36307 -25.36307 -25.36307
 -25.36307 -25.36307
 -25.37254 -25.37254 -25.37254 -25.37254 -25.37254 -25.37254 -25.37254 -25.37254
 -25.37254 -25.37254 -25.37254 -25.37254 -25.37254 -25.37254 -25.37254 -25.37254
 -25.37254 -25.37254 -25.37254 -25.37254 -25.37254 -25.37254 -25.37254 -25.37254
 -25.37254 -25.37254
 -25.39034 -25.39034 -25.39034 -25.39034 -25.39034 -25.39034 -25.39034 -25.39034
 -25.39034 -25.39034 -25.39034 -25.39034 -25.39034 -25.39034 -25.39034 -25.39034
 -25.39034 -25.39034 -25.39034 -25.39034 -25.39034 -25.39034 -25.39034 -25.39034
 -25.39034 -25.39034
 -25.41477 -25.41477 -25.41477 -25.41477 -25.41477 -25.41477 -25.41477 -25.41477
 -25.41477 -25.41477 -25.41477 -25.41477 -25.41477 -25.41477 -25.41477 -25.41477
 -25.41477 -25.41477 -25.41477 -25.41477 -25.41477 -25.41477 -25.41477 -25.41477
 -25.41477 -25.41477
 -25.44445 -25.44445 -25.44445 -25.44445 -25.44445 -25.44445 -25.44445 -25.44445
 -25.44445 -25.44445 -25.44445 -25.44445 -25.44445 -25.44445 -25.44445 -25.44445
 -25.44445 -25.44445 -25.44445 -25.44445 -25.44445 -25.44445 -25.44445 -25.44445
 -25.44445 -25.44445
 -25.47830 -25.47830 -25.47830 -25.47830 -25.47830 -25.47830 -25.47830 -25.47830
 -25.47830 -25.47830 -25.47830 -25.47830 -25.47830 -25.47830 -25.47830 -25.47830
 -25.47830 -25.47830 -25.47830 -25.47830 -25.47830 -25.47830 -25.47830 -25.47830
 -25.47830 -25.47830
 -25.51548 -25.51548 -25.51548 -25.51548 -25.51548 -25.51548 -25.51548 -25.51548
 -25.51548 -25.51548 -25.51548 -25.51548 -25.51548 -25.51548 -25.51548 -25.51548
 -25.51548 -25.51548 -25.51548 -25.51548 -25.51548 -25.51548 -25.51548 -25.51548
 -25.51548 -25.51548
 -25.55529 -25.55529 -25.55529 -25.55529 -25.55529 -25.55529 -25.55529 -25.55529
 -25.55529 -25.55529 -25.55529 -25.55529 -25.55529 -25.55529 -25.55529 -25.55529
 -25.55529 -25.55529 -25.55529 -25.55529 -25.55529 -25.55529 -25.55529 -25.55529
 -25.55529 -25.55529
 -25.59719 -25.59719 -25.59719 -25.59719 -25.59719 -25.59719 -25.59719 -25.59719
 -25.59719 -25.59719 -25.59719 -25.59719 -25.59719 -25.59719 -25.59719 -25.59719
 -25.59719 -25.59719 -25.59719 -25.59719 -25.59719 -25.59719 -25.59719 -25.59719
 -25.59719 -25.59719
 -25.64076 -25.64076 -25.64076 -25.64076 -25.64076 -25.64076 -25.64076 -25.64076
 -25.64076 -25.64076 -25.64076 -25.64076 -25.64076 -25.64076 -25.64076 -25.64076
 -25.64076 -25.64076 -25.64076 -25.64076 -25.64076 -25.64076 -25.64076 -25.64076
 -25.64076 -25.64076
 -25.68564 -25.68564 -25.68564 -25.68564 -25.68564 -25.68564 -25.68564 -25.68564
 -25.68564 -25.68564 -25.68564 -25.68564 -25.68564 -25.68564 -25.68564 -25.68564
 -25.68564 -25.68564 -25.68564 -25.68564 -25.68564 -25.68564 -25.68564 -25.68564
 -25.68564 -25.68564
 -25.73158 -25.73158 -25.73158 -25.73158 -25.73158 -25.73158 -25.73158 -25.73158
 -25.73158 -25.73158 -25.73158 -25.73158 -25.73158 -25.73158 -25.73158 -25.73158
 -25.73158 -25.73158 -25.73158 -25.73158 -25.73158 -25.73158 -25.73158 -25.73158
 -25.73158 -25.73158
 -25.77835 -25.77835 -25.77835 -25.77835 -25.77835 -25.77835 -25.77835 -25.77835
 -25.77835 -25.77835 -25.77835 -25.77835 -25.77835 -25.77835 -25.77835 -25.77835
 -25.77835 -25.77835 -25.77835 -25.77835 -25.77835 -25.77835 -25.77835 -25.77835
 -25.77835 -25.77835
 -25.82578 -25.82578 -25.82578 -25.82578 -25.82578 -25.82578 -25.82578 -25.82578
 -25.82578 -25.82578 -25.82578 -25.82578 -25.82578 -25.82578 -25.82578 -25.82578
 -25.82578 -25.82578 -25.82578 -25.82578 -25.82578 -25.82578 -25.82578 -25.82578
 -25.82578 -25.82578
 -25.87373 -25.87373 -25.87373 -25.87373 -25.87373 -25.87373 -25.87373 -25.87373
 -25.87373 -25.87373 -25.87373 -25.87373 -25.87373 -25.87373 -25.87373 -25.87373
 -25.87373 -25.87373 -25.87373 -25.87373 -25.87373 -25.87373 -25.87373 -25.87373
 -25.87373 -25.87373
 -25.92211 -25.92211 -25.92211 -25.92211 -25.92211 -25.92211 -25.92211 -25.92211
 -25.92211 -25.92211 -25.92211 -25.92211 -25.92211 -25.92211 -25.92211 -25.92211
 -25.92211 -25.92211 -25.92211 -25.92211 -25.92211 -25.92211 -25.92211 -25.92211
 -25.92211 -25.92211
 -25.97082 -25.97082 -25.97082 -25.97082 -25.97082 -25.97082 -25.97082 -25.97082
 -25.97082 -25.97082 -25.97082 -25.97082 -25.97082 -25.97082 -25.97082 -25.97082
 -25.97082 -25.97082 -25.97082 -25.97082 -25.97082 -25.97082 -25.97082 -25.97082
 -25.97082 -25.97082
 -26.01979 -26.01979 -26.01979 -26.01979 -26.01979 -26.01979 -26.01979 -26.01979
 -26.01979 -26.01979 -26.01979 -26.01979 -26.01979 -26.01979 -26.01979 -26.01979
 -26.01979 -26.01979 -26.01979 -26.01979 -26.01979 -26.01979 -26.01979 -26.01979
 -26.01979 -26.01979
 -26.06897 -26.06897 -26.06897 -26.06897 -26.06897 -26.06897 -26.06897 -26.06897
 -26.06897 -26.06897 -26.06897 -26.06897 -26.06897 -26.06897 -26.06897 -26.06897
 -26.06897 -26.06897 -26.06897 -26.06897 -26.06897 -26.06897 -26.06897 -26.06897
 -26.06897 -26.06897
 -26.11831 -26.11831 -26.11831 -26.11831 -26.11831 -26.11831 -26.11831 -26.11831
 -26.11831 -26.11831 -26.11831 -26.11831 -26.11831 -26.11831 -26.11831 -26.11831
 -26.11831 -26.11831 -26.11831 -26.11831 -26.11831 -26.11831 -26.11831 -26.11831
 -26.11831 -26.11831
 -26.16779 -26.16779 -26.16779 -26.16779 -26.16779 -26.16779 -26.16779 -26.16779
 -26.16779 -26.16779 -26.16779 -26.16779 -26.16779 -26.16779 -26.16779 -26.16779
 -26.16779 -26.16779 -26.16779 -26.16779 -26.16779 -26.16779 -26.16779 -26.16779
 -26.16779 -26.16779
 -26.21738 -26.21738 -26.21738 -26.21738 -26.21738 -26.21738 -26.21738 -26.21738
 -26.21738 -26.21738 -26.21738 -26.21738 -26.21738 -26.21738 -26.21738 -26.21738
 -26.21738 -26.21738 -26.21738 -26.21738 -26.21738 -26.21738 -26.21738 -26.21738
 -26.21738 -26.21738
 -26.26704 -26.26704 -26.26704 -26.26704 -26.26704 -26.26704 -26.26704 -26.26704
 -26.26704 -26.26704 -26.26704 -26.26704 -26.26704 -26.26704 -26.26704 -26.26704
 -26.26704 -26.26704 -26.26704 -26.26704 -26.26704 -26.26704 -26.26704 -26.26704
 -26.26704 -26.26704
 -26.31678 -26.31678 -26.31678 -26.31678 -26.31678 -26.31678 -26.31678 -26.31678
 -26.31678 -26.31678 -26.31678 -26.31678 -26.31678 -26.31678 -26.31678 -26.31678
 -26.31678 -26.31678 -26.31678 -26.31678 -26.31678 -26.31678 -26.31678 -26.31678
 -26.31678 -26.31678
 -26.36656 -26.36656 -26.36656 -26.36656 -26.36656 -26.36656 -26.36656 -26.36656
 -26.36656 -26.36656 -26.36656 -26.36656 -26.36656 -26.36656 -26.36656 -26.36656
 -26.36656 -26.36656 -26.36656 -26.36656 -26.36656 -26.36656 -26.36656 -26.36656
 -26.36656 -26.36656
 -26.41639 -26.41639 -26.41639 -26.41639 -26.41639 -26.41639 -26.41639 -26.41639
 -26.41639 -26.41639 -26.41639 -26.41639 -26.41639 -26.41639 -26.41639 -26.41639
 -26.41639 -26.41639 -26.41639 -26.41639 -26.41639 -26.41639 -26.41639 -26.41639
 -26.41639 -26.41639
 -26.46625 -26.46625 -26.46625 -26.46625 -26.46625 -26.46625 -26.46625 -26.46625
 -26.46625 -26.46625 -26.46625 -26.46625 -26.46625 -26.46625 -26.46625 -26.46625
 -26.46625 -26.46625 -26.46625 -26.46625 -26.46625 -26.46625 -26.46625 -26.46625
 -26.46625 -26.46625
 -26.51614 -26.51614 -26.51614 -26.51614 -26.51614 -26.51614 -26.51614 -26.51614
 -26.51614 -26.51614 -26.51614 -26.51614 -26.51614 -26.51614 -26.51614 -26.51614
 -26.51614 -26.51614 -26.51614 -26.51614 -26.51614 -26.51614 -26.51614 -26.51614
 -26.51614 -26.51614
 -26.56604 -26.56604 -26.56604 -26.56604 -26.56604 -26.56604 -26.56604 -26.56604
 -26.56604 -26.56604 -26.56604 -26.56604 -26.56604 -26.56604 -26.56604 -26.56604
 -26.56604 -26.56604 -26.56604 -26.56604 -26.56604 -26.56604 -26.56604 -26.56604
 -26.56604 -26.56604
 -26.61597 -26.61597 -26.61597 -26.61597 -26.61597 -26.61597 -26.61597 -26.61597
 -26.61597 -26.61597 -26.61597 -26.61597 -26.61597 -26.61597 -26.61597 -26.61597
 -26.61597 -26.61597 -26.61597 -26.61597 -26.61597 -26.61597 -26.61597 -26.61597
 -26.61597 -26.61597
 -26.66591 -26.66591 -26.66591 -26.66591 -26.66591 -26.66591 -26.66591 -26.66591
 -26.66591 -26.66591 -26.66591 -26.66591 -26.66591 -26.66591 -26.66591 -26.66591
 -26.66591 -26.66591 -26.66591 -26.66591 -26.66591 -26.66591 -26.66591 -26.66591
 -26.66591 -26.66591
 -26.71586 -26.71586 -26.71586 -26.71586 -26.71586 -26.71586 -26.71586 -26.71586
 -26.71586 -26.71586 -26.71586 -26.71586 -26.71586 -26.71586 -26.71586 -26.71586
 -26.71586 -26.71586 -26.71586 -26.71586 -26.71586 -26.71586 -26.71586 -26.71586
 -26.71586 -26.71586
 -26.76581 -26.76581 -26.76581 -26.76581 -26.76581 -26.76581 -26.76581 -26.76581
 -26.76581 -26.76581 -26.76581 -26.76581 -26.76581 -26.76581 -26.76581 -26.76581
 -26.76581 -26.76581 -26.76581 -26.76581 -26.76581 -26.76581 -26.76581 -26.76581
 -26.76581 -26.76581
 -26.81578 -26.81578 -26.81578 -26.81578 -26.81578 -26.81578 -26.81578 -26.81578
 -26.81578 -26.81578 -26.81578 -26.81578 -26.81578 -26.81578 -26.81578 -26.81578
 -26.81578 -26.81578 -26.81578 -26.81578 -26.81578 -26.81578 -26.81578 -26.81578
 -26.81578 -26.81578
 -26.86574 -26.86574 -26.86574 -26.86574 -26.86574 -26.86574 -26.86574 -26.86574
 -26.86574 -26.86574 -26.86574 -26.86574 -26.86574 -26.86574 -26.86574 -26.86574
 -26.86574 -26.86574 -26.86574 -26.86574 -26.86574 -26.86574 -26.86574 -26.86574
 -26.86574 -26.86574
 --------------------/ IGRD= 1  / IPRT= 0  / 1031.18/ Z1= 3   / DATE= 17.07.03
 -29.10887 -29.10887 -29.10887 -29.10887 -29.10887 -29.10887 -29.10887 -29.10887
 -29.10887 -29.10887 -29.10887 -29.10887 -29.10887 -29.10887 -29.10887 -29.10887
 -29.10887 -29.10887 -29.10887 -29.10887 -29.10887 -29.10887 -29.10887 -29.10887
 -29.10887 -29.10887
 -28.08514 -28.08514 -28.08514 -28.08514 -28.08514 -28.08514 -28.08514 -28.08514
 -28.08514 -28.08514 -28.08514 -28.08514 -28.08514 -28.08514 -28.08514 -28.08514
 -28.08514 -28.08514 -28.08514 -28.08514 -28.08514 -28.08514 -28.08514 -28.08514
 -28.08514 -28.08514
 -27.28221 -27.28221 -27.28221 -27.28221 -27.28221 -27.28221 -27.28221 -27.28221
 -27.28221 -27.28221 -27.28221 -27.28221 -27.28221 -27.28221 -27.28221 -27.28221
 -27.28221 -27.28221 -27.28221 -27.28221 -27.28221 -27.28221 -27.28221 -27.28221
 -27.28221 -27.28221
 -26.65467 -26.65467 -26.65467 -26.65467 -26.65467 -26.65467 -26.65467 -26.65467
 -26.65467 -26.65467 -26.65467 -26.65467 -26.65467 -26.65467 -26.65467 -26.65467
 -26.65467 -26.65467 -26.65467 -26.65467 -26.65467 -26.65467 -26.65467 -26.65467
 -26.65467 -26.65467
 -26.16644 -26.16644 -26.16644 -26.16644 -26.16644 -26.16644 -26.16644 -26.16644
 -26.16644 -26.16644 -26.16644 -26.16644 -26.16644 -26.16644 -26.16644 -26.16644
 -26.16644 -26.16644 -26.16644 -26.16644 -26.16644 -26.16644 -26.16644 -26.16644
 -26.16644 -26.16644
 -25.78890 -25.78890 -25.78890 -25.78890 -25.78890 -25.78890 -25.78890 -25.78890
 -25.78890 -25.78890 -25.78890 -25.78890 -25.78890 -25.78890 -25.78890 -25.78890
 -25.78890 -25.78890 -25.78890 -25.78890 -25.78890 -25.78890 -25.78890 -25.78890
 -25.78890 -25.78890
 -25.49926 -25.49926 -25.49926 -25.49926 -25.49926 -25.49926 -25.49926 -25.49926
 -25.49926 -25.49926 -25.49926 -25.49926 -25.49926 -25.49926 -25.49926 -25.49926
 -25.49926 -25.49926 -25.49926 -25.49926 -25.49926 -25.49926 -25.49926 -25.49926
 -25.49926 -25.49926
 -25.27947 -25.27947 -25.27947 -25.27947 -25.27947 -25.27947 -25.27947 -25.27947
 -25.27947 -25.27947 -25.27947 -25.27947 -25.27947 -25.27947 -25.27947 -25.27947
 -25.27947 -25.27947 -25.27947 -25.27947 -25.27947 -25.27947 -25.27947 -25.27947
 -25.27947 -25.27947
 -25.11515 -25.11515 -25.11515 -25.11515 -25.11515 -25.11515 -25.11515 -25.11515
 -25.11515 -25.11515 -25.11515 -25.11515 -25.11515 -25.11515 -25.11515 -25.11515
 -25.11515 -25.11515 -25.11515 -25.11515 -25.11515 -25.11515 -25.11515 -25.11515
 -25.11515 -25.11515
 -24.99489 -24.99489 -24.99489 -24.99489 -24.99489 -24.99489 -24.99489 -24.99489
 -24.99489 -24.99489 -24.99489 -24.99489 -24.99489 -24.99489 -24.99489 -24.99489
 -24.99489 -24.99489 -24.99489 -24.99489 -24.99489 -24.99489 -24.99489 -24.99489
 -24.99489 -24.99489
 -24.90965 -24.90965 -24.90965 -24.90965 -24.90965 -24.90965 -24.90965 -24.90965
 -24.90965 -24.90965 -24.90965 -24.90965 -24.90965 -24.90965 -24.90965 -24.90965
 -24.90965 -24.90965 -24.90965 -24.90965 -24.90965 -24.90965 -24.90965 -24.90965
 -24.90965 -24.90965
 -24.85221 -24.85221 -24.85221 -24.85221 -24.85221 -24.85221 -24.85221 -24.85221
 -24.85221 -24.85221 -24.85221 -24.85221 -24.85221 -24.85221 -24.85221 -24.85221
 -24.85221 -24.85221 -24.85221 -24.85221 -24.85221 -24.85221 -24.85221 -24.85221
 -24.85221 -24.85221
 -24.81687 -24.81687 -24.81687 -24.81687 -24.81687 -24.81687 -24.81687 -24.81687
 -24.81687 -24.81687 -24.81687 -24.81687 -24.81687 -24.81687 -24.81687 -24.81687
 -24.81687 -24.81687 -24.81687 -24.81687 -24.81687 -24.81687 -24.81687 -24.81687
 -24.81687 -24.81687
 -24.79907 -24.79907 -24.79907 -24.79907 -24.79907 -24.79907 -24.79907 -24.79907
 -24.79907 -24.79907 -24.79907 -24.79907 -24.79907 -24.79907 -24.79907 -24.79907
 -24.79907 -24.79907 -24.79907 -24.79907 -24.79907 -24.79907 -24.79907 -24.79907
 -24.79907 -24.79907
 -24.79521 -24.79521 -24.79521 -24.79521 -24.79521 -24.79521 -24.79521 -24.79521
 -24.79521 -24.79521 -24.79521 -24.79521 -24.79521 -24.79521 -24.79521 -24.79521
 -24.79521 -24.79521 -24.79521 -24.79521 -24.79521 -24.79521 -24.79521 -24.79521
 -24.79521 -24.79521
 -24.80242 -24.80242 -24.80242 -24.80242 -24.80242 -24.80242 -24.80242 -24.80242
 -24.80242 -24.80242 -24.80242 -24.80242 -24.80242 -24.80242 -24.80242 -24.80242
 -24.80242 -24.80242 -24.80242 -24.80242 -24.80242 -24.80242 -24.80242 -24.80242
 -24.80242 -24.80242
 -24.81843 -24.81843 -24.81843 -24.81843 -24.81843 -24.81843 -24.81843 -24.81843
 -24.81843 -24.81843 -24.81843 -24.81843 -24.81843 -24.81843 -24.81843 -24.81843
 -24.81843 -24.81843 -24.81843 -24.81843 -24.81843 -24.81843 -24.81843 -24.81843
 -24.81843 -24.81843
 -24.84143 -24.84143 -24.84143 -24.84143 -24.84143 -24.84143 -24.84143 -24.84143
 -24.84143 -24.84143 -24.84143 -24.84143 -24.84143 -24.84143 -24.84143 -24.84143
 -24.84143 -24.84143 -24.84143 -24.84143 -24.84143 -24.84143 -24.84143 -24.84143
 -24.84143 -24.84143
 -24.86998 -24.86998 -24.86998 -24.86998 -24.86998 -24.86998 -24.86998 -24.86998
 -24.86998 -24.86998 -24.86998 -24.86998 -24.86998 -24.86998 -24.86998 -24.86998
 -24.86998 -24.86998 -24.86998 -24.86998 -24.86998 -24.86998 -24.86998 -24.86998
 -24.86998 -24.86998
 -24.90293 -24.90293 -24.90293 -24.90293 -24.90293 -24.90293 -24.90293 -24.90293
 -24.90293 -24.90293 -24.90293 -24.90293 -24.90293 -24.90293 -24.90293 -24.90293
 -24.90293 -24.90293 -24.90293 -24.90293 -24.90293 -24.90293 -24.90293 -24.90293
 -24.90293 -24.90293
 -24.93939 -24.93939 -24.93939 -24.93939 -24.93939 -24.93939 -24.93939 -24.93939
 -24.93939 -24.93939 -24.93939 -24.93939 -24.93939 -24.93939 -24.93939 -24.93939
 -24.93939 -24.93939 -24.93939 -24.93939 -24.93939 -24.93939 -24.93939 -24.93939
 -24.93939 -24.93939
 -24.97863 -24.97863 -24.97863 -24.97863 -24.97863 -24.97863 -24.97863 -24.97863
 -24.97863 -24.97863 -24.97863 -24.97863 -24.97863 -24.97863 -24.97863 -24.97863
 -24.97863 -24.97863 -24.97863 -24.97863 -24.97863 -24.97863 -24.97863 -24.97863
 -24.97863 -24.97863
 -25.02008 -25.02008 -25.02008 -25.02008 -25.02008 -25.02008 -25.02008 -25.02008
 -25.02008 -25.02008 -25.02008 -25.02008 -25.02008 -25.02008 -25.02008 -25.02008
 -25.02008 -25.02008 -25.02008 -25.02008 -25.02008 -25.02008 -25.02008 -25.02008
 -25.02008 -25.02008
 -25.06329 -25.06329 -25.06329 -25.06329 -25.06329 -25.06329 -25.06329 -25.06329
 -25.06329 -25.06329 -25.06329 -25.06329 -25.06329 -25.06329 -25.06329 -25.06329
 -25.06329 -25.06329 -25.06329 -25.06329 -25.06329 -25.06329 -25.06329 -25.06329
 -25.06329 -25.06329
 -25.10789 -25.10789 -25.10789 -25.10789 -25.10789 -25.10789 -25.10789 -25.10789
 -25.10789 -25.10789 -25.10789 -25.10789 -25.10789 -25.10789 -25.10789 -25.10789
 -25.10789 -25.10789 -25.10789 -25.10789 -25.10789 -25.10789 -25.10789 -25.10789
 -25.10789 -25.10789
 -25.15360 -25.15360 -25.15360 -25.15360 -25.15360 -25.15360 -25.15360 -25.15360
 -25.15360 -25.15360 -25.15360 -25.15360 -25.15360 -25.15360 -25.15360 -25.15360
 -25.15360 -25.15360 -25.15360 -25.15360 -25.15360 -25.15360 -25.15360 -25.15360
 -25.15360 -25.15360
 -25.20019 -25.20019 -25.20019 -25.20019 -25.20019 -25.20019 -25.20019 -25.20019
 -25.20019 -25.20019 -25.20019 -25.20019 -25.20019 -25.20019 -25.20019 -25.20019
 -25.20019 -25.20019 -25.20019 -25.20019 -25.20019 -25.20019 -25.20019 -25.20019
 -25.20019 -25.20019
 -25.24748 -25.24748 -25.24748 -25.24748 -25.24748 -25.24748 -25.24748 -25.24748
 -25.24748 -25.24748 -25.24748 -25.24748 -25.24748 -25.24748 -25.24748 -25.24748
 -25.24748 -25.24748 -25.24748 -25.24748 -25.24748 -25.24748 -25.24748 -25.24748
 -25.24748 -25.24748
 -25.29532 -25.29532 -25.29532 -25.29532 -25.29532 -25.29532 -25.29532 -25.29532
 -25.29532 -25.29532 -25.29532 -25.29532 -25.29532 -25.29532 -25.29532 -25.29532
 -25.29532 -25.29532 -25.29532 -25.29532 -25.29532 -25.29532 -25.29532 -25.29532
 -25.29532 -25.29532
 -25.34361 -25.34361 -25.34361 -25.34361 -25.34361 -25.34361 -25.34361 -25.34361
 -25.34361 -25.34361 -25.34361 -25.34361 -25.34361 -25.34361 -25.34361 -25.34361
 -25.34361 -25.34361 -25.34361 -25.34361 -25.34361 -25.34361 -25.34361 -25.34361
 -25.34361 -25.34361
 -25.39224 -25.39224 -25.39224 -25.39224 -25.39224 -25.39224 -25.39224 -25.39224
 -25.39224 -25.39224 -25.39224 -25.39224 -25.39224 -25.39224 -25.39224 -25.39224
 -25.39224 -25.39224 -25.39224 -25.39224 -25.39224 -25.39224 -25.39224 -25.39224
 -25.39224 -25.39224
 -25.44116 -25.44116 -25.44116 -25.44116 -25.44116 -25.44116 -25.44116 -25.44116
 -25.44116 -25.44116 -25.44116 -25.44116 -25.44116 -25.44116 -25.44116 -25.44116
 -25.44116 -25.44116 -25.44116 -25.44116 -25.44116 -25.44116 -25.44116 -25.44116
 -25.44116 -25.44116
 -25.49029 -25.49029 -25.49029 -25.49029 -25.49029 -25.49029 -25.49029 -25.49029
 -25.49029 -25.49029 -25.49029 -25.49029 -25.49029 -25.49029 -25.49029 -25.49029
 -25.49029 -25.49029 -25.49029 -25.49029 -25.49029 -25.49029 -25.49029 -25.49029
 -25.49029 -25.49029
 -25.53960 -25.53960 -25.53960 -25.53960 -25.53960 -25.53960 -25.53960 -25.53960
 -25.53960 -25.53960 -25.53960 -25.53960 -25.53960 -25.53960 -25.53960 -25.53960
 -25.53960 -25.53960 -25.53960 -25.53960 -25.53960 -25.53960 -25.53960 -25.53960
 -25.53960 -25.53960
 -25.58905 -25.58905 -25.58905 -25.58905 -25.58905 -25.58905 -25.58905 -25.58905
 -25.58905 -25.58905 -25.58905 -25.58905 -25.58905 -25.58905 -25.58905 -25.58905
 -25.58905 -25.58905 -25.58905 -25.58905 -25.58905 -25.58905 -25.58905 -25.58905
 -25.58905 -25.58905
 -25.63861 -25.63861 -25.63861 -25.63861 -25.63861 -25.63861 -25.63861 -25.63861
 -25.63861 -25.63861 -25.63861 -25.63861 -25.63861 -25.63861 -25.63861 -25.63861
 -25.63861 -25.63861 -25.63861 -25.63861 -25.63861 -25.63861 -25.63861 -25.63861
 -25.63861 -25.63861
 -25.68826 -25.68826 -25.68826 -25.68826 -25.68826 -25.68826 -25.68826 -25.68826
 -25.68826 -25.68826 -25.68826 -25.68826 -25.68826 -25.68826 -25.68826 -25.68826
 -25.68826 -25.68826 -25.68826 -25.68826 -25.68826 -25.68826 -25.68826 -25.68826
 -25.68826 -25.68826
 -25.73798 -25.73798 -25.73798 -25.73798 -25.73798 -25.73798 -25.73798 -25.73798
 -25.73798 -25.73798 -25.73798 -25.73798 -25.73798 -25.73798 -25.73798 -25.73798
 -25.73798 -25.73798 -25.73798 -25.73798 -25.73798 -25.73798 -25.73798 -25.73798
 -25.73798 -25.73798
 -25.78776 -25.78776 -25.78776 -25.78776 -25.78776 -25.78776 -25.78776 -25.78776
 -25.78776 -25.78776 -25.78776 -25.78776 -25.78776 -25.78776 -25.78776 -25.78776
 -25.78776 -25.78776 -25.78776 -25.78776 -25.78776 -25.78776 -25.78776 -25.78776
 -25.78776 -25.78776
 -25.83757 -25.83757 -25.83757 -25.83757 -25.83757 -25.83757 -25.83757 -25.83757
 -25.83757 -25.83757 -25.83757 -25.83757 -25.83757 -25.83757 -25.83757 -25.83757
 -25.83757 -25.83757 -25.83757 -25.83757 -25.83757 -25.83757 -25.83757 -25.83757
 -25.83757 -25.83757
 -25.88743 -25.88743 -25.88743 -25.88743 -25.88743 -25.88743 -25.88743 -25.88743
 -25.88743 -25.88743 -25.88743 -25.88743 -25.88743 -25.88743 -25.88743 -25.88743
 -25.88743 -25.88743 -25.88743 -25.88743 -25.88743 -25.88743 -25.88743 -25.88743
 -25.88743 -25.88743
 -25.93731 -25.93731 -25.93731 -25.93731 -25.93731 -25.93731 -25.93731 -25.93731
 -25.93731 -25.93731 -25.93731 -25.93731 -25.93731 -25.93731 -25.93731 -25.93731
 -25.93731 -25.93731 -25.93731 -25.93731 -25.93731 -25.93731 -25.93731 -25.93731
 -25.93731 -25.93731
 -25.98721 -25.98721 -25.98721 -25.98721 -25.98721 -25.98721 -25.98721 -25.98721
 -25.98721 -25.98721 -25.98721 -25.98721 -25.98721 -25.98721 -25.98721 -25.98721
 -25.98721 -25.98721 -25.98721 -25.98721 -25.98721 -25.98721 -25.98721 -25.98721
 -25.98721 -25.98721
 -26.03713 -26.03713 -26.03713 -26.03713 -26.03713 -26.03713 -26.03713 -26.03713
 -26.03713 -26.03713 -26.03713 -26.03713 -26.03713 -26.03713 -26.03713 -26.03713
 -26.03713 -26.03713 -26.03713 -26.03713 -26.03713 -26.03713 -26.03713 -26.03713
 -26.03713 -26.03713
 -26.08707 -26.08707 -26.08707 -26.08707 -26.08707 -26.08707 -26.08707 -26.08707
 -26.08707 -26.08707 -26.08707 -26.08707 -26.08707 -26.08707 -26.08707 -26.08707
 -26.08707 -26.08707 -26.08707 -26.08707 -26.08707 -26.08707 -26.08707 -26.08707
 -26.08707 -26.08707
 -26.13702 -26.13702 -26.13702 -26.13702 -26.13702 -26.13702 -26.13702 -26.13702
 -26.13702 -26.13702 -26.13702 -26.13702 -26.13702 -26.13702 -26.13702 -26.13702
 -26.13702 -26.13702 -26.13702 -26.13702 -26.13702 -26.13702 -26.13702 -26.13702
 -26.13702 -26.13702
 -26.18697 -26.18697 -26.18697 -26.18697 -26.18697 -26.18697 -26.18697 -26.18697
 -26.18697 -26.18697 -26.18697 -26.18697 -26.18697 -26.18697 -26.18697 -26.18697
 -26.18697 -26.18697 -26.18697 -26.18697 -26.18697 -26.18697 -26.18697 -26.18697
 -26.18697 -26.18697
 -26.23693 -26.23693 -26.23693 -26.23693 -26.23693 -26.23693 -26.23693 -26.23693
 -26.23693 -26.23693 -26.23693 -26.23693 -26.23693 -26.23693 -26.23693 -26.23693
 -26.23693 -26.23693 -26.23693 -26.23693 -26.23693 -26.23693 -26.23693 -26.23693
 -26.23693 -26.23693
 --------------------/ IGRD= 1  / IPRT= 0  / 1547.68/ Z1= 4   / DATE= 17.07.03
 -27.67817 -27.67817 -27.67817 -27.67817 -27.67817 -27.67817 -27.67817 -27.67817
 -27.67817 -27.67817 -27.67817 -27.67817 -27.67817 -27.67817 -27.67817 -27.67817
 -27.67817 -27.67817 -27.67817 -27.67817 -27.67817 -27.67817 -27.67817 -27.67817
 -27.67817 -27.67817
 -27.01283 -27.01283 -27.01283 -27.01283 -27.01283 -27.01283 -27.01283 -27.01283
 -27.01283 -27.01283 -27.01283 -27.01283 -27.01283 -27.01283 -27.01283 -27.01283
 -27.01283 -27.01283 -27.01283 -27.01283 -27.01283 -27.01283 -27.01283 -27.01283
 -27.01283 -27.01283
 -26.49458 -26.49458 -26.49458 -26.49458 -26.49458 -26.49458 -26.49458 -26.49458
 -26.49458 -26.49458 -26.49458 -26.49458 -26.49458 -26.49458 -26.49458 -26.49458
 -26.49458 -26.49458 -26.49458 -26.49458 -26.49458 -26.49458 -26.49458 -26.49458
 -26.49458 -26.49458
 -26.09318 -26.09318 -26.09318 -26.09318 -26.09318 -26.09318 -26.09318 -26.09318
 -26.09318 -26.09318 -26.09318 -26.09318 -26.09318 -26.09318 -26.09318 -26.09318
 -26.09318 -26.09318 -26.09318 -26.09318 -26.09318 -26.09318 -26.09318 -26.09318
 -26.09318 -26.09318
 -25.78460 -25.78460 -25.78460 -25.78460 -25.78460 -25.78460 -25.78460 -25.78460
 -25.78460 -25.78460 -25.78460 -25.78460 -25.78460 -25.78460 -25.78460 -25.78460
 -25.78460 -25.78460 -25.78460 -25.78460 -25.78460 -25.78460 -25.78460 -25.78460
 -25.78460 -25.78460
 -25.54975 -25.54975 -25.54975 -25.54975 -25.54975 -25.54975 -25.54975 -25.54975
 -25.54975 -25.54975 -25.54975 -25.54975 -25.54975 -25.54975 -25.54975 -25.54975
 -25.54975 -25.54975 -25.54975 -25.54975 -25.54975 -25.54975 -25.54975 -25.54975
 -25.54975 -25.54975
 -25.37348 -25.37348 -25.37348 -25.37348 -25.37348 -25.37348 -25.37348 -25.37348
 -25.37348 -25.37348 -25.37348 -25.37348 -25.37348 -25.37348 -25.37348 -25.37348
 -25.37348 -25.37348 -25.37348 -25.37348 -25.37348 -25.37348 -25.37348 -25.37348
 -25.37348 -25.37348
 -25.24373 -25.24373 -25.24373 -25.24373 -25.24373 -25.24373 -25.24373 -25.24373
 -25.24373 -25.24373 -25.24373 -25.24373 -25.24373 -25.24373 -25.24373 -25.24373
 -25.24373 -25.24373 -25.24373 -25.24373 -25.24373 -25.24373 -25.24373 -25.24373
 -25.24373 -25.24373
 -25.15094 -25.15094 -25.15094 -25.15094 -25.15094 -25.15094 -25.15094 -25.15094
 -25.15094 -25.15094 -25.15094 -25.15094 -25.15094 -25.15094 -25.15094 -25.15094
 -25.15094 -25.15094 -25.15094 -25.15094 -25.15094 -25.15094 -25.15094 -25.15094
 -25.15094 -25.15094
 -25.08751 -25.08751 -25.08751 -25.08751 -25.08751 -25.08751 -25.08751 -25.08751
 -25.08751 -25.08751 -25.08751 -25.08751 -25.08751 -25.08751 -25.08751 -25.08751
 -25.08751 -25.08751 -25.08751 -25.08751 -25.08751 -25.08751 -25.08751 -25.08751
 -25.08751 -25.08751
 -25.04740 -25.04740 -25.04740 -25.04740 -25.04740 -25.04740 -25.04740 -25.04740
 -25.04740 -25.04740 -25.04740 -25.04740 -25.04740 -25.04740 -25.04740 -25.04740
 -25.04740 -25.04740 -25.04740 -25.04740 -25.04740 -25.04740 -25.04740 -25.04740
 -25.04740 -25.04740
 -25.02582 -25.02582 -25.02582 -25.02582 -25.02582 -25.02582 -25.02582 -25.02582
 -25.02582 -25.02582 -25.02582 -25.02582 -25.02582 -25.02582 -25.02582 -25.02582
 -25.02582 -25.02582 -25.02582 -25.02582 -25.02582 -25.02582 -25.02582 -25.02582
 -25.02582 -25.02582
 -25.01896 -25.01896 -25.01896 -25.01896 -25.01896 -25.01896 -25.01896 -25.01896
 -25.01896 -25.01896 -25.01896 -25.01896 -25.01896 -25.01896 -25.01896 -25.01896
 -25.01896 -25.01896 -25.01896 -25.01896 -25.01896 -25.01896 -25.01896 -25.01896
 -25.01896 -25.01896
 -25.02379 -25.02379 -25.02379 -25.02379 -25.02379 -25.02379 -25.02379 -25.02379
 -25.02379 -25.02379 -25.02379 -25.02379 -25.02379 -25.02379 -25.02379 -25.02379
 -25.02379 -25.02379 -25.02379 -25.02379 -25.02379 -25.02379 -25.02379 -25.02379
 -25.02379 -25.02379
 -25.03790 -25.03790 -25.03790 -25.03790 -25.03790 -25.03790 -25.03790 -25.03790
 -25.03790 -25.03790 -25.03790 -25.03790 -25.03790 -25.03790 -25.03790 -25.03790
 -25.03790 -25.03790 -25.03790 -25.03790 -25.03790 -25.03790 -25.03790 -25.03790
 -25.03790 -25.03790
 -25.05939 -25.05939 -25.05939 -25.05939 -25.05939 -25.05939 -25.05939 -25.05939
 -25.05939 -25.05939 -25.05939 -25.05939 -25.05939 -25.05939 -25.05939 -25.05939
 -25.05939 -25.05939 -25.05939 -25.05939 -25.05939 -25.05939 -25.05939 -25.05939
 -25.05939 -25.05939
 -25.08674 -25.08674 -25.08674 -25.08674 -25.08674 -25.08674 -25.08674 -25.08674
 -25.08674 -25.08674 -25.08674 -25.08674 -25.08674 -25.08674 -25.08674 -25.08674
 -25.08674 -25.08674 -25.08674 -25.08674 -25.08674 -25.08674 -25.08674 -25.08674
 -25.08674 -25.08674
 -25.11875 -25.11875 -25.11875 -25.11875 -25.11875 -25.11875 -25.11875 -25.11875
 -25.11875 -25.11875 -25.11875 -25.11875 -25.11875 -25.11875 -25.11875 -25.11875
 -25.11875 -25.11875 -25.11875 -25.11875 -25.11875 -25.11875 -25.11875 -25.11875
 -25.11875 -25.11875
 -25.15445 -25.15445 -25.15445 -25.15445 -25.15445 -25.15445 -25.15445 -25.15445
 -25.15445 -25.15445 -25.15445 -25.15445 -25.15445 -25.15445 -25.15445 -25.15445
 -25.15445 -25.15445 -25.15445 -25.15445 -25.15445 -25.15445 -25.15445 -25.15445
 -25.15445 -25.15445
 -25.19310 -25.19310 -25.19310 -25.19310 -25.19310 -25.19310 -25.19310 -25.19310
 -25.19310 -25.19310 -25.19310 -25.19310 -25.19310 -25.19310 -25.19310 -25.19310
 -25.19310 -25.19310 -25.19310 -25.19310 -25.19310 -25.19310 -25.19310 -25.19310
 -25.19310 -25.19310
 -25.23407 -25.23407 -25.23407 -25.23407 -25.23407 -25.23407 -25.23407 -25.23407
 -25.23407 -25.23407 -25.23407 -25.23407 -25.23407 -25.23407 -25.23407 -25.23407
 -25.23407 -25.23407 -25.23407 -25.23407 -25.23407 -25.23407 -25.23407 -25.23407
 -25.23407 -25.23407
 -25.27690 -25.27690 -25.27690 -25.27690 -25.27690 -25.27690 -25.27690 -25.27690
 -25.27690 -25.27690 -25.27690 -25.27690 -25.27690 -25.27690 -25.27690 -25.27690
 -25.27690 -25.27690 -25.27690 -25.27690 -25.27690 -25.27690 -25.27690 -25.27690
 -25.27690 -25.27690
 -25.32120 -25.32120 -25.32120 -25.32120 -25.32120 -25.32120 -25.32120 -25.32120
 -25.32120 -25.32120 -25.32120 -25.32120 -25.32120 -25.32120 -25.32120 -25.32120
 -25.32120 -25.32120 -25.32120 -25.32120 -25.32120 -25.32120 -25.32120 -25.32120
 -25.32120 -25.32120
 -25.36667 -25.36667 -25.36667 -25.36667 -25.36667 -25.36667 -25.36667 -25.36667
 -25.36667 -25.36667 -25.36667 -25.36667 -25.36667 -25.36667 -25.36667 -25.36667
 -25.36667 -25.36667 -25.36667 -25.36667 -25.36667 -25.36667 -25.36667 -25.36667
 -25.36667 -25.36667
 -25.41307 -25.41307 -25.41307 -25.41307 -25.41307 -25.41307 -25.41307 -25.41307
 -25.41307 -25.41307 -25.41307 -25.41307 -25.41307 -25.41307 -25.41307 -25.41307
 -25.41307 -25.41307 -25.41307 -25.41307 -25.41307 -25.41307 -25.41307 -25.41307
 -25.41307 -25.41307
 -25.46021 -25.46021 -25.46021 -25.46021 -25.46021 -25.46021 -25.46021 -25.46021
 -25.46021 -25.46021 -25.46021 -25.46021 -25.46021 -25.46021 -25.46021 -25.46021
 -25.46021 -25.46021 -25.46021 -25.46021 -25.46021 -25.46021 -25.46021 -25.46021
 -25.46021 -25.46021
 -25.50793 -25.50793 -25.50793 -25.50793 -25.50793 -25.50793 -25.50793 -25.50793
 -25.50793 -25.50793 -25.50793 -25.50793 -25.50793 -25.50793 -25.50793 -25.50793
 -25.50793 -25.50793 -25.50793 -25.50793 -25.50793 -25.50793 -25.50793 -25.50793
 -25.50793 -25.50793
 -25.55612 -25.55612 -25.55612 -25.55612 -25.55612 -25.55612 -25.55612 -25.55612
 -25.55612 -25.55612 -25.55612 -25.55612 -25.55612 -25.55612 -25.55612 -25.55612
 -25.55612 -25.55612 -25.55612 -25.55612 -25.55612 -25.55612 -25.55612 -25.55612
 -25.55612 -25.55612
 -25.60468 -25.60468 -25.60468 -25.60468 -25.60468 -25.60468 -25.60468 -25.60468
 -25.60468 -25.60468 -25.60468 -25.60468 -25.60468 -25.60468 -25.60468 -25.60468
 -25.60468 -25.60468 -25.60468 -25.60468 -25.60468 -25.60468 -25.60468 -25.60468
 -25.60468 -25.60468
 -25.65354 -25.65354 -25.65354 -25.65354 -25.65354 -25.65354 -25.65354 -25.65354
 -25.65354 -25.65354 -25.65354 -25.65354 -25.65354 -25.65354 -25.65354 -25.65354
 -25.65354 -25.65354 -25.65354 -25.65354 -25.65354 -25.65354 -25.65354 -25.65354
 -25.65354 -25.65354
 -25.70262 -25.70262 -25.70262 -25.70262 -25.70262 -25.70262 -25.70262 -25.70262
 -25.70262 -25.70262 -25.70262 -25.70262 -25.70262 -25.70262 -25.70262 -25.70262
 -25.70262 -25.70262 -25.70262 -25.70262 -25.70262 -25.70262 -25.70262 -25.70262
 -25.70262 -25.70262
 -25.75190 -25.75190 -25.75190 -25.75190 -25.75190 -25.75190 -25.75190 -25.75190
 -25.75190 -25.75190 -25.75190 -25.75190 -25.75190 -25.75190 -25.75190 -25.75190
 -25.75190 -25.75190 -25.75190 -25.75190 -25.75190 -25.75190 -25.75190 -25.75190
 -25.75190 -25.75190
 -25.80132 -25.80132 -25.80132 -25.80132 -25.80132 -25.80132 -25.80132 -25.80132
 -25.80132 -25.80132 -25.80132 -25.80132 -25.80132 -25.80132 -25.80132 -25.80132
 -25.80132 -25.80132 -25.80132 -25.80132 -25.80132 -25.80132 -25.80132 -25.80132
 -25.80132 -25.80132
 -25.85085 -25.85085 -25.85085 -25.85085 -25.85085 -25.85085 -25.85085 -25.85085
 -25.85085 -25.85085 -25.85085 -25.85085 -25.85085 -25.85085 -25.85085 -25.85085
 -25.85085 -25.85085 -25.85085 -25.85085 -25.85085 -25.85085 -25.85085 -25.85085
 -25.85085 -25.85085
 -25.90048 -25.90048 -25.90048 -25.90048 -25.90048 -25.90048 -25.90048 -25.90048
 -25.90048 -25.90048 -25.90048 -25.90048 -25.90048 -25.90048 -25.90048 -25.90048
 -25.90048 -25.90048 -25.90048 -25.90048 -25.90048 -25.90048 -25.90048 -25.90048
 -25.90048 -25.90048
 -25.95019 -25.95019 -25.95019 -25.95019 -25.95019 -25.95019 -25.95019 -25.95019
 -25.95019 -25.95019 -25.95019 -25.95019 -25.95019 -25.95019 -25.95019 -25.95019
 -25.95019 -25.95019 -25.95019 -25.95019 -25.95019 -25.95019 -25.95019 -25.95019
 -25.95019 -25.95019
 -25.99995 -25.99995 -25.99995 -25.99995 -25.99995 -25.99995 -25.99995 -25.99995
 -25.99995 -25.99995 -25.99995 -25.99995 -25.99995 -25.99995 -25.99995 -25.99995
 -25.99995 -25.99995 -25.99995 -25.99995 -25.99995 -25.99995 -25.99995 -25.99995
 -25.99995 -25.99995
 -26.04976 -26.04976 -26.04976 -26.04976 -26.04976 -26.04976 -26.04976 -26.04976
 -26.04976 -26.04976 -26.04976 -26.04976 -26.04976 -26.04976 -26.04976 -26.04976
 -26.04976 -26.04976 -26.04976 -26.04976 -26.04976 -26.04976 -26.04976 -26.04976
 -26.04976 -26.04976
 -26.09960 -26.09960 -26.09960 -26.09960 -26.09960 -26.09960 -26.09960 -26.09960
 -26.09960 -26.09960 -26.09960 -26.09960 -26.09960 -26.09960 -26.09960 -26.09960
 -26.09960 -26.09960 -26.09960 -26.09960 -26.09960 -26.09960 -26.09960 -26.09960
 -26.09960 -26.09960
 -26.14948 -26.14948 -26.14948 -26.14948 -26.14948 -26.14948 -26.14948 -26.14948
 -26.14948 -26.14948 -26.14948 -26.14948 -26.14948 -26.14948 -26.14948 -26.14948
 -26.14948 -26.14948 -26.14948 -26.14948 -26.14948 -26.14948 -26.14948 -26.14948
 -26.14948 -26.14948
 -26.19938 -26.19938 -26.19938 -26.19938 -26.19938 -26.19938 -26.19938 -26.19938
 -26.19938 -26.19938 -26.19938 -26.19938 -26.19938 -26.19938 -26.19938 -26.19938
 -26.19938 -26.19938 -26.19938 -26.19938 -26.19938 -26.19938 -26.19938 -26.19938
 -26.19938 -26.19938
 -26.24930 -26.24930 -26.24930 -26.24930 -26.24930 -26.24930 -26.24930 -26.24930
 -26.24930 -26.24930 -26.24930 -26.24930 -26.24930 -26.24930 -26.24930 -26.24930
 -26.24930 -26.24930 -26.24930 -26.24930 -26.24930 -26.24930 -26.24930 -26.24930
 -26.24930 -26.24930
 -26.29923 -26.29923 -26.29923 -26.29923 -26.29923 -26.29923 -26.29923 -26.29923
 -26.29923 -26.29923 -26.29923 -26.29923 -26.29923 -26.29923 -26.29923 -26.29923
 -26.29923 -26.29923 -26.29923 -26.29923 -26.29923 -26.29923 -26.29923 -26.29923
 -26.29923 -26.29923
 -26.34917 -26.34917 -26.34917 -26.34917 -26.34917 -26.34917 -26.34917 -26.34917
 -26.34917 -26.34917 -26.34917 -26.34917 -26.34917 -26.34917 -26.34917 -26.34917
 -26.34917 -26.34917 -26.34917 -26.34917 -26.34917 -26.34917 -26.34917 -26.34917
 -26.34917 -26.34917
 -26.39912 -26.39912 -26.39912 -26.39912 -26.39912 -26.39912 -26.39912 -26.39912
 -26.39912 -26.39912 -26.39912 -26.39912 -26.39912 -26.39912 -26.39912 -26.39912
 -26.39912 -26.39912 -26.39912 -26.39912 -26.39912 -26.39912 -26.39912 -26.39912
 -26.39912 -26.39912
 -26.44909 -26.44909 -26.44909 -26.44909 -26.44909 -26.44909 -26.44909 -26.44909
 -26.44909 -26.44909 -26.44909 -26.44909 -26.44909 -26.44909 -26.44909 -26.44909
 -26.44909 -26.44909 -26.44909 -26.44909 -26.44909 -26.44909 -26.44909 -26.44909
 -26.44909 -26.44909
 -26.49905 -26.49905 -26.49905 -26.49905 -26.49905 -26.49905 -26.49905 -26.49905
 -26.49905 -26.49905 -26.49905 -26.49905 -26.49905 -26.49905 -26.49905 -26.49905
 -26.49905 -26.49905 -26.49905 -26.49905 -26.49905 -26.49905 -26.49905 -26.49905
 -26.49905 -26.49905
 -26.54902 -26.54902 -26.54902 -26.54902 -26.54902 -26.54902 -26.54902 -26.54902
 -26.54902 -26.54902 -26.54902 -26.54902 -26.54902 -26.54902 -26.54902 -26.54902
 -26.54902 -26.54902 -26.54902 -26.54902 -26.54902 -26.54902 -26.54902 -26.54902
 -26.54902 -26.54902
 --------------------/ IGRD= 1  / IPRT= 0  /   40.34/ Z1= 5   / DATE= 17.07.03
 -74.00000 -74.00000 -74.00000 -74.00000 -74.00000 -74.00000 -74.00000 -74.00000
 -74.00000 -74.00000 -74.00000 -74.00000 -74.00000 -74.00000 -74.00000 -74.00000
 -74.00000 -74.00000 -74.00000 -74.00000 -74.00000 -74.00000 -74.00000 -74.00000
 -74.00000 -74.00000
 -74.00000 -74.00000 -74.00000 -74.00000 -74.00000 -74.00000 -74.00000 -74.00000
 -74.00000 -74.00000 -74.00000 -74.00000 -74.00000 -74.00000 -74.00000 -74.00000
 -74.00000 -74.00000 -74.00000 -74.00000 -74.00000 -74.00000 -74.00000 -74.00000
 -74.00000 -74.00000
 -74.00000 -74.00000 -74.00000 -74.00000 -74.00000 -74.00000 -74.00000 -74.00000
 -74.00000 -74.00000 -74.00000 -74.00000 -74.00000 -74.00000 -74.00000 -74.00000
 -74.00000 -74.00000 -74.00000 -74.00000 -74.00000 -74.00000 -74.00000 -74.00000
 -74.00000 -74.00000
 -74.00000 -74.00000 -74.00000 -74.00000 -74.00000 -74.00000 -74.00000 -74.00000
 -74.00000 -74.00000 -74.00000 -74.00000 -74.00000 -74.00000 -74.00000 -74.00000
 -74.00000 -74.00000 -74.00000 -74.00000 -74.00000 -74.00000 -74.00000 -74.00000
 -74.00000 -74.00000
 -74.00000 -74.00000 -74.00000 -74.00000 -74.00000 -74.00000 -74.00000 -74.00000
 -74.00000 -74.00000 -74.00000 -74.00000 -74.00000 -74.00000 -74.00000 -74.00000
 -74.00000 -74.00000 -74.00000 -74.00000 -74.00000 -74.00000 -74.00000 -74.00000
 -74.00000 -74.00000
 -66.72860 -66.72860 -66.72860 -66.72860 -66.72860 -66.72860 -66.72860 -66.72860
 -66.72860 -66.72860 -66.72860 -66.72860 -66.72860 -66.72860 -66.72860 -66.72860
 -66.72860 -66.72860 -66.72860 -66.72860 -66.72860 -66.72860 -66.72860 -66.72860
 -66.72860 -66.72860
 -58.09684 -58.09684 -58.09684 -58.09684 -58.09684 -58.09684 -58.09684 -58.09684
 -58.09684 -58.09684 -58.09684 -58.09684 -58.09684 -58.09684 -58.09684 -58.09684
 -58.09684 -58.09684 -58.09684 -58.09684 -58.09684 -58.09684 -58.09684 -58.09684
 -58.09684 -58.09684
 -51.25033 -51.25033 -51.25033 -51.25033 -51.25033 -51.25033 -51.25033 -51.25033
 -51.25033 -51.25033 -51.25033 -51.25033 -51.25033 -51.25033 -51.25033 -51.25033
 -51.25033 -51.25033 -51.25033 -51.25033 -51.25033 -51.25033 -51.25033 -51.25033
 -51.25033 -51.25033
 -45.82195 -45.82195 -45.82195 -45.82195 -45.82195 -45.82195 -45.82195 -45.82195
 -45.82195 -45.82195 -45.82195 -45.82195 -45.82195 -45.82195 -45.82195 -45.82195
 -45.82195 -45.82195 -45.82195 -45.82195 -45.82195 -45.82195 -45.82195 -45.82195
 -45.82195 -45.82195
 -41.52010 -41.52010 -41.52010 -41.52010 -41.52010 -41.52010 -41.52010 -41.52010
 -41.52010 -41.52010 -41.52010 -41.52010 -41.52010 -41.52010 -41.52010 -41.52010
 -41.52010 -41.52010 -41.52010 -41.52010 -41.52010 -41.52010 -41.52010 -41.52010
 -41.52010 -41.52010
 -38.11312 -38.11312 -38.11312 -38.11312 -38.11312 -38.11312 -38.11312 -38.11312
 -38.11312 -38.11312 -38.11312 -38.11312 -38.11312 -38.11312 -38.11312 -38.11312
 -38.11312 -38.11312 -38.11312 -38.11312 -38.11312 -38.11312 -38.11312 -38.11312
 -38.11312 -38.11312
 -35.41701 -35.41701 -35.41701 -35.41701 -35.41701 -35.41701 -35.41701 -35.41701
 -35.41701 -35.41701 -35.41701 -35.41701 -35.41701 -35.41701 -35.41701 -35.41701
 -35.41701 -35.41701 -35.41701 -35.41701 -35.41701 -35.41701 -35.41701 -35.41701
 -35.41701 -35.41701
 -33.28558 -33.28558 -33.28558 -33.28558 -33.28558 -33.28558 -33.28558 -33.28558
 -33.28558 -33.28558 -33.28558 -33.28558 -33.28558 -33.28558 -33.28558 -33.28558
 -33.28558 -33.28558 -33.28558 -33.28558 -33.28558 -33.28558 -33.28558 -33.28558
 -33.28558 -33.28558
 -31.60272 -31.60272 -31.60272 -31.60272 -31.60272 -31.60272 -31.60272 -31.60272
 -31.60272 -31.60272 -31.60272 -31.60272 -31.60272 -31.60272 -31.60272 -31.60272
 -31.60272 -31.60272 -31.60272 -31.60272 -31.60272 -31.60272 -31.60272 -31.60272
 -31.60272 -31.60272
 -30.27619 -30.27619 -30.27619 -30.27619 -30.27619 -30.27619 -30.27619 -30.27619
 -30.27619 -30.27619 -30.27619 -30.27619 -30.27619 -30.27619 -30.27619 -30.27619
 -30.27619 -30.27619 -30.27619 -30.27619 -30.27619 -30.27619 -30.27619 -30.27619
 -30.27619 -30.27619
 -29.23271 -29.23271 -29.23271 -29.23271 -29.23271 -29.23271 -29.23271 -29.23271
 -29.23271 -29.23271 -29.23271 -29.23271 -29.23271 -29.23271 -29.23271 -29.23271
 -29.23271 -29.23271 -29.23271 -29.23271 -29.23271 -29.23271 -29.23271 -29.23271
 -29.23271 -29.23271
 -28.41409 -28.41409 -28.41409 -28.41409 -28.41409 -28.41409 -28.41409 -28.41409
 -28.41409 -28.41409 -28.41409 -28.41409 -28.41409 -28.41409 -28.41409 -28.41409
 -28.41409 -28.41409 -28.41409 -28.41409 -28.41409 -28.41409 -28.41409 -28.41409
 -28.41409 -28.41409
 -27.77408 -27.77408 -27.77408 -27.77408 -27.77408 -27.77408 -27.77408 -27.77408
 -27.77408 -27.77408 -27.77408 -27.77408 -27.77408 -27.77408 -27.77408 -27.77408
 -27.77408 -27.77408 -27.77408 -27.77408 -27.77408 -27.77408 -27.77408 -27.77408
 -27.77408 -27.77408
 -27.27596 -27.27596 -27.27596 -27.27596 -27.27596 -27.27596 -27.27596 -27.27596
 -27.27596 -27.27596 -27.27596 -27.27596 -27.27596 -27.27596 -27.27596 -27.27596
 -27.27596 -27.27596 -27.27596 -27.27596 -27.27596 -27.27596 -27.27596 -27.27596
 -27.27596 -27.27596
 -26.89054 -26.89054 -26.89054 -26.89054 -26.89054 -26.89054 -26.89054 -26.89054
 -26.89054 -26.89054 -26.89054 -26.89054 -26.89054 -26.89054 -26.89054 -26.89054
 -26.89054 -26.89054 -26.89054 -26.89054 -26.89054 -26.89054 -26.89054 -26.89054
 -26.89054 -26.89054
 -26.59466 -26.59466 -26.59466 -26.59466 -26.59466 -26.59466 -26.59466 -26.59466
 -26.59466 -26.59466 -26.59466 -26.59466 -26.59466 -26.59466 -26.59466 -26.59466
 -26.59466 -26.59466 -26.59466 -26.59466 -26.59466 -26.59466 -26.59466 -26.59466
 -26.59466 -26.59466
 -26.36990 -26.36990 -26.36990 -26.36990 -26.36990 -26.36990 -26.36990 -26.36990
 -26.36990 -26.36990 -26.36990 -26.36990 -26.36990 -26.36990 -26.36990 -26.36990
 -26.36990 -26.36990 -26.36990 -26.36990 -26.36990 -26.36990 -26.36990 -26.36990
 -26.36990 -26.36990
 -26.20164 -26.20164 -26.20164 -26.20164 -26.20164 -26.20164 -26.20164 -26.20164
 -26.20164 -26.20164 -26.20164 -26.20164 -26.20164 -26.20164 -26.20164 -26.20164
 -26.20164 -26.20164 -26.20164 -26.20164 -26.20164 -26.20164 -26.20164 -26.20164
 -26.20164 -26.20164
 -26.07825 -26.07825 -26.07825 -26.07825 -26.07825 -26.07825 -26.07825 -26.07825
 -26.07825 -26.07825 -26.07825 -26.07825 -26.07825 -26.07825 -26.07825 -26.07825
 -26.07825 -26.07825 -26.07825 -26.07825 -26.07825 -26.07825 -26.07825 -26.07825
 -26.07825 -26.07825
 -25.99052 -25.99052 -25.99052 -25.99052 -25.99052 -25.99052 -25.99052 -25.99052
 -25.99052 -25.99052 -25.99052 -25.99052 -25.99052 -25.99052 -25.99052 -25.99052
 -25.99052 -25.99052 -25.99052 -25.99052 -25.99052 -25.99052 -25.99052 -25.99052
 -25.99052 -25.99052
 -25.93111 -25.93111 -25.93111 -25.93111 -25.93111 -25.93111 -25.93111 -25.93111
 -25.93111 -25.93111 -25.93111 -25.93111 -25.93111 -25.93111 -25.93111 -25.93111
 -25.93111 -25.93111 -25.93111 -25.93111 -25.93111 -25.93111 -25.93111 -25.93111
 -25.93111 -25.93111
 -25.89419 -25.89419 -25.89419 -25.89419 -25.89419 -25.89419 -25.89419 -25.89419
 -25.89419 -25.89419 -25.89419 -25.89419 -25.89419 -25.89419 -25.89419 -25.89419
 -25.89419 -25.89419 -25.89419 -25.89419 -25.89419 -25.89419 -25.89419 -25.89419
 -25.89419 -25.89419
 -25.87515 -25.87515 -25.87515 -25.87515 -25.87515 -25.87515 -25.87515 -25.87515
 -25.87515 -25.87515 -25.87515 -25.87515 -25.87515 -25.87515 -25.87515 -25.87515
 -25.87515 -25.87515 -25.87515 -25.87515 -25.87515 -25.87515 -25.87515 -25.87515
 -25.87515 -25.87515
 -25.87030 -25.87030 -25.87030 -25.87030 -25.87030 -25.87030 -25.87030 -25.87030
 -25.87030 -25.87030 -25.87030 -25.87030 -25.87030 -25.87030 -25.87030 -25.87030
 -25.87030 -25.87030 -25.87030 -25.87030 -25.87030 -25.87030 -25.87030 -25.87030
 -25.87030 -25.87030
 -25.87672 -25.87672 -25.87672 -25.87672 -25.87672 -25.87672 -25.87672 -25.87672
 -25.87672 -25.87672 -25.87672 -25.87672 -25.87672 -25.87672 -25.87672 -25.87672
 -25.87672 -25.87672 -25.87672 -25.87672 -25.87672 -25.87672 -25.87672 -25.87672
 -25.87672 -25.87672
 -25.89211 -25.89211 -25.89211 -25.89211 -25.89211 -25.89211 -25.89211 -25.89211
 -25.89211 -25.89211 -25.89211 -25.89211 -25.89211 -25.89211 -25.89211 -25.89211
 -25.89211 -25.89211 -25.89211 -25.89211 -25.89211 -25.89211 -25.89211 -25.89211
 -25.89211 -25.89211
 -25.91461 -25.91461 -25.91461 -25.91461 -25.91461 -25.91461 -25.91461 -25.91461
 -25.91461 -25.91461 -25.91461 -25.91461 -25.91461 -25.91461 -25.91461 -25.91461
 -25.91461 -25.91461 -25.91461 -25.91461 -25.91461 -25.91461 -25.91461 -25.91461
 -25.91461 -25.91461
 -25.94276 -25.94276 -25.94276 -25.94276 -25.94276 -25.94276 -25.94276 -25.94276
 -25.94276 -25.94276 -25.94276 -25.94276 -25.94276 -25.94276 -25.94276 -25.94276
 -25.94276 -25.94276 -25.94276 -25.94276 -25.94276 -25.94276 -25.94276 -25.94276
 -25.94276 -25.94276
 -25.97540 -25.97540 -25.97540 -25.97540 -25.97540 -25.97540 -25.97540 -25.97540
 -25.97540 -25.97540 -25.97540 -25.97540 -25.97540 -25.97540 -25.97540 -25.97540
 -25.97540 -25.97540 -25.97540 -25.97540 -25.97540 -25.97540 -25.97540 -25.97540
 -25.97540 -25.97540
 -26.01161 -26.01161 -26.01161 -26.01161 -26.01161 -26.01161 -26.01161 -26.01161
 -26.01161 -26.01161 -26.01161 -26.01161 -26.01161 -26.01161 -26.01161 -26.01161
 -26.01161 -26.01161 -26.01161 -26.01161 -26.01161 -26.01161 -26.01161 -26.01161
 -26.01161 -26.01161
 -26.05066 -26.05066 -26.05066 -26.05066 -26.05066 -26.05066 -26.05066 -26.05066
 -26.05066 -26.05066 -26.05066 -26.05066 -26.05066 -26.05066 -26.05066 -26.05066
 -26.05066 -26.05066 -26.05066 -26.05066 -26.05066 -26.05066 -26.05066 -26.05066
 -26.05066 -26.05066
 -26.09195 -26.09195 -26.09195 -26.09195 -26.09195 -26.09195 -26.09195 -26.09195
 -26.09195 -26.09195 -26.09195 -26.09195 -26.09195 -26.09195 -26.09195 -26.09195
 -26.09195 -26.09195 -26.09195 -26.09195 -26.09195 -26.09195 -26.09195 -26.09195
 -26.09195 -26.09195
 -26.13503 -26.13503 -26.13503 -26.13503 -26.13503 -26.13503 -26.13503 -26.13503
 -26.13503 -26.13503 -26.13503 -26.13503 -26.13503 -26.13503 -26.13503 -26.13503
 -26.13503 -26.13503 -26.13503 -26.13503 -26.13503 -26.13503 -26.13503 -26.13503
 -26.13503 -26.13503
 -26.17954 -26.17954 -26.17954 -26.17954 -26.17954 -26.17954 -26.17954 -26.17954
 -26.17954 -26.17954 -26.17954 -26.17954 -26.17954 -26.17954 -26.17954 -26.17954
 -26.17954 -26.17954 -26.17954 -26.17954 -26.17954 -26.17954 -26.17954 -26.17954
 -26.17954 -26.17954
 -26.22517 -26.22517 -26.22517 -26.22517 -26.22517 -26.22517 -26.22517 -26.22517
 -26.22517 -26.22517 -26.22517 -26.22517 -26.22517 -26.22517 -26.22517 -26.22517
 -26.22517 -26.22517 -26.22517 -26.22517 -26.22517 -26.22517 -26.22517 -26.22517
 -26.22517 -26.22517
 -26.27169 -26.27169 -26.27169 -26.27169 -26.27169 -26.27169 -26.27169 -26.27169
 -26.27169 -26.27169 -26.27169 -26.27169 -26.27169 -26.27169 -26.27169 -26.27169
 -26.27169 -26.27169 -26.27169 -26.27169 -26.27169 -26.27169 -26.27169 -26.27169
 -26.27169 -26.27169
 -26.31893 -26.31893 -26.31893 -26.31893 -26.31893 -26.31893 -26.31893 -26.31893
 -26.31893 -26.31893 -26.31893 -26.31893 -26.31893 -26.31893 -26.31893 -26.31893
 -26.31893 -26.31893 -26.31893 -26.31893 -26.31893 -26.31893 -26.31893 -26.31893
 -26.31893 -26.31893
 -26.36674 -26.36674 -26.36674 -26.36674 -26.36674 -26.36674 -26.36674 -26.36674
 -26.36674 -26.36674 -26.36674 -26.36674 -26.36674 -26.36674 -26.36674 -26.36674
 -26.36674 -26.36674 -26.36674 -26.36674 -26.36674 -26.36674 -26.36674 -26.36674
 -26.36674 -26.36674
 -26.41499 -26.41499 -26.41499 -26.41499 -26.41499 -26.41499 -26.41499 -26.41499
 -26.41499 -26.41499 -26.41499 -26.41499 -26.41499 -26.41499 -26.41499 -26.41499
 -26.41499 -26.41499 -26.41499 -26.41499 -26.41499 -26.41499 -26.41499 -26.41499
 -26.41499 -26.41499
 -26.46360 -26.46360 -26.46360 -26.46360 -26.46360 -26.46360 -26.46360 -26.46360
 -26.46360 -26.46360 -26.46360 -26.46360 -26.46360 -26.46360 -26.46360 -26.46360
 -26.46360 -26.46360 -26.46360 -26.46360 -26.46360 -26.46360 -26.46360 -26.46360
 -26.46360 -26.46360
 -26.51250 -26.51250 -26.51250 -26.51250 -26.51250 -26.51250 -26.51250 -26.51250
 -26.51250 -26.51250 -26.51250 -26.51250 -26.51250 -26.51250 -26.51250 -26.51250
 -26.51250 -26.51250 -26.51250 -26.51250 -26.51250 -26.51250 -26.51250 -26.51250
 -26.51250 -26.51250
 -26.56161 -26.56161 -26.56161 -26.56161 -26.56161 -26.56161 -26.56161 -26.56161
 -26.56161 -26.56161 -26.56161 -26.56161 -26.56161 -26.56161 -26.56161 -26.56161
 -26.56161 -26.56161 -26.56161 -26.56161 -26.56161 -26.56161 -26.56161 -26.56161
 -26.56161 -26.56161
 -26.61091 -26.61091 -26.61091 -26.61091 -26.61091 -26.61091 -26.61091 -26.61091
 -26.61091 -26.61091 -26.61091 -26.61091 -26.61091 -26.61091 -26.61091 -26.61091
 -26.61091 -26.61091 -26.61091 -26.61091 -26.61091 -26.61091 -26.61091 -26.61091
 -26.61091 -26.61091
 --------------------/ IGRD= 1  / IPRT= 0  /   33.73/ Z1= 6   / DATE= 17.07.03
 -74.00000 -74.00000 -74.00000 -74.00000 -74.00000 -74.00000 -74.00000 -74.00000
 -74.00000 -74.00000 -74.00000 -74.00000 -74.00000 -74.00000 -74.00000 -74.00000
 -74.00000 -74.00000 -74.00000 -74.00000 -74.00000 -74.00000 -74.00000 -74.00000
 -74.00000 -74.00000
 -74.00000 -74.00000 -74.00000 -74.00000 -74.00000 -74.00000 -74.00000 -74.00000
 -74.00000 -74.00000 -74.00000 -74.00000 -74.00000 -74.00000 -74.00000 -74.00000
 -74.00000 -74.00000 -74.00000 -74.00000 -74.00000 -74.00000 -74.00000 -74.00000
 -74.00000 -74.00000
 -74.00000 -74.00000 -74.00000 -74.00000 -74.00000 -74.00000 -74.00000 -74.00000
 -74.00000 -74.00000 -74.00000 -74.00000 -74.00000 -74.00000 -74.00000 -74.00000
 -74.00000 -74.00000 -74.00000 -74.00000 -74.00000 -74.00000 -74.00000 -74.00000
 -74.00000 -74.00000
 -74.00000 -74.00000 -74.00000 -74.00000 -74.00000 -74.00000 -74.00000 -74.00000
 -74.00000 -74.00000 -74.00000 -74.00000 -74.00000 -74.00000 -74.00000 -74.00000
 -74.00000 -74.00000 -74.00000 -74.00000 -74.00000 -74.00000 -74.00000 -74.00000
 -74.00000 -74.00000
 -74.00000 -74.00000 -74.00000 -74.00000 -74.00000 -74.00000 -74.00000 -74.00000
 -74.00000 -74.00000 -74.00000 -74.00000 -74.00000 -74.00000 -74.00000 -74.00000
 -74.00000 -74.00000 -74.00000 -74.00000 -74.00000 -74.00000 -74.00000 -74.00000
 -74.00000 -74.00000
 -74.00000 -74.00000 -74.00000 -74.00000 -74.00000 -74.00000 -74.00000 -74.00000
 -74.00000 -74.00000 -74.00000 -74.00000 -74.00000 -74.00000 -74.00000 -74.00000
 -74.00000 -74.00000 -74.00000 -74.00000 -74.00000 -74.00000 -74.00000 -74.00000
 -74.00000 -74.00000
 -64.89133 -64.89133 -64.89133 -64.89133 -64.89133 -64.89133 -64.89133 -64.89133
 -64.89133 -64.89133 -64.89133 -64.89133 -64.89133 -64.89133 -64.89133 -64.89133
 -64.89133 -64.89133 -64.89133 -64.89133 -64.89133 -64.89133 -64.89133 -64.89133
 -64.89133 -64.89133
 -56.69418 -56.69418 -56.69418 -56.69418 -56.69418 -56.69418 -56.69418 -56.69418
 -56.69418 -56.69418 -56.69418 -56.69418 -56.69418 -56.69418 -56.69418 -56.69418
 -56.69418 -56.69418 -56.69418 -56.69418 -56.69418 -56.69418 -56.69418 -56.69418
 -56.69418 -56.69418
 -50.19290 -50.19290 -50.19290 -50.19290 -50.19290 -50.19290 -50.19290 -50.19290
 -50.19290 -50.19290 -50.19290 -50.19290 -50.19290 -50.19290 -50.19290 -50.19290
 -50.19290 -50.19290 -50.19290 -50.19290 -50.19290 -50.19290 -50.19290 -50.19290
 -50.19290 -50.19290
 -45.03877 -45.03877 -45.03877 -45.03877 -45.03877 -45.03877 -45.03877 -45.03877
 -45.03877 -45.03877 -45.03877 -45.03877 -45.03877 -45.03877 -45.03877 -45.03877
 -45.03877 -45.03877 -45.03877 -45.03877 -45.03877 -45.03877 -45.03877 -45.03877
 -45.03877 -45.03877
 -40.95477 -40.95477 -40.95477 -40.95477 -40.95477 -40.95477 -40.95477 -40.95477
 -40.95477 -40.95477 -40.95477 -40.95477 -40.95477 -40.95477 -40.95477 -40.95477
 -40.95477 -40.95477 -40.95477 -40.95477 -40.95477 -40.95477 -40.95477 -40.95477
 -40.95477 -40.95477
 -37.72085 -37.72085 -37.72085 -37.72085 -37.72085 -37.72085 -37.72085 -37.72085
 -37.72085 -37.72085 -37.72085 -37.72085 -37.72085 -37.72085 -37.72085 -37.72085
 -37.72085 -37.72085 -37.72085 -37.72085 -37.72085 -37.72085 -37.72085 -37.72085
 -37.72085 -37.72085
 -35.16221 -35.16221 -35.16221 -35.16221 -35.16221 -35.16221 -35.16221 -35.16221
 -35.16221 -35.16221 -35.16221 -35.16221 -35.16221 -35.16221 -35.16221 -35.16221
 -35.16221 -35.16221 -35.16221 -35.16221 -35.16221 -35.16221 -35.16221 -35.16221
 -35.16221 -35.16221
 -33.13998 -33.13998 -33.13998 -33.13998 -33.13998 -33.13998 -33.13998 -33.13998
 -33.13998 -33.13998 -33.13998 -33.13998 -33.13998 -33.13998 -33.13998 -33.13998
 -33.13998 -33.13998 -33.13998 -33.13998 -33.13998 -33.13998 -33.13998 -33.13998
 -33.13998 -33.13998
 -31.54387 -31.54387 -31.54387 -31.54387 -31.54387 -31.54387 -31.54387 -31.54387
 -31.54387 -31.54387 -31.54387 -31.54387 -31.54387 -31.54387 -31.54387 -31.54387
 -31.54387 -31.54387 -31.54387 -31.54387 -31.54387 -31.54387 -31.54387 -31.54387
 -31.54387 -31.54387
 -30.28625 -30.28625 -30.28625 -30.28625 -30.28625 -30.28625 -30.28625 -30.28625
 -30.28625 -30.28625 -30.28625 -30.28625 -30.28625 -30.28625 -30.28625 -30.28625
 -30.28625 -30.28625 -30.28625 -30.28625 -30.28625 -30.28625 -30.28625 -30.28625
 -30.28625 -30.28625
 -29.29751 -29.29751 -29.29751 -29.29751 -29.29751 -29.29751 -29.29751 -29.29751
 -29.29751 -29.29751 -29.29751 -29.29751 -29.29751 -29.29751 -29.29751 -29.29751
 -29.29751 -29.29751 -29.29751 -29.29751 -29.29751 -29.29751 -29.29751 -29.29751
 -29.29751 -29.29751
 -28.52237 -28.52237 -28.52237 -28.52237 -28.52237 -28.52237 -28.52237 -28.52237
 -28.52237 -28.52237 -28.52237 -28.52237 -28.52237 -28.52237 -28.52237 -28.52237
 -28.52237 -28.52237 -28.52237 -28.52237 -28.52237 -28.52237 -28.52237 -28.52237
 -28.52237 -28.52237
 -27.91690 -27.91690 -27.91690 -27.91690 -27.91690 -27.91690 -27.91690 -27.91690
 -27.91690 -27.91690 -27.91690 -27.91690 -27.91690 -27.91690 -27.91690 -27.91690
 -27.91690 -27.91690 -27.91690 -27.91690 -27.91690 -27.91690 -27.91690 -27.91690
 -27.91690 -27.91690
 -27.44622 -27.44622 -27.44622 -27.44622 -27.44622 -27.44622 -27.44622 -27.44622
 -27.44622 -27.44622 -27.44622 -27.44622 -27.44622 -27.44622 -27.44622 -27.44622
 -27.44622 -27.44622 -27.44622 -27.44622 -27.44622 -27.44622 -27.44622 -27.44622
 -27.44622 -27.44622
 -27.08260 -27.08260 -27.08260 -27.08260 -27.08260 -27.08260 -27.08260 -27.08260
 -27.08260 -27.08260 -27.08260 -27.08260 -27.08260 -27.08260 -27.08260 -27.08260
 -27.08260 -27.08260 -27.08260 -27.08260 -27.08260 -27.08260 -27.08260 -27.08260
 -27.08260 -27.08260
 -26.80403 -26.80403 -26.80403 -26.80403 -26.80403 -26.80403 -26.80403 -26.80403
 -26.80403 -26.80403 -26.80403 -26.80403 -26.80403 -26.80403 -26.80403 -26.80403
 -26.80403 -26.80403 -26.80403 -26.80403 -26.80403 -26.80403 -26.80403 -26.80403
 -26.80403 -26.80403
 -26.59302 -26.59302 -26.59302 -26.59302 -26.59302 -26.59302 -26.59302 -26.59302
 -26.59302 -26.59302 -26.59302 -26.59302 -26.59302 -26.59302 -26.59302 -26.59302
 -26.59302 -26.59302 -26.59302 -26.59302 -26.59302 -26.59302 -26.59302 -26.59302
 -26.59302 -26.59302
 -26.43569 -26.43569 -26.43569 -26.43569 -26.43569 -26.43569 -26.43569 -26.43569
 -26.43569 -26.43569 -26.43569 -26.43569 -26.43569 -26.43569 -26.43569 -26.43569
 -26.43569 -26.43569 -26.43569 -26.43569 -26.43569 -26.43569 -26.43569 -26.43569
 -26.43569 -26.43569
 -26.32098 -26.32098 -26.32098 -26.32098 -26.32098 -26.32098 -26.32098 -26.32098
 -26.32098 -26.32098 -26.32098 -26.32098 -26.32098 -26.32098 -26.32098 -26.32098
 -26.32098 -26.32098 -26.32098 -26.32098 -26.32098 -26.32098 -26.32098 -26.32098
 -26.32098 -26.32098
 -26.24015 -26.24015 -26.24015 -26.24015 -26.24015 -26.24015 -26.24015 -26.24015
 -26.24015 -26.24015 -26.24015 -26.24015 -26.24015 -26.24015 -26.24015 -26.24015
 -26.24015 -26.24015 -26.24015 -26.24015 -26.24015 -26.24015 -26.24015 -26.24015
 -26.24015 -26.24015
 -26.18621 -26.18621 -26.18621 -26.18621 -26.18621 -26.18621 -26.18621 -26.18621
 -26.18621 -26.18621 -26.18621 -26.18621 -26.18621 -26.18621 -26.18621 -26.18621
 -26.18621 -26.18621 -26.18621 -26.18621 -26.18621 -26.18621 -26.18621 -26.18621
 -26.18621 -26.18621
 -26.15364 -26.15364 -26.15364 -26.15364 -26.15364 -26.15364 -26.15364 -26.15364
 -26.15364 -26.15364 -26.15364 -26.15364 -26.15364 -26.15364 -26.15364 -26.15364
 -26.15364 -26.15364 -26.15364 -26.15364 -26.15364 -26.15364 -26.15364 -26.15364
 -26.15364 -26.15364
 -26.13805 -26.13805 -26.13805 -26.13805 -26.13805 -26.13805 -26.13805 -26.13805
 -26.13805 -26.13805 -26.13805 -26.13805 -26.13805 -26.13805 -26.13805 -26.13805
 -26.13805 -26.13805 -26.13805 -26.13805 -26.13805 -26.13805 -26.13805 -26.13805
 -26.13805 -26.13805
 -26.13595 -26.13595 -26.13595 -26.13595 -26.13595 -26.13595 -26.13595 -26.13595
 -26.13595 -26.13595 -26.13595 -26.13595 -26.13595 -26.13595 -26.13595 -26.13595
 -26.13595 -26.13595 -26.13595 -26.13595 -26.13595 -26.13595 -26.13595 -26.13595
 -26.13595 -26.13595
 -26.14456 -26.14456 -26.14456 -26.14456 -26.14456 -26.14456 -26.14456 -26.14456
 -26.14456 -26.14456 -26.14456 -26.14456 -26.14456 -26.14456 -26.14456 -26.14456
 -26.14456 -26.14456 -26.14456 -26.14456 -26.14456 -26.14456 -26.14456 -26.14456
 -26.14456 -26.14456
 -26.16167 -26.16167 -26.16167 -26.16167 -26.16167 -26.16167 -26.16167 -26.16167
 -26.16167 -26.16167 -26.16167 -26.16167 -26.16167 -26.16167 -26.16167 -26.16167
 -26.16167 -26.16167 -26.16167 -26.16167 -26.16167 -26.16167 -26.16167 -26.16167
 -26.16167 -26.16167
 -26.18555 -26.18555 -26.18555 -26.18555 -26.18555 -26.18555 -26.18555 -26.18555
 -26.18555 -26.18555 -26.18555 -26.18555 -26.18555 -26.18555 -26.18555 -26.18555
 -26.18555 -26.18555 -26.18555 -26.18555 -26.18555 -26.18555 -26.18555 -26.18555
 -26.18555 -26.18555
 -26.21480 -26.21480 -26.21480 -26.21480 -26.21480 -26.21480 -26.21480 -26.21480
 -26.21480 -26.21480 -26.21480 -26.21480 -26.21480 -26.21480 -26.21480 -26.21480
 -26.21480 -26.21480 -26.21480 -26.21480 -26.21480 -26.21480 -26.21480 -26.21480
 -26.21480 -26.21480
 -26.24831 -26.24831 -26.24831 -26.24831 -26.24831 -26.24831 -26.24831 -26.24831
 -26.24831 -26.24831 -26.24831 -26.24831 -26.24831 -26.24831 -26.24831 -26.24831
 -26.24831 -26.24831 -26.24831 -26.24831 -26.24831 -26.24831 -26.24831 -26.24831
 -26.24831 -26.24831
 -26.28521 -26.28521 -26.28521 -26.28521 -26.28521 -26.28521 -26.28521 -26.28521
 -26.28521 -26.28521 -26.28521 -26.28521 -26.28521 -26.28521 -26.28521 -26.28521
 -26.28521 -26.28521 -26.28521 -26.28521 -26.28521 -26.28521 -26.28521 -26.28521
 -26.28521 -26.28521
 -26.32480 -26.32480 -26.32480 -26.32480 -26.32480 -26.32480 -26.32480 -26.32480
 -26.32480 -26.32480 -26.32480 -26.32480 -26.32480 -26.32480 -26.32480 -26.32480
 -26.32480 -26.32480 -26.32480 -26.32480 -26.32480 -26.32480 -26.32480 -26.32480
 -26.32480 -26.32480
 -26.36653 -26.36653 -26.36653 -26.36653 -26.36653 -26.36653 -26.36653 -26.36653
 -26.36653 -26.36653 -26.36653 -26.36653 -26.36653 -26.36653 -26.36653 -26.36653
 -26.36653 -26.36653 -26.36653 -26.36653 -26.36653 -26.36653 -26.36653 -26.36653
 -26.36653 -26.36653
 -26.40996 -26.40996 -26.40996 -26.40996 -26.40996 -26.40996 -26.40996 -26.40996
 -26.40996 -26.40996 -26.40996 -26.40996 -26.40996 -26.40996 -26.40996 -26.40996
 -26.40996 -26.40996 -26.40996 -26.40996 -26.40996 -26.40996 -26.40996 -26.40996
 -26.40996 -26.40996
 -26.45473 -26.45473 -26.45473 -26.45473 -26.45473 -26.45473 -26.45473 -26.45473
 -26.45473 -26.45473 -26.45473 -26.45473 -26.45473 -26.45473 -26.45473 -26.45473
 -26.45473 -26.45473 -26.45473 -26.45473 -26.45473 -26.45473 -26.45473 -26.45473
 -26.45473 -26.45473
 -26.50058 -26.50058 -26.50058 -26.50058 -26.50058 -26.50058 -26.50058 -26.50058
 -26.50058 -26.50058 -26.50058 -26.50058 -26.50058 -26.50058 -26.50058 -26.50058
 -26.50058 -26.50058 -26.50058 -26.50058 -26.50058 -26.50058 -26.50058 -26.50058
 -26.50058 -26.50058
 -26.54728 -26.54728 -26.54728 -26.54728 -26.54728 -26.54728 -26.54728 -26.54728
 -26.54728 -26.54728 -26.54728 -26.54728 -26.54728 -26.54728 -26.54728 -26.54728
 -26.54728 -26.54728 -26.54728 -26.54728 -26.54728 -26.54728 -26.54728 -26.54728
 -26.54728 -26.54728
 -26.59466 -26.59466 -26.59466 -26.59466 -26.59466 -26.59466 -26.59466 -26.59466
 -26.59466 -26.59466 -26.59466 -26.59466 -26.59466 -26.59466 -26.59466 -26.59466
 -26.59466 -26.59466 -26.59466 -26.59466 -26.59466 -26.59466 -26.59466 -26.59466
 -26.59466 -26.59466
 -26.64257 -26.64257 -26.64257 -26.64257 -26.64257 -26.64257 -26.64257 -26.64257
 -26.64257 -26.64257 -26.64257 -26.64257 -26.64257 -26.64257 -26.64257 -26.64257
 -26.64257 -26.64257 -26.64257 -26.64257 -26.64257 -26.64257 -26.64257 -26.64257
 -26.64257 -26.64257
 -26.69091 -26.69091 -26.69091 -26.69091 -26.69091 -26.69091 -26.69091 -26.69091
 -26.69091 -26.69091 -26.69091 -26.69091 -26.69091 -26.69091 -26.69091 -26.69091
 -26.69091 -26.69091 -26.69091 -26.69091 -26.69091 -26.69091 -26.69091 -26.69091
 -26.69091 -26.69091
 -26.73959 -26.73959 -26.73959 -26.73959 -26.73959 -26.73959 -26.73959 -26.73959
 -26.73959 -26.73959 -26.73959 -26.73959 -26.73959 -26.73959 -26.73959 -26.73959
 -26.73959 -26.73959 -26.73959 -26.73959 -26.73959 -26.73959 -26.73959 -26.73959
 -26.73959 -26.73959
 -26.78854 -26.78854 -26.78854 -26.78854 -26.78854 -26.78854 -26.78854 -26.78854
 -26.78854 -26.78854 -26.78854 -26.78854 -26.78854 -26.78854 -26.78854 -26.78854
 -26.78854 -26.78854 -26.78854 -26.78854 -26.78854 -26.78854 -26.78854 -26.78854
 -26.78854 -26.78854
 -26.83770 -26.83770 -26.83770 -26.83770 -26.83770 -26.83770 -26.83770 -26.83770
 -26.83770 -26.83770 -26.83770 -26.83770 -26.83770 -26.83770 -26.83770 -26.83770
 -26.83770 -26.83770 -26.83770 -26.83770 -26.83770 -26.83770 -26.83770 -26.83770
 -26.83770 -26.83770
 
C---------------------------------------------------------------------------------
C ADAS ADF11 DATA - SCCS info: @(#)$Header: /home/adascvs/adas/adf11/pls89/pls89_c.dat,v 2.2 2004/07/07 00:03:55 whitefor Exp $ Date $Date: 2004/07/07 00:03:55 $
C---------------------------------------------------------------------------------
