    1   26   48    1    1     /HYDROGEN           / ABEL-VAN-MEINNEN 1982
 -------------------------------------------------------------------------------
  10.00000  10.20000  10.40000  10.60000  10.80000  11.00000  11.20000  11.40000
  11.60000  11.80000  12.00000  12.20000  12.40000  12.60000  12.80000  13.00000
  13.20000  13.40000  13.60000  13.80000  14.00000  14.20000  14.40000  14.60000
  14.80000  15.00000
   0.00000   0.10000   0.20000   0.30000   0.40000   0.50000   0.60000   0.70000
   0.80000   0.90000   1.00000   1.10000   1.20000   1.30000   1.40000   1.50000
   1.60000   1.70000   1.80000   1.90000   2.00000   2.10000   2.20000   2.30000
   2.40000   2.50000   2.60000   2.70000   2.80000   2.90000   3.00000   3.10000
   3.20000   3.30000   3.40000   3.50000   3.60000   3.70000   3.80000   3.90000
   4.00000   4.10000   4.20000   4.30000   4.40000   4.50000   4.60000   4.70000
 ---------------------------------------------------/ Z1= 1   / DATE= 05.04.90
 -28.39058 -28.39058 -28.39058 -28.39058 -28.39058 -28.39058 -28.39058 -28.39058
 -28.39058 -28.39058 -28.39058 -28.39058 -28.39058 -28.39058 -28.39058 -28.39058
 -28.39058 -28.39058 -28.39058 -28.39058 -28.39058 -28.39058 -28.39058 -28.39058
 -28.39058 -28.39058
 -27.54184 -27.54184 -27.54184 -27.54184 -27.54184 -27.54184 -27.54184 -27.54184
 -27.54184 -27.54184 -27.54184 -27.54184 -27.54184 -27.54184 -27.54184 -27.54184
 -27.54184 -27.54184 -27.54184 -27.54184 -27.54184 -27.54184 -27.54184 -27.54184
 -27.54184 -27.54184
 -26.87608 -26.87608 -26.87608 -26.87608 -26.87608 -26.87608 -26.87608 -26.87608
 -26.87608 -26.87608 -26.87608 -26.87608 -26.87608 -26.87608 -26.87608 -26.87608
 -26.87608 -26.87608 -26.87608 -26.87608 -26.87608 -26.87608 -26.87608 -26.87608
 -26.87608 -26.87608
 -26.35597 -26.35597 -26.35597 -26.35597 -26.35597 -26.35597 -26.35597 -26.35597
 -26.35597 -26.35597 -26.35597 -26.35597 -26.35597 -26.35597 -26.35597 -26.35597
 -26.35597 -26.35597 -26.35597 -26.35597 -26.35597 -26.35597 -26.35597 -26.35597
 -26.35597 -26.35597
 -25.95184 -25.95184 -25.95184 -25.95184 -25.95184 -25.95184 -25.95184 -25.95184
 -25.95184 -25.95184 -25.95184 -25.95184 -25.95184 -25.95184 -25.95184 -25.95184
 -25.95184 -25.95184 -25.95184 -25.95184 -25.95184 -25.95184 -25.95184 -25.95184
 -25.95184 -25.95184
 -25.64018 -25.64018 -25.64018 -25.64018 -25.64018 -25.64018 -25.64018 -25.64018
 -25.64018 -25.64018 -25.64018 -25.64018 -25.64018 -25.64018 -25.64018 -25.64018
 -25.64018 -25.64018 -25.64018 -25.64018 -25.64018 -25.64018 -25.64018 -25.64018
 -25.64018 -25.64018
 -25.40221 -25.40221 -25.40221 -25.40221 -25.40221 -25.40221 -25.40221 -25.40221
 -25.40221 -25.40221 -25.40221 -25.40221 -25.40221 -25.40221 -25.40221 -25.40221
 -25.40221 -25.40221 -25.40221 -25.40221 -25.40221 -25.40221 -25.40221 -25.40221
 -25.40221 -25.40221
 -25.22299 -25.22299 -25.22299 -25.22299 -25.22299 -25.22299 -25.22299 -25.22299
 -25.22299 -25.22299 -25.22299 -25.22299 -25.22299 -25.22299 -25.22299 -25.22299
 -25.22299 -25.22299 -25.22299 -25.22299 -25.22299 -25.22299 -25.22299 -25.22299
 -25.22299 -25.22299
 -25.09058 -25.09058 -25.09058 -25.09058 -25.09058 -25.09058 -25.09058 -25.09058
 -25.09058 -25.09058 -25.09058 -25.09058 -25.09058 -25.09058 -25.09058 -25.09058
 -25.09058 -25.09058 -25.09058 -25.09058 -25.09058 -25.09058 -25.09058 -25.09058
 -25.09058 -25.09058
 -24.99545 -24.99545 -24.99545 -24.99545 -24.99545 -24.99545 -24.99545 -24.99545
 -24.99545 -24.99545 -24.99545 -24.99545 -24.99545 -24.99545 -24.99545 -24.99545
 -24.99545 -24.99545 -24.99545 -24.99545 -24.99545 -24.99545 -24.99545 -24.99545
 -24.99545 -24.99545
 -24.93004 -24.93004 -24.93004 -24.93004 -24.93004 -24.93004 -24.93004 -24.93004
 -24.93004 -24.93004 -24.93004 -24.93004 -24.93004 -24.93004 -24.93004 -24.93004
 -24.93004 -24.93004 -24.93004 -24.93004 -24.93004 -24.93004 -24.93004 -24.93004
 -24.93004 -24.93004
 -24.88828 -24.88828 -24.88828 -24.88828 -24.88828 -24.88828 -24.88828 -24.88828
 -24.88828 -24.88828 -24.88828 -24.88828 -24.88828 -24.88828 -24.88828 -24.88828
 -24.88828 -24.88828 -24.88828 -24.88828 -24.88828 -24.88828 -24.88828 -24.88828
 -24.88828 -24.88828
 -24.86531 -24.86531 -24.86531 -24.86531 -24.86531 -24.86531 -24.86531 -24.86531
 -24.86531 -24.86531 -24.86531 -24.86531 -24.86531 -24.86531 -24.86531 -24.86531
 -24.86531 -24.86531 -24.86531 -24.86531 -24.86531 -24.86531 -24.86531 -24.86531
 -24.86531 -24.86531
 -24.85732 -24.85732 -24.85732 -24.85732 -24.85732 -24.85732 -24.85732 -24.85732
 -24.85732 -24.85732 -24.85732 -24.85732 -24.85732 -24.85732 -24.85732 -24.85732
 -24.85732 -24.85732 -24.85732 -24.85732 -24.85732 -24.85732 -24.85732 -24.85732
 -24.85732 -24.85732
 -24.86121 -24.86121 -24.86121 -24.86121 -24.86121 -24.86121 -24.86121 -24.86121
 -24.86121 -24.86121 -24.86121 -24.86121 -24.86121 -24.86121 -24.86121 -24.86121
 -24.86121 -24.86121 -24.86121 -24.86121 -24.86121 -24.86121 -24.86121 -24.86121
 -24.86121 -24.86121
 -24.87459 -24.87459 -24.87459 -24.87459 -24.87459 -24.87459 -24.87459 -24.87459
 -24.87459 -24.87459 -24.87459 -24.87459 -24.87459 -24.87459 -24.87459 -24.87459
 -24.87459 -24.87459 -24.87459 -24.87459 -24.87459 -24.87459 -24.87459 -24.87459
 -24.87459 -24.87459
 -24.89548 -24.89548 -24.89548 -24.89548 -24.89548 -24.89548 -24.89548 -24.89548
 -24.89548 -24.89548 -24.89548 -24.89548 -24.89548 -24.89548 -24.89548 -24.89548
 -24.89548 -24.89548 -24.89548 -24.89548 -24.89548 -24.89548 -24.89548 -24.89548
 -24.89548 -24.89548
 -24.92235 -24.92235 -24.92235 -24.92235 -24.92235 -24.92235 -24.92235 -24.92235
 -24.92235 -24.92235 -24.92235 -24.92235 -24.92235 -24.92235 -24.92235 -24.92235
 -24.92235 -24.92235 -24.92235 -24.92235 -24.92235 -24.92235 -24.92235 -24.92235
 -24.92235 -24.92235
 -24.95396 -24.95396 -24.95396 -24.95396 -24.95396 -24.95396 -24.95396 -24.95396
 -24.95396 -24.95396 -24.95396 -24.95396 -24.95396 -24.95396 -24.95396 -24.95396
 -24.95396 -24.95396 -24.95396 -24.95396 -24.95396 -24.95396 -24.95396 -24.95396
 -24.95396 -24.95396
 -24.98936 -24.98936 -24.98936 -24.98936 -24.98936 -24.98936 -24.98936 -24.98936
 -24.98936 -24.98936 -24.98936 -24.98936 -24.98936 -24.98936 -24.98936 -24.98936
 -24.98936 -24.98936 -24.98936 -24.98936 -24.98936 -24.98936 -24.98936 -24.98936
 -24.98936 -24.98936
 -25.02777 -25.02777 -25.02777 -25.02777 -25.02777 -25.02777 -25.02777 -25.02777
 -25.02777 -25.02777 -25.02777 -25.02777 -25.02777 -25.02777 -25.02777 -25.02777
 -25.02777 -25.02777 -25.02777 -25.02777 -25.02777 -25.02777 -25.02777 -25.02777
 -25.02777 -25.02777
 -25.06856 -25.06856 -25.06856 -25.06856 -25.06856 -25.06856 -25.06856 -25.06856
 -25.06856 -25.06856 -25.06856 -25.06856 -25.06856 -25.06856 -25.06856 -25.06856
 -25.06856 -25.06856 -25.06856 -25.06856 -25.06856 -25.06856 -25.06856 -25.06856
 -25.06856 -25.06856
 -25.11124 -25.11124 -25.11124 -25.11124 -25.11124 -25.11124 -25.11124 -25.11124
 -25.11124 -25.11124 -25.11124 -25.11124 -25.11124 -25.11124 -25.11124 -25.11124
 -25.11124 -25.11124 -25.11124 -25.11124 -25.11124 -25.11124 -25.11124 -25.11124
 -25.11124 -25.11124
 -25.15543 -25.15543 -25.15543 -25.15543 -25.15543 -25.15543 -25.15543 -25.15543
 -25.15543 -25.15543 -25.15543 -25.15543 -25.15543 -25.15543 -25.15543 -25.15543
 -25.15543 -25.15543 -25.15543 -25.15543 -25.15543 -25.15543 -25.15543 -25.15543
 -25.15543 -25.15543
 -25.20081 -25.20081 -25.20081 -25.20081 -25.20081 -25.20081 -25.20081 -25.20081
 -25.20081 -25.20081 -25.20081 -25.20081 -25.20081 -25.20081 -25.20081 -25.20081
 -25.20081 -25.20081 -25.20081 -25.20081 -25.20081 -25.20081 -25.20081 -25.20081
 -25.20081 -25.20081
 -25.24713 -25.24713 -25.24713 -25.24713 -25.24713 -25.24713 -25.24713 -25.24713
 -25.24713 -25.24713 -25.24713 -25.24713 -25.24713 -25.24713 -25.24713 -25.24713
 -25.24713 -25.24713 -25.24713 -25.24713 -25.24713 -25.24713 -25.24713 -25.24713
 -25.24713 -25.24713
 -25.29422 -25.29422 -25.29422 -25.29422 -25.29422 -25.29422 -25.29422 -25.29422
 -25.29422 -25.29422 -25.29422 -25.29422 -25.29422 -25.29422 -25.29422 -25.29422
 -25.29422 -25.29422 -25.29422 -25.29422 -25.29422 -25.29422 -25.29422 -25.29422
 -25.29422 -25.29422
 -25.34190 -25.34190 -25.34190 -25.34190 -25.34190 -25.34190 -25.34190 -25.34190
 -25.34190 -25.34190 -25.34190 -25.34190 -25.34190 -25.34190 -25.34190 -25.34190
 -25.34190 -25.34190 -25.34190 -25.34190 -25.34190 -25.34190 -25.34190 -25.34190
 -25.34190 -25.34190
 -25.39008 -25.39008 -25.39008 -25.39008 -25.39008 -25.39008 -25.39008 -25.39008
 -25.39008 -25.39008 -25.39008 -25.39008 -25.39008 -25.39008 -25.39008 -25.39008
 -25.39008 -25.39008 -25.39008 -25.39008 -25.39008 -25.39008 -25.39008 -25.39008
 -25.39008 -25.39008
 -25.43861 -25.43861 -25.43861 -25.43861 -25.43861 -25.43861 -25.43861 -25.43861
 -25.43861 -25.43861 -25.43861 -25.43861 -25.43861 -25.43861 -25.43861 -25.43861
 -25.43861 -25.43861 -25.43861 -25.43861 -25.43861 -25.43861 -25.43861 -25.43861
 -25.43861 -25.43861
 -25.48744 -25.48744 -25.48744 -25.48744 -25.48744 -25.48744 -25.48744 -25.48744
 -25.48744 -25.48744 -25.48744 -25.48744 -25.48744 -25.48744 -25.48744 -25.48744
 -25.48744 -25.48744 -25.48744 -25.48744 -25.48744 -25.48744 -25.48744 -25.48744
 -25.48744 -25.48744
 -25.53653 -25.53653 -25.53653 -25.53653 -25.53653 -25.53653 -25.53653 -25.53653
 -25.53653 -25.53653 -25.53653 -25.53653 -25.53653 -25.53653 -25.53653 -25.53653
 -25.53653 -25.53653 -25.53653 -25.53653 -25.53653 -25.53653 -25.53653 -25.53653
 -25.53653 -25.53653
 -25.58580 -25.58580 -25.58580 -25.58580 -25.58580 -25.58580 -25.58580 -25.58580
 -25.58580 -25.58580 -25.58580 -25.58580 -25.58580 -25.58580 -25.58580 -25.58580
 -25.58580 -25.58580 -25.58580 -25.58580 -25.58580 -25.58580 -25.58580 -25.58580
 -25.58580 -25.58580
 -25.63521 -25.63521 -25.63521 -25.63521 -25.63521 -25.63521 -25.63521 -25.63521
 -25.63521 -25.63521 -25.63521 -25.63521 -25.63521 -25.63521 -25.63521 -25.63521
 -25.63521 -25.63521 -25.63521 -25.63521 -25.63521 -25.63521 -25.63521 -25.63521
 -25.63521 -25.63521
 -25.68475 -25.68475 -25.68475 -25.68475 -25.68475 -25.68475 -25.68475 -25.68475
 -25.68475 -25.68475 -25.68475 -25.68475 -25.68475 -25.68475 -25.68475 -25.68475
 -25.68475 -25.68475 -25.68475 -25.68475 -25.68475 -25.68475 -25.68475 -25.68475
 -25.68475 -25.68475
 -25.73439 -25.73439 -25.73439 -25.73439 -25.73439 -25.73439 -25.73439 -25.73439
 -25.73439 -25.73439 -25.73439 -25.73439 -25.73439 -25.73439 -25.73439 -25.73439
 -25.73439 -25.73439 -25.73439 -25.73439 -25.73439 -25.73439 -25.73439 -25.73439
 -25.73439 -25.73439
 -25.78409 -25.78409 -25.78409 -25.78409 -25.78409 -25.78409 -25.78409 -25.78409
 -25.78409 -25.78409 -25.78409 -25.78409 -25.78409 -25.78409 -25.78409 -25.78409
 -25.78409 -25.78409 -25.78409 -25.78409 -25.78409 -25.78409 -25.78409 -25.78409
 -25.78409 -25.78409
 -25.83386 -25.83386 -25.83386 -25.83386 -25.83386 -25.83386 -25.83386 -25.83386
 -25.83386 -25.83386 -25.83386 -25.83386 -25.83386 -25.83386 -25.83386 -25.83386
 -25.83386 -25.83386 -25.83386 -25.83386 -25.83386 -25.83386 -25.83386 -25.83386
 -25.83386 -25.83386
 -25.88368 -25.88368 -25.88368 -25.88368 -25.88368 -25.88368 -25.88368 -25.88368
 -25.88368 -25.88368 -25.88368 -25.88368 -25.88368 -25.88368 -25.88368 -25.88368
 -25.88368 -25.88368 -25.88368 -25.88368 -25.88368 -25.88368 -25.88368 -25.88368
 -25.88368 -25.88368
 -25.93353 -25.93353 -25.93353 -25.93353 -25.93353 -25.93353 -25.93353 -25.93353
 -25.93353 -25.93353 -25.93353 -25.93353 -25.93353 -25.93353 -25.93353 -25.93353
 -25.93353 -25.93353 -25.93353 -25.93353 -25.93353 -25.93353 -25.93353 -25.93353
 -25.93353 -25.93353
 -25.98341 -25.98341 -25.98341 -25.98341 -25.98341 -25.98341 -25.98341 -25.98341
 -25.98341 -25.98341 -25.98341 -25.98341 -25.98341 -25.98341 -25.98341 -25.98341
 -25.98341 -25.98341 -25.98341 -25.98341 -25.98341 -25.98341 -25.98341 -25.98341
 -25.98341 -25.98341
 -26.03333 -26.03333 -26.03333 -26.03333 -26.03333 -26.03333 -26.03333 -26.03333
 -26.03333 -26.03333 -26.03333 -26.03333 -26.03333 -26.03333 -26.03333 -26.03333
 -26.03333 -26.03333 -26.03333 -26.03333 -26.03333 -26.03333 -26.03333 -26.03333
 -26.03333 -26.03333
 -26.08325 -26.08325 -26.08325 -26.08325 -26.08325 -26.08325 -26.08325 -26.08325
 -26.08325 -26.08325 -26.08325 -26.08325 -26.08325 -26.08325 -26.08325 -26.08325
 -26.08325 -26.08325 -26.08325 -26.08325 -26.08325 -26.08325 -26.08325 -26.08325
 -26.08325 -26.08325
 -26.13319 -26.13319 -26.13319 -26.13319 -26.13319 -26.13319 -26.13319 -26.13319
 -26.13319 -26.13319 -26.13319 -26.13319 -26.13319 -26.13319 -26.13319 -26.13319
 -26.13319 -26.13319 -26.13319 -26.13319 -26.13319 -26.13319 -26.13319 -26.13319
 -26.13319 -26.13319
 -26.18315 -26.18315 -26.18315 -26.18315 -26.18315 -26.18315 -26.18315 -26.18315
 -26.18315 -26.18315 -26.18315 -26.18315 -26.18315 -26.18315 -26.18315 -26.18315
 -26.18315 -26.18315 -26.18315 -26.18315 -26.18315 -26.18315 -26.18315 -26.18315
 -26.18315 -26.18315
 -26.23311 -26.23311 -26.23311 -26.23311 -26.23311 -26.23311 -26.23311 -26.23311
 -26.23311 -26.23311 -26.23311 -26.23311 -26.23311 -26.23311 -26.23311 -26.23311
 -26.23311 -26.23311 -26.23311 -26.23311 -26.23311 -26.23311 -26.23311 -26.23311
 -26.23311 -26.23311
 -26.28308 -26.28308 -26.28308 -26.28308 -26.28308 -26.28308 -26.28308 -26.28308
 -26.28308 -26.28308 -26.28308 -26.28308 -26.28308 -26.28308 -26.28308 -26.28308
 -26.28308 -26.28308 -26.28308 -26.28308 -26.28308 -26.28308 -26.28308 -26.28308
 -26.28308 -26.28308
 -26.33305 -26.33305 -26.33305 -26.33305 -26.33305 -26.33305 -26.33305 -26.33305
 -26.33305 -26.33305 -26.33305 -26.33305 -26.33305 -26.33305 -26.33305 -26.33305
 -26.33305 -26.33305 -26.33305 -26.33305 -26.33305 -26.33305 -26.33305 -26.33305
 -26.33305 -26.33305
 
C---------------------------------------------------------------------------------
C ADAS ADF11 DATA - SCCS info: @(#)$Header: /home/adascvs/adas/adf11/plt89/plt89_h.dat,v 2.1 2004/07/07 00:05:21 whitefor Exp $ Date $Date: 2004/07/07 00:05:21 $
C---------------------------------------------------------------------------------
