   48    /C + 2 PHOTON EMISSIVITY COEFFICIENTS/
   977.0 A   9  13 /FILMEM = JL1990C /TYPE = EXCIT    /INDM = 1/ISEL =    1
 1.00E+10 3.00E+10 1.00E+11 3.00E+11 1.00E+12 3.00E+12 1.00E+13 3.00E+13
 1.00E+14
 1.00E+00 1.50E+00 2.00E+00 3.00E+00 5.00E+00 7.00E+00 1.00E+01 1.50E+01
 2.00E+01 3.00E+01 5.00E+01 7.00E+01 1.00E+02
 9.37E-13 5.37E-11 3.92E-10 2.75E-09 1.24E-08 2.29E-08 3.56E-08 4.92E-08
 5.72E-08 6.54E-08 7.02E-08 7.05E-08 6.90E-08
 9.37E-13 5.37E-11 3.92E-10 2.75E-09 1.24E-08 2.29E-08 3.56E-08 4.92E-08
 5.72E-08 6.54E-08 7.02E-08 7.05E-08 6.90E-08
 9.37E-13 5.37E-11 3.92E-10 2.75E-09 1.24E-08 2.29E-08 3.56E-08 4.92E-08
 5.72E-08 6.54E-08 7.02E-08 7.05E-08 6.90E-08
 9.37E-13 5.37E-11 3.92E-10 2.75E-09 1.24E-08 2.29E-08 3.56E-08 4.92E-08
 5.72E-08 6.54E-08 7.02E-08 7.05E-08 6.90E-08
 9.37E-13 5.37E-11 3.92E-10 2.75E-09 1.24E-08 2.29E-08 3.56E-08 4.92E-08
 5.72E-08 6.54E-08 7.02E-08 7.05E-08 6.90E-08
 9.37E-13 5.37E-11 3.92E-10 2.75E-09 1.24E-08 2.29E-08 3.56E-08 4.92E-08
 5.72E-08 6.54E-08 7.02E-08 7.05E-08 6.90E-08
 9.36E-13 5.36E-11 3.92E-10 2.75E-09 1.24E-08 2.29E-08 3.56E-08 4.92E-08
 5.72E-08 6.54E-08 7.02E-08 7.05E-08 6.90E-08
 9.34E-13 5.35E-11 3.91E-10 2.74E-09 1.23E-08 2.29E-08 3.56E-08 4.91E-08
 5.71E-08 6.53E-08 7.02E-08 7.04E-08 6.89E-08
 9.27E-13 5.32E-11 3.89E-10 2.73E-09 1.23E-08 2.28E-08 3.54E-08 4.89E-08
 5.69E-08 6.51E-08 7.00E-08 7.02E-08 6.87E-08
   386.2 A   9  13 /FILMEM = JL1990C /TYPE = EXCIT    /INDM = 1/ISEL =    2
 1.00E+10 3.00E+10 1.00E+11 3.00E+11 1.00E+12 3.00E+12 1.00E+13 3.00E+13
 1.00E+14
 1.00E+00 1.50E+00 2.00E+00 3.00E+00 5.00E+00 7.00E+00 1.00E+01 1.50E+01
 2.00E+01 3.00E+01 5.00E+01 7.00E+01 1.00E+02
 1.32E-22 4.51E-18 7.66E-16 1.15E-13 5.48E-12 2.69E-11 8.62E-11 2.13E-10
 3.39E-10 5.59E-10 8.88E-10 1.09E-09 1.20E-09
 1.32E-22 4.51E-18 7.66E-16 1.15E-13 5.48E-12 2.69E-11 8.62E-11 2.13E-10
 3.39E-10 5.59E-10 8.88E-10 1.09E-09 1.20E-09
 1.32E-22 4.51E-18 7.66E-16 1.16E-13 5.48E-12 2.69E-11 8.62E-11 2.13E-10
 3.39E-10 5.59E-10 8.88E-10 1.09E-09 1.20E-09
 1.32E-22 4.52E-18 7.67E-16 1.16E-13 5.49E-12 2.69E-11 8.62E-11 2.13E-10
 3.39E-10 5.59E-10 8.88E-10 1.09E-09 1.20E-09
 1.32E-22 4.53E-18 7.68E-16 1.16E-13 5.50E-12 2.69E-11 8.64E-11 2.13E-10
 3.40E-10 5.60E-10 8.89E-10 1.09E-09 1.20E-09
 1.34E-22 4.56E-18 7.73E-16 1.16E-13 5.53E-12 2.71E-11 8.68E-11 2.14E-10
 3.41E-10 5.62E-10 8.92E-10 1.09E-09 1.20E-09
 1.37E-22 4.67E-18 7.89E-16 1.19E-13 5.63E-12 2.76E-11 8.84E-11 2.18E-10
 3.47E-10 5.70E-10 9.01E-10 1.10E-09 1.21E-09
 1.47E-22 4.95E-18 8.34E-16 1.25E-13 5.91E-12 2.90E-11 9.28E-11 2.28E-10
 3.62E-10 5.91E-10 9.25E-10 1.13E-09 1.23E-09
 1.79E-22 5.87E-18 9.75E-16 1.44E-13 6.81E-12 3.34E-11 1.07E-10 2.61E-10
 4.10E-10 6.59E-10 1.01E-09 1.20E-09 1.30E-09
  1175.7 A   9  13 /FILMEM = JL1990C /TYPE = EXCIT    /INDM = 1/ISEL =    3
 1.00E+10 3.00E+10 1.00E+11 3.00E+11 1.00E+12 3.00E+12 1.00E+13 3.00E+13
 1.00E+14
 1.00E+00 1.50E+00 2.00E+00 3.00E+00 5.00E+00 7.00E+00 1.00E+01 1.50E+01
 2.00E+01 3.00E+01 5.00E+01 7.00E+01 1.00E+02
 4.14E-17 1.18E-14 1.99E-13 3.27E-12 2.74E-11 6.19E-11 1.03E-10 1.36E-10
 1.44E-10 1.33E-10 9.99E-11 7.74E-11 5.93E-11
 4.14E-17 1.18E-14 1.99E-13 3.27E-12 2.75E-11 6.19E-11 1.03E-10 1.36E-10
 1.44E-10 1.33E-10 9.99E-11 7.74E-11 5.93E-11
 4.14E-17 1.18E-14 1.99E-13 3.27E-12 2.75E-11 6.19E-11 1.03E-10 1.36E-10
 1.44E-10 1.33E-10 9.99E-11 7.74E-11 5.93E-11
 4.15E-17 1.19E-14 2.00E-13 3.27E-12 2.75E-11 6.19E-11 1.03E-10 1.36E-10
 1.44E-10 1.33E-10 9.99E-11 7.75E-11 5.93E-11
 4.17E-17 1.19E-14 2.00E-13 3.28E-12 2.75E-11 6.20E-11 1.04E-10 1.36E-10
 1.44E-10 1.33E-10 1.00E-10 7.75E-11 5.93E-11
 4.24E-17 1.21E-14 2.02E-13 3.31E-12 2.77E-11 6.23E-11 1.04E-10 1.37E-10
 1.44E-10 1.34E-10 1.00E-10 7.76E-11 5.94E-11
 4.46E-17 1.26E-14 2.10E-13 3.40E-12 2.83E-11 6.35E-11 1.06E-10 1.39E-10
 1.46E-10 1.35E-10 1.01E-10 7.80E-11 5.96E-11
 5.09E-17 1.40E-14 2.31E-13 3.67E-12 3.00E-11 6.67E-11 1.10E-10 1.44E-10
 1.51E-10 1.38E-10 1.03E-10 7.93E-11 6.04E-11
 7.28E-17 1.92E-14 3.04E-13 4.60E-12 3.59E-11 7.83E-11 1.27E-10 1.63E-10
 1.69E-10 1.53E-10 1.11E-10 8.50E-11 6.40E-11
   538.2 A   9  13 /FILMEM = JL1990C /TYPE = EXCIT    /INDM = 1/ISEL =    4
 1.00E+10 3.00E+10 1.00E+11 3.00E+11 1.00E+12 3.00E+12 1.00E+13 3.00E+13
 1.00E+14
 1.00E+00 1.50E+00 2.00E+00 3.00E+00 5.00E+00 7.00E+00 1.00E+01 1.50E+01
 2.00E+01 3.00E+01 5.00E+01 7.00E+01 1.00E+02
 3.16E-21 4.66E-17 5.29E-15 5.38E-13 1.81E-11 7.28E-11 1.89E-10 3.55E-10
 4.51E-10 5.16E-10 4.83E-10 4.10E-10 3.09E-10
 3.16E-21 4.66E-17 5.29E-15 5.38E-13 1.81E-11 7.28E-11 1.89E-10 3.55E-10
 4.51E-10 5.16E-10 4.83E-10 4.10E-10 3.09E-10
 3.16E-21 4.66E-17 5.29E-15 5.38E-13 1.81E-11 7.28E-11 1.89E-10 3.55E-10
 4.51E-10 5.16E-10 4.83E-10 4.10E-10 3.09E-10
 3.16E-21 4.66E-17 5.29E-15 5.37E-13 1.81E-11 7.27E-11 1.89E-10 3.55E-10
 4.51E-10 5.16E-10 4.83E-10 4.10E-10 3.09E-10
 3.16E-21 4.66E-17 5.29E-15 5.37E-13 1.80E-11 7.27E-11 1.88E-10 3.54E-10
 4.50E-10 5.15E-10 4.82E-10 4.09E-10 3.09E-10
 3.17E-21 4.66E-17 5.28E-15 5.36E-13 1.80E-11 7.24E-11 1.88E-10 3.53E-10
 4.48E-10 5.13E-10 4.79E-10 4.07E-10 3.07E-10
 3.18E-21 4.66E-17 5.28E-15 5.34E-13 1.79E-11 7.17E-11 1.85E-10 3.48E-10
 4.42E-10 5.05E-10 4.72E-10 4.01E-10 3.03E-10
 3.21E-21 4.68E-17 5.27E-15 5.30E-13 1.75E-11 7.01E-11 1.80E-10 3.37E-10
 4.26E-10 4.86E-10 4.54E-10 3.86E-10 2.92E-10
 3.32E-21 4.78E-17 5.33E-15 5.26E-13 1.70E-11 6.71E-11 1.70E-10 3.14E-10
 3.95E-10 4.46E-10 4.15E-10 3.53E-10 2.67E-10
   459.6 A   9  13 /FILMEM = JL1990C /TYPE = EXCIT    /INDM = 1/ISEL =    5
 1.00E+10 3.00E+10 1.00E+11 3.00E+11 1.00E+12 3.00E+12 1.00E+13 3.00E+13
 1.00E+14
 1.00E+00 1.50E+00 2.00E+00 3.00E+00 5.00E+00 7.00E+00 1.00E+01 1.50E+01
 2.00E+01 3.00E+01 5.00E+01 7.00E+01 1.00E+02
 5.08E-23 2.76E-18 6.09E-16 1.25E-13 7.87E-12 4.34E-11 1.45E-10 3.35E-10
 4.72E-10 5.91E-10 5.82E-10 5.05E-10 3.97E-10
 5.08E-23 2.76E-18 6.09E-16 1.25E-13 7.87E-12 4.34E-11 1.45E-10 3.35E-10
 4.72E-10 5.91E-10 5.82E-10 5.05E-10 3.97E-10
 5.08E-23 2.76E-18 6.09E-16 1.25E-13 7.87E-12 4.34E-11 1.45E-10 3.35E-10
 4.72E-10 5.91E-10 5.82E-10 5.05E-10 3.97E-10
 5.09E-23 2.77E-18 6.10E-16 1.25E-13 7.88E-12 4.34E-11 1.45E-10 3.36E-10
 4.72E-10 5.92E-10 5.83E-10 5.06E-10 3.97E-10
 5.12E-23 2.78E-18 6.12E-16 1.25E-13 7.90E-12 4.35E-11 1.46E-10 3.36E-10
 4.73E-10 5.93E-10 5.84E-10 5.06E-10 3.98E-10
 5.20E-23 2.82E-18 6.19E-16 1.26E-13 7.96E-12 4.38E-11 1.46E-10 3.38E-10
 4.75E-10 5.95E-10 5.86E-10 5.09E-10 3.99E-10
 5.46E-23 2.94E-18 6.42E-16 1.30E-13 8.15E-12 4.47E-11 1.49E-10 3.44E-10
 4.83E-10 6.04E-10 5.95E-10 5.15E-10 4.04E-10
 6.09E-23 3.22E-18 6.97E-16 1.39E-13 8.62E-12 4.70E-11 1.56E-10 3.58E-10
 5.02E-10 6.27E-10 6.15E-10 5.33E-10 4.17E-10
 7.61E-23 3.90E-18 8.28E-16 1.61E-13 9.70E-12 5.21E-11 1.71E-10 3.89E-10
 5.44E-10 6.78E-10 6.64E-10 5.73E-10 4.47E-10
  2297.6 A   9  13 /FILMEM = JL1990C /TYPE = EXCIT    /INDM = 1/ISEL =    6
 1.00E+10 3.00E+10 1.00E+11 3.00E+11 1.00E+12 3.00E+12 1.00E+13 3.00E+13
 1.00E+14
 1.00E+00 1.50E+00 2.00E+00 3.00E+00 5.00E+00 7.00E+00 1.00E+01 1.50E+01
 2.00E+01 3.00E+01 5.00E+01 7.00E+01 1.00E+02
 4.33E-16 1.48E-13 2.62E-12 4.39E-11 3.78E-10 8.87E-10 1.57E-09 2.28E-09
 2.62E-09 2.83E-09 2.69E-09 2.48E-09 2.23E-09
 4.33E-16 1.48E-13 2.62E-12 4.39E-11 3.78E-10 8.87E-10 1.57E-09 2.28E-09
 2.62E-09 2.83E-09 2.69E-09 2.48E-09 2.23E-09
 4.33E-16 1.48E-13 2.62E-12 4.39E-11 3.78E-10 8.87E-10 1.57E-09 2.28E-09
 2.62E-09 2.83E-09 2.69E-09 2.48E-09 2.23E-09
 4.33E-16 1.48E-13 2.62E-12 4.39E-11 3.78E-10 8.87E-10 1.57E-09 2.28E-09
 2.62E-09 2.83E-09 2.69E-09 2.48E-09 2.23E-09
 4.33E-16 1.48E-13 2.62E-12 4.39E-11 3.78E-10 8.87E-10 1.57E-09 2.28E-09
 2.62E-09 2.83E-09 2.70E-09 2.48E-09 2.23E-09
 4.33E-16 1.48E-13 2.62E-12 4.39E-11 3.78E-10 8.87E-10 1.58E-09 2.28E-09
 2.63E-09 2.83E-09 2.70E-09 2.48E-09 2.23E-09
 4.34E-16 1.48E-13 2.63E-12 4.40E-11 3.79E-10 8.89E-10 1.58E-09 2.29E-09
 2.64E-09 2.85E-09 2.72E-09 2.50E-09 2.25E-09
 4.36E-16 1.49E-13 2.64E-12 4.42E-11 3.81E-10 8.95E-10 1.59E-09 2.31E-09
 2.67E-09 2.89E-09 2.76E-09 2.54E-09 2.29E-09
 4.43E-16 1.51E-13 2.68E-12 4.49E-11 3.88E-10 9.13E-10 1.63E-09 2.38E-09
 2.76E-09 3.01E-09 2.91E-09 2.69E-09 2.43E-09
  1247.4 A   9  13 /FILMEM = JL1990C /TYPE = EXCIT    /INDM = 1/ISEL =    7
 1.00E+10 3.00E+10 1.00E+11 3.00E+11 1.00E+12 3.00E+12 1.00E+13 3.00E+13
 1.00E+14
 1.00E+00 1.50E+00 2.00E+00 3.00E+00 5.00E+00 7.00E+00 1.00E+01 1.50E+01
 2.00E+01 3.00E+01 5.00E+01 7.00E+01 1.00E+02
 8.74E-19 1.41E-15 5.48E-14 2.01E-12 3.20E-11 9.66E-11 2.08E-10 3.54E-10
 4.48E-10 5.43E-10 5.70E-10 5.42E-10 4.96E-10
 8.74E-19 1.41E-15 5.48E-14 2.01E-12 3.20E-11 9.66E-11 2.08E-10 3.54E-10
 4.48E-10 5.43E-10 5.70E-10 5.42E-10 4.96E-10
 8.74E-19 1.41E-15 5.48E-14 2.01E-12 3.20E-11 9.66E-11 2.08E-10 3.54E-10
 4.48E-10 5.43E-10 5.71E-10 5.42E-10 4.96E-10
 8.75E-19 1.41E-15 5.49E-14 2.02E-12 3.20E-11 9.66E-11 2.08E-10 3.54E-10
 4.49E-10 5.44E-10 5.71E-10 5.42E-10 4.96E-10
 8.77E-19 1.41E-15 5.49E-14 2.02E-12 3.21E-11 9.68E-11 2.08E-10 3.54E-10
 4.49E-10 5.44E-10 5.71E-10 5.43E-10 4.97E-10
 8.82E-19 1.42E-15 5.52E-14 2.03E-12 3.22E-11 9.71E-11 2.08E-10 3.55E-10
 4.51E-10 5.46E-10 5.73E-10 5.45E-10 4.99E-10
 9.02E-19 1.45E-15 5.61E-14 2.05E-12 3.26E-11 9.81E-11 2.11E-10 3.59E-10
 4.55E-10 5.52E-10 5.80E-10 5.51E-10 5.05E-10
 9.57E-19 1.52E-15 5.85E-14 2.13E-12 3.36E-11 1.01E-10 2.17E-10 3.70E-10
 4.70E-10 5.69E-10 5.99E-10 5.70E-10 5.23E-10
 1.15E-18 1.77E-15 6.70E-14 2.40E-12 3.73E-11 1.12E-10 2.40E-10 4.09E-10
 5.19E-10 6.30E-10 6.66E-10 6.36E-10 5.85E-10
   690.5 A   9  13 /FILMEM = JL1990C /TYPE = EXCIT    /INDM = 1/ISEL =    8
 1.00E+10 3.00E+10 1.00E+11 3.00E+11 1.00E+12 3.00E+12 1.00E+13 3.00E+13
 1.00E+14
 1.00E+00 1.50E+00 2.00E+00 3.00E+00 5.00E+00 7.00E+00 1.00E+01 1.50E+01
 2.00E+01 3.00E+01 5.00E+01 7.00E+01 1.00E+02
 1.25E-21 2.67E-17 3.69E-15 4.70E-13 2.03E-11 9.63E-11 2.98E-10 6.95E-10
 1.04E-09 1.52E-09 1.96E-09 2.08E-09 2.04E-09
 1.25E-21 2.67E-17 3.69E-15 4.70E-13 2.03E-11 9.63E-11 2.98E-10 6.95E-10
 1.04E-09 1.52E-09 1.96E-09 2.08E-09 2.04E-09
 1.25E-21 2.67E-17 3.69E-15 4.70E-13 2.03E-11 9.63E-11 2.98E-10 6.95E-10
 1.04E-09 1.52E-09 1.96E-09 2.08E-09 2.04E-09
 1.25E-21 2.67E-17 3.69E-15 4.70E-13 2.03E-11 9.62E-11 2.98E-10 6.95E-10
 1.04E-09 1.52E-09 1.96E-09 2.08E-09 2.04E-09
 1.25E-21 2.67E-17 3.69E-15 4.70E-13 2.03E-11 9.62E-11 2.98E-10 6.95E-10
 1.04E-09 1.52E-09 1.96E-09 2.08E-09 2.03E-09
 1.25E-21 2.67E-17 3.68E-15 4.69E-13 2.03E-11 9.60E-11 2.97E-10 6.93E-10
 1.04E-09 1.52E-09 1.96E-09 2.08E-09 2.03E-09
 1.24E-21 2.65E-17 3.66E-15 4.67E-13 2.01E-11 9.54E-11 2.96E-10 6.89E-10
 1.03E-09 1.51E-09 1.95E-09 2.07E-09 2.02E-09
 1.22E-21 2.61E-17 3.60E-15 4.59E-13 1.98E-11 9.39E-11 2.91E-10 6.78E-10
 1.02E-09 1.49E-09 1.92E-09 2.04E-09 2.00E-09
 1.16E-21 2.49E-17 3.43E-15 4.36E-13 1.88E-11 8.87E-11 2.74E-10 6.40E-10
 9.61E-10 1.41E-09 1.83E-09 1.95E-09 1.92E-09
   574.3 A   9  13 /FILMEM = JL1990C /TYPE = EXCIT    /INDM = 1/ISEL =    9
 1.00E+10 3.00E+10 1.00E+11 3.00E+11 1.00E+12 3.00E+12 1.00E+13 3.00E+13
 1.00E+14
 1.00E+00 1.50E+00 2.00E+00 3.00E+00 5.00E+00 7.00E+00 1.00E+01 1.50E+01
 2.00E+01 3.00E+01 5.00E+01 7.00E+01 1.00E+02
 1.70E-23 1.25E-18 3.26E-16 8.20E-14 6.56E-12 4.25E-11 1.74E-10 5.22E-10
 9.03E-10 1.56E-09 2.37E-09 2.73E-09 2.79E-09
 1.70E-23 1.25E-18 3.26E-16 8.20E-14 6.56E-12 4.25E-11 1.74E-10 5.22E-10
 9.03E-10 1.56E-09 2.37E-09 2.73E-09 2.79E-09
 1.70E-23 1.25E-18 3.26E-16 8.20E-14 6.56E-12 4.25E-11 1.74E-10 5.22E-10
 9.03E-10 1.56E-09 2.37E-09 2.73E-09 2.79E-09
 1.70E-23 1.25E-18 3.26E-16 8.20E-14 6.57E-12 4.25E-11 1.74E-10 5.22E-10
 9.03E-10 1.56E-09 2.37E-09 2.73E-09 2.79E-09
 1.71E-23 1.25E-18 3.26E-16 8.20E-14 6.57E-12 4.26E-11 1.74E-10 5.22E-10
 9.04E-10 1.56E-09 2.37E-09 2.73E-09 2.79E-09
 1.71E-23 1.25E-18 3.27E-16 8.22E-14 6.58E-12 4.26E-11 1.74E-10 5.22E-10
 9.04E-10 1.56E-09 2.37E-09 2.73E-09 2.79E-09
 1.73E-23 1.27E-18 3.30E-16 8.28E-14 6.61E-12 4.28E-11 1.75E-10 5.24E-10
 9.07E-10 1.56E-09 2.37E-09 2.73E-09 2.80E-09
 1.80E-23 1.30E-18 3.38E-16 8.44E-14 6.71E-12 4.33E-11 1.76E-10 5.28E-10
 9.14E-10 1.57E-09 2.39E-09 2.75E-09 2.81E-09
 2.00E-23 1.42E-18 3.65E-16 9.00E-14 7.05E-12 4.52E-11 1.83E-10 5.44E-10
 9.38E-10 1.61E-09 2.43E-09 2.80E-09 2.86E-09
   818.1 A   9  13 /FILMEM = JL1990C /TYPE = EXCIT    /INDM = 1/ISEL =   10
 1.00E+10 3.00E+10 1.00E+11 3.00E+11 1.00E+12 3.00E+12 1.00E+13 3.00E+13
 1.00E+14
 1.00E+00 1.50E+00 2.00E+00 3.00E+00 5.00E+00 7.00E+00 1.00E+01 1.50E+01
 2.00E+01 3.00E+01 5.00E+01 7.00E+01 1.00E+02
 4.46E-24 1.51E-19 2.56E-17 3.81E-15 1.74E-13 8.16E-13 2.43E-12 5.21E-12
 7.19E-12 9.02E-12 9.10E-12 7.97E-12 6.15E-12
 4.46E-24 1.51E-19 2.55E-17 3.81E-15 1.74E-13 8.16E-13 2.43E-12 5.21E-12
 7.19E-12 9.02E-12 9.10E-12 7.97E-12 6.15E-12
 4.46E-24 1.51E-19 2.55E-17 3.80E-15 1.74E-13 8.16E-13 2.42E-12 5.21E-12
 7.18E-12 9.01E-12 9.10E-12 7.96E-12 6.15E-12
 4.45E-24 1.51E-19 2.55E-17 3.80E-15 1.74E-13 8.14E-13 2.42E-12 5.20E-12
 7.17E-12 9.00E-12 9.08E-12 7.95E-12 6.14E-12
 4.42E-24 1.50E-19 2.53E-17 3.77E-15 1.73E-13 8.10E-13 2.41E-12 5.17E-12
 7.14E-12 8.95E-12 9.04E-12 7.92E-12 6.12E-12
 4.34E-24 1.47E-19 2.49E-17 3.71E-15 1.70E-13 7.97E-13 2.37E-12 5.10E-12
 7.03E-12 8.83E-12 8.93E-12 7.82E-12 6.05E-12
 4.07E-24 1.39E-19 2.35E-17 3.51E-15 1.61E-13 7.55E-13 2.25E-12 4.84E-12
 6.69E-12 8.42E-12 8.55E-12 7.51E-12 5.83E-12
 3.49E-24 1.19E-19 2.03E-17 3.05E-15 1.41E-13 6.59E-13 1.96E-12 4.24E-12
 5.88E-12 7.45E-12 7.63E-12 6.75E-12 5.28E-12
 2.46E-24 8.42E-20 1.44E-17 2.17E-15 9.99E-14 4.67E-13 1.39E-12 3.01E-12
 4.19E-12 5.36E-12 5.59E-12 5.02E-12 4.00E-12
   884.5 A   9  13 /FILMEM = JL1990C /TYPE = EXCIT    /INDM = 1/ISEL =   11
 1.00E+10 3.00E+10 1.00E+11 3.00E+11 1.00E+12 3.00E+12 1.00E+13 3.00E+13
 1.00E+14
 1.00E+00 1.50E+00 2.00E+00 3.00E+00 5.00E+00 7.00E+00 1.00E+01 1.50E+01
 2.00E+01 3.00E+01 5.00E+01 7.00E+01 1.00E+02
 1.57E-23 5.39E-19 9.14E-17 1.38E-14 6.54E-13 3.21E-12 1.03E-11 2.54E-11
 4.05E-11 6.67E-11 1.06E-10 1.30E-10 1.43E-10
 1.57E-23 5.39E-19 9.14E-17 1.38E-14 6.54E-13 3.21E-12 1.03E-11 2.54E-11
 4.05E-11 6.67E-11 1.06E-10 1.30E-10 1.43E-10
 1.58E-23 5.39E-19 9.14E-17 1.38E-14 6.54E-13 3.21E-12 1.03E-11 2.54E-11
 4.05E-11 6.67E-11 1.06E-10 1.30E-10 1.43E-10
 1.58E-23 5.39E-19 9.15E-17 1.38E-14 6.55E-13 3.21E-12 1.03E-11 2.54E-11
 4.05E-11 6.67E-11 1.06E-10 1.30E-10 1.43E-10
 1.58E-23 5.40E-19 9.17E-17 1.38E-14 6.56E-13 3.21E-12 1.03E-11 2.54E-11
 4.06E-11 6.68E-11 1.06E-10 1.30E-10 1.43E-10
 1.59E-23 5.44E-19 9.23E-17 1.39E-14 6.59E-13 3.23E-12 1.04E-11 2.56E-11
 4.07E-11 6.71E-11 1.06E-10 1.31E-10 1.43E-10
 1.64E-23 5.57E-19 9.42E-17 1.42E-14 6.72E-13 3.29E-12 1.05E-11 2.60E-11
 4.14E-11 6.80E-11 1.07E-10 1.32E-10 1.44E-10
 1.76E-23 5.91E-19 9.95E-17 1.49E-14 7.05E-13 3.46E-12 1.11E-11 2.72E-11
 4.32E-11 7.05E-11 1.10E-10 1.34E-10 1.47E-10
 2.14E-23 7.00E-19 1.16E-16 1.72E-14 8.13E-13 3.98E-12 1.27E-11 3.11E-11
 4.90E-11 7.86E-11 1.20E-10 1.44E-10 1.55E-10
  1308.7 A   9  13 /FILMEM = JL1990C /TYPE = EXCIT    /INDM = 1/ISEL =   12
 1.00E+10 3.00E+10 1.00E+11 3.00E+11 1.00E+12 3.00E+12 1.00E+13 3.00E+13
 1.00E+14
 1.00E+00 1.50E+00 2.00E+00 3.00E+00 5.00E+00 7.00E+00 1.00E+01 1.50E+01
 2.00E+01 3.00E+01 5.00E+01 7.00E+01 1.00E+02
 7.62E-25 2.61E-20 4.43E-18 6.67E-16 3.17E-14 1.55E-13 4.98E-13 1.23E-12
 1.96E-12 3.23E-12 5.13E-12 6.30E-12 6.91E-12
 7.62E-25 2.61E-20 4.43E-18 6.67E-16 3.17E-14 1.55E-13 4.98E-13 1.23E-12
 1.96E-12 3.23E-12 5.13E-12 6.30E-12 6.91E-12
 7.63E-25 2.61E-20 4.43E-18 6.67E-16 3.17E-14 1.55E-13 4.98E-13 1.23E-12
 1.96E-12 3.23E-12 5.13E-12 6.30E-12 6.91E-12
 7.63E-25 2.61E-20 4.43E-18 6.68E-16 3.17E-14 1.55E-13 4.98E-13 1.23E-12
 1.96E-12 3.23E-12 5.13E-12 6.30E-12 6.91E-12
 7.66E-25 2.62E-20 4.44E-18 6.69E-16 3.18E-14 1.56E-13 4.99E-13 1.23E-12
 1.96E-12 3.24E-12 5.14E-12 6.30E-12 6.91E-12
 7.72E-25 2.63E-20 4.47E-18 6.73E-16 3.19E-14 1.56E-13 5.02E-13 1.24E-12
 1.97E-12 3.25E-12 5.15E-12 6.32E-12 6.93E-12
 7.93E-25 2.70E-20 4.56E-18 6.86E-16 3.25E-14 1.59E-13 5.11E-13 1.26E-12
 2.00E-12 3.29E-12 5.20E-12 6.37E-12 6.97E-12
 8.52E-25 2.86E-20 4.82E-18 7.21E-16 3.41E-14 1.67E-13 5.36E-13 1.32E-12
 2.09E-12 3.41E-12 5.34E-12 6.51E-12 7.09E-12
 1.03E-24 3.39E-20 5.63E-18 8.35E-16 3.94E-14 1.93E-13 6.17E-13 1.51E-12
 2.37E-12 3.81E-12 5.81E-12 6.96E-12 7.50E-12
  8502.7 A   9  13 /FILMEM = JL1990C /TYPE = EXCIT    /INDM = 1/ISEL =   13
 1.00E+10 3.00E+10 1.00E+11 3.00E+11 1.00E+12 3.00E+12 1.00E+13 3.00E+13
 1.00E+14
 1.00E+00 1.50E+00 2.00E+00 3.00E+00 5.00E+00 7.00E+00 1.00E+01 1.50E+01
 2.00E+01 3.00E+01 5.00E+01 7.00E+01 1.00E+02
 4.05E-25 1.38E-20 2.35E-18 3.54E-16 1.68E-14 8.24E-14 2.64E-13 6.52E-13
 1.04E-12 1.71E-12 2.72E-12 3.34E-12 3.67E-12
 4.05E-25 1.38E-20 2.35E-18 3.54E-16 1.68E-14 8.24E-14 2.64E-13 6.52E-13
 1.04E-12 1.71E-12 2.72E-12 3.34E-12 3.67E-12
 4.05E-25 1.38E-20 2.35E-18 3.54E-16 1.68E-14 8.24E-14 2.64E-13 6.53E-13
 1.04E-12 1.71E-12 2.72E-12 3.34E-12 3.67E-12
 4.05E-25 1.39E-20 2.35E-18 3.54E-16 1.68E-14 8.25E-14 2.64E-13 6.53E-13
 1.04E-12 1.71E-12 2.72E-12 3.34E-12 3.67E-12
 4.06E-25 1.39E-20 2.36E-18 3.55E-16 1.69E-14 8.26E-14 2.65E-13 6.54E-13
 1.04E-12 1.72E-12 2.73E-12 3.35E-12 3.67E-12
 4.10E-25 1.40E-20 2.37E-18 3.57E-16 1.69E-14 8.30E-14 2.66E-13 6.57E-13
 1.05E-12 1.72E-12 2.73E-12 3.35E-12 3.68E-12
 4.21E-25 1.43E-20 2.42E-18 3.64E-16 1.73E-14 8.46E-14 2.71E-13 6.68E-13
 1.06E-12 1.75E-12 2.76E-12 3.38E-12 3.70E-12
 4.52E-25 1.52E-20 2.56E-18 3.83E-16 1.81E-14 8.88E-14 2.84E-13 6.99E-13
 1.11E-12 1.81E-12 2.84E-12 3.45E-12 3.76E-12
 5.49E-25 1.80E-20 2.99E-18 4.43E-16 2.09E-14 1.02E-13 3.27E-13 8.00E-13
 1.26E-12 2.02E-12 3.08E-12 3.69E-12 3.98E-12
  5697.4 A   9  13 /FILMEM = JL1990C /TYPE = EXCIT    /INDM = 1/ISEL =   14
 1.00E+10 3.00E+10 1.00E+11 3.00E+11 1.00E+12 3.00E+12 1.00E+13 3.00E+13
 1.00E+14
 1.00E+00 1.50E+00 2.00E+00 3.00E+00 5.00E+00 7.00E+00 1.00E+01 1.50E+01
 2.00E+01 3.00E+01 5.00E+01 7.00E+01 1.00E+02
 1.09E-25 7.99E-21 2.09E-18 5.25E-16 4.21E-14 2.73E-13 1.11E-12 3.34E-12
 5.79E-12 9.96E-12 1.52E-11 1.75E-11 1.79E-11
 1.09E-25 7.99E-21 2.09E-18 5.25E-16 4.21E-14 2.73E-13 1.11E-12 3.34E-12
 5.79E-12 9.96E-12 1.52E-11 1.75E-11 1.79E-11
 1.09E-25 7.99E-21 2.09E-18 5.25E-16 4.21E-14 2.73E-13 1.11E-12 3.34E-12
 5.79E-12 9.96E-12 1.52E-11 1.75E-11 1.79E-11
 1.09E-25 7.99E-21 2.09E-18 5.25E-16 4.21E-14 2.73E-13 1.11E-12 3.34E-12
 5.79E-12 9.97E-12 1.52E-11 1.75E-11 1.79E-11
 1.09E-25 8.00E-21 2.09E-18 5.26E-16 4.21E-14 2.73E-13 1.11E-12 3.34E-12
 5.79E-12 9.97E-12 1.52E-11 1.75E-11 1.79E-11
 1.10E-25 8.02E-21 2.09E-18 5.27E-16 4.22E-14 2.73E-13 1.11E-12 3.35E-12
 5.79E-12 9.97E-12 1.52E-11 1.75E-11 1.79E-11
 1.11E-25 8.11E-21 2.11E-18 5.30E-16 4.24E-14 2.74E-13 1.12E-12 3.36E-12
 5.81E-12 1.00E-11 1.52E-11 1.75E-11 1.79E-11
 1.15E-25 8.34E-21 2.17E-18 5.41E-16 4.30E-14 2.78E-13 1.13E-12 3.39E-12
 5.85E-12 1.01E-11 1.53E-11 1.76E-11 1.80E-11
 1.28E-25 9.13E-21 2.34E-18 5.76E-16 4.52E-14 2.89E-13 1.17E-12 3.49E-12
 6.01E-12 1.03E-11 1.56E-11 1.79E-11 1.83E-11
  4650.1 A   9  13 /FILMEM = JL1990C /TYPE = EXCIT    /INDM = 1/ISEL =   15
 1.00E+10 3.00E+10 1.00E+11 3.00E+11 1.00E+12 3.00E+12 1.00E+13 3.00E+13
 1.00E+14
 1.00E+00 1.50E+00 2.00E+00 3.00E+00 5.00E+00 7.00E+00 1.00E+01 1.50E+01
 2.00E+01 3.00E+01 5.00E+01 7.00E+01 1.00E+02
 1.24E-22 4.22E-18 7.12E-16 1.06E-13 4.86E-12 2.27E-11 6.76E-11 1.45E-10
 2.00E-10 2.51E-10 2.53E-10 2.22E-10 1.71E-10
 1.24E-22 4.22E-18 7.12E-16 1.06E-13 4.85E-12 2.27E-11 6.76E-11 1.45E-10
 2.00E-10 2.51E-10 2.53E-10 2.22E-10 1.71E-10
 1.24E-22 4.21E-18 7.11E-16 1.06E-13 4.85E-12 2.27E-11 6.75E-11 1.45E-10
 2.00E-10 2.51E-10 2.53E-10 2.22E-10 1.71E-10
 1.24E-22 4.21E-18 7.10E-16 1.06E-13 4.84E-12 2.27E-11 6.74E-11 1.45E-10
 2.00E-10 2.51E-10 2.53E-10 2.21E-10 1.71E-10
 1.23E-22 4.18E-18 7.05E-16 1.05E-13 4.82E-12 2.26E-11 6.70E-11 1.44E-10
 1.99E-10 2.49E-10 2.52E-10 2.21E-10 1.70E-10
 1.21E-22 4.10E-18 6.93E-16 1.03E-13 4.74E-12 2.22E-11 6.60E-11 1.42E-10
 1.96E-10 2.46E-10 2.49E-10 2.18E-10 1.69E-10
 1.13E-22 3.86E-18 6.54E-16 9.78E-14 4.49E-12 2.10E-11 6.26E-11 1.35E-10
 1.86E-10 2.35E-10 2.38E-10 2.09E-10 1.62E-10
 9.73E-23 3.33E-18 5.65E-16 8.51E-14 3.92E-12 1.84E-11 5.47E-11 1.18E-10
 1.64E-10 2.07E-10 2.13E-10 1.88E-10 1.47E-10
 6.87E-23 2.35E-18 4.00E-16 6.04E-14 2.78E-12 1.30E-11 3.87E-11 8.38E-11
 1.17E-10 1.49E-10 1.56E-10 1.40E-10 1.11E-10
  9713.5 A   9  13 /FILMEM = JL1990C /TYPE = EXCIT    /INDM = 1/ISEL =   16
 1.00E+10 3.00E+10 1.00E+11 3.00E+11 1.00E+12 3.00E+12 1.00E+13 3.00E+13
 1.00E+14
 1.00E+00 1.50E+00 2.00E+00 3.00E+00 5.00E+00 7.00E+00 1.00E+01 1.50E+01
 2.00E+01 3.00E+01 5.00E+01 7.00E+01 1.00E+02
 4.23E-26 2.30E-21 5.07E-19 1.04E-16 6.56E-15 3.61E-14 1.21E-13 2.79E-13
 3.93E-13 4.92E-13 4.85E-13 4.21E-13 3.31E-13
 4.23E-26 2.30E-21 5.07E-19 1.04E-16 6.56E-15 3.61E-14 1.21E-13 2.79E-13
 3.93E-13 4.92E-13 4.85E-13 4.21E-13 3.31E-13
 4.23E-26 2.30E-21 5.07E-19 1.04E-16 6.56E-15 3.61E-14 1.21E-13 2.79E-13
 3.93E-13 4.93E-13 4.85E-13 4.21E-13 3.31E-13
 4.24E-26 2.30E-21 5.08E-19 1.04E-16 6.56E-15 3.62E-14 1.21E-13 2.80E-13
 3.93E-13 4.93E-13 4.85E-13 4.21E-13 3.31E-13
 4.26E-26 2.32E-21 5.10E-19 1.04E-16 6.58E-15 3.63E-14 1.21E-13 2.80E-13
 3.94E-13 4.94E-13 4.86E-13 4.22E-13 3.32E-13
 4.33E-26 2.35E-21 5.16E-19 1.05E-16 6.63E-15 3.65E-14 1.22E-13 2.81E-13
 3.96E-13 4.96E-13 4.88E-13 4.24E-13 3.33E-13
 4.55E-26 2.45E-21 5.35E-19 1.08E-16 6.79E-15 3.73E-14 1.24E-13 2.86E-13
 4.02E-13 5.04E-13 4.95E-13 4.29E-13 3.37E-13
 5.08E-26 2.68E-21 5.81E-19 1.16E-16 7.18E-15 3.91E-14 1.30E-13 2.98E-13
 4.18E-13 5.22E-13 5.13E-13 4.44E-13 3.47E-13
 6.34E-26 3.25E-21 6.90E-19 1.34E-16 8.08E-15 4.34E-14 1.42E-13 3.24E-13
 4.53E-13 5.64E-13 5.53E-13 4.78E-13 3.72E-13
   977.0 A   9  13 /FILMEM = JL1990C /TYPE = EXCIT    /INDM = 2/ISEL =   17
 1.00E+10 3.00E+10 1.00E+11 3.00E+11 1.00E+12 3.00E+12 1.00E+13 3.00E+13
 1.00E+14
 1.00E+00 1.50E+00 2.00E+00 3.00E+00 5.00E+00 7.00E+00 1.00E+01 1.50E+01
 2.00E+01 3.00E+01 5.00E+01 7.00E+01 1.00E+02
 5.49E-11 3.63E-10 8.96E-10 2.09E-09 3.72E-09 4.46E-09 4.79E-09 4.64E-09
 4.24E-09 3.46E-09 2.40E-09 1.78E-09 1.26E-09
 5.49E-11 3.63E-10 8.96E-10 2.09E-09 3.72E-09 4.46E-09 4.79E-09 4.64E-09
 4.24E-09 3.46E-09 2.40E-09 1.78E-09 1.26E-09
 5.49E-11 3.63E-10 8.96E-10 2.09E-09 3.72E-09 4.46E-09 4.79E-09 4.64E-09
 4.24E-09 3.46E-09 2.40E-09 1.78E-09 1.26E-09
 5.49E-11 3.63E-10 8.96E-10 2.09E-09 3.72E-09 4.46E-09 4.79E-09 4.64E-09
 4.24E-09 3.46E-09 2.40E-09 1.78E-09 1.26E-09
 5.49E-11 3.62E-10 8.96E-10 2.09E-09 3.72E-09 4.46E-09 4.79E-09 4.64E-09
 4.24E-09 3.46E-09 2.40E-09 1.78E-09 1.26E-09
 5.49E-11 3.62E-10 8.96E-10 2.09E-09 3.72E-09 4.46E-09 4.79E-09 4.64E-09
 4.24E-09 3.46E-09 2.40E-09 1.78E-09 1.26E-09
 5.49E-11 3.62E-10 8.95E-10 2.09E-09 3.72E-09 4.45E-09 4.79E-09 4.64E-09
 4.24E-09 3.46E-09 2.40E-09 1.78E-09 1.26E-09
 5.47E-11 3.61E-10 8.94E-10 2.09E-09 3.72E-09 4.45E-09 4.79E-09 4.63E-09
 4.24E-09 3.46E-09 2.40E-09 1.78E-09 1.26E-09
 5.43E-11 3.59E-10 8.89E-10 2.08E-09 3.70E-09 4.43E-09 4.77E-09 4.62E-09
 4.23E-09 3.45E-09 2.39E-09 1.78E-09 1.26E-09
   386.2 A   9  13 /FILMEM = JL1990C /TYPE = EXCIT    /INDM = 2/ISEL =   18
 1.00E+10 3.00E+10 1.00E+11 3.00E+11 1.00E+12 3.00E+12 1.00E+13 3.00E+13
 1.00E+14
 1.00E+00 1.50E+00 2.00E+00 3.00E+00 5.00E+00 7.00E+00 1.00E+01 1.50E+01
 2.00E+01 3.00E+01 5.00E+01 7.00E+01 1.00E+02
 5.50E-20 2.11E-16 1.20E-14 6.05E-13 1.16E-11 3.72E-11 8.09E-11 1.31E-10
 1.54E-10 1.60E-10 1.37E-10 1.10E-10 8.04E-11
 5.50E-20 2.11E-16 1.20E-14 6.05E-13 1.16E-11 3.72E-11 8.09E-11 1.31E-10
 1.54E-10 1.60E-10 1.37E-10 1.10E-10 8.04E-11
 5.50E-20 2.11E-16 1.20E-14 6.05E-13 1.16E-11 3.72E-11 8.09E-11 1.31E-10
 1.54E-10 1.60E-10 1.37E-10 1.10E-10 8.05E-11
 5.51E-20 2.11E-16 1.20E-14 6.06E-13 1.17E-11 3.72E-11 8.09E-11 1.31E-10
 1.54E-10 1.60E-10 1.37E-10 1.10E-10 8.05E-11
 5.53E-20 2.12E-16 1.21E-14 6.07E-13 1.17E-11 3.73E-11 8.10E-11 1.31E-10
 1.54E-10 1.61E-10 1.37E-10 1.11E-10 8.05E-11
 5.59E-20 2.14E-16 1.21E-14 6.10E-13 1.17E-11 3.74E-11 8.12E-11 1.32E-10
 1.54E-10 1.61E-10 1.37E-10 1.11E-10 8.06E-11
 5.79E-20 2.20E-16 1.24E-14 6.20E-13 1.19E-11 3.78E-11 8.19E-11 1.33E-10
 1.56E-10 1.62E-10 1.38E-10 1.11E-10 8.09E-11
 6.26E-20 2.34E-16 1.31E-14 6.46E-13 1.22E-11 3.88E-11 8.38E-11 1.35E-10
 1.59E-10 1.65E-10 1.40E-10 1.13E-10 8.19E-11
 7.35E-20 2.67E-16 1.47E-14 7.11E-13 1.32E-11 4.15E-11 8.91E-11 1.43E-10
 1.67E-10 1.73E-10 1.46E-10 1.17E-10 8.49E-11
  1175.7 A   9  13 /FILMEM = JL1990C /TYPE = EXCIT    /INDM = 2/ISEL =   19
 1.00E+10 3.00E+10 1.00E+11 3.00E+11 1.00E+12 3.00E+12 1.00E+13 3.00E+13
 1.00E+14
 1.00E+00 1.50E+00 2.00E+00 3.00E+00 5.00E+00 7.00E+00 1.00E+01 1.50E+01
 2.00E+01 3.00E+01 5.00E+01 7.00E+01 1.00E+02
 4.56E-12 1.23E-10 6.18E-10 2.99E-09 9.95E-09 1.61E-08 2.24E-08 2.82E-08
 3.11E-08 3.36E-08 3.43E-08 3.36E-08 3.24E-08
 4.56E-12 1.23E-10 6.18E-10 2.99E-09 9.95E-09 1.61E-08 2.24E-08 2.82E-08
 3.11E-08 3.36E-08 3.43E-08 3.36E-08 3.24E-08
 4.56E-12 1.23E-10 6.18E-10 2.99E-09 9.95E-09 1.61E-08 2.24E-08 2.82E-08
 3.11E-08 3.36E-08 3.43E-08 3.36E-08 3.24E-08
 4.56E-12 1.23E-10 6.18E-10 2.99E-09 9.95E-09 1.61E-08 2.24E-08 2.82E-08
 3.11E-08 3.36E-08 3.43E-08 3.36E-08 3.24E-08
 4.56E-12 1.23E-10 6.18E-10 2.99E-09 9.95E-09 1.61E-08 2.24E-08 2.82E-08
 3.11E-08 3.36E-08 3.43E-08 3.36E-08 3.24E-08
 4.56E-12 1.23E-10 6.17E-10 2.99E-09 9.94E-09 1.61E-08 2.24E-08 2.82E-08
 3.11E-08 3.36E-08 3.43E-08 3.36E-08 3.24E-08
 4.55E-12 1.23E-10 6.17E-10 2.98E-09 9.94E-09 1.61E-08 2.24E-08 2.81E-08
 3.11E-08 3.36E-08 3.43E-08 3.36E-08 3.24E-08
 4.54E-12 1.23E-10 6.16E-10 2.98E-09 9.93E-09 1.61E-08 2.24E-08 2.81E-08
 3.10E-08 3.35E-08 3.43E-08 3.36E-08 3.23E-08
 4.50E-12 1.22E-10 6.12E-10 2.97E-09 9.89E-09 1.60E-08 2.23E-08 2.80E-08
 3.09E-08 3.34E-08 3.42E-08 3.35E-08 3.23E-08
   538.2 A   9  13 /FILMEM = JL1990C /TYPE = EXCIT    /INDM = 2/ISEL =   20
 1.00E+10 3.00E+10 1.00E+11 3.00E+11 1.00E+12 3.00E+12 1.00E+13 3.00E+13
 1.00E+14
 1.00E+00 1.50E+00 2.00E+00 3.00E+00 5.00E+00 7.00E+00 1.00E+01 1.50E+01
 2.00E+01 3.00E+01 5.00E+01 7.00E+01 1.00E+02
 3.41E-18 5.94E-15 2.37E-13 8.75E-12 1.40E-10 4.28E-10 9.39E-10 1.64E-09
 2.10E-09 2.60E-09 2.93E-09 2.95E-09 2.81E-09
 3.41E-18 5.94E-15 2.37E-13 8.75E-12 1.40E-10 4.28E-10 9.39E-10 1.64E-09
 2.10E-09 2.60E-09 2.93E-09 2.95E-09 2.81E-09
 3.41E-18 5.93E-15 2.37E-13 8.74E-12 1.40E-10 4.28E-10 9.39E-10 1.64E-09
 2.10E-09 2.60E-09 2.92E-09 2.95E-09 2.81E-09
 3.41E-18 5.93E-15 2.36E-13 8.74E-12 1.39E-10 4.27E-10 9.38E-10 1.64E-09
 2.10E-09 2.60E-09 2.92E-09 2.95E-09 2.81E-09
 3.41E-18 5.93E-15 2.36E-13 8.73E-12 1.39E-10 4.26E-10 9.36E-10 1.63E-09
 2.09E-09 2.59E-09 2.92E-09 2.94E-09 2.80E-09
 3.41E-18 5.92E-15 2.36E-13 8.69E-12 1.38E-10 4.23E-10 9.29E-10 1.62E-09
 2.08E-09 2.57E-09 2.90E-09 2.92E-09 2.79E-09
 3.40E-18 5.89E-15 2.33E-13 8.57E-12 1.36E-10 4.14E-10 9.05E-10 1.58E-09
 2.02E-09 2.51E-09 2.83E-09 2.86E-09 2.73E-09
 3.38E-18 5.81E-15 2.29E-13 8.29E-12 1.29E-10 3.91E-10 8.51E-10 1.48E-09
 1.90E-09 2.36E-09 2.67E-09 2.72E-09 2.60E-09
 3.36E-18 5.68E-15 2.20E-13 7.74E-12 1.16E-10 3.46E-10 7.41E-10 1.27E-09
 1.63E-09 2.03E-09 2.32E-09 2.38E-09 2.30E-09
   459.6 A   9  13 /FILMEM = JL1990C /TYPE = EXCIT    /INDM = 2/ISEL =   21
 1.00E+10 3.00E+10 1.00E+11 3.00E+11 1.00E+12 3.00E+12 1.00E+13 3.00E+13
 1.00E+14
 1.00E+00 1.50E+00 2.00E+00 3.00E+00 5.00E+00 7.00E+00 1.00E+01 1.50E+01
 2.00E+01 3.00E+01 5.00E+01 7.00E+01 1.00E+02
 8.15E-20 5.25E-16 4.04E-14 2.96E-12 8.67E-11 3.60E-10 1.03E-09 2.31E-09
 3.44E-09 5.10E-09 6.95E-09 7.85E-09 8.42E-09
 8.16E-20 5.25E-16 4.04E-14 2.96E-12 8.67E-11 3.60E-10 1.03E-09 2.31E-09
 3.44E-09 5.10E-09 6.96E-09 7.85E-09 8.42E-09
 8.16E-20 5.26E-16 4.04E-14 2.96E-12 8.68E-11 3.60E-10 1.03E-09 2.31E-09
 3.44E-09 5.10E-09 6.96E-09 7.85E-09 8.42E-09
 8.18E-20 5.27E-16 4.05E-14 2.96E-12 8.68E-11 3.60E-10 1.03E-09 2.31E-09
 3.44E-09 5.11E-09 6.96E-09 7.86E-09 8.42E-09
 8.23E-20 5.30E-16 4.07E-14 2.98E-12 8.71E-11 3.62E-10 1.03E-09 2.31E-09
 3.44E-09 5.11E-09 6.97E-09 7.86E-09 8.43E-09
 8.39E-20 5.38E-16 4.13E-14 3.01E-12 8.80E-11 3.64E-10 1.04E-09 2.33E-09
 3.46E-09 5.13E-09 6.99E-09 7.88E-09 8.44E-09
 8.90E-20 5.65E-16 4.31E-14 3.12E-12 9.06E-11 3.74E-10 1.06E-09 2.37E-09
 3.52E-09 5.20E-09 7.05E-09 7.94E-09 8.50E-09
 1.00E-19 6.26E-16 4.73E-14 3.38E-12 9.68E-11 3.96E-10 1.12E-09 2.47E-09
 3.65E-09 5.36E-09 7.22E-09 8.10E-09 8.63E-09
 1.22E-19 7.46E-16 5.56E-14 3.91E-12 1.09E-10 4.42E-10 1.23E-09 2.68E-09
 3.92E-09 5.69E-09 7.58E-09 8.45E-09 8.95E-09
  2297.6 A   9  13 /FILMEM = JL1990C /TYPE = EXCIT    /INDM = 2/ISEL =   22
 1.00E+10 3.00E+10 1.00E+11 3.00E+11 1.00E+12 3.00E+12 1.00E+13 3.00E+13
 1.00E+14
 1.00E+00 1.50E+00 2.00E+00 3.00E+00 5.00E+00 7.00E+00 1.00E+01 1.50E+01
 2.00E+01 3.00E+01 5.00E+01 7.00E+01 1.00E+02
 1.05E-13 4.05E-12 2.41E-11 1.36E-10 4.99E-10 8.27E-10 1.13E-09 1.32E-09
 1.32E-09 1.17E-09 8.73E-10 6.74E-10 4.98E-10
 1.05E-13 4.05E-12 2.41E-11 1.36E-10 4.99E-10 8.27E-10 1.13E-09 1.32E-09
 1.32E-09 1.17E-09 8.73E-10 6.74E-10 4.98E-10
 1.05E-13 4.05E-12 2.41E-11 1.36E-10 4.99E-10 8.27E-10 1.13E-09 1.32E-09
 1.32E-09 1.17E-09 8.73E-10 6.74E-10 4.98E-10
 1.05E-13 4.05E-12 2.41E-11 1.36E-10 4.99E-10 8.27E-10 1.13E-09 1.32E-09
 1.32E-09 1.17E-09 8.73E-10 6.74E-10 4.98E-10
 1.05E-13 4.05E-12 2.41E-11 1.36E-10 4.99E-10 8.27E-10 1.13E-09 1.32E-09
 1.32E-09 1.17E-09 8.73E-10 6.74E-10 4.98E-10
 1.05E-13 4.04E-12 2.40E-11 1.35E-10 4.99E-10 8.26E-10 1.13E-09 1.32E-09
 1.32E-09 1.17E-09 8.73E-10 6.74E-10 4.98E-10
 1.04E-13 4.02E-12 2.39E-11 1.35E-10 4.97E-10 8.24E-10 1.13E-09 1.31E-09
 1.31E-09 1.17E-09 8.72E-10 6.74E-10 4.98E-10
 1.03E-13 3.97E-12 2.37E-11 1.34E-10 4.94E-10 8.18E-10 1.12E-09 1.31E-09
 1.31E-09 1.17E-09 8.70E-10 6.72E-10 4.97E-10
 9.78E-14 3.81E-12 2.28E-11 1.30E-10 4.81E-10 8.00E-10 1.10E-09 1.28E-09
 1.29E-09 1.15E-09 8.61E-10 6.66E-10 4.93E-10
  1247.4 A   9  13 /FILMEM = JL1990C /TYPE = EXCIT    /INDM = 2/ISEL =   23
 1.00E+10 3.00E+10 1.00E+11 3.00E+11 1.00E+12 3.00E+12 1.00E+13 3.00E+13
 1.00E+14
 1.00E+00 1.50E+00 2.00E+00 3.00E+00 5.00E+00 7.00E+00 1.00E+01 1.50E+01
 2.00E+01 3.00E+01 5.00E+01 7.00E+01 1.00E+02
 1.90E-16 3.28E-14 4.13E-13 4.87E-12 3.10E-11 6.26E-11 9.64E-11 1.19E-10
 1.21E-10 1.10E-10 8.26E-11 6.36E-11 4.57E-11
 1.90E-16 3.28E-14 4.13E-13 4.87E-12 3.10E-11 6.26E-11 9.64E-11 1.19E-10
 1.21E-10 1.10E-10 8.26E-11 6.36E-11 4.57E-11
 1.90E-16 3.28E-14 4.13E-13 4.87E-12 3.10E-11 6.26E-11 9.64E-11 1.19E-10
 1.22E-10 1.10E-10 8.27E-11 6.36E-11 4.57E-11
 1.90E-16 3.28E-14 4.13E-13 4.87E-12 3.10E-11 6.26E-11 9.64E-11 1.19E-10
 1.22E-10 1.10E-10 8.27E-11 6.36E-11 4.57E-11
 1.90E-16 3.29E-14 4.14E-13 4.87E-12 3.10E-11 6.27E-11 9.64E-11 1.19E-10
 1.22E-10 1.10E-10 8.27E-11 6.36E-11 4.57E-11
 1.91E-16 3.29E-14 4.14E-13 4.88E-12 3.11E-11 6.28E-11 9.66E-11 1.19E-10
 1.22E-10 1.10E-10 8.28E-11 6.37E-11 4.57E-11
 1.92E-16 3.32E-14 4.17E-13 4.91E-12 3.12E-11 6.31E-11 9.70E-11 1.20E-10
 1.22E-10 1.11E-10 8.31E-11 6.39E-11 4.59E-11
 1.97E-16 3.39E-14 4.25E-13 4.99E-12 3.17E-11 6.39E-11 9.83E-11 1.21E-10
 1.24E-10 1.12E-10 8.40E-11 6.46E-11 4.63E-11
 2.13E-16 3.62E-14 4.52E-13 5.27E-12 3.33E-11 6.68E-11 1.03E-10 1.26E-10
 1.29E-10 1.16E-10 8.71E-11 6.68E-11 4.78E-11
   690.5 A   9  13 /FILMEM = JL1990C /TYPE = EXCIT    /INDM = 2/ISEL =   24
 1.00E+10 3.00E+10 1.00E+11 3.00E+11 1.00E+12 3.00E+12 1.00E+13 3.00E+13
 1.00E+14
 1.00E+00 1.50E+00 2.00E+00 3.00E+00 5.00E+00 7.00E+00 1.00E+01 1.50E+01
 2.00E+01 3.00E+01 5.00E+01 7.00E+01 1.00E+02
 2.23E-19 5.22E-16 2.30E-14 8.83E-13 1.34E-11 3.88E-11 7.93E-11 1.25E-10
 1.46E-10 1.52E-10 1.26E-10 9.97E-11 7.15E-11
 2.23E-19 5.22E-16 2.30E-14 8.83E-13 1.34E-11 3.88E-11 7.93E-11 1.25E-10
 1.46E-10 1.52E-10 1.26E-10 9.97E-11 7.15E-11
 2.23E-19 5.22E-16 2.30E-14 8.83E-13 1.34E-11 3.88E-11 7.93E-11 1.25E-10
 1.46E-10 1.52E-10 1.26E-10 9.97E-11 7.15E-11
 2.23E-19 5.22E-16 2.30E-14 8.83E-13 1.34E-11 3.88E-11 7.93E-11 1.25E-10
 1.46E-10 1.52E-10 1.26E-10 9.97E-11 7.15E-11
 2.23E-19 5.22E-16 2.30E-14 8.82E-13 1.34E-11 3.88E-11 7.92E-11 1.25E-10
 1.46E-10 1.52E-10 1.26E-10 9.97E-11 7.14E-11
 2.23E-19 5.22E-16 2.30E-14 8.82E-13 1.34E-11 3.88E-11 7.91E-11 1.25E-10
 1.46E-10 1.51E-10 1.26E-10 9.95E-11 7.14E-11
 2.22E-19 5.20E-16 2.29E-14 8.78E-13 1.34E-11 3.86E-11 7.88E-11 1.24E-10
 1.45E-10 1.51E-10 1.25E-10 9.91E-11 7.11E-11
 2.20E-19 5.15E-16 2.27E-14 8.69E-13 1.32E-11 3.81E-11 7.77E-11 1.22E-10
 1.43E-10 1.48E-10 1.24E-10 9.80E-11 7.03E-11
 2.11E-19 4.95E-16 2.18E-14 8.34E-13 1.26E-11 3.64E-11 7.40E-11 1.16E-10
 1.36E-10 1.41E-10 1.18E-10 9.41E-11 6.78E-11
   574.3 A   9  13 /FILMEM = JL1990C /TYPE = EXCIT    /INDM = 2/ISEL =   25
 1.00E+10 3.00E+10 1.00E+11 3.00E+11 1.00E+12 3.00E+12 1.00E+13 3.00E+13
 1.00E+14
 1.00E+00 1.50E+00 2.00E+00 3.00E+00 5.00E+00 7.00E+00 1.00E+01 1.50E+01
 2.00E+01 3.00E+01 5.00E+01 7.00E+01 1.00E+02
 5.53E-21 4.47E-17 3.79E-15 2.95E-13 8.39E-12 3.22E-11 8.07E-11 1.46E-10
 1.81E-10 1.97E-10 1.70E-10 1.38E-10 1.02E-10
 5.53E-21 4.47E-17 3.79E-15 2.95E-13 8.39E-12 3.22E-11 8.07E-11 1.46E-10
 1.81E-10 1.97E-10 1.70E-10 1.38E-10 1.02E-10
 5.53E-21 4.47E-17 3.79E-15 2.95E-13 8.39E-12 3.22E-11 8.07E-11 1.46E-10
 1.81E-10 1.97E-10 1.70E-10 1.38E-10 1.02E-10
 5.53E-21 4.48E-17 3.79E-15 2.95E-13 8.39E-12 3.22E-11 8.07E-11 1.46E-10
 1.81E-10 1.97E-10 1.70E-10 1.38E-10 1.02E-10
 5.54E-21 4.48E-17 3.79E-15 2.95E-13 8.39E-12 3.22E-11 8.07E-11 1.46E-10
 1.81E-10 1.97E-10 1.70E-10 1.38E-10 1.02E-10
 5.57E-21 4.50E-17 3.81E-15 2.96E-13 8.41E-12 3.23E-11 8.08E-11 1.46E-10
 1.81E-10 1.97E-10 1.70E-10 1.38E-10 1.02E-10
 5.67E-21 4.57E-17 3.85E-15 2.99E-13 8.47E-12 3.25E-11 8.12E-11 1.47E-10
 1.82E-10 1.98E-10 1.71E-10 1.38E-10 1.02E-10
 5.92E-21 4.73E-17 3.97E-15 3.05E-13 8.61E-12 3.29E-11 8.22E-11 1.48E-10
 1.83E-10 2.00E-10 1.72E-10 1.39E-10 1.03E-10
 6.59E-21 5.15E-17 4.28E-15 3.24E-13 9.02E-12 3.42E-11 8.50E-11 1.53E-10
 1.88E-10 2.04E-10 1.76E-10 1.42E-10 1.04E-10
   818.1 A   9  13 /FILMEM = JL1990C /TYPE = EXCIT    /INDM = 2/ISEL =   26
 1.00E+10 3.00E+10 1.00E+11 3.00E+11 1.00E+12 3.00E+12 1.00E+13 3.00E+13
 1.00E+14
 1.00E+00 1.50E+00 2.00E+00 3.00E+00 5.00E+00 7.00E+00 1.00E+01 1.50E+01
 2.00E+01 3.00E+01 5.00E+01 7.00E+01 1.00E+02
 9.83E-21 3.92E-17 2.31E-15 1.24E-13 2.65E-12 9.19E-12 2.21E-11 4.12E-11
 5.44E-11 6.86E-11 7.64E-11 7.56E-11 7.11E-11
 9.83E-21 3.92E-17 2.31E-15 1.24E-13 2.65E-12 9.19E-12 2.21E-11 4.12E-11
 5.44E-11 6.86E-11 7.64E-11 7.56E-11 7.11E-11
 9.82E-21 3.92E-17 2.31E-15 1.24E-13 2.65E-12 9.18E-12 2.21E-11 4.12E-11
 5.43E-11 6.85E-11 7.63E-11 7.56E-11 7.10E-11
 9.80E-21 3.91E-17 2.31E-15 1.24E-13 2.64E-12 9.17E-12 2.20E-11 4.11E-11
 5.42E-11 6.84E-11 7.62E-11 7.55E-11 7.10E-11
 9.72E-21 3.88E-17 2.29E-15 1.23E-13 2.63E-12 9.11E-12 2.19E-11 4.09E-11
 5.39E-11 6.81E-11 7.59E-11 7.52E-11 7.07E-11
 9.51E-21 3.80E-17 2.24E-15 1.21E-13 2.58E-12 8.96E-12 2.15E-11 4.02E-11
 5.31E-11 6.71E-11 7.49E-11 7.43E-11 6.99E-11
 8.83E-21 3.55E-17 2.10E-15 1.13E-13 2.43E-12 8.45E-12 2.04E-11 3.81E-11
 5.04E-11 6.39E-11 7.16E-11 7.12E-11 6.73E-11
 7.36E-21 2.98E-17 1.78E-15 9.70E-14 2.09E-12 7.29E-12 1.76E-11 3.31E-11
 4.41E-11 5.62E-11 6.37E-11 6.39E-11 6.08E-11
 4.74E-21 1.94E-17 1.17E-15 6.49E-14 1.42E-12 4.95E-12 1.20E-11 2.29E-11
 3.07E-11 3.98E-11 4.61E-11 4.70E-11 4.57E-11
   884.5 A   9  13 /FILMEM = JL1990C /TYPE = EXCIT    /INDM = 2/ISEL =   27
 1.00E+10 3.00E+10 1.00E+11 3.00E+11 1.00E+12 3.00E+12 1.00E+13 3.00E+13
 1.00E+14
 1.00E+00 1.50E+00 2.00E+00 3.00E+00 5.00E+00 7.00E+00 1.00E+01 1.50E+01
 2.00E+01 3.00E+01 5.00E+01 7.00E+01 1.00E+02
 6.56E-21 2.52E-17 1.43E-15 7.22E-14 1.39E-12 4.44E-12 9.65E-12 1.57E-11
 1.84E-11 1.91E-11 1.63E-11 1.32E-11 9.60E-12
 6.56E-21 2.52E-17 1.43E-15 7.22E-14 1.39E-12 4.44E-12 9.65E-12 1.57E-11
 1.84E-11 1.91E-11 1.63E-11 1.32E-11 9.60E-12
 6.57E-21 2.52E-17 1.43E-15 7.22E-14 1.39E-12 4.44E-12 9.65E-12 1.57E-11
 1.84E-11 1.91E-11 1.63E-11 1.32E-11 9.60E-12
 6.57E-21 2.52E-17 1.44E-15 7.23E-14 1.39E-12 4.44E-12 9.66E-12 1.57E-11
 1.84E-11 1.92E-11 1.63E-11 1.32E-11 9.60E-12
 6.60E-21 2.53E-17 1.44E-15 7.24E-14 1.39E-12 4.45E-12 9.66E-12 1.57E-11
 1.84E-11 1.92E-11 1.63E-11 1.32E-11 9.61E-12
 6.67E-21 2.55E-17 1.45E-15 7.28E-14 1.40E-12 4.46E-12 9.69E-12 1.57E-11
 1.84E-11 1.92E-11 1.63E-11 1.32E-11 9.62E-12
 6.91E-21 2.62E-17 1.48E-15 7.40E-14 1.41E-12 4.51E-12 9.78E-12 1.58E-11
 1.86E-11 1.93E-11 1.64E-11 1.33E-11 9.66E-12
 7.47E-21 2.79E-17 1.56E-15 7.71E-14 1.46E-12 4.63E-12 1.00E-11 1.62E-11
 1.89E-11 1.97E-11 1.67E-11 1.34E-11 9.77E-12
 8.77E-21 3.19E-17 1.75E-15 8.49E-14 1.57E-12 4.95E-12 1.06E-11 1.71E-11
 1.99E-11 2.07E-11 1.74E-11 1.40E-11 1.01E-11
  1308.7 A   9  13 /FILMEM = JL1990C /TYPE = EXCIT    /INDM = 2/ISEL =   28
 1.00E+10 3.00E+10 1.00E+11 3.00E+11 1.00E+12 3.00E+12 1.00E+13 3.00E+13
 1.00E+14
 1.00E+00 1.50E+00 2.00E+00 3.00E+00 5.00E+00 7.00E+00 1.00E+01 1.50E+01
 2.00E+01 3.00E+01 5.00E+01 7.00E+01 1.00E+02
 3.18E-22 1.22E-18 6.94E-17 3.50E-15 6.73E-14 2.15E-13 4.67E-13 7.58E-13
 8.90E-13 9.27E-13 7.89E-13 6.38E-13 4.65E-13
 3.18E-22 1.22E-18 6.94E-17 3.50E-15 6.73E-14 2.15E-13 4.67E-13 7.58E-13
 8.90E-13 9.27E-13 7.89E-13 6.38E-13 4.65E-13
 3.18E-22 1.22E-18 6.95E-17 3.50E-15 6.73E-14 2.15E-13 4.67E-13 7.59E-13
 8.90E-13 9.27E-13 7.89E-13 6.38E-13 4.65E-13
 3.18E-22 1.22E-18 6.95E-17 3.50E-15 6.73E-14 2.15E-13 4.67E-13 7.59E-13
 8.90E-13 9.27E-13 7.89E-13 6.38E-13 4.65E-13
 3.20E-22 1.23E-18 6.97E-17 3.51E-15 6.74E-14 2.15E-13 4.68E-13 7.59E-13
 8.91E-13 9.28E-13 7.89E-13 6.39E-13 4.65E-13
 3.23E-22 1.24E-18 7.02E-17 3.52E-15 6.77E-14 2.16E-13 4.69E-13 7.61E-13
 8.92E-13 9.30E-13 7.91E-13 6.40E-13 4.66E-13
 3.34E-22 1.27E-18 7.17E-17 3.58E-15 6.85E-14 2.18E-13 4.73E-13 7.67E-13
 8.99E-13 9.36E-13 7.95E-13 6.43E-13 4.68E-13
 3.62E-22 1.35E-18 7.56E-17 3.73E-15 7.06E-14 2.24E-13 4.84E-13 7.83E-13
 9.16E-13 9.52E-13 8.07E-13 6.51E-13 4.73E-13
 4.25E-22 1.54E-18 8.49E-17 4.11E-15 7.62E-14 2.40E-13 5.15E-13 8.27E-13
 9.66E-13 1.00E-12 8.43E-13 6.77E-13 4.90E-13
  8502.7 A   9  13 /FILMEM = JL1990C /TYPE = EXCIT    /INDM = 2/ISEL =   29
 1.00E+10 3.00E+10 1.00E+11 3.00E+11 1.00E+12 3.00E+12 1.00E+13 3.00E+13
 1.00E+14
 1.00E+00 1.50E+00 2.00E+00 3.00E+00 5.00E+00 7.00E+00 1.00E+01 1.50E+01
 2.00E+01 3.00E+01 5.00E+01 7.00E+01 1.00E+02
 1.69E-22 6.48E-19 3.69E-17 1.86E-15 3.57E-14 1.14E-13 2.48E-13 4.03E-13
 4.72E-13 4.92E-13 4.19E-13 3.39E-13 2.47E-13
 1.69E-22 6.48E-19 3.69E-17 1.86E-15 3.57E-14 1.14E-13 2.48E-13 4.03E-13
 4.72E-13 4.92E-13 4.19E-13 3.39E-13 2.47E-13
 1.69E-22 6.48E-19 3.69E-17 1.86E-15 3.57E-14 1.14E-13 2.48E-13 4.03E-13
 4.72E-13 4.92E-13 4.19E-13 3.39E-13 2.47E-13
 1.69E-22 6.48E-19 3.69E-17 1.86E-15 3.57E-14 1.14E-13 2.48E-13 4.03E-13
 4.72E-13 4.92E-13 4.19E-13 3.39E-13 2.47E-13
 1.70E-22 6.50E-19 3.70E-17 1.86E-15 3.58E-14 1.14E-13 2.48E-13 4.03E-13
 4.73E-13 4.92E-13 4.19E-13 3.39E-13 2.47E-13
 1.71E-22 6.56E-19 3.72E-17 1.87E-15 3.59E-14 1.15E-13 2.49E-13 4.04E-13
 4.74E-13 4.93E-13 4.20E-13 3.39E-13 2.47E-13
 1.78E-22 6.74E-19 3.81E-17 1.90E-15 3.64E-14 1.16E-13 2.51E-13 4.07E-13
 4.77E-13 4.97E-13 4.22E-13 3.41E-13 2.48E-13
 1.92E-22 7.17E-19 4.01E-17 1.98E-15 3.75E-14 1.19E-13 2.57E-13 4.15E-13
 4.86E-13 5.05E-13 4.28E-13 3.46E-13 2.51E-13
 2.25E-22 8.19E-19 4.51E-17 2.18E-15 4.05E-14 1.27E-13 2.73E-13 4.39E-13
 5.13E-13 5.31E-13 4.47E-13 3.60E-13 2.60E-13
  5697.4 A   9  13 /FILMEM = JL1990C /TYPE = EXCIT    /INDM = 2/ISEL =   30
 1.00E+10 3.00E+10 1.00E+11 3.00E+11 1.00E+12 3.00E+12 1.00E+13 3.00E+13
 1.00E+14
 1.00E+00 1.50E+00 2.00E+00 3.00E+00 5.00E+00 7.00E+00 1.00E+01 1.50E+01
 2.00E+01 3.00E+01 5.00E+01 7.00E+01 1.00E+02
 3.54E-23 2.87E-19 2.43E-17 1.89E-15 5.37E-14 2.06E-13 5.17E-13 9.36E-13
 1.16E-12 1.26E-12 1.09E-12 8.81E-13 6.52E-13
 3.54E-23 2.87E-19 2.43E-17 1.89E-15 5.37E-14 2.06E-13 5.17E-13 9.36E-13
 1.16E-12 1.26E-12 1.09E-12 8.81E-13 6.52E-13
 3.54E-23 2.87E-19 2.43E-17 1.89E-15 5.37E-14 2.06E-13 5.17E-13 9.36E-13
 1.16E-12 1.26E-12 1.09E-12 8.81E-13 6.52E-13
 3.55E-23 2.87E-19 2.43E-17 1.89E-15 5.37E-14 2.06E-13 5.17E-13 9.36E-13
 1.16E-12 1.26E-12 1.09E-12 8.81E-13 6.52E-13
 3.55E-23 2.87E-19 2.43E-17 1.89E-15 5.38E-14 2.06E-13 5.17E-13 9.37E-13
 1.16E-12 1.26E-12 1.09E-12 8.82E-13 6.52E-13
 3.57E-23 2.88E-19 2.44E-17 1.90E-15 5.39E-14 2.07E-13 5.18E-13 9.38E-13
 1.16E-12 1.27E-12 1.09E-12 8.82E-13 6.52E-13
 3.64E-23 2.93E-19 2.47E-17 1.91E-15 5.43E-14 2.08E-13 5.20E-13 9.41E-13
 1.16E-12 1.27E-12 1.09E-12 8.84E-13 6.54E-13
 3.80E-23 3.03E-19 2.54E-17 1.96E-15 5.52E-14 2.11E-13 5.27E-13 9.51E-13
 1.17E-12 1.28E-12 1.10E-12 8.90E-13 6.57E-13
 4.22E-23 3.30E-19 2.74E-17 2.08E-15 5.78E-14 2.19E-13 5.44E-13 9.79E-13
 1.21E-12 1.31E-12 1.12E-12 9.07E-13 6.69E-13
  4650.1 A   9  13 /FILMEM = JL1990C /TYPE = EXCIT    /INDM = 2/ISEL =   31
 1.00E+10 3.00E+10 1.00E+11 3.00E+11 1.00E+12 3.00E+12 1.00E+13 3.00E+13
 1.00E+14
 1.00E+00 1.50E+00 2.00E+00 3.00E+00 5.00E+00 7.00E+00 1.00E+01 1.50E+01
 2.00E+01 3.00E+01 5.00E+01 7.00E+01 1.00E+02
 2.74E-19 1.09E-15 6.44E-14 3.46E-12 7.38E-11 2.56E-10 6.15E-10 1.15E-09
 1.51E-09 1.91E-09 2.13E-09 2.11E-09 1.98E-09
 2.74E-19 1.09E-15 6.44E-14 3.46E-12 7.38E-11 2.56E-10 6.15E-10 1.15E-09
 1.51E-09 1.91E-09 2.13E-09 2.11E-09 1.98E-09
 2.74E-19 1.09E-15 6.43E-14 3.45E-12 7.37E-11 2.56E-10 6.15E-10 1.15E-09
 1.51E-09 1.91E-09 2.13E-09 2.11E-09 1.98E-09
 2.73E-19 1.09E-15 6.42E-14 3.45E-12 7.36E-11 2.55E-10 6.14E-10 1.14E-09
 1.51E-09 1.91E-09 2.12E-09 2.10E-09 1.98E-09
 2.71E-19 1.08E-15 6.38E-14 3.43E-12 7.31E-11 2.54E-10 6.10E-10 1.14E-09
 1.50E-09 1.90E-09 2.11E-09 2.09E-09 1.97E-09
 2.65E-19 1.06E-15 6.25E-14 3.36E-12 7.19E-11 2.49E-10 6.00E-10 1.12E-09
 1.48E-09 1.87E-09 2.09E-09 2.07E-09 1.95E-09
 2.46E-19 9.88E-16 5.85E-14 3.16E-12 6.78E-11 2.35E-10 5.67E-10 1.06E-09
 1.40E-09 1.78E-09 1.99E-09 1.98E-09 1.87E-09
 2.05E-19 8.31E-16 4.95E-14 2.70E-12 5.83E-11 2.03E-10 4.91E-10 9.23E-10
 1.23E-09 1.57E-09 1.77E-09 1.78E-09 1.69E-09
 1.32E-19 5.41E-16 3.26E-14 1.81E-12 3.94E-11 1.38E-10 3.35E-10 6.37E-10
 8.55E-10 1.11E-09 1.28E-09 1.31E-09 1.27E-09
  9713.5 A   9  13 /FILMEM = JL1990C /TYPE = EXCIT    /INDM = 2/ISEL =   32
 1.00E+10 3.00E+10 1.00E+11 3.00E+11 1.00E+12 3.00E+12 1.00E+13 3.00E+13
 1.00E+14
 1.00E+00 1.50E+00 2.00E+00 3.00E+00 5.00E+00 7.00E+00 1.00E+01 1.50E+01
 2.00E+01 3.00E+01 5.00E+01 7.00E+01 1.00E+02
 6.79E-23 4.38E-19 3.37E-17 2.46E-15 7.22E-14 3.00E-13 8.59E-13 1.92E-12
 2.86E-12 4.25E-12 5.79E-12 6.54E-12 7.01E-12
 6.79E-23 4.38E-19 3.37E-17 2.46E-15 7.22E-14 3.00E-13 8.59E-13 1.92E-12
 2.86E-12 4.25E-12 5.79E-12 6.54E-12 7.01E-12
 6.80E-23 4.38E-19 3.37E-17 2.47E-15 7.23E-14 3.00E-13 8.59E-13 1.92E-12
 2.86E-12 4.25E-12 5.79E-12 6.54E-12 7.01E-12
 6.81E-23 4.39E-19 3.37E-17 2.47E-15 7.23E-14 3.00E-13 8.59E-13 1.92E-12
 2.86E-12 4.25E-12 5.80E-12 6.54E-12 7.02E-12
 6.86E-23 4.41E-19 3.39E-17 2.48E-15 7.26E-14 3.01E-13 8.62E-13 1.93E-12
 2.87E-12 4.26E-12 5.80E-12 6.55E-12 7.02E-12
 6.99E-23 4.48E-19 3.44E-17 2.51E-15 7.33E-14 3.04E-13 8.68E-13 1.94E-12
 2.88E-12 4.28E-12 5.82E-12 6.57E-12 7.03E-12
 7.41E-23 4.71E-19 3.59E-17 2.60E-15 7.55E-14 3.12E-13 8.87E-13 1.97E-12
 2.93E-12 4.33E-12 5.88E-12 6.62E-12 7.08E-12
 8.35E-23 5.22E-19 3.94E-17 2.82E-15 8.06E-14 3.30E-13 9.32E-13 2.06E-12
 3.04E-12 4.46E-12 6.01E-12 6.74E-12 7.19E-12
 1.02E-22 6.21E-19 4.63E-17 3.25E-15 9.12E-14 3.68E-13 1.03E-12 2.23E-12
 3.27E-12 4.74E-12 6.31E-12 7.04E-12 7.45E-12
   977.0 A   9  13 /FILMEM = JL1990C /TYPE = CHEXC    /INDM =+1/ISEL =   33
 1.00E+10 3.00E+10 1.00E+11 3.00E+11 1.00E+12 3.00E+12 1.00E+13 3.00E+13
 1.00E+14
 1.00E+00 1.50E+00 2.00E+00 3.00E+00 5.00E+00 7.00E+00 1.00E+01 1.50E+01
 2.00E+01 3.00E+01 5.00E+01 7.00E+01 1.00E+02
 3.45E-10 4.64E-10 5.75E-10 7.80E-10 1.13E-09 1.41E-09 1.72E-09 2.08E-09
 2.34E-09 2.73E-09 3.26E-09 3.69E-09 4.30E-09
 3.45E-10 4.64E-10 5.75E-10 7.80E-10 1.13E-09 1.41E-09 1.72E-09 2.08E-09
 2.34E-09 2.73E-09 3.26E-09 3.69E-09 4.30E-09
 3.45E-10 4.64E-10 5.75E-10 7.80E-10 1.13E-09 1.41E-09 1.72E-09 2.08E-09
 2.34E-09 2.73E-09 3.26E-09 3.69E-09 4.30E-09
 3.45E-10 4.64E-10 5.75E-10 7.80E-10 1.13E-09 1.41E-09 1.72E-09 2.08E-09
 2.34E-09 2.73E-09 3.26E-09 3.69E-09 4.30E-09
 3.45E-10 4.64E-10 5.75E-10 7.80E-10 1.13E-09 1.41E-09 1.72E-09 2.08E-09
 2.34E-09 2.73E-09 3.26E-09 3.69E-09 4.30E-09
 3.45E-10 4.64E-10 5.75E-10 7.80E-10 1.13E-09 1.41E-09 1.72E-09 2.08E-09
 2.34E-09 2.73E-09 3.26E-09 3.69E-09 4.30E-09
 3.45E-10 4.65E-10 5.75E-10 7.79E-10 1.13E-09 1.41E-09 1.72E-09 2.08E-09
 2.34E-09 2.73E-09 3.26E-09 3.69E-09 4.30E-09
 3.46E-10 4.65E-10 5.76E-10 7.79E-10 1.13E-09 1.41E-09 1.72E-09 2.08E-09
 2.34E-09 2.73E-09 3.26E-09 3.68E-09 4.29E-09
 3.48E-10 4.66E-10 5.76E-10 7.78E-10 1.13E-09 1.41E-09 1.72E-09 2.07E-09
 2.33E-09 2.72E-09 3.25E-09 3.68E-09 4.29E-09
   386.2 A   9  13 /FILMEM = JL1990C /TYPE = CHEXC    /INDM =+1/ISEL =   34
 1.00E+10 3.00E+10 1.00E+11 3.00E+11 1.00E+12 3.00E+12 1.00E+13 3.00E+13
 1.00E+14
 1.00E+00 1.50E+00 2.00E+00 3.00E+00 5.00E+00 7.00E+00 1.00E+01 1.50E+01
 2.00E+01 3.00E+01 5.00E+01 7.00E+01 1.00E+02
 5.92E-17 8.21E-17 9.21E-17 9.45E-17 8.70E-17 8.12E-17 7.61E-17 7.32E-17
 7.37E-17 7.87E-17 9.33E-17 1.06E-16 1.17E-16
 1.78E-16 2.46E-16 2.76E-16 2.83E-16 2.61E-16 2.44E-16 2.28E-16 2.19E-16
 2.21E-16 2.36E-16 2.80E-16 3.18E-16 3.52E-16
 5.92E-16 8.22E-16 9.21E-16 9.45E-16 8.70E-16 8.12E-16 7.61E-16 7.32E-16
 7.37E-16 7.87E-16 9.33E-16 1.06E-15 1.17E-15
 1.78E-15 2.47E-15 2.77E-15 2.84E-15 2.61E-15 2.44E-15 2.28E-15 2.20E-15
 2.21E-15 2.36E-15 2.80E-15 3.18E-15 3.52E-15
 5.95E-15 8.28E-15 9.28E-15 9.51E-15 8.73E-15 8.14E-15 7.62E-15 7.32E-15
 7.37E-15 7.87E-15 9.32E-15 1.06E-14 1.17E-14
 1.81E-14 2.52E-14 2.83E-14 2.89E-14 2.64E-14 2.45E-14 2.29E-14 2.20E-14
 2.21E-14 2.36E-14 2.80E-14 3.18E-14 3.52E-14
 6.23E-14 8.85E-14 9.91E-14 1.00E-13 9.01E-14 8.31E-14 7.72E-14 7.37E-14
 7.40E-14 7.88E-14 9.30E-14 1.06E-13 1.17E-13
 2.01E-13 2.95E-13 3.30E-13 3.27E-13 2.86E-13 2.59E-13 2.37E-13 2.24E-13
 2.24E-13 2.37E-13 2.78E-13 3.16E-13 3.49E-13
 7.67E-13 1.18E-12 1.32E-12 1.28E-12 1.06E-12 9.35E-13 8.37E-13 7.77E-13
 7.68E-13 8.01E-13 9.28E-13 1.05E-12 1.16E-12
  1175.7 A   9  13 /FILMEM = JL1990C /TYPE = CHEXC    /INDM =+1/ISEL =   35
 1.00E+10 3.00E+10 1.00E+11 3.00E+11 1.00E+12 3.00E+12 1.00E+13 3.00E+13
 1.00E+14
 1.00E+00 1.50E+00 2.00E+00 3.00E+00 5.00E+00 7.00E+00 1.00E+01 1.50E+01
 2.00E+01 3.00E+01 5.00E+01 7.00E+01 1.00E+02
 1.31E-13 2.07E-13 2.86E-13 4.47E-13 7.56E-13 1.02E-12 1.32E-12 1.70E-12
 2.06E-12 2.85E-12 4.81E-12 7.08E-12 1.03E-11
 1.32E-13 2.08E-13 2.87E-13 4.47E-13 7.57E-13 1.02E-12 1.32E-12 1.70E-12
 2.06E-12 2.85E-12 4.81E-12 7.08E-12 1.03E-11
 1.33E-13 2.09E-13 2.88E-13 4.49E-13 7.58E-13 1.02E-12 1.33E-12 1.70E-12
 2.06E-12 2.85E-12 4.81E-12 7.08E-12 1.03E-11
 1.37E-13 2.13E-13 2.92E-13 4.53E-13 7.62E-13 1.03E-12 1.33E-12 1.71E-12
 2.07E-12 2.85E-12 4.81E-12 7.08E-12 1.03E-11
 1.50E-13 2.27E-13 3.07E-13 4.67E-13 7.75E-13 1.04E-12 1.34E-12 1.72E-12
 2.07E-12 2.85E-12 4.81E-12 7.07E-12 1.03E-11
 1.88E-13 2.67E-13 3.48E-13 5.08E-13 8.13E-13 1.08E-12 1.37E-12 1.74E-12
 2.10E-12 2.87E-12 4.80E-12 7.04E-12 1.02E-11
 3.20E-13 4.06E-13 4.90E-13 6.48E-13 9.45E-13 1.20E-12 1.48E-12 1.84E-12
 2.18E-12 2.91E-12 4.78E-12 6.95E-12 1.01E-11
 7.03E-13 8.04E-13 8.92E-13 1.04E-12 1.31E-12 1.54E-12 1.80E-12 2.11E-12
 2.40E-12 3.07E-12 4.77E-12 6.76E-12 9.62E-12
 2.08E-12 2.21E-12 2.29E-12 2.37E-12 2.53E-12 2.70E-12 2.87E-12 3.06E-12
 3.25E-12 3.72E-12 5.01E-12 6.55E-12 8.81E-12
   538.2 A   9  13 /FILMEM = JL1990C /TYPE = CHEXC    /INDM =+1/ISEL =   36
 1.00E+10 3.00E+10 1.00E+11 3.00E+11 1.00E+12 3.00E+12 1.00E+13 3.00E+13
 1.00E+14
 1.00E+00 1.50E+00 2.00E+00 3.00E+00 5.00E+00 7.00E+00 1.00E+01 1.50E+01
 2.00E+01 3.00E+01 5.00E+01 7.00E+01 1.00E+02
 2.91E-09 3.08E-09 3.17E-09 3.25E-09 3.31E-09 3.36E-09 3.42E-09 3.54E-09
 3.66E-09 3.96E-09 4.66E-09 5.38E-09 6.37E-09
 2.91E-09 3.08E-09 3.17E-09 3.25E-09 3.31E-09 3.36E-09 3.42E-09 3.54E-09
 3.66E-09 3.96E-09 4.66E-09 5.38E-09 6.37E-09
 2.91E-09 3.08E-09 3.17E-09 3.25E-09 3.31E-09 3.36E-09 3.42E-09 3.54E-09
 3.66E-09 3.96E-09 4.66E-09 5.38E-09 6.37E-09
 2.91E-09 3.08E-09 3.17E-09 3.25E-09 3.31E-09 3.36E-09 3.42E-09 3.54E-09
 3.66E-09 3.96E-09 4.66E-09 5.38E-09 6.37E-09
 2.91E-09 3.08E-09 3.17E-09 3.25E-09 3.31E-09 3.36E-09 3.42E-09 3.54E-09
 3.66E-09 3.96E-09 4.66E-09 5.38E-09 6.37E-09
 2.91E-09 3.08E-09 3.17E-09 3.25E-09 3.31E-09 3.35E-09 3.42E-09 3.53E-09
 3.66E-09 3.96E-09 4.65E-09 5.38E-09 6.37E-09
 2.91E-09 3.08E-09 3.17E-09 3.25E-09 3.31E-09 3.35E-09 3.42E-09 3.53E-09
 3.66E-09 3.95E-09 4.65E-09 5.37E-09 6.36E-09
 2.91E-09 3.08E-09 3.17E-09 3.25E-09 3.31E-09 3.35E-09 3.41E-09 3.52E-09
 3.65E-09 3.94E-09 4.64E-09 5.35E-09 6.34E-09
 2.89E-09 3.06E-09 3.15E-09 3.23E-09 3.29E-09 3.32E-09 3.38E-09 3.50E-09
 3.62E-09 3.91E-09 4.60E-09 5.30E-09 6.27E-09
   459.6 A   9  13 /FILMEM = JL1990C /TYPE = CHEXC    /INDM =+1/ISEL =   37
 1.00E+10 3.00E+10 1.00E+11 3.00E+11 1.00E+12 3.00E+12 1.00E+13 3.00E+13
 1.00E+14
 1.00E+00 1.50E+00 2.00E+00 3.00E+00 5.00E+00 7.00E+00 1.00E+01 1.50E+01
 2.00E+01 3.00E+01 5.00E+01 7.00E+01 1.00E+02
 1.44E-16 3.47E-16 5.67E-16 9.85E-16 1.69E-15 2.24E-15 2.80E-15 3.39E-15
 3.88E-15 4.88E-15 7.23E-15 9.73E-15 1.28E-14
 4.32E-16 1.04E-15 1.70E-15 2.96E-15 5.07E-15 6.72E-15 8.40E-15 1.02E-14
 1.16E-14 1.46E-14 2.17E-14 2.92E-14 3.85E-14
 1.44E-15 3.47E-15 5.68E-15 9.86E-15 1.69E-14 2.24E-14 2.80E-14 3.39E-14
 3.88E-14 4.88E-14 7.23E-14 9.73E-14 1.28E-13
 4.33E-15 1.04E-14 1.71E-14 2.96E-14 5.08E-14 6.73E-14 8.41E-14 1.02E-13
 1.16E-13 1.46E-13 2.17E-13 2.92E-13 3.85E-13
 1.45E-14 3.51E-14 5.74E-14 9.94E-14 1.70E-13 2.25E-13 2.81E-13 3.39E-13
 3.88E-13 4.87E-13 7.21E-13 9.70E-13 1.28E-12
 4.41E-14 1.08E-13 1.76E-13 3.03E-13 5.15E-13 6.79E-13 8.44E-13 1.02E-12
 1.16E-12 1.46E-12 2.15E-12 2.89E-12 3.81E-12
 1.53E-13 3.84E-13 6.29E-13 1.07E-12 1.77E-12 2.31E-12 2.85E-12 3.41E-12
 3.87E-12 4.82E-12 7.05E-12 9.42E-12 1.24E-11
 5.01E-13 1.32E-12 2.16E-12 3.59E-12 5.69E-12 7.23E-12 8.74E-12 1.03E-11
 1.16E-11 1.41E-11 2.02E-11 2.67E-11 3.50E-11
 1.90E-12 5.40E-12 8.91E-12 1.44E-11 2.14E-11 2.61E-11 3.04E-11 3.48E-11
 3.81E-11 4.47E-11 6.03E-11 7.73E-11 9.93E-11
  2297.6 A   9  13 /FILMEM = JL1990C /TYPE = CHEXC    /INDM =+1/ISEL =   38
 1.00E+10 3.00E+10 1.00E+11 3.00E+11 1.00E+12 3.00E+12 1.00E+13 3.00E+13
 1.00E+14
 1.00E+00 1.50E+00 2.00E+00 3.00E+00 5.00E+00 7.00E+00 1.00E+01 1.50E+01
 2.00E+01 3.00E+01 5.00E+01 7.00E+01 1.00E+02
 1.35E-14 1.51E-14 2.03E-14 4.42E-14 2.23E-13 7.91E-13 2.60E-12 8.10E-12
 1.73E-11 4.69E-11 1.33E-10 2.21E-10 3.26E-10
 1.41E-14 1.57E-14 2.09E-14 4.49E-14 2.24E-13 7.92E-13 2.60E-12 8.10E-12
 1.73E-11 4.69E-11 1.33E-10 2.21E-10 3.26E-10
 1.65E-14 1.78E-14 2.29E-14 4.74E-14 2.28E-13 7.97E-13 2.60E-12 8.11E-12
 1.73E-11 4.69E-11 1.33E-10 2.21E-10 3.26E-10
 2.32E-14 2.37E-14 2.88E-14 5.45E-14 2.39E-13 8.12E-13 2.62E-12 8.13E-12
 1.73E-11 4.69E-11 1.33E-10 2.21E-10 3.26E-10
 4.67E-14 4.43E-14 4.95E-14 7.94E-14 2.77E-13 8.61E-13 2.68E-12 8.20E-12
 1.74E-11 4.70E-11 1.33E-10 2.21E-10 3.26E-10
 1.14E-13 1.03E-13 1.08E-13 1.50E-13 3.85E-13 1.00E-12 2.86E-12 8.41E-12
 1.76E-11 4.72E-11 1.33E-10 2.21E-10 3.26E-10
 3.45E-13 3.08E-13 3.14E-13 3.98E-13 7.62E-13 1.50E-12 3.48E-12 9.15E-12
 1.84E-11 4.80E-11 1.34E-10 2.22E-10 3.27E-10
 9.83E-13 8.83E-13 8.95E-13 1.10E-12 1.82E-12 2.89E-12 5.22E-12 1.12E-11
 2.07E-11 5.04E-11 1.36E-10 2.24E-10 3.28E-10
 2.96E-12 2.73E-12 2.79E-12 3.39E-12 5.30E-12 7.46E-12 1.10E-11 1.81E-11
 2.82E-11 5.82E-11 1.43E-10 2.30E-10 3.34E-10
  1247.4 A   9  13 /FILMEM = JL1990C /TYPE = CHEXC    /INDM =+1/ISEL =   39
 1.00E+10 3.00E+10 1.00E+11 3.00E+11 1.00E+12 3.00E+12 1.00E+13 3.00E+13
 1.00E+14
 1.00E+00 1.50E+00 2.00E+00 3.00E+00 5.00E+00 7.00E+00 1.00E+01 1.50E+01
 2.00E+01 3.00E+01 5.00E+01 7.00E+01 1.00E+02
 3.45E-10 4.64E-10 5.75E-10 7.80E-10 1.13E-09 1.41E-09 1.72E-09 2.07E-09
 2.32E-09 2.69E-09 3.13E-09 3.47E-09 3.97E-09
 3.45E-10 4.64E-10 5.75E-10 7.80E-10 1.13E-09 1.41E-09 1.72E-09 2.07E-09
 2.32E-09 2.69E-09 3.13E-09 3.47E-09 3.97E-09
 3.45E-10 4.64E-10 5.75E-10 7.80E-10 1.13E-09 1.41E-09 1.72E-09 2.07E-09
 2.32E-09 2.69E-09 3.13E-09 3.47E-09 3.97E-09
 3.45E-10 4.64E-10 5.75E-10 7.80E-10 1.13E-09 1.41E-09 1.72E-09 2.07E-09
 2.32E-09 2.69E-09 3.13E-09 3.47E-09 3.97E-09
 3.45E-10 4.64E-10 5.75E-10 7.80E-10 1.13E-09 1.41E-09 1.72E-09 2.07E-09
 2.32E-09 2.69E-09 3.13E-09 3.46E-09 3.97E-09
 3.45E-10 4.64E-10 5.75E-10 7.79E-10 1.13E-09 1.41E-09 1.72E-09 2.07E-09
 2.32E-09 2.69E-09 3.13E-09 3.46E-09 3.97E-09
 3.45E-10 4.64E-10 5.75E-10 7.79E-10 1.13E-09 1.41E-09 1.72E-09 2.07E-09
 2.32E-09 2.68E-09 3.13E-09 3.46E-09 3.97E-09
 3.44E-10 4.63E-10 5.74E-10 7.78E-10 1.13E-09 1.41E-09 1.72E-09 2.07E-09
 2.32E-09 2.68E-09 3.13E-09 3.46E-09 3.97E-09
 3.42E-10 4.60E-10 5.71E-10 7.74E-10 1.12E-09 1.40E-09 1.71E-09 2.06E-09
 2.32E-09 2.68E-09 3.12E-09 3.46E-09 3.97E-09
   690.5 A   9  13 /FILMEM = JL1990C /TYPE = CHEXC    /INDM =+1/ISEL =   40
 1.00E+10 3.00E+10 1.00E+11 3.00E+11 1.00E+12 3.00E+12 1.00E+13 3.00E+13
 1.00E+14
 1.00E+00 1.50E+00 2.00E+00 3.00E+00 5.00E+00 7.00E+00 1.00E+01 1.50E+01
 2.00E+01 3.00E+01 5.00E+01 7.00E+01 1.00E+02
 2.05E-16 2.18E-16 2.04E-16 1.66E-16 1.17E-16 9.30E-17 7.40E-17 5.86E-17
 5.07E-17 4.30E-17 3.84E-17 3.73E-17 3.65E-17
 6.16E-16 6.54E-16 6.11E-16 4.97E-16 3.52E-16 2.79E-16 2.22E-16 1.76E-16
 1.52E-16 1.29E-16 1.15E-16 1.12E-16 1.09E-16
 2.05E-15 2.18E-15 2.04E-15 1.66E-15 1.17E-15 9.30E-16 7.40E-16 5.86E-16
 5.07E-16 4.30E-16 3.84E-16 3.73E-16 3.65E-16
 6.15E-15 6.54E-15 6.11E-15 4.97E-15 3.51E-15 2.79E-15 2.22E-15 1.76E-15
 1.52E-15 1.29E-15 1.15E-15 1.12E-15 1.09E-15
 2.05E-14 2.18E-14 2.04E-14 1.66E-14 1.17E-14 9.30E-15 7.40E-15 5.86E-15
 5.06E-15 4.30E-15 3.83E-15 3.73E-15 3.64E-15
 6.14E-14 6.53E-14 6.10E-14 4.97E-14 3.51E-14 2.79E-14 2.22E-14 1.75E-14
 1.52E-14 1.29E-14 1.15E-14 1.12E-14 1.09E-14
 2.04E-13 2.17E-13 2.03E-13 1.65E-13 1.17E-13 9.25E-14 7.35E-14 5.81E-14
 5.02E-14 4.26E-14 3.80E-14 3.69E-14 3.61E-14
 6.02E-13 6.45E-13 6.05E-13 4.92E-13 3.46E-13 2.74E-13 2.17E-13 1.72E-13
 1.48E-13 1.26E-13 1.12E-13 1.09E-13 1.07E-13
 1.89E-12 2.05E-12 1.93E-12 1.57E-12 1.10E-12 8.67E-13 6.85E-13 5.40E-13
 4.67E-13 3.96E-13 3.53E-13 3.44E-13 3.38E-13
   574.3 A   9  13 /FILMEM = JL1990C /TYPE = CHEXC    /INDM =+1/ISEL =   41
 1.00E+10 3.00E+10 1.00E+11 3.00E+11 1.00E+12 3.00E+12 1.00E+13 3.00E+13
 1.00E+14
 1.00E+00 1.50E+00 2.00E+00 3.00E+00 5.00E+00 7.00E+00 1.00E+01 1.50E+01
 2.00E+01 3.00E+01 5.00E+01 7.00E+01 1.00E+02
 2.56E-18 8.23E-18 1.48E-17 2.61E-17 4.22E-17 5.65E-17 7.94E-17 1.19E-16
 1.57E-16 2.22E-16 3.12E-16 3.73E-16 4.47E-16
 7.69E-18 2.47E-17 4.43E-17 7.82E-17 1.26E-16 1.70E-16 2.38E-16 3.58E-16
 4.71E-16 6.65E-16 9.35E-16 1.12E-15 1.34E-15
 2.56E-17 8.24E-17 1.48E-16 2.61E-16 4.22E-16 5.65E-16 7.94E-16 1.19E-15
 1.57E-15 2.22E-15 3.12E-15 3.73E-15 4.47E-15
 7.70E-17 2.48E-16 4.44E-16 7.83E-16 1.27E-15 1.70E-15 2.38E-15 3.58E-15
 4.71E-15 6.65E-15 9.35E-15 1.12E-14 1.34E-14
 2.58E-16 8.30E-16 1.49E-15 2.62E-15 4.23E-15 5.66E-15 7.95E-15 1.19E-14
 1.57E-14 2.22E-14 3.12E-14 3.73E-14 4.47E-14
 7.82E-16 2.53E-15 4.53E-15 7.95E-15 1.28E-14 1.70E-14 2.39E-14 3.58E-14
 4.71E-14 6.65E-14 9.34E-14 1.12E-13 1.34E-13
 2.71E-15 8.85E-15 1.58E-14 2.74E-14 4.33E-14 5.73E-14 7.99E-14 1.19E-13
 1.57E-13 2.22E-13 3.11E-13 3.73E-13 4.46E-13
 8.80E-15 2.94E-14 5.23E-14 8.86E-14 1.35E-13 1.76E-13 2.42E-13 3.59E-13
 4.72E-13 6.64E-13 9.31E-13 1.12E-12 1.34E-12
 3.45E-14 1.19E-13 2.09E-13 3.41E-13 4.91E-13 6.16E-13 8.26E-13 1.21E-12
 1.58E-12 2.21E-12 3.09E-12 3.70E-12 4.43E-12
   818.1 A   9  13 /FILMEM = JL1990C /TYPE = CHEXC    /INDM =+1/ISEL =   42
 1.00E+10 3.00E+10 1.00E+11 3.00E+11 1.00E+12 3.00E+12 1.00E+13 3.00E+13
 1.00E+14
 1.00E+00 1.50E+00 2.00E+00 3.00E+00 5.00E+00 7.00E+00 1.00E+01 1.50E+01
 2.00E+01 3.00E+01 5.00E+01 7.00E+01 1.00E+02
 1.31E-13 2.07E-13 2.86E-13 4.47E-13 7.56E-13 1.02E-12 1.32E-12 1.70E-12
 2.06E-12 2.85E-12 4.81E-12 7.08E-12 1.03E-11
 1.31E-13 2.07E-13 2.86E-13 4.47E-13 7.56E-13 1.02E-12 1.32E-12 1.70E-12
 2.06E-12 2.85E-12 4.81E-12 7.08E-12 1.03E-11
 1.31E-13 2.08E-13 2.87E-13 4.47E-13 7.57E-13 1.02E-12 1.32E-12 1.70E-12
 2.06E-12 2.85E-12 4.81E-12 7.08E-12 1.03E-11
 1.32E-13 2.08E-13 2.88E-13 4.49E-13 7.58E-13 1.02E-12 1.33E-12 1.70E-12
 2.06E-12 2.84E-12 4.81E-12 7.08E-12 1.03E-11
 1.32E-13 2.11E-13 2.92E-13 4.53E-13 7.62E-13 1.03E-12 1.33E-12 1.70E-12
 2.06E-12 2.84E-12 4.80E-12 7.06E-12 1.03E-11
 1.35E-13 2.18E-13 3.02E-13 4.65E-13 7.72E-13 1.04E-12 1.33E-12 1.71E-12
 2.06E-12 2.83E-12 4.77E-12 7.01E-12 1.02E-11
 1.43E-13 2.41E-13 3.35E-13 5.05E-13 8.08E-13 1.06E-12 1.35E-12 1.72E-12
 2.06E-12 2.80E-12 4.68E-12 6.85E-12 9.97E-12
 1.59E-13 2.92E-13 4.09E-13 5.95E-13 8.89E-13 1.13E-12 1.39E-12 1.73E-12
 2.05E-12 2.74E-12 4.45E-12 6.46E-12 9.35E-12
 1.89E-13 3.85E-13 5.46E-13 7.66E-13 1.05E-12 1.25E-12 1.48E-12 1.77E-12
 2.03E-12 2.59E-12 3.96E-12 5.56E-12 7.91E-12
   884.5 A   9  13 /FILMEM = JL1990C /TYPE = CHEXC    /INDM =+1/ISEL =   43
 1.00E+10 3.00E+10 1.00E+11 3.00E+11 1.00E+12 3.00E+12 1.00E+13 3.00E+13
 1.00E+14
 1.00E+00 1.50E+00 2.00E+00 3.00E+00 5.00E+00 7.00E+00 1.00E+01 1.50E+01
 2.00E+01 3.00E+01 5.00E+01 7.00E+01 1.00E+02
 7.06E-18 9.80E-18 1.10E-17 1.13E-17 1.04E-17 9.69E-18 9.08E-18 8.73E-18
 8.79E-18 9.39E-18 1.11E-17 1.27E-17 1.40E-17
 2.12E-17 2.94E-17 3.30E-17 3.38E-17 3.11E-17 2.91E-17 2.72E-17 2.62E-17
 2.64E-17 2.82E-17 3.34E-17 3.80E-17 4.20E-17
 7.06E-17 9.80E-17 1.10E-16 1.13E-16 1.04E-16 9.69E-17 9.08E-17 8.73E-17
 8.79E-17 9.39E-17 1.11E-16 1.27E-16 1.40E-16
 2.12E-16 2.95E-16 3.30E-16 3.39E-16 3.12E-16 2.91E-16 2.73E-16 2.62E-16
 2.64E-16 2.82E-16 3.34E-16 3.80E-16 4.20E-16
 7.10E-16 9.88E-16 1.11E-15 1.13E-15 1.04E-15 9.72E-16 9.10E-16 8.74E-16
 8.80E-16 9.39E-16 1.11E-15 1.27E-15 1.40E-15
 2.15E-15 3.01E-15 3.38E-15 3.45E-15 3.15E-15 2.93E-15 2.74E-15 2.63E-15
 2.64E-15 2.82E-15 3.34E-15 3.80E-15 4.20E-15
 7.44E-15 1.06E-14 1.18E-14 1.19E-14 1.08E-14 9.92E-15 9.21E-15 8.80E-15
 8.83E-15 9.40E-15 1.11E-14 1.26E-14 1.40E-14
 2.40E-14 3.52E-14 3.94E-14 3.90E-14 3.41E-14 3.09E-14 2.83E-14 2.68E-14
 2.67E-14 2.83E-14 3.32E-14 3.77E-14 4.17E-14
 9.15E-14 1.41E-13 1.58E-13 1.53E-13 1.27E-13 1.12E-13 9.99E-14 9.28E-14
 9.16E-14 9.56E-14 1.11E-13 1.25E-13 1.38E-13
  1308.7 A   9  13 /FILMEM = JL1990C /TYPE = CHEXC    /INDM =+1/ISEL =   44
 1.00E+10 3.00E+10 1.00E+11 3.00E+11 1.00E+12 3.00E+12 1.00E+13 3.00E+13
 1.00E+14
 1.00E+00 1.50E+00 2.00E+00 3.00E+00 5.00E+00 7.00E+00 1.00E+01 1.50E+01
 2.00E+01 3.00E+01 5.00E+01 7.00E+01 1.00E+02
 3.42E-19 4.74E-19 5.32E-19 5.46E-19 5.03E-19 4.69E-19 4.40E-19 4.23E-19
 4.26E-19 4.55E-19 5.39E-19 6.13E-19 6.78E-19
 1.03E-18 1.42E-18 1.60E-18 1.64E-18 1.51E-18 1.41E-18 1.32E-18 1.27E-18
 1.28E-18 1.36E-18 1.62E-18 1.84E-18 2.03E-18
 3.42E-18 4.75E-18 5.32E-18 5.46E-18 5.03E-18 4.69E-18 4.40E-18 4.23E-18
 4.26E-18 4.55E-18 5.39E-18 6.13E-18 6.78E-18
 1.03E-17 1.43E-17 1.60E-17 1.64E-17 1.51E-17 1.41E-17 1.32E-17 1.27E-17
 1.28E-17 1.36E-17 1.62E-17 1.84E-17 2.03E-17
 3.44E-17 4.78E-17 5.36E-17 5.49E-17 5.05E-17 4.70E-17 4.40E-17 4.23E-17
 4.26E-17 4.55E-17 5.39E-17 6.13E-17 6.78E-17
 1.04E-16 1.46E-16 1.63E-16 1.67E-16 1.52E-16 1.42E-16 1.33E-16 1.27E-16
 1.28E-16 1.36E-16 1.62E-16 1.84E-16 2.03E-16
 3.60E-16 5.11E-16 5.72E-16 5.78E-16 5.21E-16 4.80E-16 4.46E-16 4.26E-16
 4.28E-16 4.55E-16 5.38E-16 6.11E-16 6.76E-16
 1.16E-15 1.71E-15 1.91E-15 1.89E-15 1.65E-15 1.50E-15 1.37E-15 1.30E-15
 1.29E-15 1.37E-15 1.61E-15 1.83E-15 2.02E-15
 4.43E-15 6.81E-15 7.63E-15 7.39E-15 6.15E-15 5.40E-15 4.84E-15 4.49E-15
 4.44E-15 4.63E-15 5.36E-15 6.05E-15 6.69E-15
  8502.7 A   9  13 /FILMEM = JL1990C /TYPE = CHEXC    /INDM =+1/ISEL =   45
 1.00E+10 3.00E+10 1.00E+11 3.00E+11 1.00E+12 3.00E+12 1.00E+13 3.00E+13
 1.00E+14
 1.00E+00 1.50E+00 2.00E+00 3.00E+00 5.00E+00 7.00E+00 1.00E+01 1.50E+01
 2.00E+01 3.00E+01 5.00E+01 7.00E+01 1.00E+02
 1.81E-19 2.52E-19 2.82E-19 2.90E-19 2.67E-19 2.49E-19 2.33E-19 2.24E-19
 2.26E-19 2.41E-19 2.86E-19 3.26E-19 3.60E-19
 5.44E-19 7.55E-19 8.47E-19 8.69E-19 8.00E-19 7.47E-19 7.00E-19 6.73E-19
 6.78E-19 7.24E-19 8.58E-19 9.77E-19 1.08E-18
 1.82E-18 2.52E-18 2.83E-18 2.90E-18 2.67E-18 2.49E-18 2.33E-18 2.24E-18
 2.26E-18 2.41E-18 2.86E-18 3.26E-18 3.60E-18
 5.45E-18 7.57E-18 8.49E-18 8.71E-18 8.01E-18 7.48E-18 7.00E-18 6.73E-18
 6.78E-18 7.24E-18 8.58E-18 9.77E-18 1.08E-17
 1.82E-17 2.54E-17 2.85E-17 2.92E-17 2.68E-17 2.50E-17 2.34E-17 2.25E-17
 2.26E-17 2.41E-17 2.86E-17 3.25E-17 3.60E-17
 5.54E-17 7.74E-17 8.68E-17 8.85E-17 8.09E-17 7.53E-17 7.03E-17 6.75E-17
 6.79E-17 7.24E-17 8.57E-17 9.76E-17 1.08E-16
 1.91E-16 2.71E-16 3.04E-16 3.07E-16 2.76E-16 2.55E-16 2.37E-16 2.26E-16
 2.27E-16 2.42E-16 2.85E-16 3.25E-16 3.59E-16
 6.18E-16 9.05E-16 1.01E-15 1.00E-15 8.76E-16 7.94E-16 7.27E-16 6.88E-16
 6.87E-16 7.26E-16 8.54E-16 9.69E-16 1.07E-15
 2.35E-15 3.62E-15 4.05E-15 3.92E-15 3.26E-15 2.87E-15 2.57E-15 2.38E-15
 2.35E-15 2.46E-15 2.85E-15 3.21E-15 3.55E-15
  5697.4 A   9  13 /FILMEM = JL1990C /TYPE = CHEXC    /INDM =+1/ISEL =   46
 1.00E+10 3.00E+10 1.00E+11 3.00E+11 1.00E+12 3.00E+12 1.00E+13 3.00E+13
 1.00E+14
 1.00E+00 1.50E+00 2.00E+00 3.00E+00 5.00E+00 7.00E+00 1.00E+01 1.50E+01
 2.00E+01 3.00E+01 5.00E+01 7.00E+01 1.00E+02
 1.64E-20 5.28E-20 9.47E-20 1.67E-19 2.70E-19 3.62E-19 5.09E-19 7.64E-19
 1.01E-18 1.42E-18 2.00E-18 2.39E-18 2.86E-18
 4.93E-20 1.58E-19 2.84E-19 5.01E-19 8.10E-19 1.09E-18 1.53E-18 2.29E-18
 3.02E-18 4.26E-18 5.99E-18 7.18E-18 8.59E-18
 1.64E-19 5.28E-19 9.48E-19 1.67E-18 2.70E-18 3.62E-18 5.09E-18 7.64E-18
 1.01E-17 1.42E-17 2.00E-17 2.39E-17 2.86E-17
 4.93E-19 1.59E-18 2.85E-18 5.02E-18 8.11E-18 1.09E-17 1.53E-17 2.29E-17
 3.02E-17 4.26E-17 5.99E-17 7.18E-17 8.59E-17
 1.65E-18 5.32E-18 9.54E-18 1.68E-17 2.71E-17 3.63E-17 5.09E-17 7.64E-17
 1.01E-16 1.42E-16 2.00E-16 2.39E-16 2.86E-16
 5.01E-18 1.62E-17 2.90E-17 5.09E-17 8.17E-17 1.09E-16 1.53E-16 2.29E-16
 3.02E-16 4.26E-16 5.99E-16 7.18E-16 8.59E-16
 1.73E-17 5.67E-17 1.01E-16 1.76E-16 2.77E-16 3.67E-16 5.12E-16 7.65E-16
 1.01E-15 1.42E-15 1.99E-15 2.39E-15 2.86E-15
 5.64E-17 1.89E-16 3.35E-16 5.67E-16 8.67E-16 1.13E-15 1.55E-15 2.30E-15
 3.02E-15 4.25E-15 5.97E-15 7.15E-15 8.56E-15
 2.21E-16 7.62E-16 1.34E-15 2.19E-15 3.15E-15 3.95E-15 5.30E-15 7.73E-15
 1.01E-14 1.41E-14 1.98E-14 2.37E-14 2.84E-14
  4650.1 A   9  13 /FILMEM = JL1990C /TYPE = CHEXC    /INDM =+1/ISEL =   47
 1.00E+10 3.00E+10 1.00E+11 3.00E+11 1.00E+12 3.00E+12 1.00E+13 3.00E+13
 1.00E+14
 1.00E+00 1.50E+00 2.00E+00 3.00E+00 5.00E+00 7.00E+00 1.00E+01 1.50E+01
 2.00E+01 3.00E+01 5.00E+01 7.00E+01 1.00E+02
 3.65E-12 5.77E-12 7.97E-12 1.24E-11 2.11E-11 2.85E-11 3.69E-11 4.74E-11
 5.75E-11 7.93E-11 1.34E-10 1.97E-10 2.88E-10
 3.66E-12 5.78E-12 7.98E-12 1.24E-11 2.11E-11 2.85E-11 3.69E-11 4.74E-11
 5.75E-11 7.93E-11 1.34E-10 1.97E-10 2.88E-10
 3.66E-12 5.78E-12 7.99E-12 1.25E-11 2.11E-11 2.85E-11 3.69E-11 4.75E-11
 5.75E-11 7.93E-11 1.34E-10 1.97E-10 2.87E-10
 3.66E-12 5.80E-12 8.02E-12 1.25E-11 2.11E-11 2.85E-11 3.69E-11 4.75E-11
 5.75E-11 7.92E-11 1.34E-10 1.97E-10 2.87E-10
 3.69E-12 5.88E-12 8.12E-12 1.26E-11 2.12E-11 2.86E-11 3.70E-11 4.75E-11
 5.75E-11 7.91E-11 1.34E-10 1.97E-10 2.87E-10
 3.76E-12 6.08E-12 8.41E-12 1.30E-11 2.15E-11 2.88E-11 3.71E-11 4.75E-11
 5.74E-11 7.89E-11 1.33E-10 1.95E-10 2.84E-10
 3.97E-12 6.72E-12 9.33E-12 1.41E-11 2.25E-11 2.96E-11 3.77E-11 4.78E-11
 5.73E-11 7.81E-11 1.30E-10 1.91E-10 2.78E-10
 4.43E-12 8.14E-12 1.14E-11 1.66E-11 2.47E-11 3.14E-11 3.88E-11 4.83E-11
 5.71E-11 7.62E-11 1.24E-10 1.80E-10 2.60E-10
 5.25E-12 1.07E-11 1.52E-11 2.13E-11 2.91E-11 3.48E-11 4.12E-11 4.92E-11
 5.65E-11 7.20E-11 1.10E-10 1.55E-10 2.20E-10
  9713.5 A   9  13 /FILMEM = JL1990C /TYPE = CHEXC    /INDM =+1/ISEL =   48
 1.00E+10 3.00E+10 1.00E+11 3.00E+11 1.00E+12 3.00E+12 1.00E+13 3.00E+13
 1.00E+14
 1.00E+00 1.50E+00 2.00E+00 3.00E+00 5.00E+00 7.00E+00 1.00E+01 1.50E+01
 2.00E+01 3.00E+01 5.00E+01 7.00E+01 1.00E+02
 1.20E-19 2.89E-19 4.73E-19 8.21E-19 1.41E-18 1.87E-18 2.33E-18 2.82E-18
 3.23E-18 4.07E-18 6.03E-18 8.10E-18 1.07E-17
 3.60E-19 8.66E-19 1.42E-18 2.46E-18 4.22E-18 5.60E-18 7.00E-18 8.47E-18
 9.70E-18 1.22E-17 1.81E-17 2.43E-17 3.21E-17
 1.20E-18 2.89E-18 4.73E-18 8.21E-18 1.41E-17 1.87E-17 2.33E-17 2.82E-17
 3.23E-17 4.07E-17 6.02E-17 8.10E-17 1.07E-16
 3.61E-18 8.69E-18 1.42E-17 2.47E-17 4.23E-17 5.61E-17 7.00E-17 8.47E-17
 9.70E-17 1.22E-16 1.81E-16 2.43E-16 3.20E-16
 1.21E-17 2.92E-17 4.78E-17 8.28E-17 1.41E-16 1.87E-16 2.34E-16 2.83E-16
 3.23E-16 4.06E-16 6.01E-16 8.08E-16 1.07E-15
 3.67E-17 8.96E-17 1.47E-16 2.53E-16 4.29E-16 5.65E-16 7.03E-16 8.49E-16
 9.70E-16 1.21E-15 1.79E-15 2.41E-15 3.17E-15
 1.28E-16 3.20E-16 5.24E-16 8.90E-16 1.48E-15 1.92E-15 2.37E-15 2.84E-15
 3.23E-15 4.01E-15 5.87E-15 7.85E-15 1.03E-14
 4.17E-16 1.10E-15 1.80E-15 2.99E-15 4.74E-15 6.02E-15 7.28E-15 8.58E-15
 9.64E-15 1.18E-14 1.68E-14 2.23E-14 2.92E-14
 1.58E-15 4.49E-15 7.42E-15 1.20E-14 1.78E-14 2.17E-14 2.54E-14 2.90E-14
 3.17E-14 3.72E-14 5.02E-14 6.44E-14 8.27E-14
C-----------------------------------------------------------------------
C
C  PHOTON EMISSIVITY COEFFICIENTS:
C
C  SOURCE SPECIFIC ION   FILE:/JETSHP.BELIKE.DATA(JL1990C)
C  SOURCE IONIS. COEFFT. FILE:/JETSHP.IONELEC.DATA(SZD#C)
C  META. ION. COEFF. SELECTOR: 11(1,1)
C                              12(2,1)
C  POPULATION PROCESSING CODE:  ADAS208
C
C  ISEL  WAVELENGTH      TRANSITION            TYPE    METASTABLE  IMET NMET  IP
C  ----  ----------  ------------------------  -----  ------------ ---- ----  --
C   1.     977.0     3(1)1( 1.0)- 1(1)0( 0.0)  EXCIT   1(1)0( 0.0)   1     2
C   2.     386.2     8(1)1( 1.0)- 1(1)0( 0.0)  EXCIT   1(1)0( 0.0)   1     2
C   3.    1175.7     4(3)1( 4.0)- 2(3)1( 4.0)  EXCIT   1(1)0( 0.0)   1     2
C   4.     538.2    10(3)0( 1.0)- 2(3)1( 4.0)  EXCIT   1(1)0( 0.0)   1     2
C   5.     459.6    12(3)2( 7.0)- 2(3)1( 4.0)  EXCIT   1(1)0( 0.0)   1     2
C   6.    2297.6     5(1)2( 2.0)- 3(1)1( 1.0)  EXCIT   1(1)0( 0.0)   1     2
C   7.    1247.4     6(1)0( 0.0)- 3(1)1( 1.0)  EXCIT   1(1)0( 0.0)   1     2
C   8.     690.5     7(1)0( 0.0)- 3(1)1( 1.0)  EXCIT   1(1)0( 0.0)   1     2
C   9.     574.3     9(1)2( 2.0)- 3(1)1( 1.0)  EXCIT   1(1)0( 0.0)   1     2
C  10.     818.1    11(3)1( 4.0)- 4(3)1( 4.0)  EXCIT   1(1)0( 0.0)   1     2
C  11.     884.5     8(1)1( 1.0)- 5(1)2( 2.0)  EXCIT   1(1)0( 0.0)   1     2
C  12.    1308.7     8(1)1( 1.0)- 6(1)0( 0.0)  EXCIT   1(1)0( 0.0)   1     2
C  13.    8502.7     8(1)1( 1.0)- 7(1)0( 0.0)  EXCIT   1(1)0( 0.0)   1     2
C  14.    5697.4     9(1)2( 2.0)- 8(1)1( 1.0)  EXCIT   1(1)0( 0.0)   1     2
C  15.    4650.1    11(3)1( 4.0)-10(3)0( 1.0)  EXCIT   1(1)0( 0.0)   1     2
C  16.    9713.5    12(3)2( 7.0)-11(3)1( 4.0)  EXCIT   1(1)0( 0.0)   1     2
C  17.     977.0     3(1)1( 1.0)- 1(1)0( 0.0)  EXCIT   2(3)1( 4.0)   2     2
C  18.     386.2     8(1)1( 1.0)- 1(1)0( 0.0)  EXCIT   2(3)1( 4.0)   2     2
C  19.    1175.7     4(3)1( 4.0)- 2(3)1( 4.0)  EXCIT   2(3)1( 4.0)   2     2
C  20.     538.2    10(3)0( 1.0)- 2(3)1( 4.0)  EXCIT   2(3)1( 4.0)   2     2
C  21.     459.6    12(3)2( 7.0)- 2(3)1( 4.0)  EXCIT   2(3)1( 4.0)   2     2
C  22.    2297.6     5(1)2( 2.0)- 3(1)1( 1.0)  EXCIT   2(3)1( 4.0)   2     2
C  23.    1247.4     6(1)0( 0.0)- 3(1)1( 1.0)  EXCIT   2(3)1( 4.0)   2     2
C  24.     690.5     7(1)0( 0.0)- 3(1)1( 1.0)  EXCIT   2(3)1( 4.0)   2     2
C  25.     574.3     9(1)2( 2.0)- 3(1)1( 1.0)  EXCIT   2(3)1( 4.0)   2     2
C  26.     818.1    11(3)1( 4.0)- 4(3)1( 4.0)  EXCIT   2(3)1( 4.0)   2     2
C  27.     884.5     8(1)1( 1.0)- 5(1)2( 2.0)  EXCIT   2(3)1( 4.0)   2     2
C  28.    1308.7     8(1)1( 1.0)- 6(1)0( 0.0)  EXCIT   2(3)1( 4.0)   2     2
C  29.    8502.7     8(1)1( 1.0)- 7(1)0( 0.0)  EXCIT   2(3)1( 4.0)   2     2
C  30.    5697.4     9(1)2( 2.0)- 8(1)1( 1.0)  EXCIT   2(3)1( 4.0)   2     2
C  31.    4650.1    11(3)1( 4.0)-10(3)0( 1.0)  EXCIT   2(3)1( 4.0)   2     2
C  32.    9713.5    12(3)2( 7.0)-11(3)1( 4.0)  EXCIT   2(3)1( 4.0)   2     2
C  33.     977.0     3(1)1( 1.0)- 1(1)0( 0.0)  CHEXC  SEE JL1990C             +1
C  34.     386.2     8(1)1( 1.0)- 1(1)0( 0.0)  CHEXC  SEE JL1990C             +1
C  35.    1175.7     4(3)1( 4.0)- 2(3)1( 4.0)  CHEXC  SEE JL1990C             +1
C  36.     538.2    10(3)0( 1.0)- 2(3)1( 4.0)  CHEXC  SEE JL1990C             +1
C  37.     459.6    12(3)2( 7.0)- 2(3)1( 4.0)  CHEXC  SEE JL1990C             +1
C  38.    2297.6     5(1)2( 2.0)- 3(1)1( 1.0)  CHEXC  SEE JL1990C             +1
C  39.    1247.4     6(1)0( 0.0)- 3(1)1( 1.0)  CHEXC  SEE JL1990C             +1
C  40.     690.5     7(1)0( 0.0)- 3(1)1( 1.0)  CHEXC  SEE JL1990C             +1
C  41.     574.3     9(1)2( 2.0)- 3(1)1( 1.0)  CHEXC  SEE JL1990C             +1
C  42.     818.1    11(3)1( 4.0)- 4(3)1( 4.0)  CHEXC  SEE JL1990C             +1
C  43.     884.5     8(1)1( 1.0)- 5(1)2( 2.0)  CHEXC  SEE JL1990C             +1
C  44.    1308.7     8(1)1( 1.0)- 6(1)0( 0.0)  CHEXC  SEE JL1990C             +1
C  45.    8502.7     8(1)1( 1.0)- 7(1)0( 0.0)  CHEXC  SEE JL1990C             +1
C  46.    5697.4     9(1)2( 2.0)- 8(1)1( 1.0)  CHEXC  SEE JL1990C             +1
C  47.    4650.1    11(3)1( 4.0)-10(3)0( 1.0)  CHEXC  SEE JL1990C             +1
C  48.    9713.5    12(3)2( 7.0)-11(3)1( 4.0)  CHEXC  SEE JL1990C             +1
C
C   NOTES:  PROCESSED 14/07/92
C
C-------------------------------------------------------------------------------
 
C---------------------------------------------------------------------------------
C ADAS ADF15 DATA - SCCS info: @(#)$Header: /home/adascvs/adas/adf15/ionelec/ionelec_pec#c2x.dat,v 2.1 2004/07/07 00:24:12 whitefor Exp $ Date $Date: 2004/07/07 00:24:12 $
C---------------------------------------------------------------------------------
