    1   24   29    1    1     /TRITIUM            /ADAS509
 --------------------------------------------------------------------------------
   7.69897   8.00000   8.30103   8.69897   9.00000   9.30103   9.69897  10.00000
  10.30103  10.69897  11.00000  11.30103  11.69897  12.00000  12.30103  12.69897
  13.00000  13.30103  13.69897  14.00000  14.30103  14.69897  15.00000  15.30103
  -0.69897  -0.52288  -0.30103  -0.15490   0.00000   0.17609   0.30103   0.47712
   0.69897   0.84510   1.00000   1.17609   1.30103   1.47712   1.69897   1.84510
   2.00000   2.17609   2.30103   2.47712   2.69897   2.84510   3.00000   3.17609
   3.30103   3.47712   3.69897   3.84510   4.00000
 --------------------/ IPRT= 1  / IGRD= 1  / MH=2.01/ Z1= 1   / DATE= 23.02.04
  -8.63391  -8.63391  -8.63391  -8.63391  -8.63391  -8.63391  -8.63391  -8.63391
  -8.63391  -8.63391  -8.63391  -8.63391  -8.63391  -8.63391  -8.63391  -8.63391
  -8.63391  -8.63391  -8.63391  -8.63391  -8.63391  -8.63391  -8.63391  -8.63391
  -8.54586  -8.54586  -8.54586  -8.54586  -8.54586  -8.54586  -8.54586  -8.54586
  -8.54586  -8.54586  -8.54586  -8.54586  -8.54586  -8.54586  -8.54586  -8.54586
  -8.54586  -8.54586  -8.54586  -8.54586  -8.54586  -8.54586  -8.54586  -8.54586
  -8.43494  -8.43494  -8.43494  -8.43494  -8.43494  -8.43494  -8.43494  -8.43494
  -8.43494  -8.43494  -8.43494  -8.43494  -8.43494  -8.43494  -8.43494  -8.43494
  -8.43494  -8.43494  -8.43494  -8.43494  -8.43494  -8.43494  -8.43494  -8.43494
  -8.36187  -8.36187  -8.36187  -8.36187  -8.36187  -8.36187  -8.36187  -8.36187
  -8.36187  -8.36187  -8.36187  -8.36187  -8.36187  -8.36187  -8.36187  -8.36187
  -8.36187  -8.36187  -8.36187  -8.36187  -8.36187  -8.36187  -8.36187  -8.36187
  -8.28442  -8.28442  -8.28442  -8.28442  -8.28442  -8.28442  -8.28442  -8.28442
  -8.28442  -8.28442  -8.28442  -8.28442  -8.28442  -8.28442  -8.28442  -8.28442
  -8.28442  -8.28442  -8.28442  -8.28442  -8.28442  -8.28442  -8.28442  -8.28442
  -8.19638  -8.19638  -8.19638  -8.19638  -8.19638  -8.19638  -8.19638  -8.19638
  -8.19638  -8.19638  -8.19638  -8.19638  -8.19638  -8.19638  -8.19638  -8.19638
  -8.19638  -8.19638  -8.19638  -8.19638  -8.19638  -8.19638  -8.19638  -8.19638
  -8.13391  -8.13391  -8.13391  -8.13391  -8.13391  -8.13391  -8.13391  -8.13391
  -8.13391  -8.13391  -8.13391  -8.13391  -8.13391  -8.13391  -8.13391  -8.13391
  -8.13391  -8.13391  -8.13391  -8.13391  -8.13391  -8.13391  -8.13391  -8.13391
  -8.04587  -8.04587  -8.04587  -8.04587  -8.04587  -8.04587  -8.04587  -8.04587
  -8.04587  -8.04587  -8.04587  -8.04587  -8.04587  -8.04587  -8.04587  -8.04587
  -8.04587  -8.04587  -8.04587  -8.04587  -8.04587  -8.04587  -8.04587  -8.04587
  -7.95549  -7.95549  -7.95549  -7.95549  -7.95549  -7.95549  -7.95549  -7.95549
  -7.95549  -7.95549  -7.95549  -7.95549  -7.95549  -7.95549  -7.95549  -7.95549
  -7.95549  -7.95549  -7.95549  -7.95549  -7.95549  -7.95549  -7.95549  -7.95549
  -7.90133  -7.90133  -7.90133  -7.90133  -7.90133  -7.90133  -7.90133  -7.90133
  -7.90133  -7.90133  -7.90133  -7.90133  -7.90133  -7.90133  -7.90133  -7.90133
  -7.90133  -7.90133  -7.90133  -7.90133  -7.90133  -7.90133  -7.90133  -7.90133
  -7.84604  -7.84604  -7.84604  -7.84604  -7.84604  -7.84604  -7.84604  -7.84604
  -7.84604  -7.84604  -7.84604  -7.84604  -7.84604  -7.84604  -7.84604  -7.84604
  -7.84604  -7.84604  -7.84604  -7.84604  -7.84604  -7.84604  -7.84604  -7.84604
  -7.78264  -7.78264  -7.78264  -7.78264  -7.78264  -7.78264  -7.78264  -7.78264
  -7.78264  -7.78264  -7.78264  -7.78264  -7.78264  -7.78264  -7.78264  -7.78264
  -7.78264  -7.78264  -7.78264  -7.78264  -7.78264  -7.78264  -7.78264  -7.78264
  -7.73650  -7.73650  -7.73650  -7.73650  -7.73650  -7.73650  -7.73650  -7.73650
  -7.73650  -7.73650  -7.73650  -7.73650  -7.73650  -7.73650  -7.73650  -7.73650
  -7.73650  -7.73650  -7.73650  -7.73650  -7.73650  -7.73650  -7.73650  -7.73650
  -7.67106  -7.67106  -7.67106  -7.67106  -7.67106  -7.67106  -7.67106  -7.67106
  -7.67106  -7.67106  -7.67106  -7.67106  -7.67106  -7.67106  -7.67106  -7.67106
  -7.67106  -7.67106  -7.67106  -7.67106  -7.67106  -7.67106  -7.67106  -7.67106
  -7.58241  -7.58241  -7.58241  -7.58241  -7.58241  -7.58241  -7.58241  -7.58241
  -7.58241  -7.58241  -7.58241  -7.58241  -7.58241  -7.58241  -7.58241  -7.58241
  -7.58241  -7.58241  -7.58241  -7.58241  -7.58241  -7.58241  -7.58241  -7.58241
  -7.52527  -7.52527  -7.52527  -7.52527  -7.52527  -7.52527  -7.52527  -7.52527
  -7.52527  -7.52527  -7.52527  -7.52527  -7.52527  -7.52527  -7.52527  -7.52527
  -7.52527  -7.52527  -7.52527  -7.52527  -7.52527  -7.52527  -7.52527  -7.52527
  -7.46753  -7.46753  -7.46753  -7.46753  -7.46753  -7.46753  -7.46753  -7.46753
  -7.46753  -7.46753  -7.46753  -7.46753  -7.46753  -7.46753  -7.46753  -7.46753
  -7.46753  -7.46753  -7.46753  -7.46753  -7.46753  -7.46753  -7.46753  -7.46753
  -7.40410  -7.40410  -7.40410  -7.40410  -7.40410  -7.40410  -7.40410  -7.40410
  -7.40410  -7.40410  -7.40410  -7.40410  -7.40410  -7.40410  -7.40410  -7.40410
  -7.40410  -7.40410  -7.40410  -7.40410  -7.40410  -7.40410  -7.40410  -7.40410
  -7.36007  -7.36007  -7.36007  -7.36007  -7.36007  -7.36007  -7.36007  -7.36007
  -7.36007  -7.36007  -7.36007  -7.36007  -7.36007  -7.36007  -7.36007  -7.36007
  -7.36007  -7.36007  -7.36007  -7.36007  -7.36007  -7.36007  -7.36007  -7.36007
  -7.29840  -7.29840  -7.29840  -7.29840  -7.29840  -7.29840  -7.29840  -7.29840
  -7.29840  -7.29840  -7.29840  -7.29840  -7.29840  -7.29840  -7.29840  -7.29840
  -7.29840  -7.29840  -7.29840  -7.29840  -7.29840  -7.29840  -7.29840  -7.29840
  -7.22304  -7.22304  -7.22304  -7.22304  -7.22304  -7.22304  -7.22304  -7.22304
  -7.22304  -7.22304  -7.22304  -7.22304  -7.22304  -7.22304  -7.22304  -7.22304
  -7.22304  -7.22304  -7.22304  -7.22304  -7.22304  -7.22304  -7.22304  -7.22304
  -7.17759  -7.17759  -7.17759  -7.17759  -7.17759  -7.17759  -7.17759  -7.17759
  -7.17759  -7.17759  -7.17759  -7.17759  -7.17759  -7.17759  -7.17759  -7.17759
  -7.17759  -7.17759  -7.17759  -7.17759  -7.17759  -7.17759  -7.17759  -7.17759
  -7.13419  -7.13419  -7.13419  -7.13419  -7.13419  -7.13419  -7.13419  -7.13419
  -7.13419  -7.13419  -7.13419  -7.13419  -7.13419  -7.13419  -7.13419  -7.13419
  -7.13419  -7.13419  -7.13419  -7.13419  -7.13419  -7.13419  -7.13419  -7.13419
  -7.09130  -7.09130  -7.09130  -7.09130  -7.09130  -7.09130  -7.09130  -7.09130
  -7.09130  -7.09130  -7.09130  -7.09130  -7.09130  -7.09130  -7.09130  -7.09130
  -7.09130  -7.09130  -7.09130  -7.09130  -7.09130  -7.09130  -7.09130  -7.09130
  -7.06496  -7.06496  -7.06496  -7.06496  -7.06496  -7.06496  -7.06496  -7.06496
  -7.06496  -7.06496  -7.06496  -7.06496  -7.06496  -7.06496  -7.06496  -7.06496
  -7.06496  -7.06496  -7.06496  -7.06496  -7.06496  -7.06496  -7.06496  -7.06496
  -7.03411  -7.03411  -7.03411  -7.03411  -7.03411  -7.03411  -7.03411  -7.03411
  -7.03411  -7.03411  -7.03411  -7.03411  -7.03411  -7.03411  -7.03411  -7.03411
  -7.03411  -7.03411  -7.03411  -7.03411  -7.03411  -7.03411  -7.03411  -7.03411
  -7.01246  -7.01246  -7.01246  -7.01246  -7.01246  -7.01246  -7.01246  -7.01246
  -7.01246  -7.01246  -7.01246  -7.01246  -7.01246  -7.01246  -7.01246  -7.01246
  -7.01246  -7.01246  -7.01246  -7.01246  -7.01246  -7.01246  -7.01246  -7.01246
  -7.01359  -7.01359  -7.01359  -7.01359  -7.01359  -7.01359  -7.01359  -7.01359
  -7.01359  -7.01359  -7.01359  -7.01359  -7.01359  -7.01359  -7.01359  -7.01359
  -7.01359  -7.01359  -7.01359  -7.01359  -7.01359  -7.01359  -7.01359  -7.01359
  -7.03102  -7.03102  -7.03102  -7.03102  -7.03102  -7.03102  -7.03102  -7.03102
  -7.03102  -7.03102  -7.03102  -7.03102  -7.03102  -7.03102  -7.03102  -7.03102
  -7.03102  -7.03102  -7.03102  -7.03102  -7.03102  -7.03102  -7.03102  -7.03102
 --------------------------------------------------------------------------------
C
C     RATE COEFFICIENTS IN UNITS OF CM**3 S-1
C     ---------------------------------------
C
C  Generated from /home/adas/adas/adf14/tcx#h0/tcx#h0_h.dat
C  with T_mass=3.0 and D_mass=2.0
C
C  Martin O'Mullane
C  23-02-2004
C
C--------------------------------------------------------------------------------

C--------------------------------------------------------------------------------
C  SCCS info: Module @(#)$Header: /home/adascvs/adas/adf11/ccd96/ccd96_t.dat,v 1.1 2004/07/07 00:03:39 whitefor Exp $ Date $Date: 2004/07/07 00:03:39 $
C--------------------------------------------------------------------------------
