   11   13   51    1   11     /SODIUM         / ARNAUD-ROSEN(NE SCALED) 22/07/91
 -------------------------------------------------------------------------------
   4.00000   5.00000   6.00000   7.00000   8.00000   9.00000  10.00000  11.00000
  12.00000  13.00000  14.00000  15.00000  16.00000
  -0.06466   0.03533   0.13534   0.23535   0.33534   0.43534   0.53534   0.63534
   0.73534   0.83534   0.93534   1.03533   1.13534   1.23535   1.33534   1.43534
   1.53534   1.63534   1.73534   1.83534   1.93534   2.03533   2.13534   2.23535
   2.33534   2.43534   2.53534   2.63534   2.73534   2.83534   2.93534   3.03533
   3.13534   3.23535   3.33534   3.43534   3.53534   3.63534   3.73534   3.83534
   3.93534   4.03533   4.13534   4.23535   4.33534   4.43534   4.53534   4.63534
   4.73534   4.83534   4.93534
 ---------------------------------------------------/ Z1= 1   / DATE= 22/07/91
 -12.85078 -12.85145 -12.86174 -12.88253 -12.89368 -12.86977 -12.80084 -12.73866
 -12.75044 -12.85915 -12.91076 -12.70699 -12.11072
 -12.93181 -12.92375 -12.91936 -12.91701 -12.89092 -12.80929 -12.66078 -12.51592
 -12.46571 -12.54942 -12.59940 -12.39627 -11.78759
 -12.96658 -12.94728 -12.92480 -12.89499 -12.82536 -12.67633 -12.43451 -12.19121
 -12.06392 -12.11070 -12.15185 -11.94826 -11.33240
 -12.81816 -12.79343 -12.76142 -12.71687 -12.62591 -12.44749 -12.16795 -11.88300
 -11.71568 -11.72880 -11.74414 -11.52322 -10.89851
 -12.46597 -12.44761 -12.42329 -12.38898 -12.31926 -12.18339 -11.97099 -11.75318
 -11.62144 -11.61781 -11.58654 -11.32240 -10.68265
 -12.09963 -12.09599 -12.09154 -12.08503 -12.06606 -12.02194 -11.94826 -11.87388
 -11.83595 -11.83959 -11.76175 -11.44737 -10.79162
 -11.80967 -11.82316 -11.84219 -11.86860 -11.90816 -11.96763 -12.04968 -12.14070
 -12.22302 -12.26337 -12.16627 -11.82067 -11.15570
 -11.60206 -11.62917 -11.66674 -11.71871 -11.80286 -11.94042 -12.14064 -12.36473
 -12.56192 -12.67387 -12.61203 -12.28028 -11.62064
 -11.46597 -11.49885 -11.54384 -11.60519 -11.70466 -11.86840 -12.11038 -12.39581
 -12.67776 -12.89624 -12.93927 -12.68183 -12.04664
 -11.38828 -11.42076 -11.46512 -11.52496 -11.61998 -11.77388 -12.00334 -12.29688
 -12.63598 -12.97510 -13.16064 -13.01199 -12.41271
 -11.35655 -11.38563 -11.42663 -11.48280 -11.56906 -11.70326 -11.90286 -12.18378
 -12.56160 -13.00958 -13.33190 -13.29047 -12.72792
 -11.36251 -11.38790 -11.42709 -11.48418 -11.56944 -11.69465 -11.87636 -12.15007
 -12.55605 -13.08150 -13.50146 -13.53790 -13.00481
 -11.39794 -11.42026 -11.45935 -11.52089 -11.61108 -11.73625 -11.91106 -12.18354
 -12.61004 -13.18709 -13.67196 -13.76210 -13.25354
 -11.45967 -11.47997 -11.51983 -11.58630 -11.68208 -11.80878 -11.97914 -12.25056
 -12.69159 -13.30613 -13.83954 -13.97256 -13.48848
 -11.54061 -11.56020 -11.60096 -11.67044 -11.76836 -11.89245 -12.05426 -12.32045
 -12.77151 -13.41879 -13.99715 -14.17237 -13.71591
 -11.64016 -11.65998 -11.70152 -11.77220 -11.86940 -11.98797 -12.13885 -12.39733
 -12.85474 -13.52936 -14.14705 -14.36058 -13.93093
 -11.75449 -11.77486 -11.81696 -11.88780 -11.98323 -12.09633 -12.23784 -12.48934
 -12.95009 -13.64342 -14.28891 -14.53022 -14.12081
 -11.87943 -11.90010 -11.94241 -12.01313 -12.10760 -12.21825 -12.35584 -12.60434
 -13.06605 -13.76622 -14.42213 -14.67402 -14.27251
 -12.00966 -12.03033 -12.07264 -12.14336 -12.23783 -12.34848 -12.48607 -12.73457
 -13.19628 -13.89645 -14.55236 -14.80425 -14.40274
 -12.14691 -12.16759 -12.20990 -12.28062 -12.37509 -12.48573 -12.62332 -12.87183
 -13.33353 -14.03371 -14.68962 -14.94150 -14.54000
 -12.28819 -12.30887 -12.35118 -12.42190 -12.51636 -12.62701 -12.76460 -13.01311
 -13.47481 -14.17499 -14.83090 -15.08278 -14.68128
 -12.43063 -12.45131 -12.49361 -12.56434 -12.65880 -12.76945 -12.90704 -13.15555
 -13.61725 -14.31743 -14.97333 -15.22522 -14.82372
 -12.57512 -12.59579 -12.63810 -12.70882 -12.80329 -12.91394 -13.05153 -13.30003
 -13.76174 -14.46191 -15.11782 -15.36971 -14.96820
 -12.72125 -12.74192 -12.78423 -12.85495 -12.94942 -13.06007 -13.19765 -13.44616
 -13.90786 -14.60804 -15.26395 -15.51584 -15.11433
 -12.86646 -12.88713 -12.92944 -13.00016 -13.09463 -13.20528 -13.34287 -13.59137
 -14.05308 -14.75325 -15.40916 -15.66105 -15.25954
 -13.01278 -13.03346 -13.07576 -13.14649 -13.24095 -13.35160 -13.48919 -13.73769
 -14.19940 -14.89957 -15.55548 -15.80737 -15.40586
 -13.15989 -13.18057 -13.22287 -13.29360 -13.38806 -13.49871 -13.63630 -13.88480
 -14.34651 -15.04668 -15.70259 -15.95448 -15.55297
 -13.30715 -13.32782 -13.37013 -13.44085 -13.53532 -13.64597 -13.78356 -14.03206
 -14.49377 -15.19394 -15.84985 -16.10173 -15.70023
 -13.45469 -13.47536 -13.51767 -13.58839 -13.68286 -13.79351 -13.93110 -14.17960
 -14.64131 -15.34148 -15.99739 -16.24928 -15.84777
 -13.60206 -13.62274 -13.66505 -13.73577 -13.83024 -13.94088 -14.07847 -14.32698
 -14.78868 -15.48886 -16.14476 -16.39665 -15.99515
 -13.74958 -13.77026 -13.81257 -13.88329 -13.97775 -14.08840 -14.22599 -14.47450
 -14.93620 -15.63638 -16.29228 -16.54416 -16.14267
 -13.89620 -13.91688 -13.95918 -14.02991 -14.12437 -14.23502 -14.37261 -14.62112
 -15.08282 -15.78300 -16.43889 -16.69078 -16.28928
 -14.04431 -14.06498 -14.10729 -14.17801 -14.27248 -14.38313 -14.52072 -14.76922
 -15.23093 -15.93110 -16.58701 -16.83890 -16.43738
 -14.19179 -14.21246 -14.25477 -14.32549 -14.41996 -14.53061 -14.66819 -14.91670
 -15.37840 -16.07857 -16.73448 -16.98637 -16.58485
 -14.33913 -14.35980 -14.40211 -14.47283 -14.56730 -14.67795 -14.81554 -15.06404
 -15.52575 -16.22592 -16.88184 -17.13373 -16.73221
 -14.48678 -14.50746 -14.54976 -14.62049 -14.71495 -14.82560 -14.96319 -15.21169
 -15.67340 -16.37357 -17.02948 -17.28137 -16.87987
 -14.63264 -14.65332 -14.69562 -14.76635 -14.86081 -14.97146 -15.10905 -15.35755
 -15.81926 -16.51942 -17.17532 -17.42722 -17.02571
 -14.77989 -14.80056 -14.84287 -14.91359 -15.00806 -15.11871 -15.25630 -15.50480
 -15.96651 -16.66667 -17.32259 -17.57448 -17.17296
 -14.92445 -14.94512 -14.98743 -15.05815 -15.15262 -15.26327 -15.40086 -15.64936
 -16.11107 -16.81125 -17.46715 -17.71904 -17.31754
 -15.07007 -15.09075 -15.13306 -15.20378 -15.29825 -15.40889 -15.54648 -15.79499
 -16.25668 -16.95686 -17.61278 -17.86465 -17.46315
 -15.21467 -15.23535 -15.27766 -15.34838 -15.44284 -15.55349 -15.69108 -15.93959
 -16.40128 -17.10146 -17.75737 -18.00925 -17.60776
 -15.35853 -15.37921 -15.42151 -15.49224 -15.58670 -15.69735 -15.83494 -16.08344
 -16.54514 -17.24532 -17.90121 -18.15311 -17.75160
 -15.50169 -15.52236 -15.56467 -15.63539 -15.72986 -15.84051 -15.97810 -16.22659
 -16.68831 -17.38847 -18.04439 -18.29628 -17.89476
 -15.64397 -15.66464 -15.70695 -15.77767 -15.87214 -15.98279 -16.12036 -16.36887
 -16.83057 -17.53075 -18.18666 -18.43855 -18.03703
 -15.78516 -15.80583 -15.84814 -15.91886 -16.01332 -16.12396 -16.26155 -16.51006
 -16.97177 -17.67194 -18.32785 -18.57974 -18.17822
 -15.92445 -15.94513 -15.98743 -16.05815 -16.15262 -16.26328 -16.40086 -16.64935
 -17.11107 -17.81123 -18.46715 -18.71904 -18.31754
 -16.06299 -16.08366 -16.12596 -16.19669 -16.29114 -16.40179 -16.53938 -16.78789
 -17.24959 -17.94977 -18.60567 -18.85756 -18.45605
 -16.19997 -16.22064 -16.26295 -16.33368 -16.42815 -16.53879 -16.67638 -16.92488
 -17.38660 -18.08676 -18.74268 -18.99457 -18.59305
 -16.33536 -16.35603 -16.39833 -16.46906 -16.56352 -16.67418 -16.81177 -17.06027
 -17.52197 -18.22215 -18.87805 -19.12994 -18.72844
 -16.46852 -16.48920 -16.53151 -16.60222 -16.69670 -16.80734 -16.94493 -17.19344
 -17.65514 -18.35532 -19.01123 -19.26311 -18.86160
 -16.60033 -16.62100 -16.66331 -16.73404 -16.82849 -16.93915 -17.07674 -17.32524
 -17.78694 -18.48712 -19.14304 -19.39491 -18.99342
 ---------------------------------------------------/ Z1= 2   / DATE= 22/07/91
 -11.89963 -11.89779 -11.89624 -11.89126 -11.87777 -11.85083 -11.80617 -11.73972
 -11.63670 -11.42301 -11.00417 -10.32282  -9.52716
 -11.97469 -11.97312 -11.97187 -11.96827 -11.95867 -11.93928 -11.90558 -11.85283
 -11.76762 -11.58885 -11.23900 -10.67189 -10.01451
 -12.04818 -12.04659 -12.04491 -12.04178 -12.03533 -12.02303 -11.99866 -11.95476
 -11.87836 -11.72618 -11.44454 -11.00227 -10.49299
 -12.12263 -12.12074 -12.11808 -12.11443 -12.10953 -12.10196 -12.08370 -12.04450
 -11.97182 -11.84045 -11.62082 -11.29642 -10.92284
 -12.19654 -12.19420 -12.19038 -12.18554 -12.18044 -12.17437 -12.15851 -12.12124
 -12.05110 -11.93738 -11.76965 -11.54208 -11.27430
 -12.27003 -12.26785 -12.26390 -12.25905 -12.25459 -12.25029 -12.23713 -12.20321
 -12.13831 -12.04222 -11.91811 -11.76688 -11.57684
 -12.33442 -12.33390 -12.33232 -12.33087 -12.33125 -12.33353 -12.32862 -12.30431
 -12.25126 -12.17601 -12.09056 -11.99944 -11.86585
 -12.34775 -12.35088 -12.35495 -12.36164 -12.37314 -12.38983 -12.40213 -12.39701
 -12.36503 -12.31640 -12.26812 -12.22614 -12.13542
 -12.23508 -12.24266 -12.25376 -12.27069 -12.29629 -12.33144 -12.36600 -12.38604
 -12.38166 -12.36519 -12.35658 -12.36211 -12.31220
 -12.01011 -12.02134 -12.03819 -12.06375 -12.10177 -12.15385 -12.20984 -12.25555
 -12.28119 -12.30138 -12.33912 -12.40096 -12.40242
 -11.77469 -11.78748 -11.80674 -11.83645 -11.88149 -11.94453 -12.01634 -12.08359
 -12.13782 -12.19761 -12.29079 -12.42517 -12.49777
 -11.58670 -11.59924 -11.61808 -11.64813 -11.69549 -11.76412 -11.84617 -11.92972
 -12.00841 -12.10657 -12.25911 -12.47655 -12.63461
 -11.45717 -11.46841 -11.48521 -11.51340 -11.56031 -11.63114 -11.71919 -11.81366
 -11.91026 -12.04077 -12.24936 -12.55103 -12.79944
 -11.37986 -11.38949 -11.40385 -11.42959 -11.47518 -11.54680 -11.63797 -11.73782
 -11.84340 -11.99539 -12.24946 -12.62717 -12.96130
 -11.34582 -11.35411 -11.36660 -11.39060 -11.43551 -11.50811 -11.60073 -11.70074
 -11.80521 -11.96480 -12.24860 -12.68676 -13.09409
 -11.34679 -11.35413 -11.36524 -11.38805 -11.43277 -11.50656 -11.59974 -11.69686
 -11.79408 -11.95192 -12.25301 -12.73676 -13.20339
 -11.37572 -11.38243 -11.39233 -11.41397 -11.45841 -11.53325 -11.62675 -11.72056
 -11.80967 -11.96287 -12.27432 -12.79153 -13.30386
 -11.42713 -11.43348 -11.44210 -11.46219 -11.50585 -11.58127 -11.67532 -11.76747
 -11.85178 -12.00263 -12.32207 -12.86317 -13.40823
 -11.49757 -11.50368 -11.51104 -11.52947 -11.57200 -11.64753 -11.74208 -11.83380
 -11.91607 -12.06662 -12.39214 -12.94910 -13.51611
 -11.58170 -11.58751 -11.59382 -11.61086 -11.65229 -11.72749 -11.82206 -11.91344
 -11.99469 -12.14527 -12.47437 -13.04042 -13.62120
 -11.67778 -11.68311 -11.68873 -11.70497 -11.74562 -11.82011 -11.91392 -12.00422
 -12.08401 -12.23365 -12.56352 -13.13329 -13.72206
 -11.78516 -11.78994 -11.79520 -11.81113 -11.85129 -11.92496 -12.01756 -12.10634
 -12.18439 -12.33240 -12.66119 -13.23115 -13.82382
 -11.89963 -11.90396 -11.90907 -11.92496 -11.96489 -12.03786 -12.12934 -12.21677
 -12.29335 -12.43982 -12.76699 -13.33560 -13.92953
 -12.01909 -12.02323 -12.02831 -12.04424 -12.08411 -12.15677 -12.24777 -12.33459
 -12.41055 -12.55633 -12.88265 -13.45035 -14.04437
 -12.14509 -12.14923 -12.15431 -12.17024 -12.21011 -12.28277 -12.37376 -12.46059
 -12.53655 -12.68233 -13.00865 -13.57635 -14.17037
 -12.27572 -12.27986 -12.28494 -12.30087 -12.34074 -12.41340 -12.50440 -12.59122
 -12.66718 -12.81296 -13.13928 -13.70698 -14.30100
 -12.40894 -12.41308 -12.41816 -12.43409 -12.47396 -12.54662 -12.63762 -12.72444
 -12.80040 -12.94618 -13.27250 -13.84020 -14.43422
 -12.54516 -12.54930 -12.55438 -12.57031 -12.61018 -12.68284 -12.77383 -12.86066
 -12.93662 -13.08240 -13.40872 -13.97642 -14.57044
 -12.68194 -12.68608 -12.69116 -12.70709 -12.74696 -12.81962 -12.91061 -12.99744
 -13.07340 -13.21918 -13.54550 -14.11320 -14.70722
 -12.82102 -12.82516 -12.83024 -12.84617 -12.88604 -12.95870 -13.04969 -13.13652
 -13.21248 -13.35826 -13.68458 -14.25228 -14.84630
 -12.96257 -12.96671 -12.97180 -12.98773 -13.02759 -13.10026 -13.19125 -13.27808
 -13.35404 -13.49982 -13.82613 -14.39384 -14.98786
 -13.10073 -13.10487 -13.10995 -13.12588 -13.16575 -13.23842 -13.32941 -13.41623
 -13.49219 -13.63797 -13.96429 -14.53199 -15.12601
 -13.24109 -13.24523 -13.25031 -13.26624 -13.30611 -13.37877 -13.46976 -13.55659
 -13.63255 -13.77833 -14.10465 -14.67235 -15.26637
 -13.38091 -13.38505 -13.39013 -13.40606 -13.44593 -13.51859 -13.60958 -13.69641
 -13.77237 -13.91815 -14.24447 -14.81217 -15.40619
 -13.51999 -13.52413 -13.52921 -13.54514 -13.58501 -13.65767 -13.74866 -13.83549
 -13.91145 -14.05723 -14.38355 -14.95125 -15.54527
 -13.65758 -13.66172 -13.66680 -13.68273 -13.72260 -13.79526 -13.88626 -13.97308
 -14.04904 -14.19482 -14.52114 -15.08884 -15.68286
 -13.79588 -13.80002 -13.80510 -13.82103 -13.86090 -13.93356 -14.02456 -14.11138
 -14.18734 -14.33312 -14.65944 -15.22714 -15.82116
 -13.93181 -13.93596 -13.94103 -13.95696 -13.99683 -14.06949 -14.16048 -14.24731
 -14.32327 -14.46905 -14.79537 -15.36307 -15.95709
 -14.06449 -14.06863 -14.07371 -14.08964 -14.12951 -14.20217 -14.29316 -14.37999
 -14.45595 -14.60173 -14.92805 -15.49575 -16.08977
 -14.19586 -14.20000 -14.20508 -14.22101 -14.26088 -14.33354 -14.42453 -14.51136
 -14.58732 -14.73310 -15.05942 -15.62712 -16.22113
 -14.32514 -14.32928 -14.33437 -14.35030 -14.39016 -14.46283 -14.55382 -14.64065
 -14.71661 -14.86239 -15.18870 -15.75641 -16.35042
 -14.45223 -14.45637 -14.46145 -14.47738 -14.51725 -14.58992 -14.68091 -14.76773
 -14.84369 -14.98947 -15.31579 -15.88349 -16.47749
 -14.57675 -14.58090 -14.58597 -14.60190 -14.64178 -14.71443 -14.80542 -14.89225
 -14.96821 -15.11399 -15.44032 -16.00801 -16.60202
 -14.69680 -14.70094 -14.70602 -14.72195 -14.76182 -14.83448 -14.92547 -15.01230
 -15.08826 -15.23404 -15.56036 -16.12805 -16.72208
 -14.81531 -14.81945 -14.82453 -14.84046 -14.88033 -14.95299 -15.04398 -15.13081
 -15.20677 -15.35255 -15.67887 -16.24657 -16.84058
 -14.93181 -14.93595 -14.94103 -14.95696 -14.99683 -15.06949 -15.16049 -15.24731
 -15.32327 -15.46905 -15.79537 -16.36307 -16.95708
 -15.04191 -15.04605 -15.05113 -15.06706 -15.10693 -15.17959 -15.27059 -15.35741
 -15.43337 -15.57915 -15.90547 -16.47316 -17.06718
 -15.14997 -15.15411 -15.15919 -15.17512 -15.21499 -15.28765 -15.37864 -15.46547
 -15.54143 -15.68721 -16.01352 -16.58121 -17.17523
 -15.25492 -15.25906 -15.26414 -15.28008 -15.31994 -15.39260 -15.48359 -15.57043
 -15.64638 -15.79216 -16.11848 -16.68617 -17.28020
 -15.35754 -15.36168 -15.36676 -15.38269 -15.42256 -15.49522 -15.58621 -15.67304
 -15.74900 -15.89478 -16.22108 -16.78879 -17.38281
 -15.45593 -15.46007 -15.46516 -15.48109 -15.52095 -15.59362 -15.68461 -15.77144
 -15.84740 -15.99318 -16.31949 -16.88721 -17.48122
 ---------------------------------------------------/ Z1= 3   / DATE= 22/07/91
 -11.40782 -11.40631 -11.40215 -11.39361 -11.37878 -11.35568 -11.32053 -11.24823
 -11.09976 -10.83615 -10.42268  -9.82738  -9.02430
 -11.47886 -11.47761 -11.47437 -11.46796 -11.45680 -11.43910 -11.41169 -11.35502
 -11.23884 -11.03169 -10.69023 -10.16330  -9.40728
 -11.54975 -11.54844 -11.54573 -11.54095 -11.53250 -11.51815 -11.49469 -11.44768
 -11.35523 -11.19337 -10.91439 -10.45504  -9.76024
 -11.61979 -11.61827 -11.61557 -11.61126 -11.60380 -11.59091 -11.56961 -11.52890
 -11.45250 -11.32176 -11.09112 -10.69731 -10.08469
 -11.69037 -11.68880 -11.68598 -11.68139 -11.67387 -11.66183 -11.64307 -11.60809
 -11.54265 -11.43064 -11.23484 -10.90421 -10.39338
 -11.75696 -11.75597 -11.75385 -11.74993 -11.74361 -11.73433 -11.72085 -11.69391
 -11.63896 -11.54049 -11.37284 -11.10365 -10.70362
 -11.79588 -11.79658 -11.79697 -11.79643 -11.79496 -11.79291 -11.78990 -11.77620
 -11.73596 -11.65337 -11.51424 -11.30543 -11.01410
 -11.74958 -11.75353 -11.75916 -11.76640 -11.77569 -11.78780 -11.80266 -11.81011
 -11.79332 -11.73623 -11.63290 -11.48405 -11.28855
 -11.59007 -11.59833 -11.61120 -11.62961 -11.65428 -11.68583 -11.72404 -11.75875
 -11.77327 -11.75195 -11.69314 -11.60433 -11.48968
 -11.38616 -11.39829 -11.41789 -11.44695 -11.48645 -11.53670 -11.59721 -11.65858
 -11.70548 -11.72373 -11.71368 -11.68523 -11.64384
 -11.20691 -11.22094 -11.24420 -11.27948 -11.32803 -11.39010 -11.46530 -11.54591
 -11.61937 -11.67421 -11.71240 -11.74482 -11.77676
 -11.07676 -11.09039 -11.11359 -11.14950 -11.19975 -11.26505 -11.34554 -11.43587
 -11.52709 -11.61121 -11.69279 -11.78460 -11.89260
 -10.99568 -11.00765 -11.02853 -11.06148 -11.10867 -11.17166 -11.25160 -11.34535
 -11.44694 -11.55147 -11.66765 -11.81308 -11.99700
 -10.95468 -10.96475 -10.98262 -11.01116 -11.05324 -11.11171 -11.18908 -11.28333
 -11.38953 -11.50423 -11.64247 -11.83139 -12.08786
 -10.95078 -10.95932 -10.97437 -10.99837 -11.03498 -11.08874 -11.16365 -11.25756
 -11.36427 -11.47980 -11.62744 -11.84842 -12.17145
 -10.97469 -10.98203 -10.99461 -11.01431 -11.04563 -11.09492 -11.16778 -11.26104
 -11.36581 -11.47629 -11.62477 -11.86856 -12.25021
 -11.01773 -11.02422 -11.03476 -11.05069 -11.07736 -11.12284 -11.19421 -11.28697
 -11.38902 -11.49219 -11.63722 -11.89692 -12.32734
 -11.07936 -11.08531 -11.09434 -11.10736 -11.13045 -11.17312 -11.24373 -11.33659
 -11.43672 -11.53387 -11.67538 -11.94646 -12.41397
 -11.15552 -11.16115 -11.16917 -11.18018 -11.20084 -11.24174 -11.31224 -11.40578
 -11.50536 -11.59916 -11.73900 -12.01847 -12.51181
 -11.24336 -11.24877 -11.25610 -11.26576 -11.28480 -11.32463 -11.39528 -11.48966
 -11.58939 -11.68160 -11.82098 -12.10656 -12.61735
 -11.34199 -11.34714 -11.35393 -11.36264 -11.38056 -11.41962 -11.49032 -11.58523
 -11.68513 -11.77649 -11.91588 -12.20593 -12.72879
 -11.44855 -11.45336 -11.45969 -11.46766 -11.48472 -11.52308 -11.59351 -11.68841
 -11.78810 -11.87870 -12.01810 -12.31125 -12.84241
 -11.56384 -11.56832 -11.57425 -11.58165 -11.59797 -11.63560 -11.70543 -11.79979
 -11.89884 -11.98862 -12.12776 -12.42252 -12.95837
 -11.68403 -11.68829 -11.69391 -11.70080 -11.71643 -11.75320 -11.82207 -11.91540
 -12.01339 -12.10212 -12.24051 -12.53524 -13.07226
 -11.80967 -11.81385 -11.81924 -11.82569 -11.84063 -11.87647 -11.94416 -12.03615
 -12.13280 -12.22031 -12.35753 -12.65093 -13.18639
 -11.93554 -11.93972 -11.94496 -11.95107 -11.96545 -12.00047 -12.06705 -12.15778
 -12.25315 -12.33956 -12.47558 -12.76719 -13.29996
 -12.06854 -12.07275 -12.07791 -12.08383 -12.09786 -12.13237 -12.19824 -12.28813
 -12.38268 -12.46838 -12.60359 -12.89386 -13.42444
 -12.20204 -12.20625 -12.21141 -12.21730 -12.23128 -12.26570 -12.33146 -12.42121
 -12.51563 -12.60122 -12.73629 -13.02633 -13.55653
 -12.33724 -12.34145 -12.34661 -12.35250 -12.36648 -12.40090 -12.46666 -12.55641
 -12.65083 -12.73642 -12.87149 -13.16153 -13.69173
 -12.47237 -12.47659 -12.48175 -12.48763 -12.50162 -12.53604 -12.60180 -12.69155
 -12.78597 -12.87156 -13.00663 -13.29667 -13.82687
 -12.60907 -12.61329 -12.61844 -12.62432 -12.63830 -12.67273 -12.73849 -12.82824
 -12.92266 -13.00826 -13.14332 -13.43336 -13.96356
 -12.74473 -12.74895 -12.75410 -12.75999 -12.77397 -12.80839 -12.87415 -12.96391
 -13.05833 -13.14391 -13.27899 -13.56902 -14.09922
 -12.87943 -12.88364 -12.88880 -12.89469 -12.90867 -12.94309 -13.00885 -13.09860
 -13.19302 -13.27861 -13.41368 -13.70372 -14.23392
 -13.01278 -13.01699 -13.02215 -13.02803 -13.04202 -13.07644 -13.14220 -13.23195
 -13.32637 -13.41196 -13.54703 -13.83707 -14.36727
 -13.14509 -13.14930 -13.15446 -13.16035 -13.17433 -13.20875 -13.27451 -13.36426
 -13.45868 -13.54427 -13.67934 -13.96938 -14.49958
 -13.27572 -13.27993 -13.28509 -13.29098 -13.30496 -13.33938 -13.40514 -13.49490
 -13.58932 -13.67490 -13.80998 -14.10001 -14.63021
 -13.40340 -13.40761 -13.41277 -13.41866 -13.43264 -13.46706 -13.53282 -13.62258
 -13.71700 -13.80258 -13.93766 -14.22769 -14.75789
 -13.52871 -13.53292 -13.53808 -13.54397 -13.55795 -13.59237 -13.65813 -13.74788
 -13.84230 -13.92789 -14.06296 -14.35300 -14.88320
 -13.65170 -13.65591 -13.66107 -13.66696 -13.68094 -13.71536 -13.78112 -13.87087
 -13.96529 -14.05088 -14.18595 -14.47599 -15.00619
 -13.77211 -13.77633 -13.78149 -13.78737 -13.80136 -13.83578 -13.90154 -13.99129
 -14.08571 -14.17130 -14.30637 -14.59641 -15.12661
 -13.88606 -13.89028 -13.89544 -13.90132 -13.91530 -13.94973 -14.01549 -14.10524
 -14.19966 -14.28525 -14.42032 -14.71036 -15.24056
 -14.00000 -14.00422 -14.00937 -14.01526 -14.02924 -14.06366 -14.12942 -14.21918
 -14.31360 -14.39918 -14.53426 -14.82429 -15.35449
 -14.10902 -14.11323 -14.11839 -14.12428 -14.13826 -14.17268 -14.23844 -14.32819
 -14.42261 -14.50820 -14.64327 -14.93331 -15.46351
 -14.21467 -14.21888 -14.22404 -14.22992 -14.24391 -14.27833 -14.34409 -14.43384
 -14.52826 -14.61385 -14.74892 -15.03896 -15.56916
 -14.31695 -14.32116 -14.32632 -14.33221 -14.34619 -14.38061 -14.44637 -14.53612
 -14.63054 -14.71613 -14.85120 -15.14124 -15.67144
 -14.41567 -14.41988 -14.42504 -14.43093 -14.44491 -14.47933 -14.54509 -14.63485
 -14.72927 -14.81485 -14.94993 -15.23996 -15.77016
 -14.51145 -14.51566 -14.52082 -14.52671 -14.54069 -14.57511 -14.64087 -14.73063
 -14.82505 -14.91063 -15.04571 -15.33574 -15.86594
 -14.60380 -14.60801 -14.61317 -14.61906 -14.63304 -14.66746 -14.73322 -14.82297
 -14.91739 -15.00298 -15.13805 -15.42809 -15.95829
 -14.69465 -14.69886 -14.70402 -14.70991 -14.72389 -14.75831 -14.82407 -14.91382
 -15.00824 -15.09383 -15.22890 -15.51894 -16.04913
 -14.78252 -14.78674 -14.79190 -14.79778 -14.81177 -14.84619 -14.91195 -15.00170
 -15.09612 -15.18171 -15.31678 -15.60682 -16.13701
 -14.86646 -14.87068 -14.87584 -14.88172 -14.89570 -14.93013 -14.99589 -15.08564
 -15.18006 -15.26565 -15.40072 -15.69076 -16.22095
 ---------------------------------------------------/ Z1= 4   / DATE= 22/07/91
 -11.07366 -11.07134 -11.06697 -11.05922 -11.04614 -11.02073 -10.97363 -10.89187
 -10.73461 -10.44804  -9.98454  -9.34539  -8.55465
 -11.14327 -11.14184 -11.13872 -11.13227 -11.12055 -11.09948 -11.06395 -11.00513
 -10.88553 -10.65429 -10.26486  -9.70479  -8.97753
 -11.21325 -11.21232 -11.20991 -11.20422 -11.19344 -11.17549 -11.14823 -11.10596
 -11.01581 -10.83223 -10.51184 -10.02892  -9.36593
 -11.28233 -11.28144 -11.27912 -11.27366 -11.26344 -11.24727 -11.22417 -11.19023
 -11.11878 -10.97255 -10.71412 -10.30545  -9.70822
 -11.35067 -11.34993 -11.34791 -11.34329 -11.33467 -11.32094 -11.30105 -11.27182
 -11.21319 -11.09731 -10.89400 -10.55595 -10.02779
 -11.40340 -11.40363 -11.40332 -11.40154 -11.39735 -11.38936 -11.37602 -11.35428
 -11.30958 -11.22197 -11.06792 -10.79620 -10.34264
 -11.40340 -11.40598 -11.40953 -11.41370 -11.41800 -11.42097 -11.42074 -11.41429
 -11.39013 -11.33282 -11.22314 -11.01302 -10.64089
 -11.30190 -11.30780 -11.31679 -11.32910 -11.34481 -11.36258 -11.38042 -11.39540
 -11.39721 -11.37209 -11.30329 -11.15087 -10.86407
 -11.12960 -11.13913 -11.15409 -11.17534 -11.20352 -11.23752 -11.27543 -11.31440
 -11.34441 -11.35209 -11.32215 -11.22469 -11.02300
 -10.95468 -10.96747 -10.98792 -11.01747 -11.05733 -11.10664 -11.16362 -11.22556
 -11.28282 -11.32256 -11.33096 -11.28692 -11.16598
 -10.81816 -10.83328 -10.85779 -10.89369 -10.94269 -11.00417 -11.07646 -11.15708
 -11.23769 -11.30716 -11.35384 -11.36201 -11.31406
 -10.72354 -10.73979 -10.76648 -10.80598 -10.86036 -10.92930 -11.01140 -11.10464
 -11.20253 -11.29646 -11.37741 -11.43327 -11.45045
 -10.67162 -10.68769 -10.71432 -10.75399 -10.80890 -10.87922 -10.96418 -11.06258
 -11.16978 -11.27960 -11.38567 -11.48041 -11.55567
 -10.65365 -10.66818 -10.69240 -10.72852 -10.77858 -10.84353 -10.92376 -11.01927
 -11.12688 -11.24191 -11.36022 -11.48184 -11.60871
 -10.66555 -10.67775 -10.69812 -10.72837 -10.77024 -10.82562 -10.89649 -10.98433
 -11.08676 -11.19959 -11.32023 -11.45857 -11.63032
 -10.70115 -10.71090 -10.72717 -10.75113 -10.78418 -10.82927 -10.89015 -10.96985
 -11.06608 -11.17409 -11.29197 -11.44016 -11.64954
 -10.75449 -10.76224 -10.77517 -10.79402 -10.81991 -10.85690 -10.91046 -10.98506
 -11.07783 -11.18241 -11.29662 -11.45074 -11.69022
 -10.82102 -10.82731 -10.83778 -10.85284 -10.87346 -10.90473 -10.95369 -11.02615
 -11.11812 -11.22106 -11.33182 -11.48936 -11.75225
 -10.89963 -10.90491 -10.91365 -10.92602 -10.94285 -10.97016 -11.01641 -11.08848
 -11.18116 -11.28359 -11.39140 -11.55078 -11.83151
 -10.98716 -10.99180 -10.99940 -11.00991 -11.02406 -11.04860 -11.09312 -11.16538
 -11.25911 -11.36150 -11.46711 -11.62772 -11.92186
 -11.08619 -11.09048 -11.09738 -11.10665 -11.11886 -11.14131 -11.18435 -11.25641
 -11.35061 -11.45291 -11.55721 -11.71920 -12.02339
 -11.19179 -11.19589 -11.20237 -11.21080 -11.22166 -11.24252 -11.28428 -11.35579
 -11.44989 -11.55197 -11.65569 -11.81920 -12.13074
 -11.30364 -11.30760 -11.31376 -11.32161 -11.33154 -11.35130 -11.39207 -11.46293
 -11.55667 -11.65850 -11.76207 -11.92702 -12.24377
 -11.42251 -11.42627 -11.43208 -11.43943 -11.44873 -11.46782 -11.50794 -11.57828
 -11.67164 -11.77322 -11.87678 -12.04285 -12.36316
 -11.54516 -11.54870 -11.55414 -11.56104 -11.56988 -11.58849 -11.62814 -11.69800
 -11.79093 -11.89216 -11.99557 -12.16219 -12.48443
 -11.67162 -11.67494 -11.68006 -11.68656 -11.69494 -11.71305 -11.75215 -11.82142
 -11.91374 -12.01436 -12.11721 -12.28355 -12.60606
 -11.80134 -11.80450 -11.80940 -11.81554 -11.82337 -11.84077 -11.87908 -11.94754
 -12.03901 -12.13868 -12.24040 -12.40548 -12.72665
 -11.93181 -11.93487 -11.93964 -11.94548 -11.95274 -11.96936 -12.00679 -12.07439
 -12.16494 -12.26353 -12.36386 -12.52719 -12.84622
 -12.06449 -12.06750 -12.07220 -12.07784 -12.08466 -12.10064 -12.13735 -12.20425
 -12.29406 -12.39175 -12.49092 -12.65269 -12.96969
 -12.19791 -12.20090 -12.20558 -12.21115 -12.21778 -12.23349 -12.26989 -12.33649
 -12.42599 -12.52329 -12.62194 -12.78301 -13.09908
 -12.33068 -12.33367 -12.33835 -12.34392 -12.35056 -12.36626 -12.40266 -12.46926
 -12.55876 -12.65605 -12.75471 -12.91578 -13.23185
 -12.46344 -12.46643 -12.47111 -12.47668 -12.48331 -12.49901 -12.53542 -12.60201
 -12.69152 -12.78881 -12.88746 -13.04854 -13.36460
 -12.59688 -12.59987 -12.60456 -12.61012 -12.61676 -12.63246 -12.66886 -12.73546
 -12.82496 -12.92226 -13.02091 -13.18198 -13.49805
 -12.72584 -12.72883 -12.73352 -12.73908 -12.74572 -12.76142 -12.79782 -12.86442
 -12.95392 -13.05122 -13.14987 -13.31094 -13.62701
 -12.85699 -12.85998 -12.86467 -12.87023 -12.87687 -12.89257 -12.92897 -12.99557
 -13.08507 -13.18237 -13.28102 -13.44210 -13.75816
 -12.98297 -12.98596 -12.99065 -12.99621 -13.00285 -13.01855 -13.05496 -13.12155
 -13.21105 -13.30835 -13.40700 -13.56808 -13.88414
 -13.10568 -13.10868 -13.11336 -13.11892 -13.12556 -13.14126 -13.17767 -13.24426
 -13.33377 -13.43106 -13.52971 -13.69079 -14.00686
 -13.22694 -13.22993 -13.23462 -13.24018 -13.24682 -13.26252 -13.29892 -13.36552
 -13.45502 -13.55232 -13.65097 -13.81205 -14.12811
 -13.34486 -13.34785 -13.35254 -13.35810 -13.36474 -13.38044 -13.41684 -13.48344
 -13.57294 -13.67024 -13.76889 -13.92996 -14.24603
 -13.45842 -13.46141 -13.46609 -13.47166 -13.47830 -13.49400 -13.53040 -13.59700
 -13.68650 -13.78380 -13.88245 -14.04352 -14.35959
 -13.57025 -13.57324 -13.57792 -13.58349 -13.59013 -13.60583 -13.64223 -13.70883
 -13.79833 -13.89562 -13.99428 -14.15535 -14.47142
 -13.67778 -13.68077 -13.68545 -13.69102 -13.69765 -13.71335 -13.74976 -13.81635
 -13.90586 -14.00315 -14.10180 -14.26288 -14.57894
 -13.77989 -13.78288 -13.78757 -13.79313 -13.79977 -13.81547 -13.85187 -13.91847
 -14.00797 -14.10527 -14.20392 -14.36499 -14.68106
 -13.88273 -13.88572 -13.89041 -13.89597 -13.90261 -13.91831 -13.95471 -14.02131
 -14.11081 -14.20811 -14.30676 -14.46783 -14.78390
 -13.97881 -13.98180 -13.98649 -13.99205 -13.99869 -14.01439 -14.05079 -14.11739
 -14.20689 -14.30419 -14.40284 -14.56392 -14.87998
 -14.07212 -14.07511 -14.07980 -14.08536 -14.09200 -14.10770 -14.14411 -14.21070
 -14.30020 -14.39750 -14.49615 -14.65723 -14.97329
 -14.16304 -14.16603 -14.17072 -14.17628 -14.18292 -14.19862 -14.23503 -14.30162
 -14.39112 -14.48842 -14.58707 -14.74815 -15.06421
 -14.25104 -14.25403 -14.25872 -14.26428 -14.27092 -14.28662 -14.32302 -14.38962
 -14.47912 -14.57642 -14.67507 -14.83615 -15.15221
 -14.33630 -14.33929 -14.34398 -14.34954 -14.35618 -14.37188 -14.40828 -14.47488
 -14.56438 -14.66168 -14.76033 -14.92140 -15.23747
 -14.42022 -14.42321 -14.42789 -14.43346 -14.44010 -14.45580 -14.49220 -14.55880
 -14.64830 -14.74560 -14.84425 -15.00532 -15.32139
 -14.50169 -14.50468 -14.50936 -14.51493 -14.52157 -14.53727 -14.57367 -14.64027
 -14.72977 -14.82706 -14.92572 -15.08679 -15.40286
 ---------------------------------------------------/ Z1= 5   / DATE= 22/07/91
 -10.81816 -10.81538 -10.81002 -10.80161 -10.78973 -10.76970 -10.72444 -10.63463
 -10.47236 -10.18487  -9.71490  -9.03276  -8.18894
 -10.88606 -10.88388 -10.87983 -10.87298 -10.86235 -10.84402 -10.80542 -10.73246
 -10.60158 -10.36184  -9.95732  -9.35484  -8.58725
 -10.95468 -10.95309 -10.95031 -10.94499 -10.93563 -10.91902 -10.88702 -10.83062
 -10.73058 -10.53793 -10.19835  -9.67531  -8.98398
 -11.02411 -11.02304 -11.02137 -11.01746 -11.00940 -10.99467 -10.96892 -10.92746
 -10.85506 -10.70577 -10.42811  -9.98311  -9.36814
 -11.09259 -11.09192 -11.09104 -11.08824 -11.08156 -11.06904 -11.04885 -11.01913
 -10.96807 -10.85477 -10.63311 -10.26343  -9.72500
 -11.15927 -11.15886 -11.15835 -11.15633 -11.15115 -11.14136 -11.12598 -11.10414
 -11.06666 -10.98016 -10.80690 -10.50888 -10.04736
 -11.21681 -11.21657 -11.21618 -11.21479 -11.21142 -11.20509 -11.19485 -11.17978
 -11.15275 -11.08873 -10.95938 -10.72983 -10.34600
 -11.22621 -11.22613 -11.22584 -11.22521 -11.22410 -11.22222 -11.21879 -11.21291
 -11.19931 -11.15988 -11.07416 -10.91068 -10.60586
 -11.13077 -11.13092 -11.13087 -11.13129 -11.13298 -11.13662 -11.14243 -11.15059
 -11.15761 -11.14937 -11.10983 -11.01035 -10.78569
 -10.94310 -10.94351 -10.94380 -10.94543 -10.95010 -10.95961 -10.97585 -11.00076
 -11.03265 -11.05911 -11.06582 -11.02658 -10.88066
 -10.74715 -10.74778 -10.74842 -10.75120 -10.75861 -10.77346 -10.79953 -10.84074
 -10.89705 -10.95676 -11.00604 -11.02114 -10.94932
 -10.58670 -10.58746 -10.58836 -10.59201 -10.60143 -10.62024 -10.65377 -10.70762
 -10.78323 -10.86976 -10.95418 -11.01555 -11.01000
 -10.47886 -10.47960 -10.48060 -10.48468 -10.49508 -10.51581 -10.55312 -10.61363
 -10.70002 -10.80336 -10.91261 -11.01036 -11.06064
 -10.41680 -10.41743 -10.41843 -10.42254 -10.43293 -10.45368 -10.49150 -10.55359
 -10.64361 -10.75496 -10.87913 -11.00270 -11.09783
 -10.39362 -10.39414 -10.39508 -10.39890 -10.40845 -10.42763 -10.46350 -10.52370
 -10.61266 -10.72555 -10.85587 -10.99429 -11.12327
 -10.40230 -10.40275 -10.40364 -10.40696 -10.41501 -10.43145 -10.46375 -10.52011
 -10.60557 -10.71589 -10.84513 -10.98792 -11.14026
 -10.43652 -10.43696 -10.43780 -10.44052 -10.44679 -10.45990 -10.48792 -10.53976
 -10.62087 -10.72668 -10.85078 -10.99125 -11.15920
 -10.48946 -10.48994 -10.49079 -10.49295 -10.49748 -10.50741 -10.53139 -10.57914
 -10.65650 -10.75806 -10.87642 -11.01251 -11.19151
 -10.55909 -10.55964 -10.56054 -10.56229 -10.56546 -10.57285 -10.59379 -10.63878
 -10.71404 -10.81332 -10.92811 -11.06142 -11.24960
 -10.64397 -10.64462 -10.64561 -10.64711 -10.64927 -10.65477 -10.67355 -10.71692
 -10.79146 -10.89014 -11.00344 -11.13575 -11.33173
 -10.73755 -10.73825 -10.73939 -10.74078 -10.74223 -10.74629 -10.76354 -10.80598
 -10.88058 -10.97961 -11.09269 -11.22507 -11.42750
 -10.84164 -10.84239 -10.84369 -10.84511 -10.84607 -10.84901 -10.86503 -10.90679
 -10.98161 -11.08121 -11.19452 -11.32740 -11.53490
 -10.95468 -10.95541 -10.95691 -10.95843 -10.95905 -10.96104 -10.97594 -11.01694
 -11.09165 -11.19147 -11.30486 -11.43811 -11.64936
 -11.07058 -11.07124 -11.07286 -11.07443 -11.07476 -11.07599 -11.08993 -11.13015
 -11.20451 -11.30422 -11.41751 -11.55102 -11.76496
 -11.19382 -11.19438 -11.19592 -11.19734 -11.19735 -11.19801 -11.21128 -11.25089
 -11.32482 -11.42426 -11.53741 -11.67119 -11.88707
 -11.32057 -11.32099 -11.32221 -11.32321 -11.32279 -11.32308 -11.33602 -11.37527
 -11.44880 -11.54791 -11.66094 -11.79506 -12.01233
 -11.44977 -11.45008 -11.45093 -11.45144 -11.45058 -11.45059 -11.46327 -11.50218
 -11.57521 -11.67383 -11.78656 -11.92078 -12.13871
 -11.58170 -11.58198 -11.58266 -11.58289 -11.58170 -11.58134 -11.59357 -11.63186
 -11.70409 -11.80186 -11.91386 -12.04757 -12.26513
 -11.71444 -11.71480 -11.71566 -11.71602 -11.71469 -11.71379 -11.72516 -11.76237
 -11.83341 -11.92992 -12.04062 -12.17300 -12.38906
 -11.85078 -11.85129 -11.85256 -11.85330 -11.85196 -11.85047 -11.86081 -11.89677
 -11.96650 -12.06162 -12.17083 -12.30151 -12.51555
 -11.98297 -11.98362 -11.98529 -11.98642 -11.98514 -11.98318 -11.99265 -12.02759
 -12.09627 -12.19029 -12.29826 -12.42749 -12.63978
 -12.11804 -12.11874 -12.12058 -12.12189 -12.12066 -12.11849 -12.12764 -12.16216
 -12.23042 -12.32401 -12.43149 -12.56013 -12.77170
 -12.25104 -12.25175 -12.25359 -12.25489 -12.25365 -12.25150 -12.26063 -12.29516
 -12.36342 -12.45701 -12.56449 -12.69313 -12.90469
 -12.38300 -12.38370 -12.38555 -12.38685 -12.38561 -12.38346 -12.39259 -12.42712
 -12.49538 -12.58897 -12.69645 -12.82509 -13.03665
 -12.51286 -12.51357 -12.51541 -12.51671 -12.51548 -12.51332 -12.52245 -12.55698
 -12.62524 -12.71883 -12.82631 -12.95495 -13.16651
 -12.64016 -12.64087 -12.64271 -12.64401 -12.64278 -12.64062 -12.64975 -12.68428
 -12.75254 -12.84613 -12.95361 -13.08225 -13.29381
 -12.76700 -12.76771 -12.76955 -12.77085 -12.76962 -12.76746 -12.77659 -12.81112
 -12.87938 -12.97297 -13.08045 -13.20909 -13.42065
 -12.88941 -12.89012 -12.89196 -12.89326 -12.89203 -12.88987 -12.89900 -12.93353
 -13.00179 -13.09538 -13.20286 -13.33150 -13.54306
 -13.00745 -13.00816 -13.01000 -13.01130 -13.01006 -13.00791 -13.01704 -13.05157
 -13.11983 -13.21342 -13.32090 -13.44954 -13.66110
 -13.12321 -13.12391 -13.12574 -13.12706 -13.12581 -13.12366 -13.13280 -13.16733
 -13.23559 -13.32917 -13.43664 -13.56530 -13.77685
 -13.23508 -13.23578 -13.23762 -13.23893 -13.23769 -13.23554 -13.24467 -13.27919
 -13.34746 -13.44105 -13.54852 -13.67717 -13.88873
 -13.34294 -13.34364 -13.34548 -13.34679 -13.34555 -13.34339 -13.35253 -13.38705
 -13.45532 -13.54890 -13.65638 -13.78503 -13.99659
 -13.44855 -13.44926 -13.45110 -13.45240 -13.45116 -13.44901 -13.45814 -13.49267
 -13.56093 -13.65452 -13.76200 -13.89064 -14.10220
 -13.54821 -13.54891 -13.55076 -13.55206 -13.55082 -13.54867 -13.55780 -13.59233
 -13.66059 -13.75418 -13.86166 -13.99030 -14.20186
 -13.64589 -13.64660 -13.64844 -13.64974 -13.64851 -13.64635 -13.65548 -13.69001
 -13.75827 -13.85186 -13.95934 -14.08798 -14.29954
 -13.73993 -13.74064 -13.74248 -13.74378 -13.74255 -13.74039 -13.74952 -13.78405
 -13.85231 -13.94590 -14.05338 -14.18202 -14.39358
 -13.82974 -13.83045 -13.83229 -13.83359 -13.83236 -13.83020 -13.83933 -13.87386
 -13.94212 -14.03571 -14.14319 -14.27183 -14.48339
 -13.91721 -13.91792 -13.91976 -13.92106 -13.91983 -13.91767 -13.92680 -13.96133
 -14.02959 -14.12318 -14.23066 -14.35930 -14.57086
 -14.00436 -14.00508 -14.00692 -14.00821 -14.00698 -14.00483 -14.01396 -14.04848
 -14.11674 -14.21033 -14.31781 -14.44646 -14.65802
 -14.08725 -14.08795 -14.08979 -14.09110 -14.08986 -14.08771 -14.09684 -14.13137
 -14.19963 -14.29322 -14.40069 -14.52934 -14.74090
 -14.16749 -14.16819 -14.17003 -14.17134 -14.17010 -14.16795 -14.17708 -14.21160
 -14.27987 -14.37346 -14.48093 -14.60958 -14.82114
 ---------------------------------------------------/ Z1= 6   / DATE= 22/07/91
 -10.64589 -10.64267 -10.63587 -10.62528 -10.61160 -10.59470 -10.55823 -10.47178
 -10.30385 -10.01203  -9.54440  -8.85277  -7.96279
 -10.71444 -10.71185 -10.70646 -10.69787 -10.68620 -10.67087 -10.63855 -10.56482
 -10.42408 -10.17622  -9.76853  -9.15146  -8.34039
 -10.78252 -10.78056 -10.77659 -10.77000 -10.76033 -10.74657 -10.71841 -10.65741
 -10.54384 -10.33995  -9.99223  -9.44973  -8.71758
 -10.85078 -10.84945 -10.84688 -10.84230 -10.83463 -10.82246 -10.79846 -10.75016
 -10.66376 -10.50379 -10.21599  -9.74808  -9.09488
 -10.92082 -10.92009 -10.91887 -10.91623 -10.91059 -10.90019 -10.88053 -10.84477
 -10.78462 -10.66725 -10.43843 -10.04528  -9.47240
 -10.98716 -10.98693 -10.98684 -10.98598 -10.98248 -10.97442 -10.95966 -10.93586
 -10.89927 -10.82048 -10.64775 -10.32999  -9.84156
 -11.03152 -11.03158 -11.03231 -11.03295 -11.03175 -11.02699 -11.01805 -11.00528
 -10.98773 -10.94082 -10.81934 -10.57794 -10.18086
 -11.00524 -11.00547 -11.00676 -11.00870 -11.01004 -11.00958 -11.00742 -11.00483
 -11.00207 -10.98054 -10.90517 -10.73988 -10.43947
 -10.86646 -10.86692 -10.86883 -10.87222 -10.87644 -10.88086 -10.88602 -10.89343
 -10.90390 -10.90486 -10.87210 -10.77954 -10.57457
 -10.66555 -10.66647 -10.66941 -10.67473 -10.68222 -10.69172 -10.70432 -10.72221
 -10.74709 -10.77138 -10.77938 -10.75301 -10.63545
 -10.48149 -10.48315 -10.48754 -10.49524 -10.50622 -10.52053 -10.54016 -10.56877
 -10.60969 -10.65877 -10.70541 -10.73637 -10.69430
 -10.34294 -10.34543 -10.35137 -10.36145 -10.37563 -10.39399 -10.41955 -10.45780
 -10.51397 -10.58624 -10.66674 -10.74492 -10.76603
 -10.25414 -10.25734 -10.26458 -10.27654 -10.29310 -10.31429 -10.34399 -10.38941
 -10.45748 -10.54805 -10.65480 -10.76896 -10.84074
 -10.20761 -10.21122 -10.21915 -10.23204 -10.24964 -10.27195 -10.30335 -10.35212
 -10.42626 -10.52701 -10.64970 -10.78747 -10.89724
 -10.19382 -10.19750 -10.20541 -10.21814 -10.23538 -10.25703 -10.28765 -10.33585
 -10.41004 -10.51273 -10.64125 -10.79111 -10.92711
 -10.20482 -10.20828 -10.21569 -10.22751 -10.24333 -10.26298 -10.29102 -10.33612
 -10.40680 -10.50653 -10.63435 -10.78781 -10.94046
 -10.23210 -10.23520 -10.24182 -10.25228 -10.26605 -10.28281 -10.30719 -10.34809
 -10.41429 -10.50968 -10.63394 -10.78569 -10.94767
 -10.27409 -10.27673 -10.28246 -10.29142 -10.30287 -10.31632 -10.33662 -10.37322
 -10.43544 -10.52712 -10.64736 -10.79471 -10.96099
 -10.32790 -10.33006 -10.33492 -10.34245 -10.35167 -10.36191 -10.37826 -10.41093
 -10.46989 -10.55870 -10.67530 -10.81757 -10.98560
 -10.39470 -10.39641 -10.40054 -10.40695 -10.41440 -10.42199 -10.43510 -10.46462
 -10.52118 -10.60807 -10.72215 -10.86061 -11.03024
 -10.47366 -10.47497 -10.47859 -10.48425 -10.49050 -10.49621 -10.50698 -10.53426
 -10.58925 -10.67511 -10.78799 -10.92465 -11.09684
 -10.56225 -10.56324 -10.56652 -10.57173 -10.57720 -10.58162 -10.59074 -10.61647
 -10.67047 -10.75589 -10.86846 -11.00469 -11.17986
 -10.66154 -10.66231 -10.66538 -10.67033 -10.67530 -10.67880 -10.68671 -10.71132
 -10.76468 -10.84995 -10.96260 -11.09902 -11.27699
 -10.76955 -10.77022 -10.77319 -10.77796 -10.78255 -10.78530 -10.79221 -10.81589
 -10.86868 -10.95378 -11.06646 -11.20297 -11.38294
 -10.88606 -10.88672 -10.88965 -10.89428 -10.89850 -10.90058 -10.90659 -10.92939
 -10.98159 -11.06639 -11.17885 -11.31509 -11.49613
 -11.00524 -11.00592 -11.00882 -11.01331 -11.01721 -11.01870 -11.02393 -11.04597
 -11.09759 -11.18201 -11.29414 -11.43001 -11.61164
 -11.13077 -11.13143 -11.13425 -11.13859 -11.14219 -11.14321 -11.14782 -11.16924
 -11.22034 -11.30440 -11.41625 -11.55193 -11.73408
 -11.25964 -11.26021 -11.26291 -11.26708 -11.27042 -11.27106 -11.27520 -11.29610
 -11.34673 -11.43039 -11.54198 -11.67758 -11.86017
 -11.39147 -11.39192 -11.39448 -11.39846 -11.40157 -11.40188 -11.40559 -11.42599
 -11.47607 -11.55916 -11.67020 -11.80533 -11.98773
 -11.52578 -11.52611 -11.52852 -11.53235 -11.53523 -11.53519 -11.53843 -11.55822
 -11.60757 -11.68977 -11.79971 -11.93348 -12.11444
 -11.65956 -11.65978 -11.66209 -11.66578 -11.66844 -11.66805 -11.67076 -11.68986
 -11.73832 -11.81937 -11.92771 -12.05929 -12.23770
 -11.79588 -11.79603 -11.79826 -11.80186 -11.80434 -11.80365 -11.80589 -11.82436
 -11.87201 -11.95194 -12.05868 -12.18799 -12.36368
 -11.93181 -11.93192 -11.93411 -11.93765 -11.94003 -11.93914 -11.94109 -11.95914
 -12.00626 -12.08547 -12.19112 -12.31886 -12.49265
 -12.06702 -12.06713 -12.06931 -12.07284 -12.07521 -12.07429 -12.07619 -12.09417
 -12.14120 -12.22028 -12.32575 -12.45321 -12.62667
 -12.20135 -12.20146 -12.20364 -12.20717 -12.20954 -12.20862 -12.21052 -12.22851
 -12.27553 -12.35461 -12.46008 -12.58754 -12.76101
 -12.33442 -12.33453 -12.33671 -12.34024 -12.34261 -12.34169 -12.34359 -12.36158
 -12.40861 -12.48768 -12.59315 -12.72062 -12.89408
 -12.46597 -12.46608 -12.46826 -12.47179 -12.47416 -12.47324 -12.47514 -12.49313
 -12.54016 -12.61923 -12.72470 -12.85217 -13.02563
 -12.59517 -12.59528 -12.59746 -12.60099 -12.60336 -12.60244 -12.60434 -12.62233
 -12.66935 -12.74843 -12.85390 -12.98136 -13.15483
 -12.72354 -12.72365 -12.72583 -12.72936 -12.73173 -12.73081 -12.73271 -12.75069
 -12.79772 -12.87680 -12.98227 -13.10973 -13.28319
 -12.84771 -12.84782 -12.85000 -12.85353 -12.85590 -12.85498 -12.85688 -12.87486
 -12.92189 -13.00097 -13.10644 -13.23390 -13.40736
 -12.96658 -12.96669 -12.96887 -12.97240 -12.97476 -12.97384 -12.97575 -12.99373
 -13.04076 -13.11984 -13.22531 -13.35277 -13.52623
 -13.08513 -13.08523 -13.08742 -13.09095 -13.09331 -13.09239 -13.09429 -13.11228
 -13.15931 -13.23839 -13.34385 -13.47132 -13.64478
 -13.19928 -13.19939 -13.20157 -13.20510 -13.20747 -13.20655 -13.20845 -13.22643
 -13.27346 -13.35254 -13.45801 -13.58547 -13.75893
 -13.30892 -13.30903 -13.31121 -13.31474 -13.31711 -13.31619 -13.31809 -13.33607
 -13.38310 -13.46218 -13.56765 -13.69511 -13.86857
 -13.41567 -13.41578 -13.41796 -13.42149 -13.42386 -13.42294 -13.42484 -13.44283
 -13.48985 -13.56893 -13.67440 -13.80186 -13.97533
 -13.51856 -13.51867 -13.52085 -13.52438 -13.52675 -13.52583 -13.52773 -13.54572
 -13.59275 -13.67182 -13.77729 -13.90476 -14.07822
 -13.61798 -13.61809 -13.62027 -13.62380 -13.62617 -13.62525 -13.62715 -13.64514
 -13.69217 -13.77124 -13.87671 -14.00418 -14.17764
 -13.71444 -13.71455 -13.71673 -13.72026 -13.72263 -13.72171 -13.72361 -13.74160
 -13.78862 -13.86770 -13.97317 -14.10063 -14.27410
 -13.80688 -13.80699 -13.80917 -13.81270 -13.81507 -13.81415 -13.81605 -13.83403
 -13.88106 -13.96014 -14.06561 -14.19307 -14.36653
 -13.89620 -13.89631 -13.89849 -13.90202 -13.90439 -13.90347 -13.90537 -13.92335
 -13.97038 -14.04946 -14.15493 -14.28239 -14.45585
 -13.98297 -13.98308 -13.98526 -13.98879 -13.99115 -13.99023 -13.99214 -14.01012
 -14.05715 -14.13623 -14.24170 -14.36916 -14.54262
 ---------------------------------------------------/ Z1= 7   / DATE= 22/07/91
 -10.47756 -10.47680 -10.47491 -10.47126 -10.46499 -10.45055 -10.42453 -10.35952
 -10.21793  -9.95712  -9.51855  -8.84074  -7.90310
 -10.54821 -10.54746 -10.54556 -10.54191 -10.53566 -10.52242 -10.49881 -10.44165
 -10.31983 -10.09580  -9.71205  -9.10724  -8.25644
 -10.61798 -10.61723 -10.61533 -10.61168 -10.60542 -10.59338 -10.57219 -10.52289
 -10.42083 -10.23360  -9.90468  -9.37288  -8.60894
 -10.68825 -10.68750 -10.68560 -10.68195 -10.67570 -10.66486 -10.64607 -10.60463
 -10.52233 -10.37191 -10.09781  -9.63902  -8.96193
 -10.75945 -10.75870 -10.75681 -10.75317 -10.74694 -10.73731 -10.72094 -10.68735
 -10.62482 -10.51119 -10.29191  -9.90611  -9.31587
 -10.82102 -10.82043 -10.81933 -10.81731 -10.81307 -10.80573 -10.79226 -10.76696
 -10.72434 -10.64728 -10.48245 -10.16951  -9.66641
 -10.84466 -10.84462 -10.84543 -10.84714 -10.84772 -10.84511 -10.83690 -10.82201
 -10.80006 -10.75838 -10.64622 -10.40543  -9.99094
 -10.77469 -10.77574 -10.77938 -10.78618 -10.79378 -10.79922 -10.80078 -10.80035
 -10.80046 -10.79194 -10.72908 -10.55908 -10.23597
 -10.60380 -10.60650 -10.61354 -10.62603 -10.64206 -10.65900 -10.67567 -10.69441
 -10.71805 -10.73954 -10.72127 -10.61964 -10.39040
 -10.41117 -10.41569 -10.42612 -10.44406 -10.46861 -10.49828 -10.53240 -10.57211
 -10.61881 -10.66673 -10.68784 -10.64977 -10.51185
 -10.25026 -10.25627 -10.26941 -10.29172 -10.32345 -10.36449 -10.41464 -10.47348
 -10.54056 -10.61095 -10.66589 -10.68393 -10.62887
 -10.13847 -10.14530 -10.16002 -10.18506 -10.22161 -10.27072 -10.33272 -10.40611
 -10.48911 -10.57767 -10.66055 -10.72515 -10.73984
 -10.07366 -10.08077 -10.09614 -10.12248 -10.16177 -10.21588 -10.28563 -10.36895
 -10.46328 -10.56538 -10.66989 -10.77105 -10.84180
 -10.04963 -10.05665 -10.07203 -10.09869 -10.13912 -10.19576 -10.26984 -10.35898
 -10.46014 -10.57086 -10.69026 -10.81781 -10.93108
 -10.05849 -10.06527 -10.08032 -10.10669 -10.14718 -10.20451 -10.28014 -10.37148
 -10.47515 -10.58924 -10.71636 -10.86000 -11.00237
 -10.09420 -10.10071 -10.11531 -10.14107 -10.18087 -10.23750 -10.31241 -10.40277
 -10.50489 -10.61727 -10.74518 -10.89521 -11.05428
 -10.15120 -10.15735 -10.17128 -10.19599 -10.23423 -10.28866 -10.36063 -10.44718
 -10.54452 -10.65155 -10.77544 -10.92498 -11.09164
 -10.22475 -10.23037 -10.24326 -10.26626 -10.30186 -10.35244 -10.41918 -10.49939
 -10.58963 -10.68934 -10.80687 -10.95230 -11.12114
 -10.31158 -10.31644 -10.32787 -10.34847 -10.38035 -10.42551 -10.48501 -10.55692
 -10.63872 -10.73066 -10.84157 -10.98193 -11.15067
 -10.40894 -10.41294 -10.42272 -10.44063 -10.46835 -10.50744 -10.55888 -10.62180
 -10.69500 -10.77971 -10.88468 -11.02013 -11.18774
 -10.51428 -10.51744 -10.52565 -10.54107 -10.56495 -10.59839 -10.64229 -10.69699
 -10.76268 -10.84157 -10.94200 -11.07353 -11.23988
 -10.62525 -10.62769 -10.63465 -10.64813 -10.66903 -10.69801 -10.73592 -10.78419
 -10.84433 -10.91938 -11.01711 -11.14621 -11.31189
 -10.74232 -10.74420 -10.75021 -10.76226 -10.78092 -10.80653 -10.83991 -10.88341
 -10.93968 -11.01245 -11.10887 -11.23673 -11.40220
 -10.86328 -10.86477 -10.87009 -10.88104 -10.89800 -10.92107 -10.95106 -10.99108
 -11.04469 -11.11616 -11.21204 -11.33931 -11.50484
 -10.98716 -10.98846 -10.99330 -11.00336 -11.01892 -11.03998 -11.06743 -11.10491
 -11.15659 -11.22712 -11.32261 -11.44947 -11.61508
 -11.11577 -11.11705 -11.12156 -11.13082 -11.14512 -11.16452 -11.19002 -11.22556
 -11.27566 -11.34517 -11.44000 -11.56625 -11.73180
 -11.24565 -11.24697 -11.25124 -11.25981 -11.27303 -11.29106 -11.31504 -11.34905
 -11.39782 -11.46629 -11.56027 -11.68576 -11.85103
 -11.37779 -11.37909 -11.38313 -11.39115 -11.40353 -11.42049 -11.44323 -11.47598
 -11.52360 -11.59114 -11.68431 -11.80897 -11.97371
 -11.51004 -11.51119 -11.51496 -11.52259 -11.53439 -11.55053 -11.57219 -11.60381
 -11.65043 -11.71723 -11.80972 -11.93352 -12.09738
 -11.64397 -11.64490 -11.64841 -11.65574 -11.66710 -11.68255 -11.70322 -11.73375
 -11.77946 -11.84563 -11.93746 -12.06015 -12.22250
 -11.77728 -11.77805 -11.78134 -11.78838 -11.79931 -11.81405 -11.83375 -11.86322
 -11.90805 -11.97358 -12.06457 -12.18564 -12.34552
 -11.91010 -11.91086 -11.91401 -11.92073 -11.93112 -11.94509 -11.96378 -11.99222
 -12.03616 -12.10100 -12.19089 -12.30977 -12.46622
 -12.04239 -12.04322 -12.04630 -12.05272 -12.06257 -12.07580 -12.09361 -12.12114
 -12.16432 -12.22850 -12.31727 -12.43388 -12.58674
 -12.17263 -12.17354 -12.17660 -12.18279 -12.19224 -12.20494 -12.22212 -12.24903
 -12.29168 -12.35538 -12.44330 -12.55818 -12.70828
 -12.30103 -12.30198 -12.30504 -12.31115 -12.32047 -12.33298 -12.34996 -12.37667
 -12.41914 -12.48269 -12.57031 -12.68459 -12.83373
 -12.42829 -12.42924 -12.43230 -12.43841 -12.44773 -12.46024 -12.47722 -12.50393
 -12.54641 -12.60995 -12.69758 -12.81186 -12.96099
 -12.55129 -12.55224 -12.55530 -12.56141 -12.57073 -12.58324 -12.60022 -12.62693
 -12.66941 -12.73295 -12.82058 -12.93486 -13.08399
 -12.67162 -12.67257 -12.67563 -12.68174 -12.69106 -12.70357 -12.72055 -12.74726
 -12.78973 -12.85328 -12.94090 -13.05518 -13.20432
 -12.79049 -12.79143 -12.79450 -12.80061 -12.80993 -12.82244 -12.83942 -12.86613
 -12.90860 -12.97215 -13.05977 -13.17405 -13.32319
 -12.90309 -12.90403 -12.90709 -12.91321 -12.92253 -12.93504 -12.95202 -12.97873
 -13.02120 -13.08475 -13.17237 -13.28665 -13.43579
 -13.01592 -13.01687 -13.01993 -13.02605 -13.03536 -13.04787 -13.06485 -13.09156
 -13.13404 -13.19758 -13.28521 -13.39949 -13.54863
 -13.12321 -13.12416 -13.12721 -13.13334 -13.14264 -13.15516 -13.17214 -13.19884
 -13.24132 -13.30486 -13.39250 -13.50677 -13.65592
 -13.22768 -13.22862 -13.23169 -13.23780 -13.24712 -13.25963 -13.27661 -13.30332
 -13.34579 -13.40934 -13.49696 -13.61124 -13.76038
 -13.32790 -13.32884 -13.33191 -13.33802 -13.34734 -13.35985 -13.37683 -13.40354
 -13.44601 -13.50956 -13.59718 -13.71146 -13.86060
 -13.42597 -13.42692 -13.42998 -13.43609 -13.44541 -13.45792 -13.47490 -13.50161
 -13.54408 -13.60763 -13.69525 -13.80953 -13.95867
 -13.51999 -13.52094 -13.52400 -13.53011 -13.53943 -13.55194 -13.56892 -13.59563
 -13.63811 -13.70165 -13.78928 -13.90356 -14.05269
 -13.61083 -13.61178 -13.61484 -13.62095 -13.63027 -13.64278 -13.65976 -13.68647
 -13.72895 -13.79249 -13.88012 -13.99440 -14.14353
 -13.69897 -13.69992 -13.70298 -13.70909 -13.71841 -13.73092 -13.74790 -13.77461
 -13.81708 -13.88063 -13.96825 -14.08253 -14.23167
 -13.78516 -13.78610 -13.78917 -13.79528 -13.80460 -13.81711 -13.83409 -13.86080
 -13.90327 -13.96682 -14.05444 -14.16872 -14.31786
 -13.86967 -13.87061 -13.87367 -13.87979 -13.88911 -13.90162 -13.91860 -13.94531
 -13.98778 -14.05133 -14.13895 -14.25323 -14.40237
 -13.95468 -13.95563 -13.95869 -13.96481 -13.97412 -13.98663 -14.00361 -14.03032
 -14.07280 -14.13634 -14.22397 -14.33825 -14.48739
 ---------------------------------------------------/ Z1= 8   / DATE= 22/07/91
 -10.30364 -10.30501 -10.30698 -10.30899 -10.31010 -10.30915 -10.30455 -10.29007
 -10.20788  -9.96343  -9.56303  -8.93252  -8.00975
 -10.37986 -10.38123 -10.38320 -10.38521 -10.38632 -10.38537 -10.38077 -10.36628
 -10.29373 -10.08484  -9.73535  -9.17215  -8.33298
 -10.45469 -10.45606 -10.45803 -10.46004 -10.46115 -10.46020 -10.45560 -10.44112
 -10.37821 -10.20488  -9.90630  -9.41043  -8.65487
 -10.52724 -10.52861 -10.53058 -10.53259 -10.53370 -10.53275 -10.52814 -10.51366
 -10.46039 -10.32262 -10.07496  -9.64641  -8.97446
 -10.59007 -10.59144 -10.59342 -10.59542 -10.59653 -10.59558 -10.59098 -10.57650
 -10.53287 -10.43066 -10.23390  -9.87266  -9.28432
 -10.61979 -10.62116 -10.62314 -10.62514 -10.62626 -10.62530 -10.62070 -10.60622
 -10.57223 -10.50558 -10.35973 -10.06581  -9.56107
 -10.59688 -10.59916 -10.60327 -10.60901 -10.61517 -10.61983 -10.62085 -10.61312
 -10.59457 -10.56318 -10.46779 -10.24073  -9.81931
 -10.53165 -10.53614 -10.54543 -10.56024 -10.57869 -10.59728 -10.61255 -10.62204
 -10.62737 -10.62922 -10.58126 -10.41806 -10.07794
 -10.45346 -10.46035 -10.47522 -10.49974 -10.53155 -10.56578 -10.59794 -10.62792
 -10.65857 -10.68952 -10.68276 -10.57725 -10.31435
 -10.39254 -10.40111 -10.41976 -10.45077 -10.49188 -10.53802 -10.58456 -10.63221
 -10.68371 -10.73790 -10.76360 -10.70694 -10.51506
 -10.36051 -10.37004 -10.39077 -10.42526 -10.47179 -10.52598 -10.58377 -10.64539
 -10.71275 -10.78461 -10.83461 -10.81778 -10.68874
 -10.35655 -10.36665 -10.38853 -10.42492 -10.47475 -10.53459 -10.60120 -10.67381
 -10.75314 -10.83797 -10.90569 -10.92019 -10.84381
 -10.38091 -10.39141 -10.41418 -10.45206 -10.50450 -10.56879 -10.64228 -10.72339
 -10.81164 -10.90544 -10.98567 -11.02365 -10.98844
 -10.42713 -10.43784 -10.46111 -10.49995 -10.55412 -10.62131 -10.69924 -10.78579
 -10.87948 -10.97808 -11.06598 -11.12066 -11.11706
 -10.49080 -10.50136 -10.52447 -10.56322 -10.61753 -10.68530 -10.76437 -10.85242
 -10.94723 -11.04601 -11.13681 -11.20268 -11.22404
 -10.56864 -10.57857 -10.60053 -10.63763 -10.68979 -10.75499 -10.83111 -10.91580
 -11.00658 -11.10049 -11.18947 -11.26226 -11.30490
 -10.65956 -10.66832 -10.68796 -10.72150 -10.76882 -10.82786 -10.89652 -10.97265
 -11.05399 -11.13808 -11.22101 -11.29772 -11.36034
 -10.75696 -10.76418 -10.78074 -10.80943 -10.85007 -10.90060 -10.95896 -11.02342
 -11.09239 -11.16435 -11.23942 -11.31852 -11.39970
 -10.86012 -10.86575 -10.87903 -10.90245 -10.93579 -10.97715 -11.02467 -11.07721
 -11.13411 -11.19503 -11.26337 -11.34486 -11.44232
 -10.97062 -10.97487 -10.98519 -11.00368 -11.03022 -11.06326 -11.10133 -11.14409
 -11.19190 -11.24562 -11.31074 -11.39579 -11.50656
 -11.08092 -11.08412 -11.09199 -11.10624 -11.12689 -11.15289 -11.18334 -11.21872
 -11.26046 -11.31042 -11.37525 -11.46461 -11.58578
 -11.19586 -11.19838 -11.20445 -11.21533 -11.23121 -11.25162 -11.27621 -11.30628
 -11.34414 -11.39250 -11.45850 -11.55202 -11.68096
 -11.31247 -11.31470 -11.31970 -11.32823 -11.34062 -11.35694 -11.37737 -11.40382
 -11.43925 -11.48698 -11.55433 -11.65111 -11.78548
 -11.43063 -11.43283 -11.43727 -11.44431 -11.45436 -11.46790 -11.48555 -11.50965
 -11.54362 -11.59120 -11.65974 -11.75882 -11.89670
 -11.54975 -11.55196 -11.55611 -11.56226 -11.57089 -11.58269 -11.59856 -11.62114
 -11.65422 -11.70187 -11.77136 -11.87195 -12.01184
 -11.66959 -11.67166 -11.67549 -11.68112 -11.68900 -11.69984 -11.71454 -11.73599
 -11.76835 -11.81602 -11.88616 -11.98763 -12.12848
 -11.78781 -11.78944 -11.79273 -11.79798 -11.80557 -11.81593 -11.82975 -11.85011
 -11.88160 -11.92903 -11.99947 -12.10134 -12.24248
 -11.90658 -11.90761 -11.91025 -11.91520 -11.92273 -11.93290 -11.94601 -11.96530
 -11.99584 -12.04288 -12.11336 -12.21527 -12.35614
 -12.02273 -12.02321 -12.02528 -12.02998 -12.03750 -12.04753 -12.06004 -12.07841
 -12.10811 -12.15477 -12.22517 -12.32683 -12.46695
 -12.13787 -12.13804 -12.13976 -12.14423 -12.15162 -12.16140 -12.17338 -12.19103
 -12.22013 -12.26655 -12.33686 -12.43804 -12.57693
 -12.25104 -12.25111 -12.25266 -12.25694 -12.26407 -12.27348 -12.28494 -12.30202
 -12.33067 -12.37691 -12.44700 -12.54735 -12.68433
 -12.36151 -12.36159 -12.36308 -12.36717 -12.37398 -12.38295 -12.39385 -12.41035
 -12.43853 -12.48451 -12.55414 -12.65311 -12.78725
 -12.46980 -12.46990 -12.47136 -12.47529 -12.48177 -12.49026 -12.50055 -12.51637
 -12.54396 -12.58948 -12.65830 -12.75528 -12.88553
 -12.57512 -12.57526 -12.57669 -12.58048 -12.58668 -12.59473 -12.60442 -12.61957
 -12.64652 -12.69150 -12.75938 -12.85417 -12.98030
 -12.67778 -12.67794 -12.67936 -12.68306 -12.68905 -12.69677 -12.70601 -12.72064
 -12.74707 -12.79159 -12.85869 -12.95169 -13.07452
 -12.77728 -12.77744 -12.77886 -12.78252 -12.78843 -12.79602 -12.80507 -12.81947
 -12.84567 -12.88999 -12.95673 -13.04896 -13.17034
 -12.87615 -12.87631 -12.87773 -12.88139 -12.88730 -12.89489 -12.90394 -12.91834
 -12.94454 -12.98886 -13.05560 -13.14782 -13.26920
 -12.97062 -12.97078 -12.97220 -12.97586 -12.98177 -12.98935 -12.99841 -13.01281
 -13.03901 -13.08333 -13.15007 -13.24229 -13.36367
 -13.06248 -13.06265 -13.06407 -13.06773 -13.07364 -13.08122 -13.09027 -13.10467
 -13.13088 -13.17520 -13.24194 -13.33416 -13.45554
 -13.15304 -13.15322 -13.15464 -13.15829 -13.16420 -13.17179 -13.18083 -13.19524
 -13.22145 -13.26577 -13.33251 -13.42472 -13.54611
 -13.24185 -13.24201 -13.24343 -13.24708 -13.25299 -13.26058 -13.26964 -13.28403
 -13.31024 -13.35456 -13.42130 -13.51351 -13.63490
 -13.32883 -13.32899 -13.33042 -13.33407 -13.33998 -13.34757 -13.35662 -13.37102
 -13.39722 -13.44154 -13.50828 -13.60050 -13.72189
 -13.41454 -13.41471 -13.41613 -13.41979 -13.42570 -13.43328 -13.44233 -13.45673
 -13.48294 -13.52726 -13.59400 -13.68622 -13.80760
 -13.49757 -13.49774 -13.49916 -13.50282 -13.50873 -13.51631 -13.52536 -13.53976
 -13.56597 -13.61029 -13.67703 -13.76925 -13.89063
 -13.58170 -13.58186 -13.58328 -13.58694 -13.59285 -13.60043 -13.60949 -13.62389
 -13.65009 -13.69441 -13.76115 -13.85337 -13.97475
 -13.66354 -13.66370 -13.66512 -13.66878 -13.67469 -13.68228 -13.69133 -13.70573
 -13.73193 -13.77625 -13.84299 -13.93521 -14.05659
 -13.74232 -13.74248 -13.74390 -13.74756 -13.75347 -13.76106 -13.77011 -13.78451
 -13.81071 -13.85503 -13.92177 -14.01399 -14.13537
 -13.82391 -13.82407 -13.82549 -13.82915 -13.83506 -13.84264 -13.85170 -13.86610
 -13.89230 -13.93662 -14.00336 -14.09558 -14.21696
 -13.90309 -13.90326 -13.90468 -13.90834 -13.91425 -13.92183 -13.93088 -13.94528
 -13.97149 -14.01581 -14.08255 -14.17477 -14.29615
 -13.98297 -13.98314 -13.98456 -13.98822 -13.99412 -14.00171 -14.01076 -14.02516
 -14.05137 -14.09569 -14.16243 -14.25465 -14.37603
 -14.05998 -14.06015 -14.06157 -14.06522 -14.07113 -14.07872 -14.08777 -14.10217
 -14.12838 -14.17269 -14.23944 -14.33165 -14.45304
 ---------------------------------------------------/ Z1= 9   / DATE= 22/07/91
 -10.08725 -10.08631 -10.08512 -10.08472 -10.08413 -10.07910 -10.06511 -10.03997
 -10.00513  -9.96189  -9.87797  -9.66720  -9.23882
 -10.16877 -10.16789 -10.16679 -10.16640 -10.16579 -10.16103 -10.14792 -10.12433
 -10.09145 -10.05029  -9.97053  -9.77159  -9.36859
 -10.25026 -10.24946 -10.24843 -10.24804 -10.24743 -10.24294 -10.23069 -10.20866
 -10.17774 -10.13865 -10.06306  -9.87597  -9.49834
 -10.33255 -10.33182 -10.33087 -10.33049 -10.32986 -10.32564 -10.31427 -10.29379
 -10.26482 -10.22782 -10.15640  -9.98114  -9.62889
 -10.41341 -10.41275 -10.41188 -10.41150 -10.41087 -10.40692 -10.39642 -10.37749
 -10.35048 -10.31555 -10.24830 -10.08488  -9.75800
 -10.49621 -10.49561 -10.49483 -10.49446 -10.49381 -10.49013 -10.48050 -10.46312
 -10.43807 -10.40522 -10.34213 -10.19056  -9.88905
 -10.57675 -10.57623 -10.57552 -10.57516 -10.57450 -10.57109 -10.56233 -10.54651
 -10.52341 -10.49264 -10.43372 -10.29398 -10.01785
 -10.65956 -10.65910 -10.65848 -10.65812 -10.65745 -10.65431 -10.64642 -10.63215
 -10.61101 -10.58231 -10.52756 -10.39967 -10.14891
 -10.73993 -10.73955 -10.73900 -10.73864 -10.73797 -10.73510 -10.72808 -10.71537
 -10.69618 -10.66956 -10.61898 -10.50292 -10.27754
 -10.82102 -10.82071 -10.82025 -10.81989 -10.81920 -10.81661 -10.81046 -10.79930
 -10.78207 -10.75753 -10.71112 -10.60690 -10.40688
 -10.90309 -10.90285 -10.90246 -10.90211 -10.90141 -10.89909 -10.89381 -10.88420
 -10.86893 -10.84647 -10.80422 -10.71184 -10.53720
 -10.98716 -10.98699 -10.98668 -10.98634 -10.98563 -10.98358 -10.97916 -10.97111
 -10.95779 -10.93741 -10.89933 -10.81879 -10.66952
 -11.06753 -11.06743 -11.06721 -11.06687 -11.06614 -11.06437 -11.06082 -11.05432
 -11.04296 -11.02465 -10.99074 -10.92205 -10.79815
 -11.14874 -11.14870 -11.14856 -11.14823 -11.14749 -11.14599 -11.14330 -11.13835
 -11.12894 -11.11270 -11.08295 -11.02602 -10.92732
 -11.23062 -11.23065 -11.23059 -11.23025 -11.22951 -11.22826 -11.22640 -11.22291
 -11.21538 -11.20119 -11.17550 -11.12982 -11.05500
 -11.31247 -11.31256 -11.31255 -11.31222 -11.31147 -11.31046 -11.30932 -11.30715
 -11.30135 -11.28915 -11.26732 -11.23180 -11.17811
 -11.39362 -11.39374 -11.39377 -11.39344 -11.39270 -11.39188 -11.39132 -11.39022
 -11.38594 -11.37566 -11.35737 -11.33035 -11.29358
 -11.47625 -11.47639 -11.47643 -11.47610 -11.47536 -11.47468 -11.47452 -11.47420
 -11.47115 -11.46267 -11.44754 -11.42692 -11.40181
 -11.55752 -11.55767 -11.55771 -11.55735 -11.55660 -11.55597 -11.55603 -11.55620
 -11.55412 -11.54729 -11.53490 -11.51889 -11.50115
 -11.63827 -11.63842 -11.63847 -11.63805 -11.63719 -11.63650 -11.63660 -11.63708
 -11.63576 -11.63036 -11.62028 -11.60763 -11.59452
 -11.72125 -11.72144 -11.72149 -11.72098 -11.71992 -11.71902 -11.71903 -11.71966
 -11.71893 -11.71473 -11.70656 -11.69654 -11.68683
 -11.79860 -11.79883 -11.79889 -11.79828 -11.79701 -11.79588 -11.79577 -11.79649
 -11.79623 -11.79304 -11.78653 -11.77890 -11.77238
 -11.86967 -11.86992 -11.86998 -11.86934 -11.86797 -11.86675 -11.86659 -11.86742
 -11.86757 -11.86528 -11.86039 -11.85535 -11.85274
 -11.91364 -11.91386 -11.91392 -11.91333 -11.91211 -11.91105 -11.91102 -11.91200
 -11.91256 -11.91115 -11.90799 -11.90611 -11.90872
 -11.91010 -11.91026 -11.91031 -11.90986 -11.90895 -11.90823 -11.90843 -11.90957
 -11.91051 -11.91002 -11.90875 -11.91033 -11.91858
 -11.86967 -11.86977 -11.86980 -11.86952 -11.86897 -11.86864 -11.86906 -11.87027
 -11.87152 -11.87206 -11.87285 -11.87767 -11.89052
 -11.81531 -11.81535 -11.81536 -11.81524 -11.81503 -11.81501 -11.81548 -11.81656
 -11.81805 -11.81978 -11.82279 -11.83016 -11.84517
 -11.77211 -11.77212 -11.77212 -11.77211 -11.77212 -11.77222 -11.77249 -11.77318
 -11.77480 -11.77791 -11.78329 -11.79215 -11.80587
 -11.75449 -11.75446 -11.75445 -11.75452 -11.75466 -11.75474 -11.75463 -11.75475
 -11.75641 -11.76098 -11.76874 -11.77831 -11.78837
 -11.75945 -11.75940 -11.75938 -11.75952 -11.75975 -11.75976 -11.75922 -11.75873
 -11.76036 -11.76630 -11.77630 -11.78624 -11.79201
 -11.79049 -11.79041 -11.79039 -11.79060 -11.79093 -11.79091 -11.79002 -11.78895
 -11.79052 -11.79762 -11.80956 -11.81993 -11.82224
 -11.84466 -11.84455 -11.84452 -11.84480 -11.84527 -11.84525 -11.84406 -11.84254
 -11.84404 -11.85206 -11.86560 -11.87645 -11.87620
 -11.91364 -11.91352 -11.91348 -11.91382 -11.91440 -11.91441 -11.91301 -11.91113
 -11.91257 -11.92132 -11.93612 -11.94732 -11.94500
 -11.99568 -11.99554 -11.99550 -11.99589 -11.99656 -11.99659 -11.99504 -11.99291
 -11.99433 -12.00365 -12.01937 -12.03068 -12.02645
 -12.09259 -12.09243 -12.09238 -12.09281 -12.09355 -12.09362 -12.09198 -12.08968
 -12.09110 -12.10085 -12.11722 -12.12842 -12.12231
 -12.19654 -12.19637 -12.19632 -12.19679 -12.19761 -12.19772 -12.19603 -12.19360
 -12.19503 -12.20510 -12.22194 -12.23288 -12.22490
 -12.30715 -12.30695 -12.30690 -12.30742 -12.30835 -12.30854 -12.30681 -12.30426
 -12.30566 -12.31600 -12.33320 -12.34380 -12.33392
 -12.42251 -12.42229 -12.42223 -12.42282 -12.42388 -12.42418 -12.42243 -12.41973
 -12.42106 -12.43163 -12.44917 -12.45942 -12.44765
 -12.54212 -12.54188 -12.54181 -12.54246 -12.54366 -12.54406 -12.54229 -12.53946
 -12.54071 -12.55145 -12.56926 -12.57922 -12.56592
 -12.66354 -12.66328 -12.66321 -12.66389 -12.66515 -12.66561 -12.66383 -12.66093
 -12.66214 -12.67295 -12.69087 -12.70071 -12.68673
 -12.78516 -12.78490 -12.78483 -12.78551 -12.78677 -12.78723 -12.78545 -12.78255
 -12.78376 -12.79457 -12.81250 -12.82233 -12.80834
 -12.91010 -12.90985 -12.90978 -12.91046 -12.91172 -12.91217 -12.91040 -12.90750
 -12.90871 -12.91951 -12.93744 -12.94728 -12.93329
 -13.03198 -13.03172 -13.03165 -13.03234 -13.03359 -13.03405 -13.03227 -13.02937
 -13.03059 -13.04139 -13.05932 -13.06915 -13.05516
 -13.15428 -13.15402 -13.15395 -13.15463 -13.15589 -13.15635 -13.15457 -13.15167
 -13.15289 -13.16369 -13.18162 -13.19145 -13.17746
 -13.27572 -13.27546 -13.27539 -13.27608 -13.27733 -13.27779 -13.27601 -13.27312
 -13.27433 -13.28513 -13.30306 -13.31289 -13.29891
 -13.39470 -13.39445 -13.39437 -13.39506 -13.39631 -13.39677 -13.39499 -13.39210
 -13.39331 -13.40411 -13.42204 -13.43187 -13.41789
 -13.51286 -13.51261 -13.51254 -13.51322 -13.51447 -13.51493 -13.51315 -13.51026
 -13.51147 -13.52227 -13.54020 -13.55003 -13.53605
 -13.62893 -13.62867 -13.62860 -13.62929 -13.63054 -13.63100 -13.62922 -13.62633
 -13.62754 -13.63834 -13.65627 -13.66610 -13.65212
 -13.74232 -13.74206 -13.74199 -13.74268 -13.74393 -13.74439 -13.74261 -13.73971
 -13.74093 -13.75173 -13.76966 -13.77949 -13.76550
 -13.85387 -13.85361 -13.85354 -13.85422 -13.85548 -13.85594 -13.85416 -13.85126
 -13.85248 -13.86328 -13.88121 -13.89104 -13.87705
 -13.96257 -13.96231 -13.96224 -13.96292 -13.96418 -13.96464 -13.96286 -13.95996
 -13.96117 -13.97198 -13.98991 -13.99974 -13.98575
 ---------------------------------------------------/ Z1=10   / DATE= 22/07/91
  -9.85699  -9.85658  -9.85557  -9.85431  -9.85309  -9.85186  -9.85061  -9.84766
  -9.83517  -9.80365  -9.74376  -9.64655  -9.50315
  -9.93554  -9.93516  -9.93422  -9.93304  -9.93184  -9.93066  -9.92945  -9.92665
  -9.91471  -9.88458  -9.82729  -9.73440  -9.59754
 -10.01457 -10.01422 -10.01334 -10.01222 -10.01107 -10.00993 -10.00876 -10.00610
  -9.99473  -9.96597  -9.91130  -9.82273  -9.69241
 -10.09420 -10.09388 -10.09307 -10.09201 -10.09091 -10.08980 -10.08868 -10.08616
 -10.07535 -10.04798  -9.99592  -9.91167  -9.78788
 -10.17393 -10.17362 -10.17288 -10.17188 -10.17083 -10.16975 -10.16868 -10.16630
 -10.15606 -10.13008 -10.08062 -10.00068  -9.88344
 -10.25337 -10.25310 -10.25242 -10.25149 -10.25048 -10.24944 -10.24841 -10.24618
 -10.23650 -10.21189 -10.16505 -10.08944  -9.97872
 -10.33348 -10.33324 -10.33262 -10.33176 -10.33079 -10.32978 -10.32880 -10.32671
 -10.31760 -10.29437 -10.25014 -10.17885 -10.07467
 -10.41341 -10.41320 -10.41264 -10.41184 -10.41092 -10.40995 -10.40902 -10.40706
 -10.39852 -10.37667 -10.33505 -10.26808 -10.17043
 -10.49214 -10.49196 -10.49146 -10.49073 -10.48985 -10.48892 -10.48803 -10.48622
 -10.47824 -10.45777 -10.41876 -10.35611 -10.26500
 -10.57187 -10.57170 -10.57127 -10.57061 -10.56977 -10.56887 -10.56803 -10.56636
 -10.55895 -10.53986 -10.50346 -10.44513 -10.36055
 -10.65170 -10.65157 -10.65120 -10.65059 -10.64981 -10.64894 -10.64816 -10.64663
 -10.63976 -10.62207 -10.58827 -10.53427 -10.45623
 -10.73049 -10.73039 -10.73009 -10.72955 -10.72881 -10.72798 -10.72724 -10.72584
 -10.71956 -10.70324 -10.67205 -10.62237 -10.55086
 -10.81248 -10.81241 -10.81216 -10.81170 -10.81100 -10.81021 -10.80951 -10.80826
 -10.80253 -10.78760 -10.75902 -10.71366 -10.64869
 -10.88941 -10.88937 -10.88919 -10.88879 -10.88813 -10.88738 -10.88672 -10.88562
 -10.88046 -10.86690 -10.84093 -10.79989 -10.74146
 -10.97062 -10.97061 -10.97049 -10.97015 -10.96954 -10.96882 -10.96821 -10.96725
 -10.96265 -10.95048 -10.92712 -10.89040 -10.83850
 -11.05012 -11.05013 -11.05008 -11.04981 -11.04924 -11.04856 -11.04800 -11.04717
 -11.04314 -11.03235 -11.01160 -10.97920 -10.93384
 -11.12960 -11.12964 -11.12965 -11.12945 -11.12892 -11.12828 -11.12776 -11.12708
 -11.12361 -11.11420 -11.09606 -11.06798 -11.02915
 -11.20901 -11.20908 -11.20915 -11.20901 -11.20854 -11.20792 -11.20746 -11.20691
 -11.20401 -11.19598 -11.18045 -11.15670 -11.12440
 -11.28904 -11.28913 -11.28926 -11.28918 -11.28874 -11.28817 -11.28775 -11.28735
 -11.28501 -11.27835 -11.26541 -11.24593 -11.22007
 -11.36856 -11.36865 -11.36877 -11.36870 -11.36831 -11.36780 -11.36745 -11.36717
 -11.36535 -11.36001 -11.34957 -11.33411 -11.31407
 -11.44855 -11.44858 -11.44858 -11.44844 -11.44809 -11.44770 -11.44745 -11.44727
 -11.44589 -11.44175 -11.43364 -11.42165 -11.40626
 -11.52724 -11.52713 -11.52688 -11.52657 -11.52626 -11.52603 -11.52592 -11.52581
 -11.52476 -11.52168 -11.51564 -11.50645 -11.49412
 -11.60555 -11.60530 -11.60477 -11.60425 -11.60399 -11.60392 -11.60395 -11.60386
 -11.60308 -11.60094 -11.59678 -11.58990 -11.57961
 -11.67778 -11.67745 -11.67676 -11.67613 -11.67589 -11.67593 -11.67602 -11.67592
 -11.67538 -11.67413 -11.67172 -11.66696 -11.65846
 -11.73518 -11.73488 -11.73423 -11.73366 -11.73345 -11.73349 -11.73353 -11.73338
 -11.73307 -11.73269 -11.73198 -11.72939 -11.72301
 -11.77211 -11.77190 -11.77146 -11.77106 -11.77091 -11.77089 -11.77080 -11.77056
 -11.77045 -11.77088 -11.77181 -11.77140 -11.76737
 -11.78781 -11.78772 -11.78752 -11.78736 -11.78731 -11.78726 -11.78704 -11.78663
 -11.78663 -11.78777 -11.79025 -11.79195 -11.79020
 -11.79588 -11.79586 -11.79583 -11.79588 -11.79602 -11.79606 -11.79576 -11.79511
 -11.79505 -11.79676 -11.80067 -11.80432 -11.80447
 -11.80688 -11.80685 -11.80686 -11.80704 -11.80745 -11.80772 -11.80744 -11.80648
 -11.80620 -11.80828 -11.81349 -11.81880 -11.82026
 -11.82974 -11.82966 -11.82961 -11.82985 -11.83049 -11.83104 -11.83081 -11.82962
 -11.82913 -11.83148 -11.83768 -11.84423 -11.84648
 -11.86646 -11.86634 -11.86623 -11.86645 -11.86719 -11.86785 -11.86770 -11.86648
 -11.86601 -11.86861 -11.87537 -11.88256 -11.88520
 -11.91721 -11.91712 -11.91700 -11.91716 -11.91774 -11.91827 -11.91815 -11.91721
 -11.91714 -11.92000 -11.92682 -11.93398 -11.93678
 -11.98297 -11.98291 -11.98285 -11.98293 -11.98324 -11.98350 -11.98337 -11.98284
 -11.98330 -11.98644 -11.99300 -11.99978 -12.00259
 -12.06098 -12.06096 -12.06095 -12.06097 -12.06105 -12.06106 -12.06090 -12.06068
 -12.06154 -12.06485 -12.07115 -12.07758 -12.08043
 -12.14813 -12.14813 -12.14814 -12.14815 -12.14816 -12.14810 -12.14790 -12.14770
 -12.14860 -12.15191 -12.15815 -12.16455 -12.16758
 -12.24260 -12.24259 -12.24259 -12.24263 -12.24270 -12.24268 -12.24244 -12.24208
 -12.24277 -12.24594 -12.25218 -12.25876 -12.26213
 -12.34199 -12.34197 -12.34195 -12.34201 -12.34218 -12.34226 -12.34200 -12.34145
 -12.34186 -12.34477 -12.35089 -12.35761 -12.36150
 -12.44491 -12.44487 -12.44483 -12.44491 -12.44512 -12.44526 -12.44502 -12.44442
 -12.44466 -12.44724 -12.45290 -12.45949 -12.46408
 -12.54975 -12.54972 -12.54968 -12.54973 -12.54989 -12.55000 -12.54984 -12.54943
 -12.54972 -12.55192 -12.55671 -12.56275 -12.56823
 -12.65758 -12.65756 -12.65753 -12.65753 -12.65759 -12.65763 -12.65755 -12.65741
 -12.65787 -12.65976 -12.66365 -12.66907 -12.67530
 -12.76447 -12.76446 -12.76443 -12.76442 -12.76442 -12.76442 -12.76438 -12.76438
 -12.76493 -12.76670 -12.77017 -12.77529 -12.78184
 -12.86967 -12.86966 -12.86963 -12.86961 -12.86962 -12.86962 -12.86958 -12.86957
 -12.87013 -12.87190 -12.87537 -12.88049 -12.88704
 -12.97469 -12.97467 -12.97465 -12.97464 -12.97464 -12.97464 -12.97460 -12.97460
 -12.97515 -12.97691 -12.98039 -12.98551 -12.99206
 -13.07936 -13.07934 -13.07932 -13.07930 -13.07931 -13.07931 -13.07927 -13.07926
 -13.07982 -13.08158 -13.08506 -13.09017 -13.09672
 -13.18177 -13.18175 -13.18173 -13.18171 -13.18172 -13.18172 -13.18168 -13.18167
 -13.18223 -13.18399 -13.18747 -13.19259 -13.19914
 -13.28233 -13.28231 -13.28229 -13.28227 -13.28228 -13.28228 -13.28224 -13.28223
 -13.28279 -13.28455 -13.28803 -13.29315 -13.29970
 -13.38091 -13.38089 -13.38087 -13.38085 -13.38086 -13.38086 -13.38082 -13.38081
 -13.38137 -13.38313 -13.38661 -13.39173 -13.39828
 -13.47756 -13.47754 -13.47752 -13.47750 -13.47751 -13.47751 -13.47747 -13.47746
 -13.47802 -13.47978 -13.48326 -13.48838 -13.49493
 -13.57349 -13.57347 -13.57345 -13.57343 -13.57344 -13.57344 -13.57340 -13.57339
 -13.57395 -13.57571 -13.57919 -13.58431 -13.59086
 -13.66555 -13.66554 -13.66552 -13.66550 -13.66551 -13.66551 -13.66546 -13.66546
 -13.66602 -13.66778 -13.67126 -13.67637 -13.68292
 -13.75945 -13.75944 -13.75941 -13.75940 -13.75940 -13.75940 -13.75936 -13.75936
 -13.75991 -13.76168 -13.76515 -13.77027 -13.77682
 ---------------------------------------------------/ Z1=11   / DATE= 22/07/91
  -9.97469  -9.97451  -9.97410  -9.97436  -9.97602  -9.97785  -9.97750  -9.97235
  -9.95745  -9.92654  -9.87299  -9.78707  -9.65723
 -10.03621 -10.03604 -10.03565 -10.03589 -10.03745 -10.03917 -10.03881 -10.03390
 -10.01971  -9.99016  -9.93888  -9.85662  -9.73244
 -10.09800 -10.09784 -10.09748 -10.09770 -10.09916 -10.10075 -10.10039 -10.09574
 -10.08223 -10.05405 -10.00505  -9.92645  -9.80793
 -10.16052 -10.16037 -10.16004 -10.16025 -10.16160 -10.16308 -10.16271 -10.15830
 -10.14550 -10.11868 -10.07195  -9.99702  -9.88416
 -10.22257 -10.22243 -10.22212 -10.22232 -10.22357 -10.22492 -10.22455 -10.22039
 -10.20829 -10.18283 -10.13838 -10.06710  -9.95991
 -10.28567 -10.28555 -10.28526 -10.28544 -10.28659 -10.28782 -10.28744 -10.28354
 -10.27213 -10.24803 -10.20586 -10.13825 -10.03671
 -10.34872 -10.34861 -10.34835 -10.34851 -10.34956 -10.35067 -10.35028 -10.34663
 -10.33592 -10.31318 -10.27329 -10.20934 -10.11346
 -10.41229 -10.41218 -10.41195 -10.41210 -10.41304 -10.41403 -10.41364 -10.41023
 -10.40022 -10.37885 -10.34122 -10.28094 -10.19072
 -10.47625 -10.47615 -10.47595 -10.47608 -10.47692 -10.47779 -10.47739 -10.47424
 -10.46492 -10.44491 -10.40956 -10.35294 -10.26838
 -10.54061 -10.54053 -10.54034 -10.54046 -10.54120 -10.54194 -10.54154 -10.53864
 -10.53002 -10.51137 -10.47830 -10.42534 -10.34644
 -10.60555 -10.60548 -10.60532 -10.60542 -10.60606 -10.60668 -10.60628 -10.60362
 -10.59570 -10.57842 -10.54762 -10.49832 -10.42508
 -10.67162 -10.67157 -10.67143 -10.67152 -10.67205 -10.67256 -10.67214 -10.66974
 -10.66251 -10.64660 -10.61807 -10.57244 -10.50485
 -10.73755 -10.73751 -10.73740 -10.73747 -10.73790 -10.73828 -10.73786 -10.73571
 -10.72918 -10.71463 -10.68838 -10.64640 -10.58448
 -10.80410 -10.80406 -10.80398 -10.80403 -10.80436 -10.80463 -10.80420 -10.80230
 -10.79646 -10.78328 -10.75930 -10.72099 -10.66473
 -10.86967 -10.86964 -10.86958 -10.86962 -10.86985 -10.86999 -10.86956 -10.86791
 -10.86277 -10.85095 -10.82925 -10.79460 -10.74399
 -10.93930 -10.93929 -10.93925 -10.93927 -10.93940 -10.93942 -10.93898 -10.93758
 -10.93314 -10.92268 -10.90326 -10.87227 -10.82732
 -11.00568 -11.00568 -11.00567 -11.00568 -11.00570 -11.00560 -11.00516 -11.00401
 -11.00026 -10.99116 -10.97402 -10.94669 -10.90740
 -11.07417 -11.07418 -11.07420 -11.07419 -11.07411 -11.07389 -11.07344 -11.07254
 -11.06949 -11.06176 -11.04688 -11.02322 -10.98959
 -11.14327 -11.14328 -11.14333 -11.14330 -11.14312 -11.14278 -11.14233 -11.14167
 -11.13932 -11.13295 -11.12035 -11.10035 -11.07238
 -11.21325 -11.21328 -11.21334 -11.21330 -11.21303 -11.21258 -11.21213 -11.21171
 -11.21002 -11.20498 -11.19463 -11.17826 -11.15583
 -11.28400 -11.28403 -11.28410 -11.28406 -11.28374 -11.28325 -11.28281 -11.28254
 -11.28136 -11.27751 -11.26933 -11.25642 -11.23903
 -11.35556 -11.35558 -11.35565 -11.35561 -11.35534 -11.35492 -11.35453 -11.35425
 -11.35330 -11.35037 -11.34422 -11.33446 -11.32118
 -11.42829 -11.42830 -11.42833 -11.42831 -11.42820 -11.42798 -11.42766 -11.42722
 -11.42618 -11.42385 -11.41951 -11.41249 -11.40215
 -11.50169 -11.50168 -11.50166 -11.50167 -11.50174 -11.50176 -11.50153 -11.50087
 -11.49965 -11.49775 -11.49498 -11.49022 -11.48183
 -11.57675 -11.57673 -11.57668 -11.57671 -11.57691 -11.57710 -11.57695 -11.57617
 -11.57489 -11.57342 -11.57196 -11.56892 -11.56173
 -11.65170 -11.65166 -11.65162 -11.65164 -11.65188 -11.65211 -11.65201 -11.65129
 -11.65020 -11.64927 -11.64884 -11.64699 -11.64050
 -11.72816 -11.72814 -11.72810 -11.72812 -11.72831 -11.72850 -11.72843 -11.72786
 -11.72710 -11.72673 -11.72710 -11.72606 -11.71999
 -11.80688 -11.80686 -11.80683 -11.80685 -11.80698 -11.80711 -11.80703 -11.80661
 -11.80616 -11.80627 -11.80726 -11.80681 -11.80108
 -11.88606 -11.88605 -11.88603 -11.88604 -11.88614 -11.88622 -11.88613 -11.88575
 -11.88544 -11.88584 -11.88731 -11.88743 -11.88214
 -11.96658 -11.96657 -11.96654 -11.96656 -11.96667 -11.96677 -11.96665 -11.96616
 -11.96575 -11.96622 -11.96806 -11.96879 -11.96418
 -12.04915 -12.04913 -12.04909 -12.04912 -12.04928 -12.04942 -12.04927 -12.04862
 -12.04801 -12.04842 -12.05051 -12.05179 -12.04794
 -12.13312 -12.13310 -12.13305 -12.13308 -12.13327 -12.13344 -12.13328 -12.13253
 -12.13179 -12.13214 -12.13435 -12.13598 -12.13278
 -12.21896 -12.21894 -12.21889 -12.21892 -12.21911 -12.21928 -12.21912 -12.21840
 -12.21771 -12.21807 -12.22025 -12.22196 -12.21921
 -12.30627 -12.30626 -12.30622 -12.30624 -12.30640 -12.30654 -12.30641 -12.30580
 -12.30524 -12.30565 -12.30771 -12.30933 -12.30687
 -12.39577 -12.39576 -12.39572 -12.39574 -12.39587 -12.39599 -12.39588 -12.39537
 -12.39494 -12.39538 -12.39728 -12.39877 -12.39655
 -12.48812 -12.48810 -12.48808 -12.48809 -12.48821 -12.48831 -12.48821 -12.48776
 -12.48738 -12.48780 -12.48954 -12.49091 -12.48896
 -12.58170 -12.58169 -12.58166 -12.58168 -12.58178 -12.58188 -12.58179 -12.58137
 -12.58101 -12.58137 -12.58292 -12.58419 -12.58253
 -12.67985 -12.67984 -12.67982 -12.67983 -12.67993 -12.68001 -12.67993 -12.67956
 -12.67923 -12.67952 -12.68086 -12.68198 -12.68067
 -12.77728 -12.77727 -12.77725 -12.77726 -12.77733 -12.77740 -12.77734 -12.77706
 -12.77683 -12.77708 -12.77812 -12.77903 -12.77813
 -12.87943 -12.87942 -12.87941 -12.87942 -12.87945 -12.87948 -12.87945 -12.87933
 -12.87927 -12.87950 -12.88022 -12.88084 -12.88037
 -12.98297 -12.98297 -12.98298 -12.98297 -12.98297 -12.98297 -12.98297 -12.98299
 -12.98308 -12.98333 -12.98377 -12.98415 -12.98402
 -13.08938 -13.08938 -13.08938 -13.08938 -13.08936 -13.08935 -13.08936 -13.08943
 -13.08958 -13.08983 -13.09018 -13.09049 -13.09046
 -13.19654 -13.19654 -13.19655 -13.19655 -13.19653 -13.19652 -13.19653 -13.19660
 -13.19674 -13.19699 -13.19735 -13.19765 -13.19763
 -13.30364 -13.30364 -13.30365 -13.30365 -13.30363 -13.30362 -13.30363 -13.30370
 -13.30384 -13.30409 -13.30445 -13.30475 -13.30473
 -13.40894 -13.40894 -13.40895 -13.40895 -13.40893 -13.40892 -13.40893 -13.40900
 -13.40914 -13.40939 -13.40975 -13.41005 -13.41003
 -13.50864 -13.50865 -13.50865 -13.50865 -13.50863 -13.50862 -13.50863 -13.50870
 -13.50884 -13.50909 -13.50945 -13.50975 -13.50973
 -13.59860 -13.59861 -13.59861 -13.59861 -13.59859 -13.59858 -13.59859 -13.59866
 -13.59880 -13.59905 -13.59941 -13.59971 -13.59969
 -13.67572 -13.67573 -13.67573 -13.67573 -13.67571 -13.67570 -13.67571 -13.67578
 -13.67592 -13.67617 -13.67653 -13.67683 -13.67681
 -13.73518 -13.73518 -13.73519 -13.73519 -13.73517 -13.73516 -13.73517 -13.73524
 -13.73538 -13.73563 -13.73599 -13.73629 -13.73627
 -13.77469 -13.77469 -13.77470 -13.77469 -13.77468 -13.77467 -13.77468 -13.77475
 -13.77489 -13.77514 -13.77550 -13.77580 -13.77578
 -13.79317 -13.79317 -13.79318 -13.79317 -13.79316 -13.79314 -13.79316 -13.79322
 -13.79337 -13.79362 -13.79398 -13.79428 -13.79425
 
C---------------------------------------------------------------------------------
C ADAS ADF11 DATA - SCCS info: @(#)$Header: /home/adascvs/adas/adf11/acd85/acd85_na.dat,v 2.1 2004/07/07 00:00:36 whitefor Exp $ Date $Date: 2004/07/07 00:00:36 $
C---------------------------------------------------------------------------------
