    8   13   51    1    8     /OXYGEN         / ARNAUD-ROSEN(NE SCALED) 22/07/91
 -------------------------------------------------------------------------------
   4.00000   5.00000   6.00000   7.00000   8.00000   9.00000  10.00000  11.00000
  12.00000  13.00000  14.00000  15.00000  16.00000
  -0.06466   0.03533   0.13534   0.23535   0.33534   0.43534   0.53534   0.63534
   0.73534   0.83534   0.93534   1.03533   1.13534   1.23535   1.33534   1.43534
   1.53534   1.63534   1.73534   1.83534   1.93534   2.03533   2.13534   2.23535
   2.33534   2.43534   2.53534   2.63534   2.73534   2.83534   2.93534   3.03533
   3.13534   3.23535   3.33534   3.43534   3.53534   3.63534   3.73534   3.83534
   3.93534   4.03533   4.13534   4.23535   4.33534   4.43534   4.53534   4.63534
   4.73534   4.83534   4.93534
 ---------------------------------------------------/ Z1= 1   / DATE= 22/07/91
 -12.41680 -12.41110 -12.40174 -12.38453 -12.33930 -12.24184 -12.07697 -11.86560
 -11.63763 -11.41804 -11.21206 -11.02000 -10.81034
 -12.46725 -12.49495 -12.52343 -12.54698 -12.54933 -12.51156 -12.42139 -12.29293
 -12.14690 -11.99755 -11.83315 -11.63554 -11.36639
 -12.50446 -12.56385 -12.63048 -12.69816 -12.75726 -12.79729 -12.80999 -12.79607
 -12.75846 -12.69461 -12.57995 -12.38443 -12.06738
 -12.47496 -12.55803 -12.65406 -12.75716 -12.86417 -12.97268 -13.07856 -13.17134
 -13.23892 -13.26396 -13.20798 -13.02726 -12.67660
 -12.29073 -12.38485 -12.49479 -12.61553 -12.74790 -12.89421 -13.05383 -13.21432
 -13.36031 -13.46800 -13.48001 -13.33053 -12.96228
 -11.99568 -12.09028 -12.20149 -12.32546 -12.46431 -12.62165 -12.79926 -12.99145
 -13.19071 -13.37482 -13.46279 -13.35895 -12.98705
 -11.71220 -11.80054 -11.90560 -12.02495 -12.15963 -12.31154 -12.48368 -12.68335
 -12.91893 -13.17559 -13.34569 -13.29838 -12.93366
 -11.49080 -11.56996 -11.66672 -11.78017 -11.90825 -12.04859 -12.20412 -12.39881
 -12.66192 -12.98968 -13.24627 -13.26286 -12.91307
 -11.34679 -11.41715 -11.50766 -11.61892 -11.74427 -11.87521 -12.01336 -12.20062
 -12.48900 -12.88734 -13.23187 -13.31566 -12.98547
 -11.24949 -11.31260 -11.39906 -11.51071 -11.63604 -11.76023 -11.88316 -12.06365
 -12.37525 -12.83897 -13.26563 -13.41353 -13.10470
 -11.20066 -11.25875 -11.34254 -11.45454 -11.57961 -11.69823 -11.80925 -11.98508
 -12.31654 -12.83436 -13.32905 -13.53104 -13.24241
 -11.19179 -11.24739 -11.32916 -11.43953 -11.56196 -11.67513 -11.77821 -11.95236
 -12.29920 -12.85544 -13.39810 -13.63928 -13.36771
 -11.21467 -11.26910 -11.34904 -11.45658 -11.57510 -11.68327 -11.78127 -11.95526
 -12.31286 -12.89405 -13.46816 -13.73682 -13.48085
 -11.26360 -11.31656 -11.39454 -11.49948 -11.61476 -11.71908 -11.81327 -11.98659
 -12.35042 -12.94697 -13.54185 -13.83150 -13.59225
 -11.33161 -11.38170 -11.45735 -11.56103 -11.67521 -11.77732 -11.86775 -12.03845
 -12.40431 -13.01007 -13.62001 -13.92826 -13.70835
 -11.41680 -11.46332 -11.53667 -11.64018 -11.75486 -11.85608 -11.94303 -12.11003
 -12.47518 -13.08584 -13.70629 -14.03010 -13.82914
 -11.51428 -11.55778 -11.62936 -11.73321 -11.84895 -11.95004 -12.03445 -12.19815
 -12.56161 -13.17419 -13.80080 -14.13527 -13.94868
 -11.62342 -11.66567 -11.73656 -11.84064 -11.95695 -12.05812 -12.14156 -12.30385
 -12.66638 -13.27929 -13.90789 -14.24626 -14.06531
 -11.73993 -11.78218 -11.85306 -11.95715 -12.07346 -12.17463 -12.25807 -12.42036
 -12.78289 -13.39580 -14.02440 -14.36277 -14.18182
 -11.86328 -11.90553 -11.97641 -12.08050 -12.19681 -12.29798 -12.38141 -12.54371
 -12.90624 -13.51915 -14.14775 -14.48612 -14.30516
 -11.99140 -12.03365 -12.10453 -12.20862 -12.32493 -12.42609 -12.50953 -12.67183
 -13.03435 -13.64727 -14.27587 -14.61424 -14.43328
 -12.12378 -12.16602 -12.23691 -12.34100 -12.45731 -12.55847 -12.64191 -12.80421
 -13.16673 -13.77964 -14.40824 -14.74662 -14.56566
 -12.25964 -12.30189 -12.37277 -12.47686 -12.59317 -12.69434 -12.77778 -12.94007
 -13.30260 -13.91551 -14.54411 -14.88248 -14.70153
 -12.39794 -12.44019 -12.51107 -12.61516 -12.73147 -12.83264 -12.91608 -13.07837
 -13.44090 -14.05381 -14.68241 -15.02078 -14.83982
 -12.53760 -12.57985 -12.65074 -12.75482 -12.87113 -12.97230 -13.05574 -13.21803
 -13.58056 -14.19347 -14.82207 -15.16044 -14.97949
 -12.67778 -12.72003 -12.79092 -12.89500 -13.01131 -13.11248 -13.19592 -13.35821
 -13.72074 -14.33365 -14.96225 -15.30062 -15.11967
 -12.82102 -12.86327 -12.93416 -13.03824 -13.15455 -13.25572 -13.33916 -13.50145
 -13.86398 -14.47689 -15.10549 -15.44386 -15.26291
 -12.96257 -13.00482 -13.07571 -13.17979 -13.29610 -13.39727 -13.48071 -13.64300
 -14.00553 -14.61844 -15.24704 -15.58541 -15.40446
 -13.10679 -13.14904 -13.21992 -13.32401 -13.44032 -13.54149 -13.62493 -13.78722
 -14.14975 -14.76266 -15.39126 -15.72963 -15.54868
 -13.24949 -13.29174 -13.36262 -13.46671 -13.58302 -13.68419 -13.76762 -13.92992
 -14.29245 -14.90536 -15.53396 -15.87233 -15.69137
 -13.39254 -13.43480 -13.50568 -13.60977 -13.72608 -13.82724 -13.91068 -14.07298
 -14.43550 -15.04842 -15.67702 -16.01538 -15.83442
 -13.53462 -13.57686 -13.64775 -13.75184 -13.86815 -13.96931 -14.05275 -14.21505
 -14.57757 -15.19048 -15.81908 -16.15746 -15.97650
 -13.67572 -13.71797 -13.78885 -13.89294 -14.00925 -14.11042 -14.19386 -14.35615
 -14.71868 -15.33159 -15.96019 -16.29855 -16.11760
 -13.81531 -13.85756 -13.92844 -14.03253 -14.14884 -14.25001 -14.33345 -14.49574
 -14.85827 -15.47118 -16.09978 -16.43814 -16.25719
 -13.95468 -13.99693 -14.06782 -14.17190 -14.28821 -14.38938 -14.47282 -14.63511
 -14.99764 -15.61055 -16.23914 -16.57751 -16.39656
 -14.09205 -14.13430 -14.20519 -14.30927 -14.42558 -14.52675 -14.61019 -14.77248
 -15.13501 -15.74792 -16.37651 -16.71487 -16.53394
 -14.22694 -14.26919 -14.34009 -14.44416 -14.56047 -14.66164 -14.74508 -14.90737
 -15.26991 -15.88281 -16.51140 -16.84978 -16.66882
 -14.35952 -14.40177 -14.47266 -14.57674 -14.69305 -14.79422 -14.87766 -15.03995
 -15.40248 -16.01538 -16.64398 -16.98235 -16.80139
 -14.49080 -14.53305 -14.60393 -14.70802 -14.82433 -14.92550 -15.00894 -15.17123
 -15.53376 -16.14665 -16.77525 -17.11362 -16.93268
 -14.61798 -14.66023 -14.73111 -14.83520 -14.95151 -15.05268 -15.13611 -15.29841
 -15.66094 -16.27385 -16.90244 -17.24081 -17.05984
 -14.74232 -14.78457 -14.85545 -14.95954 -15.07585 -15.17701 -15.26045 -15.42275
 -15.78527 -16.39818 -17.02678 -17.36514 -17.18419
 -14.86328 -14.90552 -14.97641 -15.08050 -15.19681 -15.29797 -15.38141 -15.54371
 -15.90623 -16.51913 -17.14774 -17.48611 -17.30516
 -14.97881 -15.02106 -15.09194 -15.19603 -15.31234 -15.41351 -15.49695 -15.65924
 -16.02176 -16.63467 -17.26328 -17.60164 -17.42068
 -15.09313 -15.13538 -15.20626 -15.31035 -15.42666 -15.52783 -15.61127 -15.77356
 -16.13608 -16.74899 -17.37759 -17.71596 -17.53500
 -15.20273 -15.24498 -15.31587 -15.41995 -15.53626 -15.63743 -15.72087 -15.88316
 -16.24568 -16.85860 -17.48718 -17.82556 -17.64461
 -15.30892 -15.35117 -15.42206 -15.52614 -15.64245 -15.74362 -15.82706 -15.98934
 -16.35187 -16.96478 -17.59338 -17.93175 -17.75081
 -15.41117 -15.45342 -15.52431 -15.62839 -15.74470 -15.84587 -15.92931 -16.09160
 -16.45413 -17.06703 -17.69563 -18.03401 -17.85306
 -15.50864 -15.55089 -15.62178 -15.72586 -15.84217 -15.94334 -16.02676 -16.18906
 -16.55159 -17.16451 -17.79311 -18.13147 -17.95052
 -15.60380 -15.64605 -15.71693 -15.82102 -15.93733 -16.03850 -16.12193 -16.28423
 -16.64674 -17.25966 -17.88826 -18.22662 -18.04568
 -15.69465 -15.73690 -15.80779 -15.91187 -16.02818 -16.12935 -16.21278 -16.37508
 -16.73761 -17.35052 -17.97911 -18.31749 -18.13652
 -15.78252 -15.82477 -15.89565 -15.99974 -16.11604 -16.21721 -16.30064 -16.46294
 -16.82547 -17.43839 -18.06699 -18.40535 -18.22440
 ---------------------------------------------------/ Z1= 2   / DATE= 22/07/91
 -11.43652 -11.43429 -11.42962 -11.42076 -11.40572 -11.38102 -11.33516 -11.25386
 -11.11697 -10.87191 -10.45492  -9.82423  -9.05956
 -11.49894 -11.49674 -11.49148 -11.48209 -11.46758 -11.44549 -11.40538 -11.33406
 -11.21422 -11.00589 -10.66132 -10.14879  -9.52543
 -11.56225 -11.56034 -11.55515 -11.54659 -11.53490 -11.51871 -11.48742 -11.42727
 -11.32277 -11.14893 -10.87749 -10.48904 -10.01316
 -11.61261 -11.61165 -11.60839 -11.60382 -11.59956 -11.59520 -11.57922 -11.53624
 -11.45146 -11.31317 -11.11070 -10.83552 -10.49080
 -11.60206 -11.60299 -11.60418 -11.60782 -11.61680 -11.63159 -11.63942 -11.62293
 -11.56694 -11.46818 -11.32751 -11.14297 -10.89691
 -11.46344 -11.46677 -11.47362 -11.48745 -11.51237 -11.54980 -11.58611 -11.60253
 -11.58331 -11.52957 -11.44821 -11.33980 -11.16980
 -11.23062 -11.23622 -11.24812 -11.27103 -11.31038 -11.36874 -11.43288 -11.48411
 -11.50711 -11.50493 -11.48701 -11.45351 -11.35357
 -11.00305 -11.01028 -11.02517 -11.05362 -11.10252 -11.17599 -11.26282 -11.34656
 -11.41395 -11.46930 -11.52299 -11.57320 -11.55053
 -10.83863 -10.84672 -10.86264 -10.89342 -10.94744 -11.03050 -11.13413 -11.24498
 -11.35270 -11.46375 -11.59036 -11.72911 -11.79007
 -10.71444 -10.72264 -10.73818 -10.76911 -10.82524 -10.91391 -11.02870 -11.15845
 -11.29542 -11.45065 -11.64166 -11.86618 -12.01241
 -10.64397 -10.65154 -10.66579 -10.69564 -10.75218 -10.84386 -10.96456 -11.10316
 -11.25316 -11.43376 -11.67297 -11.97399 -12.20282
 -10.61618 -10.62268 -10.63507 -10.66310 -10.71895 -10.81184 -10.93453 -11.07412
 -11.22423 -11.41458 -11.68731 -12.05428 -12.36002
 -10.62160 -10.62685 -10.63717 -10.66299 -10.71749 -10.81044 -10.93274 -11.06878
 -11.21163 -11.40220 -11.69783 -12.12032 -12.49470
 -10.65561 -10.65976 -10.66811 -10.69171 -10.74463 -10.83713 -10.95818 -11.08947
 -11.22328 -11.41060 -11.72260 -12.19027 -12.62238
 -10.71220 -10.71563 -10.72236 -10.74400 -10.79548 -10.88754 -11.00776 -11.13575
 -11.26322 -11.44876 -11.77397 -12.27681 -12.75392
 -10.78516 -10.78815 -10.79357 -10.81352 -10.86373 -10.95544 -11.07530 -11.20147
 -11.32526 -11.51063 -11.84649 -12.37573 -12.88648
 -10.87290 -10.87556 -10.87984 -10.89828 -10.94734 -11.03874 -11.15847 -11.28364
 -11.40524 -11.59093 -11.93478 -12.48310 -13.01830
 -10.97062 -10.97292 -10.97612 -10.99318 -11.04114 -11.13220 -11.25180 -11.37620
 -11.49605 -11.68168 -12.03078 -12.59221 -13.14467
 -11.07988 -11.08177 -11.08396 -11.09972 -11.14660 -11.23715 -11.35642 -11.48001
 -11.59829 -11.78329 -12.13511 -12.70438 -13.26804
 -11.19654 -11.19800 -11.19924 -11.21379 -11.25952 -11.34925 -11.46781 -11.59039
 -11.70714 -11.89098 -12.24326 -12.81569 -13.38542
 -11.31876 -11.31979 -11.32020 -11.33361 -11.37810 -11.46664 -11.58401 -11.70528
 -11.82050 -12.00275 -12.35361 -12.92531 -13.49700
 -11.44612 -11.44679 -11.44651 -11.45897 -11.50229 -11.58955 -11.70555 -11.82544
 -11.93930 -12.11988 -12.46839 -13.03715 -13.60820
 -11.57675 -11.57716 -11.57642 -11.58821 -11.63068 -11.71688 -11.83177 -11.95057
 -12.06343 -12.24271 -12.58900 -13.15456 -13.72402
 -11.71220 -11.71250 -11.71159 -11.72313 -11.76526 -11.85103 -11.96544 -12.08381
 -12.19628 -12.37501 -12.72031 -13.28435 -13.85289
 -11.84771 -11.84801 -11.84710 -11.85864 -11.90077 -11.98654 -12.10095 -12.21932
 -12.33179 -12.51052 -12.85582 -13.41986 -13.98840
 -11.98716 -11.98746 -11.98655 -11.99809 -12.04022 -12.12599 -12.24040 -12.35877
 -12.47125 -12.64997 -12.99527 -13.55931 -14.12785
 -12.12494 -12.12524 -12.12433 -12.13587 -12.17800 -12.26377 -12.37818 -12.49655
 -12.60903 -12.78775 -13.13305 -13.69709 -14.26563
 -12.26440 -12.26470 -12.26379 -12.27533 -12.31746 -12.40323 -12.51764 -12.63601
 -12.74848 -12.92721 -13.27251 -13.83655 -14.40509
 -12.40450 -12.40480 -12.40389 -12.41543 -12.45756 -12.54333 -12.65774 -12.77610
 -12.88858 -13.06731 -13.41261 -13.97665 -14.54519
 -12.54363 -12.54392 -12.54302 -12.55456 -12.59669 -12.68246 -12.79687 -12.91523
 -13.02771 -13.20644 -13.55174 -14.11577 -14.68432
 -12.68194 -12.68223 -12.68133 -12.69287 -12.73499 -12.82077 -12.93517 -13.05354
 -13.16602 -13.34475 -13.69005 -14.25408 -14.82263
 -12.82102 -12.82132 -12.82042 -12.83196 -12.87408 -12.95986 -13.07426 -13.19263
 -13.30511 -13.48384 -13.82914 -14.39317 -14.96172
 -12.95468 -12.95498 -12.95407 -12.96561 -13.00774 -13.09351 -13.20792 -13.32628
 -13.43876 -13.61749 -13.96279 -14.52683 -15.09537
 -13.09098 -13.09127 -13.09037 -13.10191 -13.14404 -13.22981 -13.34422 -13.46258
 -13.57506 -13.75379 -14.09909 -14.66313 -15.23167
 -13.22330 -13.22360 -13.22269 -13.23423 -13.27636 -13.36213 -13.47654 -13.59491
 -13.70738 -13.88611 -14.23141 -14.79545 -15.36399
 -13.35262 -13.35292 -13.35201 -13.36355 -13.40568 -13.49145 -13.60586 -13.72423
 -13.83671 -14.01543 -14.36073 -14.92477 -15.49331
 -13.48017 -13.48047 -13.47956 -13.49110 -13.53323 -13.61900 -13.73341 -13.85178
 -13.96426 -14.14298 -14.48828 -15.05232 -15.62086
 -13.60380 -13.60410 -13.60319 -13.61473 -13.65686 -13.74263 -13.85704 -13.97541
 -14.08788 -14.26661 -14.61191 -15.17595 -15.74449
 -13.72354 -13.72384 -13.72293 -13.73447 -13.77660 -13.86237 -13.97678 -14.09514
 -14.20762 -14.38635 -14.73165 -15.29569 -15.86423
 -13.83863 -13.83892 -13.83802 -13.84956 -13.89169 -13.97746 -14.09187 -14.21023
 -14.32271 -14.50144 -14.84674 -15.41077 -15.97932
 -13.95078 -13.95107 -13.95017 -13.96171 -14.00383 -14.08961 -14.20401 -14.32238
 -14.43486 -14.61359 -14.95889 -15.52292 -16.09146
 -14.05948 -14.05978 -14.05888 -14.07042 -14.11254 -14.19832 -14.31272 -14.43109
 -14.54357 -14.72230 -15.06760 -15.63163 -16.20018
 -14.16304 -14.16334 -14.16243 -14.17397 -14.21610 -14.30187 -14.41628 -14.53464
 -14.64712 -14.82585 -15.17115 -15.73519 -16.30373
 -14.26281 -14.26310 -14.26220 -14.27374 -14.31587 -14.40164 -14.51605 -14.63441
 -14.74689 -14.92562 -15.27092 -15.83496 -16.40349
 -14.35853 -14.35883 -14.35792 -14.36946 -14.41159 -14.49736 -14.61177 -14.73014
 -14.84261 -15.02134 -15.36664 -15.93068 -16.49921
 -14.45100 -14.45130 -14.45039 -14.46193 -14.50406 -14.58983 -14.70424 -14.82261
 -14.93509 -15.11381 -15.45911 -16.02315 -16.59169
 -14.53910 -14.53940 -14.53849 -14.55003 -14.59216 -14.67793 -14.79234 -14.91071
 -15.02319 -15.20191 -15.54721 -16.11124 -16.67978
 -14.62525 -14.62555 -14.62464 -14.63618 -14.67831 -14.76408 -14.87849 -14.99686
 -15.10933 -15.28806 -15.63336 -16.19740 -16.76595
 -14.70774 -14.70804 -14.70713 -14.71867 -14.76080 -14.84657 -14.96098 -15.07934
 -15.19182 -15.37055 -15.71585 -16.27989 -16.84843
 -14.78781 -14.78810 -14.78720 -14.79874 -14.84087 -14.92664 -15.04105 -15.15941
 -15.27189 -15.45062 -15.79593 -16.35994 -16.92848
 -14.86328 -14.86357 -14.86267 -14.87421 -14.91633 -15.00211 -15.11651 -15.23488
 -15.34736 -15.52609 -15.87139 -16.43541 -17.00397
 ---------------------------------------------------/ Z1= 3   / DATE= 22/07/91
 -10.78252 -10.78087 -10.77636 -10.76708 -10.75127 -10.72722 -10.69136 -10.61821
 -10.46787 -10.20064  -9.78244  -9.18286  -8.37731
 -10.80410 -10.80266 -10.79857 -10.79013 -10.77610 -10.75552 -10.72594 -10.66717
 -10.54733 -10.33359  -9.98378  -9.44961  -8.68973
 -10.83565 -10.83450 -10.83136 -10.82506 -10.81443 -10.79829 -10.77438 -10.72743
 -10.63360 -10.46715 -10.18140  -9.71592  -9.01759
 -10.87615 -10.87587 -10.87502 -10.87333 -10.86963 -10.86222 -10.84859 -10.81700
 -10.74969 -10.62658 -10.40150 -10.01113  -9.39881
 -10.91721 -10.91851 -10.92139 -10.92684 -10.93388 -10.94026 -10.94312 -10.93270
 -10.89469 -10.81269 -10.64585 -10.33732  -9.83520
 -10.92812 -10.93134 -10.93871 -10.95265 -10.97251 -10.99560 -11.01875 -11.03317
 -11.02639 -10.98434 -10.87430 -10.65137 -10.27323
 -10.86967 -10.87478 -10.88665 -10.90918 -10.94213 -10.98257 -11.02713 -11.06769
 -11.09300 -11.09079 -11.03711 -10.90034 -10.64900
 -10.73283 -10.73942 -10.75510 -10.78506 -10.82960 -10.88576 -10.95023 -11.01586
 -11.07304 -11.11152 -11.11462 -11.06140 -10.92886
 -10.65561 -10.66312 -10.68150 -10.71699 -10.77046 -10.83920 -10.92023 -11.00786
 -11.09465 -11.17284 -11.23099 -11.25531 -11.22819
 -10.47625 -10.48417 -10.50409 -10.54298 -10.60227 -10.67976 -10.77303 -10.87790
 -10.98908 -11.10110 -11.20712 -11.29935 -11.36469
 -10.35754 -10.36546 -10.38575 -10.42570 -10.48732 -10.56910 -10.66940 -10.78520
 -10.91256 -11.04770 -11.18892 -11.33592 -11.48147
 -10.28904 -10.29663 -10.31630 -10.35525 -10.41600 -10.49803 -10.60060 -10.72126
 -10.85644 -11.00318 -11.16596 -11.35419 -11.56869
 -10.26201 -10.26910 -10.28753 -10.32416 -10.38204 -10.46178 -10.56370 -10.68549
 -10.82312 -10.97373 -11.14842 -11.36748 -11.64095
 -10.26761 -10.27415 -10.29112 -10.32488 -10.37907 -10.45555 -10.55580 -10.67738
 -10.81521 -10.96594 -11.14709 -11.38984 -11.71356
 -10.30016 -10.30618 -10.32169 -10.35252 -10.40292 -10.47609 -10.57475 -10.69606
 -10.83359 -10.98313 -11.16794 -11.42935 -11.79543
 -10.35458 -10.36010 -10.37420 -10.40221 -10.44895 -10.51895 -10.61612 -10.73718
 -10.87416 -11.02180 -11.20839 -11.48421 -11.88509
 -10.42713 -10.43215 -10.44494 -10.47036 -10.51377 -10.58089 -10.67670 -10.79748
 -10.93382 -11.07943 -11.26669 -11.55337 -11.98176
 -10.51428 -10.51880 -10.53041 -10.55361 -10.59421 -10.65888 -10.75347 -10.87392
 -11.00968 -11.15364 -11.34126 -11.63594 -12.08488
 -10.61261 -10.61665 -10.62724 -10.64864 -10.68699 -10.74966 -10.84314 -10.96318
 -11.09847 -11.24140 -11.42949 -11.72993 -12.19327
 -10.72125 -10.72488 -10.73463 -10.75460 -10.79115 -10.85215 -10.94457 -11.06408
 -11.19897 -11.34135 -11.53005 -11.83459 -12.30754
 -10.83863 -10.84199 -10.85110 -10.86993 -10.90500 -10.96456 -11.05589 -11.17472
 -11.30923 -11.45143 -11.64089 -11.94837 -12.42753
 -10.95861 -10.96184 -10.97050 -10.98841 -11.02222 -11.08044 -11.17061 -11.28862
 -11.42265 -11.56481 -11.75496 -12.06435 -12.54708
 -11.08778 -11.09095 -11.09928 -11.11640 -11.14904 -11.20595 -11.29490 -11.41191
 -11.54529 -11.68719 -11.87750 -12.18745 -12.67118
 -11.21896 -11.22212 -11.23017 -11.24654 -11.27800 -11.33354 -11.42119 -11.53708
 -11.66949 -11.81058 -12.00007 -12.30890 -12.79108
 -11.35360 -11.35675 -11.36457 -11.38020 -11.41048 -11.46468 -11.55105 -11.66576
 -11.79698 -11.93675 -12.12451 -12.43088 -12.90969
 -11.49080 -11.49394 -11.50158 -11.51661 -11.54592 -11.59898 -11.68430 -11.79800
 -11.92811 -12.06650 -12.25236 -12.55596 -13.03102
 -11.62893 -11.63206 -11.63959 -11.65427 -11.68298 -11.73537 -11.82004 -11.93312
 -12.06252 -12.19997 -12.38448 -12.68613 -13.15854
 -11.76955 -11.77268 -11.78020 -11.79482 -11.82344 -11.87572 -11.96029 -12.07328
 -12.20256 -12.33986 -12.52415 -12.82547 -13.29744
 -11.91010 -11.91323 -11.92074 -11.93536 -11.96398 -12.01626 -12.10083 -12.21383
 -12.34311 -12.48040 -12.66469 -12.96601 -13.43798
 -12.05061 -12.05374 -12.06126 -12.07588 -12.10450 -12.15678 -12.24135 -12.35434
 -12.48362 -12.62091 -12.80521 -13.10653 -13.57850
 -12.19111 -12.19425 -12.20177 -12.21639 -12.24501 -12.29729 -12.38186 -12.49485
 -12.62413 -12.76142 -12.94571 -13.24704 -13.71900
 -12.33161 -12.33474 -12.34226 -12.35688 -12.38551 -12.43778 -12.52236 -12.63534
 -12.76463 -12.90192 -13.08621 -13.38753 -13.85950
 -12.47108 -12.47421 -12.48173 -12.49635 -12.52497 -12.57725 -12.66182 -12.77481
 -12.90409 -13.04138 -13.22568 -13.52700 -13.99897
 -12.60907 -12.61220 -12.61972 -12.63434 -12.66296 -12.71523 -12.79981 -12.91280
 -13.04208 -13.17937 -13.36367 -13.66499 -14.13696
 -12.74715 -12.75028 -12.75780 -12.77242 -12.80104 -12.85332 -12.93789 -13.05088
 -13.18016 -13.31745 -13.50175 -13.80307 -14.27504
 -12.88273 -12.88586 -12.89338 -12.90800 -12.93663 -12.98890 -13.07348 -13.18646
 -13.31574 -13.45304 -13.63733 -13.93865 -14.41062
 -13.01457 -13.01770 -13.02522 -13.03984 -13.06847 -13.12074 -13.20532 -13.31830
 -13.44758 -13.58488 -13.76917 -14.07049 -14.54246
 -13.14509 -13.14822 -13.15574 -13.17036 -13.19898 -13.25126 -13.33583 -13.44882
 -13.57810 -13.71540 -13.89969 -14.20101 -14.67298
 -13.27246 -13.27559 -13.28311 -13.29773 -13.32635 -13.37863 -13.46320 -13.57619
 -13.70547 -13.84276 -14.02706 -14.32838 -14.80035
 -13.39686 -13.39999 -13.40751 -13.42213 -13.45075 -13.50303 -13.58759 -13.70059
 -13.82987 -13.96716 -14.15146 -14.45278 -14.92475
 -13.51856 -13.52170 -13.52922 -13.54384 -13.57246 -13.62474 -13.70931 -13.82230
 -13.95158 -14.08887 -14.27316 -14.57449 -15.04645
 -13.63639 -13.63952 -13.64704 -13.66166 -13.69029 -13.74256 -13.82714 -13.94012
 -14.06941 -14.20670 -14.39099 -14.69231 -15.16428
 -13.74958 -13.75271 -13.76023 -13.77485 -13.80347 -13.85575 -13.94032 -14.05331
 -14.18259 -14.31988 -14.50418 -14.80550 -15.27747
 -13.86012 -13.86325 -13.87077 -13.88539 -13.91401 -13.96629 -14.05086 -14.16385
 -14.29313 -14.43042 -14.61472 -14.91604 -15.38801
 -13.96658 -13.96971 -13.97723 -13.99185 -14.02047 -14.07275 -14.15732 -14.27031
 -14.39959 -14.53688 -14.72118 -15.02250 -15.49447
 -14.06702 -14.07015 -14.07767 -14.09229 -14.12092 -14.17319 -14.25777 -14.37075
 -14.50003 -14.63733 -14.82162 -15.12294 -15.59491
 -14.16558 -14.16871 -14.17623 -14.19085 -14.21948 -14.27175 -14.35633 -14.46931
 -14.59859 -14.73589 -14.92018 -15.22150 -15.69347
 -14.25964 -14.26277 -14.27029 -14.28491 -14.31353 -14.36581 -14.45038 -14.56337
 -14.69265 -14.82995 -15.01424 -15.31556 -15.78753
 -14.35067 -14.35380 -14.36131 -14.37593 -14.40455 -14.45683 -14.54140 -14.65440
 -14.78368 -14.92097 -15.10526 -15.40658 -15.87855
 -14.43890 -14.44203 -14.44955 -14.46417 -14.49279 -14.54507 -14.62964 -14.74263
 -14.87191 -15.00920 -15.19350 -15.49482 -15.96679
 -14.52288 -14.52602 -14.53354 -14.54816 -14.57678 -14.62906 -14.71363 -14.82662
 -14.95590 -15.09319 -15.27748 -15.57881 -16.05075
 ---------------------------------------------------/ Z1= 4   / DATE= 22/07/91
 -10.33442 -10.33073 -10.32440 -10.31429 -10.29854 -10.26965 -10.21746 -10.12840
  -9.96228  -9.66649  -9.19465  -8.54886  -7.75385
 -10.38828 -10.38509 -10.37937 -10.36962 -10.35402 -10.32814 -10.28632 -10.21933
 -10.09005  -9.84840  -9.44864  -8.87958  -8.14612
 -10.43890 -10.43732 -10.43385 -10.42680 -10.41444 -10.39451 -10.36458 -10.31867
 -10.22363 -10.03362  -9.70518  -9.21392  -8.54433
 -10.48545 -10.48699 -10.48799 -10.48682 -10.48190 -10.47202 -10.45609 -10.42996
 -10.36561 -10.22388  -9.96578  -9.55405  -8.95226
 -10.51856 -10.52431 -10.53145 -10.53867 -10.54466 -10.54822 -10.54821 -10.54108
 -10.50489 -10.40906 -10.22092  -9.89178  -9.36553
 -10.51428 -10.52466 -10.53879 -10.55584 -10.57486 -10.59412 -10.61152 -10.62342
 -10.61441 -10.56359 -10.44586 -10.20390  -9.76535
 -10.44977 -10.46463 -10.48579 -10.51304 -10.54592 -10.58194 -10.61770 -10.64915
 -10.66749 -10.66170 -10.61489 -10.46492 -10.12852
 -10.33536 -10.35421 -10.38190 -10.41889 -10.46523 -10.51771 -10.57164 -10.62251
 -10.66760 -10.70504 -10.72592 -10.66703 -10.43979
 -10.36452 -10.38667 -10.41993 -10.46538 -10.52358 -10.59082 -10.66141 -10.73055
 -10.80048 -10.87674 -10.95726 -10.98107 -10.85969
 -10.22548 -10.25000 -10.28739 -10.33923 -10.40649 -10.48537 -10.56980 -10.65505
 -10.74658 -10.85463 -10.98192 -11.07260 -11.04349
 -10.14086 -10.16666 -10.20640 -10.26196 -10.33460 -10.42090 -10.51530 -10.61358
 -10.72233 -10.85319 -11.01094 -11.14726 -11.18903
 -10.10237 -10.12852 -10.16907 -10.22599 -10.30070 -10.39057 -10.49106 -10.59885
 -10.72015 -10.86561 -11.04019 -11.20466 -11.29919
 -10.10073 -10.12652 -10.16671 -10.22321 -10.29748 -10.38776 -10.49078 -10.60425
 -10.73334 -10.88677 -11.06887 -11.25024 -11.38570
 -10.12843 -10.15337 -10.19239 -10.24720 -10.31923 -10.40750 -10.50992 -10.62513
 -10.75743 -10.91376 -11.09803 -11.29051 -11.46049
 -10.18046 -10.20416 -10.24139 -10.29362 -10.36216 -10.44671 -10.54627 -10.66032
 -10.79249 -10.94831 -11.13147 -11.33142 -11.53099
 -10.25181 -10.27400 -10.30897 -10.35801 -10.42230 -10.50219 -10.59764 -10.70896
 -10.83922 -10.99274 -11.17312 -11.37809 -11.60268
 -10.33819 -10.35867 -10.39110 -10.43664 -10.49638 -10.57130 -10.66231 -10.77050
 -10.89842 -11.04932 -11.22662 -11.43519 -11.68059
 -10.43652 -10.45522 -10.48503 -10.52698 -10.58218 -10.65218 -10.73880 -10.84387
 -10.96949 -11.11787 -11.29223 -11.50339 -11.76573
 -10.54516 -10.56217 -10.58947 -10.62802 -10.67892 -10.74430 -10.82681 -10.92897
 -11.05249 -11.19864 -11.37036 -11.58330 -11.85905
 -10.66154 -10.67708 -10.70219 -10.73775 -10.78485 -10.84615 -10.92505 -11.02474
 -11.14653 -11.29088 -11.46042 -11.67456 -11.96051
 -10.78516 -10.79957 -10.82297 -10.85613 -10.90013 -10.95807 -11.03406 -11.13183
 -11.25239 -11.39549 -11.56342 -11.77835 -12.07169
 -10.91010 -10.92365 -10.94572 -10.97703 -11.01857 -11.07386 -11.14754 -11.24383
 -11.36351 -11.50574 -11.67254 -11.88799 -12.18645
 -11.04287 -11.05568 -11.07672 -11.10658 -11.14623 -11.19944 -11.27128 -11.36635
 -11.48526 -11.62680 -11.79279 -12.00857 -12.31045
 -11.17653 -11.18866 -11.20881 -11.23751 -11.27568 -11.32726 -11.39761 -11.49152
 -11.60959 -11.75040 -11.91572 -12.13167 -12.43578
 -11.31336 -11.32483 -11.34416 -11.37184 -11.40878 -11.45901 -11.52803 -11.62081
 -11.73789 -11.87779 -12.04222 -12.25783 -12.56289
 -11.45100 -11.46182 -11.48033 -11.50700 -11.54273 -11.59166 -11.65940 -11.75101
 -11.86697 -12.00562 -12.16858 -12.38286 -12.68734
 -11.59007 -11.60027 -11.61791 -11.64348 -11.67791 -11.72544 -11.79184 -11.88226
 -11.99697 -12.13398 -12.29463 -12.50635 -12.80869
 -11.72816 -11.73783 -11.75466 -11.77918 -11.81237 -11.85858 -11.92372 -12.01305
 -12.12658 -12.26187 -12.41994 -12.62857 -12.92803
 -11.86646 -11.87576 -11.89198 -11.91571 -11.94797 -11.99318 -12.05740 -12.14594
 -12.25858 -12.39251 -12.54845 -12.75446 -13.05137
 -12.00568 -12.01484 -12.03082 -12.05422 -12.08609 -12.13090 -12.19474 -12.28296
 -12.39524 -12.52860 -12.68362 -12.88849 -13.18425
 -12.14327 -12.15243 -12.16841 -12.19181 -12.22368 -12.26850 -12.33233 -12.42055
 -12.53283 -12.66619 -12.82121 -13.02608 -13.32184
 -12.27984 -12.28900 -12.30498 -12.32838 -12.36025 -12.40506 -12.46890 -12.55712
 -12.66939 -12.80276 -12.95778 -13.16264 -13.45841
 -12.41454 -12.42370 -12.43968 -12.46308 -12.49495 -12.53977 -12.60361 -12.69182
 -12.80410 -12.93746 -13.09248 -13.29735 -13.59311
 -12.54821 -12.55737 -12.57335 -12.59675 -12.62862 -12.67344 -12.73728 -12.82549
 -12.93777 -13.07113 -13.22615 -13.43102 -13.72678
 -12.67778 -12.68694 -12.70292 -12.72633 -12.75820 -12.80301 -12.86685 -12.95507
 -13.06734 -13.20070 -13.35572 -13.56059 -13.85635
 -12.80688 -12.81602 -12.83200 -12.85542 -12.88729 -12.93209 -12.99593 -13.08416
 -13.19642 -13.32979 -13.48481 -13.68968 -13.98545
 -12.93181 -12.94096 -12.95694 -12.98035 -13.01222 -13.05703 -13.12087 -13.20909
 -13.32136 -13.45472 -13.60975 -13.81461 -14.11038
 -13.05257 -13.06173 -13.07771 -13.10112 -13.13299 -13.17780 -13.24164 -13.32986
 -13.44213 -13.57549 -13.73051 -13.93538 -14.23114
 -13.17070 -13.17986 -13.19584 -13.21924 -13.25111 -13.29593 -13.35977 -13.44798
 -13.56026 -13.69362 -13.84864 -14.05351 -14.34927
 -13.28483 -13.29399 -13.30997 -13.33337 -13.36524 -13.41006 -13.47389 -13.56211
 -13.67439 -13.80775 -13.96277 -14.16764 -14.46340
 -13.39577 -13.40493 -13.42091 -13.44431 -13.47618 -13.52100 -13.58483 -13.67305
 -13.78533 -13.91869 -14.07371 -14.27858 -14.57434
 -13.50169 -13.51085 -13.52683 -13.55023 -13.58210 -13.62691 -13.69075 -13.77897
 -13.89124 -14.02461 -14.17963 -14.38449 -14.68026
 -13.60380 -13.61296 -13.62894 -13.65234 -13.68421 -13.72903 -13.79287 -13.88108
 -13.99336 -14.12672 -14.28174 -14.48661 -14.78237
 -13.70333 -13.71249 -13.72847 -13.75187 -13.78374 -13.82856 -13.89240 -13.98061
 -14.09289 -14.22625 -14.38127 -14.58614 -14.88190
 -13.79860 -13.80776 -13.82374 -13.84715 -13.87902 -13.92383 -13.98767 -14.07589
 -14.18816 -14.32152 -14.47654 -14.68141 -14.97717
 -13.88941 -13.89856 -13.91454 -13.93795 -13.96982 -14.01463 -14.07847 -14.16669
 -14.27896 -14.41232 -14.56735 -14.77221 -15.06798
 -13.97881 -13.98796 -14.00394 -14.02735 -14.05922 -14.10403 -14.16787 -14.25609
 -14.36836 -14.50172 -14.65675 -14.86161 -15.15738
 -14.06500 -14.07416 -14.09014 -14.11355 -14.14542 -14.19023 -14.25407 -14.34229
 -14.45456 -14.58792 -14.74294 -14.94781 -15.24357
 -14.14813 -14.15729 -14.17327 -14.19667 -14.22854 -14.27336 -14.33720 -14.42541
 -14.53769 -14.67105 -14.82607 -15.03094 -15.32670
 -14.22841 -14.23757 -14.25355 -14.27695 -14.30882 -14.35364 -14.41747 -14.50569
 -14.61797 -14.75133 -14.90635 -15.11122 -15.40698
 -14.30715 -14.31631 -14.33229 -14.35569 -14.38756 -14.43238 -14.49621 -14.58443
 -14.69671 -14.83007 -14.98509 -15.18996 -15.48572
 ---------------------------------------------------/ Z1= 5   / DATE= 22/07/91
 -10.66154 -10.65952 -10.65575 -10.64943 -10.63976 -10.61944 -10.57356 -10.48518
 -10.32595 -10.04126  -9.57177  -8.88672  -8.03856
 -10.67572 -10.67370 -10.66993 -10.66363 -10.65395 -10.63743 -10.60255 -10.53633
 -10.41542 -10.18602  -9.78884  -9.18863  -8.42008
 -10.67985 -10.68038 -10.68030 -10.67815 -10.67231 -10.66121 -10.63764 -10.59370
 -10.51092 -10.33650 -10.01145  -9.49618  -8.80756
 -10.66154 -10.66802 -10.67663 -10.68452 -10.68848 -10.68644 -10.67601 -10.65495
 -10.60919 -10.48797 -10.23394  -9.80406  -9.19703
 -10.60380 -10.61768 -10.63711 -10.65808 -10.67594 -10.68748 -10.69380 -10.69677
 -10.68583 -10.61434 -10.42914 -10.08550  -9.56335
 -10.52143 -10.54243 -10.57237 -10.60689 -10.64084 -10.67054 -10.69802 -10.72627
 -10.74705 -10.72037 -10.60049 -10.34335  -9.90970
 -10.43652 -10.46366 -10.50278 -10.54979 -10.59982 -10.64929 -10.69949 -10.75251
 -10.80151 -10.81429 -10.75404 -10.57900 -10.23294
 -10.37366 -10.40548 -10.45177 -10.50898 -10.57277 -10.63997 -10.71074 -10.78582
 -10.85931 -10.90602 -10.89727 -10.79434 -10.52932
 -10.39794 -10.43268 -10.48366 -10.54781 -10.62127 -10.70128 -10.78749 -10.88007
 -10.97399 -11.04892 -11.08171 -11.03670 -10.84182
 -10.37779 -10.41388 -10.46735 -10.53547 -10.61475 -10.70268 -10.79909 -10.90420
 -11.01390 -11.11095 -11.17575 -11.17575 -11.04084
 -10.38934 -10.42556 -10.47978 -10.54948 -10.63139 -10.72319 -10.82509 -10.93773
 -11.05786 -11.17056 -11.25881 -11.29349 -11.21040
 -10.42597 -10.46146 -10.51515 -10.58462 -10.66668 -10.75907 -10.86231 -10.97742
 -11.10195 -11.22343 -11.32755 -11.38917 -11.35170
 -10.48413 -10.51826 -10.57045 -10.63828 -10.71851 -10.80885 -10.90985 -11.02256
 -11.14536 -11.26894 -11.38258 -11.46578 -11.46953
 -10.55752 -10.58956 -10.63902 -10.70349 -10.77974 -10.86545 -10.96113 -11.06777
 -11.18460 -11.30586 -11.42485 -11.52592 -11.56738
 -10.64589 -10.67490 -10.72001 -10.77897 -10.84873 -10.92718 -11.01499 -11.11330
 -11.22232 -11.33957 -11.46209 -11.57882 -11.65521
 -10.74473 -10.76973 -10.80878 -10.86000 -10.92082 -10.98967 -11.06777 -11.15687
 -11.25828 -11.37210 -11.49822 -11.62949 -11.73840
 -10.85078 -10.87139 -10.90368 -10.94627 -10.99726 -11.05574 -11.12381 -11.20406
 -11.29895 -11.41040 -11.54022 -11.68447 -11.82244
 -10.96658 -10.98311 -11.00921 -11.04397 -11.08611 -11.13539 -11.19478 -11.26779
 -11.35785 -11.46800 -11.60124 -11.75614 -11.91835
 -11.08566 -11.09899 -11.12044 -11.14948 -11.18520 -11.22790 -11.28123 -11.34949
 -11.43677 -11.54669 -11.68276 -11.84541 -12.02606
 -11.20971 -11.22069 -11.23892 -11.26408 -11.29556 -11.33396 -11.38350 -11.44906
 -11.53520 -11.64563 -11.78389 -11.95175 -12.14573
 -11.33724 -11.34654 -11.36257 -11.38515 -11.41385 -11.44949 -11.49674 -11.56092
 -11.64690 -11.75818 -11.89803 -12.06912 -12.27238
 -11.46725 -11.47537 -11.48980 -11.51051 -11.53719 -11.57089 -11.61658 -11.67996
 -11.76611 -11.87819 -12.01906 -12.19199 -12.40154
 -11.59860 -11.60589 -11.61902 -11.63809 -11.66297 -11.69491 -11.73917 -11.80176
 -11.88788 -12.00040 -12.14176 -12.31567 -12.52946
 -11.73049 -11.73719 -11.74924 -11.76689 -11.79017 -11.82052 -11.86343 -11.92515
 -12.01100 -12.12359 -12.26503 -12.43931 -12.65584
 -11.86328 -11.86952 -11.88073 -11.89725 -11.91923 -11.94824 -11.98996 -12.05081
 -12.13619 -12.24854 -12.38975 -12.56402 -12.78226
 -11.99568 -12.00154 -12.01214 -12.02784 -12.04886 -12.07684 -12.11757 -12.17758
 -12.26236 -12.37422 -12.51494 -12.68891 -12.90811
 -12.12494 -12.13046 -12.14059 -12.15570 -12.17599 -12.20311 -12.24295 -12.30215
 -12.38621 -12.49734 -12.63717 -12.81020 -13.02928
 -12.25414 -12.25933 -12.26905 -12.28364 -12.30324 -12.32952 -12.36846 -12.42682
 -12.51012 -12.62029 -12.75861 -12.92956 -13.14694
 -12.38195 -12.38683 -12.39614 -12.41017 -12.42902 -12.45436 -12.49231 -12.54980
 -12.63235 -12.74137 -12.87750 -13.04506 -13.25900
 -12.50864 -12.51325 -12.52218 -12.53569 -12.55383 -12.57826 -12.61527 -12.67198
 -12.75389 -12.86177 -12.99555 -13.15929 -13.36910
 -12.63264 -12.63706 -12.64573 -12.65885 -12.67646 -12.70021 -12.73653 -12.79267
 -12.87413 -12.98115 -13.11306 -13.27370 -13.48008
 -12.75203 -12.75639 -12.76495 -12.77793 -12.79534 -12.81884 -12.85489 -12.91083
 -12.99212 -13.09881 -13.22999 -13.38941 -13.59441
 -12.86967 -12.87402 -12.88259 -12.89557 -12.91298 -12.93647 -12.97253 -13.02846
 -13.10975 -13.21645 -13.34763 -13.50704 -13.71204
 -12.98716 -12.99151 -13.00008 -13.01306 -13.03047 -13.05396 -13.09002 -13.14595
 -13.22724 -13.33394 -13.46512 -13.62453 -13.82953
 -13.09909 -13.10344 -13.11201 -13.12499 -13.14240 -13.16589 -13.20195 -13.25788
 -13.33917 -13.44587 -13.57705 -13.73646 -13.94146
 -13.20831 -13.21266 -13.22123 -13.23421 -13.25162 -13.27512 -13.31117 -13.36710
 -13.44839 -13.55509 -13.68627 -13.84569 -14.05068
 -13.31426 -13.31861 -13.32718 -13.34016 -13.35757 -13.38107 -13.41712 -13.47305
 -13.55434 -13.66104 -13.79222 -13.95164 -14.15663
 -13.41794 -13.42229 -13.43086 -13.44384 -13.46125 -13.48474 -13.52080 -13.57673
 -13.65802 -13.76472 -13.89590 -14.05531 -14.26031
 -13.51856 -13.52291 -13.53148 -13.54446 -13.56187 -13.58536 -13.62142 -13.67735
 -13.75864 -13.86534 -13.99652 -14.15593 -14.36093
 -13.61618 -13.62053 -13.62910 -13.64208 -13.65948 -13.68298 -13.71904 -13.77497
 -13.85626 -13.96296 -14.09414 -14.25355 -14.45855
 -13.71220 -13.71655 -13.72511 -13.73809 -13.75550 -13.77900 -13.81505 -13.87099
 -13.95228 -14.05898 -14.19016 -14.34957 -14.55457
 -13.80410 -13.80846 -13.81702 -13.83000 -13.84741 -13.87091 -13.90696 -13.96290
 -14.04419 -14.15088 -14.28206 -14.44148 -14.64648
 -13.89620 -13.90055 -13.90912 -13.92210 -13.93951 -13.96300 -13.99906 -14.05499
 -14.13628 -14.24298 -14.37416 -14.53357 -14.73857
 -13.98297 -13.98732 -13.99589 -14.00887 -14.02628 -14.04977 -14.08583 -14.14176
 -14.22305 -14.32975 -14.46093 -14.62034 -14.82534
 -14.07160 -14.07595 -14.08452 -14.09750 -14.11491 -14.13840 -14.17446 -14.23039
 -14.31168 -14.41838 -14.54956 -14.70897 -14.91397
 -14.15739 -14.16174 -14.17031 -14.18329 -14.20070 -14.22420 -14.26025 -14.31618
 -14.39747 -14.50417 -14.63535 -14.79477 -14.99976
 -14.24185 -14.24619 -14.25476 -14.26775 -14.28516 -14.30865 -14.34470 -14.40063
 -14.48193 -14.58862 -14.71980 -14.87922 -15.08422
 -14.32514 -14.32949 -14.33806 -14.35104 -14.36845 -14.39194 -14.42800 -14.48393
 -14.56522 -14.67192 -14.80310 -14.96251 -15.16751
 -14.40671 -14.41106 -14.41963 -14.43261 -14.45002 -14.47351 -14.50957 -14.56550
 -14.64679 -14.75349 -14.88467 -15.04408 -15.24908
 -14.48812 -14.49247 -14.50104 -14.51402 -14.53142 -14.55492 -14.59098 -14.64691
 -14.72820 -14.83490 -14.96608 -15.12549 -15.33049
 -14.56864 -14.57299 -14.58155 -14.59453 -14.61194 -14.63544 -14.67149 -14.72743
 -14.80872 -14.91542 -15.04660 -15.20601 -15.41101
 ---------------------------------------------------/ Z1= 6   / DATE= 22/07/91
 -10.61261 -10.61107 -10.61072 -10.61013 -10.60550 -10.59310 -10.57149 -10.54124
 -10.50104 -10.41430 -10.21370  -9.83125  -9.20520
 -10.69037 -10.68897 -10.68861 -10.68798 -10.68365 -10.67223 -10.65228 -10.62409
 -10.58621 -10.50496 -10.31864  -9.96470  -9.38325
 -10.76700 -10.76573 -10.76536 -10.76470 -10.76067 -10.75023 -10.73194 -10.70580
 -10.67024 -10.59450 -10.42244 -10.09702  -9.56019
 -10.84466 -10.84352 -10.84313 -10.84244 -10.83871 -10.82925 -10.81263 -10.78854
 -10.75529 -10.68506 -10.52728 -10.23037  -9.73815
 -10.92082 -10.91981 -10.91941 -10.91868 -10.91526 -10.90677 -10.89181 -10.86978
 -10.83885 -10.77412 -10.63061 -10.36222  -9.91459
 -11.00000 -10.99913 -10.99871 -10.99795 -10.99483 -10.98732 -10.97402 -10.95405
 -10.92543 -10.86621 -10.73697 -10.49709 -10.09407
 -11.07676 -11.07600 -11.07558 -11.07479 -11.07197 -11.06544 -11.05380 -11.03588
 -11.00959 -10.95586 -10.84090 -10.62953 -10.27112
 -11.15428 -11.15367 -11.15322 -11.15240 -11.14988 -11.14433 -11.13435 -11.11849
 -11.09451 -11.04629 -10.94560 -10.76274 -10.44893
 -11.23210 -11.23162 -11.23116 -11.23030 -11.22809 -11.22352 -11.21520 -11.20139
 -11.17973 -11.13701 -11.05059 -10.89625 -10.62705
 -11.30892 -11.30856 -11.30810 -11.30720 -11.30529 -11.30169 -11.29504 -11.28328
 -11.26394 -11.22672 -11.15457 -11.02872 -10.80409
 -11.38616 -11.38593 -11.38546 -11.38454 -11.38292 -11.38029 -11.37526 -11.36553
 -11.34849 -11.31669 -11.25847 -11.16037 -10.97932
 -11.46344 -11.46333 -11.46285 -11.46194 -11.46063 -11.45890 -11.45539 -11.44758
 -11.43281 -11.40617 -11.36085 -11.28820 -11.14760
 -11.54212 -11.54208 -11.54163 -11.54077 -11.53978 -11.53885 -11.53668 -11.53064
 -11.51806 -11.49614 -11.46198 -11.41087 -11.30543
 -11.61798 -11.61798 -11.61757 -11.61683 -11.61617 -11.61591 -11.61483 -11.61033
 -11.59984 -11.58202 -11.55657 -11.52152 -11.44379
 -11.69680 -11.69681 -11.69646 -11.69588 -11.69552 -11.69574 -11.69545 -11.69222
 -11.68369 -11.66929 -11.65000 -11.62534 -11.56749
 -11.77469 -11.77468 -11.77438 -11.77391 -11.77374 -11.77424 -11.77443 -11.77219
 -11.76541 -11.75383 -11.73875 -11.72028 -11.67599
 -11.85078 -11.85076 -11.85044 -11.84997 -11.84980 -11.85031 -11.85070 -11.84914
 -11.84386 -11.83460 -11.82241 -11.80743 -11.77206
 -11.92812 -11.92809 -11.92772 -11.92715 -11.92682 -11.92715 -11.92750 -11.92640
 -11.92238 -11.91512 -11.90531 -11.89291 -11.86439
 -12.00261 -12.00259 -12.00218 -12.00153 -12.00107 -12.00120 -12.00148 -12.00075
 -11.99787 -11.99263 -11.98565 -11.97699 -11.95679
 -12.06248 -12.06246 -12.06211 -12.06155 -12.06115 -12.06126 -12.06158 -12.06128
 -12.05955 -12.05669 -12.05395 -12.05222 -12.04533
 -12.07988 -12.07987 -12.07969 -12.07941 -12.07929 -12.07958 -12.08011 -12.08036
 -12.07989 -12.07985 -12.08278 -12.09102 -12.10249
 -12.03152 -12.03152 -12.03153 -12.03162 -12.03187 -12.03239 -12.03316 -12.03404
 -12.03502 -12.03809 -12.04698 -12.06541 -12.09613
 -11.93554 -11.93555 -11.93575 -11.93616 -11.93672 -11.93735 -11.93824 -11.93979
 -11.94250 -11.94877 -11.96269 -11.98862 -12.03505
 -11.83268 -11.83270 -11.83302 -11.83362 -11.83424 -11.83470 -11.83549 -11.83768
 -11.84245 -11.85186 -11.86871 -11.89655 -11.95088
 -11.75449 -11.75452 -11.75488 -11.75549 -11.75596 -11.75596 -11.75638 -11.75917
 -11.76626 -11.77854 -11.79608 -11.82009 -11.87398
 -11.71220 -11.71222 -11.71261 -11.71319 -11.71342 -11.71285 -11.71280 -11.71609
 -11.72541 -11.74024 -11.75719 -11.77460 -11.82349
 -11.70115 -11.70117 -11.70161 -11.70221 -11.70228 -11.70123 -11.70073 -11.70439
 -11.71558 -11.73247 -11.74863 -11.75976 -11.80303
 -11.72125 -11.72126 -11.72177 -11.72248 -11.72252 -11.72115 -11.72030 -11.72419
 -11.73677 -11.75522 -11.77086 -11.77745 -11.81646
 -11.76447 -11.76447 -11.76506 -11.76589 -11.76594 -11.76434 -11.76322 -11.76726
 -11.78083 -11.80042 -11.81569 -11.81894 -11.85466
 -11.82974 -11.82974 -11.83037 -11.83123 -11.83124 -11.82946 -11.82813 -11.83228
 -11.84658 -11.86696 -11.88180 -11.88228 -11.91520
 -11.91010 -11.91010 -11.91073 -11.91154 -11.91145 -11.90946 -11.90797 -11.91222
 -11.92706 -11.94796 -11.96224 -11.96017 -11.99039
 -12.00393 -12.00395 -12.00455 -12.00530 -12.00507 -12.00291 -12.00126 -12.00558
 -12.02083 -12.04208 -12.05573 -12.05121 -12.07868
 -12.10735 -12.10738 -12.10799 -12.10872 -12.10842 -12.10609 -12.10427 -12.10860
 -12.12419 -12.14572 -12.15870 -12.15180 -12.17632
 -12.21896 -12.21901 -12.21969 -12.22052 -12.22025 -12.21779 -12.21576 -12.22003
 -12.23593 -12.25775 -12.27011 -12.26083 -12.28205
 -12.33630 -12.33636 -12.33717 -12.33821 -12.33806 -12.33550 -12.33324 -12.33740
 -12.35359 -12.37572 -12.38756 -12.37612 -12.39409
 -12.45717 -12.45723 -12.45815 -12.45936 -12.45933 -12.45672 -12.45430 -12.45838
 -12.47474 -12.49709 -12.50861 -12.49578 -12.51155
 -12.58170 -12.58176 -12.58270 -12.58395 -12.58394 -12.58132 -12.57887 -12.58293
 -12.59933 -12.62172 -12.63318 -12.62011 -12.63549
 -12.70997 -12.71003 -12.71097 -12.71221 -12.71221 -12.70959 -12.70714 -12.71120
 -12.72760 -12.74999 -12.76145 -12.74838 -12.76376
 -12.83565 -12.83571 -12.83665 -12.83789 -12.83789 -12.83527 -12.83281 -12.83688
 -12.85327 -12.87567 -12.88713 -12.87406 -12.88944
 -12.96658 -12.96664 -12.96758 -12.96882 -12.96882 -12.96620 -12.96374 -12.96781
 -12.98420 -13.00659 -13.01806 -13.00499 -13.02037
 -13.09313 -13.09319 -13.09413 -13.09537 -13.09536 -13.09275 -13.09029 -13.09436
 -13.11075 -13.13314 -13.14461 -13.13154 -13.14692
 -13.22040 -13.22045 -13.22139 -13.22264 -13.22263 -13.22002 -13.21756 -13.22162
 -13.23802 -13.26041 -13.27187 -13.25880 -13.27418
 -13.34679 -13.34685 -13.34779 -13.34903 -13.34903 -13.34641 -13.34395 -13.34802
 -13.36441 -13.38681 -13.39827 -13.38520 -13.40058
 -13.47108 -13.47114 -13.47208 -13.47332 -13.47332 -13.47070 -13.46824 -13.47231
 -13.48870 -13.51109 -13.52256 -13.50949 -13.52487
 -13.59346 -13.59352 -13.59446 -13.59570 -13.59570 -13.59308 -13.59063 -13.59469
 -13.61108 -13.63348 -13.64494 -13.63187 -13.64725
 -13.71220 -13.71226 -13.71320 -13.71445 -13.71444 -13.71182 -13.70937 -13.71343
 -13.72983 -13.75222 -13.76368 -13.75061 -13.76599
 -13.82974 -13.82980 -13.83074 -13.83199 -13.83198 -13.82936 -13.82691 -13.83097
 -13.84737 -13.86976 -13.88122 -13.86815 -13.88353
 -13.94692 -13.94698 -13.94792 -13.94916 -13.94916 -13.94654 -13.94409 -13.94815
 -13.96455 -13.98694 -13.99840 -13.98533 -14.00071
 -14.05750 -14.05756 -14.05850 -14.05974 -14.05974 -14.05712 -14.05466 -14.05873
 -14.07512 -14.09752 -14.10898 -14.09591 -14.11129
 -14.16685 -14.16691 -14.16785 -14.16909 -14.16909 -14.16647 -14.16401 -14.16808
 -14.18447 -14.20686 -14.21833 -14.20526 -14.22064
 -14.27327 -14.27333 -14.27427 -14.27551 -14.27550 -14.27289 -14.27043 -14.27450
 -14.29089 -14.31328 -14.32475 -14.31168 -14.32706
 ---------------------------------------------------/ Z1= 7   / DATE= 22/07/91
 -10.14267 -10.14056 -10.13923 -10.13963 -10.14062 -10.14062 -10.13691 -10.12316
 -10.09233 -10.03717  -9.94972  -9.82188  -9.60734
 -10.22621 -10.22426 -10.22301 -10.22335 -10.22423 -10.22420 -10.22070 -10.20770
 -10.17846 -10.12609 -10.04316  -9.92215  -9.71911
 -10.30980 -10.30801 -10.30684 -10.30711 -10.30787 -10.30781 -10.30454 -10.29229
 -10.26463 -10.21505 -10.13665 -10.02246  -9.83093
 -10.39254 -10.39091 -10.38982 -10.39004 -10.39069 -10.39058 -10.38754 -10.37603
 -10.34997 -10.30317 -10.22929 -10.12194  -9.94191
 -10.47625 -10.47477 -10.47377 -10.47392 -10.47445 -10.47432 -10.47148 -10.46073
 -10.43626 -10.39225 -10.32289 -10.22237 -10.05383
 -10.55909 -10.55777 -10.55685 -10.55693 -10.55735 -10.55719 -10.55457 -10.54457
 -10.52168 -10.48046 -10.41563 -10.32194 -10.16490
 -10.64397 -10.64281 -10.64197 -10.64199 -10.64229 -10.64209 -10.63970 -10.63044
 -10.60915 -10.57071 -10.51042 -10.42354 -10.27802
 -10.72584 -10.72483 -10.72408 -10.72404 -10.72422 -10.72399 -10.72181 -10.71331
 -10.69360 -10.65796 -10.60217 -10.52214 -10.38811
 -10.80967 -10.80882 -10.80815 -10.80804 -10.80811 -10.80785 -10.80588 -10.79814
 -10.78002 -10.74716 -10.69590 -10.62270 -10.50017
 -10.89279 -10.89209 -10.89151 -10.89134 -10.89129 -10.89100 -10.88925 -10.88225
 -10.86572 -10.83565 -10.78891 -10.72255 -10.61151
 -10.97469 -10.97415 -10.97365 -10.97341 -10.97325 -10.97293 -10.97139 -10.96515
 -10.95021 -10.92293 -10.88071 -10.82117 -10.72164
 -11.05998 -11.05959 -11.05918 -11.05887 -11.05860 -11.05824 -11.05692 -11.05143
 -11.03808 -11.01358 -10.97589 -10.92318 -10.83515
 -11.14327 -11.14303 -11.14271 -11.14234 -11.14195 -11.14155 -11.14046 -11.13572
 -11.12395 -11.10224 -11.06908 -11.02320 -10.94667
 -11.22694 -11.22686 -11.22662 -11.22619 -11.22568 -11.22526 -11.22438 -11.22040
 -11.21021 -11.19129 -11.16265 -11.12360 -11.05857
 -11.31069 -11.31077 -11.31061 -11.31011 -11.30949 -11.30903 -11.30837 -11.30513
 -11.29655 -11.28041 -11.25629 -11.22407 -11.17054
 -11.39362 -11.39384 -11.39376 -11.39320 -11.39248 -11.39199 -11.39155 -11.38905
 -11.38204 -11.36866 -11.34899 -11.32345 -11.28113
 -11.47756 -11.47783 -11.47777 -11.47719 -11.47643 -11.47598 -11.47573 -11.47390
 -11.46838 -11.45763 -11.44205 -11.42241 -11.38993
 -11.56067 -11.56084 -11.56073 -11.56018 -11.55951 -11.55916 -11.55909 -11.55784
 -11.55363 -11.54525 -11.53309 -11.51784 -11.49258
 -11.64207 -11.64197 -11.64171 -11.64125 -11.64082 -11.64068 -11.64076 -11.63992
 -11.63684 -11.63052 -11.62096 -11.60836 -11.58721
 -11.71897 -11.71856 -11.71812 -11.71780 -11.71767 -11.71777 -11.71794 -11.71742
 -11.71535 -11.71092 -11.70362 -11.69295 -11.67459
 -11.77989 -11.77929 -11.77877 -11.77860 -11.77871 -11.77897 -11.77917 -11.77894
 -11.77785 -11.77536 -11.77052 -11.76230 -11.74765
 -11.80688 -11.80630 -11.80586 -11.80582 -11.80604 -11.80633 -11.80651 -11.80656
 -11.80650 -11.80609 -11.80428 -11.79987 -11.79125
 -11.79860 -11.79819 -11.79793 -11.79800 -11.79826 -11.79848 -11.79857 -11.79888
 -11.79985 -11.80157 -11.80308 -11.80323 -11.80196
 -11.76955 -11.76936 -11.76931 -11.76951 -11.76978 -11.76990 -11.76985 -11.77036
 -11.77227 -11.77603 -11.78076 -11.78534 -11.79124
 -11.74232 -11.74229 -11.74242 -11.74277 -11.74310 -11.74312 -11.74290 -11.74350
 -11.74621 -11.75177 -11.75921 -11.76725 -11.77864
 -11.73283 -11.73283 -11.73306 -11.73357 -11.73403 -11.73402 -11.73360 -11.73419
 -11.73751 -11.74452 -11.75389 -11.76385 -11.77816
 -11.74232 -11.74228 -11.74254 -11.74319 -11.74378 -11.74378 -11.74320 -11.74376
 -11.74752 -11.75558 -11.76618 -11.77696 -11.79240
 -11.77728 -11.77720 -11.77744 -11.77812 -11.77877 -11.77877 -11.77815 -11.77877
 -11.78285 -11.79156 -11.80281 -11.81386 -11.82975
 -11.82974 -11.82965 -11.82986 -11.83045 -11.83101 -11.83101 -11.83049 -11.83129
 -11.83561 -11.84458 -11.85607 -11.86731 -11.88380
 -11.89620 -11.89614 -11.89629 -11.89672 -11.89711 -11.89707 -11.89671 -11.89776
 -11.90223 -11.91119 -11.92268 -11.93416 -11.95145
 -11.97881 -11.97877 -11.97887 -11.97913 -11.97935 -11.97925 -11.97900 -11.98021
 -11.98475 -11.99359 -12.00504 -12.01686 -12.03508
 -12.07417 -12.07414 -12.07419 -12.07434 -12.07442 -12.07423 -12.07399 -12.07522
 -12.07972 -12.08845 -12.09993 -12.11222 -12.13137
 -12.17587 -12.17583 -12.17585 -12.17594 -12.17593 -12.17566 -12.17535 -12.17651
 -12.18087 -12.18947 -12.20100 -12.21374 -12.23370
 -12.28483 -12.28480 -12.28481 -12.28488 -12.28484 -12.28452 -12.28412 -12.28514
 -12.28933 -12.29772 -12.30920 -12.32224 -12.34270
 -12.39794 -12.39793 -12.39798 -12.39807 -12.39805 -12.39771 -12.39727 -12.39819
 -12.40216 -12.41024 -12.42147 -12.43447 -12.45496
 -12.51428 -12.51432 -12.51443 -12.51458 -12.51461 -12.51433 -12.51392 -12.51478
 -12.51853 -12.52621 -12.53695 -12.54954 -12.56958
 -12.63264 -12.63273 -12.63289 -12.63310 -12.63319 -12.63298 -12.63263 -12.63347
 -12.63706 -12.64437 -12.65464 -12.66675 -12.68621
 -12.75203 -12.75214 -12.75232 -12.75256 -12.75268 -12.75249 -12.75217 -12.75301
 -12.75654 -12.76372 -12.77380 -12.78571 -12.80493
 -12.87290 -12.87300 -12.87319 -12.87343 -12.87354 -12.87335 -12.87304 -12.87387
 -12.87741 -12.88459 -12.89466 -12.90658 -12.92579
 -12.99140 -12.99150 -12.99169 -12.99193 -12.99204 -12.99186 -12.99153 -12.99238
 -12.99591 -13.00309 -13.01317 -13.02508 -13.04429
 -13.10958 -13.10968 -13.10987 -13.11010 -13.11022 -13.11003 -13.10971 -13.11056
 -13.11409 -13.12127 -13.13135 -13.14326 -13.16247
 -13.22694 -13.22705 -13.22725 -13.22748 -13.22760 -13.22740 -13.22709 -13.22793
 -13.23145 -13.23864 -13.24872 -13.26062 -13.27985
 -13.34294 -13.34305 -13.34324 -13.34347 -13.34359 -13.34340 -13.34308 -13.34392
 -13.34746 -13.35463 -13.36471 -13.37663 -13.39583
 -13.45717 -13.45728 -13.45746 -13.45770 -13.45781 -13.45763 -13.45731 -13.45815
 -13.46168 -13.46886 -13.47894 -13.49085 -13.51007
 -13.56864 -13.56875 -13.56893 -13.56917 -13.56929 -13.56910 -13.56878 -13.56962
 -13.57315 -13.58033 -13.59041 -13.60232 -13.62154
 -13.67778 -13.67789 -13.67808 -13.67831 -13.67843 -13.67824 -13.67792 -13.67876
 -13.68229 -13.68947 -13.69955 -13.71146 -13.73068
 -13.78781 -13.78792 -13.78811 -13.78834 -13.78846 -13.78827 -13.78795 -13.78879
 -13.79232 -13.79950 -13.80958 -13.82149 -13.84071
 -13.89279 -13.89290 -13.89308 -13.89332 -13.89344 -13.89325 -13.89293 -13.89377
 -13.89730 -13.90448 -13.91456 -13.92647 -13.94569
 -13.99568 -13.99579 -13.99597 -13.99621 -13.99633 -13.99614 -13.99582 -13.99666
 -14.00019 -14.00737 -14.01745 -14.02936 -14.04857
 -14.09745 -14.09755 -14.09774 -14.09798 -14.09809 -14.09791 -14.09758 -14.09843
 -14.10196 -14.10914 -14.11922 -14.13113 -14.15034
 -14.19723 -14.19733 -14.19752 -14.19775 -14.19787 -14.19768 -14.19736 -14.19821
 -14.20174 -14.20892 -14.21900 -14.23091 -14.25012
 ---------------------------------------------------/ Z1= 8   / DATE= 22/07/91
 -10.28400 -10.28402 -10.28401 -10.28389 -10.28323 -10.28136 -10.27729 -10.26626
 -10.24118 -10.19480 -10.11900 -10.00506  -9.83415
 -10.34679 -10.34681 -10.34680 -10.34667 -10.34601 -10.34423 -10.34039 -10.32994
 -10.30610 -10.26195 -10.18981 -10.08152  -9.91924
 -10.40894 -10.40897 -10.40895 -10.40881 -10.40816 -10.40646 -10.40284 -10.39298
 -10.37038 -10.32846 -10.25999 -10.15735 -10.00370
 -10.47237 -10.47240 -10.47238 -10.47223 -10.47159 -10.46997 -10.46658 -10.45730
 -10.43594 -10.39625 -10.33144 -10.23445 -10.08944
 -10.53611 -10.53614 -10.53612 -10.53595 -10.53533 -10.53379 -10.53063 -10.52193
 -10.50182 -10.46435 -10.40321 -10.31186 -10.17549
 -10.60033 -10.60037 -10.60035 -10.60017 -10.59955 -10.59810 -10.59516 -10.58704
 -10.56818 -10.53293 -10.47546 -10.38976 -10.26202
 -10.66354 -10.66358 -10.66356 -10.66337 -10.66276 -10.66140 -10.65868 -10.65115
 -10.63352 -10.60050 -10.54670 -10.46665 -10.34754
 -10.72816 -10.72821 -10.72819 -10.72798 -10.72738 -10.72610 -10.72361 -10.71666
 -10.70028 -10.66949 -10.61935 -10.54494 -10.43447
 -10.79317 -10.79322 -10.79319 -10.79297 -10.79238 -10.79119 -10.78893 -10.78255
 -10.76742 -10.73885 -10.69237 -10.62362 -10.52178
 -10.86012 -10.86017 -10.86014 -10.85992 -10.85933 -10.85822 -10.85619 -10.85040
 -10.83650 -10.81016 -10.76735 -10.70425 -10.61104
 -10.92445 -10.92451 -10.92448 -10.92424 -10.92367 -10.92264 -10.92083 -10.91562
 -10.90297 -10.87886 -10.83971 -10.78226 -10.69767
 -10.99140 -10.99146 -10.99143 -10.99117 -10.99061 -10.98967 -10.98808 -10.98346
 -10.97205 -10.95016 -10.91468 -10.86288 -10.78693
 -11.05998 -11.06004 -11.06001 -11.05974 -11.05919 -11.05833 -11.05697 -11.05293
 -11.04277 -11.02310 -10.99129 -10.94513 -10.87782
 -11.12784 -11.12790 -11.12787 -11.12759 -11.12705 -11.12627 -11.12514 -11.12168
 -11.11276 -11.09532 -11.06717 -11.02667 -10.96798
 -11.19654 -11.19661 -11.19658 -11.19629 -11.19576 -11.19506 -11.19416 -11.19127
 -11.18360 -11.16839 -11.14391 -11.10905 -11.05900
 -11.26520 -11.26527 -11.26523 -11.26493 -11.26441 -11.26380 -11.26312 -11.26082
 -11.25439 -11.24140 -11.22059 -11.19138 -11.14996
 -11.33536 -11.33544 -11.33540 -11.33509 -11.33458 -11.33405 -11.33359 -11.33186
 -11.32666 -11.31589 -11.29872 -11.27510 -11.24219
 -11.40561 -11.40568 -11.40565 -11.40535 -11.40488 -11.40444 -11.40414 -11.40289
 -11.39883 -11.39022 -11.37657 -11.35813 -11.33288
 -11.47756 -11.47761 -11.47758 -11.47734 -11.47697 -11.47662 -11.47637 -11.47540
 -11.47231 -11.46574 -11.45533 -11.44127 -11.42192
 -11.54975 -11.54978 -11.54977 -11.54965 -11.54945 -11.54918 -11.54885 -11.54791
 -11.54552 -11.54082 -11.53325 -11.52241 -11.50657
 -11.62342 -11.62341 -11.62342 -11.62345 -11.62343 -11.62325 -11.62276 -11.62173
 -11.61986 -11.61680 -11.61160 -11.60295 -11.58867
 -11.69680 -11.69676 -11.69678 -11.69692 -11.69705 -11.69693 -11.69633 -11.69525
 -11.69385 -11.69216 -11.68879 -11.68151 -11.66766
 -11.77211 -11.77206 -11.77209 -11.77226 -11.77245 -11.77237 -11.77178 -11.77083
 -11.76992 -11.76928 -11.76720 -11.76071 -11.74689
 -11.84771 -11.84766 -11.84769 -11.84784 -11.84802 -11.84796 -11.84746 -11.84675
 -11.84632 -11.84649 -11.84526 -11.83924 -11.82533
 -11.92812 -11.92809 -11.92811 -11.92823 -11.92835 -11.92829 -11.92789 -11.92740
 -11.92739 -11.92817 -11.92758 -11.92191 -11.90799
 -12.00568 -12.00565 -12.00566 -12.00577 -12.00586 -12.00578 -12.00538 -12.00500
 -12.00525 -12.00653 -12.00655 -12.00134 -11.98767
 -12.08619 -12.08616 -12.08618 -12.08630 -12.08642 -12.08631 -12.08578 -12.08527
 -12.08559 -12.08731 -12.08805 -12.08359 -12.07056
 -12.16813 -12.16809 -12.16811 -12.16829 -12.16845 -12.16830 -12.16759 -12.16685
 -12.16713 -12.16919 -12.17062 -12.16702 -12.15493
 -12.25181 -12.25175 -12.25178 -12.25199 -12.25220 -12.25202 -12.25119 -12.25031
 -12.25054 -12.25276 -12.25463 -12.25177 -12.24073
 -12.33724 -12.33718 -12.33721 -12.33741 -12.33761 -12.33745 -12.33666 -12.33583
 -12.33608 -12.33826 -12.34018 -12.33772 -12.32769
 -12.42366 -12.42362 -12.42364 -12.42380 -12.42396 -12.42383 -12.42319 -12.42256
 -12.42287 -12.42487 -12.42655 -12.42427 -12.41519
 -12.51286 -12.51283 -12.51284 -12.51297 -12.51308 -12.51298 -12.51250 -12.51206
 -12.51243 -12.51420 -12.51561 -12.51343 -12.50524
 -12.60380 -12.60377 -12.60378 -12.60389 -12.60399 -12.60390 -12.60350 -12.60314
 -12.60351 -12.60512 -12.60637 -12.60439 -12.59704
 -12.69897 -12.69894 -12.69896 -12.69905 -12.69915 -12.69907 -12.69869 -12.69834
 -12.69867 -12.70014 -12.70134 -12.69966 -12.69318
 -12.79317 -12.79314 -12.79315 -12.79325 -12.79334 -12.79326 -12.79289 -12.79255
 -12.79283 -12.79416 -12.79532 -12.79402 -12.78857
 -12.89279 -12.89277 -12.89279 -12.89286 -12.89294 -12.89288 -12.89257 -12.89229
 -12.89253 -12.89367 -12.89472 -12.89386 -12.88970
 -12.99568 -12.99567 -12.99568 -12.99572 -12.99576 -12.99573 -12.99556 -12.99543
 -12.99568 -12.99655 -12.99739 -12.99696 -12.99439
 -13.09745 -13.09744 -13.09744 -13.09745 -13.09746 -13.09745 -13.09743 -13.09749
 -13.09777 -13.09838 -13.09897 -13.09891 -13.09774
 -13.20273 -13.20274 -13.20273 -13.20272 -13.20271 -13.20272 -13.20278 -13.20292
 -13.20322 -13.20371 -13.20418 -13.20428 -13.20377
 -13.30980 -13.30980 -13.30980 -13.30979 -13.30978 -13.30979 -13.30984 -13.30999
 -13.31029 -13.31078 -13.31125 -13.31134 -13.31084
 -13.41680 -13.41680 -13.41680 -13.41679 -13.41677 -13.41678 -13.41684 -13.41699
 -13.41729 -13.41778 -13.41825 -13.41834 -13.41784
 -13.52288 -13.52289 -13.52289 -13.52287 -13.52286 -13.52287 -13.52293 -13.52308
 -13.52338 -13.52386 -13.52433 -13.52443 -13.52392
 -13.62342 -13.62342 -13.62342 -13.62341 -13.62340 -13.62341 -13.62346 -13.62361
 -13.62391 -13.62440 -13.62487 -13.62496 -13.62446
 -13.71670 -13.71670 -13.71670 -13.71669 -13.71668 -13.71669 -13.71674 -13.71689
 -13.71719 -13.71768 -13.71815 -13.71824 -13.71774
 -13.79860 -13.79860 -13.79860 -13.79859 -13.79858 -13.79859 -13.79864 -13.79879
 -13.79909 -13.79958 -13.80005 -13.80015 -13.79964
 -13.86012 -13.86013 -13.86012 -13.86011 -13.86010 -13.86011 -13.86017 -13.86031
 -13.86061 -13.86110 -13.86157 -13.86167 -13.86116
 -13.90658 -13.90659 -13.90658 -13.90657 -13.90656 -13.90657 -13.90663 -13.90677
 -13.90707 -13.90756 -13.90803 -13.90813 -13.90762
 -13.92812 -13.92812 -13.92812 -13.92811 -13.92810 -13.92811 -13.92816 -13.92831
 -13.92861 -13.92910 -13.92957 -13.92967 -13.92916
 -13.93181 -13.93181 -13.93181 -13.93180 -13.93179 -13.93180 -13.93185 -13.93200
 -13.93230 -13.93279 -13.93326 -13.93335 -13.93285
 -13.92082 -13.92082 -13.92082 -13.92081 -13.92080 -13.92081 -13.92086 -13.92101
 -13.92131 -13.92180 -13.92227 -13.92236 -13.92186
 -13.89963 -13.89963 -13.89963 -13.89962 -13.89960 -13.89961 -13.89967 -13.89982
 -13.90012 -13.90061 -13.90108 -13.90117 -13.90067
 
C---------------------------------------------------------------------------------
C ADAS ADF11 DATA - SCCS info: @(#)$Header: /home/adascvs/adas/adf11/acd85/acd85_o.dat,v 2.1 2004/07/07 00:00:43 whitefor Exp $ Date $Date: 2004/07/07 00:00:43 $
C---------------------------------------------------------------------------------
