  6.2516281e+000  5.7996234e+000
  6.1136455e+000  7.1137009e+000
  5.9462314e+000  3.0466275e+000
  5.7495899e+000  8.7144290e+000
  5.5236631e+000  1.0309769e+001
  5.2680674e+000  3.6393888e+000
  4.9820182e+000  3.8239050e+000
  4.6642273e+000  5.5303215e+000
  4.3131013e+000  7.9342744e+000
  3.9285598e+000  3.5646587e+000
  3.5122726e+000  4.6995711e+000
  3.0671571e+000  1.8237490e+000
  2.5973322e+000  1.5618587e+000
  2.1073645e+000  1.5624234e+000
  1.5970968e+000  1.5629881e+000
