  6.6891556e+000  8.9517794e-002
  6.5662072e+000  2.1355413e-002
  6.4302873e+000  2.2726590e-002
  6.2813347e+000  7.9952356e-002
  6.1361157e+000  1.0065905e-001
  5.9077634e+000  1.2618112e-001
  5.6576944e+000  1.2364807e-001
  5.5558237e+000  1.1023295e-001
  5.3428173e+000  1.1189667e-001
  5.1177721e+000  1.4429074e-001
  4.8811700e+000  1.6902300e-001
  4.6336154e+000  2.8239439e-001
  4.4020050e+000  2.8147163e-001
  4.0669827e+000  4.7872601e-001
  3.7018212e+000  1.0725599e-001
  3.5419625e+000  1.5499118e-002
  3.2426696e+000  8.6032347e-003
  2.9316058e+000  4.1702066e-003
  2.6078411e+000  7.5404082e-003
  2.2702450e+000  8.0849427e-003
