' psi_n     T_e_LP       T_e_LP      Jsat_LP      '    76
    0.967649         5.2546         5.2546         630.64
    0.968499         5.3423         5.3423         863.12
    0.969451         5.4405         5.4405         1123.3
    0.970661         5.5655         5.5655         1454.4
    0.971775         5.6805         5.6805         1759.1
    0.973006         5.8076         5.8076         2095.8
    0.974065         5.9169         5.9169         2019.6
    0.975219          6.036          6.036         1855.7
    0.976452         6.1633         6.1633         1680.4
    0.977892         6.5061         6.5061         1475.7
    0.978929         6.7679         6.7679           1531
    0.980133         7.0718         7.0718         2088.1
    0.981106         7.3174         7.3174         2538.4
    0.982424         7.6501         7.6501         3148.4
    0.983528         7.9288         7.9288         3767.5
    0.984696          8.429          8.429         8855.1
    0.985996         10.791         10.791          14519
    0.987086         11.239         11.239          19267
    0.988276         11.122         11.122          24455
    0.989451         11.006         11.006          29574
    0.990575         10.895         10.895          31763
    0.991707         10.784         10.784          32872
    0.992926         10.664         10.664          34066
    0.994153         10.543         10.543          35268
    0.995458         10.414         10.414          36547
    0.996627         10.299         10.299          39524
    0.997665         10.745         10.745          50248
    0.998904         11.276         11.276          63054
    1.000086         10.122         10.122          75269
    1.001240         8.9341         8.9341          87193
    1.002467         7.6707         7.6707     1.0168e+05
    1.003537          6.569          6.569     1.1458e+05
    1.004774         6.3114         6.3114      1.295e+05
    1.005960         7.0872         7.0872     1.4379e+05
    1.006947         7.7328         7.7328     1.8007e+05
    1.008497         8.7468         8.7468     2.4757e+05
    1.009612         9.4767         9.4767     2.9615e+05
    1.010722         10.203         10.203     2.9252e+05
    1.011904         10.976         10.976     2.7734e+05
    1.013086         11.749         11.749     2.6216e+05
    1.014160         12.452         12.452     2.4836e+05
    1.015208          12.95          12.95     2.3491e+05
    1.016403         12.669         12.669     2.1956e+05
    1.017365         12.443         12.443      2.072e+05
    1.033609         10.023         10.023          72708
    1.034279         9.9971         9.9971          70872
    1.035483         9.9502         9.9502          67573
    1.036667         9.9042         9.9042          64330
    1.037714         10.059         10.059          61462
    1.038983         10.248         10.248          57984
    1.040103         10.414         10.414          54916
    1.041330         10.596         10.596          51556
    1.042580         10.781         10.781          48131
    1.043718          10.95          10.95          47493
    1.044849         11.118         11.118          47963
    1.046015          11.29          11.29          48447
    1.047053         11.444         11.444          48878
    1.048312         11.515         11.515          49400
    1.049374         10.946         10.946          49841
    1.050553         10.316         10.316          50331
    1.066181         29.002         29.002          32712
    1.067322         30.155         30.155          31372
    1.068415         29.838         29.838          30597
    1.069541         29.512         29.512          29799
    1.070733         29.166         29.166          28953
    1.072040         28.787         28.787          28026
    1.073110         28.476         28.476          27267
    1.074296         28.133         28.133          26426
    1.075504         27.782         27.782          25569
    1.076650         27.492         27.492          24757
    1.077767          28.06          28.06          23964
    1.078940         28.657         28.657          23132
    1.080074         29.234         29.234          22328
    1.081335         29.875         29.875          21434
    1.082498         30.466         30.466          20609
    1.083186         30.816         30.816          20121
