    3   16   25    1    3     /LITHIUM            /GCR PROJECT      
--------------------------------------------------------------------------------
   8.00000   8.69897   9.00000   9.69897  10.00000  10.69897  11.00000  11.69897
  12.00000  12.69897  13.00000  13.69897  14.00000  14.69897  15.00000  15.69897
  -0.69877  -0.52268  -0.30083  -0.15470   0.00020   0.47732   0.69917   0.84530
   1.00020   1.30123   1.47732   1.60226   1.69917   1.77835   1.84530   1.95444
   2.00020   2.47732   2.69917   2.84530   3.00020   3.47732   3.69917   3.84530
   4.00020
---------------------/ IGRD= 1  / IPRT= 1  /--------/ Z1= 1   / DATE= 11/11/02
 -12.02214 -11.97143 -11.94413 -11.85814 -11.81144 -11.67426 -11.60278 -11.39276
 -11.28279 -10.97710 -10.81355 -10.31011 -10.04681  -9.38496  -9.08766  -8.38869
 -12.18686 -12.15291 -12.13387 -12.07668 -12.04419 -11.94625 -11.89493 -11.74443
 -11.66569 -11.43932 -11.31055 -10.88485 -10.64975 -10.03079  -9.74146  -9.04249
 -12.38609 -12.36527 -12.35378 -12.31763 -12.29758 -12.23869 -12.20649 -12.11160
 -12.06129 -11.90699 -11.81074 -11.47862 -11.29127 -10.77956 -10.51158  -9.81261
 -12.51273 -12.49878 -12.49084 -12.46509 -12.45108 -12.40908 -12.38621 -12.31798
 -12.28119 -12.16501 -12.08998 -11.83090 -11.68540 -11.26908 -11.02043 -10.32146
 -12.64604 -12.63688 -12.63152 -12.61519 -12.60543 -12.57651 -12.56100 -12.51606
 -12.49064 -12.40711 -12.35193 -12.16967 -12.06882 -11.75070 -11.52136 -10.82239
 -13.05131 -13.05200 -13.05152 -13.04683 -13.04487 -13.04150 -13.03992 -13.03205
 -13.02925 -13.01681 -13.01161 -13.02514 -13.02873 -12.91614 -12.72649 -12.02752
 -13.24997 -13.24996 -13.24990 -13.24961 -13.24983 -13.25036 -13.25064 -13.25286
 -13.25404 -13.26146 -13.27200 -13.34260 -13.37028 -13.30590 -13.12985 -12.43088
 -13.36581 -13.36617 -13.36687 -13.36774 -13.36849 -13.37098 -13.37265 -13.37893
 -13.38342 -13.40362 -13.42424 -13.52284 -13.55949 -13.52842 -13.36672 -12.66776
 -13.39804 -13.39881 -13.39974 -13.40117 -13.40181 -13.40570 -13.40810 -13.41675
 -13.42369 -13.45672 -13.48730 -13.60770 -13.64925 -13.67145 -13.53855 -12.83968
 -13.23024 -13.23297 -13.23395 -13.23677 -13.23789 -13.24113 -13.24306 -13.25074
 -13.25707 -13.29255 -13.32399 -13.43675 -13.47257 -13.57266 -13.48940 -12.79068
 -13.17180 -13.17583 -13.17701 -13.18004 -13.18134 -13.18346 -13.18504 -13.19198
 -13.19736 -13.22907 -13.25779 -13.36888 -13.40534 -13.51764 -13.44421 -12.74546
 -13.17566 -13.18012 -13.18144 -13.18449 -13.18575 -13.18788 -13.18927 -13.19457
 -13.19917 -13.22666 -13.25334 -13.36389 -13.40187 -13.52170 -13.45088 -12.75207
 -13.20283 -13.20734 -13.20884 -13.21183 -13.21282 -13.21541 -13.21681 -13.22115
 -13.22545 -13.25117 -13.27688 -13.38594 -13.42467 -13.54847 -13.47900 -12.78014
 -13.24141 -13.24582 -13.24749 -13.25064 -13.25146 -13.25421 -13.25569 -13.25980
 -13.26403 -13.28931 -13.31431 -13.42192 -13.46096 -13.58691 -13.51838 -12.81949
 -13.28829 -13.29253 -13.29433 -13.29799 -13.29878 -13.30122 -13.30272 -13.30689
 -13.31092 -13.33545 -13.35947 -13.46609 -13.50530 -13.63281 -13.56490 -12.86599
 -13.39680 -13.40139 -13.40312 -13.40736 -13.40852 -13.41047 -13.41195 -13.41612
 -13.41975 -13.44164 -13.46412 -13.56900 -13.60851 -13.73794 -13.67090 -12.97196
 -13.45368 -13.45891 -13.46049 -13.46453 -13.46604 -13.46810 -13.46961 -13.47371
 -13.47735 -13.49790 -13.52010 -13.62415 -13.66381 -13.79376 -13.72710 -13.02817
 -14.19145 -14.19925 -14.20232 -14.20853 -14.21065 -14.21477 -14.21639 -14.22049
 -14.22382 -14.24157 -14.25920 -14.35313 -14.39447 -14.53372 -14.46840 -13.76951
 -14.52641 -14.53427 -14.53735 -14.54361 -14.54575 -14.54988 -14.55150 -14.55554
 -14.55878 -14.57613 -14.59341 -14.68639 -14.72749 -14.86657 -14.80122 -14.10232
 -14.74671 -14.75460 -14.75770 -14.76398 -14.76612 -14.77026 -14.77187 -14.77588
 -14.77909 -14.79624 -14.81334 -14.90584 -14.94682 -15.08580 -15.02045 -14.32153
 -14.97998 -14.98790 -14.99100 -14.99730 -14.99945 -15.00360 -15.00521 -15.00919
 -15.01238 -15.02936 -15.04632 -15.13842 -15.17930 -15.31819 -15.25283 -14.55390
 -15.69725 -15.70521 -15.70833 -15.71465 -15.71682 -15.72098 -15.72259 -15.72654
 -15.72968 -15.74638 -15.76311 -15.85453 -15.89522 -16.03395 -15.96856 -15.26961
 -16.03038 -16.03835 -16.04147 -16.04780 -16.04998 -16.05414 -16.05575 -16.05969
 -16.06282 -16.07946 -16.09613 -16.18741 -16.22805 -16.36674 -16.30134 -15.60239
 -16.24974 -16.25771 -16.26083 -16.26717 -16.26934 -16.27350 -16.27512 -16.27905
 -16.28218 -16.29879 -16.31544 -16.40665 -16.44728 -16.58594 -16.52054 -15.82159
 -16.48222 -16.49019 -16.49332 -16.49966 -16.50183 -16.50599 -16.50761 -16.51154
 -16.51466 -16.53126 -16.54789 -16.63904 -16.67965 -16.81830 -16.75290 -16.05394
---------------------/ IGRD= 1  / IPRT= 1  /--------/ Z1= 2   / DATE= 11/11/02
 -11.21371 -11.17035 -11.13844 -11.04963 -10.99758 -10.85299 -10.77349 -10.53388
 -10.40105 -10.01161  -9.81269  -9.25935  -8.98159  -8.26437  -7.94053  -7.18895
 -11.34662 -11.31134 -11.28774 -11.21030 -11.16784 -11.04673 -10.98010 -10.77902
 -10.66611 -10.37440 -10.20930  -9.74709  -9.51233  -8.89108  -8.59402  -7.90813
 -11.51409 -11.49120 -11.47569 -11.42381 -11.39572 -11.31306 -11.26749 -11.12864
 -11.05059 -10.82579 -10.70508 -10.35869 -10.17881  -9.68471  -9.43813  -8.80401
 -11.62533 -11.60679 -11.59684 -11.56008 -11.53992 -11.47997 -11.44702 -11.34467
 -11.28649 -11.11560 -11.02302 -10.75088 -10.60520 -10.19239  -9.97489  -9.37912
 -11.74683 -11.73218 -11.72575 -11.70050 -11.68648 -11.64386 -11.62016 -11.54604
 -11.50439 -11.37822 -11.30891 -11.09918 -10.98386 -10.64363 -10.45444  -9.91116
 -12.10652 -12.10333 -12.10115 -12.09322 -12.08864 -12.07559 -12.06774 -12.04221
 -12.02760 -11.97864 -11.94816 -11.84665 -11.78933 -11.63158 -11.54950 -11.30827
 -12.27829 -12.27587 -12.27488 -12.27098 -12.26843 -12.26090 -12.25653 -12.24278
 -12.23394 -12.20526 -12.18748 -12.13049 -12.09949 -12.01337 -11.96570 -11.81842
 -12.38829 -12.38689 -12.38635 -12.38357 -12.38249 -12.37681 -12.37399 -12.36519
 -12.35965 -12.34040 -12.32956 -12.29467 -12.27675 -12.22427 -12.19398 -12.09152
 -12.48426 -12.48391 -12.48374 -12.48298 -12.48192 -12.48099 -12.48071 -12.47611
 -12.47338 -12.46424 -12.45903 -12.44550 -12.43873 -12.41626 -12.40049 -12.33512
 -12.26282 -12.27635 -12.28328 -12.30360 -12.31460 -12.34371 -12.35678 -12.39473
 -12.41294 -12.46020 -12.48404 -12.54875 -12.57824 -12.63480 -12.65166 -12.66213
 -11.98407 -12.00259 -12.01155 -12.03913 -12.05425 -12.09633 -12.11653 -12.17370
 -12.20275 -12.28147 -12.32296 -12.44054 -12.49690 -12.61326 -12.65499 -12.72394
 -11.86511 -11.88474 -11.89389 -11.92273 -11.93878 -11.98350 -12.00552 -12.06669
 -12.09854 -12.18699 -12.23360 -12.37118 -12.43844 -12.58453 -12.64045 -12.74205
 -11.82315 -11.84313 -11.85244 -11.88176 -11.89835 -11.94449 -11.96729 -12.03074
 -12.06389 -12.15698 -12.20572 -12.35225 -12.42440 -12.58696 -12.64840 -12.76720
 -11.81619 -11.83661 -11.84614 -11.87578 -11.89261 -11.93935 -11.96243 -12.02738
 -12.06150 -12.15689 -12.20742 -12.35853 -12.43421 -12.60531 -12.67132 -12.80020
 -11.82627 -11.84705 -11.85671 -11.88651 -11.90340 -11.95042 -11.97368 -12.03938
 -12.07416 -12.17088 -12.22268 -12.37647 -12.45461 -12.63100 -12.70054 -12.83601
 -11.86832 -11.88912 -11.89879 -11.92845 -11.94524 -11.99258 -12.01626 -12.08201
 -12.11723 -12.21558 -12.26801 -12.42465 -12.50491 -12.68932 -12.76206 -12.90583
 -11.89397 -11.91465 -11.92432 -11.95382 -11.97052 -12.01785 -12.04163 -12.10735
 -12.14255 -12.24127 -12.29368 -12.45088 -12.53163 -12.71894 -12.79250 -12.93911
 -12.34379 -12.36440 -12.37323 -12.40012 -12.41483 -12.46050 -12.48440 -12.54762
 -12.58018 -12.67513 -12.72483 -12.87523 -12.95598 -13.15416 -13.23422 -13.39589
 -12.62765 -12.64569 -12.65652 -12.68125 -12.69725 -12.74120 -12.76413 -12.82681
 -12.85959 -12.95353 -13.00270 -13.15013 -13.23020 -13.43075 -13.51101 -13.67545
 -12.82763 -12.84583 -12.85535 -12.88105 -12.89557 -12.93975 -12.96256 -13.02416
 -13.05673 -13.15051 -13.20005 -13.34555 -13.42575 -13.62646 -13.70873 -13.87160
 -13.04195 -13.06069 -13.07016 -13.09541 -13.10900 -13.15211 -13.17476 -13.23622
 -13.26875 -13.35973 -13.40809 -13.55250 -13.63058 -13.83129 -13.91324 -14.07665
 -13.75742 -13.77616 -13.78564 -13.81088 -13.82445 -13.86756 -13.89020 -13.95166
 -13.98419 -14.07513 -14.12346 -14.26787 -14.34592 -14.54663 -14.62856 -14.79198
 -14.09019 -14.10893 -14.11842 -14.14365 -14.15723 -14.20033 -14.22297 -14.28443
 -14.31696 -14.40790 -14.45624 -14.60064 -14.67869 -14.87940 -14.96133 -15.12476
 -14.30938 -14.32812 -14.33761 -14.36284 -14.37642 -14.41952 -14.44217 -14.50362
 -14.53615 -14.62709 -14.67543 -14.81983 -14.89788 -15.09859 -15.18052 -15.34395
 -14.54174 -14.56048 -14.56996 -14.59520 -14.60877 -14.65187 -14.67452 -14.73597
 -14.76851 -14.85945 -14.90778 -15.05219 -15.13024 -15.33095 -15.41288 -15.57630
---------------------/ IGRD= 1  / IPRT= 1  /--------/ Z1= 3   / DATE= 11/11/02
 -10.75418 -10.71315 -10.69192 -10.64042 -10.60638 -10.49137 -10.42178 -10.22237
 -10.11974  -9.80860  -9.63684  -9.13260  -8.87156  -8.15247  -7.80211  -6.94326
 -10.88280 -10.84792 -10.82942 -10.78267 -10.75319 -10.65380 -10.59530 -10.42489
 -10.33598 -10.06697  -9.91746  -9.47993  -9.25269  -8.62498  -8.31574  -7.53806
 -11.04472 -11.01756 -11.00252 -10.96206 -10.93839 -10.85877 -10.81415 -10.67990
 -10.60833 -10.39254 -10.27110  -9.91759  -9.73300  -9.22009  -8.96253  -8.28723
 -11.15039 -11.12793 -11.11556 -11.08175 -11.06247 -10.99666 -10.96022 -10.84686
 -10.78715 -10.60744 -10.50479 -10.20666 -10.05053  -9.61061  -9.38612  -8.77902
 -11.26194 -11.24475 -11.23534 -11.20901 -11.19396 -11.14319 -11.11392 -11.02500
 -10.97794 -10.83423 -10.75252 -10.51314 -10.38675 -10.02544  -9.83643  -9.30093
 -11.60438 -11.59862 -11.59535 -11.58791 -11.58297 -11.56407 -11.55349 -11.52303
 -11.50556 -11.45088 -11.41970 -11.32408 -11.27234 -11.11537 -11.02422 -10.72602
 -11.76335 -11.76032 -11.75863 -11.75217 -11.74911 -11.73904 -11.73333 -11.71441
 -11.70355 -11.67072 -11.65110 -11.59345 -11.56149 -11.45980 -11.40038 -11.20462
 -11.86764 -11.86695 -11.86586 -11.86047 -11.85837 -11.85052 -11.84637 -11.83329
 -11.82595 -11.80187 -11.78816 -11.74643 -11.72337 -11.65131 -11.60729 -11.46373
 -11.98017 -11.97919 -11.97837 -11.97578 -11.97457 -11.96937 -11.96636 -11.95752
 -11.95282 -11.93509 -11.92465 -11.89780 -11.88166 -11.82878 -11.79910 -11.69870
 -12.20599 -12.20579 -12.20548 -12.20423 -12.20340 -12.20141 -12.20029 -12.19576
 -12.19332 -12.18632 -12.18210 -12.16809 -12.16011 -12.13593 -12.12150 -12.07359
 -12.34297 -12.34238 -12.34195 -12.34189 -12.34126 -12.34006 -12.33962 -12.33675
 -12.33520 -12.33092 -12.32810 -12.31974 -12.31484 -12.29921 -12.29040 -12.26147
 -12.44284 -12.44227 -12.44186 -12.44158 -12.44110 -12.44044 -12.44012 -12.43855
 -12.43752 -12.43445 -12.43241 -12.42608 -12.42305 -12.41254 -12.40636 -12.38630
 -12.52168 -12.52193 -12.52195 -12.52044 -12.51990 -12.52005 -12.51948 -12.51850
 -12.51790 -12.51553 -12.51398 -12.50887 -12.50707 -12.49984 -12.49486 -12.47997
 -12.58746 -12.58792 -12.58808 -12.58665 -12.58623 -12.58668 -12.58586 -12.58470
 -12.58458 -12.58237 -12.58133 -12.57778 -12.57635 -12.57083 -12.56687 -12.55550
 -12.64402 -12.64421 -12.64428 -12.64376 -12.64357 -12.64391 -12.64301 -12.64148
 -12.64175 -12.63959 -12.63896 -12.63689 -12.63552 -12.63074 -12.62776 -12.61900
 -12.73746 -12.73735 -12.73731 -12.73760 -12.73762 -12.73771 -12.73717 -12.73606
 -12.73638 -12.73523 -12.73467 -12.73341 -12.73287 -12.72880 -12.72720 -12.72206
 -12.77727 -12.77719 -12.77716 -12.77737 -12.77740 -12.77743 -12.77715 -12.77657
 -12.77672 -12.77625 -12.77548 -12.77391 -12.77393 -12.77025 -12.76908 -12.76526
 -13.22497 -13.22497 -13.22498 -13.22496 -13.22497 -13.22493 -13.22511 -13.22531
 -13.22558 -13.22578 -13.22579 -13.22691 -13.22714 -13.22720 -13.22791 -13.22920
 -13.45297 -13.45297 -13.45297 -13.45297 -13.45297 -13.45297 -13.45295 -13.45295
 -13.45291 -13.45410 -13.45449 -13.45419 -13.45463 -13.45643 -13.45732 -13.45885
 -13.61038 -13.61038 -13.61038 -13.61038 -13.61038 -13.61040 -13.61039 -13.61043
 -13.61034 -13.61075 -13.61073 -13.61213 -13.61252 -13.61403 -13.61529 -13.61761
 -13.78404 -13.78403 -13.78403 -13.78404 -13.78400 -13.78394 -13.78395 -13.78394
 -13.78395 -13.78372 -13.78359 -13.78395 -13.78517 -13.78681 -13.78825 -13.79000
 -14.37464 -14.37464 -14.37464 -14.37464 -14.37464 -14.37463 -14.37465 -14.37457
 -14.37488 -14.37533 -14.37550 -14.37660 -14.37696 -14.37844 -14.37963 -14.38240
 -14.70742 -14.70741 -14.70741 -14.70741 -14.70741 -14.70741 -14.70743 -14.70735
 -14.70765 -14.70810 -14.70827 -14.70937 -14.70973 -14.71122 -14.71240 -14.71518
 -14.92661 -14.92660 -14.92660 -14.92660 -14.92660 -14.92660 -14.92662 -14.92654
 -14.92684 -14.92730 -14.92746 -14.92857 -14.92893 -14.93041 -14.93159 -14.93437
 -15.15896 -15.15895 -15.15896 -15.15896 -15.15896 -15.15895 -15.15897 -15.15889
 -15.15919 -15.15965 -15.15982 -15.16092 -15.16128 -15.16276 -15.16395 -15.16672
C-------------------------------------------------------------------------------
C
C     RATE COEFFICIENTS IN UNITS OF CM**3 S-1 
C     --------------------------------------- 
C
C     INPUT DATA
C         FOR YEAR: 96 AND WITH PREFIX:   
C         FOR li RECOMBINING ION CHARGE(S)  1 TO  3
C
C     CODE     : ADAS404
C     PRODUCER : Martin O'Mullane              
C     DATE     : 11/11/02
C
C-------------------------------------------------------------------------------
 
C---------------------------------------------------------------------------------
C ADAS ADF11 DATA - SCCS info: @(#)$Header: /home/adascvs/adas/adf11/acd96/acd96_li.dat,v 2.1 2004/07/07 00:02:06 whitefor Exp $ Date $Date: 2004/07/07 00:02:06 $
C---------------------------------------------------------------------------------
