    2   24   30    1    2     /HELIUM             /HORTON ET AL 1996
--------------------------------------------------------------------------------
   7.69897   8.00000   8.30103   8.69897   9.00000   9.30103   9.69897  10.00000
  10.30103  10.69897  11.00000  11.30103  11.69897  12.00000  12.30103  12.69897
  13.00000  13.30103  13.69897  14.00000  14.30103  14.69897  15.00000  15.30103
   -.69877   -.52268   -.30083   -.15470    .00020    .17629    .30123    .47732
    .69917    .84530   1.00020   1.17629   1.30123   1.47732   1.69917   1.84530
   2.00020   2.17629   2.30123   2.47732   2.69917   2.84530   3.00020   3.17629
   3.30123   3.47732   3.69917   3.84530   4.00020   4.17629
---------------------/ IGRD= 1  / IPRT= 1  /--------/ Z1= 1   / DATE= 20/11/97
 -73.69897 -73.69897 -73.69897 -73.69897 -73.69897 -73.69897 -73.69897 -73.69897
 -73.69897 -73.69897 -73.69897 -73.69897 -73.69897 -73.69897 -73.69897 -73.69897
 -73.69897 -73.69897 -73.69897 -73.69897 -73.69897 -73.69897 -73.69897 -73.69897
 -73.69897 -73.69897 -73.69897 -73.69897 -73.69897 -73.69897 -73.69897 -73.69897
 -73.69897 -73.69897 -73.69897 -73.69897 -73.69897 -73.69897 -73.69897 -73.69897
 -73.69897 -73.69897 -73.69897 -73.69897 -73.69897 -73.69897 -73.69897 -73.69897
 -73.69897 -73.69897 -73.69897 -73.69897 -73.69897 -73.69897 -73.69897 -73.69897
 -73.69897 -73.69897 -73.69897 -73.69897 -73.69897 -73.69897 -73.69897 -73.69897
 -73.69897 -73.69897 -73.69897 -73.69897 -73.69897 -73.69897 -73.69897 -73.69897
 -73.69897 -73.69897 -73.69897 -73.69897 -73.69897 -73.69897 -73.69897 -73.69897
 -73.69897 -73.69897 -73.69897 -73.69897 -73.69897 -73.69897 -73.69897 -73.69897
 -73.69897 -73.69897 -73.69897 -73.69897 -73.69897 -73.69897 -73.69897 -73.69897
 -73.69897 -73.69897 -73.69897 -73.69897 -73.69897 -73.69897 -73.69897 -73.69897
 -73.69897 -73.69897 -73.69897 -73.69897 -73.69897 -73.69897 -73.69897 -73.69897
 -73.69897 -73.69897 -73.69897 -73.69897 -73.69897 -73.69897 -73.69897 -73.69897
 -73.69897 -73.69897 -73.69897 -73.69897 -73.69897 -73.69897 -73.69897 -73.69897
 -73.69897 -73.69897 -73.69897 -73.69897 -73.69897 -73.69897 -73.69897 -73.69897
 -73.69897 -73.69897 -73.69897 -73.69897 -73.69897 -73.69897 -73.69897 -73.69897
 -73.69897 -73.69897 -73.69897 -73.69897 -73.69897 -73.69897 -73.69897 -73.69897
 -73.69897 -73.69897 -73.69897 -73.69897 -73.69897 -73.69897 -73.69897 -73.69897
 -73.69897 -73.69897 -73.69897 -73.69897 -73.69897 -73.69897 -73.69897 -73.69897
 -73.69897 -73.69897 -73.69897 -73.69897 -73.69897 -73.69897 -73.69897 -73.69897
 -73.69897 -73.69897 -73.69897 -73.69897 -73.69897 -73.69897 -73.69897 -73.69897
 -73.69897 -73.69897 -73.69897 -73.69897 -73.69897 -73.69897 -73.69897 -73.69897
 -73.69897 -73.69897 -73.69897 -73.69897 -73.69897 -73.69897 -73.69897 -73.69897
 -73.69897 -73.69897 -73.69897 -73.69897 -73.69897 -73.69897 -73.69897 -73.69897
 -73.69897 -73.69897 -73.69897 -73.69897 -73.69897 -73.69897 -73.69897 -73.69897
 -73.69897 -73.69897 -73.69897 -73.69897 -73.69897 -73.69897 -73.69897 -73.69897
 -73.69897 -73.69897 -73.69897 -73.69897 -73.69897 -73.69897 -73.69897 -73.69897
 -73.69897 -73.69897 -73.69897 -73.69897 -73.69897 -73.69897 -73.69897 -73.69897
 -73.69897 -73.69897 -73.69897 -73.69897 -73.69897 -73.69897 -73.69897 -73.69897
 -73.69897 -73.69897 -73.69897 -73.69897 -73.69897 -73.69897 -73.69897 -73.69897
 -73.69897 -73.69897 -73.69897 -73.69897 -73.69897 -73.69897 -73.69897 -73.69897
 -73.69897 -73.69897 -73.69897 -73.69897 -73.69897 -73.69897 -73.69897 -73.69897
 -73.69897 -73.69897 -73.69897 -73.69897 -73.69897 -73.69897 -73.69897 -73.69897
 -73.69897 -73.69897 -73.69897 -73.69897 -73.69897 -73.69897 -73.69897 -73.69897
 -73.69897 -73.69897 -73.69897 -73.69897 -73.69897 -73.69897 -73.69897 -73.69897
 -73.69897 -73.69897 -73.69897 -73.69897 -73.69897 -73.69897 -73.69897 -73.69897
 -73.69897 -73.69897 -73.69897 -73.69897 -73.69897 -73.69897 -73.69897 -73.69897
 -73.69897 -73.69897 -73.69897 -73.69897 -73.69897 -73.69897 -73.69897 -73.69897
 -73.69897 -73.69897 -73.69897 -73.69897 -73.69897 -73.69897 -73.69897 -73.69897
 -73.69897 -73.69897 -73.69897 -73.69897 -73.69897 -73.69897 -73.69897 -73.69897
 -73.69897 -73.69897 -73.69897 -73.69897 -73.69897 -73.69897 -73.69897 -73.69897
 -73.69897 -73.69897 -73.69897 -73.69897 -73.69897 -73.69897 -73.69897 -73.69897
 -73.69897 -73.69897 -73.69897 -73.69897 -73.69897 -73.69897 -73.69897 -73.69897
 -73.69897 -73.69897 -73.69897 -73.69897 -73.69897 -73.69897 -73.69897 -73.69897
 -73.69897 -73.69897 -73.69897 -73.69897 -73.69897 -73.69897 -73.69897 -73.69897
 -73.69897 -73.69897 -73.69897 -73.69897 -73.69897 -73.69897 -73.69897 -73.69897
 -73.69897 -73.69897 -73.69897 -73.69897 -73.69897 -73.69897 -73.69897 -73.69897
 -73.69897 -73.69897 -73.69897 -73.69897 -73.69897 -73.69897 -73.69897 -73.69897
 -73.69897 -73.69897 -73.69897 -73.69897 -73.69897 -73.69897 -73.69897 -73.69897
 -73.69897 -73.69897 -73.69897 -73.69897 -73.69897 -73.69897 -73.69897 -73.69897
 -73.69897 -73.69897 -73.69897 -73.69897 -73.69897 -73.69897 -73.69897 -73.69897
 -73.69897 -73.69897 -73.69897 -73.69897 -73.69897 -73.69897 -73.69897 -73.69897
 -73.69897 -73.69897 -73.69897 -73.69897 -73.69897 -73.69897 -73.69897 -73.69897
 -73.69897 -73.69897 -73.69897 -73.69897 -73.69897 -73.69897 -73.69897 -73.69897
 -73.69897 -73.69897 -73.69897 -73.69897 -73.69897 -73.69897 -73.69897 -73.69897
 -73.69897 -73.69897 -73.69897 -73.69897 -73.69897 -73.69897 -73.69897 -73.69897
 -73.69897 -73.69897 -73.69897 -73.69897 -73.69897 -73.69897 -73.69897 -73.69897
 -73.69897 -73.69897 -73.69897 -73.69897 -73.69897 -73.69897 -73.69897 -73.69897
 -73.69897 -73.69897 -73.69897 -73.69897 -73.69897 -73.69897 -73.69897 -73.69897
 -73.69897 -73.69897 -73.69897 -73.69897 -73.69897 -73.69897 -73.69897 -73.69897
 -73.69897 -73.69897 -73.69897 -73.69897 -73.69897 -73.69897 -73.69897 -73.69897
 -73.69897 -73.69897 -73.69897 -73.69897 -73.69897 -73.69897 -73.69897 -73.69897
 -73.69897 -73.69897 -73.69897 -73.69897 -73.69897 -73.69897 -73.69897 -73.69897
 -73.69897 -73.69897 -73.69897 -73.69897 -73.69897 -73.69897 -73.69897 -73.69897
 -73.69897 -73.69897 -73.69897 -73.69897 -73.69897 -73.69897 -73.69897 -73.69897
 -73.69897 -73.69897 -73.69897 -73.69897 -73.69897 -73.69897 -73.69897 -73.69897
 -73.69897 -73.69897 -73.69897 -73.69897 -73.69897 -73.69897 -73.69897 -73.69897
 -73.69897 -73.69897 -73.69897 -73.69897 -73.69897 -73.69897 -73.69897 -73.69897
 -73.69897 -73.69897 -73.69897 -73.69897 -73.69897 -73.69897 -73.69897 -73.69897
 -73.69897 -73.69897 -73.69897 -73.69897 -73.69897 -73.69897 -73.69897 -73.69897
 -73.69897 -73.69897 -73.69897 -73.69897 -73.69897 -73.69897 -73.69897 -73.69897
 -73.69897 -73.69897 -73.69897 -73.69897 -73.69897 -73.69897 -73.69897 -73.69897
 -73.69897 -73.69897 -73.69897 -73.69897 -73.69897 -73.69897 -73.69897 -73.69897
 -73.69897 -73.69897 -73.69897 -73.69897 -73.69897 -73.69897 -73.69897 -73.69897
 -73.69897 -73.69897 -73.69897 -73.69897 -73.69897 -73.69897 -73.69897 -73.69897
 -73.69897 -73.69897 -73.69897 -73.69897 -73.69897 -73.69897 -73.69897 -73.69897
 -73.69897 -73.69897 -73.69897 -73.69897 -73.69897 -73.69897 -73.69897 -73.69897
 -73.69897 -73.69897 -73.69897 -73.69897 -73.69897 -73.69897 -73.69897 -73.69897
 -73.69897 -73.69897 -73.69897 -73.69897 -73.69897 -73.69897 -73.69897 -73.69897
 -73.69897 -73.69897 -73.69897 -73.69897 -73.69897 -73.69897 -73.69897 -73.69897
 -73.69897 -73.69897 -73.69897 -73.69897 -73.69897 -73.69897 -73.69897 -73.69897
 -73.69897 -73.69897 -73.69897 -73.69897 -73.69897 -73.69897 -73.69897 -73.69897
 -73.69897 -73.69897 -73.69897 -73.69897 -73.69897 -73.69897 -73.69897 -73.69897
 -73.69897 -73.69897 -73.69897 -73.69897 -73.69897 -73.69897 -73.69897 -73.69897
 -73.69897 -73.69897 -73.69897 -73.69897 -73.69897 -73.69897 -73.69897 -73.69897
 -73.69897 -73.69897 -73.69897 -73.69897 -73.69897 -73.69897 -73.69897 -73.69897
 -73.69897 -73.69897 -73.69897 -73.69897 -73.69897 -73.69897 -73.69897 -73.69897
 -73.69897 -73.69897 -73.69897 -73.69897 -73.69897 -73.69897 -73.69897 -73.69897
---------------------/ IGRD= 1  / IPRT= 1  /--------/ Z1= 2   / DATE= 20/11/97
 -74.00000 -74.00000 -74.00000 -74.00000 -74.00000 -74.00000 -74.00000 -74.00000
 -74.00000 -74.00000 -74.00000 -74.00000 -74.00000 -74.00000 -74.00000 -74.00000
 -74.00000 -74.00000 -74.00000 -74.00000 -74.00000 -74.00000 -74.00000 -74.00000
 -74.00000 -74.00000 -74.00000 -74.00000 -74.00000 -74.00000 -74.00000 -74.00000
 -74.00000 -74.00000 -74.00000 -74.00000 -74.00000 -74.00000 -74.00000 -74.00000
 -74.00000 -74.00000 -74.00000 -74.00000 -74.00000 -74.00000 -74.00000 -74.00000
 -74.00000 -74.00000 -74.00000 -74.00000 -74.00000 -74.00000 -74.00000 -74.00000
 -74.00000 -74.00000 -74.00000 -74.00000 -74.00000 -74.00000 -74.00000 -74.00000
 -74.00000 -74.00000 -74.00000 -74.00000 -74.00000 -74.00000 -74.00000 -74.00000
 -74.00000 -74.00000 -74.00000 -74.00000 -74.00000 -74.00000 -74.00000 -74.00000
 -74.00000 -74.00000 -74.00000 -74.00000 -74.00000 -74.00000 -74.00000 -74.00000
 -74.00000 -74.00000 -74.00000 -74.00000 -74.00000 -74.00000 -74.00000 -74.00000
 -74.00000 -74.00000 -74.00000 -74.00000 -74.00000 -74.00000 -74.00000 -74.00000
 -74.00000 -74.00000 -74.00000 -74.00000 -74.00000 -74.00000 -74.00000 -74.00000
 -74.00000 -74.00000 -74.00000 -74.00000 -74.00000 -74.00000 -74.00000 -74.00000
 -74.00000 -74.00000 -74.00000 -74.00000 -74.00000 -74.00000 -74.00000 -74.00000
 -74.00000 -74.00000 -74.00000 -74.00000 -74.00000 -74.00000 -74.00000 -74.00000
 -74.00000 -74.00000 -74.00000 -74.00000 -74.00000 -74.00000 -74.00000 -74.00000
 -74.00000 -74.00000 -74.00000 -74.00000 -74.00000 -74.00000 -74.00000 -74.00000
 -74.00000 -74.00000 -74.00000 -74.00000 -74.00000 -74.00000 -74.00000 -74.00000
 -74.00000 -74.00000 -74.00000 -74.00000 -74.00000 -74.00000 -74.00000 -74.00000
 -74.00000 -74.00000 -74.00000 -74.00000 -74.00000 -74.00000 -74.00000 -74.00000
 -74.00000 -74.00000 -74.00000 -74.00000 -74.00000 -74.00000 -74.00000 -74.00000
 -74.00000 -74.00000 -74.00000 -74.00000 -74.00000 -74.00000 -74.00000 -74.00000
 -74.00000 -74.00000 -74.00000 -74.00000 -74.00000 -74.00000 -74.00000 -74.00000
 -74.00000 -74.00000 -74.00000 -74.00000 -74.00000 -74.00000 -74.00000 -74.00000
 -74.00000 -74.00000 -74.00000 -74.00000 -74.00000 -74.00000 -74.00000 -74.00000
 -74.00000 -74.00000 -74.00000 -74.00000 -74.00000 -74.00000 -74.00000 -74.00000
 -74.00000 -74.00000 -74.00000 -74.00000 -74.00000 -74.00000 -74.00000 -74.00000
 -74.00000 -74.00000 -74.00000 -74.00000 -74.00000 -74.00000 -74.00000 -74.00000
 -74.00000 -74.00000 -74.00000 -74.00000 -74.00000 -74.00000 -74.00000 -74.00000
 -74.00000 -74.00000 -74.00000 -74.00000 -74.00000 -74.00000 -74.00000 -74.00000
 -74.00000 -74.00000 -74.00000 -74.00000 -74.00000 -74.00000 -74.00000 -74.00000
 -74.00000 -74.00000 -74.00000 -74.00000 -74.00000 -74.00000 -74.00000 -74.00000
 -74.00000 -74.00000 -74.00000 -74.00000 -74.00000 -74.00000 -74.00000 -74.00000
 -74.00000 -74.00000 -74.00000 -74.00000 -74.00000 -74.00000 -74.00000 -74.00000
 -74.00000 -74.00000 -74.00000 -74.00000 -74.00000 -74.00000 -74.00000 -74.00000
 -74.00000 -74.00000 -74.00000 -74.00000 -74.00000 -74.00000 -74.00000 -74.00000
 -74.00000 -74.00000 -74.00000 -74.00000 -74.00000 -74.00000 -74.00000 -74.00000
 -74.00000 -74.00000 -74.00000 -74.00000 -74.00000 -74.00000 -74.00000 -74.00000
 -74.00000 -74.00000 -74.00000 -74.00000 -74.00000 -74.00000 -74.00000 -74.00000
 -74.00000 -74.00000 -74.00000 -74.00000 -74.00000 -74.00000 -74.00000 -74.00000
 -74.00000 -74.00000 -74.00000 -74.00000 -74.00000 -74.00000 -74.00000 -74.00000
 -74.00000 -74.00000 -74.00000 -74.00000 -74.00000 -74.00000 -74.00000 -74.00000
 -74.00000 -74.00000 -74.00000 -74.00000 -74.00000 -74.00000 -74.00000 -74.00000
 -74.00000 -74.00000 -74.00000 -74.00000 -74.00000 -74.00000 -74.00000 -74.00000
 -74.00000 -74.00000 -74.00000 -74.00000 -74.00000 -74.00000 -74.00000 -74.00000
 -74.00000 -74.00000 -74.00000 -74.00000 -74.00000 -74.00000 -74.00000 -74.00000
 -74.00000 -74.00000 -74.00000 -74.00000 -74.00000 -74.00000 -74.00000 -74.00000
 -74.00000 -74.00000 -74.00000 -74.00000 -74.00000 -74.00000 -74.00000 -74.00000
 -74.00000 -74.00000 -74.00000 -74.00000 -74.00000 -74.00000 -74.00000 -74.00000
 -74.00000 -74.00000 -74.00000 -74.00000 -74.00000 -74.00000 -74.00000 -74.00000
 -74.00000 -74.00000 -74.00000 -74.00000 -74.00000 -74.00000 -74.00000 -74.00000
 -74.00000 -74.00000 -74.00000 -74.00000 -74.00000 -74.00000 -74.00000 -74.00000
 -74.00000 -74.00000 -74.00000 -74.00000 -74.00000 -74.00000 -74.00000 -74.00000
 -74.00000 -74.00000 -74.00000 -74.00000 -74.00000 -74.00000 -74.00000 -74.00000
 -74.00000 -74.00000 -74.00000 -74.00000 -74.00000 -74.00000 -74.00000 -74.00000
 -74.00000 -74.00000 -74.00000 -74.00000 -74.00000 -74.00000 -74.00000 -74.00000
 -74.00000 -74.00000 -74.00000 -74.00000 -74.00000 -74.00000 -74.00000 -74.00000
 -74.00000 -74.00000 -74.00000 -74.00000 -74.00000 -74.00000 -74.00000 -74.00000
 -74.00000 -74.00000 -74.00000 -74.00000 -74.00000 -74.00000 -74.00000 -74.00000
 -74.00000 -74.00000 -74.00000 -74.00000 -74.00000 -74.00000 -74.00000 -74.00000
 -74.00000 -74.00000 -74.00000 -74.00000 -74.00000 -74.00000 -74.00000 -74.00000
 -74.00000 -74.00000 -74.00000 -74.00000 -74.00000 -74.00000 -74.00000 -74.00000
 -74.00000 -74.00000 -74.00000 -74.00000 -74.00000 -74.00000 -74.00000 -74.00000
 -74.00000 -74.00000 -74.00000 -74.00000 -74.00000 -74.00000 -74.00000 -74.00000
 -74.00000 -74.00000 -74.00000 -74.00000 -74.00000 -74.00000 -74.00000 -74.00000
 -74.00000 -74.00000 -74.00000 -74.00000 -74.00000 -74.00000 -74.00000 -74.00000
 -74.00000 -74.00000 -74.00000 -74.00000 -74.00000 -74.00000 -74.00000 -74.00000
 -74.00000 -74.00000 -74.00000 -74.00000 -74.00000 -74.00000 -74.00000 -74.00000
 -74.00000 -74.00000 -74.00000 -74.00000 -74.00000 -74.00000 -74.00000 -74.00000
 -74.00000 -74.00000 -74.00000 -74.00000 -74.00000 -74.00000 -74.00000 -74.00000
 -74.00000 -74.00000 -74.00000 -74.00000 -74.00000 -74.00000 -74.00000 -74.00000
 -74.00000 -74.00000 -74.00000 -74.00000 -74.00000 -74.00000 -74.00000 -74.00000
 -74.00000 -74.00000 -74.00000 -74.00000 -74.00000 -74.00000 -74.00000 -74.00000
 -74.00000 -74.00000 -74.00000 -74.00000 -74.00000 -74.00000 -74.00000 -74.00000
 -74.00000 -74.00000 -74.00000 -74.00000 -74.00000 -74.00000 -74.00000 -74.00000
 -74.00000 -74.00000 -74.00000 -74.00000 -74.00000 -74.00000 -74.00000 -74.00000
 -74.00000 -74.00000 -74.00000 -74.00000 -74.00000 -74.00000 -74.00000 -74.00000
 -74.00000 -74.00000 -74.00000 -74.00000 -74.00000 -74.00000 -74.00000 -74.00000
 -74.00000 -74.00000 -74.00000 -74.00000 -74.00000 -74.00000 -74.00000 -74.00000
 -74.00000 -74.00000 -74.00000 -74.00000 -74.00000 -74.00000 -74.00000 -74.00000
 -74.00000 -74.00000 -74.00000 -74.00000 -74.00000 -74.00000 -74.00000 -74.00000
 -74.00000 -74.00000 -74.00000 -74.00000 -74.00000 -74.00000 -74.00000 -74.00000
 -74.00000 -74.00000 -74.00000 -74.00000 -74.00000 -74.00000 -74.00000 -74.00000
 -74.00000 -74.00000 -74.00000 -74.00000 -74.00000 -74.00000 -74.00000 -74.00000
 -74.00000 -74.00000 -74.00000 -74.00000 -74.00000 -74.00000 -74.00000 -74.00000
 -74.00000 -74.00000 -74.00000 -74.00000 -74.00000 -74.00000 -74.00000 -74.00000
 -74.00000 -74.00000 -74.00000 -74.00000 -74.00000 -74.00000 -74.00000 -74.00000
 -74.00000 -74.00000 -74.00000 -74.00000 -74.00000 -74.00000 -74.00000 -74.00000
C-------------------------------------------------------------------------------
C
C     RATE COEFFICIENTS IN UNITS OF CM**3 S-1 
C     --------------------------------------- 
C
C     PREPARED USING ADAS404
C
C     INPUT DATA
C         FOR YEAR: 96 AND WITH PREFIX: pj
C         FOR he RECOMBINING ION CHARGE(S)  1 TO  2
C
C     NOTES:  PROCESSED 20/11/97
C
C-------------------------------------------------------------------------------
 
C---------------------------------------------------------------------------------
C ADAS ADF11 DATA - SCCS info: @(#)$Header: /home/adascvs/adas/adf11/ccd96/ccd96_he.dat,v 2.1 2004/07/07 00:03:38 whitefor Exp $ Date $Date: 2004/07/07 00:03:38 $
C---------------------------------------------------------------------------------
