    8   13   20    1    8     /OXYGEN             /DICKSON ET AL 1992
--------------------------------------------------------------------------------
   4.00000   5.00000   6.00000   7.00000   8.00000   9.00000  10.00000  11.00000
  12.00000  13.00000  14.00000  15.00000  16.59999
  -0.39997  -0.20010  -0.00015   0.20021   0.39929   0.60003   0.79990   0.99985
   1.20021   1.39929   1.60003   1.79990   1.99985   2.20021   2.39929   2.60003
   2.79990   2.99985   3.20021   3.39929
---------------------/ IPRT= 1  / IGRD= 1  /--------/ Z1= 1   / DATE= 29/03/93
 -30.21208 -30.20802 -30.19704 -30.17636 -30.14746 -30.11317 -30.06632 -29.96074
 -29.73635 -29.35934 -28.98563 -28.85797 -29.24123
 -30.35304 -30.35059 -30.34273 -30.32754 -30.30830 -30.28970 -30.26776 -30.20354
 -30.04627 -29.77403 -29.52466 -29.49788 -29.92903
 -30.50372 -30.50375 -30.49938 -30.48920 -30.47791 -30.47175 -30.46916 -30.43705
 -30.33274 -30.14278 -29.98961 -30.03972 -30.50224
 -30.50284 -30.50833 -30.51015 -30.50709 -30.50517 -30.51216 -30.52834 -30.52387
 -30.46080 -30.33003 -30.24314 -30.34499 -30.82586
 -30.00382 -30.01675 -30.02658 -30.03177 -30.03908 -30.05740 -30.08810 -30.10262
 -30.06484 -29.96689 -29.91463 -30.04273 -30.53247
 -29.31565 -29.33416 -29.34992 -29.36085 -29.37378 -29.39782 -29.43466 -29.45620
 -29.42693 -29.33924 -29.29711 -29.43245 -29.92411
 -28.97572 -28.99566 -29.01288 -29.02504 -29.03900 -29.06393 -29.10159 -29.12393
 -29.09548 -29.00864 -28.96728 -29.10309 -29.59474
 -28.92748 -28.94695 -28.96371 -28.97543 -28.98899 -29.01358 -29.05094 -29.07296
 -29.04407 -28.95661 -28.91461 -29.04999 -29.54162
 -28.98195 -29.00113 -29.01773 -29.02955 -29.04335 -29.06820 -29.10571 -29.12779
 -29.09889 -29.01138 -28.96932 -29.10465 -29.59626
 -29.11881 -29.13762 -29.15393 -29.16559 -29.17939 -29.20436 -29.24210 -29.26440
 -29.23559 -29.14798 -29.10571 -29.24086 -29.73241
 -29.32109 -29.33953 -29.35557 -29.36705 -29.38076 -29.40571 -29.44350 -29.46587
 -29.43710 -29.34945 -29.30711 -29.44219 -29.93373
 -29.55704 -29.57518 -29.59120 -29.60288 -29.61681 -29.64181 -29.67933 -29.70134
 -29.67247 -29.58521 -29.54348 -29.67908 -30.17075
 -29.77355 -29.78995 -29.80429 -29.81454 -29.82724 -29.85107 -29.88744 -29.90848
 -29.87901 -29.79165 -29.75013 -29.88597 -30.37770
 -29.99164 -30.00564 -30.01734 -30.02507 -30.03553 -30.05752 -30.09251 -30.11255
 -30.08230 -29.99426 -29.95220 -30.08771 -30.57936
 -30.28732 -30.30123 -30.31284 -30.32047 -30.33084 -30.35276 -30.38770 -30.40770
 -30.37742 -30.28935 -30.24727 -30.38276 -30.87441
 -30.58845 -30.60236 -30.61396 -30.62159 -30.63196 -30.65388 -30.68882 -30.70882
 -30.67854 -30.59047 -30.54839 -30.68388 -31.17554
 -30.88825 -30.90216 -30.91376 -30.92140 -30.93176 -30.95368 -30.98863 -31.00862
 -30.97834 -30.89028 -30.84820 -30.98369 -31.47534
 -31.18817 -31.20208 -31.21368 -31.22132 -31.23168 -31.25360 -31.28855 -31.30854
 -31.27826 -31.19020 -31.14812 -31.28361 -31.77526
 -31.48871 -31.50262 -31.51422 -31.52186 -31.53222 -31.55414 -31.58909 -31.60908
 -31.57880 -31.49074 -31.44866 -31.58415 -32.07580
 -31.78732 -31.80123 -31.81284 -31.82047 -31.83084 -31.85276 -31.88770 -31.90770
 -31.87742 -31.78935 -31.74727 -31.88276 -32.37441
---------------------/ IPRT= 1  / IGRD= 1  /--------/ Z1= 2   / DATE= 29/03/93
 -28.82615 -28.81959 -28.80820 -28.78772 -28.75300 -28.69642 -28.59662 -28.42755
 -28.16031 -27.75029 -27.14752 -26.34541 -25.26499
 -28.96582 -28.96279 -28.95763 -28.94579 -28.92152 -28.87861 -28.80838 -28.70131
 -28.53980 -28.26163 -27.78923 -27.09170 -26.11142
 -29.17399 -29.17110 -29.16715 -29.15818 -29.13905 -29.10516 -29.05476 -28.98710
 -28.89186 -28.70577 -28.34738 -27.77912 -26.98046
 -29.23875 -29.23980 -29.24111 -29.23942 -29.23045 -29.21077 -29.18179 -29.14657
 -29.09961 -28.98809 -28.74290 -28.33170 -27.78440
 -28.90027 -28.91692 -28.93742 -28.95790 -28.97322 -28.97973 -28.98217 -28.98817
 -28.99809 -28.97228 -28.85730 -28.62787 -28.37061
 -28.39200 -28.42182 -28.45875 -28.49824 -28.53418 -28.56239 -28.58949 -28.62580
 -28.67547 -28.70844 -28.68289 -28.57905 -28.52208
 -28.02831 -28.05844 -28.09653 -28.13832 -28.17801 -28.21155 -28.24465 -28.28639
 -28.34041 -28.38027 -28.36919 -28.29060 -28.27803
 -27.86806 -27.89650 -27.93333 -27.97456 -28.01463 -28.04959 -28.08451 -28.12752
 -28.18156 -28.22070 -28.20909 -28.13089 -28.11998
 -27.87415 -27.90190 -27.93854 -27.98013 -28.02110 -28.05750 -28.09438 -28.13993
 -28.19699 -28.23911 -28.22969 -28.15237 -28.14108
 -27.97946 -28.00637 -28.04246 -28.08387 -28.12506 -28.16212 -28.20006 -28.24699
 -28.30564 -28.34921 -28.34075 -28.26356 -28.25155
 -28.15221 -28.17825 -28.21357 -28.25438 -28.29523 -28.33223 -28.37036 -28.41762
 -28.47666 -28.52057 -28.51227 -28.43497 -28.42252
 -28.36841 -28.39366 -28.42823 -28.46835 -28.50857 -28.54506 -28.58285 -28.63004
 -28.68935 -28.73370 -28.72579 -28.64867 -28.63620
 -28.60480 -28.62878 -28.66193 -28.70062 -28.73959 -28.77510 -28.81214 -28.85869
 -28.91736 -28.96114 -28.95285 -28.87562 -28.86331
 -28.85736 -28.87971 -28.91082 -28.94729 -28.98414 -29.01789 -29.05340 -29.09835
 -29.15520 -29.19720 -29.18759 -29.10985 -29.09776
 -29.11599 -29.13645 -29.16488 -29.19811 -29.23149 -29.26184 -29.29403 -29.33567
 -29.38918 -29.42819 -29.41642 -29.33770 -29.32567
 -29.29284 -29.30867 -29.33087 -29.35654 -29.38151 -29.40304 -29.42639 -29.45954
 -29.50530 -29.53776 -29.52117 -29.43972 -29.42638
 -29.43466 -29.44512 -29.46034 -29.47770 -29.49340 -29.50514 -29.51865 -29.54246
 -29.57987 -29.60539 -29.58364 -29.49904 -29.48374
 -29.72799 -29.73824 -29.75317 -29.77019 -29.78552 -29.79685 -29.80997 -29.83340
 -29.87047 -29.89572 -29.87375 -29.78902 -29.77365
 -30.02853 -30.03878 -30.05371 -30.07073 -30.08606 -30.09739 -30.11051 -30.13394
 -30.17101 -30.19626 -30.17429 -30.08956 -30.07418
 -30.32714 -30.33739 -30.35232 -30.36934 -30.38467 -30.39601 -30.40912 -30.43255
 -30.46963 -30.49487 -30.47291 -30.38818 -30.37280
---------------------/ IPRT= 1  / IGRD= 1  /--------/ Z1= 3   / DATE= 29/03/93
 -28.20584 -28.20025 -28.18725 -28.16194 -28.11867 -28.05123 -27.95050 -27.77279
 -27.45176 -26.92720 -26.21655 -25.38824 -24.03989
 -28.31243 -28.30965 -28.30237 -28.28670 -28.25955 -28.21799 -28.15674 -28.04210
 -27.82170 -27.44619 -26.90585 -26.21695 -24.92861
 -28.44459 -28.44247 -28.43712 -28.42678 -28.40962 -28.38387 -28.34619 -28.27447
 -28.13425 -27.89105 -27.51242 -26.96723 -25.77832
 -28.50053 -28.50008 -28.49868 -28.49566 -28.48899 -28.47568 -28.45216 -28.40851
 -28.33058 -28.20168 -27.97572 -27.58735 -26.58424
 -28.32829 -28.33852 -28.35155 -28.36724 -28.38245 -28.39202 -28.39114 -28.37945
 -28.35953 -28.33014 -28.24411 -28.02415 -27.31246
 -27.99074 -28.01242 -28.04064 -28.07559 -28.11327 -28.14686 -28.17042 -28.18839
 -28.21205 -28.24896 -28.26093 -28.17969 -27.77612
 -27.62515 -27.65050 -27.68451 -27.72783 -27.77653 -27.82367 -27.86311 -27.89870
 -27.94085 -27.99734 -28.04327 -28.03226 -27.84646
 -27.41515 -27.44019 -27.47458 -27.51939 -27.57106 -27.62300 -27.66928 -27.71246
 -27.76068 -27.82009 -27.87213 -27.88202 -27.77804
 -27.39417 -27.41822 -27.45171 -27.49593 -27.54749 -27.59995 -27.64753 -27.69272
 -27.74348 -27.80570 -27.85984 -27.86964 -27.75872
 -27.47028 -27.49326 -27.52586 -27.56945 -27.62067 -27.67303 -27.72070 -27.76619
 -27.81748 -27.88045 -27.93525 -27.94509 -27.83212
 -27.61497 -27.63668 -27.66806 -27.71062 -27.76106 -27.81293 -27.86040 -27.90588
 -27.95721 -28.02016 -28.07530 -28.08661 -27.97945
 -27.81091 -27.83107 -27.86060 -27.90132 -27.95018 -28.00093 -28.04795 -28.09358
 -28.14537 -28.20889 -28.26459 -28.27650 -28.17042
 -28.04068 -28.05940 -28.08734 -28.12646 -28.17385 -28.22338 -28.26955 -28.31466
 -28.36621 -28.42963 -28.48530 -28.49709 -28.39041
 -28.28522 -28.30269 -28.32922 -28.36668 -28.41220 -28.45976 -28.50395 -28.54716
 -28.59689 -28.65865 -28.71290 -28.72366 -28.61638
 -28.52685 -28.54290 -28.56726 -28.60163 -28.64331 -28.68673 -28.72687 -28.76626
 -28.81233 -28.87056 -28.92155 -28.92966 -28.81991
 -28.77007 -28.78394 -28.80492 -28.83454 -28.87032 -28.90719 -28.94065 -28.97345
 -29.01311 -29.06516 -29.11056 -29.11407 -29.00000
 -28.98013 -28.99058 -29.00671 -29.02984 -29.05766 -29.08550 -29.10927 -29.13216
 -29.16212 -29.20515 -29.24267 -29.23997 -29.12028
 -29.02559 -29.03152 -29.04114 -29.05543 -29.07240 -29.08807 -29.09902 -29.10919
 -29.12729 -29.16004 -29.18919 -29.18013 -29.05441
 -29.13473 -29.13815 -29.14404 -29.15321 -29.16386 -29.17249 -29.17619 -29.17935
 -29.19113 -29.21866 -29.24377 -29.23170 -29.10298
 -29.43334 -29.43676 -29.44266 -29.45182 -29.46247 -29.47110 -29.47481 -29.47796
 -29.48974 -29.51727 -29.54238 -29.53032 -29.40159
---------------------/ IPRT= 1  / IGRD= 1  /--------/ Z1= 4   / DATE= 29/03/93
 -27.77805 -27.77488 -27.76614 -27.74569 -27.70680 -27.63855 -27.52803 -27.35655
 -27.06076 -26.55645 -25.77849 -24.81045 -23.24788
 -27.89505 -27.89251 -27.88583 -27.87012 -27.84025 -27.78914 -27.70879 -27.58583
 -27.36556 -26.97395 -26.35117 -25.54811 -24.14503
 -28.00988 -28.00812 -28.00363 -27.99279 -27.97203 -27.93792 -27.88715 -27.81154
 -27.66539 -27.38545 -26.91772 -26.28045 -25.03957
 -28.10352 -28.10390 -28.10297 -28.09821 -28.08722 -28.06881 -28.04231 -28.00330
 -27.91835 -27.74045 -27.42630 -26.96193 -25.90823
 -28.08366 -28.08942 -28.09585 -28.10124 -28.10392 -28.10253 -28.09585 -28.08079
 -28.03975 -27.94838 -27.78044 -27.49539 -26.68099
 -27.79147 -27.80746 -27.82781 -27.85154 -27.87746 -27.90253 -27.92288 -27.93470
 -27.93478 -27.92019 -27.88250 -27.77081 -27.26473
 -27.40788 -27.43394 -27.46821 -27.51021 -27.55902 -27.60996 -27.65662 -27.69393
 -27.72724 -27.76680 -27.81641 -27.83004 -27.60650
 -27.22527 -27.25474 -27.29413 -27.34303 -27.40051 -27.46173 -27.51999 -27.57003
 -27.61778 -27.67434 -27.74576 -27.79849 -27.71609
 -27.23262 -27.26154 -27.30075 -27.34962 -27.40708 -27.46882 -27.52900 -27.58286
 -27.63401 -27.68999 -27.75469 -27.80372 -27.75739
 -27.33009 -27.35855 -27.39751 -27.44624 -27.50360 -27.56547 -27.62634 -27.68168
 -27.73479 -27.79258 -27.85850 -27.90898 -27.86895
 -27.49720 -27.52478 -27.56265 -27.61036 -27.66700 -27.72837 -27.78874 -27.84342
 -27.89600 -27.95390 -28.02097 -28.07317 -28.03488
 -27.71034 -27.73652 -27.77259 -27.81850 -27.87367 -27.93375 -27.99260 -28.04522
 -28.09545 -28.15123 -28.21693 -28.26874 -28.23224
 -27.94670 -27.97119 -28.00543 -28.04943 -28.10269 -28.16079 -28.21746 -28.26761
 -28.31522 -28.36851 -28.43209 -28.48244 -28.44560
 -28.19503 -28.21761 -28.24970 -28.29109 -28.34112 -28.39548 -28.44810 -28.49411
 -28.53769 -28.58727 -28.64763 -28.69542 -28.65612
 -28.43599 -28.45606 -28.48478 -28.52173 -28.56607 -28.61374 -28.65920 -28.69802
 -28.73472 -28.77796 -28.83280 -28.87610 -28.83240
 -28.64130 -28.65739 -28.68047 -28.71013 -28.74556 -28.78320 -28.81819 -28.84675
 -28.87365 -28.90762 -28.95382 -28.98972 -28.93871
 -28.80362 -28.81484 -28.83086 -28.85162 -28.87669 -28.90301 -28.92628 -28.94324
 -28.95903 -28.98268 -29.01967 -29.04793 -28.98941
 -28.91694 -28.92356 -28.93266 -28.94492 -28.96061 -28.97696 -28.98979 -28.99604
 -29.00159 -29.01643 -29.04690 -29.07079 -29.00806
 -28.86475 -28.86788 -28.87186 -28.87763 -28.88576 -28.89400 -28.89880 -28.89769
 -28.89685 -28.90643 -28.93292 -28.95396 -28.88840
 -28.79891 -28.80039 -28.80218 -28.80485 -28.80871 -28.81217 -28.81276 -28.80893
 -28.80649 -28.81465 -28.83910 -28.85774 -28.78966
---------------------/ IPRT= 1  / IGRD= 1  /--------/ Z1= 5   / DATE= 29/03/93
 -27.42636 -27.42479 -27.42188 -27.41413 -27.39596 -27.33061 -27.22008 -27.04078
 -26.75441 -26.28276 -25.54048 -24.50791 -22.69455
 -27.52630 -27.52472 -27.52181 -27.51406 -27.49663 -27.44748 -27.36413 -27.23013
 -27.01408 -26.64274 -26.03532 -25.16534 -23.56738
 -27.62627 -27.62470 -27.62178 -27.61403 -27.59734 -27.56439 -27.50823 -27.41954
 -27.27384 -27.00283 -26.53033 -25.82302 -24.44055
 -27.68178 -27.68618 -27.69002 -27.68994 -27.68238 -27.66685 -27.63849 -27.59498
 -27.51872 -27.34740 -27.01069 -26.46913 -25.30928
 -27.55631 -27.57685 -27.59932 -27.62057 -27.63743 -27.64705 -27.65089 -27.65036
 -27.63423 -27.55473 -27.35752 -27.00296 -26.11965
 -27.30054 -27.33727 -27.37892 -27.42265 -27.46596 -27.50672 -27.54487 -27.58046
 -27.60725 -27.60073 -27.53307 -27.37258 -26.81486
 -27.17714 -27.22196 -27.27361 -27.33008 -27.38995 -27.45177 -27.51234 -27.56857
 -27.61633 -27.64845 -27.65721 -27.62167 -27.32170
 -27.20984 -27.25610 -27.31019 -27.37089 -27.43762 -27.50875 -27.57927 -27.64362
 -27.69797 -27.74355 -27.78247 -27.80315 -27.66662
 -27.32404 -27.36966 -27.42388 -27.48544 -27.55366 -27.62664 -27.69926 -27.76574
 -27.82258 -27.87293 -27.92114 -27.96066 -27.90815
 -27.48391 -27.52743 -27.57957 -27.63894 -27.70466 -27.77482 -27.84449 -27.90821
 -27.96293 -28.01269 -28.06277 -28.10926 -28.09784
 -27.67848 -27.71823 -27.76574 -27.81987 -27.88000 -27.94430 -28.00752 -28.06376
 -28.11042 -28.15435 -28.20411 -28.25817 -28.27408
 -27.89380 -27.92896 -27.97120 -28.01930 -28.07246 -28.12871 -28.18289 -28.22925
 -28.26586 -28.30197 -28.34884 -28.40648 -28.43703
 -28.07989 -28.10845 -28.14306 -28.18241 -28.22542 -28.27013 -28.31197 -28.34593
 -28.37092 -28.39728 -28.43746 -28.49219 -28.52446
 -28.18231 -28.20104 -28.22355 -28.24903 -28.27685 -28.30555 -28.33140 -28.35024
 -28.36160 -28.37582 -28.40516 -28.45046 -28.47293
 -28.23226 -28.24224 -28.25401 -28.26734 -28.28213 -28.29753 -28.31054 -28.31776
 -28.31917 -28.32450 -28.34525 -28.38200 -28.39389
 -28.28308 -28.28848 -28.29491 -28.30238 -28.31103 -28.32027 -28.32759 -28.33009
 -28.32798 -28.33044 -28.34830 -28.38178 -28.38907
 -28.36085 -28.36406 -28.36768 -28.37203 -28.37754 -28.38393 -28.38880 -28.38935
 -28.38576 -28.38689 -28.40314 -28.43451 -28.43839
 -28.46515 -28.46716 -28.46915 -28.47165 -28.47534 -28.48012 -28.48358 -28.48288
 -28.47816 -28.47805 -28.49276 -28.52217 -28.52267
 -28.56725 -28.56817 -28.56930 -28.57102 -28.57380 -28.57741 -28.57957 -28.57768
 -28.57194 -28.57089 -28.58451 -28.61257 -28.61038
 -28.52878 -28.52898 -28.52953 -28.53068 -28.53270 -28.53526 -28.53635 -28.53363
 -28.52745 -28.52597 -28.53875 -28.56529 -28.55978
---------------------/ IPRT= 1  / IGRD= 1  /--------/ Z1= 6   / DATE= 29/03/93
 -27.08746 -27.08414 -27.07752 -27.06431 -27.03930 -26.99652 -26.91671 -26.76900
 -26.52043 -26.10624 -25.43397 -24.42011 -22.38949
 -27.21993 -27.21714 -27.21200 -27.20161 -27.18110 -27.14504 -27.07829 -26.95727
 -26.75637 -26.41759 -25.85480 -24.98922 -23.20882
 -27.35246 -27.35020 -27.34654 -27.33896 -27.32296 -27.29361 -27.23993 -27.14562
 -26.99239 -26.72907 -26.27580 -25.55856 -24.02846
 -27.48526 -27.48353 -27.48135 -27.47660 -27.46511 -27.44249 -27.40191 -27.33435
 -27.22890 -27.04118 -26.69766 -26.12907 -24.84979
 -27.61736 -27.61618 -27.61533 -27.61310 -27.60582 -27.58979 -27.56187 -27.51946
 -27.45818 -27.34100 -27.10253 -26.68002 -25.65330
 -27.75150 -27.75100 -27.75070 -27.74951 -27.74507 -27.73505 -27.71805 -27.69341
 -27.65918 -27.58895 -27.43502 -27.15063 -26.39472
 -27.88784 -27.88782 -27.88742 -27.88614 -27.88323 -27.87795 -27.86880 -27.85366
 -27.82974 -27.78225 -27.68597 -27.51517 -27.01583
 -28.02693 -28.02683 -28.02635 -28.02537 -28.02379 -28.02148 -28.01697 -28.00763
 -27.99060 -27.95875 -27.90128 -27.80634 -27.49784
 -28.15882 -28.15854 -28.15809 -28.15751 -28.15687 -28.15615 -28.15413 -28.14851
 -28.13692 -28.11656 -28.08422 -28.03560 -27.85691
 -28.28215 -28.28204 -28.28166 -28.28114 -28.28079 -28.28086 -28.28034 -28.27707
 -28.26899 -28.25586 -28.23902 -28.21881 -28.12504
 -28.43248 -28.43250 -28.43219 -28.43173 -28.43160 -28.43223 -28.43267 -28.43077
 -28.42452 -28.41544 -28.40813 -28.40619 -28.36753
 -28.48686 -28.48684 -28.48656 -28.48623 -28.48639 -28.48751 -28.48859 -28.48738
 -28.48182 -28.47479 -28.47344 -28.48392 -28.48107
 -28.27498 -28.27494 -28.27462 -28.27426 -28.27450 -28.27589 -28.27738 -28.27654
 -28.27121 -28.26529 -28.26798 -28.28739 -28.30894
 -27.97023 -27.97021 -27.96985 -27.96942 -27.96961 -27.97105 -27.97264 -27.97187
 -27.96651 -27.96110 -27.96605 -27.99063 -28.02559
 -27.77972 -27.77970 -27.77935 -27.77893 -27.77911 -27.78049 -27.78200 -27.78111
 -27.77564 -27.77028 -27.77572 -27.80150 -27.83951
 -27.73870 -27.73867 -27.73823 -27.73772 -27.73796 -27.73970 -27.74178 -27.74134
 -27.73589 -27.73012 -27.73498 -27.76030 -27.79796
 -27.81080 -27.81077 -27.81022 -27.80958 -27.80987 -27.81206 -27.81486 -27.81504
 -27.80974 -27.80362 -27.80791 -27.83269 -27.86989
 -27.93421 -27.93418 -27.93370 -27.93313 -27.93339 -27.93531 -27.93769 -27.93759
 -27.93239 -27.92666 -27.93120 -27.95569 -27.99139
 -28.08841 -28.08839 -28.08801 -28.08756 -28.08777 -28.08928 -28.09103 -28.09046
 -28.08531 -28.08002 -28.08481 -28.10879 -28.14210
 -28.22619 -28.22617 -28.22578 -28.22532 -28.22553 -28.22708 -28.22890 -28.22838
 -28.22325 -28.21781 -28.22205 -28.24488 -28.27519
---------------------/ IPRT= 1  / IGRD= 1  /--------/ Z1= 7   / DATE= 29/03/93
 -26.57176 -26.56578 -26.55674 -26.54386 -26.52190 -26.48475 -26.41916 -26.28970
 -26.05664 -25.67198 -25.06193 -24.14654 -22.07182
 -26.70080 -26.69593 -26.68857 -26.67797 -26.65955 -26.62798 -26.57213 -26.46284
 -26.26745 -25.94473 -25.42697 -24.64044 -22.82277
 -26.82988 -26.82613 -26.82043 -26.81211 -26.79724 -26.77126 -26.72516 -26.63606
 -26.47835 -26.21758 -25.79210 -25.13440 -23.57384
 -26.95924 -26.95659 -26.95256 -26.94653 -26.93522 -26.91484 -26.87851 -26.80962
 -26.68968 -26.49098 -26.15793 -25.62924 -24.32628
 -27.08779 -27.08623 -27.08384 -27.08007 -27.07228 -27.05747 -27.03084 -26.98201
 -26.89948 -26.76226 -26.52080 -26.12005 -25.07304
 -27.21849 -27.21777 -27.21663 -27.21464 -27.20994 -27.20042 -27.18312 -27.15250
 -27.10250 -27.01838 -26.85959 -26.58089 -25.79287
 -27.35180 -27.35122 -27.35027 -27.34875 -27.34582 -27.34052 -27.33101 -27.31276
 -27.28066 -27.22476 -27.12084 -26.94233 -26.40842
 -27.48836 -27.48793 -27.48701 -27.48550 -27.48344 -27.48091 -27.47676 -27.46604
 -27.44308 -27.40127 -27.33183 -27.22586 -26.89948
 -27.62557 -27.62560 -27.62512 -27.62390 -27.62245 -27.62139 -27.62011 -27.61411
 -27.59813 -27.56797 -27.52305 -27.46376 -27.27476
 -27.75687 -27.75688 -27.75648 -27.75554 -27.75465 -27.75456 -27.75487 -27.75168
 -27.74043 -27.71853 -27.68997 -27.66014 -27.56071
 -27.89271 -27.89227 -27.89158 -27.89077 -27.89041 -27.89113 -27.89254 -27.89108
 -27.88260 -27.86562 -27.84733 -27.83666 -27.79788
 -28.03225 -28.03203 -28.03156 -28.03095 -28.03082 -28.03190 -28.03395 -28.03370
 -28.02731 -28.01394 -28.00237 -28.00324 -28.00190
 -28.02325 -28.02342 -28.02329 -28.02281 -28.02269 -28.02381 -28.02614 -28.02688
 -28.02269 -28.01333 -28.00822 -28.01867 -28.04650
 -27.82348 -27.82362 -27.82346 -27.82294 -27.82277 -27.82382 -27.82623 -27.82783
 -27.82605 -27.82130 -27.82333 -27.84363 -27.89898
 -27.63243 -27.63250 -27.63225 -27.63164 -27.63138 -27.63233 -27.63472 -27.63684
 -27.63663 -27.63487 -27.64137 -27.66765 -27.73913
 -27.57066 -27.57076 -27.57049 -27.56979 -27.56944 -27.57038 -27.57290 -27.57526
 -27.57534 -27.57395 -27.58104 -27.60834 -27.68335
 -27.62383 -27.62393 -27.62360 -27.62279 -27.62242 -27.62362 -27.62672 -27.62963
 -27.62977 -27.62775 -27.63408 -27.66117 -27.73769
 -27.74373 -27.74387 -27.74361 -27.74290 -27.74267 -27.74404 -27.74732 -27.75027
 -27.75015 -27.74749 -27.75299 -27.77927 -27.85478
 -27.89252 -27.89276 -27.89270 -27.89227 -27.89220 -27.89342 -27.89612 -27.89830
 -27.89752 -27.89440 -27.89910 -27.92355 -27.99339
 -28.05317 -28.05338 -28.05332 -28.05290 -28.05277 -28.05371 -28.05587 -28.05739
 -28.05604 -28.05240 -28.05592 -28.07768 -28.13937
---------------------/ IPRT= 1  / IGRD= 1  /--------/ Z1= 8   / DATE= 29/03/93
 -25.90646 -25.90348 -25.89694 -25.88574 -25.86731 -25.83812 -25.79223 -25.69676
 -25.50200 -25.15678 -24.59671 -23.74915 -21.70377
 -26.03161 -26.02906 -26.02353 -26.01413 -25.99853 -25.97352 -25.93384 -25.85179
 -25.68567 -25.39219 -24.91307 -24.18065 -22.38690
 -26.15681 -26.15469 -26.15017 -26.14256 -26.12981 -26.10897 -26.07550 -26.00688
 -25.86942 -25.62770 -25.22955 -24.61233 -23.07029
 -26.28227 -26.28058 -26.27707 -26.27126 -26.26136 -26.24471 -26.21745 -26.16230
 -26.05354 -25.86369 -25.54669 -25.04489 -23.75509
 -26.40692 -26.40566 -26.40316 -26.39914 -26.39206 -26.37957 -26.35849 -26.31671
 -26.23648 -26.09817 -25.86179 -25.47468 -24.43551
 -26.53266 -26.53184 -26.53034 -26.52805 -26.52373 -26.51536 -26.50050 -26.47201
 -26.41982 -26.33188 -26.17470 -25.90143 -25.11438
 -26.65823 -26.65793 -26.65726 -26.65608 -26.65358 -26.64862 -26.63977 -26.62279
 -26.59167 -26.53893 -26.44096 -26.26402 -25.72205
 -26.78512 -26.78530 -26.78514 -26.78417 -26.78230 -26.77965 -26.77598 -26.76729
 -26.74717 -26.70886 -26.64174 -26.53280 -26.20930
 -26.91490 -26.91511 -26.91496 -26.91401 -26.91258 -26.91143 -26.91097 -26.90723
 -26.89354 -26.86362 -26.81604 -26.75243 -26.58282
 -27.04555 -27.04557 -27.04526 -27.04436 -27.04333 -27.04306 -27.04407 -27.04289
 -27.03348 -27.01056 -26.97734 -26.94237 -26.86588
 -27.17714 -27.17722 -27.17700 -27.17617 -27.17528 -27.17534 -27.17707 -27.17737
 -27.17079 -27.15278 -27.12910 -27.11198 -27.09318
 -27.30707 -27.30728 -27.30721 -27.30648 -27.30566 -27.30590 -27.30801 -27.30925
 -27.30461 -27.29004 -27.27244 -27.26555 -27.27914
 -27.43520 -27.43536 -27.43529 -27.43469 -27.43410 -27.43454 -27.43677 -27.43840
 -27.43511 -27.42342 -27.41018 -27.40867 -27.43660
 -27.56028 -27.56038 -27.56031 -27.55986 -27.55945 -27.55988 -27.56172 -27.56304
 -27.56036 -27.55097 -27.54115 -27.54282 -27.57652
 -27.67799 -27.67808 -27.67803 -27.67767 -27.67732 -27.67763 -27.67903 -27.67997
 -27.67759 -27.66977 -27.66221 -27.66558 -27.70110
 -27.78600 -27.78610 -27.78605 -27.78565 -27.78525 -27.78557 -27.78713 -27.78841
 -27.78661 -27.77959 -27.77278 -27.77639 -27.81200
 -27.87959 -27.87971 -27.87965 -27.87920 -27.87876 -27.87913 -27.88091 -27.88257
 -27.88127 -27.87478 -27.86841 -27.87212 -27.90771
 -27.95156 -27.95166 -27.95161 -27.95120 -27.95081 -27.95114 -27.95273 -27.95421
 -27.95298 -27.94709 -27.94162 -27.94609 -27.98208
 -27.98977 -27.98987 -27.98982 -27.98944 -27.98907 -27.98938 -27.99087 -27.99222
 -27.99099 -27.98531 -27.98020 -27.98496 -28.02104
 -28.01212 -28.01222 -28.01217 -28.01178 -28.01140 -28.01172 -28.01324 -28.01464
 -28.01343 -28.00770 -28.00247 -28.00705 -28.04281
--------------------------------------------------------------------------------
C
C
C     RADIATED POWERS IN UNITS OF W CM**3
C     -----------------------------------
C
C     PREPARED USING CODE JETXLE.IONBAL.FORT(WJD404U)
C
C           WILLIAM J. DICKSON   29/03/93
C-------------------------------------------------------------------------------
 
C---------------------------------------------------------------------------------
C ADAS ADF11 DATA - SCCS info: @(#)$Header: /home/adascvs/adas/adf11/prb93/prb93_o.dat,v 2.1 2004/07/07 00:07:55 whitefor Exp $ Date $Date: 2004/07/07 00:07:55 $
C---------------------------------------------------------------------------------
