* testing			
2.0			
{SIMPLE BOX}			
3.5000	-5.5000	3.5000	5.5000
3.5000	5.5000	8.5000	5.5000
8.5000	5.5000	8.5000	-5.5000
8.5000	-5.5000	3.5000	-5.5000
{RAD A} 			
4.0323	-2.5512	4.0315	-2.4512
4.0315	-2.4512	4.0300	-2.2583
4.0300	-2.2583	4.0300	-2.1200
4.0300	-2.1200	4.0300	-2.0045
4.0300	-2.0045	4.0300	-1.7508
4.0300	-1.7508	4.0300	-1.5470
4.0300	-1.5470	4.0300	-1.4970
4.0300	-1.4970	4.0300	-1.4470
4.0300	-1.4470	4.0300	-0.9895
4.0300	-0.9895	4.0300	-0.5320
4.0300	-0.5320	4.0300	-0.4820
4.0300	-0.4820	4.0300	-0.4320
4.0300	-0.4320	4.0300	0.0255
4.0300	0.0255	4.0300	0.4830
4.0300	0.4830	4.0300	0.5330
4.0300	0.5330	4.0300	0.5830
4.0300	0.5830	4.0300	1.0405
4.0300	1.0405	4.0300	1.4980
4.0300	1.4980	4.0300	1.5480
4.0300	1.5480	4.0300	1.5980
4.0300	1.5980	4.0300	2.0555
4.0300	2.0555	4.0300	2.5130
4.0300	2.5130	4.0300	2.5630
4.0300	2.5630	4.0300	2.6130
4.0300	2.6130	4.0300	2.8193
4.0300	2.8193	4.0300	3.0755
4.0300	3.0755	4.0300	3.3318
4.0300	3.3318	4.0301	3.5397
4.0301	3.5397	4.0301	3.5897
4.0301	3.5897	4.0467	3.6369
4.0467	3.6369	4.1167	3.8358
4.1167	3.8358	4.2145	4.0803
4.2145	4.0803	4.2951	4.2809
4.2951	4.2809	4.3138	4.3273
4.3138	4.3273	4.3560	4.3541
4.3560	4.3541	4.6111	4.5155
4.6111	4.5155	4.8673	4.6765
4.8673	4.6765	4.9096	4.7031
4.9096	4.7031	4.9586	4.6927
4.9586	4.6927	5.1918	4.6433
5.1918	4.6433	5.4701	4.5835
5.4701	4.5835	5.7016	4.5336
5.7016	4.5336	5.7505	4.5231
5.7505	4.5231	5.7901	4.4926
5.7901	4.4926	5.9616	4.3608
5.9616	4.3608	6.1709	4.1997
6.1709	4.1997	6.3802	4.0386
6.3802	4.0386	6.5500	3.9078
6.5500	3.9078	6.5896	3.8773
6.5896	3.8773	6.6273	3.8445
6.6273	3.8445	6.9975	3.5217
6.9975	3.5217	7.3684	3.1982
7.3684	3.1982	7.4061	3.1653
7.4061	3.1653	7.4347	3.1243
7.4347	3.1243	7.6567	2.8065
7.6567	2.8065	7.8785	2.4889
7.8785	2.4889	7.9071	2.4479
7.9071	2.4479	7.9282	2.4026
7.9282	2.4026	8.0876	2.0607
8.0876	2.0607	8.2471	1.7181
8.2471	1.7181	8.2682	1.6727
8.2682	1.6727	8.2741	1.6231
8.2741	1.6231	8.3313	1.1427
8.3313	1.1427	8.3883	0.6628
8.3883	0.6628	8.3942	0.6132
8.3942	0.6132	8.3900	0.5633
8.3900	0.5633	8.3496	0.0910
8.3496	0.0910	8.3089	-0.3820
8.3089	-0.3820	8.3046	-0.4318
8.3046	-0.4318	8.2844	-0.4775
8.2844	-0.4775	8.0983	-0.8975
8.0983	-0.8975	7.9124	-1.3167
7.9124	-1.3167	7.8921	-1.3624
7.8921	-1.3624	7.8641	-1.4038
7.8641	-1.4038	7.5830	-1.8196
7.5830	-1.8196	7.3013	-2.2359
7.3013	-2.2359	7.2733	-2.2773
7.2733	-2.2773	7.2338	-2.3079
7.2338	-2.3079	7.0705	-2.4345
7.0705	-2.4345	6.8690	-2.5907
6.8690	-2.5907	6.6674	-2.7469
6.6674	-2.7469	6.4658	-2.9031
6.4658	-2.9031	6.2668	-3.0562
6.2668	-3.0562	6.2544	-3.1555
{RAD B} 			
3.9043	-2.5512	3.9035	-2.4512
3.9035	-2.4512	3.9020	-1.5470
3.9020	-1.5470	3.9020	-1.4470
3.9020	-1.4470	3.9020	-0.5320
3.9020	-0.5320	3.9020	-0.4320
3.9020	-0.4320	3.9020	0.4830
3.9020	0.4830	3.9020	0.5830
3.9020	0.5830	3.9020	1.4980
3.9020	1.4980	3.9020	1.5980
3.9020	1.5980	3.9020	2.5130
3.9020	2.5130	3.9020	2.6130
3.9020	2.6130	3.9039	3.5613
3.9039	3.5613	3.9206	3.6584
3.9206	3.6584	4.1967	4.3628
4.1967	4.3628	4.2576	4.4360
4.2576	4.4360	4.8449	4.8025
4.8449	4.8025	4.9362	4.8188
4.9362	4.8188	5.7554	4.6498
5.7554	4.6498	5.8439	4.6088
5.8439	4.6088	6.6312	4.0068
6.6312	4.0068	6.7085	3.9435
6.7085	3.9435	7.4636	3.2837
7.4636	3.2837	7.5299	3.2099
7.5299	3.2099	7.9894	2.5528
7.9894	2.5528	8.0391	2.4665
8.0391	2.4665	8.3702	1.7531
8.3702	1.7531	8.3972	1.6581
8.3972	1.6581	8.5163	0.6649
8.5163	0.6649	8.5180	0.5655
8.5180	0.5655	8.4329	-0.4138
8.4329	-0.4138	8.4084	-0.5093
8.4084	-0.5093	8.0243	-1.3787
8.0243	-1.3787	7.9761	-1.4658
7.9761	-1.4658	7.3947	-2.3234
7.3947	-2.3234	7.3272	-2.3955
7.3272	-2.3955	6.3948	-3.0562
6.3948	-3.0562	6.3824	-3.1555
{RAD C} 			
3.8783	-2.5512	3.8775	-2.4512
3.8775	-2.4512	3.8760	-1.5470
3.8760	-1.5470	3.8760	-1.4470
3.8760	-1.4470	3.8760	-0.5320
3.8760	-0.5320	3.8760	-0.4320
3.8760	-0.4320	3.8760	0.4830
3.8760	0.4830	3.8760	0.5830
3.8760	0.5830	3.8760	1.4980
3.8760	1.4980	3.8760	1.5980
3.8760	1.5980	3.8760	2.5130
3.8760	2.5130	3.8760	2.6130
3.8760	2.6130	3.8783	3.5656
3.8783	3.5656	3.8949	3.6628
3.8949	3.6628	4.1767	4.3795
4.1767	4.3795	4.2376	4.4526
4.2376	4.4526	4.8404	4.8281
4.8404	4.8281	4.9316	4.8444
4.9316	4.8444	5.7663	4.6734
5.7663	4.6734	5.8549	4.6324
5.8549	4.6324	6.6477	4.0269
6.6477	4.0269	6.7250	3.9636
6.7250	3.9636	7.4830	3.3011
7.4830	3.3011	7.5493	3.2272
7.5493	3.2272	8.0119	2.5658
8.0119	2.5658	8.0617	2.4795
8.0617	2.4795	8.3952	1.7602
8.3952	1.7602	8.4222	1.6652
8.4222	1.6652	8.5423	0.6653
8.5423	0.6653	8.5440	0.5659
8.5440	0.5659	8.4581	-0.4203
8.4581	-0.4203	8.4335	-0.5158
8.4335	-0.5158	8.0471	-1.3913
8.0471	-1.3913	7.9988	-1.4784
7.9988	-1.4784	7.4137	-2.3412
7.4137	-2.3412	7.3461	-2.4133
7.3461	-2.4133	6.4208	-3.0562
6.4208	-3.0562	6.4084	-3.1555
{RAD D} 			
3.7553	-2.5512	3.7545	-2.4512
3.7545	-2.4512	3.7530	-1.5470
3.7530	-1.5470	3.7530	-1.4470
3.7530	-1.4470	3.7530	-0.5320
3.7530	-0.5320	3.7530	-0.4320
3.7530	-0.4320	3.7530	0.4830
3.7530	0.4830	3.7530	0.5830
3.7530	0.5830	3.7530	1.4980
3.7530	1.4980	3.7530	1.5980
3.7530	1.5980	3.7530	2.5130
3.7530	2.5130	3.7530	2.6130
3.7530	2.6130	3.7571	3.5864
3.7571	3.5864	3.7737	3.6835
3.7737	3.6835	4.0822	4.4581
4.0822	4.4581	4.1431	4.5313
4.1431	4.5313	4.8189	4.9492
4.8189	4.9492	4.9101	4.9655
4.9101	4.9655	5.8180	4.7850
5.8180	4.7850	5.9066	4.7440
5.9066	4.7440	6.7256	4.1221
6.7256	4.1221	6.8029	4.0587
6.8029	4.0587	7.5745	3.3833
7.5745	3.3833	7.6408	3.3094
7.6408	3.3094	8.1185	2.6272
8.1185	2.6272	8.1682	2.5409
8.1682	2.5409	8.5135	1.7939
8.5135	1.7939	8.5405	1.6989
8.5405	1.6989	8.6653	0.6674
8.6653	0.6674	8.6669	0.5679
8.6669	0.5679	8.5772	-0.4509
8.5772	-0.4509	8.5527	-0.5464
8.5527	-0.5464	8.1547	-1.4509
8.1547	-1.4509	8.1064	-1.5380
8.1064	-1.5380	7.5034	-2.4253
7.5034	-2.4253	7.4359	-2.4974
7.4359	-2.4974	6.5438	-3.0562
6.5438	-3.0562	6.5314	-3.1555
{RAD E} 			
3.6463	-2.5512	3.6455	-2.4512
3.6455	-2.4512	3.6440	-1.5470
3.6440	-1.5470	3.6440	-1.4470
3.6440	-1.4470	3.6440	-0.5320
3.6440	-0.5320	3.6440	-0.4320
3.6440	-0.4320	3.6440	0.4830
3.6440	0.4830	3.6440	0.5830
3.6440	0.5830	3.6440	1.4980
3.6440	1.4980	3.6440	1.5980
3.6440	1.5980	3.6440	2.5130
3.6440	2.5130	3.6440	2.6130
3.6440	2.6130	3.6496	3.6047
3.6496	3.6047	3.6663	3.7019
3.6663	3.7019	3.9984	4.5279
3.9984	4.5279	4.0593	4.6010
4.0593	4.6010	4.7998	5.0566
4.7998	5.0566	4.8911	5.0728
4.8911	5.0728	5.8638	4.8839
5.8638	4.8839	5.9524	4.8429
5.9524	4.8429	6.7947	4.2064
6.7947	4.2064	6.8720	4.1430
6.8720	4.1430	7.6556	3.4561
7.6556	3.4561	7.7219	3.3822
7.7219	3.3822	8.2129	2.6817
8.2129	2.6817	8.2627	2.5954
8.2627	2.5954	8.6184	1.8237
8.6184	1.8237	8.6454	1.7287
8.6454	1.7287	8.7743	0.6692
8.7743	0.6692	8.7759	0.5697
8.7759	0.5697	8.6828	-0.4780
8.6828	-0.4780	8.6582	-0.5735
8.6582	-0.5735	8.2500	-1.5037
8.2500	-1.5037	8.2017	-1.5909
8.2017	-1.5909	7.5829	-2.4999
7.5829	-2.4999	7.5154	-2.5719
7.5154	-2.5719	6.6528	-3.0562
6.6528	-3.0562	6.6404	-3.1555
{RAD F} 			
3.6293	-2.5512	3.6285	-2.4512
3.6285	-2.4512	3.6270	-1.5470
3.6270	-1.5470	3.6270	-1.4470
3.6270	-1.4470	3.6270	-0.5320
3.6270	-0.5320	3.6270	-0.4320
3.6270	-0.4320	3.6270	0.4830
3.6270	0.4830	3.6270	0.5830
3.6270	0.5830	3.6270	1.4980
3.6270	1.4980	3.6270	1.5980
3.6270	1.5980	3.6270	2.5130
3.6270	2.5130	3.6270	2.6130
3.6270	2.6130	3.6329	3.6076
3.6329	3.6076	3.6495	3.7048
3.6495	3.7048	3.9853	4.5387
3.9853	4.5387	4.0462	4.6119
4.0462	4.6119	4.7968	5.0733
4.7968	5.0733	4.8881	5.0895
4.8881	5.0895	5.8710	4.8993
5.8710	4.8993	5.9595	4.8583
5.9595	4.8583	6.8055	4.2195
6.8055	4.2195	6.8828	4.1561
6.8828	4.1561	7.6682	3.4674
7.6682	3.4674	7.7346	3.3936
7.7346	3.3936	8.2277	2.6902
8.2277	2.6902	8.2774	2.6038
8.2774	2.6038	8.6347	1.8283
8.6347	1.8283	8.6617	1.7334
8.6617	1.7334	8.7913	0.6694
8.7913	0.6694	8.7929	0.5700
8.7929	0.5700	8.6992	-0.4822
8.6992	-0.4822	8.6747	-0.5778
8.6747	-0.5778	8.2649	-1.5120
8.2649	-1.5120	8.2166	-1.5991
8.2166	-1.5991	7.5953	-2.5115
7.5953	-2.5115	7.5278	-2.5835
7.5278	-2.5835	6.6698	-3.0562
6.6698	-3.0562	6.6574	-3.1555
{RAD G} 			
4.3842	-4.0446	4.4494	-4.0333
4.4494	-4.0333	4.4711	-3.9704
4.4711	-3.9704	4.4780	-3.9197
4.4780	-3.9197	4.3820	-3.9151
4.3820	-3.9151	4.2791	-3.9070
4.2791	-3.9070	4.1684	-3.8939
4.1684	-3.8939	4.1684	-3.8841
4.1684	-3.8841	4.1938	-3.8321
4.1938	-3.8321	4.2240	-3.7701
4.2240	-3.7701	4.2640	-3.6883
4.2640	-3.6883	4.2928	-3.6293
4.2928	-3.6293	4.3286	-3.5560
4.3286	-3.5560	4.3500	-3.5122
4.3500	-3.5122	4.3678	-3.4683
4.3678	-3.4683	4.3854	-3.4210
4.3854	-3.4210	4.4130	-3.3580
4.4130	-3.3580	4.4556	-3.2657
4.4556	-3.2657	4.4896	-3.1621
4.4896	-3.1621	4.4999	-3.0824
4.4999	-3.0824	4.5011	-3.0164
4.5011	-3.0164	4.4867	-2.9410
4.4867	-2.9410	4.4676	-2.8806
4.4676	-2.8806	4.4422	-2.8191
4.4422	-2.8191	4.3839	-2.7336
4.3839	-2.7336	4.3094	-2.6618
4.3094	-2.6618	4.2219	-2.6066
4.2219	-2.6066	4.1248	-2.5704
4.1248	-2.5704	3.5643	-2.5512
3.5643	-2.5512	3.5635	-2.4512
3.5635	-2.4512	3.5620	-1.5470
3.5620	-1.5470	3.5620	-1.4470
3.5620	-1.4470	3.5620	-0.5320
3.5620	-0.5320	3.5620	-0.4320
3.5620	-0.4320	3.5620	0.4830
3.5620	0.4830	3.5620	0.5830
3.5620	0.5830	3.5620	1.4980
3.5620	1.4980	3.5620	1.5980
3.5620	1.5980	3.5620	2.5130
3.5620	2.5130	3.5620	2.6130
3.5620	2.6130	3.5688	3.6186
3.5688	3.6186	3.5854	3.7157
3.5854	3.7157	3.9354	4.5803
3.9354	4.5803	3.9963	4.6535
3.9963	4.6535	4.7855	5.1373
4.7855	5.1373	4.8767	5.1535
4.8767	5.1535	5.8983	4.9583
5.8983	4.9583	5.9868	4.9173
5.9868	4.9173	6.8467	4.2698
6.8467	4.2698	6.9240	4.2064
6.9240	4.2064	7.7166	3.5109
7.7166	3.5109	7.7829	3.4370
7.7829	3.4370	8.2840	2.7226
8.2840	2.7226	8.3337	2.6363
8.3337	2.6363	8.6972	1.8461
8.6972	1.8461	8.7242	1.7511
8.7242	1.7511	8.8563	0.6705
8.8563	0.6705	8.8579	0.5710
8.8579	0.5710	8.7622	-0.4984
8.7622	-0.4984	8.7377	-0.5939
8.7377	-0.5939	8.3217	-1.5435
8.3217	-1.5435	8.2735	-1.6306
8.2735	-1.6306	7.6428	-2.5559
7.6428	-2.5559	7.5752	-2.6280
7.5752	-2.6280	6.7348	-3.0562
6.7348	-3.0562	6.7224	-3.1555
6.7224	-3.1555	6.2434	-3.2441
6.2434	-3.2441	6.1189	-3.2559
6.1189	-3.2559	6.0182	-3.2824
6.0182	-3.2824	5.8982	-3.3358
5.8982	-3.3358	5.8023	-3.4040
5.8023	-3.4040	5.7201	-3.4884
5.7201	-3.4884	5.6544	-3.5863
5.6544	-3.5863	5.6074	-3.6943
5.6074	-3.6943	5.5801	-3.8108
5.5801	-3.8108	5.5742	-4.0003
5.5742	-4.0003	5.5641	-4.0816
5.5641	-4.0816	5.5642	-4.1989
5.5642	-4.1989	5.5643	-4.3180
5.5643	-4.3180	5.5643	-4.4371
5.5643	-4.4371	5.5581	-4.5654
5.5581	-4.5654	5.4750	-4.4910
5.4750	-4.4910	5.4028	-4.4187
5.4028	-4.4187	5.3305	-4.3464
5.3305	-4.3464	5.2653	-4.2771
5.2653	-4.2771	5.2361	-4.3104
5.2361	-4.3104	5.2052	-4.3538
5.2052	-4.3538	5.2042	-4.3770
5.2042	-4.3770	5.2152	-4.4240
5.2152	-4.4240	5.1840	-4.4374
5.1840	-4.4374	5.1628	-4.4293
5.1628	-4.4293	5.1417	-4.3705
5.1417	-4.3705	5.1226	-4.3156
5.1226	-4.3156	5.1035	-4.2606
5.1035	-4.2606	5.0844	-4.2056
5.0844	-4.2056	5.0653	-4.1507
5.0653	-4.1507	5.0462	-4.0957
5.0462	-4.0957	5.0271	-4.0407
5.0271	-4.0407	5.0072	-3.9824
5.0072	-3.9824	5.0249	-3.9442
5.0249	-3.9442	5.0875	-3.9697
5.0875	-3.9697	5.1238	-4.0120
5.1238	-4.0120	5.1482	-4.0141
5.1482	-4.0141	5.1976	-3.9996
5.1976	-3.9996	5.2254	-3.9921
5.2254	-3.9921	5.1083	-3.8274
5.1083	-3.8274	4.9669	-3.7495
4.9669	-3.7495	4.8006	-3.7300
4.8006	-3.7300	4.6483	-3.7640
4.6483	-3.7640	4.6669	-3.7902
4.6669	-3.7902	4.7005	-3.8437
4.7005	-3.8437	4.7240	-3.8508
4.7240	-3.8508	4.7758	-3.8433
4.7758	-3.8433	4.8312	-3.8682
4.8312	-3.8682	4.8180	-3.9080
4.8180	-3.9080	4.7632	-3.9359
4.7632	-3.9359	4.7116	-3.9619
4.7116	-3.9619	4.6600	-3.9878
4.6600	-3.9878	4.6083	-4.0138
4.6083	-4.0138	4.5567	-4.0398
4.5567	-4.0398	4.5050	-4.0658
4.5050	-4.0658	4.4533	-4.0918
4.4533	-4.0918	4.3925	-4.1179
4.3925	-4.1179	4.3842	-4.0446
{POL 1}			
4.0323	-2.5512	3.9043	-2.5512
3.9043	-2.5512	3.8783	-2.5512
3.8783	-2.5512	3.7553	-2.5512
3.7553	-2.5512	3.6463	-2.5512
3.6463	-2.5512	3.6293	-2.5512
3.6293	-2.5512	3.5643	-2.5512
4.0315	-2.4512	3.9035	-2.4512
3.9035	-2.4512	3.8775	-2.4512
3.8775	-2.4512	3.7545	-2.4512
3.7545	-2.4512	3.6455	-2.4512
3.6455	-2.4512	3.6285	-2.4512
3.6285	-2.4512	3.5635	-2.4512
{POL 1,2}			
4.0300	-1.5470	3.9020	-1.5470
3.9020	-1.5470	3.8760	-1.5470
3.8760	-1.5470	3.7530	-1.5470
3.7530	-1.5470	3.6440	-1.5470
3.6440	-1.5470	3.6270	-1.5470
3.6270	-1.5470	3.5620	-1.5470
4.0300	-1.4470	3.9020	-1.4470
3.9020	-1.4470	3.8760	-1.4470
3.8760	-1.4470	3.7530	-1.4470
3.7530	-1.4470	3.6440	-1.4470
3.6440	-1.4470	3.6270	-1.4470
3.6270	-1.4470	3.5620	-1.4470
{POL 2,3}			
4.0300	-0.5320	3.9020	-0.5320
3.9020	-0.5320	3.8760	-0.5320
3.8760	-0.5320	3.7530	-0.5320
3.7530	-0.5320	3.6440	-0.5320
3.6440	-0.5320	3.6270	-0.5320
3.6270	-0.5320	3.5620	-0.5320
4.0300	-0.4320	3.9020	-0.4320
3.9020	-0.4320	3.8760	-0.4320
3.8760	-0.4320	3.7530	-0.4320
3.7530	-0.4320	3.6440	-0.4320
3.6440	-0.4320	3.6270	-0.4320
3.6270	-0.4320	3.5620	-0.4320
{POL 3,4)			
4.0300	0.4830	3.9020	0.4830
3.9020	0.4830	3.8760	0.4830
3.8760	0.4830	3.7530	0.4830
3.7530	0.4830	3.6440	0.4830
3.6440	0.4830	3.6270	0.4830
3.6270	0.4830	3.5620	0.4830
4.0300	0.5830	3.9020	0.5830
3.9020	0.5830	3.8760	0.5830
3.8760	0.5830	3.7530	0.5830
3.7530	0.5830	3.6440	0.5830
3.6440	0.5830	3.6270	0.5830
3.6270	0.5830	3.5620	0.5830
{POL 4,5}			
4.0300	1.4980	3.9020	1.4980
3.9020	1.4980	3.8760	1.4980
3.8760	1.4980	3.7530	1.4980
3.7530	1.4980	3.6440	1.4980
3.6440	1.4980	3.6270	1.4980
3.6270	1.4980	3.5620	1.4980
4.0300	1.5980	3.9020	1.5980
3.9020	1.5980	3.8760	1.5980
3.8760	1.5980	3.7530	1.5980
3.7530	1.5980	3.6440	1.5980
3.6440	1.5980	3.6270	1.5980
3.6270	1.5980	3.5620	1.5980
{POL 5,6}			
4.0300	2.5130	3.9020	2.5130
3.9020	2.5130	3.8760	2.5130
3.8760	2.5130	3.7530	2.5130
3.7530	2.5130	3.6440	2.5130
3.6440	2.5130	3.6270	2.5130
3.6270	2.5130	3.5620	2.5130
4.0300	2.6130	3.9020	2.6130
3.9020	2.6130	3.8760	2.6130
3.8760	2.6130	3.7530	2.6130
3.7530	2.6130	3.6440	2.6130
3.6440	2.6130	3.6270	2.6130
3.6270	2.6130	3.5620	2.6130
{POL 6,7}			
4.0301	3.5397	3.9039	3.5613
3.9039	3.5613	3.8783	3.5656
3.8783	3.5656	3.7571	3.5864
3.7571	3.5864	3.6496	3.6047
3.6496	3.6047	3.6329	3.6076
3.6329	3.6076	3.5688	3.6186
4.0467	3.6369	3.9206	3.6584
3.9206	3.6584	3.8949	3.6628
3.8949	3.6628	3.7737	3.6835
3.7737	3.6835	3.6663	3.7019
3.6663	3.7019	3.6495	3.7048
3.6495	3.7048	3.5854	3.7157
{POL 7,8}			
4.2951	4.2809	4.1967	4.3628
4.1967	4.3628	4.1767	4.3795
4.1767	4.3795	4.0822	4.4581
4.0822	4.4581	3.9984	4.5279
3.9984	4.5279	3.9853	4.5387
3.9853	4.5387	3.9354	4.5803
4.3560	4.3541	4.2576	4.4360
4.2576	4.4360	4.2376	4.4526
4.2376	4.4526	4.1431	4.5313
4.1431	4.5313	4.0593	4.6010
4.0593	4.6010	4.0462	4.6119
4.0462	4.6119	3.9963	4.6535
{POL 8,9}			
4.8673	4.6765	4.8449	4.8025
4.8449	4.8025	4.8404	4.8281
4.8404	4.8281	4.8189	4.9492
4.8189	4.9492	4.7998	5.0566
4.7998	5.0566	4.7968	5.0733
4.7968	5.0733	4.7855	5.1373
4.9586	4.6927	4.9362	4.8188
4.9362	4.8188	4.9316	4.8444
4.9316	4.8444	4.9101	4.9655
4.9101	4.9655	4.8911	5.0728
4.8911	5.0728	4.8881	5.0895
4.8881	5.0895	4.8767	5.1535
{POL 9,10}			
5.7016	4.5336	5.7554	4.6498
5.7554	4.6498	5.7663	4.6734
5.7663	4.6734	5.8180	4.7850
5.8180	4.7850	5.8638	4.8839
5.8638	4.8839	5.8710	4.8993
5.8710	4.8993	5.8983	4.9583
5.7901	4.4926	5.8439	4.6088
5.8439	4.6088	5.8549	4.6324
5.8549	4.6324	5.9066	4.7440
5.9066	4.7440	5.9524	4.8429
5.9524	4.8429	5.9595	4.8583
5.9595	4.8583	5.9868	4.9173
{POL 10,11}			
6.5500	3.9078	6.6312	4.0068
6.6312	4.0068	6.6477	4.0269
6.6477	4.0269	6.7256	4.1221
6.7256	4.1221	6.7947	4.2064
6.7947	4.2064	6.8055	4.2195
6.8055	4.2195	6.8467	4.2698
6.6273	3.8445	6.7085	3.9435
6.7085	3.9435	6.7250	3.9636
6.7250	3.9636	6.8029	4.0587
6.8029	4.0587	6.8720	4.1430
6.8720	4.1430	6.8828	4.1561
6.8828	4.1561	6.9240	4.2064
{POL 11,12}			
7.3684	3.1982	7.4636	3.2837
7.4636	3.2837	7.4830	3.3011
7.4830	3.3011	7.5745	3.3833
7.5745	3.3833	7.6556	3.4561
7.6556	3.4561	7.6682	3.4674
7.6682	3.4674	7.7166	3.5109
7.4347	3.1243	7.5299	3.2099
7.5299	3.2099	7.5493	3.2272
7.5493	3.2272	7.6408	3.3094
7.6408	3.3094	7.7219	3.3822
7.7219	3.3822	7.7346	3.3936
7.7346	3.3936	7.7829	3.4370
{POL 12,13}			
7.8785	2.4889	7.9894	2.5528
7.9894	2.5528	8.0119	2.5658
8.0119	2.5658	8.1185	2.6272
8.1185	2.6272	8.2129	2.6817
8.2129	2.6817	8.2277	2.6902
8.2277	2.6902	8.2840	2.7226
7.9282	2.4026	8.0391	2.4665
8.0391	2.4665	8.0617	2.4795
8.0617	2.4795	8.1682	2.5409
8.1682	2.5409	8.2627	2.5954
8.2627	2.5954	8.2774	2.6038
8.2774	2.6038	8.3337	2.6363
{POL 13,14}			
8.2471	1.7181	8.3702	1.7531
8.3702	1.7531	8.3952	1.7602
8.3952	1.7602	8.5135	1.7939
8.5135	1.7939	8.6184	1.8237
8.6184	1.8237	8.6347	1.8283
8.6347	1.8283	8.6972	1.8461
8.2741	1.6231	8.3972	1.6581
8.3972	1.6581	8.4222	1.6652
8.4222	1.6652	8.5405	1.6989
8.5405	1.6989	8.6454	1.7287
8.6454	1.7287	8.6617	1.7334
8.6617	1.7334	8.7242	1.7511
{POL 14,15}			
8.3883	0.6628	8.5163	0.6649
8.5163	0.6649	8.5423	0.6653
8.5423	0.6653	8.6653	0.6674
8.6653	0.6674	8.7743	0.6692
8.7743	0.6692	8.7913	0.6694
8.7913	0.6694	8.8563	0.6705
8.3900	0.5633	8.5180	0.5655
8.5180	0.5655	8.5440	0.5659
8.5440	0.5659	8.6669	0.5679
8.6669	0.5679	8.7759	0.5697
8.7759	0.5697	8.7929	0.5700
8.7929	0.5700	8.8579	0.5710
{POL 15,16]			
8.3089	-0.3820	8.4329	-0.4138
8.4329	-0.4138	8.4581	-0.4203
8.4581	-0.4203	8.5772	-0.4509
8.5772	-0.4509	8.6828	-0.4780
8.6828	-0.4780	8.6992	-0.4822
8.6992	-0.4822	8.7622	-0.4984
8.2844	-0.4775	8.4084	-0.5093
8.4084	-0.5093	8.4335	-0.5158
8.4335	-0.5158	8.5527	-0.5464
8.5527	-0.5464	8.6582	-0.5735
8.6582	-0.5735	8.6747	-0.5778
8.6747	-0.5778	8.7377	-0.5939
{POL 16,17}			
7.9124	-1.3167	8.0243	-1.3787
8.0243	-1.3787	8.0471	-1.3913
8.0471	-1.3913	8.1547	-1.4509
8.1547	-1.4509	8.2500	-1.5037
8.2500	-1.5037	8.2649	-1.5120
8.2649	-1.5120	8.3217	-1.5435
7.8641	-1.4038	7.9761	-1.4658
7.9761	-1.4658	7.9988	-1.4784
7.9988	-1.4784	8.1064	-1.5380
8.1064	-1.5380	8.2017	-1.5909
8.2017	-1.5909	8.2166	-1.5991
8.2166	-1.5991	8.2735	-1.6306
{POL 17,18}			
7.3013	-2.2359	7.3947	-2.3234
7.3947	-2.3234	7.4137	-2.3412
7.4137	-2.3412	7.5034	-2.4253
7.5034	-2.4253	7.5829	-2.4999
7.5829	-2.4999	7.5953	-2.5115
7.5953	-2.5115	7.6428	-2.5559
7.2338	-2.3079	7.3272	-2.3955
7.3272	-2.3955	7.3461	-2.4133
7.3461	-2.4133	7.4359	-2.4974
7.4359	-2.4974	7.5154	-2.5719
7.5154	-2.5719	7.5278	-2.5835
7.5278	-2.5835	7.5752	-2.6280
{POL 18}			
6.2668	-3.0562	6.3948	-3.0562
6.3948	-3.0562	6.4208	-3.0562
6.4208	-3.0562	6.5438	-3.0562
6.5438	-3.0562	6.6528	-3.0562
6.6528	-3.0562	6.6698	-3.0562
6.6698	-3.0562	6.7348	-3.0562
6.2544	-3.1555	6.3824	-3.1555
6.3824	-3.1555	6.4084	-3.1555
6.4084	-3.1555	6.5314	-3.1555
6.5314	-3.1555	6.6404	-3.1555
6.6404	-3.1555	6.6574	-3.1555
6.6574	-3.1555	6.7224	-3.1555
{HOLE GAP 1}	
3.8153	-1.9991
{HOLE GAP 2}
3.6993	-1.9991
{HOLE GAP A} 	
3.9679	-2.5012
3.9660	-1.4970
3.9660	-0.4820
3.9660	0.5330
3.9660	1.5480
3.9660	2.5630
3.9753	3.5991
4.2764	4.3585
4.9017	4.7476
5.7728	4.5712
6.6293	3.9256
7.4492	3.2040
7.9588	2.4777
8.3222	1.6881
8.4532	0.6141
8.3586	-0.4457
7.9442	-1.3912
7.3142	-2.3157
6.3246	-3.1059
{HOLE GAP B}	
3.8909	-2.5012
3.8890	-1.4970
3.8890	-0.4820
3.8890	0.5330
3.8890	1.5480
3.8890	2.5630
3.8994	3.6120
4.2172	4.4077
4.8883	4.8234
5.8051	4.6411
6.6781	3.9852
7.5065	3.2555
8.0255	2.5162
8.3962	1.7092
8.5301	0.6154
8.4332	-0.4648
8.0116	-1.4286
7.3704	-2.3683
6.4016	-3.1059
{HOLE GAP C}	
3.8164	-2.5012
3.8145	-1.4970
3.8145	-0.4820
3.8145	0.5330
3.8145	1.5480
3.8145	2.5630
3.8260	3.6246
4.1599	4.4554
4.8753	4.8968
5.8364	4.7087
6.7253	4.0428
7.5619	3.3052
8.0901	2.5534
8.4679	1.7295
8.6046	0.6166
8.5054	-0.4833
8.0767	-1.4647
7.4248	-2.4193
6.4761	-3.1059
{HOLE GAP D} 	
3.7004	-2.5012
3.6985	-1.4970
3.6985	-0.4820
3.6985	0.5330
3.6985	1.5480
3.6985	2.5630
3.7117	3.6441
4.0708	4.5296
4.8550	5.0110
5.8852	4.8139
6.7988	4.1325
7.6482	3.3827
8.1906	2.6113
8.5794	1.7613
8.7206	0.6185
8.6177	-0.5122
8.1782	-1.5209
7.5094	-2.4986
6.5921	-3.1059
{HOLE GAP E} 	
3.6374	-2.5012
3.6355	-1.4970
3.6355	-0.4820
3.6355	0.5330
3.6355	1.5480
3.6355	2.5630
3.6496	3.6548
4.0223	4.5699
4.8440	5.0730
5.9117	4.8711
6.8388	4.1812
7.6951	3.4248
8.2452	2.6428
8.6400	1.7785
8.7836	0.6196
8.6787	-0.5279
8.2333	-1.5514
7.5554	-2.5417
6.6551	-3.1059
{HOLE GAP F} 	
3.5964	-2.5012
3.5945	-1.4970
3.5945	-0.4820
3.5945	0.5330
3.5945	1.5480
3.5945	2.5630
3.6092	3.6617
3.9908	4.5961
4.8368	5.1134
5.9289	4.9083
6.8648	4.2130
7.7256	3.4522
8.2807	2.6632
8.6795	1.7897
8.8246	0.6202
8.7185	-0.5381
8.2692	-1.5713
7.5853	-2.5697
6.6961	-3.1059
{HOLE PANEL A} 	
3.9668	-1.9991
3.9660	-0.9895
3.9660	0.0255
3.9660	1.0405
3.9660	2.0555
3.9665	3.0817
4.1148	3.9848
4.5815	4.5673
5.3379	4.6737
6.2038	4.2540
7.0420	3.5675
7.7081	2.8440
8.1462	2.0851
8.3940	1.1522
8.4124	0.0833
8.1574	-0.9205
7.6340	-1.8572
6.8056	-2.7040
{HOLE PANEL B} 	
3.8898	-1.9991
3.8890	-0.9895
3.8890	0.0255
3.8890	1.0405
3.8890	2.0555
3.8901	3.0882
4.0472	4.0159
4.5451	4.6298
5.3474	4.7466
6.2444	4.3187
7.0950	3.6230
7.7701	2.8889
8.2166	2.1148
8.4695	1.1634
8.4882	0.0743
8.2283	-0.9488
7.6958	-1.9022
6.8722	-2.7303
{HOLE PANEL C} 	
3.8153	-1.9991
3.8145	-0.9895
3.8145	0.0255
3.8145	1.0405
3.8145	2.0555
3.8161	3.0945
3.9819	4.0460
4.5100	4.6903
5.3565	4.8170
6.2837	4.3813
7.1463	3.6766
7.8301	2.9324
8.2847	2.1436
8.5426	1.1742
8.5615	0.0657
8.2970	-0.9761
7.7556	-1.9457
6.9367	-2.7558
{HOLE PANEL D} 	
3.6993	-1.9991
3.6985	-0.9895
3.6985	0.0255
3.6985	1.0405
3.6985	2.0555
3.7009	3.1043
3.8801	4.0929
4.4553	4.7845
5.3708	4.9268
6.3448	4.4788
7.2263	3.7603
7.9235	3.0001
8.3907	2.1885
8.6564	1.1910
8.6757	0.0522
8.4039	-1.0186
7.8486	-2.0135
7.0370	-2.7954
{HOLE PANEL E} 	
3.6363	-1.9991
3.6355	-0.9895
3.6355	0.0255
3.6355	1.0405
3.6355	2.0555
3.6384	3.1096
3.8249	4.1183
4.4256	4.8357
5.3785	4.9864
6.3780	4.5318
7.2697	3.8057
7.9743	3.0369
8.4483	2.2128
8.7182	1.2002
8.7377	0.0449
8.4620	-1.0417
7.8992	-2.0503
7.0915	-2.8170
{HOLE PANEL F} 	
3.5953	-1.9991
3.5945	-0.9895
3.5945	0.0255
3.5945	1.0405
3.5945	2.0555
3.5977	3.1130
3.7889	4.1349
4.4062	4.8690
5.3835	5.0252
6.3996	4.5662
7.2979	3.8352
8.0073	3.0608
8.4858	2.2287
8.7584	1.2061
8.7781	0.0401
8.4998	-1.0568
7.9320	-2.0743
7.1269	-2.8310
