* 20 mm wide gaps from ITER-wall_v17.xlsx
2.0			
{RAD A} 			
4.0392	-2.5455	4.0392	-2.5255
4.0392	-2.5255	4.0390	-2.2583
4.0390	-2.2583	4.0390	-2.1200
4.0390	-2.1200	4.0390	-2.0045
4.0390	-2.0045	4.0390	-1.7508
4.0390	-1.7508	4.0390	-1.5070
4.0390	-1.5070	4.0390	-1.4970
4.0390	-1.4970	4.0390	-1.4870
4.0390	-1.4870	4.0390	-0.9895
4.0390	-0.9895	4.0390	-0.4920
4.0390	-0.4920	4.0390	-0.4820
4.0390	-0.4820	4.0390	-0.4720
4.0390	-0.4720	4.0390	0.0255
4.0390	0.0255	4.0390	0.5230
4.0390	0.5230	4.0390	0.5330
4.0390	0.5330	4.0390	0.5430
4.0390	0.5430	4.0390	1.0405
4.0390	1.0405	4.0390	1.5380
4.0390	1.5380	4.0390	1.5480
4.0390	1.5480	4.0390	1.5580
4.0390	1.5580	4.0390	2.0555
4.0390	2.0555	4.0390	2.5530
4.0390	2.5530	4.0390	2.5630
4.0390	2.5630	4.0390	2.5730
4.0390	2.5730	4.0390	2.8193
4.0390	2.8193	4.0390	3.0755
4.0390	3.0755	4.0390	3.3318
4.0390	3.3318	4.0390	3.5782
4.0390	3.5782	4.0390	3.5882
4.0390	3.5882	4.0423	3.5976
4.0423	3.5976	4.1251	3.8327
4.1251	3.8327	4.2228	4.0770
4.2228	4.0770	4.3170	4.3123
4.3170	4.3123	4.3207	4.3216
4.3207	4.3216	4.3291	4.3269
4.3291	4.3269	4.6159	4.5079
4.6159	4.5079	4.9028	4.6889
4.9028	4.6889	4.9112	4.6942
4.9112	4.6942	4.9210	4.6921
4.9210	4.6921	5.1899	4.6345
5.1899	4.6345	5.4682	4.5747
5.4682	4.5747	5.7369	4.5170
5.7369	4.5170	5.7467	4.5149
5.7467	4.5149	5.7546	4.5088
5.7546	4.5088	5.9561	4.3537
5.9561	4.3537	6.1654	4.1926
6.1654	4.1926	6.3747	4.0315
6.3747	4.0315	6.5760	3.8765
6.5760	3.8765	6.5839	3.8704
6.5839	3.8704	6.5915	3.8638
6.5915	3.8638	6.9916	3.5149
6.9916	3.5149	7.3918	3.1659
7.3918	3.1659	7.3994	3.1593
7.3994	3.1593	7.4051	3.1511
7.4051	3.1511	7.6494	2.8014
7.6494	2.8014	7.8936	2.4516
7.8936	2.4516	7.8993	2.4434
7.8993	2.4434	7.9035	2.4344
7.9035	2.4344	8.0794	2.0569
8.0794	2.0569	8.2553	1.6793
8.2553	1.6793	8.2595	1.6703
8.2595	1.6703	8.2607	1.6603
8.2607	1.6603	8.3224	1.1416
8.3224	1.1416	8.3841	0.6229
8.3841	0.6229	8.3852	0.6130
8.3852	0.6130	8.3844	0.6031
8.3844	0.6031	8.3406	0.0918
8.3406	0.0918	8.2968	-0.4196
8.2968	-0.4196	8.2959	-0.4295
8.2959	-0.4295	8.2919	-0.4387
8.2919	-0.4387	8.0901	-0.8938
8.0901	-0.8938	7.8883	-1.3489
7.8883	-1.3489	7.8842	-1.3580
7.8842	-1.3580	7.8786	-1.3663
7.8786	-1.3663	7.5755	-1.8145
7.5755	-1.8145	7.2723	-2.2629
7.2723	-2.2629	7.2667	-2.2711
7.2667	-2.2711	7.2588	-2.2773
7.2588	-2.2773	7.0650	-2.4274
7.0650	-2.4274	6.8635	-2.5836
6.8635	-2.5836	6.6619	-2.7398
6.6619	-2.7398	6.4603	-2.8959
6.4603	-2.8959	6.2590	-3.0518
6.2590	-3.0518	6.2566	-3.0717
{RAD B}			
3.9082	-2.5480	3.9081	-2.5280
3.9081	-2.5280	3.9070	-1.5070
3.9070	-1.5070	3.9070	-1.4870
3.9070	-1.4870	3.9070	-0.4920
3.9070	-0.4920	3.9070	-0.4720
3.9070	-0.4720	3.9070	0.5230
3.9070	0.5230	3.9070	0.5430
3.9070	0.5430	3.9070	1.5380
3.9070	1.5380	3.9070	1.5580
3.9070	1.5580	3.9070	2.5530
3.9070	2.5530	3.9070	2.5730
3.9070	2.5730	3.9089	3.6004
3.9089	3.6004	3.9122	3.6198
3.9122	3.6198	4.2155	4.3967
4.2155	4.3967	4.2277	4.4114
4.2277	4.4114	4.8797	4.8189
4.8797	4.8189	4.8979	4.8221
4.8979	4.8221	5.7924	4.6368
5.7924	4.6368	5.8101	4.6286
5.8101	4.6286	6.6597	3.9786
6.6597	3.9786	6.6752	3.9659
6.6752	3.9659	7.4900	3.2541
7.4900	3.2541	7.5033	3.2393
7.5033	3.2393	8.0080	2.5175
8.0080	2.5175	8.0179	2.5003
8.0179	2.5003	8.3823	1.7155
8.3823	1.7155	8.3877	1.6965
8.3877	1.6965	8.5161	0.6251
8.5161	0.6251	8.5164	0.6052
8.5164	0.6052	8.4246	-0.4524
8.4246	-0.4524	8.4197	-0.4715
8.4197	-0.4715	8.0038	-1.4128
8.0038	-1.4128	7.9941	-1.4303
7.9941	-1.4303	7.3686	-2.3531
7.3686	-2.3531	7.3551	-2.3675
7.3551	-2.3675	6.3905	-3.0538
6.3905	-3.0538	6.3881	-3.0736
{RAD C} 			
3.8822	-2.5480	3.8821	-2.5280
3.8821	-2.5280	3.8810	-1.5070
3.8810	-1.5070	3.8810	-1.4870
3.8810	-1.4870	3.8810	-0.4920
3.8810	-0.4920	3.8810	-0.4720
3.8810	-0.4720	3.8810	0.5230
3.8810	0.5230	3.8810	0.5430
3.8810	0.5430	3.8810	1.5380
3.8810	1.5380	3.8810	1.5580
3.8810	1.5580	3.8810	2.5530
3.8810	2.5530	3.8810	2.5730
3.8810	2.5730	3.8833	3.6048
3.8833	3.6048	3.8866	3.6242
3.8866	3.6242	4.1955	4.4134
4.1955	4.4134	4.2077	4.4280
4.2077	4.4280	4.8751	4.8445
4.8751	4.8445	4.8934	4.8477
4.8934	4.8477	5.8033	4.6604
5.8033	4.6604	5.8210	4.6522
5.8210	4.6522	6.6762	3.9987
6.6762	3.9987	6.6916	3.9860
6.6916	3.9860	7.5094	3.2714
7.5094	3.2714	7.5227	3.2567
7.5227	3.2567	8.0305	2.5305
8.0305	2.5305	8.0404	2.5133
8.0404	2.5133	8.4073	1.7226
8.4073	1.7226	8.4127	1.7036
8.4127	1.7036	8.5420	0.6255
8.5420	0.6255	8.5424	0.6057
8.5424	0.6057	8.4498	-0.4589
8.4498	-0.4589	8.4449	-0.4780
8.4449	-0.4780	8.0265	-1.4254
8.0265	-1.4254	8.0168	-1.4429
8.0168	-1.4429	7.3876	-2.3709
7.3876	-2.3709	7.3741	-2.3853
7.3741	-2.3853	6.4165	-3.0538
6.4165	-3.0538	6.4141	-3.0736
{RAD D} 			
3.7592	-2.5480	3.7591	-2.5280
3.7591	-2.5280	3.7580	-1.5070
3.7580	-1.5070	3.7580	-1.4870
3.7580	-1.4870	3.7580	-0.4920
3.7580	-0.4920	3.7580	-0.4720
3.7580	-0.4720	3.7580	0.5230
3.7580	0.5230	3.7580	0.5430
3.7580	0.5430	3.7580	1.5380
3.7580	1.5380	3.7580	1.5580
3.7580	1.5580	3.7580	2.5530
3.7580	2.5530	3.7580	2.5730
3.7580	2.5730	3.7620	3.6255
3.7620	3.6255	3.7654	3.6450
3.7654	3.6450	4.1010	4.4921
4.1010	4.4921	4.1131	4.5067
4.1131	4.5067	4.8536	4.9656
4.8536	4.9656	4.8719	4.9688
4.8719	4.9688	5.8550	4.7720
5.8550	4.7720	5.8727	4.7638
5.8727	4.7638	6.7542	4.0938
6.7542	4.0938	6.7696	4.0811
6.7696	4.0811	7.6009	3.3536
7.6009	3.3536	7.6142	3.3388
7.6142	3.3388	8.1371	2.5919
8.1371	2.5919	8.1470	2.5747
8.1470	2.5747	8.5256	1.7562
8.5256	1.7562	8.5310	1.7372
8.5310	1.7372	8.6650	0.6276
8.6650	0.6276	8.6654	0.6077
8.6654	0.6077	8.5689	-0.4895
8.5689	-0.4895	8.5640	-0.5086
8.5640	-0.5086	8.1341	-1.4850
8.1341	-1.4850	8.1244	-1.5025
8.1244	-1.5025	7.4773	-2.4550
7.4773	-2.4550	7.4638	-2.4694
7.4638	-2.4694	6.5395	-3.0538
6.5395	-3.0538	6.5371	-3.0736
{RAD E} 			
3.6502	-2.5480	3.6501	-2.5280
3.6501	-2.5280	3.6490	-1.5070
3.6490	-1.5070	3.6490	-1.4870
3.6490	-1.4870	3.6490	-0.4920
3.6490	-0.4920	3.6490	-0.4720
3.6490	-0.4720	3.6490	0.5230
3.6490	0.5230	3.6490	0.5430
3.6490	0.5430	3.6490	1.5380
3.6490	1.5380	3.6490	1.5580
3.6490	1.5580	3.6490	2.5530
3.6490	2.5530	3.6490	2.5730
3.6490	2.5730	3.6546	3.6439
3.6546	3.6439	3.6579	3.6633
3.6579	3.6633	4.0172	4.5618
4.0172	4.5618	4.0294	4.5764
4.0294	4.5764	4.8346	5.0729
4.8346	5.0729	4.8528	5.0761
4.8528	5.0761	5.9008	4.8709
5.9008	4.8709	5.9185	4.8627
5.9185	4.8627	6.8233	4.1781
6.8233	4.1781	6.8387	4.1654
6.8387	4.1654	7.6820	3.4264
7.6820	3.4264	7.6953	3.4117
7.6953	3.4117	8.2315	2.6464
8.2315	2.6464	8.2415	2.6291
8.2415	2.6291	8.6304	1.7861
8.6304	1.7861	8.6358	1.7671
8.6358	1.7671	8.7740	0.6294
8.7740	0.6294	8.7743	0.6095
8.7743	0.6095	8.6745	-0.5166
8.6745	-0.5166	8.6696	-0.5357
8.6696	-0.5357	8.2294	-1.5379
8.2294	-1.5379	8.2198	-1.5553
8.2198	-1.5553	7.5569	-2.5296
7.5569	-2.5296	7.5434	-2.5440
7.5434	-2.5440	6.6485	-3.0538
6.6485	-3.0538	6.6461	-3.0736
{RAD F} 			
3.6332	-2.5480	3.6331	-2.5280
3.6331	-2.5280	3.6320	-1.5070
3.6320	-1.5070	3.6320	-1.4870
3.6320	-1.4870	3.6320	-0.4920
3.6320	-0.4920	3.6320	-0.4720
3.6320	-0.4720	3.6320	0.5230
3.6320	0.5230	3.6320	0.5430
3.6320	0.5430	3.6320	1.5380
3.6320	1.5380	3.6320	1.5580
3.6320	1.5580	3.6320	2.5530
3.6320	2.5530	3.6320	2.5730
3.6320	2.5730	3.6378	3.6468
3.6378	3.6468	3.6412	3.6662
3.6412	3.6662	4.0041	4.5727
4.0041	4.5727	4.0163	4.5873
4.0163	4.5873	4.8316	5.0896
4.8316	5.0896	4.8498	5.0929
4.8498	5.0929	5.9080	4.8863
5.9080	4.8863	5.9257	4.8781
5.9257	4.8781	6.8340	4.1912
6.8340	4.1912	6.8495	4.1786
6.8495	4.1786	7.6947	3.4378
7.6947	3.4378	7.7079	3.4230
7.7079	3.4230	8.2462	2.6549
8.2462	2.6549	8.2562	2.6376
8.2562	2.6376	8.6468	1.7907
8.6468	1.7907	8.6522	1.7717
8.6522	1.7717	8.7910	0.6296
8.7910	0.6296	8.7913	0.6097
8.7913	0.6097	8.6910	-0.5208
8.6910	-0.5208	8.6861	-0.5399
8.6861	-0.5399	8.2443	-1.5461
8.2443	-1.5461	8.2346	-1.5635
8.2346	-1.5635	7.5693	-2.5412
7.5693	-2.5412	7.5558	-2.5556
7.5558	-2.5556	6.6655	-3.0538
6.6655	-3.0538	6.6631	-3.0736
{RAD G} 			
4.3913	-4.0501	4.4551	-4.0403
4.4551	-4.0403	4.4799	-3.9723
4.4799	-3.9723	4.4848	-3.9138
4.4848	-3.9138	4.3827	-3.9061
4.3827	-3.9061	4.2799	-3.8980
4.2799	-3.8980	4.1762	-3.8895
4.1762	-3.8895	4.1765	-3.8880
4.1765	-3.8880	4.2018	-3.8361
4.2018	-3.8361	4.2321	-3.7741
4.2321	-3.7741	4.2721	-3.6922
4.2721	-3.6922	4.3009	-3.6332
4.3009	-3.6332	4.3367	-3.5599
4.3367	-3.5599	4.3580	-3.5164
4.3580	-3.5164	4.3761	-3.4718
4.3761	-3.4718	4.3939	-3.4239
4.3939	-3.4239	4.4213	-3.3615
4.4213	-3.3615	4.4621	-3.2690
4.4621	-3.2690	4.4960	-3.1641
4.4960	-3.1641	4.5070	-3.0831
4.5070	-3.0831	4.5080	-3.0156
4.5080	-3.0156	4.4955	-2.9388
4.4955	-2.9388	4.4761	-2.8776
4.4761	-2.8776	4.4501	-2.8155
4.4501	-2.8155	4.3908	-2.7306
4.3908	-2.7306	4.3150	-2.6568
4.3150	-2.6568	4.2259	-2.5999
4.2259	-2.5999	4.1272	-2.5635
4.1272	-2.5635	3.5712	-2.5455
3.5712	-2.5455	3.5712	-2.5255
3.5712	-2.5255	3.5710	-1.5070
3.5710	-1.5070	3.5710	-1.4870
3.5710	-1.4870	3.5710	-0.4920
3.5710	-0.4920	3.5710	-0.4720
3.5710	-0.4720	3.5710	0.5230
3.5710	0.5230	3.5710	0.5430
3.5710	0.5430	3.5710	1.5380
3.5710	1.5380	3.5710	1.5580
3.5710	1.5580	3.5710	2.5530
3.5710	2.5530	3.5710	2.5730
3.5710	2.5730	3.5777	3.6570
3.5777	3.6570	3.5810	3.6765
3.5810	3.6765	3.9572	4.6117
3.9572	4.6117	3.9694	4.6263
3.9694	4.6263	4.8209	5.1497
4.8209	5.1497	4.8392	5.1529
4.8392	5.1529	5.9336	4.9417
5.9336	4.9417	5.9513	4.9335
5.9513	4.9335	6.8727	4.2384
6.8727	4.2384	6.8882	4.2257
6.8882	4.2257	7.7401	3.4786
7.7401	3.4786	7.7533	3.4638
7.7533	3.4638	8.2991	2.6853
8.2991	2.6853	8.3090	2.6681
8.3090	2.6681	8.7054	1.8074
8.7054	1.8074	8.7109	1.7884
8.7109	1.7884	8.8520	0.6306
8.8520	0.6306	8.8523	0.6107
8.8523	0.6107	8.7501	-0.5360
8.7501	-0.5360	8.7452	-0.5551
8.7452	-0.5551	8.2977	-1.5757
8.2977	-1.5757	8.2880	-1.5931
8.2880	-1.5931	7.6138	-2.5829
7.6138	-2.5829	7.6003	-2.5973
7.6003	-2.5973	6.7270	-3.0518
6.7270	-3.0518	6.7246	-3.0717
6.7246	-3.0717	6.2372	-3.2376
6.2372	-3.2376	6.1174	-3.2470
6.1174	-3.2470	6.0152	-3.2739
6.0152	-3.2739	5.9005	-3.3280
5.9005	-3.3280	5.8017	-3.3972
5.8017	-3.3972	5.7233	-3.4828
5.7233	-3.4828	5.6599	-3.5819
5.6599	-3.5819	5.6084	-3.6914
5.6084	-3.6914	5.5830	-3.8078
5.5830	-3.8078	5.5652	-3.9996
5.5652	-3.9996	5.5570	-4.0799
5.5570	-4.0799	5.5552	-4.1989
5.5552	-4.1989	5.5553	-4.3180
5.5553	-4.3180	5.5553	-4.4371
5.5553	-4.4371	5.5547	-4.5571
5.5547	-4.5571	5.4814	-4.4846
5.4814	-4.4846	5.4091	-4.4124
5.4091	-4.4124	5.3369	-4.3401
5.3369	-4.3401	5.2653	-4.2681
5.2653	-4.2681	5.2293	-4.3046
5.2293	-4.3046	5.1966	-4.3509
5.1966	-4.3509	5.1954	-4.3752
5.1954	-4.3752	5.2072	-4.4199
5.2072	-4.4199	5.1840	-4.4284
5.1840	-4.4284	5.1692	-4.4230
5.1692	-4.4230	5.1502	-4.3676
5.1502	-4.3676	5.1311	-4.3126
5.1311	-4.3126	5.1120	-4.2576
5.1120	-4.2576	5.0929	-4.2027
5.0929	-4.2027	5.0738	-4.1477
5.0738	-4.1477	5.0547	-4.0928
5.0547	-4.0928	5.0356	-4.0378
5.0356	-4.0378	5.0162	-3.9826
5.0162	-3.9826	5.0283	-3.9525
5.0283	-3.9525	5.0858	-3.9785
5.0858	-3.9785	5.1195	-4.0199
5.1195	-4.0199	5.1490	-4.0231
5.1490	-4.0231	5.2006	-4.0081
5.2006	-4.0081	5.2340	-3.9947
5.2340	-3.9947	5.1143	-3.8207
5.1143	-3.8207	4.9697	-3.7410
4.9697	-3.7410	4.8001	-3.7210
4.8001	-3.7210	4.6401	-3.7604
4.6401	-3.7604	4.6592	-3.7948
4.6592	-3.7948	4.6950	-3.8509
4.6950	-3.8509	4.7233	-3.8598
4.7233	-3.8598	4.7747	-3.8522
4.7747	-3.8522	4.8229	-3.8718
4.8229	-3.8718	4.8113	-3.9019
4.8113	-3.9019	4.7592	-3.9278
4.7592	-3.9278	4.7076	-3.9538
4.7076	-3.9538	4.6559	-3.9798
4.6559	-3.9798	4.6043	-4.0058
4.6043	-4.0058	4.5526	-4.0318
4.5526	-4.0318	4.5009	-4.0578
4.5009	-4.0578	4.4493	-4.0838
4.4493	-4.0838	4.3968	-4.1100
4.3968	-4.1100	4.3913	-4.0501
{POL 1}			
4.0392	-2.5455	3.9112	-2.5455
3.9112	-2.5455	3.8852	-2.5455
3.8852	-2.5455	3.7622	-2.5455
3.7622	-2.5455	3.6532	-2.5455
3.6532	-2.5455	3.6362	-2.5455
3.6362	-2.5455	3.5712	-2.5455
4.0392	-2.5255	3.9112	-2.5255
3.9112	-2.5255	3.8852	-2.5255
3.8852	-2.5255	3.7622	-2.5255
3.7622	-2.5255	3.6532	-2.5255
3.6532	-2.5255	3.6362	-2.5255
3.6362	-2.5255	3.5712	-2.5255
{POL 1,2}			
4.0390	-1.5070	3.9110	-1.5070
3.9110	-1.5070	3.8850	-1.5070
3.8850	-1.5070	3.7620	-1.5070
3.7620	-1.5070	3.6530	-1.5070
3.6530	-1.5070	3.6360	-1.5070
3.6360	-1.5070	3.5710	-1.5070
4.0390	-1.4870	3.9110	-1.4870
3.9110	-1.4870	3.8850	-1.4870
3.8850	-1.4870	3.7620	-1.4870
3.7620	-1.4870	3.6530	-1.4870
3.6530	-1.4870	3.6360	-1.4870
3.6360	-1.4870	3.5710	-1.4870
{POL 2,3}			
4.0390	-0.4920	3.9110	-0.4920
3.9110	-0.4920	3.8850	-0.4920
3.8850	-0.4920	3.7620	-0.4920
3.7620	-0.4920	3.6530	-0.4920
3.6530	-0.4920	3.6360	-0.4920
3.6360	-0.4920	3.5710	-0.4920
4.0390	-0.4720	3.9110	-0.4720
3.9110	-0.4720	3.8850	-0.4720
3.8850	-0.4720	3.7620	-0.4720
3.7620	-0.4720	3.6530	-0.4720
3.6530	-0.4720	3.6360	-0.4720
3.6360	-0.4720	3.5710	-0.4720
{POL 3,4)			
4.0390	0.5230	3.9110	0.5230
3.9110	0.5230	3.8850	0.5230
3.8850	0.5230	3.7620	0.5230
3.7620	0.5230	3.6530	0.5230
3.6530	0.5230	3.6360	0.5230
3.6360	0.5230	3.5710	0.5230
4.0390	0.5430	3.9110	0.5430
3.9110	0.5430	3.8850	0.5430
3.8850	0.5430	3.7620	0.5430
3.7620	0.5430	3.6530	0.5430
3.6530	0.5430	3.6360	0.5430
3.6360	0.5430	3.5710	0.5430
{POL 4,5}			
4.0390	1.5380	3.9110	1.5380
3.9110	1.5380	3.8850	1.5380
3.8850	1.5380	3.7620	1.5380
3.7620	1.5380	3.6530	1.5380
3.6530	1.5380	3.6360	1.5380
3.6360	1.5380	3.5710	1.5380
4.0390	1.5580	3.9110	1.5580
3.9110	1.5580	3.8850	1.5580
3.8850	1.5580	3.7620	1.5580
3.7620	1.5580	3.6530	1.5580
3.6530	1.5580	3.6360	1.5580
3.6360	1.5580	3.5710	1.5580
{POL 5,6}			
4.0390	2.5530	3.9110	2.5530
3.9110	2.5530	3.8850	2.5530
3.8850	2.5530	3.7620	2.5530
3.7620	2.5530	3.6530	2.5530
3.6530	2.5530	3.6360	2.5530
3.6360	2.5530	3.5710	2.5530
4.0390	2.5730	3.9110	2.5730
3.9110	2.5730	3.8850	2.5730
3.8850	2.5730	3.7620	2.5730
3.7620	2.5730	3.6530	2.5730
3.6530	2.5730	3.6360	2.5730
3.6360	2.5730	3.5710	2.5730
{POL 6,7}			
4.0390	3.5782	3.9128	3.5997
3.9128	3.5997	3.8872	3.6041
3.8872	3.6041	3.7660	3.6249
3.7660	3.6249	3.6585	3.6432
3.6585	3.6432	3.6418	3.6461
3.6418	3.6461	3.5777	3.6570
4.0423	3.5976	3.9162	3.6192
3.9162	3.6192	3.8905	3.6236
3.8905	3.6236	3.7693	3.6443
3.7693	3.6443	3.6619	3.6627
3.6619	3.6627	3.6451	3.6655
3.6451	3.6655	3.5810	3.6765
{POL 7,8}			
4.3170	4.3123	4.2186	4.3942
4.2186	4.3942	4.1986	4.4108
4.1986	4.4108	4.1040	4.4895
4.1040	4.4895	4.0203	4.5592
4.0203	4.5592	4.0072	4.5701
4.0072	4.5701	3.9572	4.6117
4.3291	4.3269	4.2307	4.4088
4.2307	4.4088	4.2108	4.4254
4.2108	4.4254	4.1162	4.5041
4.1162	4.5041	4.0324	4.5738
4.0324	4.5738	4.0194	4.5847
4.0194	4.5847	3.9694	4.6263
{POL 8,9}			
4.9028	4.6889	4.8804	4.8149
4.8804	4.8149	4.8758	4.8405
4.8758	4.8405	4.8543	4.9616
4.8543	4.9616	4.8353	5.0690
4.8353	5.0690	4.8323	5.0857
4.8323	5.0857	4.8209	5.1497
4.9210	4.6921	4.8986	4.8182
4.8986	4.8182	4.8941	4.8438
4.8941	4.8438	4.8726	4.9649
4.8726	4.9649	4.8535	5.0722
4.8535	5.0722	4.8505	5.0889
4.8505	5.0889	4.8392	5.1529
{POL 9,10}			
5.7369	4.5170	5.7907	4.6332
5.7907	4.6332	5.8016	4.6568
5.8016	4.6568	5.8533	4.7684
5.8533	4.7684	5.8992	4.8673
5.8992	4.8673	5.9063	4.8827
5.9063	4.8827	5.9336	4.9417
5.7546	4.5088	5.8084	4.6250
5.8084	4.6250	5.8193	4.6486
5.8193	4.6486	5.8710	4.7602
5.8710	4.7602	5.9169	4.8591
5.9169	4.8591	5.9240	4.8745
5.9240	4.8745	5.9513	4.9335
{POL 10,11}			
6.5760	3.8765	6.6572	3.9755
6.6572	3.9755	6.6736	3.9956
6.6736	3.9956	6.7516	4.0907
6.7516	4.0907	6.8207	4.1750
6.8207	4.1750	6.8315	4.1881
6.8315	4.1881	6.8727	4.2384
6.5915	3.8638	6.6726	3.9628
6.6726	3.9628	6.6891	3.9829
6.6891	3.9829	6.7671	4.0780
6.7671	4.0780	6.8362	4.1623
6.8362	4.1623	6.8470	4.1755
6.8470	4.1755	6.8882	4.2257
{POL 11,12}			
7.3918	3.1659	7.4871	3.2514
7.4871	3.2514	7.5064	3.2688
7.5064	3.2688	7.5979	3.3509
7.5979	3.3509	7.6790	3.4238
7.6790	3.4238	7.6917	3.4351
7.6917	3.4351	7.7401	3.4786
7.4051	3.1511	7.5003	3.2366
7.5003	3.2366	7.5197	3.2540
7.5197	3.2540	7.6112	3.3362
7.6112	3.3362	7.6923	3.4090
7.6923	3.4090	7.7050	3.4204
7.7050	3.4204	7.7533	3.4638
{POL 12,13}			
7.8936	2.4516	8.0045	2.5156
8.0045	2.5156	8.0270	2.5285
8.0270	2.5285	8.1336	2.5900
8.1336	2.5900	8.2280	2.6444
8.2280	2.6444	8.2428	2.6529
8.2428	2.6529	8.2991	2.6853
7.9035	2.4344	8.0145	2.4983
8.0145	2.4983	8.0370	2.5113
8.0370	2.5113	8.1435	2.5727
8.1435	2.5727	8.2380	2.6271
8.2380	2.6271	8.2527	2.6356
8.2527	2.6356	8.3090	2.6681
{POL 13,14}			
8.2553	1.6793	8.3784	1.7144
8.3784	1.7144	8.4034	1.7215
8.4034	1.7215	8.5217	1.7551
8.5217	1.7551	8.6266	1.7850
8.6266	1.7850	8.6429	1.7896
8.6429	1.7896	8.7054	1.8074
8.2607	1.6603	8.3838	1.6954
8.3838	1.6954	8.4088	1.7025
8.4088	1.7025	8.5271	1.7361
8.5271	1.7361	8.6320	1.7660
8.6320	1.7660	8.6483	1.7706
8.6483	1.7706	8.7109	1.7884
{POL 14,15}			
8.3841	0.6229	8.5121	0.6251
8.5121	0.6251	8.5380	0.6255
8.5380	0.6255	8.6610	0.6275
8.6610	0.6275	8.7700	0.6293
8.7700	0.6293	8.7870	0.6296
8.7870	0.6296	8.8520	0.6306
8.3844	0.6031	8.5124	0.6052
8.5124	0.6052	8.5384	0.6056
8.5384	0.6056	8.6614	0.6076
8.6614	0.6076	8.7703	0.6094
8.7703	0.6094	8.7873	0.6097
8.7873	0.6097	8.8523	0.6107
{POL 15,16]			
8.2968	-0.4196	8.4207	-0.4514
8.4207	-0.4514	8.4459	-0.4579
8.4459	-0.4579	8.5651	-0.4885
8.5651	-0.4885	8.6706	-0.5156
8.6706	-0.5156	8.6871	-0.5198
8.6871	-0.5198	8.7501	-0.5360
8.2919	-0.4387	8.4158	-0.4705
8.4158	-0.4705	8.4410	-0.4770
8.4410	-0.4770	8.5602	-0.5076
8.5602	-0.5076	8.6657	-0.5347
8.6657	-0.5347	8.6822	-0.5389
8.6822	-0.5389	8.7452	-0.5551
{POL 16,17}			
7.8883	-1.3489	8.0003	-1.4109
8.0003	-1.4109	8.0230	-1.4235
8.0230	-1.4235	8.1306	-1.4831
8.1306	-1.4831	8.2259	-1.5359
8.2259	-1.5359	8.2408	-1.5442
8.2408	-1.5442	8.2977	-1.5757
7.8786	-1.3663	7.9906	-1.4283
7.9906	-1.4283	8.0133	-1.4409
8.0133	-1.4409	8.1209	-1.5005
8.1209	-1.5005	8.2163	-1.5534
8.2163	-1.5534	8.2311	-1.5616
8.2311	-1.5616	8.2880	-1.5931
{POL 17,18}			
7.2723	-2.2629	7.3657	-2.3504
7.3657	-2.3504	7.3847	-2.3682
7.3847	-2.3682	7.4744	-2.4523
7.4744	-2.4523	7.5539	-2.5268
7.5539	-2.5268	7.5663	-2.5385
7.5663	-2.5385	7.6138	-2.5829
7.2588	-2.2773	7.3522	-2.3648
7.3522	-2.3648	7.3712	-2.3826
7.3712	-2.3826	7.4609	-2.4667
7.4609	-2.4667	7.5404	-2.5412
7.5404	-2.5412	7.5528	-2.5529
7.5528	-2.5529	7.6003	-2.5973
{POL 18}			
6.2590	-3.0518	6.3870	-3.0518
6.3870	-3.0518	6.4130	-3.0518
6.4130	-3.0518	6.5360	-3.0518
6.5360	-3.0518	6.6450	-3.0518
6.6450	-3.0518	6.6620	-3.0518
6.6620	-3.0518	6.7270	-3.0518
6.2566	-3.0717	6.3846	-3.0717
6.3846	-3.0717	6.4106	-3.0717
6.4106	-3.0717	6.5336	-3.0717
6.5336	-3.0717	6.6426	-3.0717
6.6426	-3.0717	6.6596	-3.0717
6.6596	-3.0717	6.7246	-3.0717
{HOLE PANEL A} 			
3.9715	-2.0175		
3.9710	-0.9895		
3.9710	0.0255		
3.9710	1.0405		
3.9710	2.0555		
3.9715	3.0813		
4.1200	3.9824		
4.5839	4.5631		
5.3373	4.6689		
6.2012	4.2498		
7.0385	3.5638		
7.7041	2.8411		
8.1416	2.0831		
8.3891	1.1515		
8.4075	0.0838		
8.1528	-0.9187		
7.6300	-1.8543		
6.8174	-2.6888		
{HOLE PANEL B} 			
3.8945	-2.0175		
3.8940	-0.9895		
3.8940	0.0255		
3.8940	1.0405		
3.8940	2.0555		
3.8950	3.0878		
4.0525	4.0135		
4.5475	4.6257		
5.3468	4.7418		
6.2418	4.3145		
7.0916	3.6193		
7.7661	2.8860		
8.2120	2.1129		
8.4646	1.1627		
8.4833	0.0749		
8.2237	-0.9469		
7.6918	-1.8993		
6.8840	-2.7151		
{HOLE PANEL C} 			
3.8200	-2.0175		
3.8195	-0.9895		
3.8195	0.0255		
3.8195	1.0405		
3.8195	2.0555		
3.8211	3.0941		
3.9871	4.0437		
4.5124	4.6862		
5.3559	4.8122		
6.2810	4.3771		
7.1429	3.6730		
7.8261	2.9295		
8.2801	2.1417		
8.5377	1.1735		
8.5566	0.0662		
8.2924	-0.9743		
7.7516	-1.9428		
6.9485	-2.7406		
{HOLE PANEL D} 			
3.7040	-2.0175		
3.7035	-0.9895		
3.7035	0.0255		
3.7035	1.0405		
3.7035	2.0555		
3.7059	3.1039		
3.8854	4.0905		
4.4577	4.7804		
5.3701	4.9220		
6.3422	4.4746		
7.2228	3.7566		
7.9195	2.9972		
8.3861	2.1865		
8.6515	1.1903		
8.6708	0.0528		
8.3993	-1.0168		
7.8446	-2.0106		
7.0488	-2.7803		
{HOLE PANEL E} 			
3.6410	-2.0175		
3.6405	-0.9895		
3.6405	0.0255		
3.6405	1.0405		
3.6405	2.0555		
3.6434	3.1092		
3.8301	4.1160		
4.4280	4.8316		
5.3779	4.9816		
6.3754	4.5275		
7.2662	3.8021		
7.9702	3.0340		
8.4437	2.2109		
8.7133	1.1994		
8.7328	0.0454		
8.4574	-1.0399		
7.8951	-2.0474		
7.1033	-2.8018		
{HOLE PANEL F} 			
3.6000	-2.0175		
3.5995	-0.9895		
3.5995	0.0255		
3.5995	1.0405		
3.5995	2.0555		
3.6026	3.1126		
3.7941	4.1326		
4.4086	4.8649		
5.3829	5.0203		
6.3970	4.5620		
7.2945	3.8316		
8.0032	3.0579		
8.4812	2.2267		
8.7535	1.2054		
8.7731	0.0407		
8.4951	-1.0549		
7.9280	-2.0714		
7.1387	-2.8158		
{HOLE GAP A} 			
3.9721	-2.5380		
3.9710	-1.4970		
3.9710	-0.4820		
3.9710	0.5330		
3.9710	1.5480		
3.9710	2.5630		
3.9736	3.5993		
4.2708	4.3631		
4.9000	4.7575		
5.7743	4.5746		
6.6269	3.9227		
7.4491	3.2039		
7.9575	2.4770		
8.3234	1.6884		
8.4522	0.6141		
8.3602	-0.4461		
7.9430	-1.3905		
7.3152	-2.3166		
6.3253	-3.0637		
{HOLE GAP B}			
3.8951	-2.5380		
3.8940	-1.4970		
3.8940	-0.4820		
3.8940	0.5330		
3.8940	1.5480		
3.8940	2.5630		
3.8977	3.6123		
4.2116	4.4124		
4.8865	4.8333		
5.8067	4.6445		
6.6757	3.9823		
7.5063	3.2554		
8.0242	2.5154		
8.3975	1.7095		
8.5292	0.6154		
8.4348	-0.4652		
8.0103	-1.4278		
7.3714	-2.3692		
6.4023	-3.0637		
{HOLE GAP C} 			
3.8206	-2.5380		
3.8195	-1.4970		
3.8195	-0.4820		
3.8195	0.5330		
3.8195	1.5480		
3.8195	2.5630		
3.8243	3.6249		
4.1543	4.4600		
4.8735	4.9066		
5.8380	4.7121		
6.7229	4.0399		
7.5618	3.3051		
8.0888	2.5526		
8.4691	1.7299		
8.6037	0.6166		
8.5069	-0.4837		
8.0755	-1.4640		
7.4257	-2.4202		
6.4768	-3.0637		
{HOLE GAP D} 			
3.7046	-2.5380		
3.7035	-1.4970		
3.7035	-0.4820		
3.7035	0.5330		
3.7035	1.5480		
3.7035	2.5630		
3.7100	3.6444		
4.0652	4.5342		
4.8532	5.0209		
5.8868	4.8173		
6.7964	4.1296		
7.6481	3.3826		
8.1893	2.6105		
8.5807	1.7616		
8.7197	0.6185		
8.6193	-0.5126		
8.1769	-1.5202		
7.5103	-2.4995		
6.5928	-3.0637		
{HOLE GAP E} 			
3.6416	-2.5380		
3.6405	-1.4970		
3.6405	-0.4820		
3.6405	0.5330		
3.6405	1.5480		
3.6405	2.5630		
3.6479	3.6550		
4.0167	4.5745		
4.8422	5.0829		
5.9133	4.8745		
6.8364	4.1783		
7.6950	3.4247		
8.2438	2.6420		
8.6413	1.7789		
8.7827	0.6196		
8.6803	-0.5283		
8.2320	-1.5507		
7.5563	-2.5426		
6.6558	-3.0637		
{HOLE GAP F} 			
3.6006	-2.5380		
3.5995	-1.4970		
3.5995	-0.4820		
3.5995	0.5330		
3.5995	1.5480		
3.5995	2.5630		
3.6075	3.6620		
3.9852	4.6008		
4.8350	5.1233		
5.9305	4.9117		
6.8624	4.2100		
7.7255	3.4521		
8.2794	2.6625		
8.6807	1.7901		
8.8237	0.6202		
8.7200	-0.5385		
8.2679	-1.5706		
7.5862	-2.5706		
6.6968	-3.0637		
