    7   13   51    1    7     /NITROGEN       / ARNAUD-ROSEN(NE SCALED) 22/07/91
 -------------------------------------------------------------------------------
   4.00000   5.00000   6.00000   7.00000   8.00000   9.00000  10.00000  11.00000
  12.00000  13.00000  14.00000  15.00000  16.00000
  -0.06466   0.03533   0.13534   0.23535   0.33534   0.43534   0.53534   0.63534
   0.73534   0.83534   0.93534   1.03533   1.13534   1.23535   1.33534   1.43534
   1.53534   1.63534   1.73534   1.83534   1.93534   2.03533   2.13534   2.23535
   2.33534   2.43534   2.53534   2.63534   2.73534   2.83534   2.93534   3.03533
   3.13534   3.23535   3.33534   3.43534   3.53534   3.63534   3.73534   3.83534
   3.93534   4.03533   4.13534   4.23535   4.33534   4.43534   4.53534   4.63534
   4.73534   4.83534   4.93534
 ---------------------------------------------------/ Z1= 1   / DATE= 22/07/91
 -15.11182 -15.11102 -15.11151 -15.11349 -15.11287 -15.10452 -15.08799 -15.08168
 -15.10869 -15.18213 -15.27518 -15.35102 -15.38196
 -13.63264 -13.63156 -13.63191 -13.63405 -13.63399 -13.62668 -13.61136 -13.60454
 -13.62705 -13.69079 -13.77191 -13.83764 -13.86335
 -12.43890 -12.43785 -12.43804 -12.43981 -12.44000 -12.43455 -12.42274 -12.41714
 -12.43366 -12.48142 -12.54248 -12.59212 -12.61174
 -11.45967 -11.45881 -11.45890 -11.46020 -11.46048 -11.45693 -11.44897 -11.44510
 -11.45607 -11.48809 -11.52922 -11.56298 -11.57695
 -10.65170 -10.65106 -10.65116 -10.65218 -10.65256 -10.65031 -10.64500 -10.64238
 -10.64976 -10.67139 -10.69925 -10.72226 -10.73207
 -10.02780 -10.02736 -10.02752 -10.02843 -10.02889 -10.02738 -10.02352 -10.02164
 -10.02717 -10.04331 -10.06404 -10.08105 -10.08810
  -9.53313  -9.53280  -9.53298  -9.53382  -9.53429  -9.53312  -9.53000  -9.52854
  -9.53332  -9.54698  -9.56437  -9.57839  -9.58370
  -9.13136  -9.13099  -9.13107  -9.13173  -9.13210  -9.13109  -9.12842  -9.12729
  -9.13173  -9.14404  -9.15954  -9.17181  -9.17603
  -8.79317  -8.79263  -8.79244  -8.79275  -8.79289  -8.79198  -8.78983  -8.78909
  -8.79308  -8.80368  -8.81688  -8.82725  -8.83068
  -8.50031  -8.49958  -8.49910  -8.49906  -8.49899  -8.49823  -8.49666  -8.49628
  -8.49961  -8.50807  -8.51854  -8.52678  -8.52963
  -8.24565  -8.24486  -8.24428  -8.24413  -8.24405  -8.24353  -8.24247  -8.24229
  -8.24481  -8.25104  -8.25875  -8.26493  -8.26729
  -8.02365  -8.02304  -8.02268  -8.02279  -8.02301  -8.02285  -8.02215  -8.02194
  -8.02355  -8.02776  -8.03308  -8.03747  -8.03939
  -7.83268  -7.83238  -7.83241  -7.83292  -7.83354  -7.83378  -7.83337  -7.83309
  -7.83395  -7.83659  -7.84007  -7.84307  -7.84459
  -7.67985  -7.67985  -7.68018  -7.68093  -7.68178  -7.68230  -7.68223  -7.68213
  -7.68271  -7.68444  -7.68675  -7.68881  -7.68999
  -7.54975  -7.54993  -7.55030  -7.55091  -7.55160  -7.55219  -7.55259  -7.55307
  -7.55402  -7.55563  -7.55753  -7.55914  -7.56006
  -7.43771  -7.43794  -7.43817  -7.43836  -7.43862  -7.43912  -7.43999  -7.44126
  -7.44295  -7.44500  -7.44703  -7.44858  -7.44932
  -7.34294  -7.34315  -7.34315  -7.34288  -7.34266  -7.34297  -7.34414  -7.34606
  -7.34850  -7.35118  -7.35363  -7.35536  -7.35600
  -7.26440  -7.26455  -7.26439  -7.26382  -7.26328  -7.26336  -7.26452  -7.26662
  -7.26942  -7.27258  -7.27550  -7.27751  -7.27812
  -7.19928  -7.19937  -7.19918  -7.19862  -7.19805  -7.19794  -7.19867  -7.20030
  -7.20283  -7.20609  -7.20932  -7.21159  -7.21226
  -7.14752  -7.14756  -7.14744  -7.14709  -7.14667  -7.14640  -7.14651  -7.14735
  -7.14930  -7.15246  -7.15592  -7.15847  -7.15926
  -7.10624  -7.10625  -7.10621  -7.10608  -7.10582  -7.10544  -7.10503  -7.10520
  -7.10668  -7.10985  -7.11361  -7.11651  -7.11746
  -7.07469  -7.07469  -7.07468  -7.07462  -7.07441  -7.07397  -7.07335  -7.07331
  -7.07479  -7.07829  -7.08255  -7.08588  -7.08702
  -7.05110  -7.05111  -7.05108  -7.05097  -7.05071  -7.05024  -7.04966  -7.04980
  -7.05166  -7.05575  -7.06067  -7.06450  -7.06585
  -7.03527  -7.03530  -7.03522  -7.03500  -7.03463  -7.03415  -7.03375  -7.03426
  -7.03668  -7.04150  -7.04714  -7.05152  -7.05309
  -7.02641  -7.02645  -7.02633  -7.02598  -7.02550  -7.02502  -7.02481  -7.02573
  -7.02874  -7.03431  -7.04069  -7.04562  -7.04741
  -7.02273  -7.02278  -7.02262  -7.02215  -7.02155  -7.02107  -7.02106  -7.02237
  -7.02599  -7.03230  -7.03942  -7.04490  -7.04692
  -7.02411  -7.02417  -7.02396  -7.02337  -7.02266  -7.02217  -7.02235  -7.02407
  -7.02828  -7.03534  -7.04321  -7.04924  -7.05148
  -7.02965  -7.02973  -7.02947  -7.02876  -7.02793  -7.02744  -7.02782  -7.02995
  -7.03475  -7.04256  -7.05116  -7.05774  -7.06021
  -7.03953  -7.03962  -7.03932  -7.03848  -7.03754  -7.03704  -7.03762  -7.04015
  -7.04555  -7.05410  -7.06345  -7.07058  -7.07326
  -7.05208  -7.05219  -7.05184  -7.05088  -7.04982  -7.04933  -7.05010  -7.05303
  -7.05902  -7.06833  -7.07842  -7.08609  -7.08900
  -7.06803  -7.06815  -7.06775  -7.06668  -7.06550  -7.06500  -7.06597  -7.06930
  -7.07589  -7.08594  -7.09677  -7.10500  -7.10813
  -7.08619  -7.08633  -7.08589  -7.08469  -7.08340  -7.08289  -7.08406  -7.08779
  -7.09498  -7.10578  -7.11735  -7.12613  -7.12948
  -7.10679  -7.10694  -7.10645  -7.10513  -7.10372  -7.10322  -7.10458  -7.10871
  -7.11650  -7.12804  -7.14036  -7.14968  -7.15326
  -7.12901  -7.12918  -7.12864  -7.12720  -7.12568  -7.12517  -7.12673  -7.13126
  -7.13964  -7.15194  -7.16499  -7.17487  -7.17867
  -7.15243  -7.15261  -7.15203  -7.15047  -7.14883  -7.14831  -7.15007  -7.15501
  -7.16398  -7.17702  -7.19082  -7.20125  -7.20527
  -7.17849  -7.17868  -7.17805  -7.17637  -7.17461  -7.17409  -7.17605  -7.18139
  -7.19096  -7.20475  -7.21929  -7.23026  -7.23450
  -7.20482  -7.20502  -7.20435  -7.20254  -7.20067  -7.20015  -7.20230  -7.20804
  -7.21821  -7.23274  -7.24803  -7.25955  -7.26401
  -7.23284  -7.23306  -7.23234  -7.23041  -7.22842  -7.22790  -7.23025  -7.23639
  -7.24716  -7.26244  -7.27846  -7.29053  -7.29522
  -7.26201  -7.26224  -7.26148  -7.25942  -7.25732  -7.25679  -7.25933  -7.26588
  -7.27724  -7.29327  -7.31004  -7.32266  -7.32757
  -7.29243  -7.29268  -7.29187  -7.28969  -7.28747  -7.28694  -7.28968  -7.29663
  -7.30859  -7.32537  -7.34287  -7.35604  -7.36118
  -7.32422  -7.32447  -7.32362  -7.32133  -7.31899  -7.31846  -7.32139  -7.32874
  -7.34130  -7.35882  -7.37707  -7.39079  -7.39615
  -7.35556  -7.35583  -7.35493  -7.35252  -7.35006  -7.34953  -7.35266  -7.36041
  -7.37356  -7.39183  -7.41082  -7.42509  -7.43067
  -7.38828  -7.38857  -7.38763  -7.38509  -7.38252  -7.38198  -7.38530  -7.39346
  -7.40721  -7.42623  -7.44596  -7.46078  -7.46658
  -7.42251  -7.42281  -7.42182  -7.41916  -7.41648  -7.41593  -7.41946  -7.42802
  -7.44236  -7.46213  -7.48260  -7.49797  -7.50399
  -7.45593  -7.45625  -7.45521  -7.45243  -7.44963  -7.44908  -7.45280  -7.46176
  -7.47670  -7.49721  -7.51843  -7.53435  -7.54059
  -7.49080  -7.49112  -7.49004  -7.48714  -7.48422  -7.48367  -7.48759  -7.49695
  -7.51249  -7.53375  -7.55571  -7.57217  -7.57864
  -7.52724  -7.52759  -7.52646  -7.52343  -7.52040  -7.51985  -7.52396  -7.53373
  -7.54985  -7.57186  -7.59456  -7.61158  -7.61827
  -7.56225  -7.56261  -7.56143  -7.55828  -7.55514  -7.55458  -7.55889  -7.56906
  -7.58578  -7.60854  -7.63198  -7.64955  -7.65646
  -7.59860  -7.59896  -7.59775  -7.59447  -7.59121  -7.59065  -7.59515  -7.60573
  -7.62305  -7.64655  -7.67074  -7.68885  -7.69599
  -7.63639  -7.63677  -7.63551  -7.63211  -7.62873  -7.62817  -7.63287  -7.64384
  -7.66176  -7.68601  -7.71094  -7.72960  -7.73696
  -7.67366  -7.67406  -7.67275  -7.66923  -7.66574  -7.66517  -7.67007  -7.68145
  -7.69996  -7.72496  -7.75062  -7.76984  -7.77742
 ---------------------------------------------------/ Z1= 2   / DATE= 22/07/91
 -23.37675 -23.37637 -23.37669 -23.37434 -23.36479 -23.34438 -23.31462 -23.27878
 -23.22450 -23.05299 -22.63571 -21.89268 -21.01247
 -20.30103 -20.30098 -20.30162 -20.29993 -20.29185 -20.27449 -20.25110 -20.22710
 -20.19411 -20.06734 -19.73576 -19.12950 -18.40659
 -17.86328 -17.86348 -17.86430 -17.86313 -17.85646 -17.84201 -17.82428 -17.81010
 -17.79443 -17.70638 -17.45248 -16.97333 -16.39764
 -15.78781 -15.78814 -15.78895 -15.78808 -15.78265 -15.77095 -15.75784 -15.75045
 -15.74607 -15.68762 -15.49937 -15.13267 -14.68893
 -14.24642 -14.24670 -14.24728 -14.24649 -14.24212 -14.23293 -14.22316 -14.21890
 -14.21865 -14.17875 -14.04110 -13.76821 -13.43678
 -12.99140 -12.99157 -12.99183 -12.99102 -12.98757 -12.98063 -12.97318 -12.96953
 -12.96855 -12.93879 -12.83842 -12.64049 -12.40050
 -11.96658 -11.96662 -11.96667 -11.96592 -11.96335 -11.95832 -11.95257 -11.94860
 -11.94526 -11.92105 -11.84749 -11.70641 -11.53658
 -11.12090 -11.12092 -11.12097 -11.12049 -11.11877 -11.11532 -11.11098 -11.10702
 -11.10232 -11.08231 -11.02783 -10.92681 -10.80635
 -10.43890 -10.43897 -10.43915 -10.43904 -10.43808 -10.43585 -10.43267 -10.42914
 -10.42422 -10.40779 -10.36666 -10.29262 -10.20519
  -9.88273  -9.88284  -9.88315  -9.88334  -9.88294  -9.88156  -9.87929  -9.87634
  -9.87180  -9.85840  -9.82671  -9.77096  -9.70566
  -9.43180  -9.43191  -9.43224  -9.43252  -9.43240  -9.43154  -9.42988  -9.42744
  -9.42345  -9.41260  -9.38804  -9.34566  -9.29640
  -9.05948  -9.05956  -9.05982  -9.06005  -9.05999  -9.05938  -9.05810  -9.05609
  -9.05266  -9.04389  -9.02475  -8.99222  -8.95463
  -8.75203  -8.75209  -8.75225  -8.75237  -8.75227  -8.75175  -8.75070  -8.74900
  -8.74611  -8.73901  -8.72386  -8.69837  -8.66902
  -8.50031  -8.50035  -8.50045  -8.50052  -8.50039  -8.49990  -8.49897  -8.49751
  -8.49507  -8.48925  -8.47697  -8.45641  -8.43277
  -8.29328  -8.29332  -8.29346  -8.29357  -8.29349  -8.29306  -8.29222  -8.29092
  -8.28883  -8.28395  -8.27371  -8.25662  -8.23698
  -8.12263  -8.12268  -8.12284  -8.12299  -8.12297  -8.12261  -8.12187  -8.12073
  -8.11892  -8.11473  -8.10593  -8.09121  -8.07429
  -7.98297  -7.98300  -7.98307  -7.98312  -7.98304  -7.98272  -7.98213  -7.98122
  -7.97972  -7.97607  -7.96827  -7.95513  -7.93999
  -7.86967  -7.86961  -7.86941  -7.86912  -7.86880  -7.86850  -7.86813  -7.86756
  -7.86643  -7.86327  -7.85620  -7.84411  -7.83011
  -7.77989  -7.77973  -7.77920  -7.77848  -7.77786  -7.77757  -7.77746  -7.77725
  -7.77649  -7.77373  -7.76720  -7.75584  -7.74262
  -7.70553  -7.70529  -7.70454  -7.70354  -7.70275  -7.70251  -7.70262  -7.70270
  -7.70219  -7.69971  -7.69357  -7.68278  -7.67018
  -7.64782  -7.64759  -7.64685  -7.64589  -7.64518  -7.64506  -7.64531  -7.64549
  -7.64505  -7.64268  -7.63683  -7.62660  -7.61466
  -7.60380  -7.60363  -7.60309  -7.60240  -7.60194  -7.60196  -7.60225  -7.60240
  -7.60190  -7.59955  -7.59394  -7.58423  -7.57291
  -7.57025  -7.57016  -7.56989  -7.56957  -7.56940  -7.56952  -7.56974  -7.56978
  -7.56920  -7.56688  -7.56147  -7.55218  -7.54135
  -7.54516  -7.54515  -7.54512  -7.54510  -7.54513  -7.54523  -7.54529  -7.54517
  -7.54460  -7.54242  -7.53723  -7.52817  -7.51755
  -7.53018  -7.53021  -7.53031  -7.53043  -7.53048  -7.53039  -7.53019  -7.52995
  -7.52952  -7.52766  -7.52272  -7.51368  -7.50293
  -7.52143  -7.52147  -7.52162  -7.52174  -7.52169  -7.52134  -7.52087  -7.52052
  -7.52031  -7.51881  -7.51412  -7.50499  -7.49395
  -7.51856  -7.51861  -7.51875  -7.51883  -7.51866  -7.51810  -7.51741  -7.51699
  -7.51695  -7.51572  -7.51121  -7.50201  -7.49074
  -7.52288  -7.52293  -7.52306  -7.52313  -7.52291  -7.52226  -7.52148  -7.52102
  -7.52100  -7.51984  -7.51541  -7.50626  -7.49502
  -7.53018  -7.53023  -7.53036  -7.53043  -7.53022  -7.52960  -7.52884  -7.52834
  -7.52823  -7.52698  -7.52254  -7.51354  -7.50255
  -7.54363  -7.54367  -7.54381  -7.54389  -7.54372  -7.54318  -7.54249  -7.54197
  -7.54170  -7.54028  -7.53580  -7.52700  -7.51635
  -7.55909  -7.55914  -7.55927  -7.55936  -7.55925  -7.55880  -7.55818  -7.55764
  -7.55721  -7.55560  -7.55107  -7.54249  -7.53220
  -7.57840  -7.57845  -7.57858  -7.57869  -7.57863  -7.57827  -7.57772  -7.57716
  -7.57658  -7.57477  -7.57019  -7.56182  -7.55189
  -7.60206  -7.60210  -7.60223  -7.60236  -7.60234  -7.60207  -7.60160  -7.60103
  -7.60028  -7.59829  -7.59365  -7.58549  -7.57593
  -7.62525  -7.62529  -7.62542  -7.62557  -7.62560  -7.62542  -7.62502  -7.62443
  -7.62352  -7.62134  -7.61665  -7.60871  -7.59951
  -7.65170  -7.65174  -7.65187  -7.65203  -7.65210  -7.65201  -7.65170  -7.65108
  -7.65001  -7.64763  -7.64289  -7.63517  -7.62634
  -7.68194  -7.68198  -7.68211  -7.68229  -7.68242  -7.68242  -7.68217  -7.68154
  -7.68031  -7.67774  -7.67295  -7.66544  -7.65697
  -7.70997  -7.71001  -7.71015  -7.71034  -7.71052  -7.71061  -7.71044  -7.70979
  -7.70839  -7.70563  -7.70079  -7.69349  -7.68538
  -7.74232  -7.74236  -7.74249  -7.74269  -7.74292  -7.74310  -7.74301  -7.74234
  -7.74078  -7.73783  -7.73294  -7.72585  -7.71811
  -7.77469  -7.77472  -7.77486  -7.77508  -7.77536  -7.77563  -7.77561  -7.77492
  -7.77320  -7.77006  -7.76511  -7.75824  -7.75086
  -7.80688  -7.80692  -7.80704  -7.80729  -7.80760  -7.80797  -7.80803  -7.80733
  -7.80544  -7.80212  -7.79712  -7.79045  -7.78343
  -7.84164  -7.84167  -7.84181  -7.84206  -7.84243  -7.84289  -7.84301  -7.84229
  -7.84025  -7.83673  -7.83168  -7.82523  -7.81858
  -7.87615  -7.87619  -7.87632  -7.87658  -7.87701  -7.87755  -7.87776  -7.87701
  -7.87481  -7.87110  -7.86600  -7.85977  -7.85348
  -7.91364  -7.91367  -7.91381  -7.91409  -7.91456  -7.91520  -7.91548  -7.91471
  -7.91235  -7.90845  -7.90329  -7.89728  -7.89135
  -7.95078  -7.95081  -7.95095  -7.95124  -7.95177  -7.95249  -7.95284  -7.95206
  -7.94954  -7.94544  -7.94024  -7.93443  -7.92887
  -7.98716  -7.98720  -7.98733  -7.98764  -7.98822  -7.98903  -7.98946  -7.98866
  -7.98597  -7.98169  -7.97643  -7.97084  -7.96564
  -8.02549  -8.02552  -8.02566  -8.02599  -8.02661  -8.02751  -8.02802  -8.02720
  -8.02435  -8.01987  -8.01456  -8.00919  -8.00435
  -8.06399  -8.06403  -8.06416  -8.06450  -8.06518  -8.06617  -8.06675  -8.06591
  -8.06290  -8.05823  -8.05287  -8.04771  -8.04324
  -8.10237  -8.10240  -8.10253  -8.10289  -8.10361  -8.10470  -8.10535  -8.10450
  -8.10132  -8.09647  -8.09105  -8.08611  -8.08200
  -8.14146  -8.14150  -8.14163  -8.14201  -8.14278  -8.14395  -8.14468  -8.14380
  -8.14047  -8.13542  -8.12996  -8.12522  -8.12148
  -8.18111  -8.18114  -8.18127  -8.18166  -8.18248  -8.18375  -8.18456  -8.18366
  -8.18016  -8.17492  -8.16941  -8.16490  -8.16151
  -8.22113  -8.22116  -8.22130  -8.22169  -8.22257  -8.22392  -8.22480  -8.22389
  -8.22023  -8.21480  -8.20924  -8.20493  -8.20191
 ---------------------------------------------------/ Z1= 3   / DATE= 22/07/91
 -32.47237 -32.47598 -32.47632 -32.46954 -32.46056 -32.46008 -32.47571 -32.47720
 -32.40945 -32.21556 -31.82233 -31.14586 -30.12218
 -27.52870 -27.53134 -27.53128 -27.52544 -27.51784 -27.51724 -27.52974 -27.52946
 -27.46960 -27.30116 -26.95448 -26.34628 -25.41205
 -23.59688 -23.59853 -23.59804 -23.59312 -23.58693 -23.58621 -23.59557 -23.59355
 -23.54155 -23.39859 -23.09846 -22.55855 -21.71378
 -20.46724 -20.46793 -20.46701 -20.46303 -20.45822 -20.45738 -20.46362 -20.45984
 -20.41571 -20.29817 -20.04459 -19.57294 -18.81757
 -17.97470 -17.97446 -17.97319 -17.97009 -17.96663 -17.96567 -17.96889 -17.96347
 -17.92705 -17.83429 -17.62622 -17.22177 -16.55510
 -15.95468 -15.95373 -15.95222 -15.94996 -15.94766 -15.94656 -15.94711 -15.94035
 -15.91114 -15.84121 -15.67557 -15.33517 -14.75495
 -14.36856 -14.36724 -14.36569 -14.36416 -14.36275 -14.36148 -14.35992 -14.35235
 -14.32956 -14.27912 -14.15068 -13.86900 -13.37146
 -13.09474 -13.09351 -13.09224 -13.09126 -13.09035 -13.08888 -13.08602 -13.07837
 -13.06085 -13.02526 -12.92673 -12.69630 -12.27614
 -12.06753 -12.06678 -12.06602 -12.06545 -12.06471 -12.06306 -12.05968 -12.05262
 -12.03915 -12.01376 -11.93769 -11.75041 -11.40088
 -11.23508 -11.23488 -11.23468 -11.23443 -11.23378 -11.23209 -11.22871 -11.22253
 -11.21212 -11.19364 -11.13450 -10.98320 -10.69625
 -10.56703 -10.56714 -10.56728 -10.56736 -10.56697 -10.56550 -10.56235 -10.55697
 -10.54886 -10.53546 -10.48966 -10.36823 -10.13454
 -10.02919 -10.02928 -10.02952 -10.02991 -10.02998 -10.02894 -10.02607 -10.02128
 -10.01491 -10.00553  -9.97060  -9.87368  -9.68380
  -9.59517  -9.59509  -9.59528  -9.59586  -9.59634  -9.59573  -9.59317  -9.58889
  -9.58386  -9.57751  -9.55107  -9.47378  -9.31942
  -9.24413  -9.24394  -9.24403  -9.24459  -9.24515  -9.24473  -9.24249  -9.23881
  -9.23487  -9.23059  -9.21034  -9.14826  -9.02230
  -8.95861  -8.95845  -8.95846  -8.95880  -8.95907  -8.95857  -8.95665  -8.95367
  -8.95067  -8.94761  -8.93151  -8.88087  -8.77730
  -8.72816  -8.72810  -8.72806  -8.72808  -8.72793  -8.72722  -8.72560  -8.72334
  -8.72111  -8.71867  -8.70524  -8.66302  -8.57685
  -8.54212  -8.54215  -8.54209  -8.54186  -8.54135  -8.54047  -8.53916  -8.53752
  -8.53585  -8.53370  -8.52199  -8.48601  -8.41323
  -8.39254  -8.39262  -8.39258  -8.39227  -8.39170  -8.39087  -8.38984  -8.38864
  -8.38733  -8.38533  -8.37496  -8.34383  -8.28139
  -8.27165  -8.27170  -8.27168  -8.27151  -8.27115  -8.27060  -8.26983  -8.26885
  -8.26771  -8.26589  -8.25674  -8.22952  -8.17511
  -8.17587  -8.17587  -8.17588  -8.17591  -8.17588  -8.17565  -8.17508  -8.17419
  -8.17311  -8.17148  -8.16340  -8.13930  -8.09103
  -8.10018  -8.10013  -8.10016  -8.10034  -8.10054  -8.10052  -8.10005  -8.09919
  -8.09814  -8.09669  -8.08949  -8.06780  -8.02420
  -8.04144  -8.04139  -8.04143  -8.04163  -8.04188  -8.04189  -8.04144  -8.04059
  -8.03959  -8.03831  -8.03180  -8.01197  -7.97191
  -7.99568  -7.99563  -7.99567  -7.99583  -7.99601  -7.99596  -7.99548  -7.99463
  -7.99370  -7.99258  -7.98664  -7.96824  -7.93088
  -7.96257  -7.96255  -7.96257  -7.96267  -7.96276  -7.96262  -7.96208  -7.96124
  -7.96039  -7.95945  -7.95400  -7.93676  -7.90151
  -7.93930  -7.93929  -7.93930  -7.93935  -7.93935  -7.93913  -7.93855  -7.93773
  -7.93697  -7.93621  -7.93121  -7.91494  -7.88141
  -7.92445  -7.92444  -7.92445  -7.92447  -7.92441  -7.92414  -7.92353  -7.92273
  -7.92205  -7.92148  -7.91688  -7.90142  -7.86923
  -7.91721  -7.91721  -7.91721  -7.91722  -7.91716  -7.91687  -7.91625  -7.91545
  -7.91484  -7.91443  -7.91018  -7.89537  -7.86424
  -7.91721  -7.91720  -7.91721  -7.91725  -7.91722  -7.91698  -7.91636  -7.91556
  -7.91498  -7.91469  -7.91072  -7.89643  -7.86611
  -7.92082  -7.92079  -7.92081  -7.92091  -7.92096  -7.92078  -7.92017  -7.91935
  -7.91878  -7.91860  -7.91486  -7.90096  -7.87124
  -7.93181  -7.93177  -7.93180  -7.93194  -7.93208  -7.93194  -7.93133  -7.93048
  -7.92991  -7.92982  -7.92630  -7.91270  -7.88335
  -7.94310  -7.94304  -7.94308  -7.94326  -7.94341  -7.94328  -7.94263  -7.94172
  -7.94116  -7.94119  -7.93789  -7.92453  -7.89530
  -7.96257  -7.96254  -7.96257  -7.96272  -7.96284  -7.96265  -7.96190  -7.96092
  -7.96038  -7.96060  -7.95755  -7.94436  -7.91507
  -7.98297  -7.98294  -7.98296  -7.98308  -7.98312  -7.98283  -7.98197  -7.98090
  -7.98039  -7.98081  -7.97804  -7.96498  -7.93551
  -8.00612  -8.00610  -8.00612  -8.00618  -8.00614  -8.00573  -8.00474  -8.00359
  -8.00311  -8.00374  -8.00125  -7.98831  -7.95861
  -8.03152  -8.03151  -8.03151  -8.03153  -8.03140  -8.03087  -8.02976  -8.02852
  -8.02807  -8.02891  -8.02670  -8.01389  -7.98395
  -8.05948  -8.05948  -8.05948  -8.05944  -8.05923  -8.05858  -8.05734  -8.05601
  -8.05559  -8.05665  -8.05472  -8.04203  -8.01186
  -8.08884  -8.08885  -8.08884  -8.08875  -8.08845  -8.08769  -8.08632  -8.08490
  -8.08451  -8.08578  -8.08413  -8.07157  -8.04117
  -8.11976  -8.11979  -8.11977  -8.11963  -8.11924  -8.11836  -8.11686  -8.11536
  -8.11500  -8.11648  -8.11511  -8.10267  -8.07204
  -8.15243  -8.15247  -8.15244  -8.15226  -8.15177  -8.15078  -8.14915  -8.14757
  -8.14724  -8.14893  -8.14784  -8.13552  -8.10466
  -8.18575  -8.18581  -8.18576  -8.18553  -8.18496  -8.18385  -8.18209  -8.18042
  -8.18012  -8.18203  -8.18122  -8.16903  -8.13793
  -8.22040  -8.22046  -8.22041  -8.22012  -8.21946  -8.21824  -8.21635  -8.21460
  -8.21433  -8.21644  -8.21592  -8.20385  -8.17252
  -8.25571  -8.25579  -8.25573  -8.25539  -8.25464  -8.25330  -8.25129  -8.24945
  -8.24921  -8.25154  -8.25129  -8.23935  -8.20778
  -8.29243  -8.29251  -8.29244  -8.29206  -8.29122  -8.28976  -8.28763  -8.28569
  -8.28549  -8.28803  -8.28806  -8.27624  -8.24444
  -8.32883  -8.32893  -8.32885  -8.32842  -8.32749  -8.32591  -8.32365  -8.32163
  -8.32146  -8.32421  -8.32452  -8.31282  -8.28079
  -8.36653  -8.36664  -8.36655  -8.36607  -8.36505  -8.36337  -8.36097  -8.35886
  -8.35872  -8.36168  -8.36228  -8.35070  -8.31844
  -8.40450  -8.40462  -8.40452  -8.40399  -8.40288  -8.40108  -8.39856  -8.39636
  -8.39625  -8.39943  -8.40030  -8.38885  -8.35636
  -8.44370  -8.44383  -8.44372  -8.44314  -8.44194  -8.44002  -8.43737  -8.43509
  -8.43501  -8.43840  -8.43955  -8.42823  -8.39550
  -8.48280  -8.48295  -8.48283  -8.48220  -8.48091  -8.47888  -8.47610  -8.47373
  -8.47369  -8.47728  -8.47872  -8.46751  -8.43455
  -8.52288  -8.52303  -8.52290  -8.52223  -8.52085  -8.51870  -8.51579  -8.51334
  -8.51332  -8.51713  -8.51885  -8.50777  -8.47458
  -8.56225  -8.56242  -8.56228  -8.56155  -8.56009  -8.55782  -8.55479  -8.55225
  -8.55226  -8.55628  -8.55828  -8.54732  -8.51390
  -8.60380  -8.60398  -8.60383  -8.60305  -8.60150  -8.59912  -8.59595  -8.59333
  -8.59337  -8.59760  -8.59988  -8.58905  -8.55539
 ---------------------------------------------------/ Z1= 4   / DATE= 22/07/91
 -48.07623 -48.07957 -48.08061 -48.07269 -48.05157 -48.03218 -48.03830 -48.08173
 -48.08076 -47.91003 -47.45653 -46.70471 -45.68452
 -40.01503 -40.01810 -40.01910 -40.01201 -39.99300 -39.97537 -39.98058 -40.01915
 -40.01762 -39.86328 -39.45386 -38.76962 -37.82944
 -33.60555 -33.60832 -33.60930 -33.60304 -33.58611 -33.57028 -33.57455 -33.60828
 -33.60620 -33.46825 -33.10291 -32.48628 -31.62611
 -28.50864 -28.51114 -28.51208 -28.50667 -28.49181 -28.47778 -28.48114 -28.51001
 -28.50737 -28.38580 -28.06453 -27.51552 -26.73537
 -24.45470 -24.45692 -24.45786 -24.45328 -24.44048 -24.42827 -24.43068 -24.45470
 -24.45151 -24.34633 -24.06914 -23.58771 -22.88756
 -21.22914 -21.23109 -21.23198 -21.22823 -21.21753 -21.20709 -21.20860 -21.22775
 -21.22401 -21.13522 -20.90210 -20.48828 -19.86815
 -18.66354 -18.66522 -18.66608 -18.66316 -18.65453 -18.64587 -18.64647 -18.66081
 -18.65652 -18.58400 -18.39462 -18.04797 -17.50749
 -16.56703 -16.56842 -16.56921 -16.56706 -16.56039 -16.55348 -16.55324 -16.56306
 -16.55829 -16.50124 -16.35341 -16.07103 -15.60782
 -14.94310 -14.94419 -14.94486 -14.94335 -14.93846 -14.93314 -14.93227 -14.93817
 -14.93306 -14.88978 -14.77900 -14.55493 -14.16411
 -13.64016 -13.64092 -13.64139 -13.64035 -13.63692 -13.63301 -13.63179 -13.63467
 -13.62941 -13.59739 -13.51684 -13.34208 -13.01624
 -12.59176 -12.59217 -12.59235 -12.59155 -12.58922 -12.58647 -12.58522 -12.58619
 -12.58104 -12.55715 -12.49842 -12.36177 -12.09156
 -11.74473 -11.74483 -11.74473 -11.74404 -11.74247 -11.74062 -11.73953 -11.73945
 -11.73458 -11.71630 -11.67251 -11.56443 -11.34081
 -11.06449 -11.06442 -11.06417 -11.06356 -11.06250 -11.06126 -11.06033 -11.05967
 -11.05519 -11.04089 -11.00759 -10.92122 -10.73616
 -10.51856 -10.51850 -10.51829 -10.51785 -10.51712 -10.51620 -10.51529 -10.51420
 -10.51013 -10.49899 -10.47376 -10.40462 -10.25110
 -10.07883 -10.07887 -10.07881 -10.07856 -10.07804 -10.07727 -10.07627 -10.07488
 -10.07123 -10.06262 -10.04371  -9.98825  -9.86031
  -9.72354  -9.72363  -9.72370  -9.72360  -9.72322  -9.72252  -9.72147  -9.71992
  -9.71668  -9.71005  -9.69589  -9.65114  -9.54391
  -9.43771  -9.43769  -9.43775  -9.43771  -9.43744  -9.43683  -9.43584  -9.43430
  -9.43148  -9.42631  -9.41558  -9.37908  -9.28871
  -9.20691  -9.20673  -9.20668  -9.20662  -9.20640  -9.20591  -9.20504  -9.20363
  -9.20120  -9.19710  -9.18873  -9.15848  -9.08172
  -9.02091  -9.02063  -9.02047  -9.02032  -9.02009  -9.01966  -9.01890  -9.01768
  -9.01562  -9.01228  -9.00550  -8.97993  -8.91404
  -8.86967  -8.86954  -8.86935  -8.86908  -8.86873  -8.86824  -8.86752  -8.86645
  -8.86472  -8.86196  -8.85628  -8.83424  -8.77700
  -8.75203  -8.75234  -8.75224  -8.75186  -8.75131  -8.75062  -8.74979  -8.74879
  -8.74734  -8.74506  -8.74024  -8.72099  -8.67064
  -8.65561  -8.65624  -8.65633  -8.65596  -8.65524  -8.65428  -8.65326  -8.65226
  -8.65105  -8.64919  -8.64509  -8.62806  -8.58314
  -8.58004  -8.58037  -8.58065  -8.58056  -8.57985  -8.57870  -8.57746  -8.57643
  -8.57541  -8.57394  -8.57048  -8.55524  -8.51455
  -8.52143  -8.52063  -8.52103  -8.52150  -8.52108  -8.51988  -8.51849  -8.51744
  -8.51658  -8.51544  -8.51257  -8.49881  -8.46142
  -8.47625  -8.47477  -8.47513  -8.47586  -8.47568  -8.47460  -8.47327  -8.47226
  -8.47148  -8.47057  -8.46819  -8.45566  -8.42084
  -8.44249  -8.44245  -8.44256  -8.44252  -8.44206  -8.44127  -8.44035  -8.43950
  -8.43870  -8.43780  -8.43575  -8.42420  -8.39147
  -8.41908  -8.42365  -8.42327  -8.42096  -8.41947  -8.41908  -8.41899  -8.41848
  -8.41750  -8.41636  -8.41440  -8.40366  -8.37269
  -8.40230  -8.41297  -8.41200  -8.40676  -8.40385  -8.40392  -8.40484  -8.40470
  -8.40346  -8.40194  -8.39997  -8.38987  -8.36045
  -8.39362  -8.40926  -8.40783  -8.40022  -8.39619  -8.39664  -8.39837  -8.39849
  -8.39697  -8.39509  -8.39314  -8.38365  -8.35553
  -8.39041  -8.40737  -8.40582  -8.39761  -8.39338  -8.39404  -8.39602  -8.39611
  -8.39437  -8.39234  -8.39057  -8.38171  -8.35468
  -8.39254  -8.40555  -8.40434  -8.39808  -8.39495  -8.39559  -8.39705  -8.39672
  -8.39485  -8.39298  -8.39168  -8.38351  -8.35738
  -8.40012  -8.40631  -8.40569  -8.40274  -8.40144  -8.40191  -8.40241  -8.40146
  -8.39954  -8.39803  -8.39732  -8.38987  -8.36447
  -8.41117  -8.41124  -8.41115  -8.41117  -8.41151  -8.41181  -8.41144  -8.40992
  -8.40795  -8.40676  -8.40659  -8.39977  -8.37496
  -8.42597  -8.42343  -8.42355  -8.42485  -8.42591  -8.42617  -8.42543  -8.42361
  -8.42154  -8.42047  -8.42063  -8.41428  -8.38998
  -8.44491  -8.44275  -8.44281  -8.44393  -8.44495  -8.44528  -8.44460  -8.44269
  -8.44049  -8.43936  -8.43968  -8.43367  -8.40981
  -8.46597  -8.46570  -8.46560  -8.46581  -8.46638  -8.46683  -8.46641  -8.46456
  -8.46219  -8.46092  -8.46130  -8.45557  -8.43211
  -8.48946  -8.49137  -8.49107  -8.49022  -8.49028  -8.49088  -8.49076  -8.48897
  -8.48642  -8.48499  -8.48542  -8.47997  -8.45691
  -8.51570  -8.51981  -8.51930  -8.51740  -8.51694  -8.51766  -8.51786  -8.51612
  -8.51342  -8.51183  -8.51231  -8.50712  -8.48445
  -8.54363  -8.54992  -8.54921  -8.54626  -8.54529  -8.54614  -8.54664  -8.54497
  -8.54210  -8.54035  -8.54089  -8.53596  -8.51369
  -8.57349  -8.58197  -8.58105  -8.57705  -8.57556  -8.57655  -8.57736  -8.57574
  -8.57271  -8.57081  -8.57139  -8.56673  -8.54486
  -8.60380  -8.61447  -8.61335  -8.60830  -8.60629  -8.60741  -8.60853  -8.60697
  -8.60378  -8.60171  -8.60235  -8.59796  -8.57648
  -8.63639  -8.64924  -8.64792  -8.64182  -8.63929  -8.64055  -8.64197  -8.64048
  -8.63712  -8.63489  -8.63558  -8.63145  -8.61038
  -8.66959  -8.68462  -8.68310  -8.67594  -8.67290  -8.67429  -8.67603  -8.67459
  -8.67107  -8.66868  -8.66942  -8.66556  -8.64488
  -8.70333  -8.72056  -8.71883  -8.71062  -8.70706  -8.70858  -8.71062  -8.70926
  -8.70557  -8.70302  -8.70380  -8.70022  -8.67994
  -8.73993  -8.75933  -8.75740  -8.74814  -8.74407  -8.74573  -8.74808  -8.74676
  -8.74291  -8.74020  -8.74104  -8.73772  -8.71784
  -8.77728  -8.79886  -8.79673  -8.78642  -8.78183  -8.78362  -8.78628  -8.78502
  -8.78101  -8.77814  -8.77903  -8.77598  -8.75649
  -8.81248  -8.83625  -8.83391  -8.82255  -8.81744  -8.81937  -8.82233  -8.82114
  -8.81696  -8.81393  -8.81487  -8.81209  -8.79300
  -8.85078  -8.87673  -8.87419  -8.86178  -8.85616  -8.85822  -8.86149  -8.86036
  -8.85601  -8.85283  -8.85382  -8.85130  -8.83261
  -8.88941  -8.91755  -8.91481  -8.90135  -8.89521  -8.89740  -8.90098  -8.89991
  -8.89540  -8.89205  -8.89309  -8.89084  -8.87255
  -8.92812  -8.95844  -8.95549  -8.94098  -8.93433  -8.93665  -8.94054  -8.93953
  -8.93485  -8.93135  -8.93244  -8.93046  -8.91256
  -8.96658  -8.99909  -8.99594  -8.98038  -8.97321  -8.97566  -8.97986  -8.97891
  -8.97407  -8.97040  -8.97155  -8.96983  -8.95233
 ---------------------------------------------------/ Z1= 5   / DATE= 22/07/91
 -58.73993 -58.74380 -58.75078 -58.75206 -58.73744 -58.70694 -58.69034 -58.72272
 -58.79407 -58.76308 -58.46477 -57.79813 -56.84824
 -48.57840 -48.58197 -48.58846 -48.58963 -48.57593 -48.54735 -48.53163 -48.56145
 -48.62737 -48.59720 -48.31665 -47.69058 -46.79579
 -40.48946 -40.49274 -40.49875 -40.49979 -40.48703 -40.46039 -40.44554 -40.47281
 -40.53328 -40.50391 -40.24115 -39.65565 -38.81598
 -34.05899 -34.06198 -34.06749 -34.06844 -34.05658 -34.03186 -34.01793 -34.04263
 -34.09764 -34.06911 -33.82411 -33.27919 -32.49461
 -28.94691 -28.94963 -28.95465 -28.95547 -28.94455 -28.92175 -28.90869 -28.93085
 -28.98042 -28.95270 -28.72548 -28.22113 -27.49164
 -24.87943 -24.88184 -24.88637 -24.88708 -24.87708 -24.85622 -24.84404 -24.86365
 -24.90776 -24.88084 -24.67140 -24.20764 -23.53325
 -21.64206 -21.64418 -21.64822 -21.64883 -21.63974 -21.62080 -21.60951 -21.62657
 -21.66524 -21.63913 -21.44746 -21.02428 -20.40498
 -19.06956 -19.07138 -19.07495 -19.07544 -19.06728 -19.05025 -19.03986 -19.05435
 -19.08759 -19.06229 -18.88840 -18.50577 -17.94159
 -16.97061 -16.97214 -16.97522 -16.97560 -16.96835 -16.95325 -16.94374 -16.95572
 -16.98355 -16.95912 -16.80293 -16.46072 -15.95143
 -15.34486 -15.34612 -15.34874 -15.34903 -15.34267 -15.32942 -15.32080 -15.33043
 -15.35326 -15.32988 -15.19107 -14.88823 -14.43267
 -14.03858 -14.03962 -14.04185 -14.04206 -14.03654 -14.02502 -14.01729 -14.02493
 -14.04347 -14.02157 -13.89948 -13.63396 -13.22982
 -12.99140 -12.99230 -12.99423 -12.99441 -12.98963 -12.97964 -12.97281 -12.97902
 -12.99433 -12.97455 -12.86819 -12.63692 -12.28071
 -12.14207 -12.14290 -12.14462 -12.14481 -12.14068 -12.13200 -12.12606 -12.13146
 -12.14484 -12.12788 -12.03596 -11.83512 -11.52242
 -11.46471 -11.46552 -11.46708 -11.46731 -11.46375 -11.45619 -11.45111 -11.45613
 -11.46842 -11.45457 -11.37564 -11.20156 -10.92778
 -10.92082 -10.92159 -10.92303 -10.92328 -10.92019 -10.91364 -10.90937 -10.91417
 -10.92563 -10.91463 -10.84719 -10.69658 -10.45709
 -10.48678 -10.48747 -10.48874 -10.48897 -10.48633 -10.48072 -10.47718 -10.48165
 -10.49213 -10.48332 -10.42576 -10.29569 -10.08596
 -10.13608 -10.13666 -10.13773 -10.13792 -10.13566 -10.13089 -10.12797 -10.13205
 -10.14138 -10.13419 -10.08506  -9.97284  -9.78875
  -9.85387  -9.85433  -9.85518  -9.85529  -9.85333  -9.84929  -9.84688  -9.85052
  -9.85869  -9.85270  -9.81075  -9.71394  -9.55187
  -9.62525  -9.62560  -9.62624  -9.62624  -9.62450  -9.62103  -9.61901  -9.62220
  -9.62930  -9.62428  -9.58843  -9.50482  -9.36161
  -9.44129  -9.44154  -9.44200  -9.44189  -9.44031  -9.43729  -9.43556  -9.43833
  -9.44447  -9.44021  -9.40953  -9.33715  -9.21000
  -9.29158  -9.29177  -9.29208  -9.29187  -9.29043  -9.28779  -9.28629  -9.28867
  -9.29395  -9.29031  -9.26397  -9.20108  -9.08752
  -9.17005  -9.17018  -9.17039  -9.17015  -9.16885  -9.16656  -9.16526  -9.16731
  -9.17183  -9.16866  -9.14596  -9.09107  -8.98897
  -9.07058  -9.07069  -9.07085  -9.07063  -9.06951  -9.06756  -9.06647  -9.06824
  -9.07211  -9.06931  -9.04965  -9.00149  -8.90904
  -8.99140  -8.99150  -8.99165  -8.99148  -8.99055  -8.98892  -8.98802  -8.98955
  -8.99283  -8.99030  -8.97315  -8.93062  -8.84627
  -8.92445  -8.92454  -8.92468  -8.92455  -8.92379  -8.92242  -8.92168  -8.92297
  -8.92570  -8.92332  -8.90823  -8.87040  -8.79285
  -8.87290  -8.87298  -8.87309  -8.87298  -8.87232  -8.87115  -8.87049  -8.87154
  -8.87374  -8.87143  -8.85800  -8.82409  -8.75226
  -8.82974  -8.82980  -8.82988  -8.82976  -8.82918  -8.82818  -8.82759  -8.82842
  -8.83015  -8.82784  -8.81576  -8.78510  -8.71811
  -8.79588  -8.79593  -8.79599  -8.79588  -8.79539  -8.79453  -8.79403  -8.79470
  -8.79607  -8.79380  -8.78286  -8.75490  -8.69194
  -8.77211  -8.77215  -8.77221  -8.77214  -8.77176  -8.77108  -8.77069  -8.77131
  -8.77246  -8.77030  -8.76034  -8.73464  -8.67508
  -8.75449  -8.75453  -8.75461  -8.75460  -8.75433  -8.75383  -8.75359  -8.75418
  -8.75515  -8.75309  -8.74402  -8.72033  -8.66376
  -8.74473  -8.74477  -8.74485  -8.74487  -8.74471  -8.74438  -8.74426  -8.74478
  -8.74550  -8.74346  -8.73520  -8.71345  -8.65969
  -8.73993  -8.73996  -8.74001  -8.74003  -8.73994  -8.73975  -8.73969  -8.74001
  -8.74029  -8.73809  -8.73061  -8.71091  -8.66004
  -8.73993  -8.73992  -8.73990  -8.73985  -8.73978  -8.73970  -8.73962  -8.73958
  -8.73915  -8.73658  -8.72986  -8.71246  -8.66467
  -8.74473  -8.74468  -8.74456  -8.74443  -8.74436  -8.74434  -8.74420  -8.74373
  -8.74250  -8.73949  -8.73353  -8.71850  -8.67378
  -8.75203  -8.75195  -8.75178  -8.75160  -8.75153  -8.75157  -8.75137  -8.75052
  -8.74862  -8.74528  -8.74008  -8.72724  -8.68527
  -8.76447  -8.76439  -8.76421  -8.76404  -8.76401  -8.76411  -8.76388  -8.76281
  -8.76052  -8.75709  -8.75268  -8.74169  -8.70191
  -8.77989  -8.77982  -8.77969  -8.77958  -8.77962  -8.77977  -8.77955  -8.77837
  -8.77592  -8.77261  -8.76897  -8.75958  -8.72158
  -8.79860  -8.79856  -8.79849  -8.79847  -8.79859  -8.79881  -8.79860  -8.79737
  -8.79487  -8.79177  -8.78892  -8.78099  -8.74457
  -8.82102  -8.82101  -8.82100  -8.82107  -8.82128  -8.82156  -8.82137  -8.82011
  -8.81757  -8.81469  -8.81264  -8.80614  -8.77126
  -8.84466  -8.84468  -8.84475  -8.84490  -8.84520  -8.84554  -8.84537  -8.84407
  -8.84150  -8.83885  -8.83758  -8.83253  -8.79918
  -8.86967  -8.86973  -8.86986  -8.87011  -8.87049  -8.87089  -8.87074  -8.86941
  -8.86679  -8.86437  -8.86390  -8.86028  -8.82848
  -8.89620  -8.89628  -8.89649  -8.89682  -8.89729  -8.89775  -8.89762  -8.89625
  -8.89360  -8.89140  -8.89172  -8.88954  -8.85928
  -8.92445  -8.92456  -8.92483  -8.92526  -8.92581  -8.92633  -8.92623  -8.92482
  -8.92213  -8.92016  -8.92127  -8.92052  -8.89181
  -8.95468  -8.95482  -8.95517  -8.95568  -8.95632  -8.95690  -8.95681  -8.95537
  -8.95265  -8.95090  -8.95280  -8.95350  -8.92632
  -8.98716  -8.98733  -8.98774  -8.98834  -8.98907  -8.98971  -8.98964  -8.98816
  -8.98540  -8.98389  -8.98657  -8.98870  -8.96307
  -9.01954  -9.01975  -9.02022  -9.02091  -9.02173  -9.02243  -9.02239  -9.02087
  -9.01807  -9.01678  -9.02026  -9.02383  -8.99973
  -9.05355  -9.05378  -9.05432  -9.05510  -9.05600  -9.05677  -9.05674  -9.05519
  -9.05236  -9.05129  -9.05556  -9.06057  -9.03801
  -9.08778  -9.08804  -9.08866  -9.08953  -9.09051  -9.09134  -9.09133  -9.08975
  -9.08688  -9.08604  -9.09110  -9.09754  -9.07653
  -9.12321  -9.12350  -9.12419  -9.12514  -9.12621  -9.12711  -9.12712  -9.12549
  -9.12259  -9.12197  -9.12782  -9.13570  -9.11624
  -9.15927  -9.15958  -9.16034  -9.16139  -9.16254  -9.16349  -9.16353  -9.16187
  -9.15892  -9.15854  -9.16517  -9.17450  -9.15657
  -9.19586  -9.19621  -9.19703  -9.19817  -9.19941  -9.20042  -9.20048  -9.19878
  -9.19580  -9.19564  -9.20307  -9.21383  -9.19744
 ---------------------------------------------------/ Z1= 6   / DATE= 22/07/91
 -74.51144 -74.51144 -74.51144 -74.51144 -74.51144 -74.51144 -74.51144 -74.51144
 -74.51144 -74.51144 -74.51144 -74.51144 -74.51144
 -74.66154 -74.66154 -74.66154 -74.66154 -74.66154 -74.66154 -74.66154 -74.66154
 -74.66154 -74.66154 -74.66154 -74.66154 -74.66154
 -74.81248 -74.81248 -74.81248 -74.81248 -74.81248 -74.81248 -74.81248 -74.81248
 -74.81248 -74.81248 -74.81248 -74.81248 -74.81248
 -74.96257 -74.96257 -74.96257 -74.96257 -74.96257 -74.96257 -74.96257 -74.96257
 -74.96257 -74.96257 -74.96257 -74.96257 -74.96257
 -75.11182 -75.11182 -75.11182 -75.11182 -75.11182 -75.11182 -75.11182 -75.11182
 -75.11182 -75.11182 -75.11182 -75.11182 -75.11182
 -75.26201 -75.26201 -75.26201 -75.26201 -75.26201 -75.26201 -75.26201 -75.26201
 -75.26201 -75.26201 -75.26201 -75.26201 -75.26201
 -75.41229 -75.41229 -75.41229 -75.41229 -75.41229 -75.41229 -75.41229 -75.41229
 -75.41229 -75.41229 -75.41229 -75.41229 -75.41229
 -65.81248 -65.81230 -65.81145 -65.81029 -65.80977 -65.81056 -65.80980 -65.80132
 -65.77936 -65.74634 -65.71173 -65.67871 -65.53142
 -54.37059 -54.37038 -54.36940 -54.36813 -54.36766 -54.36893 -54.36888 -54.36108
 -54.33948 -54.30756 -54.27710 -54.25381 -54.12752
 -45.27655 -45.27632 -45.27522 -45.27382 -45.27342 -45.27513 -45.27583 -45.26872
 -45.24745 -45.21661 -45.19032 -45.17677 -45.07147
 -38.04721 -38.04695 -38.04573 -38.04419 -38.04385 -38.04602 -38.04747 -38.04103
 -38.02010 -37.99037 -37.96823 -37.96443 -37.88013
 -32.29930 -32.29901 -32.29767 -32.29601 -32.29575 -32.29836 -32.30054 -32.29478
 -32.27419 -32.24556 -32.22758 -32.23351 -32.17020
 -27.72816 -27.72786 -27.72639 -27.72459 -27.72441 -27.72748 -27.73039 -27.72533
 -27.70506 -27.67754 -27.66373 -27.67938 -27.63708
 -24.09312 -24.09279 -24.09119 -24.08928 -24.08914 -24.09267 -24.09633 -24.09192
 -24.07201 -24.04558 -24.03592 -24.06129 -24.03996
 -21.20204 -21.20168 -21.19998 -21.19795 -21.19789 -21.20181 -21.20613 -21.20239
 -21.18291 -21.15765 -21.15196 -21.18639 -21.18492
 -18.90309 -18.90273 -18.90096 -18.89888 -18.89886 -18.90303 -18.90781 -18.90463
 -18.88580 -18.86195 -18.85970 -18.90115 -18.91624
 -17.01054 -17.01018 -17.00844 -17.00639 -17.00641 -17.01056 -17.01544 -17.01271
 -16.99493 -16.97285 -16.97313 -17.01822 -17.04434
 -15.55129 -15.55094 -15.54932 -15.54741 -15.54742 -15.55132 -15.55592 -15.55350
 -15.53714 -15.51719 -15.51902 -15.56415 -15.59545
 -14.37469 -14.37437 -14.37292 -14.37122 -14.37123 -14.37474 -14.37884 -14.37660
 -14.36183 -14.34410 -14.34673 -14.38959 -14.42207
 -13.42481 -13.42454 -13.42330 -13.42186 -13.42191 -13.42499 -13.42852 -13.42639
 -13.41314 -13.39748 -13.40043 -13.43997 -13.47166
 -12.65956 -12.65933 -12.65832 -12.65715 -12.65728 -12.65997 -12.66295 -12.66088
 -12.64900 -12.63514 -12.63813 -12.67410 -12.70423
 -12.04528 -12.04511 -12.04431 -12.04341 -12.04362 -12.04597 -12.04847 -12.04646
 -12.03582 -12.02357 -12.02642 -12.05878 -12.08683
 -11.55129 -11.55115 -11.55053 -11.54986 -11.55013 -11.55219 -11.55429 -11.55241
 -11.54296 -11.53219 -11.53485 -11.56367 -11.58933
 -11.15243 -11.15233 -11.15182 -11.15130 -11.15159 -11.15342 -11.15524 -11.15358
 -11.14532 -11.13597 -11.13848 -11.16403 -11.18719
 -10.82974 -10.82965 -10.82921 -10.82875 -10.82902 -10.83066 -10.83232 -10.83097
 -10.82389 -10.81590 -10.81833 -10.84096 -10.86168
 -10.56703 -10.56694 -10.56653 -10.56610 -10.56633 -10.56781 -10.56937 -10.56833
 -10.56232 -10.55554 -10.55792 -10.57803 -10.59656
 -10.35556 -10.35548 -10.35509 -10.35469 -10.35488 -10.35622 -10.35768 -10.35689
 -10.35172 -10.34589 -10.34820 -10.36625 -10.38297
 -10.18310 -10.18303 -10.18267 -10.18230 -10.18247 -10.18370 -10.18505 -10.18438
 -10.17980 -10.17464 -10.17683 -10.19320 -10.20854
 -10.04431 -10.04425 -10.04392 -10.04358 -10.04375 -10.04487 -10.04612 -10.04552
 -10.04133 -10.03660 -10.03857 -10.05350 -10.06771
  -9.93181  -9.93174  -9.93144  -9.93113  -9.93129  -9.93235  -9.93352  -9.93295
  -9.92902  -9.92452  -9.92615  -9.93973  -9.95288
  -9.84466  -9.84460  -9.84431  -9.84401  -9.84417  -9.84519  -9.84631  -9.84578
  -9.84202  -9.83763  -9.83884  -9.85108  -9.86317
  -9.77211  -9.77205  -9.77177  -9.77149  -9.77163  -9.77261  -9.77369  -9.77319
  -9.76959  -9.76529  -9.76609  -9.77707  -9.78810
  -9.71897  -9.71892  -9.71865  -9.71838  -9.71852  -9.71944  -9.72046  -9.71998
  -9.71657  -9.71244  -9.71295  -9.72282  -9.73283
  -9.67572  -9.67567  -9.67544  -9.67519  -9.67531  -9.67614  -9.67706  -9.67660
  -9.67346  -9.66967  -9.67012  -9.67909  -9.68814
  -9.64589  -9.64584  -9.64564  -9.64543  -9.64554  -9.64624  -9.64701  -9.64657
  -9.64379  -9.64050  -9.64109  -9.64939  -9.65757
  -9.62525  -9.62521  -9.62504  -9.62486  -9.62495  -9.62555  -9.62618  -9.62576
  -9.62332  -9.62053  -9.62132  -9.62911  -9.63657
  -9.61083  -9.61080  -9.61065  -9.61049  -9.61057  -9.61110  -9.61166  -9.61127
  -9.60908  -9.60662  -9.60752  -9.61490  -9.62186
  -9.60555  -9.60552  -9.60537  -9.60522  -9.60529  -9.60581  -9.60636  -9.60601
  -9.60394  -9.60161  -9.60246  -9.60949  -9.61616
  -9.60555  -9.60552  -9.60537  -9.60521  -9.60529  -9.60582  -9.60640  -9.60609
  -9.60407  -9.60174  -9.60247  -9.60919  -9.61566
  -9.61083  -9.61080  -9.61065  -9.61049  -9.61057  -9.61111  -9.61171  -9.61143
  -9.60945  -9.60711  -9.60772  -9.61413  -9.62040
  -9.61979  -9.61976  -9.61961  -9.61945  -9.61953  -9.62006  -9.62066  -9.62040
  -9.61846  -9.61616  -9.61668  -9.62278  -9.62878
  -9.63451  -9.63448  -9.63433  -9.63418  -9.63425  -9.63477  -9.63535  -9.63509
  -9.63322  -9.63098  -9.63143  -9.63722  -9.64291
  -9.65170  -9.65167  -9.65153  -9.65139  -9.65146  -9.65195  -9.65249  -9.65224
  -9.65044  -9.64828  -9.64867  -9.65415  -9.65951
  -9.67162  -9.67159  -9.67146  -9.67132  -9.67139  -9.67185  -9.67236  -9.67210
  -9.67037  -9.66830  -9.66864  -9.67381  -9.67883
  -9.69465  -9.69462  -9.69450  -9.69437  -9.69443  -9.69486  -9.69533  -9.69508
  -9.69342  -9.69143  -9.69173  -9.69658  -9.70126
  -9.72125  -9.72122  -9.72111  -9.72099  -9.72105  -9.72145  -9.72188  -9.72162
  -9.72004  -9.71814  -9.71839  -9.72293  -9.72726
  -9.74958  -9.74955  -9.74945  -9.74934  -9.74939  -9.74976  -9.75016  -9.74990
  -9.74839  -9.74658  -9.74678  -9.75100  -9.75499
  -9.77728  -9.77726  -9.77716  -9.77706  -9.77711  -9.77745  -9.77780  -9.77754
  -9.77611  -9.77438  -9.77454  -9.77845  -9.78209
  -9.80688  -9.80686  -9.80678  -9.80667  -9.80673  -9.80704  -9.80735  -9.80710
  -9.80573  -9.80409  -9.80420  -9.80780  -9.81110
  -9.83863  -9.83862  -9.83854  -9.83845  -9.83850  -9.83878  -9.83906  -9.83879
  -9.83750  -9.83595  -9.83601  -9.83930  -9.84225
  -9.87290  -9.87289  -9.87281  -9.87274  -9.87278  -9.87303  -9.87327  -9.87301
  -9.87179  -9.87032  -9.87034  -9.87331  -9.87592
 ---------------------------------------------------/ Z1= 7   / DATE= 22/07/91
 -74.75696 -74.75696 -74.75696 -74.75696 -74.75696 -74.75696 -74.75696 -74.75696
 -74.75696 -74.75696 -74.75696 -74.75696 -74.75696
 -74.90659 -74.90659 -74.90659 -74.90659 -74.90659 -74.90659 -74.90659 -74.90659
 -74.90659 -74.90659 -74.90659 -74.90659 -74.90659
 -75.05551 -75.05551 -75.05551 -75.05551 -75.05551 -75.05551 -75.05551 -75.05551
 -75.05551 -75.05551 -75.05551 -75.05551 -75.05551
 -75.20551 -75.20551 -75.20551 -75.20551 -75.20551 -75.20551 -75.20551 -75.20551
 -75.20551 -75.20551 -75.20551 -75.20551 -75.20551
 -75.35556 -75.35556 -75.35556 -75.35556 -75.35556 -75.35556 -75.35556 -75.35556
 -75.35556 -75.35556 -75.35556 -75.35556 -75.35556
 -75.50584 -75.50584 -75.50584 -75.50584 -75.50584 -75.50584 -75.50584 -75.50584
 -75.50584 -75.50584 -75.50584 -75.50584 -75.50584
 -75.65561 -75.65561 -75.65561 -75.65561 -75.65561 -75.65561 -75.65561 -75.65561
 -75.65561 -75.65561 -75.65561 -75.65561 -75.65561
 -75.80687 -75.80687 -75.80687 -75.80687 -75.80687 -75.80687 -75.80687 -75.80687
 -75.80687 -75.80687 -75.80687 -75.80687 -75.80687
 -63.94691 -63.94682 -63.94771 -63.94948 -63.95032 -63.94809 -63.94084 -63.92705
 -63.90535 -63.87100 -63.80864 -63.70087 -63.49870
 -52.96257 -52.96249 -52.96323 -52.96469 -52.96541 -52.96362 -52.95752 -52.94521
 -52.92476 -52.89182 -52.83440 -52.73903 -52.56052
 -44.23582 -44.23576 -44.23634 -44.23750 -44.23810 -44.23674 -44.23181 -44.22098
 -44.20178 -44.17024 -44.11775 -44.03476 -43.87991
 -37.29758 -37.29753 -37.29796 -37.29883 -37.29929 -37.29836 -37.29459 -37.28523
 -37.26727 -37.23715 -37.18961 -37.11902 -36.98779
 -31.77989 -31.77986 -31.78015 -31.78070 -31.78105 -31.78053 -31.77795 -31.77007
 -31.75336 -31.72466 -31.68202 -31.62386 -31.51628
 -27.39470 -27.39468 -27.39481 -27.39508 -27.39528 -27.39520 -27.39377 -27.38739
 -27.37192 -27.34462 -27.30693 -27.26114 -27.17723
 -23.90659 -23.90659 -23.90656 -23.90652 -23.90662 -23.90697 -23.90669 -23.90178
 -23.88756 -23.86166 -23.82892 -23.79553 -23.73526
 -21.13371 -21.13374 -21.13356 -21.13324 -21.13319 -21.13396 -21.13484 -21.13138
 -21.11838 -21.09389 -21.06602 -21.04478 -21.00775
 -18.93181 -18.93184 -18.93152 -18.93092 -18.93076 -18.93188 -18.93379 -18.93164
 -18.91980 -18.89667 -18.87329 -18.86313 -18.84727
 -17.11014 -17.11018 -17.10976 -17.10893 -17.10866 -17.11005 -17.11273 -17.11165
 -17.10083 -17.07898 -17.05939 -17.05820 -17.05966
 -15.70774 -15.70780 -15.70729 -15.70629 -15.70591 -15.70743 -15.71060 -15.71025
 -15.70026 -15.67959 -15.66292 -15.66798 -15.68173
 -14.58503 -14.58509 -14.58454 -14.58345 -14.58299 -14.58455 -14.58792 -14.58800
 -14.57871 -14.55918 -14.54474 -14.55386 -14.57573
 -13.66555 -13.66561 -13.66506 -13.66397 -13.66350 -13.66502 -13.66839 -13.66865
 -13.65994 -13.64158 -13.62900 -13.64073 -13.66779
 -12.93181 -12.93186 -12.93135 -12.93036 -12.92993 -12.93141 -12.93460 -12.93486
 -12.92668 -12.90956 -12.89865 -12.91216 -12.94254
 -12.34294 -12.34299 -12.34254 -12.34166 -12.34134 -12.34273 -12.34568 -12.34587
 -12.33818 -12.32231 -12.31291 -12.32752 -12.35978
 -11.86967 -11.86971 -11.86932 -11.86856 -11.86831 -11.86963 -11.87234 -11.87245
 -11.86526 -11.85061 -11.84249 -11.85763 -11.89064
 -11.48812 -11.48816 -11.48780 -11.48709 -11.48686 -11.48811 -11.49067 -11.49082
 -11.48416 -11.47061 -11.46348 -11.47868 -11.51166
 -11.17980 -11.17984 -11.17946 -11.17871 -11.17843 -11.17962 -11.18217 -11.18251
 -11.17644 -11.16383 -11.15740 -11.17230 -11.20473
 -10.92812 -10.92817 -10.92775 -10.92692 -10.92656 -10.92771 -10.93032 -10.93093
 -10.92543 -10.91365 -10.90770 -10.92209 -10.95367
 -10.72584 -10.72589 -10.72545 -10.72458 -10.72417 -10.72530 -10.72797 -10.72881
 -10.72382 -10.71277 -10.70723 -10.72106 -10.75166
 -10.56384 -10.56388 -10.56346 -10.56262 -10.56224 -10.56338 -10.56604 -10.56699
 -10.56240 -10.55202 -10.54689 -10.56023 -10.58984
 -10.43180 -10.43184 -10.43146 -10.43070 -10.43040 -10.43154 -10.43412 -10.43508
 -10.43078 -10.42102 -10.41630 -10.42922 -10.45788
 -10.32606 -10.32610 -10.32576 -10.32510 -10.32488 -10.32599 -10.32841 -10.32929
 -10.32521 -10.31603 -10.31173 -10.32427 -10.35196
 -10.24185 -10.24189 -10.24158 -10.24100 -10.24083 -10.24186 -10.24407 -10.24481
 -10.24090 -10.23225 -10.22836 -10.24053 -10.26725
 -10.17587 -10.17589 -10.17563 -10.17510 -10.17494 -10.17588 -10.17787 -10.17844
 -10.17466 -10.16650 -10.16295 -10.17477 -10.20050
 -10.12494 -10.12496 -10.12471 -10.12423 -10.12407 -10.12491 -10.12670 -10.12713
 -10.12348 -10.11573 -10.11246 -10.12386 -10.14858
 -10.08672 -10.08674 -10.08651 -10.08604 -10.08587 -10.08665 -10.08832 -10.08869
 -10.08516 -10.07775 -10.07463 -10.08554 -10.10923
 -10.05899 -10.05901 -10.05878 -10.05831 -10.05815 -10.05891 -10.06055 -10.06094
 -10.05757 -10.05041 -10.04732 -10.05764 -10.08028
 -10.04048 -10.04051 -10.04027 -10.03981 -10.03965 -10.04041 -10.04206 -10.04251
 -10.03929 -10.03236 -10.02924 -10.03895 -10.06049
 -10.03012 -10.03015 -10.02992 -10.02947 -10.02932 -10.03006 -10.03168 -10.03215
 -10.02908 -10.02240 -10.01931 -10.02841 -10.04883
 -10.02595 -10.02598 -10.02576 -10.02535 -10.02520 -10.02590 -10.02741 -10.02783
 -10.02488 -10.01852 -10.01555 -10.02412 -10.04337
 -10.02826 -10.02828 -10.02808 -10.02770 -10.02757 -10.02821 -10.02957 -10.02989
 -10.02706 -10.02105 -10.01826 -10.02637 -10.04449
 -10.03527 -10.03529 -10.03511 -10.03476 -10.03464 -10.03523 -10.03647 -10.03671
 -10.03400 -10.02831 -10.02570 -10.03340 -10.05051
 -10.04721 -10.04723 -10.04706 -10.04673 -10.04661 -10.04717 -10.04836 -10.04859
 -10.04601 -10.04058 -10.03809 -10.04542 -10.06169
 -10.06298 -10.06300 -10.06283 -10.06250 -10.06238 -10.06294 -10.06413 -10.06441
 -10.06197 -10.05676 -10.05433 -10.06132 -10.07689
 -10.08197 -10.08199 -10.08181 -10.08147 -10.08135 -10.08192 -10.08315 -10.08353
 -10.08123 -10.07620 -10.07380 -10.08048 -10.09543
 -10.10402 -10.10404 -10.10386 -10.10351 -10.10339 -10.10398 -10.10526 -10.10575
 -10.10359 -10.09873 -10.09635 -10.10273 -10.11709
 -10.12901 -10.12903 -10.12884 -10.12848 -10.12835 -10.12896 -10.13031 -10.13089
 -10.12890 -10.12419 -10.12183 -10.12789 -10.14170
 -10.15552 -10.15554 -10.15535 -10.15497 -10.15484 -10.15547 -10.15688 -10.15757
 -10.15572 -10.15118 -10.14884 -10.15459 -10.16784
 -10.18442 -10.18444 -10.18424 -10.18385 -10.18372 -10.18437 -10.18585 -10.18664
 -10.18494 -10.18056 -10.17823 -10.18368 -10.19636
 -10.21467 -10.21469 -10.21449 -10.21408 -10.21395 -10.21462 -10.21616 -10.21705
 -10.21551 -10.21129 -10.20898 -10.21412 -10.22623
 -10.24642 -10.24644 -10.24623 -10.24582 -10.24568 -10.24637 -10.24797 -10.24897
 -10.24758 -10.24352 -10.24123 -10.24606 -10.25761
 -10.27984 -10.27986 -10.27964 -10.27922 -10.27907 -10.27979 -10.28145 -10.28255
 -10.28131 -10.27741 -10.27514 -10.27966 -10.29065
 
C---------------------------------------------------------------------------------
C ADAS ADF11 DATA - SCCS info: @(#)$Header: /home/adascvs/adas/adf11/scd85/scd85_n.dat,v 2.1 2004/07/07 00:11:15 whitefor Exp $ Date $Date: 2004/07/07 00:11:15 $
C---------------------------------------------------------------------------------
