efit_f90   12/10/11      # 80295.46980ms           3  33  33
 0.240000000E+01 0.405000000E+01 0.296000000E+01 0.165000000E+01 0.125000000E+00
 0.295503352E+01 0.314154760E+00-0.433248743E+00 0.593794305E+00-0.226932990E+01
-0.194124523E+07-0.433248743E+00 0.000000000E+00 0.295503352E+01 0.000000000E+00
 0.314154760E+00 0.000000000E+00 0.593794305E+00 0.000000000E+00 0.000000000E+00
-0.701359117E+01-0.699109700E+01-0.696968935E+01-0.694934924E+01-0.693005692E+01
-0.691179199E+01-0.689453332E+01-0.687825914E+01-0.686294705E+01-0.684857404E+01
-0.683511648E+01-0.682255022E+01-0.681085056E+01-0.679999228E+01-0.678994970E+01
-0.678069666E+01-0.677220662E+01-0.676445259E+01-0.675740724E+01-0.675104290E+01
-0.674533157E+01-0.674024496E+01-0.673575452E+01-0.673183146E+01-0.672844678E+01
-0.672557128E+01-0.672317559E+01-0.672123019E+01-0.671970543E+01-0.671857157E+01
-0.671779875E+01-0.671735705E+01-0.671721649E+01
 0.234923776E+05 0.213940827E+05 0.194245658E+05 0.175797500E+05 0.158555586E+05
 0.142479148E+05 0.127527418E+05 0.113659629E+05 0.100835013E+05 0.890128015E+04
 0.781522278E+04 0.682125237E+04 0.591529216E+04 0.509326537E+04 0.435109524E+04
 0.368470499E+04 0.309001784E+04 0.256295703E+04 0.209944579E+04 0.169540733E+04
 0.134676490E+04 0.104944171E+04 0.799360990E+03 0.592445976E+03 0.424619891E+03
 0.291805964E+03 0.189927421E+03 0.114907491E+03 0.626694017E+02 0.291363800E+02
 0.102316540E+02 0.187845146E+01 0.000000000E+00
-0.503560898E+01-0.478076892E+01-0.453221772E+01-0.428995537E+01-0.405398188E+01
-0.382429725E+01-0.360090148E+01-0.338379456E+01-0.317297650E+01-0.296844729E+01
-0.277020694E+01-0.257825545E+01-0.239259282E+01-0.221321904E+01-0.204013411E+01
-0.187333805E+01-0.171283084E+01-0.155861249E+01-0.141068299E+01-0.126904235E+01
-0.113369057E+01-0.100462765E+01-0.881853576E+00-0.765368364E+00-0.655172008E+00
-0.551264509E+00-0.453645866E+00-0.362316080E+00-0.277275151E+00-0.198523078E+00
-0.126059862E+00-0.598855028E-01 0.000000000E+00
-0.674259640E+05-0.633500669E+05-0.594011914E+05-0.555793377E+05-0.518845055E+05
-0.483166950E+05-0.448759062E+05-0.415621391E+05-0.383753936E+05-0.353156698E+05
-0.323829676E+05-0.295772871E+05-0.268986282E+05-0.243469911E+05-0.219223755E+05
-0.196247817E+05-0.174542095E+05-0.154106589E+05-0.134941300E+05-0.117046228E+05
-0.100421372E+05-0.850667333E+04-0.709823109E+04-0.581681051E+04-0.466241159E+04
-0.363503433E+04-0.273467873E+04-0.196134479E+04-0.131503251E+04-0.795741891E+03
-0.403472933E+03-0.138225636E+03 0.000000000E+00
 0.100420131E+01 0.985777516E+00 0.968506512E+00 0.951966067E+00 0.935715259E+00
 0.919319471E+00 0.902323268E+00 0.884151000E+00 0.863880649E+00 0.839561854E+00
 0.808337552E+00 0.785095059E+00 0.772675002E+00 0.772392207E+00 0.774934592E+00
 0.772168001E+00 0.781279487E+00 0.804459555E+00 0.841482887E+00 0.878493175E+00
 0.910770521E+00 0.941714767E+00 0.972592195E+00 0.100411549E+01 0.103669967E+01
 0.107059287E+01 0.110594394E+01 0.114284431E+01 0.118135112E+01 0.122149846E+01
 0.126330310E+01 0.130676760E+01 0.135188190E+01 0.997341809E+00 0.978317204E+00
 0.959655521E+00 0.941273806E+00 0.923012504E+00 0.904671613E+00 0.886053757E+00
 0.867057920E+00 0.847396576E+00 0.826892303E+00 0.806409426E+00 0.789051676E+00
 0.777714240E+00 0.772762152E+00 0.772224903E+00 0.775373541E+00 0.785128465E+00
 0.802966794E+00 0.827520692E+00 0.855078672E+00 0.883689459E+00 0.913094759E+00
 0.943512431E+00 0.975282387E+00 0.100868216E+01 0.104382042E+01 0.108074352E+01
 0.111949696E+01 0.116011937E+01 0.120264014E+01 0.124707840E+01 0.129344433E+01
 0.134174062E+01 0.986920064E+00 0.967376930E+00 0.947758482E+00 0.928141746E+00
 0.908540654E+00 0.888933786E+00 0.869485201E+00 0.850556947E+00 0.832198489E+00
 0.814560072E+00 0.798446554E+00 0.784940532E+00 0.775028159E+00 0.769276293E+00
 0.767894737E+00 0.771111548E+00 0.779287665E+00 0.792541010E+00 0.810425238E+00
 0.832073926E+00 0.856649404E+00 0.883610370E+00 0.912681252E+00 0.944022822E+00
 0.977890775E+00 0.101415457E+01 0.105257849E+01 0.109312853E+01 0.113584250E+01
 0.118074280E+01 0.122784503E+01 0.127716172E+01 0.132870516E+01 0.974542709E+00
 0.954138835E+00 0.933474319E+00 0.912699925E+00 0.891942351E+00 0.871330870E+00
 0.851186096E+00 0.831874102E+00 0.813599995E+00 0.796617845E+00 0.781468723E+00
 0.768768657E+00 0.759105624E+00 0.752965594E+00 0.750713461E+00 0.752616219E+00
 0.758840911E+00 0.769406286E+00 0.784147361E+00 0.802752127E+00 0.824855974E+00
 0.850123263E+00 0.878278809E+00 0.909394528E+00 0.943618676E+00 0.980849513E+00
 0.102069031E+01 0.106301122E+01 0.110782753E+01 0.115513816E+01 0.120494221E+01
 0.125724543E+01 0.131206350E+01 0.960762753E+00 0.939053598E+00 0.917014336E+00
 0.894829641E+00 0.872695487E+00 0.850836958E+00 0.829525333E+00 0.809065226E+00
 0.789777965E+00 0.772025828E+00 0.756232764E+00 0.742860097E+00 0.732366108E+00
 0.725169972E+00 0.721626808E+00 0.722012153E+00 0.726509229E+00 0.735197958E+00
 0.748053887E+00 0.764965105E+00 0.785765121E+00 0.810269925E+00 0.838317251E+00
 0.869825402E+00 0.904732121E+00 0.942905335E+00 0.984147698E+00 0.102831643E+01
 0.107533325E+01 0.112514563E+01 0.117772194E+01 0.123305076E+01 0.129114307E+01
 0.945645616E+00 0.922182688E+00 0.898336095E+00 0.874298586E+00 0.850285853E+00
 0.826542419E+00 0.803346012E+00 0.781008810E+00 0.759877494E+00 0.740333579E+00
 0.722790093E+00 0.707680084E+00 0.695437594E+00 0.686476145E+00 0.681167835E+00
 0.679822993E+00 0.682674589E+00 0.689868945E+00 0.701464569E+00 0.717440447E+00
 0.737713296E+00 0.762160576E+00 0.790641100E+00 0.823007376E+00 0.859106155E+00
 0.898775300E+00 0.941850850E+00 0.988183083E+00 0.103764831E+01 0.109015213E+01
 0.114562972E+01 0.120404689E+01 0.126540227E+01 0.929111840E+00 0.903471265E+00
 0.877359784E+00 0.850964054E+00 0.824500556E+00 0.798219336E+00 0.772407254E+00
 0.747390196E+00 0.723533853E+00 0.701242389E+00 0.680953835E+00 0.663131283E+00
 0.648246228E+00 0.636762492E+00 0.629121001E+00 0.625705086E+00 0.626818653E+00
 0.632672460E+00 0.643377829E+00 0.658948678E+00 0.679314086E+00 0.704347852E+00
 0.733882715E+00 0.767721714E+00 0.805654579E+00 0.847468350E+00 0.892957498E+00
 0.941933474E+00 0.994232664E+00 0.104972198E+01 0.110830259E+01 0.116991287E+01
 0.123453141E+01 0.911098822E+00 0.882898511E+00 0.854080149E+00 0.824815234E+00
 0.795311600E+00 0.765817037E+00 0.736623163E+00 0.708069041E+00 0.680543925E+00
 0.654488150E+00 0.630390448E+00 0.608791689E+00 0.590245518E+00 0.575306754E+00
 0.564579973E+00 0.558577462E+00 0.557706191E+00 0.562251952E+00 0.572365815E+00
 0.588054136E+00 0.609168629E+00 0.635535956E+00 0.666929780E+00 0.703059397E+00
 0.743630906E+00 0.788353390E+00 0.836952670E+00 0.889180026E+00 0.944819186E+00
 0.100369129E+01 0.106565825E+01 0.113062528E+01 0.119854318E+01 0.891646124E+00
 0.860562195E+00 0.828631212E+00 0.796003200E+00 0.762869237E+00 0.729466126E+00
 0.696082268E+00 0.663064413E+00 0.630825045E+00 0.599850194E+00 0.570669875E+00
 0.544015734E+00 0.520657365E+00 0.501344665E+00 0.486792839E+00 0.477638223E+00
 0.474402529E+00 0.477463511E+00 0.487033670E+00 0.503149614E+00 0.525675485E+00
 0.554327306E+00 0.588682992E+00 0.628183218E+00 0.672436133E+00 0.721036436E+00
 0.773619201E+00 0.829858600E+00 0.889474861E+00 0.952237161E+00 0.101796447E+01
 0.108652549E+01 0.115783851E+01 0.870976570E+00 0.836746021E+00 0.801343346E+00
 0.764890961E+00 0.727552580E+00 0.689540253E+00 0.651123192E+00 0.612638336E+00
 0.574502389E+00 0.537333596E+00 0.501953658E+00 0.469248918E+00 0.440145422E+00
 0.415570620E+00 0.396412073E+00 0.383470413E+00 0.377412968E+00 0.378732730E+00
 0.387717095E+00 0.404430239E+00 0.428711928E+00 0.460193416E+00 0.498326453E+00
 0.542427026E+00 0.591742323E+00 0.645451993E+00 0.703109944E+00 0.764297719E+00
 0.828668051E+00 0.895939806E+00 0.965892964E+00 0.103836381E+01 0.111324062E+01
 0.849551348E+00 0.811963995E+00 0.772786672E+00 0.732102439E+00 0.690030801E+00
 0.646737532E+00 0.602446701E+00 0.557454738E+00 0.512418149E+00 0.468173365E+00
 0.425677984E+00 0.385986745E+00 0.350217666E+00 0.319507027E+00 0.294955397E+00
 0.277567635E+00 0.268192004E+00 0.267464530E+00 0.275764891E+00 0.293189445E+00
 0.319545286E+00 0.354366745E+00 0.396952923E+00 0.446423105E+00 0.501784641E+00
 0.562002262E+00 0.626080370E+00 0.693329335E+00 0.763355458E+00 0.835846541E+00
 0.910561586E+00 0.987320583E+00 0.106599526E+01 0.828052417E+00 0.786959482E+00
 0.743785028E+00 0.698552823E+00 0.651313693E+00 0.602156926E+00 0.551224802E+00
 0.499082857E+00 0.446523731E+00 0.394504797E+00 0.344138732E+00 0.296670099E+00
 0.253436832E+00 0.215816567E+00 0.185159692E+00 0.162713224E+00 0.149541833E+00
 0.146453992E+00 0.153941844E+00 0.172142604E+00 0.200827169E+00 0.239418312E+00
 0.287037052E+00 0.342572333E+00 0.404766383E+00 0.472306834E+00 0.543918403E+00
 0.618444990E+00 0.695085746E+00 0.773534028E+00 0.853561626E+00 0.935002353E+00
 0.101773735E+01 0.807310093E+00 0.762664077E+00 0.715397349E+00 0.665451003E+00
 0.612777760E+00 0.557351813E+00 0.499514907E+00 0.439946217E+00 0.379521258E+00
 0.319318497E+00 0.260612548E+00 0.204850528E+00 0.153609161E+00 0.108531921E+00
 0.712479759E-01 0.432777176E-01 0.259327189E-01 0.202203922E-01 0.267647197E-01
 0.457536806E-01 0.769212658E-01 0.119567616E+00 0.172615656E+00 0.234697692E+00
 0.304261818E+00 0.379686245E+00 0.459390159E+00 0.541931452E+00 0.626085284E+00
 0.711148106E+00 0.796957648E+00 0.883406890E+00 0.970424073E+00 0.788232256E+00
 0.740138578E+00 0.688870557E+00 0.634267950E+00 0.576158571E+00 0.514545766E+00
 0.449933021E+00 0.383036032E+00 0.314803329E+00 0.246427527E+00 0.179341737E+00
 0.115196272E+00 0.558118796E-01 0.310784075E-02-0.409936619E-01-0.746815561E-01
-0.963788686E-01-0.104861872E+00-0.993608322E-01-0.796284670E-01-0.459656000E-01
 0.800915572E-03 0.593861299E-01 0.128152439E+00 0.205239387E+00 0.288702488E+00
 0.376646398E+00 0.467340662E+00 0.559310731E+00 0.651401897E+00 0.743242877E+00
 0.834846499E+00 0.926231980E+00 0.771743022E+00 0.720497272E+00 0.665555245E+00
 0.606648991E+00 0.543474997E+00 0.476219347E+00 0.405390868E+00 0.331734528E+00
 0.256260692E+00 0.180262913E+00 0.105318769E+00 0.332679425E-01-0.338374120E-01
-0.938127038E-01-0.144450397E+00-0.183653219E+00-0.209580169E+00-0.220789940E+00
-0.216363866E+00-0.195991030E+00-0.160002153E+00-0.109345812E+00-0.455090639E-01
 0.296072851E-01 0.113842443E+00 0.204939475E+00 0.300701203E+00 0.399124080E+00
 0.498501696E+00 0.597495866E+00 0.695217650E+00 0.791811385E+00 0.887412009E+00
 0.758697896E+00 0.704802887E+00 0.646770861E+00 0.584227265E+00 0.516837297E+00
 0.444878686E+00 0.368852089E+00 0.289519101E+00 0.207936083E+00 0.125477088E+00
 0.438388478E-01-0.349793693E-01-0.108727237E+00-0.174989976E+00-0.231309694E+00
-0.275335486E+00-0.304990116E+00-0.318635566E+00-0.315216471E+00-0.294360810E+00
-0.256421695E+00-0.202452330E+00-0.134116315E+00-0.535453499E-01 0.368364055E-01
 0.134498877E+00 0.236982333E+00 0.342046829E+00 0.447784950E+00 0.552694611E+00
 0.655713837E+00 0.756753219E+00 0.856105834E+00 0.749783357E+00 0.693956996E+00
 0.633678329E+00 0.568481133E+00 0.498085714E+00 0.422757081E+00 0.342990791E+00
 0.259558157E+00 0.173545630E+00 0.863825048E-01-0.150412957E-03-0.839390814E-01
-0.162588588E+00-0.233514224E+00-0.294071381E+00-0.341718217E+00-0.374197983E+00
-0.389721551E+00-0.387126789E+00-0.365991519E+00-0.326681736E+00-0.270325874E+00
-0.198717379E+00-0.114158978E+00-0.192702376E-01 0.832164833E-01 0.190648033E+00
 0.300612165E+00 0.411058273E+00 0.520374242E+00 0.627423032E+00 0.731866627E+00
 0.834129719E+00 0.745449926E+00 0.688603379E+00 0.627148580E+00 0.560569755E+00
 0.488618925E+00 0.411546664E+00 0.329841631E+00 0.244276981E+00 0.155951938E+00
 0.663218967E-01-0.227908403E-01-0.109214124E+00-0.190478514E+00-0.263910428E+00
-0.326766355E+00-0.376402040E+00-0.410463122E+00-0.427076845E+00-0.425020192E+00
-0.403839755E+00-0.363903767E+00-0.306376342E+00-0.233116150E+00-0.146513605E+00
-0.492893920E-01 0.557191205E-01 0.165758612E+00 0.278328525E+00 0.391306739E+00
 0.503029522E+00 0.612330102E+00 0.718727863E+00 0.822731873E+00 0.745897819E+00
 0.689053410E+00 0.627617112E+00 0.561072582E+00 0.489165627E+00 0.412143978E+00
 0.330492988E+00 0.244982055E+00 0.156706194E+00 0.671161777E-01-0.219705890E-01
-0.108386906E+00-0.189667995E+00-0.263144234E+00-0.326074895E+00-0.375816880E+00
-0.410014989E+00-0.426793438E+00-0.424924012E+00-0.403946207E+00-0.364219745E+00
-0.306899449E+00-0.233834572E+00-0.147406574E+00-0.503280268E-01 0.545708389E-01
 0.164543029E+00 0.277093952E+00 0.390107814E+00 0.501928548E+00 0.611399611E+00
 0.718045634E+00 0.822401326E+00 0.751078289E+00 0.695261113E+00 0.635042098E+00
 0.569951460E+00 0.499691159E+00 0.424517404E+00 0.344915823E+00 0.261646597E+00
 0.175783751E+00 0.887429547E-01 0.229056338E-02-0.814739881E-01-0.160169572E+00
-0.231223208E+00-0.291998604E+00-0.339957493E+00-0.372840898E+00-0.388851084E+00
-0.386810982E+00-0.366277922E+00-0.327593243E+00-0.271858374E+00-0.200839325E+00
-0.116812647E+00-0.223741436E-01 0.797647615E-01 0.186969442E+00 0.296845020E+00
 0.407359138E+00 0.516921615E+00 0.624424715E+00 0.729545324E+00 0.832783266E+00
 0.760681759E+00 0.706822142E+00 0.648907209E+00 0.586554405E+00 0.519402221E+00
 0.447712367E+00 0.371969125E+00 0.292916185E+00 0.211589949E+00 0.129342534E+00
 0.478473447E-01-0.309199728E-01-0.104731447E+00-0.171191430E+00-0.227855788E+00
-0.272379924E+00-0.302683788E+00-0.317116498E+00-0.314599843E+00-0.294730123E+00
-0.257822078E+00-0.204886642E+00-0.137544242E+00-0.578851730E-01 0.317041469E-01
 0.128726944E+00 0.230752833E+00 0.335569030E+00 0.441296040E+00 0.546464382E+00
 0.650053820E+00 0.752000290E+00 0.852716091E+00 0.774150787E+00 0.723013073E+00
 0.668275735E+00 0.609658868E+00 0.546850023E+00 0.479994054E+00 0.409581027E+00
 0.336333226E+00 0.261234783E+00 0.185549995E+00 0.110825136E+00 0.388680697E-01
-0.282992837E-01-0.885184239E-01-0.139600968E+00-0.179459181E+00-0.206249827E+00
-0.218516383E+00-0.215312012E+00-0.196286083E+00-0.161720710E+00-0.112510489E+00
-0.500869362E-01 0.237027463E-01 0.106746853E+00 0.196831766E+00 0.291798176E+00
 0.389676947E+00 0.488796335E+00 0.587858779E+00 0.685991938E+00 0.783407074E+00
 0.880388425E+00 0.790754631E+00 0.742901353E+00 0.691967135E+00 0.637784989E+00
 0.580179107E+00 0.519111727E+00 0.455062418E+00 0.388718810E+00 0.320997172E+00
 0.253054099E+00 0.186284080E+00 0.122298064E+00 0.628792290E-01 0.991411304E-02
-0.346997402E-01-0.691646743E-01-0.919034043E-01-0.101676731E+00-0.976842717E-01
-0.796344545E-01-0.477731304E-01-0.286547677E-02 0.538675382E-01 0.120850464E+00
 0.196279930E+00 0.278261594E+00 0.364943057E+00 0.454631040E+00 0.545885403E+00
 0.637586960E+00 0.729336678E+00 0.821280750E+00 0.913597521E+00 0.809681699E+00
 0.765446232E+00 0.718669663E+00 0.669292296E+00 0.617264111E+00 0.562554515E+00
 0.505452645E+00 0.446606102E+00 0.386852890E+00 0.327229135E+00 0.268963849E+00
 0.213457501E+00 0.162242066E+00 0.116921602E+00 0.790948223E-01 0.502640586E-01
 0.317379557E-01 0.245377022E-01 0.293178198E-01 0.463119931E-01 0.753119601E-01
 0.115683397E+00 0.166417772E+00 0.226214337E+00 0.293582720E+00 0.366954719E+00
 0.444794132E+00 0.525695136E+00 0.608462960E+00 0.692309382E+00 0.777169558E+00
 0.863057850E+00 0.950051340E+00 0.830095520E+00 0.789587959E+00 0.747069659E+00
 0.702569232E+00 0.656136961E+00 0.607856498E+00 0.557860836E+00 0.506642717E+00
 0.454951480E+00 0.403695292E+00 0.353933841E+00 0.306857240E+00 0.263750985E+00
 0.225946077E+00 0.194755977E+00 0.171404140E+00 0.156947935E+00 0.152206424E+00
 0.157700267E+00 0.173611458E+00 0.199768665E+00 0.235660949E+00 0.280479084E+00
 0.333180261E+00 0.392569219E+00 0.457387294E+00 0.526401943E+00 0.598488058E+00
 0.672724750E+00 0.748866728E+00 0.826764591E+00 0.906350241E+00 0.987626192E+00
 0.851159441E+00 0.814308506E+00 0.775945332E+00 0.736163194E+00 0.695081759E+00
 0.652857786E+00 0.609698780E+00 0.565879734E+00 0.521957907E+00 0.478712231E+00
 0.437039272E+00 0.397929549E+00 0.362439526E+00 0.331650494E+00 0.306618490E+00
 0.288318340E+00 0.277585831E+00 0.275063622E+00 0.281157019E+00 0.296005144E+00
 0.319471486E+00 0.351155512E+00 0.390424765E+00 0.436465006E+00 0.488343561E+00
 0.545076592E+00 0.605705854E+00 0.669419302E+00 0.735853369E+00 0.804736897E+00
 0.875880852E+00 0.949169764E+00 0.102455493E+01 0.872067226E+00 0.838670764E+00
 0.804217599E+00 0.768844709E+00 0.732712556E+00 0.696015050E+00 0.658991761E+00
 0.621942088E+00 0.585241681E+00 0.549380326E+00 0.515116784E+00 0.483254578E+00
 0.454647333E+00 0.430157952E+00 0.410619682E+00 0.396795383E+00 0.389334508E+00
 0.388733039E+00 0.395301618E+00 0.409145818E+00 0.430161179E+00 0.458042822E+00
 0.492308235E+00 0.532335417E+00 0.577421303E+00 0.626797506E+00 0.679924313E+00
 0.736392885E+00 0.795869734E+00 0.858091103E+00 0.922857953E+00 0.990031338E+00
 0.105952846E+01 0.892068778E+00 0.861828910E+00 0.830954753E+00 0.799606626E+00
 0.767958339E+00 0.736208277E+00 0.704591092E+00 0.673389163E+00 0.642943189E+00
 0.613661091E+00 0.586016726E+00 0.560561775E+00 0.538000000E+00 0.519010170E+00
 0.504234690E+00 0.494262346E+00 0.489593331E+00 0.490606909E+00 0.497538413E+00
 0.510466767E+00 0.529316934E+00 0.553870364E+00 0.583767873E+00 0.618514383E+00
 0.657703420E+00 0.700949653E+00 0.747883225E+00 0.798175800E+00 0.851544220E+00
 0.907751481E+00 0.966606145E+00 0.102796090E+01 0.109171075E+01 0.910431038E+00
 0.882986714E+00 0.855332484E+00 0.827623633E+00 0.800015476E+00 0.772678931E+00
 0.745813748E+00 0.719658715E+00 0.694498634E+00 0.670667915E+00 0.648550460E+00
 0.628577785E+00 0.611222430E+00 0.596958947E+00 0.586233245E+00 0.579506266E+00
 0.577173114E+00 0.579525134E+00 0.586737475E+00 0.598854728E+00 0.615821844E+00
 0.637538682E+00 0.663812623E+00 0.694386839E+00 0.728987438E+00 0.767337253E+00
 0.809165268E+00 0.854216968E+00 0.902260809E+00 0.953091949E+00 0.100653402E+01
 0.106243957E+01 0.112068941E+01 0.926299537E+00 0.901293491E+00 0.876557868E+00
 0.852192144E+00 0.828287796E+00 0.804952153E+00 0.782324052E+00 0.760582550E+00
 0.739950100E+00 0.720691398E+00 0.703108784E+00 0.687534740E+00 0.674320818E+00
 0.663821500E+00 0.656379396E+00 0.652316118E+00 0.651910222E+00 0.655378953E+00
 0.662867680E+00 0.674446306E+00 0.690116294E+00 0.709821991E+00 0.733453429E+00
 0.760857777E+00 0.791855297E+00 0.826251619E+00 0.863847330E+00 0.904445817E+00
 0.947859137E+00 0.993912058E+00 0.104244452E+01 0.109331272E+01 0.114638908E+01
 0.938461400E+00 0.915701392E+00 0.893797692E+00 0.872698444E+00 0.852365720E+00
 0.832803612E+00 0.814070849E+00 0.796283143E+00 0.779608582E+00 0.764258814E+00
 0.750478277E+00 0.738532874E+00 0.728698587E+00 0.721250126E+00 0.716450360E+00
 0.714540591E+00 0.715730040E+00 0.720186700E+00 0.728031213E+00 0.739334410E+00
 0.754118751E+00 0.772362215E+00 0.794002903E+00 0.818945632E+00 0.847069877E+00
 0.878237443E+00 0.912299308E+00 0.949101465E+00 0.988489630E+00 0.103031278E+01
 0.107442555E+01 0.112068947E+01 0.116897305E+01 0.945037554E+00 0.924881652E+00
 0.906214788E+00 0.888701398E+00 0.872109763E+00 0.856316919E+00 0.841304984E+00
 0.827148133E+00 0.813991868E+00 0.802029728E+00 0.791482434E+00 0.782581821E+00
 0.775559404E+00 0.770638205E+00 0.768026462E+00 0.767912182E+00 0.770458004E+00
 0.775796687E+00 0.784027786E+00 0.795215954E+00 0.809390993E+00 0.826549398E+00
 0.846657049E+00 0.869652923E+00 0.895453504E+00 0.923957405E+00 0.955049840E+00
 0.988606706E+00 0.102449815E+01 0.106259149E+01 0.110275342E+01 0.114485133E+01
 0.118875357E+01 0.943525274E+00 0.927534430E+00 0.913318601E+00 0.900247964E+00
 0.887904811E+00 0.876061753E+00 0.864675774E+00 0.853853346E+00 0.843794074E+00
 0.834737209E+00 0.826925394E+00 0.820586505E+00 0.815927726E+00 0.813135325E+00
 0.812375727E+00 0.813795835E+00 0.817522219E+00 0.823659559E+00 0.832288975E+00
 0.843466749E+00 0.857223795E+00 0.873565969E+00 0.892475176E+00 0.913911165E+00
 0.937813793E+00 0.964105594E+00 0.992694461E+00 0.102347633E+01 0.105633783E+01
 0.109115881E+01 0.112781467E+01 0.116617826E+01 0.120612098E+01
 0.833962294E+00 0.852522711E+00 0.874896517E+00 0.899457945E+00 0.925429092E+00
 0.953103397E+00 0.982534831E+00 0.101379561E+01 0.104705484E+01 0.108249843E+01
 0.112033385E+01 0.116078370E+01 0.120404480E+01 0.125040865E+01 0.130021119E+01
 0.135384357E+01 0.141166101E+01 0.147411464E+01 0.154180001E+01 0.161541105E+01
 0.169557872E+01 0.178317044E+01 0.187931758E+01 0.198525594E+01 0.210240921E+01
 0.223262314E+01 0.237824011E+01 0.254196732E+01 0.272723816E+01 0.293875281E+01
 0.318310098E+01 0.346930384E+01 0.381299987E+01
   99  251
 0.184588083E+01 0.125000000E+00 0.183757307E+01 0.251562500E+00 0.183812050E+01
 0.378125000E+00 0.184752733E+01 0.504687500E+00 0.186629161E+01 0.631250000E+00
 0.187500000E+01 0.670909001E+00 0.189394386E+01 0.757812500E+00 0.193227369E+01
 0.884375000E+00 0.195000000E+01 0.930840508E+00 0.198217416E+01 0.101093750E+01
 0.202500000E+01 0.109821372E+01 0.204609512E+01 0.113750000E+01 0.210000000E+01
 0.122523168E+01 0.212722185E+01 0.126406250E+01 0.217500000E+01 0.132708051E+01
 0.223252208E+01 0.139062500E+01 0.225000000E+01 0.140938433E+01 0.232500000E+01
 0.147807175E+01 0.237889919E+01 0.151718750E+01 0.240000000E+01 0.153292860E+01
 0.247500000E+01 0.157902577E+01 0.255000000E+01 0.161362607E+01 0.262500000E+01
 0.163861169E+01 0.264712892E+01 0.164375000E+01 0.270000000E+01 0.165739218E+01
 0.277500000E+01 0.166858634E+01 0.285000000E+01 0.167189692E+01 0.292500000E+01
 0.166755819E+01 0.300000000E+01 0.165548161E+01 0.304367840E+01 0.164375000E+01
 0.307500000E+01 0.163650399E+01 0.315000000E+01 0.161152223E+01 0.322500000E+01
 0.157757922E+01 0.330000000E+01 0.153304076E+01 0.332164195E+01 0.151718750E+01
 0.337500000E+01 0.148088357E+01 0.345000000E+01 0.141643658E+01 0.347486978E+01
 0.139062500E+01 0.352500000E+01 0.133951241E+01 0.358526510E+01 0.126406250E+01
 0.360000000E+01 0.124505265E+01 0.367011652E+01 0.113750000E+01 0.367500000E+01
 0.112933914E+01 0.373670801E+01 0.101093750E+01 0.375000000E+01 0.981270288E+00
 0.378918328E+01 0.884375000E+00 0.382500000E+01 0.772918925E+00 0.382953633E+01
 0.757812500E+00 0.385926743E+01 0.631250000E+00 0.387863056E+01 0.504687500E+00
 0.388793838E+01 0.378125000E+00 0.388728109E+01 0.251562500E+00 0.387643921E+01
 0.125000000E+00 0.385492138E+01-0.156250000E-02 0.382500000E+01-0.117668176E+00
 0.382219562E+01-0.128125000E+00 0.377808378E+01-0.254687500E+00 0.375000000E+01
-0.320046640E+00 0.372122147E+01-0.381250000E+00 0.367500000E+01-0.467037334E+00
 0.365019273E+01-0.507812500E+00 0.360000000E+01-0.584641465E+00 0.356221089E+01
-0.634375000E+00 0.352500000E+01-0.682591818E+00 0.345286538E+01-0.760937500E+00
 0.345000000E+01-0.764155888E+00 0.337500000E+01-0.836747434E+00 0.330970497E+01
-0.887500000E+00 0.330000000E+01-0.895767439E+00 0.322500000E+01-0.949008745E+00
 0.315000000E+01-0.990757439E+00 0.309538944E+01-0.101406250E+01 0.307500000E+01
-0.102430998E+01 0.300000000E+01-0.105225383E+01 0.292500000E+01-0.107075166E+01
 0.285000000E+01-0.108014902E+01 0.277500000E+01-0.108046038E+01 0.270000000E+01
-0.107135069E+01 0.262500000E+01-0.105213593E+01 0.255000000E+01-0.102180626E+01
 0.253564884E+01-0.101406250E+01 0.247500000E+01-0.984759862E+00 0.240000000E+01
-0.936506323E+00 0.234056500E+01-0.887500000E+00 0.232500000E+01-0.875240080E+00
 0.225000000E+01-0.804288317E+00 0.221205958E+01-0.760937500E+00 0.217500000E+01
-0.717719084E+00 0.211442324E+01-0.634375000E+00 0.210000000E+01-0.612996081E+00
 0.203731436E+01-0.507812500E+00 0.202500000E+01-0.484190326E+00 0.197568759E+01
-0.381250000E+00 0.195000000E+01-0.315639768E+00 0.192723810E+01-0.254687500E+00
 0.189026105E+01-0.128125000E+00 0.187500000E+01-0.555649666E-01 0.186352755E+01
-0.156250000E-02 0.184588083E+01 0.125000000E+00
 0.328315000E+01-0.112439000E+01 0.331192000E+01-0.108316000E+01 0.332836000E+01
-0.106314000E+01 0.335244000E+01-0.103867000E+01 0.337323000E+01-0.101720000E+01
 0.342329000E+01-0.959920000E+00 0.344728000E+01-0.932290000E+00 0.349433000E+01
-0.871860000E+00 0.351680000E+01-0.842840000E+00 0.355911000E+01-0.781550000E+00
 0.358053000E+01-0.750150000E+00 0.361927000E+01-0.686790000E+00 0.363903000E+01
-0.653900000E+00 0.367364000E+01-0.587690000E+00 0.368796000E+01-0.560880000E+00
 0.372230000E+01-0.484960000E+00 0.373497000E+01-0.457600000E+00 0.376821000E+01
-0.371370000E+00 0.377584000E+01-0.352390000E+00 0.380258000E+01-0.269200000E+00
 0.381082000E+01-0.244580000E+00 0.383331000E+01-0.157970000E+00 0.383964000E+01
-0.134810000E+00 0.385652000E+01-0.507500000E-01 0.386207000E+01-0.242700000E-01
 0.387519000E+01 0.685200000E-01 0.387835000E+01 0.888500000E-01 0.388567000E+01
 0.176250000E+00 0.388793000E+01 0.196300000E+00 0.389046000E+01 0.290450000E+00
 0.389144000E+01 0.313390000E+00 0.388863000E+01 0.407560000E+00 0.388840000E+01
 0.426740000E+00 0.388031000E+01 0.519930000E+00 0.387894000E+01 0.539580000E+00
 0.386556000E+01 0.632280000E+00 0.386349000E+01 0.649710000E+00 0.384449000E+01
 0.743470000E+00 0.384091000E+01 0.762730000E+00 0.381715000E+01 0.853250000E+00
 0.381303000E+01 0.870530000E+00 0.378365000E+01 0.961250000E+00 0.377904000E+01
 0.976990000E+00 0.374408000E+01 0.106719000E+01 0.373821000E+01 0.108341000E+01
 0.369868000E+01 0.117046000E+01 0.369176000E+01 0.118659000E+01 0.367489000E+01
 0.121880000E+01 0.366741000E+01 0.123638000E+01 0.363730000E+01 0.133388000E+01
 0.364211000E+01 0.140768000E+01 0.362136000E+01 0.142656000E+01 0.362076000E+01
 0.142710000E+01 0.359407000E+01 0.145138000E+01 0.359348000E+01 0.145192000E+01
 0.356679000E+01 0.147620000E+01 0.356620000E+01 0.147674000E+01 0.353951000E+01
 0.150102000E+01 0.353892000E+01 0.150156000E+01 0.351223000E+01 0.152584000E+01
 0.351164000E+01 0.152638000E+01 0.348495000E+01 0.155066000E+01 0.348436000E+01
 0.155119000E+01 0.345767000E+01 0.157547000E+01 0.345708000E+01 0.157601000E+01
 0.343039000E+01 0.160029000E+01 0.342980000E+01 0.160083000E+01 0.340311000E+01
 0.162511000E+01 0.340252000E+01 0.162565000E+01 0.338176000E+01 0.164453000E+01
 0.333154000E+01 0.170412000E+01 0.328182000E+01 0.173872000E+01 0.318634000E+01
 0.181753000E+01 0.313665000E+01 0.185212000E+01 0.300098000E+01 0.188341000E+01
 0.286885000E+01 0.193955000E+01 0.285247000E+01 0.194527000E+01 0.277562000E+01
 0.196797000E+01 0.275763000E+01 0.197196000E+01 0.267896000E+01 0.198285000E+01
 0.265886000E+01 0.198403000E+01 0.257787000E+01 0.198290000E+01 0.256057000E+01
 0.198112000E+01 0.248011000E+01 0.196774000E+01 0.246596000E+01 0.196418000E+01
 0.238844000E+01 0.193892000E+01 0.237422000E+01 0.193306000E+01 0.229805000E+01
 0.189475000E+01 0.228755000E+01 0.188838000E+01 0.219539000E+01 0.182284000E+01
 0.218241000E+01 0.182372000E+01 0.216570000E+01 0.179082000E+01 0.216533000E+01
 0.179010000E+01 0.214899000E+01 0.175794000E+01 0.214863000E+01 0.175722000E+01
 0.213229000E+01 0.172506000E+01 0.213193000E+01 0.172434000E+01 0.211558000E+01
 0.169217000E+01 0.211522000E+01 0.169146000E+01 0.209888000E+01 0.165929000E+01
 0.209852000E+01 0.165858000E+01 0.208218000E+01 0.162641000E+01 0.208181000E+01
 0.162570000E+01 0.206816000E+01 0.159882000E+01 0.206756000E+01 0.159819000E+01
 0.205467000E+01 0.156450000E+01 0.205438000E+01 0.156375000E+01 0.204148000E+01
 0.153005000E+01 0.204120000E+01 0.152931000E+01 0.202830000E+01 0.149561000E+01
 0.202801000E+01 0.149486000E+01 0.201512000E+01 0.146117000E+01 0.201483000E+01
 0.146042000E+01 0.200193000E+01 0.142672000E+01 0.200164000E+01 0.142597000E+01
 0.198875000E+01 0.139228000E+01 0.198846000E+01 0.139153000E+01 0.197556000E+01
 0.135783000E+01 0.197528000E+01 0.135709000E+01 0.196130000E+01 0.132058000E+01
 0.192992000E+01 0.127302000E+01 0.192697000E+01 0.126095000E+01 0.192259000E+01
 0.125401000E+01 0.194246000E+01 0.123457000E+01 0.192727000E+01 0.115832000E+01
 0.192496000E+01 0.113801000E+01 0.191241000E+01 0.106067000E+01 0.190969000E+01
 0.103999000E+01 0.189845000E+01 0.962070000E+00 0.189568000E+01 0.940090000E+00
 0.188577000E+01 0.862380000E+00 0.188300000E+01 0.840670000E+00 0.187309000E+01
 0.762960000E+00 0.187038000E+01 0.741680000E+00 0.186048000E+01 0.664080000E+00
 0.185836000E+01 0.642870000E+00 0.184987000E+01 0.565490000E+00 0.184816000E+01
 0.545230000E+00 0.184184000E+01 0.467100000E+00 0.184095000E+01 0.446160000E+00
 0.183724000E+01 0.368330000E+00 0.183704000E+01 0.347370000E+00 0.183592000E+01
 0.270020000E+00 0.183642000E+01 0.248500000E+00 0.183787000E+01 0.170990000E+00
 0.183907000E+01 0.149670000E+00 0.184313000E+01 0.713600000E-01 0.184502000E+01
 0.506700000E-01 0.185168000E+01-0.274900000E-01 0.185424000E+01-0.478200000E-01
 0.186338000E+01-0.124840000E+00 0.186665000E+01-0.145540000E+00 0.187848000E+01
-0.223130000E+00 0.188235000E+01-0.243150000E+00 0.189673000E+01-0.320250000E+00
 0.190128000E+01-0.340190000E+00 0.191822000E+01-0.416810000E+00 0.192341000E+01
-0.436550000E+00 0.194275000E+01-0.512040000E+00 0.194865000E+01-0.531850000E+00
 0.197056000E+01-0.606930000E+00 0.195973000E+01-0.626520000E+00 0.196175000E+01
-0.657560000E+00 0.200911000E+01-0.783990000E+00 0.202042000E+01-0.811300000E+00
 0.202073000E+01-0.812040000E+00 0.203454000E+01-0.845370000E+00 0.203484000E+01
-0.846120000E+00 0.204865000E+01-0.879450000E+00 0.204896000E+01-0.880190000E+00
 0.206276000E+01-0.913520000E+00 0.206307000E+01-0.914260000E+00 0.207688000E+01
-0.947600000E+00 0.207718000E+01-0.948340000E+00 0.209099000E+01-0.981670000E+00
 0.209130000E+01-0.982410000E+00 0.210511000E+01-0.101574000E+01 0.210549000E+01
-0.101667000E+01 0.211930000E+01-0.105000000E+01 0.211960000E+01-0.105074000E+01
 0.213341000E+01-0.108407000E+01 0.213372000E+01-0.108482000E+01 0.214752000E+01
-0.111815000E+01 0.214783000E+01-0.111889000E+01 0.216164000E+01-0.115222000E+01
 0.216194000E+01-0.115296000E+01 0.217575000E+01-0.118630000E+01 0.217606000E+01
-0.118704000E+01 0.218986000E+01-0.122037000E+01 0.219017000E+01-0.122111000E+01
 0.220149000E+01-0.124842000E+01 0.214463000E+01-0.127494000E+01 0.229362000E+01
-0.131483000E+01 0.229362000E+01-0.133144000E+01 0.229544000E+01-0.133443000E+01
 0.235993000E+01-0.133443000E+01 0.239619000E+01-0.137323000E+01 0.240915000E+01
-0.140030000E+01 0.241225000E+01-0.142198000E+01 0.241293000E+01-0.143148000E+01
 0.241293000E+01-0.146854000E+01 0.241224000E+01-0.147678000E+01 0.240762000E+01
-0.150441000E+01 0.239801000E+01-0.151641000E+01 0.241921000E+01-0.159223000E+01
 0.242117000E+01-0.161022000E+01 0.241880000E+01-0.164283000E+01 0.241628000E+01
-0.165610000E+01 0.240573000E+01-0.168971000E+01 0.231498000E+01-0.173870000E+01
 0.235349000E+01-0.173870000E+01 0.237428000E+01-0.173504000E+01 0.242744000E+01
-0.171349000E+01 0.244623000E+01-0.170983000E+01 0.252369000E+01-0.170983000E+01
 0.252459000E+01-0.169997000E+01 0.255911000E+01-0.165498000E+01 0.255296000E+01
-0.163799000E+01 0.257391000E+01-0.160180000E+01 0.263299000E+01-0.161714000E+01
 0.263369000E+01-0.161989000E+01 0.269380000E+01-0.163550000E+01 0.269434000E+01
-0.163821000E+01 0.275443000E+01-0.165481000E+01 0.275517000E+01-0.165658000E+01
 0.281471000E+01-0.167203000E+01 0.281467000E+01-0.170788000E+01 0.280425000E+01
-0.171158000E+01 0.285703000E+01-0.171158000E+01 0.287846000E+01-0.171602000E+01
 0.293644000E+01-0.174139000E+01 0.295732000E+01-0.174595000E+01 0.298698000E+01
-0.174595000E+01 0.289768000E+01-0.168233000E+01 0.288199000E+01-0.162282000E+01
 0.288163000E+01-0.159160000E+01 0.290045000E+01-0.151041000E+01 0.289049000E+01
-0.149841000E+01 0.288786000E+01-0.148925000E+01 0.288591000E+01-0.147397000E+01
 0.288591000E+01-0.143566000E+01 0.288946000E+01-0.141714000E+01 0.290082000E+01
-0.139278000E+01 0.291335000E+01-0.137624000E+01 0.296348000E+01-0.133481000E+01
 0.300975000E+01-0.133481000E+01 0.306005000E+01-0.129777000E+01 0.319404000E+01
-0.121404000E+01 0.320225000E+01-0.120891000E+01 0.330634000E+01-0.120891000E+01
 0.328315000E+01-0.112439000E+01
    0 0.000000000E+00    0
 0.833962294E+00 0.852522711E+00 0.874896517E+00 0.899457945E+00 0.925429092E+00
 0.953103397E+00 0.982534831E+00 0.101379561E+01 0.104705484E+01 0.108249843E+01
 0.112033385E+01 0.116078370E+01 0.120404480E+01 0.125040865E+01 0.130021119E+01
 0.135384357E+01 0.141166101E+01 0.147411464E+01 0.154180001E+01 0.161541105E+01
 0.169557872E+01 0.178317044E+01 0.187931758E+01 0.198525594E+01 0.210240921E+01
 0.223262314E+01 0.237824011E+01 0.254196732E+01 0.272723816E+01 0.293875281E+01
 0.318310098E+01 0.346930384E+01 0.381299987E+01
    0
 Volume(psi_norm)
 0.000000000E+00 0.131388696E+01 0.267519833E+01 0.407504686E+01 0.551366380E+01
 0.699545415E+01 0.852038819E+01 0.100914903E+02 0.117113283E+02 0.133826241E+02
 0.151079735E+02 0.168907632E+02 0.187342343E+02 0.206417888E+02 0.226178959E+02
 0.246666997E+02 0.267930827E+02 0.290020015E+02 0.312996414E+02 0.336922455E+02
 0.361872398E+02 0.387922411E+02 0.415164339E+02 0.443699321E+02 0.473644046E+02
 0.505128170E+02 0.538301796E+02 0.573343463E+02 0.610456096E+02 0.649885443E+02
 0.691935085E+02 0.736966186E+02 0.785394809E+02
 psi_norm
 0.000000000E+00 0.312500000E-01 0.625000000E-01 0.937500000E-01 0.125000000E+00
 0.156250000E+00 0.187500000E+00 0.218750000E+00 0.250000000E+00 0.281250000E+00
 0.312500000E+00 0.343750000E+00 0.375000000E+00 0.406250000E+00 0.437500000E+00
 0.468750000E+00 0.500000000E+00 0.531250000E+00 0.562500000E+00 0.593750000E+00
 0.625000000E+00 0.656250000E+00 0.687500000E+00 0.718750000E+00 0.750000000E+00
 0.781250000E+00 0.812500000E+00 0.843750000E+00 0.875000000E+00 0.906250000E+00
 0.937500000E+00 0.968750000E+00 0.100000000E+01
