  3.2434614e+000  2.6685216e-001
  2.9415201e+000  3.4806343e-001
  2.7703572e+000  3.7242862e-001
  2.6046232e+000  4.2487722e-001
  2.3455146e+000  4.5874894e-001
  2.0633007e+000  5.6555236e-001
  1.9487338e+000  5.3913947e-001
  1.7098513e+000  6.5103809e-001
  1.1951711e+000  9.4536642e-001
  9.2091766e-001  1.1777902e+000
  6.6547673e-001  1.2369349e+000
 -9.8601340e-002  3.6199389e+000
 -2.7138938e-001  3.2650867e+000
 -5.9361010e-001  2.3032887e-001
 -9.2708720e-001  5.1118517e-002
 -1.2730318e+000  5.1640702e-002
