  3.2434614e+000  1.4072049e+001
  3.0991670e+000  1.3126382e+001
  2.9415201e+000  1.3677655e+001
  2.7703572e+000  1.5878807e+001
  2.6046232e+000  1.6066648e+001
  2.3455146e+000  1.7083785e+001
  2.0633007e+000  1.8988912e+001
  1.9487338e+000  1.9819039e+001
  1.7098513e+000  2.0564910e+001
  1.4584328e+000  2.3555622e+001
  1.1951711e+000  3.2196978e+001
  9.2091766e-001  4.0329536e+001
  6.6547673e-001  4.0797694e+001
 -9.8601340e-002  1.0680406e+001
 -5.9361010e-001  1.3925381e+001
 -9.2708720e-001  3.2280762e+000
 -1.2730318e+000  2.6488105e+000
 -1.6328897e+000  2.5845243e+000
