   1.27015        0.0000
   1.26968        0.0000
   1.26920        0.0000
   1.26872        0.0000
   1.26825        0.0000
   1.26777        0.0000
   1.26729        0.0000
   1.26680        0.0000
   1.26632        0.0000
   1.26583        0.0000
   1.26535        0.0000
   1.26486        0.0000
   1.26437        0.0000
   1.26388        0.0000
   1.26338        0.0000
   1.26289        0.0000
   1.26239        0.0000
   1.26190        0.0000
   1.26140        0.0000
   1.26090        0.0000
   1.26040        0.0000
   1.25990        0.0000
   1.25939        0.0000
   1.25889        0.0000
   1.25838        0.0000
   1.25787        0.0000
   1.25736        0.0000
   1.25685        0.0000
   1.25633        0.0000
   1.25582        0.0000
   1.25530        0.0000
   1.25478        0.0000
   1.25426        0.0000
   1.25374        0.0000
   1.25322        0.0000
   1.25270        0.0000
   1.25217        0.0000
   1.25164        0.0000
   1.25112        0.0000
   1.25059        0.0000
   1.25005        0.0000
   1.24952        0.0000
   1.24899        0.0000
   1.24845        0.0000
   1.24791        0.0000
   1.24737        0.0000
   1.24683        0.0000
   1.24628        0.0000
   1.24574        0.0000
   1.24519        0.0000
   1.24465        0.0000
   1.24410        0.0000
   1.24354        0.0000
   1.24299        0.0000
   1.24244        0.0000
   1.24188        0.0000
   1.24132        0.0000
   1.24076        0.0000
   1.24020        0.0000
   1.23964        0.0000
   1.23908        0.0000
   1.23851        0.0000
   1.23794        0.0000
   1.23737        0.0000
   1.23680        0.0000
   1.23623        0.0000
   1.23565        0.0000
   1.23508        0.0000
   1.23450        0.0000
   1.23392        0.0000
   1.23334        0.0000
   1.23275        0.0000
   1.23217        0.0000
   1.23158        0.0000
   1.23099        0.0000
   1.23040        0.0000
   1.22981        0.0000
   1.22922        0.0000
   1.22862        0.0000
   1.22802        0.0000
   1.22742        0.0000
   1.22682        0.0000
   1.22622        0.0000
   1.22562        0.0000
   1.22501        0.0000
   1.22440        0.0000
   1.22379        0.0000
   1.22318        0.0000
   1.22257        0.0000
   1.22195        0.0000
   1.22133        0.0000
   1.22071        0.0000
   1.22009        0.0000
   1.21947        0.0000
   1.21885        0.0000
   1.21822        0.0000
   1.21759        0.0000
   1.21696        0.0000
   1.21633        0.0000
   1.21570        0.0000
   1.21506        0.0000
   1.21442        0.0000
   1.21379        0.0000
   1.21314        0.0000
   1.21250        0.0000
   1.21186        0.0000
   1.21121        0.0000
   1.21056        0.0000
   1.20991        0.0000
   1.20926        0.0000
   1.20860        0.0000
   1.20795        0.0000
   1.20729        0.0000
   1.20663        0.0000
   1.20597        0.0000
   1.20530        0.0000
   1.20464        0.0000
   1.20397        0.0000
   1.20330        0.0000
   1.20263        0.0000
   1.20196        0.0000
   1.20128        0.0000
   1.20060        0.0000
   1.19992        0.0000
   1.19924        0.0000
   1.19856        0.0000
   1.19788        0.0000
   1.19719        0.0000
   1.19650        0.0000
   1.19581        0.0000
   1.19512        0.0000
   1.19442        0.0000
   1.19372        0.0000
   1.19302        0.0000
   1.19232        0.0000
   1.19162        0.0000
   1.19092        0.0000
   1.19021        0.0000
   1.18950        0.0000
   1.18879        0.0000
   1.18808        0.0000
   1.18736        0.0000
   1.18665        0.0000
   1.18593        0.0000
   1.18521        0.0000
   1.18448        0.0000
   1.18376        0.0000
   1.18303        0.0000
   1.18230        0.0000
   1.18157        0.0000
   1.18084        0.0000
   1.18010        0.0000
   1.17937        0.0000
   1.17863        0.0000
   1.17789        0.0000
   1.17714        0.0000
   1.17640        0.0000
   1.17565        0.0000
   1.17490        0.0000
   1.17415        0.0000
   1.17340        0.0000
   1.17264        0.0000
   1.17188        0.0000
   1.17112        0.0000
   1.17036        0.0000
   1.16960        0.0000
   1.16883        0.0000
   1.16806        0.0000
   1.16729        0.0000
   1.16652        0.0000
   1.16575        0.0000
   1.16497        0.0000
   1.16419        0.0000
   1.16341        0.0000
   1.16263        0.0000
   1.16184        0.0000
   1.16105        0.0000
   1.16027        0.0000
   1.15947        0.0000
   1.15868        0.0000
   1.15789        0.0000
   1.15709        0.0000
   1.15629        0.0000
   1.15549        0.0000
   1.15468        0.0000
   1.15388        0.0000
   1.15307        0.0000
   1.15226        0.0000
   1.15144        0.0000
   1.15063        0.0000
   1.14981        0.0000
   1.14899        0.0000
   1.14817        0.0000
   1.14735        0.0000
   1.14652        0.0000
   1.14570        0.0000
   1.14487        0.0000
   1.14403        0.0000
   1.14320        0.0000
   1.14236        0.0000
   1.14236        0.0000
   1.14195        0.0000
   1.14153        0.0000
   1.14110        0.0000
   1.14067        0.0000
   1.14023        0.0000
   1.13978        0.0000
   1.13933        0.0000
   1.13888        0.0000
   1.13842        0.0000
   1.13795        0.0000
   1.13748        0.0000
   1.13700        0.0000
   1.13651        0.0000
   1.13602        0.0000
   1.13552        0.0000
   1.13502        0.0000
   1.13451        0.0000
   1.13400        0.0000
   1.13348        0.0000
   1.13296        0.0000
   1.13243        0.0000
   1.13189        0.0000
   1.13135        0.0000
   1.13080        0.0000
   1.13024        0.0000
   1.12968        0.0000
   1.12912        0.0000
   1.12855        0.0000
   1.12797        0.0000
   1.12739        0.0000
   1.12680        0.0000
   1.12620        0.0000
   1.12560        0.0000
   1.12500        0.0000
   1.12438        0.0000
   1.12377        0.0000
   1.12314        0.0000
   1.12251        0.0000
   1.12188        0.0000
   1.12124        0.0000
   1.12059        0.0000
   1.11994        0.0000
   1.11928        0.0000
   1.11862        0.0000
   1.11795        0.0000
   1.11727        0.0000
   1.11659        0.0000
   1.11590        0.0000
   1.11521        0.0000
   1.11451        0.0000
   1.11380        0.0000
   1.11309        0.0000
   1.11237        0.0000
   1.11165        0.0000
   1.11092        0.0000
   1.11019        0.0000
   1.10945        0.0000
   1.10870        0.0000
   1.10795        0.0000
   1.10719        0.0000
   1.10643        0.0000
   1.10566        0.0000
   1.10489        0.0000
   1.10410        0.0000
   1.10332        0.0000
   1.10253        0.0000
   1.10173        0.0000
   1.10092        0.0000
   1.10011        0.0000
   1.09930        0.0000
   1.09847        0.0000
   1.09765        0.0000
   1.09681        0.0000
   1.09597        0.0000
   1.09513        0.0000
   1.09428        0.0000
   1.09342        0.0000
   1.09256       35.8780
   1.09169       35.8840
   1.09081       35.8930
   1.08993       35.9260
   1.08904       35.9570
   1.08815       35.9690
   1.08725       38.5580
   1.08635       38.6960
   1.08544       38.7140
   1.08452       38.7250
   1.08360       38.7280
   1.08267       39.1300
   1.08174       41.4560
   1.08080       41.4530
   1.07985       41.4510
   1.07890       41.4490
   1.07794       41.4430
   1.07698       42.8750
   1.07601       44.0260
   1.07504       44.0210
   1.07405       44.0190
   1.07307       44.0140
   1.07207       44.1470
   1.07108       45.7620
   1.07007       45.7780
   1.06906       45.8040
   1.06804       45.8310
   1.06702       45.8460
   1.06599       46.3240
   1.06496       46.4950
   1.06392       46.5560
   1.06287       46.6260
   1.06182       46.6490
   1.06076       46.2740
   1.05970       45.7070
   1.05863       44.9560
   1.05755       44.3230
   1.05647       43.4640
   1.05538       43.3580
   1.05429       42.5040
   1.05319       42.1120
   1.05208       42.1190
   1.05097       40.9570
   1.04985       40.6150
   1.04873       40.5760
   1.04760       40.4340
   1.04646       36.7820
   1.04532       36.7870
   1.04417       36.8080
   1.04302       36.8620
   1.04186       35.4740
   1.04069       29.7230
   1.03952       29.7070
   1.03834       29.6490
   1.03716       29.6060
   1.03597       29.5890
   1.03478       29.5810
   1.03357        0.0000
   1.03237        0.0000
   1.03115        0.0000
   1.02993        0.0000
   1.02871        0.0000
   1.02748        0.0000
   1.02624        0.0000
   1.02499        0.0000
   1.02375        0.0000
   1.02249        0.0000
   1.02123        0.0000
   1.01996        0.0000
   1.01869        0.0000
   1.01741        0.0000
   1.01612        0.0000
   1.01483        0.0000
   1.01353        0.0000
   1.01223        0.0000
   1.01092        0.0000
   1.00960        0.0000
   1.00828        0.0000
   1.00695        0.0000
   1.00562        0.0000
   1.00428        0.0000
   1.00293        0.0000
   1.00158        0.0000
   1.00022        0.0000
   0.99886        0.0000
   0.99749        0.0000
   0.99611        0.0000
   0.99473        0.0000
   0.99334        0.0000
   0.99195        0.0000
   0.99055        0.0000
   0.98914        0.0000
   0.98773        0.0000
   0.98631        0.0000
   0.98489        0.0000
   0.98346        0.0000
   0.98202        0.0000
   0.98058        0.0000
   0.97913        0.0000
   0.97767        0.0000
   0.97621        0.0000
   0.97475        0.0000
   0.97327        0.0000
   0.97179        0.0000
   0.97031        0.0000
   0.96882        0.0000
   0.96732        0.0000
   0.96581        0.0000
   0.96431        0.0000
   0.96279        0.0000
   0.96127        0.0000
   0.95974        0.0000
   0.95821        0.0000
   0.95667        0.0000
   0.95512        0.0000
   0.95357        0.0000
   0.95201        0.0000
   0.95045        0.0000
   0.94888        0.0000
   0.94730        0.0000
   0.94572        0.0000
   0.94413        0.0000
