   1.00280        0.0000
   1.00418        0.0000
   1.00555        0.0000
   1.00691        0.0000
   1.00827        0.0000
   1.00962        0.0000
   1.01096        0.0000
   1.01229        0.0000
   1.01362        0.0000
   1.01494        0.0000
   1.01625        0.0000
   1.01755        0.0000
   1.01884        0.0000
   1.02013        0.0000
   1.02141        0.0000
   1.02268        0.0000
   1.02395        0.0000
   1.02521        0.0000
   1.02645        0.0000
   1.02770        0.0000
   1.02893        0.0000
   1.03016        0.0000
   1.03138        0.0000
   1.03259        0.0000
   1.03379        5.3242
   1.03499        5.3239
   1.03618        5.3240
   1.03736        5.3243
   1.03854        5.3254
   1.03970        5.3282
   1.04087        5.3304
   1.04202        7.6753
   1.04316        7.8654
   1.04430        7.8644
   1.04543        7.8575
   1.04656        8.3663
   1.04767        9.5891
   1.04878        9.5825
   1.04988        9.5758
   1.05098       10.3320
   1.05207       11.3810
   1.05315       11.3780
   1.05422       12.0630
   1.05529       13.0540
   1.05635       13.2610
   1.05740       14.2480
   1.05844       14.8540
   1.05948       15.5800
   1.06051       16.1050
   1.06153       16.6760
   1.06255       16.6770
   1.06356       16.6770
   1.06456       16.6750
   1.06556       16.6730
   1.06655       15.7060
   1.06753       15.6180
   1.06850       15.6170
   1.06947       15.6160
   1.07043       15.6150
   1.07139       15.1640
   1.07233       14.3320
   1.07327       14.3300
   1.07421       14.3280
   1.07513       14.3270
   1.07605       14.3260
   1.07696       13.4820
   1.07787       12.8710
   1.07877       12.8760
   1.07966       12.8800
   1.08055       12.8830
   1.08142       12.8850
   1.08230       12.1660
   1.08316       11.5960
   1.08402       11.6040
   1.08487       11.6110
   1.08572       11.6160
   1.08655       11.6190
   1.08738       11.3030
   1.08821       10.3570
   1.08903       10.3580
   1.08984       10.3580
   1.09064       10.3580
   1.09144       10.3650
   1.09223       10.3660
   1.09302       10.3670
   1.09379        0.0000
   1.09456        0.0000
   1.09533        0.0000
   1.09609        0.0000
   1.09684        0.0000
   1.09758        0.0000
   1.09832        0.0000
   1.09905        0.0000
   1.09978        0.0000
   1.10050        0.0000
   1.10121        0.0000
   1.10191        0.0000
   1.10261        0.0000
   1.10330        0.0000
   1.10399        0.0000
   1.10467        0.0000
   1.10534        0.0000
   1.10601        0.0000
   1.10667        0.0000
   1.10732        0.0000
   1.10797        0.0000
   1.10861        0.0000
   1.10924        0.0000
   1.10987        0.0000
   1.11049        0.0000
   1.11111        0.0000
   1.11171        0.0000
   1.11232        0.0000
   1.11291        0.0000
   1.11350        0.0000
   1.11408        0.0000
   1.11466        0.0000
   1.11523        0.0000
   1.11579        0.0000
   1.11635        0.0000
   1.11690        0.0000
   1.11744        0.0000
   1.11798        0.0000
   1.11851        0.0000
   1.11904        0.0000
   1.11956        0.0000
   1.12007        0.0000
   1.12058        0.0000
   1.12108        0.0000
   1.12157        0.0000
   1.12206        0.0000
   1.12254        0.0000
   1.12301        0.0000
   1.12348        0.0000
   1.12394        0.0000
   1.12440        0.0000
   1.12485        0.0000
   1.12529        0.0000
   1.12573        0.0000
   1.12616        0.0000
   1.12658        0.0000
   1.12700        0.0000
   1.12741        0.0000
   1.12782        0.0000
   1.12821        0.0000
   1.12861        0.0000
   1.12899        0.0000
   1.12937        0.0000
   1.12975        0.0000
   1.13012        0.0000
   1.13048        0.0000
   1.13083        0.0000
   1.13118        0.0000
   1.13152        0.0000
   1.13186        0.0000
   1.13219        0.0000
   1.13251        0.0000
   1.13283        0.0000
   1.13314        0.0000
   1.13345        0.0000
   1.13375        0.0000
   1.13404        0.0000
   1.13433        0.0000
   1.13461        0.0000
   1.13488        0.0000
   1.13515        0.0000
   1.13541        0.0000
   1.13567        0.0000
   1.13592        0.0000
   1.13616        0.0000
   1.13640        0.0000
   1.13663        0.0000
   1.13685        0.0000
   1.13707        0.0000
   1.13728        0.0000
   1.13749        0.0000
   1.13769        0.0000
   1.13788        0.0000
   1.13807        0.0000
   1.13825        0.0000
   1.13843        0.0000
   1.13859        0.0000
   1.13876        0.0000
   1.13891        0.0000
   1.13906        0.0000
   1.13921        0.0000
   1.13935        0.0000
   1.13948        0.0000
   1.13960        0.0000
   1.13972        0.0000
   1.13983        0.0000
   1.13994        0.0000
   1.14004        0.0000
   1.14013        0.0000
   1.14022        0.0000
   1.14030        0.0000
   1.14038        0.0000
   1.14045        0.0000
   1.14051        0.0000
   1.14057        0.0000
   1.14057        0.0000
   1.14088        0.0000
   1.14120        0.0000
   1.14151        0.0000
   1.14182        0.0000
   1.14213        0.0000
   1.14243        0.0000
   1.14274        0.0000
   1.14305        0.0000
   1.14335        0.0000
   1.14365        0.0000
   1.14396        0.0000
   1.14426        0.0000
   1.14456        0.0000
   1.14486        0.0000
   1.14516        0.0000
   1.14545        0.0000
   1.14575        0.0000
   1.14604        0.0000
   1.14634        0.0000
   1.14663        0.0000
   1.14692        0.0000
   1.14721        0.0000
   1.14750        0.0000
   1.14779        0.0000
   1.14807        0.0000
   1.14836        0.0000
   1.14864        0.0000
   1.14893        0.0000
   1.14921        0.0000
   1.14949        0.0000
   1.14977        0.0000
   1.15005        0.0000
   1.15033        0.0000
   1.15060        0.0000
   1.15088        0.0000
   1.15115        0.0000
   1.15143        0.0000
   1.15170        0.0000
   1.15197        0.0000
   1.15224        0.0000
   1.15251        0.0000
   1.15278        0.0000
   1.15305        0.0000
   1.15331        0.0000
   1.15358        0.0000
   1.15384        0.0000
   1.15411        0.0000
   1.15437        0.0000
   1.15463        0.0000
   1.15489        0.0000
   1.15515        0.0000
   1.15541        0.0000
   1.15566        0.0000
   1.15592        0.0000
   1.15617        0.0000
   1.15643        0.0000
   1.15668        0.0000
   1.15693        0.0000
   1.15718        0.0000
   1.15743        0.0000
   1.15768        0.0000
   1.15793        0.0000
   1.15817        0.0000
   1.15842        0.0000
   1.15866        0.0000
   1.15891        0.0000
   1.15915        0.0000
   1.15939        0.0000
   1.15963        0.0000
   1.15987        0.0000
   1.16011        0.0000
   1.16034        0.0000
   1.16058        0.0000
   1.16082        0.0000
   1.16105        0.0000
   1.16129        0.0000
   1.16152        0.0000
   1.16175        0.0000
   1.16198        0.0000
   1.16221        0.0000
   1.16244        0.0000
   1.16267        0.0000
   1.16289        0.0000
   1.16312        0.0000
   1.16334        0.0000
   1.16357        0.0000
   1.16379        0.0000
   1.16401        0.0000
   1.16423        0.0000
   1.16445        0.0000
   1.16467        0.0000
   1.16489        0.0000
   1.16511        0.0000
   1.16532        0.0000
   1.16554        0.0000
   1.16575        0.0000
   1.16597        0.0000
   1.16618        0.0000
   1.16639        0.0000
   1.16660        0.0000
   1.16681        0.0000
   1.16702        0.0000
   1.16723        0.0000
   1.16744        0.0000
   1.16764        0.0000
   1.16785        0.0000
   1.16805        0.0000
   1.16826        0.0000
   1.16846        0.0000
   1.16866        0.0000
   1.16886        0.0000
   1.16906        0.0000
   1.16926        0.0000
   1.16946        0.0000
   1.16965        0.0000
   1.16985        0.0000
   1.17005        0.0000
   1.17024        0.0000
   1.17043        0.0000
   1.17063        0.0000
   1.17082        0.0000
   1.17101        0.0000
   1.17120        0.0000
   1.17139        0.0000
   1.17158        0.0000
   1.17177        0.0000
   1.17195        0.0000
   1.17214        0.0000
   1.17232        0.0000
   1.17251        0.0000
   1.17269        0.0000
   1.17287        0.0000
   1.17306        0.0000
   1.17324        0.0000
   1.17342        0.0000
   1.17360        0.0000
   1.17377        0.0000
   1.17395        0.0000
   1.17413        0.0000
   1.17430        0.0000
   1.17448        0.0000
   1.17465        0.0000
   1.17483        0.0000
   1.17500        0.0000
   1.17517        0.0000
   1.17534        0.0000
   1.17551        0.0000
   1.17568        0.0000
   1.17585        0.0000
   1.17602        0.0000
   1.17619        0.0000
   1.17635        0.0000
   1.17652        0.0000
   1.17669        0.0000
   1.17685        0.0000
   1.17701        0.0000
   1.17718        0.0000
   1.17734        0.0000
   1.17750        0.0000
   1.17766        0.0000
   1.17782        0.0000
   1.17798        0.0000
   1.17813        0.0000
   1.17829        0.0000
   1.17845        0.0000
   1.17860        0.0000
   1.17876        0.0000
   1.17891        0.0000
   1.17906        0.0000
   1.17922        0.0000
   1.17937        0.0000
   1.17952        0.0000
   1.17967        0.0000
   1.17982        0.0000
   1.17997        0.0000
   1.18012        0.0000
   1.18027        0.0000
   1.18041        0.0000
   1.18056        0.0000
   1.18071        0.0000
   1.18085        0.0000
   1.18099        0.0000
   1.18114        0.0000
   1.18128        0.0000
   1.18142        0.0000
   1.18156        0.0000
   1.18170        0.0000
   1.18184        0.0000
   1.18198        0.0000
   1.18212        0.0000
   1.18226        0.0000
   1.18240        0.0000
   1.18253        0.0000
   1.18267        0.0000
   1.18280        0.0000
   1.18294        0.0000
   1.18307        0.0000
   1.18320        0.0000
   1.18334        0.0000
