   0.92643     1.7510e+002
   0.94143     1.7510e+002
   0.95995     1.4690e+002
   0.97492     1.2880e+002
   0.98391     1.1730e+002
   0.99091     1.0810e+002
   0.99591     1.0120e+002
   0.99891     9.7390e+001
   1.00143     9.4180e+001
   1.00449     9.0310e+001
   1.00755     8.6760e+001
   1.01060     8.3610e+001
   1.01519     7.9260e+001
   1.02130     7.4220e+001
   1.02741     6.9920e+001
   1.03352     6.6160e+001
   1.03963     6.2730e+001
   1.04576     5.9610e+001
   1.05188     5.6610e+001
   1.05528     5.4420e+001
   1.05680     5.4430e+001
   1.05950     5.3190e+001
   1.06367     5.1180e+001
   1.06898     4.8530e+001
   1.07428     4.5690e+001
   1.07959     4.2560e+001
   1.08488     3.9090e+001
   1.09018     3.5100e+001
