    4   26   35    1    4     /BERYLLIUM          /DICKSON ET AL 1992
--------------------------------------------------------------------------------
    2    1    2    1    1
--------------------------------------------------------------------------------
  10.00000  10.20003  10.40002  10.59999  10.80003  11.00000  11.20003  11.40002
  11.59999  11.80003  12.00000  12.20003  12.40002  12.59999  12.80003  13.00000
  13.20003  13.40002  13.59999  13.80003  14.00000  14.20003  14.40002  14.59999
  14.80003  15.00000
   0.00015   0.10016   0.20015   0.30015   0.40015   0.50015   0.60015   0.70015
   0.80015   0.90015   1.00015   1.10016   1.20015   1.30015   1.40015   1.50015
   1.60015   1.70015   1.80015   1.90015   2.00015   2.20015   2.40015   2.60015
   2.80015   3.00015   3.20015   3.40015   3.60015   3.80015   4.00015   4.20015
   4.40015   4.60015   4.70015
---------------------/ IGRD= 1  / IPRT= 0  /--------/ Z1= 1   / DATE= 16/11/93
 -27.24506 -27.25808 -27.26883 -27.27652 -27.28033 -27.27948 -27.27314 -27.26052
 -27.24081 -27.21321 -27.17692 -27.13181 -27.08061 -27.02667 -26.97338 -26.92416
 -26.88235 -26.85137 -26.83459 -26.83540 -26.85719 -26.90335 -26.97726 -27.08229
 -27.22188 -27.39933
 -26.73399 -26.74691 -26.75762 -26.76531 -26.76920 -26.76850 -26.76240 -26.75012
 -26.73087 -26.70385 -26.66827 -26.62403 -26.57381 -26.52099 -26.46891 -26.42097
 -26.38051 -26.35092 -26.33557 -26.33783 -26.36105 -26.40863 -26.48391 -26.59026
 -26.73110 -26.90971
 -26.35662 -26.36947 -26.38014 -26.38785 -26.39182 -26.39128 -26.38543 -26.37351
 -26.35473 -26.32831 -26.29347 -26.25012 -26.20092 -26.14925 -26.09843 -26.05185
 -26.01284 -25.98477 -25.97100 -25.97489 -25.99977 -26.04904 -26.12601 -26.23405
 -26.37657 -26.55682
 -26.04330 -26.05608 -26.06672 -26.07446 -26.07851 -26.07813 -26.07252 -26.06093
 -26.04258 -26.01670 -25.98254 -25.93999 -25.89173 -25.84111 -25.79145 -25.74614
 -25.70850 -25.68189 -25.66965 -25.67515 -25.70171 -25.75271 -25.83147 -25.94133
 -26.08571 -26.26785
 -25.76553 -25.77826 -25.78888 -25.79663 -25.80076 -25.80051 -25.79512 -25.78382
 -25.76586 -25.74047 -25.70691 -25.66507 -25.61765 -25.56797 -25.51937 -25.47523
 -25.43885 -25.41361 -25.40284 -25.40989 -25.43809 -25.49082 -25.57139 -25.68314
 -25.82948 -26.01366
 -25.52343 -25.53608 -25.54667 -25.55443 -25.55863 -25.55850 -25.55330 -25.54228
 -25.52468 -25.49976 -25.46677 -25.42562 -25.37901 -25.33026 -25.28270 -25.23970
 -25.20459 -25.18072 -25.17142 -25.18006 -25.20995 -25.26447 -25.34693 -25.46068
 -25.60911 -25.79547
 -25.31767 -25.33023 -25.34075 -25.34850 -25.35273 -25.35271 -25.34770 -25.33695
 -25.31973 -25.29529 -25.26290 -25.22248 -25.17673 -25.12896 -25.08251 -25.04075
 -25.00699 -24.98459 -24.97688 -24.98722 -25.01893 -25.07537 -25.15987 -25.27576
 -25.42643 -25.61515
 -25.14862 -25.16102 -25.17143 -25.17912 -25.18337 -25.18344 -25.17861 -25.16815
 -25.15134 -25.12743 -25.09572 -25.05614 -25.01136 -24.96471 -24.91953 -24.87916
 -24.84693 -24.82619 -24.82026 -24.83250 -24.86622 -24.92478 -25.01151 -25.12972
 -25.28282 -25.47405
 -25.01266 -25.02486 -25.03511 -25.04270 -25.04693 -25.04707 -25.04242 -25.03226
 -25.01587 -24.99254 -24.96157 -24.92290 -24.87920 -24.83380 -24.79001 -24.75118
 -24.72063 -24.70170 -24.69772 -24.71200 -24.74788 -24.80871 -24.89778 -25.01843
 -25.17405 -25.36786
 -24.90349 -24.91543 -24.92548 -24.93294 -24.93711 -24.93729 -24.93279 -24.92290
 -24.90693 -24.88418 -24.85396 -24.81623 -24.77365 -24.72954 -24.68719 -24.64997
 -24.62115 -24.60408 -24.60207 -24.61844 -24.65650 -24.71959 -24.81100 -24.93405
 -25.09213 -25.28843
 -24.81491 -24.82658 -24.83639 -24.84367 -24.84775 -24.84792 -24.84352 -24.83387
 -24.81828 -24.79607 -24.76656 -24.72974 -24.68824 -24.64539 -24.60445 -24.56878
 -24.54165 -24.52638 -24.52627 -24.54463 -24.58476 -24.64998 -24.74358 -24.86886
 -25.02918 -25.22776
 -24.74236 -24.75375 -24.76331 -24.77040 -24.77435 -24.77449 -24.77016 -24.76069
 -24.74542 -24.72368 -24.69481 -24.65880 -24.61829 -24.57657 -24.53692 -24.50266
 -24.47706 -24.46341 -24.46502 -24.48517 -24.52715 -24.59427 -24.68980 -24.81703
 -24.97931 -25.17982
 -24.68243 -24.69356 -24.70291 -24.70983 -24.71366 -24.71375 -24.70946 -24.70013
 -24.68511 -24.66375 -24.63541 -24.60006 -24.56037 -24.51960 -24.48101 -24.44792
 -24.42358 -24.41128 -24.41431 -24.43594 -24.47944 -24.54813 -24.64524 -24.77406
 -24.93794 -25.14004
 -24.63193 -24.64289 -24.65208 -24.65887 -24.66262 -24.66269 -24.65843 -24.64920
 -24.63436 -24.61327 -24.58530 -24.55043 -24.51131 -24.47121 -24.43337 -24.40111
 -24.37768 -24.36635 -24.37039 -24.39309 -24.43770 -24.50753 -24.60581 -24.73581
 -24.90088 -25.10418
 -24.59130 -24.60215 -24.61126 -24.61798 -24.62169 -24.62174 -24.61750 -24.60833
 -24.59360 -24.57267 -24.54491 -24.51031 -24.47152 -24.43180 -24.39441 -24.36263
 -24.33972 -24.32896 -24.33362 -24.35697 -24.40227 -24.47281 -24.57183 -24.70260
 -24.86846 -25.07256
 -24.56343 -24.57423 -24.58330 -24.58999 -24.59367 -24.59371 -24.58948 -24.58033
 -24.56563 -24.54475 -24.51706 -24.48256 -24.44389 -24.40430 -24.36707 -24.33548
 -24.31278 -24.30226 -24.30718 -24.33082 -24.37643 -24.44731 -24.54670 -24.67788
 -24.84417 -25.04873
 -24.55127 -24.56206 -24.57111 -24.57779 -24.58146 -24.58148 -24.57722 -24.56804
 -24.55331 -24.53239 -24.50464 -24.47008 -24.43134 -24.39169 -24.35439 -24.32274
 -24.29998 -24.28942 -24.29430 -24.31792 -24.36354 -24.43445 -24.53390 -24.66515
 -24.83156 -25.03628
 -24.55670 -24.56749 -24.57654 -24.58320 -24.58684 -24.58682 -24.58250 -24.57324
 -24.55840 -24.53735 -24.50944 -24.47469 -24.43574 -24.39585 -24.35830 -24.32638
 -24.30335 -24.29250 -24.29712 -24.32047 -24.36583 -24.43650 -24.53574 -24.66680
 -24.83305 -25.03765
 -24.56846 -24.57927 -24.58832 -24.59497 -24.59857 -24.59848 -24.59406 -24.58466
 -24.56964 -24.54836 -24.52019 -24.48511 -24.44578 -24.40548 -24.36747 -24.33507
 -24.31155 -24.30019 -24.30428 -24.32712 -24.37196 -24.44213 -24.54087 -24.67148
 -24.83729 -25.04150
 -24.56661 -24.57748 -24.58655 -24.59319 -24.59675 -24.59657 -24.59200 -24.58241
 -24.56713 -24.54551 -24.51693 -24.48136 -24.44146 -24.40053 -24.36184 -24.32870
 -24.30441 -24.29226 -24.29553 -24.31754 -24.36157 -24.43092 -24.52887 -24.65872
 -24.82381 -25.02734
 -24.53496 -24.54591 -24.55504 -24.56169 -24.56520 -24.56492 -24.56017 -24.55032
 -24.53469 -24.51263 -24.48348 -24.44724 -24.40657 -24.36477 -24.32514 -24.29100
 -24.26564 -24.25238 -24.25453 -24.27539 -24.31827 -24.38649 -24.48333 -24.61210
 -24.77617 -24.97874
 -24.54593 -24.55706 -24.56631 -24.57299 -24.57645 -24.57600 -24.57097 -24.56069
 -24.54449 -24.52168 -24.49161 -24.45425 -24.41227 -24.36901 -24.32778 -24.29194
 -24.26478 -24.24966 -24.24989 -24.26882 -24.30975 -24.37605 -24.47101 -24.59795
 -24.76029 -24.96122
 -24.83590 -24.84703 -24.85628 -24.86297 -24.86642 -24.86597 -24.86093 -24.85064
 -24.83442 -24.81158 -24.78148 -24.74407 -24.70205 -24.65874 -24.61746 -24.58155
 -24.55433 -24.53914 -24.53930 -24.55816 -24.59903 -24.66525 -24.76014 -24.88703
 -25.04929 -25.25017
 -25.13589 -25.14703 -25.15627 -25.16296 -25.16642 -25.16596 -25.16093 -25.15063
 -25.13441 -25.11158 -25.08147 -25.04407 -25.00205 -24.95874 -24.91745 -24.88154
 -24.85432 -24.83913 -24.83930 -24.85815 -24.89902 -24.96525 -25.06014 -25.18702
 -25.34929 -25.55017
 -25.43589 -25.44703 -25.45628 -25.46296 -25.46642 -25.46597 -25.46093 -25.45064
 -25.43441 -25.41158 -25.38147 -25.34407 -25.30205 -25.25874 -25.21745 -25.18154
 -25.15432 -25.13913 -25.13930 -25.15816 -25.19902 -25.26525 -25.36014 -25.48702
 -25.64929 -25.85017
 -25.73590 -25.74703 -25.75628 -25.76297 -25.76642 -25.76597 -25.76093 -25.75064
 -25.73442 -25.71158 -25.68147 -25.64407 -25.60205 -25.55874 -25.51745 -25.48155
 -25.45433 -25.43914 -25.43930 -25.45816 -25.49902 -25.56525 -25.66014 -25.78702
 -25.94929 -26.15017
 -26.03589 -26.04703 -26.05628 -26.06296 -26.06642 -26.06597 -26.06093 -26.05063
 -26.03441 -26.01158 -25.98147 -25.94407 -25.90205 -25.85874 -25.81745 -25.78154
 -25.75432 -25.73913 -25.73930 -25.75816 -25.79902 -25.86525 -25.96014 -26.08702
 -26.24929 -26.45017
 -26.33590 -26.34703 -26.35628 -26.36297 -26.36642 -26.36597 -26.36093 -26.35064
 -26.33442 -26.31158 -26.28148 -26.24407 -26.20205 -26.15874 -26.11746 -26.08155
 -26.05433 -26.03914 -26.03930 -26.05816 -26.09903 -26.16525 -26.26014 -26.38703
 -26.54929 -26.75017
 -26.63589 -26.64703 -26.65627 -26.66296 -26.66642 -26.66596 -26.66093 -26.65063
 -26.63441 -26.61158 -26.58147 -26.54407 -26.50205 -26.45874 -26.41745 -26.38154
 -26.35432 -26.33913 -26.33930 -26.35815 -26.39902 -26.46525 -26.56014 -26.68702
 -26.84929 -27.05017
 -26.93589 -26.94703 -26.95628 -26.96296 -26.96642 -26.96597 -26.96093 -26.95064
 -26.93441 -26.91158 -26.88147 -26.84407 -26.80205 -26.75874 -26.71745 -26.68154
 -26.65432 -26.63913 -26.63930 -26.65816 -26.69902 -26.76525 -26.86014 -26.98702
 -27.14929 -27.35017
 -27.23590 -27.24703 -27.25628 -27.26297 -27.26642 -27.26597 -27.26093 -27.25064
 -27.23442 -27.21158 -27.18147 -27.14407 -27.10205 -27.05874 -27.01745 -26.98155
 -26.95433 -26.93914 -26.93930 -26.95816 -26.99902 -27.06525 -27.16014 -27.28702
 -27.44929 -27.65017
 -27.53589 -27.54703 -27.55628 -27.56296 -27.56642 -27.56597 -27.56093 -27.55063
 -27.53441 -27.51158 -27.48147 -27.44407 -27.40205 -27.35874 -27.31745 -27.28154
 -27.25432 -27.23913 -27.23930 -27.25816 -27.29902 -27.36525 -27.46014 -27.58702
 -27.74929 -27.95017
 -27.83590 -27.84703 -27.85628 -27.86297 -27.86642 -27.86597 -27.86093 -27.85064
 -27.83442 -27.81158 -27.78148 -27.74407 -27.70205 -27.65874 -27.61746 -27.58155
 -27.55433 -27.53914 -27.53930 -27.55816 -27.59903 -27.66525 -27.76014 -27.88703
 -28.04930 -28.25017
 -28.13589 -28.14703 -28.15627 -28.16296 -28.16642 -28.16596 -28.16093 -28.15063
 -28.13441 -28.11158 -28.08147 -28.04407 -28.00205 -27.95874 -27.91745 -27.88154
 -27.85432 -27.83913 -27.83930 -27.85815 -27.89902 -27.96525 -28.06014 -28.18702
 -28.34929 -28.55017
 -28.28590 -28.29703 -28.30628 -28.31297 -28.31643 -28.31597 -28.31093 -28.30064
 -28.28442 -28.26158 -28.23148 -28.19407 -28.15205 -28.10874 -28.06746 -28.03155
 -28.00433 -27.98914 -27.98931 -28.00816 -28.04903 -28.11525 -28.21014 -28.33703
 -28.49930 -28.70017
---------------------/ IGRD= 2  / IPRT= 0  /--------/ Z1= 1   / DATE= 16/11/93
 -26.27741 -26.29018 -26.30259 -26.31366 -26.32230 -26.32743 -26.32798 -26.32285
 -26.31098 -26.29128 -26.26268 -26.22482 -26.18031 -26.13249 -26.08467 -26.04021
 -26.00243 -25.97467 -25.96027 -25.96256 -25.98487 -26.03054 -26.10290 -26.20527
 -26.34105 -26.51347
 -26.03865 -26.05101 -26.06307 -26.07390 -26.08247 -26.08775 -26.08872 -26.08435
 -26.07361 -26.05547 -26.02891 -25.99360 -25.95207 -25.90756 -25.86329 -25.82249
 -25.78840 -25.76425 -25.75326 -25.75868 -25.78372 -25.83164 -25.90564 -26.00895
 -26.14487 -26.31652
 -25.83670 -25.84773 -25.85853 -25.86818 -25.87576 -25.88032 -25.88093 -25.87666
 -25.86656 -25.84971 -25.82517 -25.79267 -25.75466 -25.71422 -25.67444 -25.63846
 -25.60934 -25.59021 -25.58416 -25.59429 -25.62369 -25.67549 -25.75276 -25.85860
 -25.99617 -26.16848
 -25.66884 -25.67894 -25.68882 -25.69760 -25.70442 -25.70842 -25.70874 -25.70453
 -25.69493 -25.67909 -25.65614 -25.62586 -25.59063 -25.55345 -25.51729 -25.48518
 -25.46011 -25.44509 -25.44310 -25.45716 -25.49026 -25.54542 -25.62561 -25.73384
 -25.87315 -26.04646
 -25.52995 -25.53988 -25.54954 -25.55809 -25.56472 -25.56862 -25.56896 -25.56495
 -25.55578 -25.54063 -25.51869 -25.48977 -25.45621 -25.42095 -25.38693 -25.35712
 -25.33445 -25.32187 -25.32234 -25.33880 -25.37420 -25.43151 -25.51364 -25.62355
 -25.76423 -25.93856
 -25.41305 -25.42328 -25.43316 -25.44187 -25.44863 -25.45265 -25.45314 -25.44932
 -25.44041 -25.42561 -25.40414 -25.37583 -25.34301 -25.30860 -25.27553 -25.24676
 -25.22520 -25.21380 -25.21549 -25.23321 -25.26989 -25.32847 -25.41188 -25.52304
 -25.66495 -25.84044
 -25.31115 -25.32185 -25.33207 -25.34105 -25.34799 -25.35213 -25.35270 -25.34891
 -25.34000 -25.32518 -25.30369 -25.27536 -25.24254 -25.20817 -25.17518 -25.14655
 -25.12520 -25.11410 -25.11620 -25.13444 -25.17176 -25.23113 -25.31548 -25.42775
 -25.57096 -25.74794
 -25.21768 -25.22872 -25.23917 -25.24825 -25.25519 -25.25924 -25.25962 -25.25557
 -25.24632 -25.23109 -25.20914 -25.18030 -25.14695 -25.11205 -25.07858 -25.04953
 -25.02788 -25.01660 -25.01867 -25.03708 -25.07479 -25.13480 -25.22008 -25.33359
 -25.47837 -25.65731
 -25.13153 -25.14276 -25.15324 -25.16224 -25.16900 -25.17274 -25.17272 -25.16816
 -25.15832 -25.14242 -25.11971 -25.09006 -25.05586 -25.02013 -24.98586 -24.95611
 -24.93387 -24.92217 -24.92403 -24.94246 -24.98047 -25.04110 -25.12735 -25.24223
 -25.38882 -25.57004
 -25.05518 -25.06651 -25.07699 -25.08585 -25.09236 -25.09575 -25.09527 -25.09016
 -25.07967 -25.06303 -25.03951 -25.00897 -24.97384 -24.93718 -24.90204 -24.87150
 -24.84859 -24.83638 -24.83794 -24.85632 -24.89456 -24.95576 -25.04294 -25.15916
 -25.30753 -25.49102
 -24.99090 -25.00237 -25.01288 -25.02168 -25.02803 -25.03116 -25.03034 -25.02479
 -25.01378 -24.99655 -24.97235 -24.94106 -24.90514 -24.86770 -24.83180 -24.80057
 -24.77707 -24.76442 -24.76571 -24.78403 -24.82247 -24.88414 -24.97211 -25.08948
 -25.23939 -25.42485
 -24.93756 -24.94919 -24.95979 -24.96860 -24.97487 -24.97786 -24.97681 -24.97098
 -24.95961 -24.94194 -24.91725 -24.88540 -24.84890 -24.81085 -24.77438 -24.74263
 -24.71869 -24.70571 -24.70681 -24.72510 -24.76371 -24.82579 -24.91441 -25.03272
 -25.18389 -25.37094
 -24.89177 -24.90351 -24.91416 -24.92296 -24.92917 -24.93203 -24.93080 -24.92473
 -24.91307 -24.89507 -24.86999 -24.83771 -24.80076 -24.76226 -24.72536 -24.69322
 -24.66897 -24.65577 -24.65676 -24.67508 -24.71388 -24.77632 -24.86552 -24.98463
 -25.13685 -25.32523
 -24.85036 -24.86212 -24.87271 -24.88141 -24.88747 -24.89015 -24.88869 -24.88235
 -24.87040 -24.85208 -24.82665 -24.79401 -24.75669 -24.71784 -24.68062 -24.64820
 -24.62374 -24.61042 -24.61138 -24.62980 -24.66882 -24.73164 -24.82139 -24.94124
 -25.09440 -25.28393
 -24.81479 -24.82644 -24.83689 -24.84541 -24.85125 -24.85367 -24.85193 -24.84530
 -24.83304 -24.81439 -24.78864 -24.75568 -24.71805 -24.67892 -24.64145 -24.60885
 -24.58426 -24.57088 -24.57187 -24.59042 -24.62970 -24.69289 -24.78315 -24.90365
 -25.05763 -25.24816
 -24.78967 -24.80117 -24.81144 -24.81974 -24.82534 -24.82750 -24.82550 -24.81859
 -24.80604 -24.78711 -24.76108 -24.72785 -24.68997 -24.65062 -24.61297 -24.58022
 -24.55555 -24.54214 -24.54318 -24.56186 -24.60134 -24.66484 -24.75551 -24.87653
 -25.03115 -25.22245
 -24.77967 -24.79104 -24.80115 -24.80928 -24.81469 -24.81665 -24.81443 -24.80730
 -24.79453 -24.77538 -24.74914 -24.71571 -24.67764 -24.63812 -24.60033 -24.56747
 -24.54272 -24.52927 -24.53032 -24.54906 -24.58866 -24.65234 -24.74325 -24.86460
 -25.01962 -25.21141
 -24.78830 -24.79961 -24.80965 -24.81770 -24.82302 -24.82488 -24.82256 -24.81531
 -24.80243 -24.78316 -24.75679 -24.72322 -24.68502 -24.64538 -24.60746 -24.57448
 -24.54963 -24.53610 -24.53707 -24.55576 -24.59534 -24.65902 -24.74997 -24.87138
 -25.02650 -25.21843
 -24.80485 -24.81617 -24.82621 -24.83426 -24.83957 -24.84142 -24.83908 -24.83181
 -24.81888 -24.79956 -24.77312 -24.73947 -24.70117 -24.66140 -24.62335 -24.59023
 -24.56522 -24.55152 -24.55232 -24.57082 -24.61021 -24.67369 -24.76444 -24.88565
 -25.04057 -25.23230
 -24.80922 -24.82054 -24.83059 -24.83866 -24.84399 -24.84585 -24.84351 -24.83624
 -24.82329 -24.80392 -24.77741 -24.74367 -24.70524 -24.66533 -24.62709 -24.59377
 -24.56852 -24.55455 -24.55506 -24.57323 -24.61227 -24.67537 -24.76570 -24.88647
 -25.04091 -25.23213
 -24.78491 -24.79618 -24.80620 -24.81424 -24.81955 -24.82139 -24.81901 -24.81169
 -24.79867 -24.77921 -24.75259 -24.71870 -24.68009 -24.63995 -24.60147 -24.56784
 -24.54226 -24.52792 -24.52801 -24.54573 -24.58425 -24.64680 -24.73653 -24.85665
 -25.01039 -25.20086
 -24.80702 -24.81816 -24.82806 -24.83599 -24.84119 -24.84291 -24.84042 -24.83295
 -24.81976 -24.80011 -24.77324 -24.73906 -24.70012 -24.65959 -24.62065 -24.58652
 -24.56036 -24.54538 -24.54476 -24.56170 -24.59936 -24.66097 -24.74968 -24.86869
 -25.02123 -25.21041
 -25.09736 -25.10849 -25.11839 -25.12631 -25.13151 -25.13323 -25.13073 -25.12325
 -25.11006 -25.09040 -25.06352 -25.02933 -24.99037 -24.94983 -24.91088 -24.87673
 -24.85055 -24.83555 -24.83491 -24.85181 -24.88944 -24.95102 -25.03970 -25.15866
 -25.31116 -25.50029
 -25.39736 -25.40849 -25.41839 -25.42631 -25.43150 -25.43322 -25.43072 -25.42325
 -25.41006 -25.39039 -25.36352 -25.32933 -25.29037 -25.24983 -25.21087 -25.17672
 -25.15055 -25.13554 -25.13490 -25.15180 -25.18944 -25.25101 -25.33969 -25.45865
 -25.61116 -25.80029
 -25.69736 -25.70849 -25.71839 -25.72631 -25.73150 -25.73323 -25.73072 -25.72325
 -25.71006 -25.69039 -25.66352 -25.62933 -25.59037 -25.54983 -25.51088 -25.47673
 -25.45055 -25.43555 -25.43490 -25.45181 -25.48944 -25.55101 -25.63969 -25.75866
 -25.91116 -26.10029
 -25.99736 -26.00849 -26.01839 -26.02631 -26.03151 -26.03323 -26.03073 -26.02325
 -26.01006 -25.99040 -25.96352 -25.92933 -25.89037 -25.84983 -25.81088 -25.77673
 -25.75055 -25.73555 -25.73490 -25.75181 -25.78944 -25.85102 -25.93969 -26.05866
 -26.21116 -26.40029
 -26.29736 -26.30849 -26.31839 -26.32631 -26.33150 -26.33322 -26.33072 -26.32325
 -26.31006 -26.29039 -26.26352 -26.22933 -26.19037 -26.14983 -26.11087 -26.07673
 -26.05055 -26.03555 -26.03490 -26.05181 -26.08944 -26.15101 -26.23969 -26.35866
 -26.51116 -26.70029
 -26.59736 -26.60849 -26.61839 -26.62631 -26.63151 -26.63323 -26.63073 -26.62325
 -26.61006 -26.59040 -26.56352 -26.52933 -26.49037 -26.44983 -26.41088 -26.37673
 -26.35055 -26.33555 -26.33491 -26.35181 -26.38944 -26.45102 -26.53970 -26.65866
 -26.81116 -27.00029
 -26.89736 -26.90849 -26.91839 -26.92631 -26.93150 -26.93322 -26.93072 -26.92325
 -26.91006 -26.89039 -26.86352 -26.82933 -26.79037 -26.74983 -26.71087 -26.67672
 -26.65055 -26.63554 -26.63490 -26.65180 -26.68944 -26.75101 -26.83969 -26.95865
 -27.11116 -27.30029
 -27.19736 -27.20849 -27.21839 -27.22631 -27.23150 -27.23323 -27.23072 -27.22325
 -27.21006 -27.19039 -27.16352 -27.12933 -27.09037 -27.04983 -27.01088 -26.97673
 -26.95055 -26.93555 -26.93490 -26.95181 -26.98944 -27.05101 -27.13969 -27.25866
 -27.41116 -27.60029
 -27.49736 -27.50849 -27.51839 -27.52631 -27.53151 -27.53323 -27.53073 -27.52325
 -27.51006 -27.49040 -27.46352 -27.42933 -27.39037 -27.34983 -27.31088 -27.27673
 -27.25055 -27.23555 -27.23490 -27.25181 -27.28944 -27.35102 -27.43969 -27.55866
 -27.71116 -27.90029
 -27.79736 -27.80849 -27.81839 -27.82631 -27.83150 -27.83322 -27.83072 -27.82325
 -27.81006 -27.79039 -27.76352 -27.72933 -27.69037 -27.64983 -27.61087 -27.57673
 -27.55055 -27.53555 -27.53490 -27.55181 -27.58944 -27.65101 -27.73969 -27.85866
 -28.01116 -28.20029
 -28.09736 -28.10849 -28.11839 -28.12631 -28.13151 -28.13323 -28.13073 -28.12325
 -28.11006 -28.09040 -28.06352 -28.02933 -27.99037 -27.94983 -27.91088 -27.87673
 -27.85055 -27.83555 -27.83491 -27.85181 -27.88944 -27.95102 -28.03970 -28.15866
 -28.31116 -28.50029
 -28.39736 -28.40849 -28.41839 -28.42631 -28.43150 -28.43322 -28.43072 -28.42325
 -28.41006 -28.39039 -28.36352 -28.32933 -28.29037 -28.24983 -28.21087 -28.17672
 -28.15055 -28.13554 -28.13490 -28.15180 -28.18944 -28.25101 -28.33969 -28.45865
 -28.61116 -28.80029
 -28.54736 -28.55849 -28.56839 -28.57631 -28.58151 -28.58323 -28.58073 -28.57325
 -28.56006 -28.54040 -28.51353 -28.47933 -28.44038 -28.39983 -28.36088 -28.32673
 -28.30055 -28.28555 -28.28491 -28.30181 -28.33945 -28.40102 -28.48970 -28.60866
 -28.76116 -28.95029
---------------------/ IGRD= 1  / IPRT= 0  /--------/ Z1= 2   / DATE= 16/11/93
 -25.90445 -25.90386 -25.90228 -25.89958 -25.89563 -25.89028 -25.88342 -25.87529
 -25.86654 -25.85781 -25.84979 -25.84313 -25.83849 -25.83654 -25.83794 -25.84336
 -25.85345 -25.86889 -25.89032 -25.91843 -25.95386 -25.99730 -26.04965 -26.11207
 -26.18577 -26.27189
 -25.65908 -25.65851 -25.65698 -25.65438 -25.65056 -25.64540 -25.63877 -25.63092
 -25.62246 -25.61401 -25.60623 -25.59973 -25.59517 -25.59316 -25.59435 -25.59938
 -25.60887 -25.62347 -25.64380 -25.67051 -25.70422 -25.74559 -25.79553 -25.85526
 -25.92603 -26.00903
 -25.53239 -25.53185 -25.53041 -25.52794 -25.52433 -25.51944 -25.51316 -25.50572
 -25.49770 -25.48969 -25.48229 -25.47610 -25.47173 -25.46976 -25.47080 -25.47545
 -25.48431 -25.49796 -25.51703 -25.54210 -25.57376 -25.61265 -25.65967 -25.71611
 -25.78329 -25.86247
 -25.40962 -25.40912 -25.40779 -25.40550 -25.40216 -25.39763 -25.39182 -25.38494
 -25.37751 -25.37008 -25.36321 -25.35746 -25.35337 -25.35150 -25.35240 -25.35662
 -25.36471 -25.37723 -25.39473 -25.41777 -25.44688 -25.48265 -25.52601 -25.57832
 -25.64100 -25.71537
 -25.26045 -25.25999 -25.25878 -25.25670 -25.25364 -25.24951 -25.24421 -25.23792
 -25.23113 -25.22433 -25.21804 -25.21275 -25.20896 -25.20717 -25.20789 -25.21162
 -25.21886 -25.23011 -25.24586 -25.26664 -25.29292 -25.32524 -25.36456 -25.41231
 -25.46999 -25.53906
 -25.11365 -25.11323 -25.11211 -25.11018 -25.10736 -25.10355 -25.09866 -25.09285
 -25.08657 -25.08028 -25.07442 -25.06947 -25.06587 -25.06408 -25.06456 -25.06776
 -25.07415 -25.08417 -25.09829 -25.11697 -25.14065 -25.16982 -25.20545 -25.24907
 -25.30225 -25.36653
 -24.99749 -24.99708 -24.99599 -24.99414 -24.99142 -24.98775 -24.98305 -24.97745
 -24.97140 -24.96530 -24.95959 -24.95470 -24.95106 -24.94910 -24.94924 -24.95192
 -24.95756 -24.96659 -24.97945 -24.99656 -25.01834 -25.04526 -25.07830 -25.11903
 -25.16909 -25.23005
 -24.91701 -24.91658 -24.91548 -24.91361 -24.91086 -24.90716 -24.90241 -24.89677
 -24.89063 -24.88442 -24.87856 -24.87347 -24.86956 -24.86725 -24.86697 -24.86913
 -24.87415 -24.88245 -24.89445 -24.91057 -24.93122 -24.95685 -24.98845 -25.02763
 -25.07604 -25.13529
 -24.86054 -24.86011 -24.85897 -24.85702 -24.85418 -24.85033 -24.84540 -24.83953
 -24.83313 -24.82661 -24.82041 -24.81493 -24.81061 -24.80786 -24.80710 -24.80875
 -24.81324 -24.82098 -24.83240 -24.84792 -24.86794 -24.89293 -24.92388 -24.96239
 -25.01013 -25.06871
 -24.81651 -24.81608 -24.81491 -24.81289 -24.80992 -24.80590 -24.80073 -24.79456
 -24.78781 -24.78090 -24.77427 -24.76834 -24.76354 -24.76029 -24.75904 -24.76020
 -24.76421 -24.77149 -24.78246 -24.79757 -24.81724 -24.84191 -24.87259 -24.91088
 -24.95845 -25.01690
 -24.77994 -24.77953 -24.77834 -24.77625 -24.77316 -24.76895 -24.76352 -24.75704
 -24.74992 -24.74259 -24.73551 -24.72910 -24.72381 -24.72008 -24.71834 -24.71903
 -24.72259 -24.72946 -24.74008 -24.75490 -24.77433 -24.79886 -24.82946 -24.86776
 -24.91539 -24.97396
 -24.75070 -24.75032 -24.74911 -24.74695 -24.74374 -24.73935 -24.73367 -24.72687
 -24.71937 -24.71163 -24.70410 -24.69722 -24.69146 -24.68725 -24.68505 -24.68531
 -24.68847 -24.69500 -24.70534 -24.71994 -24.73924 -24.76373 -24.79441 -24.83285
 -24.88071 -24.93957
 -24.72880 -24.72844 -24.72721 -24.72499 -24.72165 -24.71708 -24.71116 -24.70406
 -24.69621 -24.68808 -24.68013 -24.67282 -24.66661 -24.66197 -24.65936 -24.65923
 -24.66206 -24.66830 -24.67841 -24.69287 -24.71212 -24.73665 -24.76746 -24.80613
 -24.85429 -24.91352
 -24.71420 -24.71384 -24.71257 -24.71027 -24.70681 -24.70208 -24.69594 -24.68856
 -24.68040 -24.67193 -24.66361 -24.65593 -24.64935 -24.64434 -24.64138 -24.64094
 -24.64349 -24.64950 -24.65944 -24.67380 -24.69302 -24.71762 -24.74860 -24.78751
 -24.83597 -24.89557
 -24.70627 -24.70589 -24.70458 -24.70221 -24.69865 -24.69377 -24.68744 -24.67985
 -24.67143 -24.66268 -24.65407 -24.64609 -24.63921 -24.63391 -24.63067 -24.62998
 -24.63230 -24.63813 -24.64794 -24.66221 -24.68141 -24.70606 -24.73714 -24.77623
 -24.82493 -24.88479
 -24.70402 -24.70362 -24.70226 -24.69983 -24.69619 -24.69121 -24.68475 -24.67700
 -24.66840 -24.65946 -24.65064 -24.64244 -24.63535 -24.62983 -24.62639 -24.62549
 -24.62764 -24.63330 -24.64297 -24.65713 -24.67627 -24.70088 -24.73197 -24.77110
 -24.81987 -24.87983
 -24.70640 -24.70599 -24.70462 -24.70216 -24.69848 -24.69344 -24.68692 -24.67909
 -24.67040 -24.66135 -24.65243 -24.64411 -24.63688 -24.63122 -24.62763 -24.62659
 -24.62858 -24.63408 -24.64359 -24.65759 -24.67656 -24.70101 -24.73193 -24.77090
 -24.81951 -24.87932
 -24.71226 -24.71185 -24.71048 -24.70802 -24.70434 -24.69931 -24.69279 -24.68495
 -24.67626 -24.66720 -24.65825 -24.64989 -24.64261 -24.63689 -24.63321 -24.63205
 -24.63390 -24.63924 -24.64855 -24.66232 -24.68102 -24.70516 -24.73574 -24.77433
 -24.82254 -24.88193
 -24.72033 -24.71993 -24.71858 -24.71615 -24.71250 -24.70751 -24.70104 -24.69326
 -24.68464 -24.67563 -24.66673 -24.65841 -24.65114 -24.64541 -24.64168 -24.64044
 -24.64217 -24.64733 -24.65641 -24.66988 -24.68823 -24.71194 -24.74202 -24.78005
 -24.82765 -24.88640
 -24.72953 -24.72914 -24.72781 -24.72541 -24.72181 -24.71689 -24.71051 -24.70284
 -24.69433 -24.68543 -24.67664 -24.66840 -24.66120 -24.65550 -24.65176 -24.65046
 -24.65207 -24.65705 -24.66587 -24.67900 -24.69691 -24.72010 -24.74955 -24.78688
 -24.83370 -24.89162
 -24.74089 -24.74051 -24.73921 -24.73686 -24.73333 -24.72849 -24.72224 -24.71471
 -24.70635 -24.69761 -24.68896 -24.68086 -24.67376 -24.66812 -24.66440 -24.66305
 -24.66454 -24.66933 -24.67786 -24.69061 -24.70803 -24.73060 -24.75932 -24.79581
 -24.84172 -24.89865
 -24.78077 -24.78043 -24.77922 -24.77700 -24.77366 -24.76907 -24.76313 -24.75597
 -24.74801 -24.73968 -24.73142 -24.72366 -24.71684 -24.71139 -24.70773 -24.70632
 -24.70757 -24.71193 -24.71982 -24.73168 -24.74794 -24.76906 -24.79606 -24.83059
 -24.87433 -24.92894
 -24.84770 -24.84746 -24.84640 -24.84439 -24.84132 -24.83708 -24.83156 -24.82488
 -24.81745 -24.80965 -24.80190 -24.79460 -24.78814 -24.78294 -24.77940 -24.77792
 -24.77890 -24.78275 -24.78987 -24.80067 -24.81554 -24.83491 -24.85982 -24.89195
 -24.93305 -24.98483
 -24.85688 -24.85664 -24.85569 -24.85392 -24.85123 -24.84752 -24.84270 -24.83689
 -24.83042 -24.82363 -24.81687 -24.81050 -24.80486 -24.80030 -24.79716 -24.79580
 -24.79656 -24.79980 -24.80584 -24.81506 -24.82779 -24.84441 -24.86595 -24.89421
 -24.93100 -24.97814
 -24.89831 -24.89796 -24.89702 -24.89540 -24.89302 -24.88980 -24.88566 -24.88071
 -24.87521 -24.86947 -24.86376 -24.85839 -24.85365 -24.84982 -24.84720 -24.84608
 -24.84675 -24.84950 -24.85462 -24.86240 -24.87314 -24.88715 -24.90548 -24.93001
 -24.96264 -25.00526
 -25.18839 -25.18803 -25.18709 -25.18547 -25.18311 -25.17991 -25.17580 -25.17087
 -25.16542 -25.15971 -25.15405 -25.14872 -25.14402 -25.14022 -25.13762 -25.13651
 -25.13717 -25.13990 -25.14499 -25.15272 -25.16337 -25.17728 -25.19549 -25.21987
 -25.25234 -25.29478
 -25.48838 -25.48803 -25.48709 -25.48547 -25.48310 -25.47990 -25.47579 -25.47087
 -25.46541 -25.45971 -25.45405 -25.44872 -25.44401 -25.44021 -25.43762 -25.43650
 -25.43717 -25.43990 -25.44498 -25.45271 -25.46337 -25.47728 -25.49549 -25.51987
 -25.55233 -25.59478
 -25.78839 -25.78804 -25.78709 -25.78548 -25.78311 -25.77991 -25.77580 -25.77087
 -25.76542 -25.75971 -25.75405 -25.74872 -25.74402 -25.74022 -25.73762 -25.73651
 -25.73717 -25.73990 -25.74499 -25.75272 -25.76337 -25.77728 -25.79549 -25.81987
 -25.85234 -25.89479
 -26.08838 -26.08803 -26.08708 -26.08547 -26.08310 -26.07990 -26.07579 -26.07087
 -26.06541 -26.05971 -26.05405 -26.04872 -26.04401 -26.04021 -26.03761 -26.03650
 -26.03717 -26.03990 -26.04498 -26.05271 -26.06337 -26.07728 -26.09549 -26.11987
 -26.15233 -26.19478
 -26.38838 -26.38803 -26.38709 -26.38547 -26.38310 -26.37990 -26.37579 -26.37087
 -26.36541 -26.35971 -26.35405 -26.34872 -26.34401 -26.34022 -26.33762 -26.33650
 -26.33717 -26.33990 -26.34498 -26.35271 -26.36337 -26.37728 -26.39549 -26.41987
 -26.45234 -26.49478
 -26.68839 -26.68803 -26.68709 -26.68547 -26.68311 -26.67991 -26.67580 -26.67087
 -26.66542 -26.65971 -26.65405 -26.64872 -26.64402 -26.64022 -26.63762 -26.63651
 -26.63717 -26.63990 -26.64499 -26.65272 -26.66337 -26.67728 -26.69549 -26.71987
 -26.75234 -26.79478
 -26.98838 -26.98803 -26.98709 -26.98547 -26.98310 -26.97990 -26.97579 -26.97087
 -26.96541 -26.95971 -26.95405 -26.94872 -26.94401 -26.94021 -26.93762 -26.93650
 -26.93717 -26.93990 -26.94498 -26.95271 -26.96337 -26.97728 -26.99549 -27.01987
 -27.05233 -27.09478
 -27.28839 -27.28804 -27.28709 -27.28548 -27.28311 -27.27991 -27.27580 -27.27087
 -27.26542 -27.25971 -27.25405 -27.24872 -27.24402 -27.24022 -27.23762 -27.23651
 -27.23717 -27.23990 -27.24499 -27.25272 -27.26337 -27.27728 -27.29549 -27.31987
 -27.35234 -27.39479
 -27.58838 -27.58803 -27.58708 -27.58547 -27.58310 -27.57990 -27.57579 -27.57087
 -27.56541 -27.55971 -27.55405 -27.54872 -27.54401 -27.54021 -27.53761 -27.53650
 -27.53717 -27.53990 -27.54498 -27.55271 -27.56337 -27.57728 -27.59549 -27.61987
 -27.65233 -27.69478
 -27.73839 -27.73804 -27.73709 -27.73548 -27.73311 -27.72991 -27.72580 -27.72088
 -27.71542 -27.70971 -27.70405 -27.69873 -27.69402 -27.69022 -27.68762 -27.68651
 -27.68718 -27.68991 -27.69499 -27.70272 -27.71338 -27.72729 -27.74550 -27.76987
 -27.80234 -27.84479
---------------------/ IGRD= 1  / IPRT= 0  /--------/ Z1= 3   / DATE= 16/11/93
 -76.65918 -76.65934 -76.65972 -76.66039 -76.66140 -76.66282 -76.66471 -76.66713
 -76.67014 -76.67381 -76.67819 -76.68336 -76.68936 -76.69612 -76.70333 -76.71063
 -76.71768 -76.72414 -76.72966 -76.73392 -76.73655 -76.73722 -76.73559 -76.73130
 -76.72403 -76.71342
 -67.89448 -67.89732 -67.90062 -67.90442 -67.90877 -67.91371 -67.91929 -67.92555
 -67.93252 -67.94025 -67.94878 -67.95816 -67.96842 -67.97943 -67.99075 -68.00192
 -68.01247 -68.02193 -68.02984 -68.03573 -68.03914 -68.03960 -68.03665 -68.02982
 -68.01864 -68.00266
 -58.39426 -58.39898 -58.40437 -58.41044 -58.41725 -58.42482 -58.43320 -58.44240
 -58.45248 -58.46347 -58.47540 -58.48831 -58.50223 -58.51698 -58.53200 -58.54669
 -58.56047 -58.57275 -58.58293 -58.59043 -58.59465 -58.59501 -58.59090 -58.58175
 -58.56695 -58.54592
 -50.94965 -50.95419 -50.95943 -50.96541 -50.97220 -50.97986 -50.98842 -50.99796
 -51.00852 -51.02015 -51.03292 -51.04688 -51.06208 -51.07831 -51.09495 -51.11131
 -51.12671 -51.14048 -51.15194 -51.16041 -51.16522 -51.16568 -51.16113 -51.15088
 -51.13425 -51.11058
 -45.52981 -45.53266 -45.53614 -45.54031 -45.54529 -45.55116 -45.55801 -45.56593
 -45.57501 -45.58535 -45.59703 -45.61015 -45.62480 -45.64077 -45.65740 -45.67393
 -45.68966 -45.70384 -45.71576 -45.72468 -45.72987 -45.73061 -45.72617 -45.71582
 -45.69883 -45.67447
 -41.56864 -41.56924 -41.57033 -41.57203 -41.57449 -41.57784 -41.58220 -41.58771
 -41.59451 -41.60272 -41.61249 -41.62393 -41.63719 -41.65208 -41.66789 -41.68386
 -41.69925 -41.71329 -41.72523 -41.73430 -41.73976 -41.74085 -41.73681 -41.72688
 -41.71030 -41.68632
 -38.49999 -38.49869 -38.49776 -38.49738 -38.49771 -38.49892 -38.50118 -38.50465
 -38.50949 -38.51588 -38.52398 -38.53396 -38.54597 -38.55986 -38.57491 -38.59033
 -38.60536 -38.61921 -38.63111 -38.64029 -38.64597 -38.64738 -38.64374 -38.63428
 -38.61822 -38.59479
 -35.89022 -35.88798 -35.88608 -35.88469 -35.88401 -35.88421 -35.88549 -35.88803
 -35.89201 -35.89761 -35.90503 -35.91445 -35.92604 -35.93964 -35.95453 -35.96990
 -35.98497 -35.99894 -36.01101 -36.02041 -36.02632 -36.02797 -36.02456 -36.01530
 -35.99938 -35.97603
 -33.68450 -33.68200 -33.67983 -33.67818 -33.67725 -33.67722 -33.67830 -33.68066
 -33.68452 -33.69004 -33.69743 -33.70689 -33.71858 -33.73236 -33.74748 -33.76312
 -33.77848 -33.79275 -33.80512 -33.81479 -33.82094 -33.82276 -33.81946 -33.81022
 -33.79424 -33.77070
 -31.89423 -31.89168 -31.88946 -31.88778 -31.88683 -31.88680 -31.88789 -31.89029
 -31.89421 -31.89982 -31.90734 -31.91695 -31.92884 -31.94286 -31.95824 -31.97415
 -31.98980 -32.00434 -32.01698 -32.02688 -32.03323 -32.03522 -32.03202 -32.02282
 -32.00679 -31.98312
 -30.50821 -30.50548 -30.50309 -30.50123 -30.50010 -30.49989 -30.50082 -30.50307
 -30.50684 -30.51234 -30.51977 -30.52932 -30.54118 -30.55521 -30.57063 -30.58661
 -30.60236 -30.61702 -30.62979 -30.63985 -30.64636 -30.64852 -30.64549 -30.63646
 -30.62060 -30.59709
 -29.44693 -29.44395 -29.44129 -29.43914 -29.43771 -29.43721 -29.43783 -29.43979
 -29.44329 -29.44853 -29.45572 -29.46506 -29.47676 -29.49064 -29.50596 -29.52189
 -29.53761 -29.55230 -29.56513 -29.57529 -29.58195 -29.58430 -29.58151 -29.57276
 -29.55723 -29.53411
 -28.61905 -28.61583 -28.61290 -28.61048 -28.60876 -28.60797 -28.60831 -28.60999
 -28.61322 -28.61821 -28.62517 -28.63430 -28.64581 -28.65956 -28.67477 -28.69063
 -28.70633 -28.72103 -28.73393 -28.74421 -28.75104 -28.75362 -28.75112 -28.74272
 -28.72760 -28.70495
 -27.94820 -27.94480 -27.94169 -27.93908 -27.93718 -27.93621 -27.93637 -27.93788
 -27.94095 -27.94580 -27.95263 -27.96166 -27.97310 -27.98679 -28.00199 -28.01786
 -28.03360 -28.04839 -28.06142 -28.07187 -28.07891 -28.08175 -28.07956 -28.07153
 -28.05683 -28.03466
 -27.40619 -27.40268 -27.39947 -27.39675 -27.39475 -27.39368 -27.39375 -27.39518
 -27.39819 -27.40298 -27.40977 -27.41879 -27.43022 -27.44393 -27.45917 -27.47511
 -27.49095 -27.50586 -27.51904 -27.52969 -27.53696 -27.54007 -27.53819 -27.53050
 -27.51620 -27.49448
 -26.97372 -26.97015 -26.96686 -26.96409 -26.96203 -26.96091 -26.96095 -26.96235
 -26.96533 -26.97011 -26.97690 -26.98592 -26.99738 -27.01112 -27.02642 -27.04243
 -27.05836 -27.07340 -27.08673 -27.09755 -27.10503 -27.10837 -27.10677 -27.09940
 -27.08545 -27.06412
 -26.63144 -26.62782 -26.62450 -26.62168 -26.61958 -26.61842 -26.61842 -26.61978
 -26.62274 -26.62750 -26.63427 -26.64328 -26.65474 -26.66850 -26.68381 -26.69985
 -26.71584 -26.73095 -26.74437 -26.75530 -26.76293 -26.76645 -26.76505 -26.75793
 -26.74427 -26.72327
 -26.36148 -26.35781 -26.35443 -26.35156 -26.34941 -26.34819 -26.34813 -26.34943
 -26.35233 -26.35703 -26.36374 -26.37270 -26.38410 -26.39781 -26.41307 -26.42908
 -26.44505 -26.46015 -26.47359 -26.48456 -26.49225 -26.49587 -26.49460 -26.48764
 -26.47418 -26.45342
 -26.15014 -26.14643 -26.14300 -26.14007 -26.13785 -26.13657 -26.13643 -26.13767
 -26.14048 -26.14510 -26.15173 -26.16061 -26.17192 -26.18554 -26.20073 -26.21667
 -26.23257 -26.24763 -26.26103 -26.27199 -26.27970 -26.28335 -26.28215 -26.27529
 -26.26196 -26.24138
 -25.98440 -25.98065 -25.97718 -25.97419 -25.97192 -25.97057 -25.97037 -25.97154
 -25.97428 -25.97883 -25.98538 -25.99418 -26.00542 -26.01896 -26.03407 -26.04994
 -26.06578 -26.08078 -26.09415 -26.10508 -26.11278 -26.11645 -26.11529 -26.10849
 -26.09526 -26.07480
 -25.85284 -25.84905 -25.84553 -25.84250 -25.84019 -25.83879 -25.83855 -25.83966
 -25.84236 -25.84685 -25.85336 -25.86210 -25.87329 -25.88679 -25.90185 -25.91768
 -25.93348 -25.94845 -25.96180 -25.97272 -25.98042 -25.98411 -25.98297 -25.97622
 -25.96306 -25.94268
 -25.66511 -25.66126 -25.65768 -25.65460 -25.65221 -25.65076 -25.65044 -25.65149
 -25.65412 -25.65854 -25.66498 -25.67365 -25.68477 -25.69819 -25.71319 -25.72895
 -25.74470 -25.75962 -25.77292 -25.78381 -25.79149 -25.79516 -25.79404 -25.78731
 -25.77419 -25.75388
 -25.54694 -25.54308 -25.53947 -25.53634 -25.53391 -25.53240 -25.53202 -25.53299
 -25.53553 -25.53987 -25.54620 -25.55477 -25.56577 -25.57906 -25.59393 -25.60956
 -25.62516 -25.63995 -25.65311 -25.66388 -25.67143 -25.67499 -25.67376 -25.66694
 -25.65374 -25.63338
 -25.49425 -25.49038 -25.48677 -25.48363 -25.48118 -25.47963 -25.47920 -25.48011
 -25.48257 -25.48682 -25.49305 -25.50149 -25.51236 -25.52551 -25.54021 -25.55567
 -25.57109 -25.58570 -25.59868 -25.60926 -25.61664 -25.62004 -25.61865 -25.61169
 -25.59836 -25.57789
 -25.47826 -25.47442 -25.47083 -25.46770 -25.46525 -25.46369 -25.46325 -25.46414
 -25.46656 -25.47076 -25.47692 -25.48528 -25.49604 -25.50907 -25.52363 -25.53893
 -25.55420 -25.56864 -25.58145 -25.59187 -25.59908 -25.60232 -25.60078 -25.59369
 -25.58025 -25.55968
 -25.38228 -25.37845 -25.37487 -25.37176 -25.36933 -25.36779 -25.36735 -25.36824
 -25.37066 -25.37483 -25.38095 -25.38926 -25.39995 -25.41289 -25.42735 -25.44253
 -25.45767 -25.47197 -25.48465 -25.49492 -25.50199 -25.50509 -25.50343 -25.49621
 -25.48266 -25.46200
 -25.44593 -25.44211 -25.43853 -25.43543 -25.43300 -25.43147 -25.43104 -25.43193
 -25.43435 -25.43851 -25.44463 -25.45292 -25.46358 -25.47649 -25.49090 -25.50604
 -25.52112 -25.53536 -25.54797 -25.55818 -25.56519 -25.56823 -25.56650 -25.55923
 -25.54562 -25.52491
 -25.74594 -25.74211 -25.73854 -25.73543 -25.73301 -25.73147 -25.73105 -25.73193
 -25.73435 -25.73852 -25.74464 -25.75293 -25.76359 -25.77649 -25.79091 -25.80604
 -25.82113 -25.83537 -25.84798 -25.85819 -25.86520 -25.86823 -25.86650 -25.85923
 -25.84563 -25.82491
 -26.04593 -26.04210 -26.03853 -26.03543 -26.03300 -26.03147 -26.03104 -26.03193
 -26.03435 -26.03851 -26.04463 -26.05292 -26.06358 -26.07648 -26.09090 -26.10604
 -26.12112 -26.13536 -26.14797 -26.15818 -26.16519 -26.16822 -26.16650 -26.15922
 -26.14562 -26.12491
 -26.34593 -26.34211 -26.33853 -26.33543 -26.33300 -26.33147 -26.33104 -26.33193
 -26.33435 -26.33851 -26.34463 -26.35292 -26.36359 -26.37649 -26.39090 -26.40604
 -26.42112 -26.43536 -26.44798 -26.45818 -26.46519 -26.46823 -26.46650 -26.45923
 -26.44562 -26.42491
 -26.64594 -26.64211 -26.63854 -26.63543 -26.63301 -26.63147 -26.63104 -26.63193
 -26.63435 -26.63852 -26.64463 -26.65292 -26.66359 -26.67649 -26.69090 -26.70604
 -26.72113 -26.73537 -26.74798 -26.75819 -26.76520 -26.76823 -26.76650 -26.75923
 -26.74562 -26.72491
 -26.94593 -26.94211 -26.93853 -26.93543 -26.93300 -26.93147 -26.93104 -26.93193
 -26.93435 -26.93851 -26.94463 -26.95292 -26.96358 -26.97649 -26.99090 -27.00604
 -27.02112 -27.03536 -27.04797 -27.05818 -27.06519 -27.06823 -27.06650 -27.05923
 -27.04562 -27.02491
 -27.24594 -27.24211 -27.23854 -27.23543 -27.23301 -27.23147 -27.23105 -27.23193
 -27.23435 -27.23852 -27.24464 -27.25293 -27.26359 -27.27649 -27.29091 -27.30604
 -27.32113 -27.33537 -27.34798 -27.35819 -27.36520 -27.36823 -27.36650 -27.35923
 -27.34563 -27.32491
 -27.54593 -27.54210 -27.53853 -27.53543 -27.53300 -27.53147 -27.53104 -27.53193
 -27.53435 -27.53851 -27.54463 -27.55292 -27.56358 -27.57648 -27.59090 -27.60604
 -27.62112 -27.63536 -27.64797 -27.65818 -27.66519 -27.66822 -27.66650 -27.65922
 -27.64562 -27.62491
 -27.69594 -27.69211 -27.68854 -27.68543 -27.68301 -27.68147 -27.68105 -27.68194
 -27.68436 -27.68852 -27.69464 -27.70293 -27.71359 -27.72649 -27.74091 -27.75604
 -27.77113 -27.78537 -27.79798 -27.80819 -27.81520 -27.81823 -27.81650 -27.80923
 -27.79563 -27.77491
---------------------/ IGRD= 2  / IPRT= 0  /--------/ Z1= 3   / DATE= 16/11/93
 -25.87892 -25.90854 -25.92777 -25.93809 -25.94098 -25.93791 -25.93034 -25.91976
 -25.90764 -25.89545 -25.88468 -25.87678 -25.87322 -25.87466 -25.88036 -25.88945
 -25.90106 -25.91433 -25.92839 -25.94239 -25.95543 -25.96667 -25.97524 -25.98026
 -25.98088 -25.97623
 -25.56526 -25.58778 -25.60122 -25.60688 -25.60607 -25.60008 -25.59021 -25.57777
 -25.56405 -25.55034 -25.53796 -25.52821 -25.52236 -25.52097 -25.52331 -25.52854
 -25.53582 -25.54430 -25.55313 -25.56148 -25.56850 -25.57334 -25.57517 -25.57313
 -25.56639 -25.55410
 -25.24180 -25.25746 -25.26540 -25.26672 -25.26256 -25.25404 -25.24227 -25.22838
 -25.21349 -25.19873 -25.18521 -25.17405 -25.16638 -25.16262 -25.16207 -25.16388
 -25.16726 -25.17135 -25.17535 -25.17843 -25.17976 -25.17852 -25.17388 -25.16502
 -25.15111 -25.13133
 -25.03280 -25.04450 -25.04939 -25.04850 -25.04281 -25.03334 -25.02107 -25.00701
 -24.99216 -24.97752 -24.96410 -24.95289 -24.94489 -24.94045 -24.93886 -24.93930
 -24.94094 -24.94298 -24.94459 -24.94496 -24.94325 -24.93866 -24.93037 -24.91755
 -24.89939 -24.87507
 -24.92480 -24.93493 -24.93882 -24.93742 -24.93165 -24.92245 -24.91074 -24.89746
 -24.88355 -24.86992 -24.85751 -24.84726 -24.84009 -24.83630 -24.83518 -24.83590
 -24.83763 -24.83954 -24.84082 -24.84063 -24.83816 -24.83257 -24.82304 -24.80874
 -24.78885 -24.76255
 -24.87825 -24.88815 -24.89213 -24.89110 -24.88596 -24.87761 -24.86694 -24.85484
 -24.84222 -24.82996 -24.81897 -24.81015 -24.80437 -24.80193 -24.80209 -24.80400
 -24.80683 -24.80973 -24.81187 -24.81242 -24.81052 -24.80534 -24.79605 -24.78180
 -24.76175 -24.73508
 -24.85360 -24.86353 -24.86776 -24.86718 -24.86265 -24.85507 -24.84531 -24.83424
 -24.82276 -24.81173 -24.80203 -24.79455 -24.79015 -24.78910 -24.79064 -24.79392
 -24.79808 -24.80227 -24.80562 -24.80729 -24.80642 -24.80214 -24.79361 -24.77998
 -24.76037 -24.73395
 -24.82234 -24.83182 -24.83580 -24.83515 -24.83072 -24.82339 -24.81402 -24.80347
 -24.79262 -24.78232 -24.77345 -24.76685 -24.76341 -24.76335 -24.76592 -24.77024
 -24.77543 -24.78062 -24.78494 -24.78752 -24.78748 -24.78396 -24.77607 -24.76295
 -24.74371 -24.71750
 -24.78741 -24.79611 -24.79949 -24.79840 -24.79371 -24.78626 -24.77691 -24.76652
 -24.75594 -24.74604 -24.73766 -24.73166 -24.72890 -24.72960 -24.73299 -24.73816
 -24.74424 -24.75033 -24.75554 -24.75898 -24.75976 -24.75700 -24.74980 -24.73728
 -24.71853 -24.69269
 -24.75733 -24.76522 -24.76794 -24.76633 -24.76126 -24.75357 -24.74412 -24.73376
 -24.72335 -24.71374 -24.70578 -24.70033 -24.69823 -24.69971 -24.70398 -24.71011
 -24.71721 -24.72437 -24.73069 -24.73525 -24.73715 -24.73549 -24.72935 -24.71784
 -24.70004 -24.67505
 -24.73801 -24.74529 -24.74750 -24.74549 -24.74012 -24.73227 -24.72277 -24.71250
 -24.70231 -24.69306 -24.68561 -24.68082 -24.67954 -24.68200 -24.68737 -24.69475
 -24.70319 -24.71178 -24.71960 -24.72573 -24.72923 -24.72919 -24.72469 -24.71480
 -24.69860 -24.67517
 -24.72771 -24.73455 -24.73638 -24.73407 -24.72850 -24.72054 -24.71104 -24.70090
 -24.69097 -24.68212 -24.67523 -24.67116 -24.67078 -24.67432 -24.68094 -24.68970
 -24.69968 -24.70992 -24.71949 -24.72746 -24.73288 -24.73481 -24.73233 -24.72448
 -24.71034 -24.68896
 -24.72327 -24.72978 -24.73132 -24.72878 -24.72304 -24.71498 -24.70549 -24.69546
 -24.68577 -24.67729 -24.67092 -24.66754 -24.66803 -24.67262 -24.68046 -24.69061
 -24.70211 -24.71402 -24.72537 -24.73523 -24.74264 -24.74665 -24.74631 -24.74067
 -24.72878 -24.70968
 -24.72233 -24.72856 -24.72985 -24.72709 -24.72118 -24.71302 -24.70350 -24.69354
 -24.68401 -24.67583 -24.66989 -24.66710 -24.66833 -24.67384 -24.68277 -24.69416
 -24.70705 -24.72048 -24.73349 -24.74513 -24.75443 -24.76043 -24.76218 -24.75871
 -24.74907 -24.73229
 -24.72482 -24.73084 -24.73191 -24.72895 -24.72286 -24.71458 -24.70499 -24.69504
 -24.68562 -24.67765 -24.67206 -24.66974 -24.67161 -24.67791 -24.68780 -24.70030
 -24.71445 -24.72929 -24.74384 -24.75716 -24.76826 -24.77618 -24.77997 -24.77865
 -24.77127 -24.75685
 -24.73113 -24.73699 -24.73788 -24.73474 -24.72848 -24.72004 -24.71036 -24.70037
 -24.69100 -24.68317 -24.67783 -24.67590 -24.67832 -24.68532 -24.69607 -24.70959
 -24.72492 -24.74108 -24.75711 -24.77204 -24.78490 -24.79473 -24.80056 -24.80142
 -24.79634 -24.78436
 -24.74165 -24.74742 -24.74817 -24.74485 -24.73842 -24.72982 -24.72000 -24.70993
 -24.70054 -24.69280 -24.68765 -24.68604 -24.68893 -24.69657 -24.70812 -24.72260
 -24.73905 -24.75650 -24.77397 -24.79052 -24.80515 -24.81691 -24.82483 -24.82794
 -24.82528 -24.81586
 -24.75658 -24.76232 -24.76297 -24.75951 -24.75290 -24.74412 -24.73414 -24.72394
 -24.71449 -24.70677 -24.70175 -24.70040 -24.70369 -24.71190 -24.72419 -24.73958
 -24.75712 -24.77582 -24.79473 -24.81288 -24.82931 -24.84304 -24.85311 -24.85855
 -24.85841 -24.85170
 -24.77556 -24.78136 -24.78197 -24.77840 -24.77162 -24.76266 -24.75250 -24.74214
 -24.73257 -24.72480 -24.71982 -24.71863 -24.72221 -24.73088 -24.74378 -24.75995
 -24.77843 -24.79827 -24.81849 -24.83815 -24.85627 -24.87191 -24.88409 -24.89186
 -24.89426 -24.89032
 -24.79817 -24.80411 -24.80475 -24.80112 -24.79422 -24.78508 -24.77473 -24.76417
 -24.75443 -24.74652 -24.74147 -24.74030 -24.74401 -24.75293 -24.76623 -24.78294
 -24.80214 -24.82287 -24.84417 -24.86511 -24.88472 -24.90207 -24.91620 -24.92617
 -24.93103 -24.92983
 -24.82369 -24.82988 -24.83064 -24.82701 -24.82003 -24.81075 -24.80019 -24.78941
 -24.77943 -24.77129 -24.76605 -24.76473 -24.76836 -24.77729 -24.79071 -24.80768
 -24.82727 -24.84856 -24.87061 -24.89251 -24.91331 -24.93210 -24.94794 -24.95990
 -24.96705 -24.96847
 -24.87782 -24.88477 -24.88599 -24.88256 -24.87555 -24.86602 -24.85506 -24.84373
 -24.83311 -24.82426 -24.81826 -24.81618 -24.81908 -24.82734 -24.84022 -24.85684
 -24.87634 -24.89784 -24.92048 -24.94339 -24.96571 -24.98656 -25.00507 -25.02039
 -25.03164 -25.03795
 -24.93188 -24.93988 -24.94181 -24.93878 -24.93187 -24.92219 -24.91082 -24.89887
 -24.88743 -24.87760 -24.87047 -24.86714 -24.86869 -24.87557 -24.88708 -24.90244
 -24.92087 -24.94159 -24.96379 -24.98671 -25.00955 -25.03154 -25.05187 -25.06977
 -25.08445 -25.09513
 -25.00050 -25.00968 -25.01246 -25.00996 -25.00329 -24.99356 -24.98188 -24.96936
 -24.95711 -24.94626 -24.93790 -24.93315 -24.93311 -24.93827 -24.94801 -24.96165
 -24.97849 -24.99783 -25.01897 -25.04122 -25.06388 -25.08625 -25.10763 -25.12732
 -25.14465 -25.15889
 -25.07581 -25.08622 -25.08992 -25.08803 -25.08167 -25.07197 -25.06005 -25.04704
 -25.03406 -25.02222 -25.01266 -25.00650 -25.00485 -25.00822 -25.01610 -25.02786
 -25.04290 -25.06058 -25.08030 -25.10144 -25.12338 -25.14551 -25.16720 -25.18784
 -25.20682 -25.22351
 -25.07505 -25.08688 -25.09158 -25.09028 -25.08413 -25.07428 -25.06188 -25.04809
 -25.03403 -25.02087 -25.00975 -25.00182 -24.99822 -24.99950 -25.00520 -25.01476
 -25.02764 -25.04329 -25.06113 -25.08064 -25.10125 -25.12242 -25.14357 -25.16417
 -25.18367 -25.20150
 -25.19191 -25.20453 -25.20975 -25.20872 -25.20262 -25.19261 -25.17986 -25.16554
 -25.15081 -25.13683 -25.12477 -25.11581 -25.11109 -25.11119 -25.11567 -25.12402
 -25.13570 -25.15019 -25.16696 -25.18549 -25.20525 -25.22572 -25.24637 -25.26666
 -25.28609 -25.30412
 -25.49192 -25.50454 -25.50975 -25.50873 -25.50263 -25.49262 -25.47987 -25.46554
 -25.45081 -25.43683 -25.42478 -25.41581 -25.41109 -25.41119 -25.41568 -25.42402
 -25.43571 -25.45020 -25.46697 -25.48550 -25.50526 -25.52573 -25.54637 -25.56667
 -25.58610 -25.60412
 -25.79191 -25.80453 -25.80975 -25.80872 -25.80262 -25.79261 -25.77986 -25.76554
 -25.75080 -25.73682 -25.72477 -25.71580 -25.71109 -25.71119 -25.71567 -25.72402
 -25.73570 -25.75019 -25.76696 -25.78549 -25.80525 -25.82572 -25.84636 -25.86666
 -25.88609 -25.90411
 -26.09191 -26.10453 -26.10975 -26.10872 -26.10262 -26.09262 -26.07986 -26.06554
 -26.05081 -26.03683 -26.02477 -26.01581 -26.01109 -26.01119 -26.01567 -26.02402
 -26.03570 -26.05019 -26.06696 -26.08550 -26.10525 -26.12572 -26.14637 -26.16666
 -26.18609 -26.20412
 -26.39191 -26.40454 -26.40975 -26.40873 -26.40262 -26.39262 -26.37987 -26.36554
 -26.35081 -26.33683 -26.32478 -26.31581 -26.31109 -26.31119 -26.31568 -26.32402
 -26.33571 -26.35019 -26.36697 -26.38550 -26.40526 -26.42573 -26.44637 -26.46667
 -26.48609 -26.50412
 -26.69191 -26.70453 -26.70975 -26.70872 -26.70262 -26.69261 -26.67986 -26.66554
 -26.65081 -26.63683 -26.62477 -26.61581 -26.61109 -26.61119 -26.61567 -26.62402
 -26.63570 -26.65019 -26.66696 -26.68549 -26.70525 -26.72572 -26.74637 -26.76666
 -26.78609 -26.80412
 -26.99192 -27.00454 -27.00975 -27.00873 -27.00263 -26.99262 -26.97987 -26.96554
 -26.95081 -26.93683 -26.92478 -26.91581 -26.91109 -26.91119 -26.91568 -26.92402
 -26.93571 -26.95020 -26.96697 -26.98550 -27.00526 -27.02573 -27.04637 -27.06667
 -27.08610 -27.10412
 -27.29191 -27.30453 -27.30975 -27.30872 -27.30262 -27.29261 -27.27986 -27.26554
 -27.25080 -27.23682 -27.22477 -27.21580 -27.21109 -27.21119 -27.21567 -27.22402
 -27.23570 -27.25019 -27.26696 -27.28549 -27.30525 -27.32572 -27.34636 -27.36666
 -27.38609 -27.40411
 -27.44192 -27.45454 -27.45975 -27.45873 -27.45263 -27.44262 -27.42987 -27.41554
 -27.40081 -27.38683 -27.37478 -27.36581 -27.36109 -27.36119 -27.36568 -27.37402
 -27.38571 -27.40020 -27.41697 -27.43550 -27.45526 -27.47573 -27.49637 -27.51667
 -27.53610 -27.55412
---------------------/ IGRD= 1  / IPRT= 0  /--------/ Z1= 4   / DATE= 16/11/93
 -76.08957 -76.08778 -76.08555 -76.08305 -76.08051 -76.07814 -76.07616 -76.07481
 -76.07429 -76.07484 -76.07667 -76.08000 -76.08506 -76.09208 -76.10126 -76.11283
 -76.12703 -76.14391 -76.16281 -76.18288 -76.20320 -76.22290 -76.24110 -76.25690
 -76.26944 -76.27781
 -76.13958 -76.13779 -76.13556 -76.13306 -76.13052 -76.12814 -76.12617 -76.12481
 -76.12430 -76.12484 -76.12667 -76.13001 -76.13507 -76.14208 -76.15127 -76.16284
 -76.17703 -76.19391 -76.21282 -76.23288 -76.25320 -76.27291 -76.29110 -76.30691
 -76.31945 -76.32782
 -74.41060 -74.40878 -74.40652 -74.40399 -74.40140 -74.39898 -74.39696 -74.39555
 -74.39499 -74.39549 -74.39727 -74.40056 -74.40559 -74.41257 -74.42173 -74.43328
 -74.44747 -74.46435 -74.48327 -74.50336 -74.52371 -74.54345 -74.56169 -74.57754
 -74.59013 -74.59856
 -65.88093 -65.87900 -65.87659 -65.87388 -65.87109 -65.86846 -65.86621 -65.86458
 -65.86378 -65.86405 -65.86561 -65.86869 -65.87352 -65.88033 -65.88935 -65.90080
 -65.91491 -65.93177 -65.95070 -65.97083 -65.99127 -66.01113 -66.02953 -66.04556
 -66.05836 -66.06703
 -54.70492 -54.70285 -54.70026 -54.69735 -54.69433 -54.69144 -54.68892 -54.68699
 -54.68589 -54.68586 -54.68712 -54.68991 -54.69446 -54.70100 -54.70977 -54.72100
 -54.73492 -54.75162 -54.77043 -54.79048 -54.81087 -54.83073 -54.84916 -54.86527
 -54.87819 -54.88702
 -45.70784 -45.70569 -45.70300 -45.69996 -45.69680 -45.69375 -45.69104 -45.68891
 -45.68759 -45.68732 -45.68832 -45.69083 -45.69508 -45.70131 -45.70975 -45.72063
 -45.73419 -45.75050 -45.76893 -45.78859 -45.80861 -45.82812 -45.84622 -45.86206
 -45.87475 -45.88341
 -40.35393 -40.35176 -40.34905 -40.34599 -40.34279 -40.33968 -40.33690 -40.33467
 -40.33322 -40.33277 -40.33357 -40.33583 -40.33979 -40.34567 -40.35370 -40.36411
 -40.37714 -40.39285 -40.41062 -40.42959 -40.44890 -40.46769 -40.48510 -40.50027
 -40.51235 -40.52047
 -37.48387 -37.48170 -37.47900 -37.47593 -37.47272 -37.46959 -37.46675 -37.46444
 -37.46286 -37.46226 -37.46284 -37.46483 -37.46845 -37.47392 -37.48148 -37.49133
 -37.50370 -37.51867 -37.53562 -37.55372 -37.57211 -37.58997 -37.60646 -37.62073
 -37.63196 -37.63929
 -35.86927 -35.86708 -35.86435 -35.86123 -35.85796 -35.85474 -35.85178 -35.84932
 -35.84755 -35.84671 -35.84700 -35.84864 -35.85185 -35.85685 -35.86385 -35.87306
 -35.88471 -35.89888 -35.91494 -35.93210 -35.94952 -35.96639 -35.98188 -35.99518
 -36.00546 -36.01192
 -34.34105 -34.33876 -34.33590 -34.33263 -34.32916 -34.32572 -34.32251 -34.31974
 -34.31764 -34.31642 -34.31629 -34.31746 -34.32015 -34.32458 -34.33095 -34.33949
 -34.35041 -34.36378 -34.37900 -34.39528 -34.41179 -34.42775 -34.44232 -34.45471
 -34.46412 -34.46972
 -32.57763 -32.57518 -32.57212 -32.56861 -32.56487 -32.56111 -32.55755 -32.55439
 -32.55186 -32.55018 -32.54955 -32.55019 -32.55231 -32.55614 -32.56189 -32.56977
 -32.57999 -32.59264 -32.60713 -32.62265 -32.63840 -32.65359 -32.66740 -32.67904
 -32.68771 -32.69261
 -30.88351 -30.88092 -30.87769 -30.87397 -30.86998 -30.86594 -30.86206 -30.85857
 -30.85566 -30.85357 -30.85251 -30.85270 -30.85434 -30.85766 -30.86288 -30.87020
 -30.87986 -30.89192 -30.90580 -30.92071 -30.93585 -30.95044 -30.96367 -30.97476
 -30.98291 -30.98732
 -29.56156 -29.55891 -29.55560 -29.55180 -29.54771 -29.54354 -29.53952 -29.53587
 -29.53278 -29.53049 -29.52920 -29.52913 -29.53050 -29.53352 -29.53840 -29.54536
 -29.55462 -29.56626 -29.57970 -29.59417 -29.60888 -29.62305 -29.63591 -29.64667
 -29.65455 -29.65878
 -28.65990 -28.65728 -28.65401 -28.65025 -28.64620 -28.64208 -28.63810 -28.63447
 -28.63140 -28.62910 -28.62779 -28.62767 -28.62896 -28.63187 -28.63661 -28.64339
 -28.65242 -28.66378 -28.67692 -28.69108 -28.70549 -28.71940 -28.73204 -28.74267
 -28.75051 -28.75482
 -28.03503 -28.03249 -28.02932 -28.02566 -28.02173 -28.01774 -28.01388 -28.01037
 -28.00740 -28.00520 -28.00396 -28.00389 -28.00520 -28.00809 -28.01278 -28.01945
 -28.02834 -28.03950 -28.05241 -28.06633 -28.08051 -28.09424 -28.10676 -28.11735
 -28.12527 -28.12979
 -27.54359 -27.54113 -27.53805 -27.53451 -27.53069 -27.52682 -27.52308 -27.51968
 -27.51682 -27.51471 -27.51354 -27.51351 -27.51484 -27.51771 -27.52234 -27.52892
 -27.53765 -27.54862 -27.56131 -27.57499 -27.58896 -27.60251 -27.61493 -27.62549
 -27.63351 -27.63825
 -27.12172 -27.11934 -27.11634 -27.11289 -27.10917 -27.10539 -27.10174 -27.09843
 -27.09564 -27.09358 -27.09245 -27.09243 -27.09374 -27.09657 -27.10112 -27.10758
 -27.11615 -27.12691 -27.13936 -27.15281 -27.16656 -27.17993 -27.19222 -27.20274
 -27.21082 -27.21574
 -26.76774 -26.76542 -26.76250 -26.75913 -26.75550 -26.75180 -26.74824 -26.74499
 -26.74227 -26.74026 -26.73916 -26.73916 -26.74045 -26.74324 -26.74771 -26.75406
 -26.76248 -26.77306 -26.78530 -26.79853 -26.81207 -26.82527 -26.83744 -26.84791
 -26.85603 -26.86110
 -26.48165 -26.47940 -26.47656 -26.47327 -26.46973 -26.46614 -26.46266 -26.45951
 -26.45687 -26.45494 -26.45389 -26.45393 -26.45524 -26.45802 -26.46246 -26.46874
 -26.47707 -26.48751 -26.49958 -26.51264 -26.52602 -26.53908 -26.55114 -26.56157
 -26.56971 -26.57490
 -26.26278 -26.26060 -26.25784 -26.25466 -26.25124 -26.24777 -26.24442 -26.24140
 -26.23889 -26.23708 -26.23614 -26.23628 -26.23767 -26.24051 -26.24498 -26.25127
 -26.25957 -26.26995 -26.28193 -26.29489 -26.30817 -26.32114 -26.33314 -26.34354
 -26.35170 -26.35697
 -26.10198 -26.09986 -26.09719 -26.09412 -26.09083 -26.08750 -26.08431 -26.08144
 -26.07909 -26.07743 -26.07665 -26.07693 -26.07845 -26.08139 -26.08595 -26.09230
 -26.10063 -26.11101 -26.12297 -26.13589 -26.14912 -26.16204 -26.17401 -26.18439
 -26.19256 -26.19788
 -25.89291 -25.89087 -25.88832 -25.88540 -25.88229 -25.87916 -25.87619 -25.87356
 -25.87145 -25.87002 -25.86947 -25.86996 -25.87168 -25.87480 -25.87950 -25.88596
 -25.89435 -25.90475 -25.91669 -25.92956 -25.94273 -25.95557 -25.96746 -25.97778
 -25.98591 -25.99121
 -25.76556 -25.76353 -25.76100 -25.75812 -25.75504 -25.75196 -25.74904 -25.74646
 -25.74439 -25.74302 -25.74251 -25.74304 -25.74479 -25.74793 -25.75264 -25.75909
 -25.76746 -25.77781 -25.78970 -25.80249 -25.81557 -25.82832 -25.84012 -25.85033
 -25.85836 -25.86356
 -25.69331 -25.69131 -25.68881 -25.68596 -25.68292 -25.67987 -25.67699 -25.67446
 -25.67244 -25.67112 -25.67067 -25.67126 -25.67307 -25.67628 -25.68106 -25.68759
 -25.69604 -25.70648 -25.71845 -25.73133 -25.74447 -25.75727 -25.76909 -25.77930
 -25.78728 -25.79240
 -25.67326 -25.67127 -25.66878 -25.66593 -25.66289 -25.65984 -25.65697 -25.65444
 -25.65244 -25.65114 -25.65072 -25.65136 -25.65324 -25.65653 -25.66141 -25.66806
 -25.67666 -25.68728 -25.69944 -25.71250 -25.72583 -25.73880 -25.75075 -25.76106
 -25.76908 -25.77417
 -25.69782 -25.69575 -25.69317 -25.69020 -25.68704 -25.68385 -25.68084 -25.67818
 -25.67604 -25.67462 -25.67410 -25.67466 -25.67648 -25.67974 -25.68463 -25.69132
 -25.70001 -25.71076 -25.72309 -25.73636 -25.74989 -25.76305 -25.77518 -25.78562
 -25.79373 -25.79884
 -25.67005 -25.66789 -25.66519 -25.66210 -25.65879 -25.65546 -25.65229 -25.64948
 -25.64722 -25.64568 -25.64506 -25.64555 -25.64733 -25.65060 -25.65554 -25.66233
 -25.67118 -25.68214 -25.69473 -25.70827 -25.72209 -25.73552 -25.74788 -25.75850
 -25.76670 -25.77182
 -25.68178 -25.67958 -25.67684 -25.67370 -25.67035 -25.66697 -25.66377 -25.66092
 -25.65864 -25.65710 -25.65649 -25.65702 -25.65887 -25.66223 -25.66729 -25.67425
 -25.68330 -25.69451 -25.70737 -25.72120 -25.73529 -25.74897 -25.76153 -25.77229
 -25.78056 -25.78564
 -25.96971 -25.96752 -25.96478 -25.96164 -25.95828 -25.95490 -25.95170 -25.94885
 -25.94657 -25.94503 -25.94443 -25.94496 -25.94681 -25.95017 -25.95525 -25.96221
 -25.97127 -25.98249 -25.99537 -26.00921 -26.02331 -26.03700 -26.04957 -26.06033
 -26.06860 -26.07369
 -26.26972 -26.26752 -26.26478 -26.26164 -26.25828 -26.25490 -26.25170 -26.24886
 -26.24657 -26.24503 -26.24443 -26.24496 -26.24681 -26.25018 -26.25525 -26.26222
 -26.27127 -26.28250 -26.29537 -26.30921 -26.32331 -26.33700 -26.34957 -26.36033
 -26.36861 -26.37369
 -26.56972 -26.56752 -26.56478 -26.56164 -26.55828 -26.55491 -26.55170 -26.54886
 -26.54657 -26.54503 -26.54443 -26.54496 -26.54681 -26.55018 -26.55525 -26.56222
 -26.57128 -26.58250 -26.59537 -26.60921 -26.62331 -26.63700 -26.64957 -26.66034
 -26.66861 -26.67369
 -26.86972 -26.86752 -26.86478 -26.86164 -26.85828 -26.85490 -26.85170 -26.84886
 -26.84657 -26.84503 -26.84443 -26.84496 -26.84681 -26.85017 -26.85525 -26.86221
 -26.87127 -26.88250 -26.89537 -26.90921 -26.92331 -26.93700 -26.94957 -26.96033
 -26.96861 -26.97369
 -27.16972 -27.16753 -27.16479 -27.16164 -27.15828 -27.15491 -27.15170 -27.14886
 -27.14657 -27.14503 -27.14443 -27.14496 -27.14681 -27.15018 -27.15525 -27.16222
 -27.17128 -27.18250 -27.19537 -27.20921 -27.22332 -27.23700 -27.24957 -27.26034
 -27.26861 -27.27369
 -27.46971 -27.46752 -27.46478 -27.46164 -27.45828 -27.45490 -27.45170 -27.44885
 -27.44657 -27.44503 -27.44443 -27.44496 -27.44681 -27.45017 -27.45525 -27.46221
 -27.47127 -27.48249 -27.49537 -27.50921 -27.52331 -27.53700 -27.54957 -27.56033
 -27.56860 -27.57369
 -27.61972 -27.61753 -27.61479 -27.61164 -27.60829 -27.60491 -27.60170 -27.59886
 -27.59658 -27.59504 -27.59443 -27.59496 -27.59682 -27.60018 -27.60525 -27.61222
 -27.62128 -27.63250 -27.64537 -27.65921 -27.67332 -27.68700 -27.69957 -27.71034
 -27.71861 -27.72369
--------------------------------------------------------------------------------
C
C
C     RADIATED POWERS IN UNITS OF W CM**3
C     -----------------------------------
C
C     PREPARED USING CODE JETXLE.IONBAL.FORT(WJD404R)
C
C           WILLIAM J. DICKSON   16/11/93
C-------------------------------------------------------------------------------
 
C---------------------------------------------------------------------------------
C ADAS ADF11 DATA - SCCS info: @(#)$Header: /home/adascvs/adas/adf11/plt93r/plt93r_be.dat,v 2.1 2004/07/07 00:06:09 whitefor Exp $ Date $Date: 2004/07/07 00:06:09 $
C---------------------------------------------------------------------------------
