* number of heading lines in this data file : 15
* 
* BM 3D coordinates extracted from CASTEM
* Post-proc in Matlab : only reading CASTEM raw data (for checking) and write concatenate ascii files - no modifications of X,Y,Z coordinates
* Date CASTEM calculations : 15/03/2011
* Date Matlab post-processing data : 15/03/2011
* Files can be found in : C:\CASTEM_FW.BM coordinates for Steve. march. 2011 (bis) -  whole column - def
* Modif compared to latest version : - 
* 
* FIRST WALL GEOMETRY:
* Reference design November 2009 - slightly adjusted in January 2010 (CATIA skeleton post-Blanket CDR)
* Spatial resolution corresponds to resolution used for previous FLT CASTEM calculations => definition of (rho,S) grid for DIVIMP (2010)
* 
* DATA
*   nºnode  nºelem  X(m)    Y(m)    Z(m) 
  1.000   1.000   6.003   0.985   4.341
  2.000   1.000   6.180   0.985   4.206
  3.000   1.000   6.214   0.985   4.249
  4.000   1.000   6.037   0.985   4.385
  5.000   2.000   5.827   0.985   4.477
  6.000   2.000   6.003   0.985   4.341
  7.000   2.000   6.037   0.985   4.385
  8.000   2.000   5.860   0.985   4.521
  9.000   3.000   5.817   0.985   4.500
 10.000   3.000   5.827   0.985   4.477
 11.000   3.000   5.860   0.985   4.521
 12.000   3.000   5.851   0.985   4.544
 13.000   4.000   5.807   0.985   4.523
 14.000   4.000   5.817   0.985   4.500
 15.000   4.000   5.851   0.985   4.544
 16.000   4.000   5.841   0.985   4.567
 17.000   5.000   5.813   0.985   4.563
 18.000   5.000   5.807   0.985   4.523
 19.000   5.000   5.841   0.985   4.567
 20.000   5.000   5.846   0.985   4.606
 21.000   6.000   5.814   0.985   4.573
 22.000   6.000   5.813   0.985   4.563
 23.000   6.000   5.846   0.985   4.606
 24.000   6.000   5.847   0.985   4.616
 25.000   7.000   5.813   0.980   4.572
 26.000   7.000   5.814   0.985   4.573
 27.000   7.000   5.847   0.985   4.616
 28.000   7.000   5.847   0.980   4.616
 29.000   8.000   5.802   0.744   4.557
 30.000   8.000   5.813   0.980   4.572
 31.000   8.000   5.847   0.980   4.616
 32.000   8.000   5.835   0.744   4.601
 33.000   9.000   5.799   0.507   4.553
 34.000   9.000   5.802   0.744   4.557
 35.000   9.000   5.835   0.744   4.601
 36.000   9.000   5.832   0.507   4.597
 37.000  10.000   5.816   0.271   4.576
 38.000  10.000   5.799   0.507   4.553
 39.000  10.000   5.832   0.507   4.597
 40.000  10.000   5.850   0.271   4.619
 41.000  11.000   5.842   0.035   4.609
 42.000  11.000   5.816   0.271   4.576
 43.000  11.000   5.850   0.271   4.619
 44.000  11.000   5.876   0.035   4.653
 45.000  12.000   5.843   0.030   4.611
 46.000  12.000   5.842   0.035   4.609
 47.000  12.000   5.876   0.035   4.653
 48.000  12.000   5.877   0.030   4.654
 49.000  13.000   5.843  -0.000   4.611
 50.000  13.000   5.843   0.030   4.611
 51.000  13.000   5.877   0.030   4.654
 52.000  13.000   5.877  -0.000   4.654
 53.000  14.000   6.000   0.985   4.337
 54.000  14.000   6.177   0.985   4.202
 55.000  14.000   6.180   0.985   4.206
 56.000  14.000   6.003   0.985   4.341
 57.000  15.000   5.824   0.985   4.473
 58.000  15.000   6.000   0.985   4.337
 59.000  15.000   6.003   0.985   4.341
 60.000  15.000   5.827   0.985   4.477
 61.000  16.000   5.814   0.985   4.496
 62.000  16.000   5.824   0.985   4.473
 63.000  16.000   5.827   0.985   4.477
 64.000  16.000   5.817   0.985   4.500
 65.000  17.000   5.804   0.985   4.519
 66.000  17.000   5.814   0.985   4.496
 67.000  17.000   5.817   0.985   4.500
 68.000  17.000   5.807   0.985   4.523
 69.000  18.000   5.810   0.985   4.559
 70.000  18.000   5.804   0.985   4.519
 71.000  18.000   5.807   0.985   4.523
 72.000  18.000   5.813   0.985   4.563
 73.000  19.000   5.811   0.985   4.569
 74.000  19.000   5.810   0.985   4.559
 75.000  19.000   5.813   0.985   4.563
 76.000  19.000   5.814   0.985   4.573
 77.000  20.000   5.810   0.980   4.568
 78.000  20.000   5.811   0.985   4.569
 79.000  20.000   5.814   0.985   4.573
 80.000  20.000   5.813   0.980   4.572
 81.000  21.000   5.799   0.744   4.553
 82.000  21.000   5.810   0.980   4.568
 83.000  21.000   5.813   0.980   4.572
 84.000  21.000   5.802   0.744   4.557
 85.000  22.000   5.796   0.507   4.549
 86.000  22.000   5.799   0.744   4.553
 87.000  22.000   5.802   0.744   4.557
 88.000  22.000   5.799   0.507   4.553
 89.000  23.000   5.813   0.271   4.572
 90.000  23.000   5.796   0.507   4.549
 91.000  23.000   5.799   0.507   4.553
 92.000  23.000   5.816   0.271   4.576
 93.000  24.000   5.839   0.035   4.606
 94.000  24.000   5.813   0.271   4.572
 95.000  24.000   5.816   0.271   4.576
 96.000  24.000   5.842   0.035   4.609
 97.000  25.000   5.840   0.030   4.607
 98.000  25.000   5.839   0.035   4.606
 99.000  25.000   5.842   0.035   4.609
100.000  25.000   5.843   0.030   4.611
101.000  26.000   5.840  -0.000   4.607
102.000  26.000   5.840   0.030   4.607
103.000  26.000   5.843   0.030   4.611
104.000  26.000   5.843  -0.000   4.611
105.000  27.000   5.839  -0.000   4.597
106.000  27.000   5.839   0.030   4.597
107.000  27.000   5.840   0.030   4.607
108.000  27.000   5.840  -0.000   4.607
109.000  28.000   5.833  -0.000   4.557
110.000  28.000   5.833   0.030   4.557
111.000  28.000   5.839   0.030   4.597
112.000  28.000   5.839  -0.000   4.597
113.000  29.000   5.843  -0.000   4.534
114.000  29.000   5.843   0.030   4.534
115.000  29.000   5.833   0.030   4.557
116.000  29.000   5.833  -0.000   4.557
117.000  30.000   5.853  -0.000   4.511
118.000  30.000   5.853   0.030   4.511
119.000  30.000   5.843   0.030   4.534
120.000  30.000   5.843  -0.000   4.534
121.000  31.000   6.030  -0.000   4.375
122.000  31.000   6.030   0.030   4.375
123.000  31.000   5.853   0.030   4.511
124.000  31.000   5.853  -0.000   4.511
125.000  32.000   6.207   0.000   4.240
126.000  32.000   6.207   0.030   4.240
127.000  32.000   6.030   0.030   4.375
128.000  32.000   6.030  -0.000   4.375
129.000  33.000   5.809   0.980   4.558
130.000  33.000   5.810   0.985   4.559
131.000  33.000   5.811   0.985   4.569
132.000  33.000   5.810   0.980   4.568
133.000  34.000   5.804   0.980   4.518
134.000  34.000   5.804   0.985   4.519
135.000  34.000   5.810   0.985   4.559
136.000  34.000   5.809   0.980   4.558
137.000  35.000   5.813   0.980   4.495
138.000  35.000   5.814   0.985   4.496
139.000  35.000   5.804   0.985   4.519
140.000  35.000   5.804   0.980   4.518
141.000  36.000   5.823   0.980   4.472
142.000  36.000   5.824   0.985   4.473
143.000  36.000   5.814   0.985   4.496
144.000  36.000   5.813   0.980   4.495
145.000  37.000   6.000   0.980   4.337
146.000  37.000   6.000   0.985   4.337
147.000  37.000   5.824   0.985   4.473
148.000  37.000   5.823   0.980   4.472
149.000  38.000   6.177   0.980   4.201
150.000  38.000   6.177   0.985   4.202
151.000  38.000   6.000   0.985   4.337
152.000  38.000   6.000   0.980   4.337
153.000  39.000   5.797   0.744   4.543
154.000  39.000   5.809   0.980   4.558
155.000  39.000   5.810   0.980   4.568
156.000  39.000   5.799   0.744   4.553
157.000  40.000   5.795   0.507   4.539
158.000  40.000   5.797   0.744   4.543
159.000  40.000   5.799   0.744   4.553
160.000  40.000   5.796   0.507   4.549
161.000  41.000   5.812   0.271   4.562
162.000  41.000   5.795   0.507   4.539
163.000  41.000   5.796   0.507   4.549
164.000  41.000   5.813   0.271   4.572
165.000  42.000   5.838   0.035   4.596
166.000  42.000   5.812   0.271   4.562
167.000  42.000   5.813   0.271   4.572
168.000  42.000   5.839   0.035   4.606
169.000  43.000   5.792   0.744   4.503
170.000  43.000   5.804   0.980   4.518
171.000  43.000   5.809   0.980   4.558
172.000  43.000   5.797   0.744   4.543
173.000  44.000   5.789   0.507   4.500
174.000  44.000   5.792   0.744   4.503
175.000  44.000   5.797   0.744   4.543
176.000  44.000   5.795   0.507   4.539
177.000  45.000   5.807   0.271   4.522
178.000  45.000   5.789   0.507   4.500
179.000  45.000   5.795   0.507   4.539
180.000  45.000   5.812   0.271   4.562
181.000  46.000   5.833   0.035   4.556
182.000  46.000   5.807   0.271   4.522
183.000  46.000   5.812   0.271   4.562
184.000  46.000   5.838   0.035   4.596
185.000  47.000   5.802   0.744   4.480
186.000  47.000   5.813   0.980   4.495
187.000  47.000   5.804   0.980   4.518
188.000  47.000   5.792   0.744   4.503
189.000  48.000   5.799   0.507   4.476
190.000  48.000   5.802   0.744   4.480
191.000  48.000   5.792   0.744   4.503
192.000  48.000   5.789   0.507   4.500
193.000  49.000   5.816   0.271   4.499
194.000  49.000   5.799   0.507   4.476
195.000  49.000   5.789   0.507   4.500
196.000  49.000   5.807   0.271   4.522
197.000  50.000   5.842   0.035   4.533
198.000  50.000   5.816   0.271   4.499
199.000  50.000   5.807   0.271   4.522
200.000  50.000   5.833   0.035   4.556
201.000  51.000   5.811   0.744   4.457
202.000  51.000   5.823   0.980   4.472
203.000  51.000   5.813   0.980   4.495
204.000  51.000   5.802   0.744   4.480
205.000  52.000   5.808   0.507   4.453
206.000  52.000   5.811   0.744   4.457
207.000  52.000   5.802   0.744   4.480
208.000  52.000   5.799   0.507   4.476
209.000  53.000   5.826   0.271   4.476
210.000  53.000   5.808   0.507   4.453
211.000  53.000   5.799   0.507   4.476
212.000  53.000   5.816   0.271   4.499
213.000  54.000   5.852   0.035   4.510
214.000  54.000   5.826   0.271   4.476
215.000  54.000   5.816   0.271   4.499
216.000  54.000   5.842   0.035   4.533
217.000  55.000   5.988   0.744   4.321
218.000  55.000   6.000   0.980   4.337
219.000  55.000   5.823   0.980   4.472
220.000  55.000   5.811   0.744   4.457
221.000  56.000   5.985   0.507   4.318
222.000  56.000   5.988   0.744   4.321
223.000  56.000   5.811   0.744   4.457
224.000  56.000   5.808   0.507   4.453
225.000  57.000   6.003   0.271   4.340
226.000  57.000   5.985   0.507   4.318
227.000  57.000   5.808   0.507   4.453
228.000  57.000   5.826   0.271   4.476
229.000  58.000   6.029   0.035   4.374
230.000  58.000   6.003   0.271   4.340
231.000  58.000   5.826   0.271   4.476
232.000  58.000   5.852   0.035   4.510
233.000  59.000   6.165   0.744   4.186
234.000  59.000   6.177   0.980   4.201
235.000  59.000   6.000   0.980   4.337
236.000  59.000   5.988   0.744   4.321
237.000  60.000   6.162   0.507   4.182
238.000  60.000   6.165   0.744   4.186
239.000  60.000   5.988   0.744   4.321
240.000  60.000   5.985   0.507   4.318
241.000  61.000   6.180   0.271   4.205
242.000  61.000   6.162   0.507   4.182
243.000  61.000   5.985   0.507   4.318
244.000  61.000   6.003   0.271   4.340
245.000  62.000   6.206   0.035   4.238
246.000  62.000   6.180   0.271   4.205
247.000  62.000   6.003   0.271   4.340
248.000  62.000   6.029   0.035   4.374
249.000  63.000   5.839   0.030   4.597
250.000  63.000   5.838   0.035   4.596
251.000  63.000   5.839   0.035   4.606
252.000  63.000   5.840   0.030   4.607
253.000  64.000   5.833   0.030   4.557
254.000  64.000   5.833   0.035   4.556
255.000  64.000   5.838   0.035   4.596
256.000  64.000   5.839   0.030   4.597
257.000  65.000   5.843   0.030   4.534
258.000  65.000   5.842   0.035   4.533
259.000  65.000   5.833   0.035   4.556
260.000  65.000   5.833   0.030   4.557
261.000  66.000   5.853   0.030   4.511
262.000  66.000   5.852   0.035   4.510
263.000  66.000   5.842   0.035   4.533
264.000  66.000   5.843   0.030   4.534
265.000  67.000   6.030   0.030   4.375
266.000  67.000   6.029   0.035   4.374
267.000  67.000   5.852   0.035   4.510
268.000  67.000   5.853   0.030   4.511
269.000  68.000   6.207   0.030   4.240
270.000  68.000   6.206   0.035   4.238
271.000  68.000   6.029   0.035   4.374
272.000  68.000   6.030   0.030   4.375
273.000  69.000   6.357   0.985   4.070
274.000  69.000   6.180   0.985   4.206
275.000  69.000   6.214   0.985   4.249
276.000  69.000   6.391   0.985   4.114
277.000  70.000   6.534   0.985   3.934
278.000  70.000   6.357   0.985   4.070
279.000  70.000   6.391   0.985   4.114
280.000  70.000   6.568   0.985   3.978
281.000  71.000   6.559   0.985   3.931
282.000  71.000   6.534   0.985   3.934
283.000  71.000   6.568   0.985   3.978
284.000  71.000   6.593   0.985   3.975
285.000  72.000   6.584   0.985   3.928
286.000  72.000   6.559   0.985   3.931
287.000  72.000   6.593   0.985   3.975
288.000  72.000   6.617   0.985   3.971
289.000  73.000   6.621   0.985   3.943
290.000  73.000   6.584   0.985   3.928
291.000  73.000   6.617   0.985   3.971
292.000  73.000   6.654   0.985   3.987
293.000  74.000   6.630   0.985   3.947
294.000  74.000   6.621   0.985   3.943
295.000  74.000   6.654   0.985   3.987
296.000  74.000   6.664   0.985   3.990
297.000  75.000   6.630   0.980   3.946
298.000  75.000   6.630   0.985   3.947
299.000  75.000   6.664   0.985   3.990
300.000  75.000   6.663   0.980   3.990
301.000  76.000   6.618   0.744   3.931
302.000  76.000   6.630   0.980   3.946
303.000  76.000   6.663   0.980   3.990
304.000  76.000   6.651   0.744   3.975
305.000  77.000   6.615   0.507   3.927
306.000  77.000   6.618   0.744   3.931
307.000  77.000   6.651   0.744   3.975
308.000  77.000   6.648   0.507   3.971
309.000  78.000   6.632   0.271   3.950
310.000  78.000   6.615   0.507   3.927
311.000  78.000   6.648   0.507   3.971
312.000  78.000   6.666   0.271   3.993
313.000  79.000   6.658   0.035   3.984
314.000  79.000   6.632   0.271   3.950
315.000  79.000   6.666   0.271   3.993
316.000  79.000   6.692   0.035   4.027
317.000  80.000   6.659   0.030   3.985
318.000  80.000   6.658   0.035   3.984
319.000  80.000   6.692   0.035   4.027
320.000  80.000   6.693   0.030   4.029
321.000  81.000   6.659   0.000   3.985
322.000  81.000   6.659   0.030   3.985
323.000  81.000   6.693   0.030   4.029
324.000  81.000   6.693   0.000   4.029
325.000  82.000   6.354   0.985   4.066
326.000  82.000   6.177   0.985   4.202
327.000  82.000   6.180   0.985   4.206
328.000  82.000   6.357   0.985   4.070
329.000  83.000   6.531   0.985   3.930
330.000  83.000   6.354   0.985   4.066
331.000  83.000   6.357   0.985   4.070
332.000  83.000   6.534   0.985   3.934
333.000  84.000   6.556   0.985   3.927
334.000  84.000   6.531   0.985   3.930
335.000  84.000   6.534   0.985   3.934
336.000  84.000   6.559   0.985   3.931
337.000  85.000   6.581   0.985   3.924
338.000  85.000   6.556   0.985   3.927
339.000  85.000   6.559   0.985   3.931
340.000  85.000   6.584   0.985   3.928
341.000  86.000   6.618   0.985   3.939
342.000  86.000   6.581   0.985   3.924
343.000  86.000   6.584   0.985   3.928
344.000  86.000   6.621   0.985   3.943
345.000  87.000   6.627   0.985   3.943
346.000  87.000   6.618   0.985   3.939
347.000  87.000   6.621   0.985   3.943
348.000  87.000   6.630   0.985   3.947
349.000  88.000   6.626   0.980   3.942
350.000  88.000   6.627   0.985   3.943
351.000  88.000   6.630   0.985   3.947
352.000  88.000   6.630   0.980   3.946
353.000  89.000   6.615   0.744   3.927
354.000  89.000   6.626   0.980   3.942
355.000  89.000   6.630   0.980   3.946
356.000  89.000   6.618   0.744   3.931
357.000  90.000   6.612   0.507   3.923
358.000  90.000   6.615   0.744   3.927
359.000  90.000   6.618   0.744   3.931
360.000  90.000   6.615   0.507   3.927
361.000  91.000   6.629   0.271   3.946
362.000  91.000   6.612   0.507   3.923
363.000  91.000   6.615   0.507   3.927
364.000  91.000   6.632   0.271   3.950
365.000  92.000   6.655   0.035   3.980
366.000  92.000   6.629   0.271   3.946
367.000  92.000   6.632   0.271   3.950
368.000  92.000   6.658   0.035   3.984
369.000  93.000   6.656   0.030   3.981
370.000  93.000   6.655   0.035   3.980
371.000  93.000   6.658   0.035   3.984
372.000  93.000   6.659   0.030   3.985
373.000  94.000   6.656   0.000   3.981
374.000  94.000   6.656   0.030   3.981
375.000  94.000   6.659   0.030   3.985
376.000  94.000   6.659   0.000   3.985
377.000  95.000   6.647   0.000   3.977
378.000  95.000   6.647   0.030   3.977
379.000  95.000   6.656   0.030   3.981
380.000  95.000   6.656   0.000   3.981
381.000  96.000   6.610   0.000   3.962
382.000  96.000   6.610   0.030   3.962
383.000  96.000   6.647   0.030   3.977
384.000  96.000   6.647   0.000   3.977
385.000  97.000   6.585   0.000   3.965
386.000  97.000   6.585   0.030   3.965
387.000  97.000   6.610   0.030   3.962
388.000  97.000   6.610   0.000   3.962
389.000  98.000   6.560   0.000   3.968
390.000  98.000   6.560   0.030   3.968
391.000  98.000   6.585   0.030   3.965
392.000  98.000   6.585   0.000   3.965
393.000  99.000   6.383   0.000   4.104
394.000  99.000   6.383   0.030   4.104
395.000  99.000   6.560   0.030   3.968
396.000  99.000   6.560   0.000   3.968
397.000 100.000   6.207   0.000   4.240
398.000 100.000   6.207   0.030   4.240
399.000 100.000   6.383   0.030   4.104
400.000 100.000   6.383   0.000   4.104
401.000 101.000   6.617   0.980   3.938
402.000 101.000   6.618   0.985   3.939
403.000 101.000   6.627   0.985   3.943
404.000 101.000   6.626   0.980   3.942
405.000 102.000   6.580   0.980   3.923
406.000 102.000   6.581   0.985   3.924
407.000 102.000   6.618   0.985   3.939
408.000 102.000   6.617   0.980   3.938
409.000 103.000   6.556   0.980   3.926
410.000 103.000   6.556   0.985   3.927
411.000 103.000   6.581   0.985   3.924
412.000 103.000   6.580   0.980   3.923
413.000 104.000   6.531   0.980   3.930
414.000 104.000   6.531   0.985   3.930
415.000 104.000   6.556   0.985   3.927
416.000 104.000   6.556   0.980   3.926
417.000 105.000   6.354   0.980   4.065
418.000 105.000   6.354   0.985   4.066
419.000 105.000   6.531   0.985   3.930
420.000 105.000   6.531   0.980   3.930
421.000 106.000   6.177   0.980   4.201
422.000 106.000   6.177   0.985   4.202
423.000 106.000   6.354   0.985   4.066
424.000 106.000   6.354   0.980   4.065
425.000 107.000   6.606   0.744   3.923
426.000 107.000   6.617   0.980   3.938
427.000 107.000   6.626   0.980   3.942
428.000 107.000   6.615   0.744   3.927
429.000 108.000   6.603   0.507   3.919
430.000 108.000   6.606   0.744   3.923
431.000 108.000   6.615   0.744   3.927
432.000 108.000   6.612   0.507   3.923
433.000 109.000   6.620   0.271   3.942
434.000 109.000   6.603   0.507   3.919
435.000 109.000   6.612   0.507   3.923
436.000 109.000   6.629   0.271   3.946
437.000 110.000   6.646   0.035   3.976
438.000 110.000   6.620   0.271   3.942
439.000 110.000   6.629   0.271   3.946
440.000 110.000   6.655   0.035   3.980
441.000 111.000   6.569   0.744   3.908
442.000 111.000   6.580   0.980   3.923
443.000 111.000   6.617   0.980   3.938
444.000 111.000   6.606   0.744   3.923
445.000 112.000   6.566   0.507   3.904
446.000 112.000   6.569   0.744   3.908
447.000 112.000   6.606   0.744   3.923
448.000 112.000   6.603   0.507   3.919
449.000 113.000   6.583   0.271   3.927
450.000 113.000   6.566   0.507   3.904
451.000 113.000   6.603   0.507   3.919
452.000 113.000   6.620   0.271   3.942
453.000 114.000   6.609   0.035   3.961
454.000 114.000   6.583   0.271   3.927
455.000 114.000   6.620   0.271   3.942
456.000 114.000   6.646   0.035   3.976
457.000 115.000   6.544   0.744   3.911
458.000 115.000   6.556   0.980   3.926
459.000 115.000   6.580   0.980   3.923
460.000 115.000   6.569   0.744   3.908
461.000 116.000   6.541   0.507   3.907
462.000 116.000   6.544   0.744   3.911
463.000 116.000   6.569   0.744   3.908
464.000 116.000   6.566   0.507   3.904
465.000 117.000   6.558   0.271   3.930
466.000 117.000   6.541   0.507   3.907
467.000 117.000   6.566   0.507   3.904
468.000 117.000   6.583   0.271   3.927
469.000 118.000   6.584   0.035   3.964
470.000 118.000   6.558   0.271   3.930
471.000 118.000   6.583   0.271   3.927
472.000 118.000   6.609   0.035   3.961
473.000 119.000   6.519   0.744   3.914
474.000 119.000   6.531   0.980   3.930
475.000 119.000   6.556   0.980   3.926
476.000 119.000   6.544   0.744   3.911
477.000 120.000   6.516   0.507   3.911
478.000 120.000   6.519   0.744   3.914
479.000 120.000   6.544   0.744   3.911
480.000 120.000   6.541   0.507   3.907
481.000 121.000   6.534   0.271   3.933
482.000 121.000   6.516   0.507   3.911
483.000 121.000   6.541   0.507   3.907
484.000 121.000   6.558   0.271   3.930
485.000 122.000   6.559   0.035   3.967
486.000 122.000   6.534   0.271   3.933
487.000 122.000   6.558   0.271   3.930
488.000 122.000   6.584   0.035   3.964
489.000 123.000   6.342   0.744   4.050
490.000 123.000   6.354   0.980   4.065
491.000 123.000   6.531   0.980   3.930
492.000 123.000   6.519   0.744   3.914
493.000 124.000   6.339   0.507   4.046
494.000 124.000   6.342   0.744   4.050
495.000 124.000   6.519   0.744   3.914
496.000 124.000   6.516   0.507   3.911
497.000 125.000   6.356   0.271   4.069
498.000 125.000   6.339   0.507   4.046
499.000 125.000   6.516   0.507   3.911
500.000 125.000   6.534   0.271   3.933
501.000 126.000   6.383   0.035   4.103
502.000 126.000   6.356   0.271   4.069
503.000 126.000   6.534   0.271   3.933
504.000 126.000   6.559   0.035   3.967
505.000 127.000   6.165   0.744   4.186
506.000 127.000   6.177   0.980   4.201
507.000 127.000   6.354   0.980   4.065
508.000 127.000   6.342   0.744   4.050
509.000 128.000   6.162   0.507   4.182
510.000 128.000   6.165   0.744   4.186
511.000 128.000   6.342   0.744   4.050
512.000 128.000   6.339   0.507   4.046
513.000 129.000   6.180   0.271   4.205
514.000 129.000   6.162   0.507   4.182
515.000 129.000   6.339   0.507   4.046
516.000 129.000   6.356   0.271   4.069
517.000 130.000   6.206   0.035   4.238
518.000 130.000   6.180   0.271   4.205
519.000 130.000   6.356   0.271   4.069
520.000 130.000   6.383   0.035   4.103
521.000 131.000   6.647   0.030   3.977
522.000 131.000   6.646   0.035   3.976
523.000 131.000   6.655   0.035   3.980
524.000 131.000   6.656   0.030   3.981
525.000 132.000   6.610   0.030   3.962
526.000 132.000   6.609   0.035   3.961
527.000 132.000   6.646   0.035   3.976
528.000 132.000   6.647   0.030   3.977
529.000 133.000   6.585   0.030   3.965
530.000 133.000   6.584   0.035   3.964
531.000 133.000   6.609   0.035   3.961
532.000 133.000   6.610   0.030   3.962
533.000 134.000   6.560   0.030   3.968
534.000 134.000   6.559   0.035   3.967
535.000 134.000   6.584   0.035   3.964
536.000 134.000   6.585   0.030   3.965
537.000 135.000   6.383   0.030   4.104
538.000 135.000   6.383   0.035   4.103
539.000 135.000   6.559   0.035   3.967
540.000 135.000   6.560   0.030   3.968
541.000 136.000   6.207   0.030   4.240
542.000 136.000   6.206   0.035   4.238
543.000 136.000   6.383   0.035   4.103
544.000 136.000   6.383   0.030   4.104
545.000 137.000   6.003  -0.985   4.341
546.000 137.000   6.180  -0.985   4.206
547.000 137.000   6.214  -0.985   4.249
548.000 137.000   6.037  -0.985   4.385
549.000 138.000   5.827  -0.985   4.477
550.000 138.000   6.003  -0.985   4.341
551.000 138.000   6.037  -0.985   4.385
552.000 138.000   5.860  -0.985   4.521
553.000 139.000   5.817  -0.985   4.500
554.000 139.000   5.827  -0.985   4.477
555.000 139.000   5.860  -0.985   4.521
556.000 139.000   5.851  -0.985   4.544
557.000 140.000   5.807  -0.985   4.523
558.000 140.000   5.817  -0.985   4.500
559.000 140.000   5.851  -0.985   4.544
560.000 140.000   5.841  -0.985   4.567
561.000 141.000   5.813  -0.985   4.563
562.000 141.000   5.807  -0.985   4.523
563.000 141.000   5.841  -0.985   4.567
564.000 141.000   5.846  -0.985   4.606
565.000 142.000   5.814  -0.985   4.573
566.000 142.000   5.813  -0.985   4.563
567.000 142.000   5.846  -0.985   4.606
568.000 142.000   5.847  -0.985   4.616
569.000 143.000   5.813  -0.980   4.572
570.000 143.000   5.814  -0.985   4.573
571.000 143.000   5.847  -0.985   4.616
572.000 143.000   5.847  -0.980   4.616
573.000 144.000   5.802  -0.744   4.557
574.000 144.000   5.813  -0.980   4.572
575.000 144.000   5.847  -0.980   4.616
576.000 144.000   5.835  -0.744   4.601
577.000 145.000   5.799  -0.507   4.553
578.000 145.000   5.802  -0.744   4.557
579.000 145.000   5.835  -0.744   4.601
580.000 145.000   5.832  -0.507   4.597
581.000 146.000   5.816  -0.271   4.576
582.000 146.000   5.799  -0.507   4.553
583.000 146.000   5.832  -0.507   4.597
584.000 146.000   5.850  -0.271   4.619
585.000 147.000   5.842  -0.035   4.609
586.000 147.000   5.816  -0.271   4.576
587.000 147.000   5.850  -0.271   4.619
588.000 147.000   5.876  -0.035   4.653
589.000 148.000   5.843  -0.030   4.611
590.000 148.000   5.842  -0.035   4.609
591.000 148.000   5.876  -0.035   4.653
592.000 148.000   5.877  -0.030   4.654
593.000 149.000   5.843  -0.000   4.611
594.000 149.000   5.843  -0.030   4.611
595.000 149.000   5.877  -0.030   4.654
596.000 149.000   5.877  -0.000   4.654
597.000 150.000   6.000  -0.985   4.337
598.000 150.000   6.177  -0.985   4.202
599.000 150.000   6.180  -0.985   4.206
600.000 150.000   6.003  -0.985   4.341
601.000 151.000   5.824  -0.985   4.473
602.000 151.000   6.000  -0.985   4.337
603.000 151.000   6.003  -0.985   4.341
604.000 151.000   5.827  -0.985   4.477
605.000 152.000   5.814  -0.985   4.496
606.000 152.000   5.824  -0.985   4.473
607.000 152.000   5.827  -0.985   4.477
608.000 152.000   5.817  -0.985   4.500
609.000 153.000   5.804  -0.985   4.519
610.000 153.000   5.814  -0.985   4.496
611.000 153.000   5.817  -0.985   4.500
612.000 153.000   5.807  -0.985   4.523
613.000 154.000   5.810  -0.985   4.559
614.000 154.000   5.804  -0.985   4.519
615.000 154.000   5.807  -0.985   4.523
616.000 154.000   5.813  -0.985   4.563
617.000 155.000   5.811  -0.985   4.569
618.000 155.000   5.810  -0.985   4.559
619.000 155.000   5.813  -0.985   4.563
620.000 155.000   5.814  -0.985   4.573
621.000 156.000   5.810  -0.980   4.568
622.000 156.000   5.811  -0.985   4.569
623.000 156.000   5.814  -0.985   4.573
624.000 156.000   5.813  -0.980   4.572
625.000 157.000   5.799  -0.744   4.553
626.000 157.000   5.810  -0.980   4.568
627.000 157.000   5.813  -0.980   4.572
628.000 157.000   5.802  -0.744   4.557
629.000 158.000   5.796  -0.507   4.549
630.000 158.000   5.799  -0.744   4.553
631.000 158.000   5.802  -0.744   4.557
632.000 158.000   5.799  -0.507   4.553
633.000 159.000   5.813  -0.271   4.572
634.000 159.000   5.796  -0.507   4.549
635.000 159.000   5.799  -0.507   4.553
636.000 159.000   5.816  -0.271   4.576
637.000 160.000   5.839  -0.035   4.606
638.000 160.000   5.813  -0.271   4.572
639.000 160.000   5.816  -0.271   4.576
640.000 160.000   5.842  -0.035   4.609
641.000 161.000   5.840  -0.030   4.607
642.000 161.000   5.839  -0.035   4.606
643.000 161.000   5.842  -0.035   4.609
644.000 161.000   5.843  -0.030   4.611
645.000 162.000   5.840  -0.000   4.607
646.000 162.000   5.840  -0.030   4.607
647.000 162.000   5.843  -0.030   4.611
648.000 162.000   5.843  -0.000   4.611
649.000 163.000   5.839  -0.000   4.597
650.000 163.000   5.839  -0.030   4.597
651.000 163.000   5.840  -0.030   4.607
652.000 163.000   5.840  -0.000   4.607
653.000 164.000   5.833  -0.000   4.557
654.000 164.000   5.833  -0.030   4.557
655.000 164.000   5.839  -0.030   4.597
656.000 164.000   5.839  -0.000   4.597
657.000 165.000   5.843  -0.000   4.534
658.000 165.000   5.843  -0.030   4.534
659.000 165.000   5.833  -0.030   4.557
660.000 165.000   5.833  -0.000   4.557
661.000 166.000   5.853  -0.000   4.511
662.000 166.000   5.853  -0.030   4.511
663.000 166.000   5.843  -0.030   4.534
664.000 166.000   5.843  -0.000   4.534
665.000 167.000   6.030  -0.000   4.375
666.000 167.000   6.030  -0.030   4.375
667.000 167.000   5.853  -0.030   4.511
668.000 167.000   5.853  -0.000   4.511
669.000 168.000   6.207   0.000   4.240
670.000 168.000   6.207  -0.030   4.240
671.000 168.000   6.030  -0.030   4.375
672.000 168.000   6.030  -0.000   4.375
673.000 169.000   5.809  -0.980   4.558
674.000 169.000   5.810  -0.985   4.559
675.000 169.000   5.811  -0.985   4.569
676.000 169.000   5.810  -0.980   4.568
677.000 170.000   5.804  -0.980   4.518
678.000 170.000   5.804  -0.985   4.519
679.000 170.000   5.810  -0.985   4.559
680.000 170.000   5.809  -0.980   4.558
681.000 171.000   5.813  -0.980   4.495
682.000 171.000   5.814  -0.985   4.496
683.000 171.000   5.804  -0.985   4.519
684.000 171.000   5.804  -0.980   4.518
685.000 172.000   5.823  -0.980   4.472
686.000 172.000   5.824  -0.985   4.473
687.000 172.000   5.814  -0.985   4.496
688.000 172.000   5.813  -0.980   4.495
689.000 173.000   6.000  -0.980   4.337
690.000 173.000   6.000  -0.985   4.337
691.000 173.000   5.824  -0.985   4.473
692.000 173.000   5.823  -0.980   4.472
693.000 174.000   6.177  -0.980   4.201
694.000 174.000   6.177  -0.985   4.202
695.000 174.000   6.000  -0.985   4.337
696.000 174.000   6.000  -0.980   4.337
697.000 175.000   5.797  -0.744   4.543
698.000 175.000   5.809  -0.980   4.558
699.000 175.000   5.810  -0.980   4.568
700.000 175.000   5.799  -0.744   4.553
701.000 176.000   5.795  -0.507   4.539
702.000 176.000   5.797  -0.744   4.543
703.000 176.000   5.799  -0.744   4.553
704.000 176.000   5.796  -0.507   4.549
705.000 177.000   5.812  -0.271   4.562
706.000 177.000   5.795  -0.507   4.539
707.000 177.000   5.796  -0.507   4.549
708.000 177.000   5.813  -0.271   4.572
709.000 178.000   5.838  -0.035   4.596
710.000 178.000   5.812  -0.271   4.562
711.000 178.000   5.813  -0.271   4.572
712.000 178.000   5.839  -0.035   4.606
713.000 179.000   5.792  -0.744   4.503
714.000 179.000   5.804  -0.980   4.518
715.000 179.000   5.809  -0.980   4.558
716.000 179.000   5.797  -0.744   4.543
717.000 180.000   5.789  -0.507   4.500
718.000 180.000   5.792  -0.744   4.503
719.000 180.000   5.797  -0.744   4.543
720.000 180.000   5.795  -0.507   4.539
721.000 181.000   5.807  -0.271   4.522
722.000 181.000   5.789  -0.507   4.500
723.000 181.000   5.795  -0.507   4.539
724.000 181.000   5.812  -0.271   4.562
725.000 182.000   5.833  -0.035   4.556
726.000 182.000   5.807  -0.271   4.522
727.000 182.000   5.812  -0.271   4.562
728.000 182.000   5.838  -0.035   4.596
729.000 183.000   5.802  -0.744   4.480
730.000 183.000   5.813  -0.980   4.495
731.000 183.000   5.804  -0.980   4.518
732.000 183.000   5.792  -0.744   4.503
733.000 184.000   5.799  -0.507   4.476
734.000 184.000   5.802  -0.744   4.480
735.000 184.000   5.792  -0.744   4.503
736.000 184.000   5.789  -0.507   4.500
737.000 185.000   5.816  -0.271   4.499
738.000 185.000   5.799  -0.507   4.476
739.000 185.000   5.789  -0.507   4.500
740.000 185.000   5.807  -0.271   4.522
741.000 186.000   5.842  -0.035   4.533
742.000 186.000   5.816  -0.271   4.499
743.000 186.000   5.807  -0.271   4.522
744.000 186.000   5.833  -0.035   4.556
745.000 187.000   5.811  -0.744   4.457
746.000 187.000   5.823  -0.980   4.472
747.000 187.000   5.813  -0.980   4.495
748.000 187.000   5.802  -0.744   4.480
749.000 188.000   5.808  -0.507   4.453
750.000 188.000   5.811  -0.744   4.457
751.000 188.000   5.802  -0.744   4.480
752.000 188.000   5.799  -0.507   4.476
753.000 189.000   5.826  -0.271   4.476
754.000 189.000   5.808  -0.507   4.453
755.000 189.000   5.799  -0.507   4.476
756.000 189.000   5.816  -0.271   4.499
757.000 190.000   5.852  -0.035   4.510
758.000 190.000   5.826  -0.271   4.476
759.000 190.000   5.816  -0.271   4.499
760.000 190.000   5.842  -0.035   4.533
761.000 191.000   5.988  -0.744   4.321
762.000 191.000   6.000  -0.980   4.337
763.000 191.000   5.823  -0.980   4.472
764.000 191.000   5.811  -0.744   4.457
765.000 192.000   5.985  -0.507   4.318
766.000 192.000   5.988  -0.744   4.321
767.000 192.000   5.811  -0.744   4.457
768.000 192.000   5.808  -0.507   4.453
769.000 193.000   6.003  -0.271   4.340
770.000 193.000   5.985  -0.507   4.318
771.000 193.000   5.808  -0.507   4.453
772.000 193.000   5.826  -0.271   4.476
773.000 194.000   6.029  -0.035   4.374
774.000 194.000   6.003  -0.271   4.340
775.000 194.000   5.826  -0.271   4.476
776.000 194.000   5.852  -0.035   4.510
777.000 195.000   6.165  -0.744   4.186
778.000 195.000   6.177  -0.980   4.201
779.000 195.000   6.000  -0.980   4.337
780.000 195.000   5.988  -0.744   4.321
781.000 196.000   6.162  -0.507   4.182
782.000 196.000   6.165  -0.744   4.186
783.000 196.000   5.988  -0.744   4.321
784.000 196.000   5.985  -0.507   4.318
785.000 197.000   6.180  -0.271   4.205
786.000 197.000   6.162  -0.507   4.182
787.000 197.000   5.985  -0.507   4.318
788.000 197.000   6.003  -0.271   4.340
789.000 198.000   6.206  -0.035   4.238
790.000 198.000   6.180  -0.271   4.205
791.000 198.000   6.003  -0.271   4.340
792.000 198.000   6.029  -0.035   4.374
793.000 199.000   5.839  -0.030   4.597
794.000 199.000   5.838  -0.035   4.596
795.000 199.000   5.839  -0.035   4.606
796.000 199.000   5.840  -0.030   4.607
797.000 200.000   5.833  -0.030   4.557
798.000 200.000   5.833  -0.035   4.556
799.000 200.000   5.838  -0.035   4.596
800.000 200.000   5.839  -0.030   4.597
801.000 201.000   5.843  -0.030   4.534
802.000 201.000   5.842  -0.035   4.533
803.000 201.000   5.833  -0.035   4.556
804.000 201.000   5.833  -0.030   4.557
805.000 202.000   5.853  -0.030   4.511
806.000 202.000   5.852  -0.035   4.510
807.000 202.000   5.842  -0.035   4.533
808.000 202.000   5.843  -0.030   4.534
809.000 203.000   6.030  -0.030   4.375
810.000 203.000   6.029  -0.035   4.374
811.000 203.000   5.852  -0.035   4.510
812.000 203.000   5.853  -0.030   4.511
813.000 204.000   6.207  -0.030   4.240
814.000 204.000   6.206  -0.035   4.238
815.000 204.000   6.029  -0.035   4.374
816.000 204.000   6.030  -0.030   4.375
817.000 205.000   6.357  -0.985   4.070
818.000 205.000   6.180  -0.985   4.206
819.000 205.000   6.214  -0.985   4.249
820.000 205.000   6.391  -0.985   4.114
821.000 206.000   6.534  -0.985   3.934
822.000 206.000   6.357  -0.985   4.070
823.000 206.000   6.391  -0.985   4.114
824.000 206.000   6.568  -0.985   3.978
825.000 207.000   6.559  -0.985   3.931
826.000 207.000   6.534  -0.985   3.934
827.000 207.000   6.568  -0.985   3.978
828.000 207.000   6.593  -0.985   3.975
829.000 208.000   6.584  -0.985   3.928
830.000 208.000   6.559  -0.985   3.931
831.000 208.000   6.593  -0.985   3.975
832.000 208.000   6.617  -0.985   3.971
833.000 209.000   6.621  -0.985   3.943
834.000 209.000   6.584  -0.985   3.928
835.000 209.000   6.617  -0.985   3.971
836.000 209.000   6.654  -0.985   3.987
837.000 210.000   6.630  -0.985   3.947
838.000 210.000   6.621  -0.985   3.943
839.000 210.000   6.654  -0.985   3.987
840.000 210.000   6.664  -0.985   3.990
841.000 211.000   6.630  -0.980   3.946
842.000 211.000   6.630  -0.985   3.947
843.000 211.000   6.664  -0.985   3.990
844.000 211.000   6.663  -0.980   3.990
845.000 212.000   6.618  -0.744   3.931
846.000 212.000   6.630  -0.980   3.946
847.000 212.000   6.663  -0.980   3.990
848.000 212.000   6.651  -0.744   3.975
849.000 213.000   6.615  -0.507   3.927
850.000 213.000   6.618  -0.744   3.931
851.000 213.000   6.651  -0.744   3.975
852.000 213.000   6.648  -0.507   3.971
853.000 214.000   6.632  -0.271   3.950
854.000 214.000   6.615  -0.507   3.927
855.000 214.000   6.648  -0.507   3.971
856.000 214.000   6.666  -0.271   3.993
857.000 215.000   6.658  -0.035   3.984
858.000 215.000   6.632  -0.271   3.950
859.000 215.000   6.666  -0.271   3.993
860.000 215.000   6.692  -0.035   4.027
861.000 216.000   6.659  -0.030   3.985
862.000 216.000   6.658  -0.035   3.984
863.000 216.000   6.692  -0.035   4.027
864.000 216.000   6.693  -0.030   4.029
865.000 217.000   6.659   0.000   3.985
866.000 217.000   6.659  -0.030   3.985
867.000 217.000   6.693  -0.030   4.029
868.000 217.000   6.693   0.000   4.029
869.000 218.000   6.354  -0.985   4.066
870.000 218.000   6.177  -0.985   4.202
871.000 218.000   6.180  -0.985   4.206
872.000 218.000   6.357  -0.985   4.070
873.000 219.000   6.531  -0.985   3.930
874.000 219.000   6.354  -0.985   4.066
875.000 219.000   6.357  -0.985   4.070
876.000 219.000   6.534  -0.985   3.934
877.000 220.000   6.556  -0.985   3.927
878.000 220.000   6.531  -0.985   3.930
879.000 220.000   6.534  -0.985   3.934
880.000 220.000   6.559  -0.985   3.931
881.000 221.000   6.581  -0.985   3.924
882.000 221.000   6.556  -0.985   3.927
883.000 221.000   6.559  -0.985   3.931
884.000 221.000   6.584  -0.985   3.928
885.000 222.000   6.618  -0.985   3.939
886.000 222.000   6.581  -0.985   3.924
887.000 222.000   6.584  -0.985   3.928
888.000 222.000   6.621  -0.985   3.943
889.000 223.000   6.627  -0.985   3.943
890.000 223.000   6.618  -0.985   3.939
891.000 223.000   6.621  -0.985   3.943
892.000 223.000   6.630  -0.985   3.947
893.000 224.000   6.626  -0.980   3.942
894.000 224.000   6.627  -0.985   3.943
895.000 224.000   6.630  -0.985   3.947
896.000 224.000   6.630  -0.980   3.946
897.000 225.000   6.615  -0.744   3.927
898.000 225.000   6.626  -0.980   3.942
899.000 225.000   6.630  -0.980   3.946
900.000 225.000   6.618  -0.744   3.931
901.000 226.000   6.612  -0.507   3.923
902.000 226.000   6.615  -0.744   3.927
903.000 226.000   6.618  -0.744   3.931
904.000 226.000   6.615  -0.507   3.927
905.000 227.000   6.629  -0.271   3.946
906.000 227.000   6.612  -0.507   3.923
907.000 227.000   6.615  -0.507   3.927
908.000 227.000   6.632  -0.271   3.950
909.000 228.000   6.655  -0.035   3.980
910.000 228.000   6.629  -0.271   3.946
911.000 228.000   6.632  -0.271   3.950
912.000 228.000   6.658  -0.035   3.984
913.000 229.000   6.656  -0.030   3.981
914.000 229.000   6.655  -0.035   3.980
915.000 229.000   6.658  -0.035   3.984
916.000 229.000   6.659  -0.030   3.985
917.000 230.000   6.656   0.000   3.981
918.000 230.000   6.656  -0.030   3.981
919.000 230.000   6.659  -0.030   3.985
920.000 230.000   6.659   0.000   3.985
921.000 231.000   6.647   0.000   3.977
922.000 231.000   6.647  -0.030   3.977
923.000 231.000   6.656  -0.030   3.981
924.000 231.000   6.656   0.000   3.981
925.000 232.000   6.610   0.000   3.962
926.000 232.000   6.610  -0.030   3.962
927.000 232.000   6.647  -0.030   3.977
928.000 232.000   6.647   0.000   3.977
929.000 233.000   6.585   0.000   3.965
930.000 233.000   6.585  -0.030   3.965
931.000 233.000   6.610  -0.030   3.962
932.000 233.000   6.610   0.000   3.962
933.000 234.000   6.560   0.000   3.968
934.000 234.000   6.560  -0.030   3.968
935.000 234.000   6.585  -0.030   3.965
936.000 234.000   6.585   0.000   3.965
937.000 235.000   6.383   0.000   4.104
938.000 235.000   6.383  -0.030   4.104
939.000 235.000   6.560  -0.030   3.968
940.000 235.000   6.560   0.000   3.968
941.000 236.000   6.207   0.000   4.240
942.000 236.000   6.207  -0.030   4.240
943.000 236.000   6.383  -0.030   4.104
944.000 236.000   6.383   0.000   4.104
945.000 237.000   6.617  -0.980   3.938
946.000 237.000   6.618  -0.985   3.939
947.000 237.000   6.627  -0.985   3.943
948.000 237.000   6.626  -0.980   3.942
949.000 238.000   6.580  -0.980   3.923
950.000 238.000   6.581  -0.985   3.924
951.000 238.000   6.618  -0.985   3.939
952.000 238.000   6.617  -0.980   3.938
953.000 239.000   6.556  -0.980   3.926
954.000 239.000   6.556  -0.985   3.927
955.000 239.000   6.581  -0.985   3.924
956.000 239.000   6.580  -0.980   3.923
957.000 240.000   6.531  -0.980   3.930
958.000 240.000   6.531  -0.985   3.930
959.000 240.000   6.556  -0.985   3.927
960.000 240.000   6.556  -0.980   3.926
961.000 241.000   6.354  -0.980   4.065
962.000 241.000   6.354  -0.985   4.066
963.000 241.000   6.531  -0.985   3.930
964.000 241.000   6.531  -0.980   3.930
965.000 242.000   6.177  -0.980   4.201
966.000 242.000   6.177  -0.985   4.202
967.000 242.000   6.354  -0.985   4.066
968.000 242.000   6.354  -0.980   4.065
969.000 243.000   6.606  -0.744   3.923
970.000 243.000   6.617  -0.980   3.938
971.000 243.000   6.626  -0.980   3.942
972.000 243.000   6.615  -0.744   3.927
973.000 244.000   6.603  -0.507   3.919
974.000 244.000   6.606  -0.744   3.923
975.000 244.000   6.615  -0.744   3.927
976.000 244.000   6.612  -0.507   3.923
977.000 245.000   6.620  -0.271   3.942
978.000 245.000   6.603  -0.507   3.919
979.000 245.000   6.612  -0.507   3.923
980.000 245.000   6.629  -0.271   3.946
981.000 246.000   6.646  -0.035   3.976
982.000 246.000   6.620  -0.271   3.942
983.000 246.000   6.629  -0.271   3.946
984.000 246.000   6.655  -0.035   3.980
985.000 247.000   6.569  -0.744   3.908
986.000 247.000   6.580  -0.980   3.923
987.000 247.000   6.617  -0.980   3.938
988.000 247.000   6.606  -0.744   3.923
989.000 248.000   6.566  -0.507   3.904
990.000 248.000   6.569  -0.744   3.908
991.000 248.000   6.606  -0.744   3.923
992.000 248.000   6.603  -0.507   3.919
993.000 249.000   6.583  -0.271   3.927
994.000 249.000   6.566  -0.507   3.904
995.000 249.000   6.603  -0.507   3.919
996.000 249.000   6.620  -0.271   3.942
997.000 250.000   6.609  -0.035   3.961
998.000 250.000   6.583  -0.271   3.927
999.000 250.000   6.620  -0.271   3.942
1000.000 250.000   6.646  -0.035   3.976
1001.000 251.000   6.544  -0.744   3.911
1002.000 251.000   6.556  -0.980   3.926
1003.000 251.000   6.580  -0.980   3.923
1004.000 251.000   6.569  -0.744   3.908
1005.000 252.000   6.541  -0.507   3.907
1006.000 252.000   6.544  -0.744   3.911
1007.000 252.000   6.569  -0.744   3.908
1008.000 252.000   6.566  -0.507   3.904
1009.000 253.000   6.558  -0.271   3.930
1010.000 253.000   6.541  -0.507   3.907
1011.000 253.000   6.566  -0.507   3.904
1012.000 253.000   6.583  -0.271   3.927
1013.000 254.000   6.584  -0.035   3.964
1014.000 254.000   6.558  -0.271   3.930
1015.000 254.000   6.583  -0.271   3.927
1016.000 254.000   6.609  -0.035   3.961
1017.000 255.000   6.519  -0.744   3.914
1018.000 255.000   6.531  -0.980   3.930
1019.000 255.000   6.556  -0.980   3.926
1020.000 255.000   6.544  -0.744   3.911
1021.000 256.000   6.516  -0.507   3.911
1022.000 256.000   6.519  -0.744   3.914
1023.000 256.000   6.544  -0.744   3.911
1024.000 256.000   6.541  -0.507   3.907
1025.000 257.000   6.534  -0.271   3.933
1026.000 257.000   6.516  -0.507   3.911
1027.000 257.000   6.541  -0.507   3.907
1028.000 257.000   6.558  -0.271   3.930
1029.000 258.000   6.559  -0.035   3.967
1030.000 258.000   6.534  -0.271   3.933
1031.000 258.000   6.558  -0.271   3.930
1032.000 258.000   6.584  -0.035   3.964
1033.000 259.000   6.342  -0.744   4.050
1034.000 259.000   6.354  -0.980   4.065
1035.000 259.000   6.531  -0.980   3.930
1036.000 259.000   6.519  -0.744   3.914
1037.000 260.000   6.339  -0.507   4.046
1038.000 260.000   6.342  -0.744   4.050
1039.000 260.000   6.519  -0.744   3.914
1040.000 260.000   6.516  -0.507   3.911
1041.000 261.000   6.356  -0.271   4.069
1042.000 261.000   6.339  -0.507   4.046
1043.000 261.000   6.516  -0.507   3.911
1044.000 261.000   6.534  -0.271   3.933
1045.000 262.000   6.383  -0.035   4.103
1046.000 262.000   6.356  -0.271   4.069
1047.000 262.000   6.534  -0.271   3.933
1048.000 262.000   6.559  -0.035   3.967
1049.000 263.000   6.165  -0.744   4.186
1050.000 263.000   6.177  -0.980   4.201
1051.000 263.000   6.354  -0.980   4.065
1052.000 263.000   6.342  -0.744   4.050
1053.000 264.000   6.162  -0.507   4.182
1054.000 264.000   6.165  -0.744   4.186
1055.000 264.000   6.342  -0.744   4.050
1056.000 264.000   6.339  -0.507   4.046
1057.000 265.000   6.180  -0.271   4.205
1058.000 265.000   6.162  -0.507   4.182
1059.000 265.000   6.339  -0.507   4.046
1060.000 265.000   6.356  -0.271   4.069
1061.000 266.000   6.206  -0.035   4.238
1062.000 266.000   6.180  -0.271   4.205
1063.000 266.000   6.356  -0.271   4.069
1064.000 266.000   6.383  -0.035   4.103
1065.000 267.000   6.647  -0.030   3.977
1066.000 267.000   6.646  -0.035   3.976
1067.000 267.000   6.655  -0.035   3.980
1068.000 267.000   6.656  -0.030   3.981
1069.000 268.000   6.610  -0.030   3.962
1070.000 268.000   6.609  -0.035   3.961
1071.000 268.000   6.646  -0.035   3.976
1072.000 268.000   6.647  -0.030   3.977
1073.000 269.000   6.585  -0.030   3.965
1074.000 269.000   6.584  -0.035   3.964
1075.000 269.000   6.609  -0.035   3.961
1076.000 269.000   6.610  -0.030   3.962
1077.000 270.000   6.560  -0.030   3.968
1078.000 270.000   6.559  -0.035   3.967
1079.000 270.000   6.584  -0.035   3.964
1080.000 270.000   6.585  -0.030   3.965
1081.000 271.000   6.383  -0.030   4.104
1082.000 271.000   6.383  -0.035   4.103
1083.000 271.000   6.559  -0.035   3.967
1084.000 271.000   6.560  -0.030   3.968
1085.000 272.000   6.207  -0.030   4.240
1086.000 272.000   6.206  -0.035   4.238
1087.000 272.000   6.383  -0.035   4.103
1088.000 272.000   6.383  -0.030   4.104
