* CASTEM output from Sophie, dated 071110
  1.000   6.791  -0.030  -2.703
  2.000   6.742  -0.030  -2.740
  3.000   6.694  -0.030  -2.778
  4.000   6.646  -0.030  -2.815
  5.000   6.597  -0.030  -2.853
  6.000   6.549  -0.030  -2.890
  7.000   6.500  -0.030  -2.928
  8.000   6.452  -0.030  -2.965
  9.000   6.404  -0.030  -3.003
 10.000   6.355  -0.030  -3.041
 11.000   6.307  -0.030  -3.078
 12.000   6.301  -0.050  -3.071
 13.000   6.293  -0.097  -3.060
 14.000   6.286  -0.144  -3.052
 15.000   6.281  -0.192  -3.045
 16.000   6.277  -0.239  -3.040
 17.000   6.273  -0.286  -3.035
 18.000   6.275  -0.333  -3.037
 19.000   6.277  -0.380  -3.040
 20.000   6.281  -0.428  -3.044
 21.000   6.285  -0.475  -3.050
 22.000   6.292  -0.522  -3.059
 23.000   6.776  -0.522  -2.683
 24.000   6.727  -0.522  -2.721
 25.000   6.679  -0.522  -2.758
 26.000   6.630  -0.522  -2.796
 27.000   6.582  -0.522  -2.833
 28.000   6.534  -0.522  -2.871
 29.000   6.485  -0.522  -2.908
 30.000   6.437  -0.522  -2.946
 31.000   6.388  -0.522  -2.983
 32.000   6.340  -0.522  -3.021
 33.000   6.785  -0.050  -2.696
 34.000   6.776  -0.097  -2.684
 35.000   6.770  -0.144  -2.676
 36.000   6.765  -0.192  -2.670
 37.000   6.761  -0.239  -2.664
 38.000   6.757  -0.286  -2.659
 39.000   6.759  -0.333  -2.662
 40.000   6.761  -0.380  -2.665
 41.000   6.764  -0.428  -2.669
 42.000   6.769  -0.475  -2.674
 43.000   6.737  -0.050  -2.733
 44.000   6.728  -0.097  -2.722
 45.000   6.722  -0.144  -2.714
 46.000   6.717  -0.192  -2.707
 47.000   6.713  -0.239  -2.702
 48.000   6.709  -0.286  -2.697
 49.000   6.711  -0.333  -2.699
 50.000   6.713  -0.380  -2.702
 51.000   6.716  -0.428  -2.706
 52.000   6.720  -0.475  -2.712
 53.000   6.689  -0.050  -2.771
 54.000   6.680  -0.097  -2.759
 55.000   6.673  -0.144  -2.751
 56.000   6.668  -0.192  -2.745
 57.000   6.664  -0.239  -2.739
 58.000   6.660  -0.286  -2.734
 59.000   6.662  -0.333  -2.737
 60.000   6.665  -0.380  -2.740
 61.000   6.668  -0.428  -2.744
 62.000   6.672  -0.475  -2.749
 63.000   6.640  -0.050  -2.808
 64.000   6.631  -0.097  -2.797
 65.000   6.625  -0.144  -2.789
 66.000   6.620  -0.192  -2.782
 67.000   6.616  -0.239  -2.777
 68.000   6.612  -0.286  -2.772
 69.000   6.614  -0.333  -2.774
 70.000   6.616  -0.380  -2.777
 71.000   6.619  -0.428  -2.781
 72.000   6.623  -0.475  -2.787
 73.000   6.592  -0.050  -2.846
 74.000   6.583  -0.097  -2.834
 75.000   6.577  -0.144  -2.826
 76.000   6.572  -0.192  -2.820
 77.000   6.567  -0.239  -2.814
 78.000   6.564  -0.286  -2.809
 79.000   6.566  -0.333  -2.812
 80.000   6.568  -0.380  -2.815
 81.000   6.571  -0.428  -2.819
 82.000   6.575  -0.475  -2.824
 83.000   6.543  -0.050  -2.883
 84.000   6.535  -0.097  -2.872
 85.000   6.528  -0.144  -2.864
 86.000   6.523  -0.192  -2.857
 87.000   6.519  -0.239  -2.852
 88.000   6.515  -0.286  -2.847
 89.000   6.517  -0.333  -2.849
 90.000   6.519  -0.380  -2.853
 91.000   6.523  -0.428  -2.857
 92.000   6.527  -0.475  -2.862
 93.000   6.495  -0.050  -2.921
 94.000   6.486  -0.097  -2.910
 95.000   6.480  -0.144  -2.902
 96.000   6.475  -0.192  -2.895
 97.000   6.471  -0.239  -2.890
 98.000   6.467  -0.286  -2.885
 99.000   6.469  -0.333  -2.887
100.000   6.471  -0.380  -2.890
101.000   6.474  -0.428  -2.894
102.000   6.478  -0.475  -2.900
103.000   6.447  -0.050  -2.958
104.000   6.438  -0.097  -2.947
105.000   6.431  -0.144  -2.939
106.000   6.426  -0.192  -2.933
107.000   6.422  -0.239  -2.927
108.000   6.418  -0.286  -2.922
109.000   6.420  -0.333  -2.925
110.000   6.423  -0.380  -2.928
111.000   6.426  -0.428  -2.932
112.000   6.430  -0.475  -2.937
113.000   6.398  -0.050  -2.996
114.000   6.389  -0.097  -2.985
115.000   6.383  -0.144  -2.977
116.000   6.378  -0.192  -2.970
117.000   6.374  -0.239  -2.965
118.000   6.370  -0.286  -2.960
119.000   6.372  -0.333  -2.962
120.000   6.374  -0.380  -2.965
121.000   6.377  -0.428  -2.969
122.000   6.382  -0.475  -2.975
123.000   6.350  -0.050  -3.034
124.000   6.341  -0.097  -3.022
125.000   6.335  -0.144  -3.014
126.000   6.330  -0.192  -3.008
127.000   6.325  -0.239  -3.002
128.000   6.322  -0.286  -2.997
129.000   6.324  -0.333  -3.000
130.000   6.326  -0.380  -3.003
131.000   6.329  -0.428  -3.007
132.000   6.333  -0.475  -3.012
133.000   6.291  -0.030  -3.090
134.000   6.286  -0.050  -3.083
135.000   6.277  -0.097  -3.072
136.000   6.271  -0.144  -3.064
137.000   6.266  -0.192  -3.058
138.000   6.261  -0.239  -3.052
139.000   6.257  -0.286  -3.047
140.000   6.259  -0.333  -3.050
141.000   6.262  -0.380  -3.053
142.000   6.265  -0.428  -3.057
143.000   6.269  -0.475  -3.062
144.000   6.276  -0.522  -3.071
145.000   6.281  -0.542  -3.077
146.000   6.296  -0.542  -3.064
147.000   6.345  -0.542  -3.027
148.000   6.393  -0.542  -2.989
149.000   6.441  -0.542  -2.952
150.000   6.490  -0.542  -2.914
151.000   6.538  -0.542  -2.877
152.000   6.587  -0.542  -2.839
153.000   6.635  -0.542  -2.802
154.000   6.683  -0.542  -2.764
155.000   6.732  -0.542  -2.727
156.000   6.803  -0.030  -2.718
157.000   6.755  -0.030  -2.756
158.000   6.706  -0.030  -2.793
159.000   6.658  -0.030  -2.831
160.000   6.609  -0.030  -2.869
161.000   6.561  -0.030  -2.906
162.000   6.513  -0.030  -2.944
163.000   6.464  -0.030  -2.981
164.000   6.416  -0.030  -3.019
165.000   6.367  -0.030  -3.056
166.000   6.319  -0.030  -3.094
167.000   6.303  -0.030  -3.106
168.000   6.298  -0.050  -3.099
169.000   6.289  -0.097  -3.088
170.000   6.283  -0.144  -3.080
171.000   6.278  -0.192  -3.073
172.000   6.274  -0.239  -3.068
173.000   6.270  -0.286  -3.063
174.000   6.272  -0.333  -3.065
175.000   6.274  -0.380  -3.068
176.000   6.277  -0.428  -3.072
177.000   6.281  -0.475  -3.078
178.000   6.288  -0.522  -3.087
179.000   6.293  -0.542  -3.093
180.000   6.309  -0.542  -3.080
181.000   6.357  -0.542  -3.043
182.000   6.405  -0.542  -3.005
183.000   6.454  -0.542  -2.968
184.000   6.502  -0.542  -2.930
185.000   6.551  -0.542  -2.893
186.000   6.599  -0.542  -2.855
187.000   6.647  -0.542  -2.817
188.000   6.696  -0.542  -2.780
189.000   6.744  -0.542  -2.742
190.000   6.839  -0.030  -2.665
191.000   6.887  -0.030  -2.627
192.000   6.936  -0.030  -2.590
193.000   6.984  -0.030  -2.552
194.000   7.032  -0.030  -2.515
195.000   7.081  -0.030  -2.477
196.000   7.129  -0.030  -2.440
197.000   7.178  -0.030  -2.402
198.000   7.226  -0.030  -2.364
199.000   7.274  -0.030  -2.327
200.000   7.269  -0.050  -2.320
201.000   7.260  -0.097  -2.309
202.000   7.254  -0.144  -2.301
203.000   7.249  -0.192  -2.294
204.000   7.245  -0.239  -2.289
205.000   7.241  -0.286  -2.284
206.000   7.243  -0.333  -2.286
207.000   7.245  -0.380  -2.289
208.000   7.248  -0.428  -2.293
209.000   7.253  -0.475  -2.299
210.000   7.259  -0.522  -2.308
211.000   6.824  -0.522  -2.646
212.000   6.872  -0.522  -2.608
213.000   6.921  -0.522  -2.570
214.000   6.969  -0.522  -2.533
215.000   7.018  -0.522  -2.495
216.000   7.066  -0.522  -2.458
217.000   7.114  -0.522  -2.420
218.000   7.163  -0.522  -2.383
219.000   7.211  -0.522  -2.345
220.000   6.834  -0.050  -2.658
221.000   6.825  -0.097  -2.647
222.000   6.819  -0.144  -2.639
223.000   6.814  -0.192  -2.632
224.000   6.809  -0.239  -2.627
225.000   6.806  -0.286  -2.622
226.000   6.807  -0.333  -2.624
227.000   6.810  -0.380  -2.627
228.000   6.813  -0.428  -2.631
229.000   6.817  -0.475  -2.637
230.000   6.882  -0.050  -2.620
231.000   6.873  -0.097  -2.609
232.000   6.867  -0.144  -2.601
233.000   6.862  -0.192  -2.595
234.000   6.858  -0.239  -2.589
235.000   6.854  -0.286  -2.584
236.000   6.856  -0.333  -2.587
237.000   6.858  -0.380  -2.590
238.000   6.861  -0.428  -2.594
239.000   6.865  -0.475  -2.599
240.000   6.930  -0.050  -2.583
241.000   6.922  -0.097  -2.571
242.000   6.915  -0.144  -2.563
243.000   6.910  -0.192  -2.557
244.000   6.906  -0.239  -2.551
245.000   6.902  -0.286  -2.547
246.000   6.904  -0.333  -2.549
247.000   6.907  -0.380  -2.552
248.000   6.910  -0.428  -2.556
249.000   6.914  -0.475  -2.562
250.000   6.979  -0.050  -2.545
251.000   6.970  -0.097  -2.534
252.000   6.964  -0.144  -2.526
253.000   6.959  -0.192  -2.519
254.000   6.955  -0.239  -2.514
255.000   6.951  -0.286  -2.509
256.000   6.952  -0.333  -2.511
257.000   6.955  -0.380  -2.515
258.000   6.958  -0.428  -2.518
259.000   6.962  -0.475  -2.524
260.000   7.027  -0.050  -2.508
261.000   7.018  -0.097  -2.496
262.000   7.012  -0.144  -2.488
263.000   7.007  -0.192  -2.482
264.000   7.003  -0.239  -2.476
265.000   6.999  -0.286  -2.471
266.000   7.001  -0.333  -2.474
267.000   7.003  -0.380  -2.477
268.000   7.006  -0.428  -2.481
269.000   7.011  -0.475  -2.486
270.000   7.076  -0.050  -2.470
271.000   7.067  -0.097  -2.459
272.000   7.061  -0.144  -2.451
273.000   7.056  -0.192  -2.444
274.000   7.051  -0.239  -2.439
275.000   7.047  -0.286  -2.434
276.000   7.049  -0.333  -2.436
277.000   7.052  -0.380  -2.439
278.000   7.055  -0.428  -2.443
279.000   7.059  -0.475  -2.449
280.000   7.124  -0.050  -2.433
281.000   7.115  -0.097  -2.421
282.000   7.109  -0.144  -2.413
283.000   7.104  -0.192  -2.407
284.000   7.100  -0.239  -2.401
285.000   7.096  -0.286  -2.396
286.000   7.098  -0.333  -2.399
287.000   7.100  -0.380  -2.402
288.000   7.103  -0.428  -2.406
289.000   7.107  -0.475  -2.411
290.000   7.172  -0.050  -2.395
291.000   7.164  -0.097  -2.384
292.000   7.157  -0.144  -2.376
293.000   7.152  -0.192  -2.369
294.000   7.148  -0.239  -2.364
295.000   7.144  -0.286  -2.359
296.000   7.146  -0.333  -2.361
297.000   7.148  -0.380  -2.364
298.000   7.152  -0.428  -2.368
299.000   7.156  -0.475  -2.374
300.000   7.221  -0.050  -2.357
301.000   7.212  -0.097  -2.346
302.000   7.206  -0.144  -2.338
303.000   7.201  -0.192  -2.332
304.000   7.196  -0.239  -2.326
305.000   7.192  -0.286  -2.321
306.000   7.194  -0.333  -2.324
307.000   7.197  -0.380  -2.327
308.000   7.200  -0.428  -2.331
309.000   7.204  -0.475  -2.336
310.000   7.290  -0.030  -2.315
311.000   7.285  -0.050  -2.308
312.000   7.276  -0.097  -2.296
313.000   7.270  -0.144  -2.288
314.000   7.265  -0.192  -2.282
315.000   7.261  -0.239  -2.276
316.000   7.257  -0.286  -2.271
317.000   7.259  -0.333  -2.274
318.000   7.261  -0.380  -2.277
319.000   7.264  -0.428  -2.281
320.000   7.268  -0.475  -2.286
321.000   7.275  -0.522  -2.295
322.000   7.280  -0.542  -2.301
323.000   7.264  -0.542  -2.313
324.000   7.216  -0.542  -2.351
325.000   7.167  -0.542  -2.389
326.000   7.119  -0.542  -2.426
327.000   7.070  -0.542  -2.464
328.000   7.022  -0.542  -2.501
329.000   6.974  -0.542  -2.539
330.000   6.925  -0.542  -2.576
331.000   6.877  -0.542  -2.614
332.000   6.829  -0.542  -2.651
333.000   6.851  -0.030  -2.681
334.000   6.900  -0.030  -2.643
335.000   6.948  -0.030  -2.606
336.000   6.996  -0.030  -2.568
337.000   7.045  -0.030  -2.531
338.000   7.093  -0.030  -2.493
339.000   7.142  -0.030  -2.455
340.000   7.190  -0.030  -2.418
341.000   7.238  -0.030  -2.380
342.000   7.287  -0.030  -2.343
343.000   7.303  -0.030  -2.330
344.000   7.297  -0.050  -2.324
345.000   7.288  -0.097  -2.312
346.000   7.282  -0.144  -2.304
347.000   7.277  -0.192  -2.298
348.000   7.273  -0.239  -2.292
349.000   7.269  -0.286  -2.287
350.000   7.271  -0.333  -2.290
351.000   7.273  -0.380  -2.293
352.000   7.276  -0.428  -2.297
353.000   7.281  -0.475  -2.302
354.000   7.287  -0.522  -2.311
355.000   7.292  -0.542  -2.317
356.000   7.276  -0.542  -2.329
357.000   7.228  -0.542  -2.367
358.000   7.180  -0.542  -2.404
359.000   7.131  -0.542  -2.442
360.000   7.083  -0.542  -2.479
361.000   7.034  -0.542  -2.517
362.000   6.986  -0.542  -2.555
363.000   6.938  -0.542  -2.592
364.000   6.889  -0.542  -2.630
365.000   6.841  -0.542  -2.667
366.000   6.791   0.030  -2.703
367.000   6.742   0.030  -2.740
368.000   6.694   0.030  -2.778
369.000   6.646   0.030  -2.815
370.000   6.597   0.030  -2.853
371.000   6.549   0.030  -2.890
372.000   6.500   0.030  -2.928
373.000   6.452   0.030  -2.965
374.000   6.404   0.030  -3.003
375.000   6.355   0.030  -3.041
376.000   6.307   0.030  -3.078
377.000   6.301   0.050  -3.071
378.000   6.293   0.097  -3.060
379.000   6.286   0.144  -3.052
380.000   6.281   0.192  -3.045
381.000   6.277   0.239  -3.040
382.000   6.273   0.286  -3.035
383.000   6.275   0.333  -3.037
384.000   6.277   0.380  -3.040
385.000   6.281   0.428  -3.044
386.000   6.285   0.475  -3.050
387.000   6.292   0.522  -3.059
388.000   6.776   0.522  -2.683
389.000   6.727   0.522  -2.721
390.000   6.679   0.522  -2.758
391.000   6.630   0.522  -2.796
392.000   6.582   0.522  -2.833
393.000   6.534   0.522  -2.871
394.000   6.485   0.522  -2.908
395.000   6.437   0.522  -2.946
396.000   6.388   0.522  -2.983
397.000   6.340   0.522  -3.021
398.000   6.785   0.050  -2.696
399.000   6.776   0.097  -2.684
400.000   6.770   0.144  -2.676
401.000   6.765   0.192  -2.670
402.000   6.761   0.239  -2.664
403.000   6.757   0.286  -2.659
404.000   6.759   0.333  -2.662
405.000   6.761   0.380  -2.665
406.000   6.764   0.428  -2.669
407.000   6.769   0.475  -2.674
408.000   6.737   0.050  -2.733
409.000   6.728   0.097  -2.722
410.000   6.722   0.144  -2.714
411.000   6.717   0.192  -2.707
412.000   6.713   0.239  -2.702
413.000   6.709   0.286  -2.697
414.000   6.711   0.333  -2.699
415.000   6.713   0.380  -2.702
416.000   6.716   0.428  -2.706
417.000   6.720   0.475  -2.712
418.000   6.689   0.050  -2.771
419.000   6.680   0.097  -2.759
420.000   6.673   0.144  -2.751
421.000   6.668   0.192  -2.745
422.000   6.664   0.239  -2.739
423.000   6.660   0.286  -2.734
424.000   6.662   0.333  -2.737
425.000   6.665   0.380  -2.740
426.000   6.668   0.428  -2.744
427.000   6.672   0.475  -2.749
428.000   6.640   0.050  -2.808
429.000   6.631   0.097  -2.797
430.000   6.625   0.144  -2.789
431.000   6.620   0.192  -2.782
432.000   6.616   0.239  -2.777
433.000   6.612   0.286  -2.772
434.000   6.614   0.333  -2.774
435.000   6.616   0.380  -2.777
436.000   6.619   0.428  -2.781
437.000   6.623   0.475  -2.787
438.000   6.592   0.050  -2.846
439.000   6.583   0.097  -2.834
440.000   6.577   0.144  -2.826
441.000   6.572   0.192  -2.820
442.000   6.567   0.239  -2.814
443.000   6.564   0.286  -2.809
444.000   6.566   0.333  -2.812
445.000   6.568   0.380  -2.815
446.000   6.571   0.428  -2.819
447.000   6.575   0.475  -2.824
448.000   6.543   0.050  -2.883
449.000   6.535   0.097  -2.872
450.000   6.528   0.144  -2.864
451.000   6.523   0.192  -2.857
452.000   6.519   0.239  -2.852
453.000   6.515   0.286  -2.847
454.000   6.517   0.333  -2.849
455.000   6.519   0.380  -2.853
456.000   6.523   0.428  -2.857
457.000   6.527   0.475  -2.862
458.000   6.495   0.050  -2.921
459.000   6.486   0.097  -2.910
460.000   6.480   0.144  -2.902
461.000   6.475   0.192  -2.895
462.000   6.471   0.239  -2.890
463.000   6.467   0.286  -2.885
464.000   6.469   0.333  -2.887
465.000   6.471   0.380  -2.890
466.000   6.474   0.428  -2.894
467.000   6.478   0.475  -2.900
468.000   6.447   0.050  -2.958
469.000   6.438   0.097  -2.947
470.000   6.431   0.144  -2.939
471.000   6.426   0.192  -2.933
472.000   6.422   0.239  -2.927
473.000   6.418   0.286  -2.922
474.000   6.420   0.333  -2.925
475.000   6.423   0.380  -2.928
476.000   6.426   0.428  -2.932
477.000   6.430   0.475  -2.937
478.000   6.398   0.050  -2.996
479.000   6.389   0.097  -2.985
480.000   6.383   0.144  -2.977
481.000   6.378   0.192  -2.970
482.000   6.374   0.239  -2.965
483.000   6.370   0.286  -2.960
484.000   6.372   0.333  -2.962
485.000   6.374   0.380  -2.965
486.000   6.377   0.428  -2.969
487.000   6.382   0.475  -2.975
488.000   6.350   0.050  -3.034
489.000   6.341   0.097  -3.022
490.000   6.335   0.144  -3.014
491.000   6.330   0.192  -3.008
492.000   6.325   0.239  -3.002
493.000   6.322   0.286  -2.997
494.000   6.324   0.333  -3.000
495.000   6.326   0.380  -3.003
496.000   6.329   0.428  -3.007
497.000   6.333   0.475  -3.012
498.000   6.291   0.030  -3.090
499.000   6.286   0.050  -3.083
500.000   6.277   0.097  -3.072
501.000   6.271   0.144  -3.064
502.000   6.266   0.192  -3.058
503.000   6.261   0.239  -3.052
504.000   6.257   0.286  -3.047
505.000   6.259   0.333  -3.050
506.000   6.262   0.380  -3.053
507.000   6.265   0.428  -3.057
508.000   6.269   0.475  -3.062
509.000   6.276   0.522  -3.071
510.000   6.281   0.542  -3.077
511.000   6.296   0.542  -3.064
512.000   6.345   0.542  -3.027
513.000   6.393   0.542  -2.989
514.000   6.441   0.542  -2.952
515.000   6.490   0.542  -2.914
516.000   6.538   0.542  -2.877
517.000   6.587   0.542  -2.839
518.000   6.635   0.542  -2.802
519.000   6.683   0.542  -2.764
520.000   6.732   0.542  -2.727
521.000   6.803   0.030  -2.718
522.000   6.755   0.030  -2.756
523.000   6.706   0.030  -2.793
524.000   6.658   0.030  -2.831
525.000   6.609   0.030  -2.869
526.000   6.561   0.030  -2.906
527.000   6.513   0.030  -2.944
528.000   6.464   0.030  -2.981
529.000   6.416   0.030  -3.019
530.000   6.367   0.030  -3.056
531.000   6.319   0.030  -3.094
532.000   6.303   0.030  -3.106
533.000   6.298   0.050  -3.099
534.000   6.289   0.097  -3.088
535.000   6.283   0.144  -3.080
536.000   6.278   0.192  -3.073
537.000   6.274   0.239  -3.068
538.000   6.270   0.286  -3.063
539.000   6.272   0.333  -3.065
540.000   6.274   0.380  -3.068
541.000   6.277   0.428  -3.072
542.000   6.281   0.475  -3.078
543.000   6.288   0.522  -3.087
544.000   6.293   0.542  -3.093
545.000   6.309   0.542  -3.080
546.000   6.357   0.542  -3.043
547.000   6.405   0.542  -3.005
548.000   6.454   0.542  -2.968
549.000   6.502   0.542  -2.930
550.000   6.551   0.542  -2.893
551.000   6.599   0.542  -2.855
552.000   6.647   0.542  -2.817
553.000   6.696   0.542  -2.780
554.000   6.744   0.542  -2.742
555.000   6.839   0.030  -2.665
556.000   6.887   0.030  -2.627
557.000   6.936   0.030  -2.590
558.000   6.984   0.030  -2.552
559.000   7.032   0.030  -2.515
560.000   7.081   0.030  -2.477
561.000   7.129   0.030  -2.440
562.000   7.178   0.030  -2.402
563.000   7.226   0.030  -2.364
564.000   7.274   0.030  -2.327
565.000   7.269   0.050  -2.320
566.000   7.260   0.097  -2.309
567.000   7.254   0.144  -2.301
568.000   7.249   0.192  -2.294
569.000   7.245   0.239  -2.289
570.000   7.241   0.286  -2.284
571.000   7.243   0.333  -2.286
572.000   7.245   0.380  -2.289
573.000   7.248   0.428  -2.293
574.000   7.253   0.475  -2.299
575.000   7.259   0.522  -2.308
576.000   6.824   0.522  -2.646
577.000   6.872   0.522  -2.608
578.000   6.921   0.522  -2.570
579.000   6.969   0.522  -2.533
580.000   7.018   0.522  -2.495
581.000   7.066   0.522  -2.458
582.000   7.114   0.522  -2.420
583.000   7.163   0.522  -2.383
584.000   7.211   0.522  -2.345
585.000   6.834   0.050  -2.658
586.000   6.825   0.097  -2.647
587.000   6.819   0.144  -2.639
588.000   6.814   0.192  -2.632
589.000   6.809   0.239  -2.627
590.000   6.806   0.286  -2.622
591.000   6.807   0.333  -2.624
592.000   6.810   0.380  -2.627
593.000   6.813   0.428  -2.631
594.000   6.817   0.475  -2.637
595.000   6.882   0.050  -2.620
596.000   6.873   0.097  -2.609
597.000   6.867   0.144  -2.601
598.000   6.862   0.192  -2.595
599.000   6.858   0.239  -2.589
600.000   6.854   0.286  -2.584
601.000   6.856   0.333  -2.587
602.000   6.858   0.380  -2.590
603.000   6.861   0.428  -2.594
604.000   6.865   0.475  -2.599
605.000   6.930   0.050  -2.583
606.000   6.922   0.097  -2.571
607.000   6.915   0.144  -2.563
608.000   6.910   0.192  -2.557
609.000   6.906   0.239  -2.551
610.000   6.902   0.286  -2.547
611.000   6.904   0.333  -2.549
612.000   6.907   0.380  -2.552
613.000   6.910   0.428  -2.556
614.000   6.914   0.475  -2.562
615.000   6.979   0.050  -2.545
616.000   6.970   0.097  -2.534
617.000   6.964   0.144  -2.526
618.000   6.959   0.192  -2.519
619.000   6.955   0.239  -2.514
620.000   6.951   0.286  -2.509
621.000   6.952   0.333  -2.511
622.000   6.955   0.380  -2.515
623.000   6.958   0.428  -2.518
624.000   6.962   0.475  -2.524
625.000   7.027   0.050  -2.508
626.000   7.018   0.097  -2.496
627.000   7.012   0.144  -2.488
628.000   7.007   0.192  -2.482
629.000   7.003   0.239  -2.476
630.000   6.999   0.286  -2.471
631.000   7.001   0.333  -2.474
632.000   7.003   0.380  -2.477
633.000   7.006   0.428  -2.481
634.000   7.011   0.475  -2.486
635.000   7.076   0.050  -2.470
636.000   7.067   0.097  -2.459
637.000   7.061   0.144  -2.451
638.000   7.056   0.192  -2.444
639.000   7.051   0.239  -2.439
640.000   7.047   0.286  -2.434
641.000   7.049   0.333  -2.436
642.000   7.052   0.380  -2.439
643.000   7.055   0.428  -2.443
644.000   7.059   0.475  -2.449
645.000   7.124   0.050  -2.433
646.000   7.115   0.097  -2.421
647.000   7.109   0.144  -2.413
648.000   7.104   0.192  -2.407
649.000   7.100   0.239  -2.401
650.000   7.096   0.286  -2.396
651.000   7.098   0.333  -2.399
652.000   7.100   0.380  -2.402
653.000   7.103   0.428  -2.406
654.000   7.107   0.475  -2.411
655.000   7.172   0.050  -2.395
656.000   7.164   0.097  -2.384
657.000   7.157   0.144  -2.376
658.000   7.152   0.192  -2.369
659.000   7.148   0.239  -2.364
660.000   7.144   0.286  -2.359
661.000   7.146   0.333  -2.361
662.000   7.148   0.380  -2.364
663.000   7.152   0.428  -2.368
664.000   7.156   0.475  -2.374
665.000   7.221   0.050  -2.357
666.000   7.212   0.097  -2.346
667.000   7.206   0.144  -2.338
668.000   7.201   0.192  -2.332
669.000   7.196   0.239  -2.326
670.000   7.192   0.286  -2.321
671.000   7.194   0.333  -2.324
672.000   7.197   0.380  -2.327
673.000   7.200   0.428  -2.331
674.000   7.204   0.475  -2.336
675.000   7.290   0.030  -2.315
676.000   7.285   0.050  -2.308
677.000   7.276   0.097  -2.296
678.000   7.270   0.144  -2.288
679.000   7.265   0.192  -2.282
680.000   7.261   0.239  -2.276
681.000   7.257   0.286  -2.271
682.000   7.259   0.333  -2.274
683.000   7.261   0.380  -2.277
684.000   7.264   0.428  -2.281
685.000   7.268   0.475  -2.286
686.000   7.275   0.522  -2.295
687.000   7.280   0.542  -2.301
688.000   7.264   0.542  -2.313
689.000   7.216   0.542  -2.351
690.000   7.167   0.542  -2.389
691.000   7.119   0.542  -2.426
692.000   7.070   0.542  -2.464
693.000   7.022   0.542  -2.501
694.000   6.974   0.542  -2.539
695.000   6.925   0.542  -2.576
696.000   6.877   0.542  -2.614
697.000   6.829   0.542  -2.651
698.000   6.851   0.030  -2.681
699.000   6.900   0.030  -2.643
700.000   6.948   0.030  -2.606
701.000   6.996   0.030  -2.568
702.000   7.045   0.030  -2.531
703.000   7.093   0.030  -2.493
704.000   7.142   0.030  -2.455
705.000   7.190   0.030  -2.418
706.000   7.238   0.030  -2.380
707.000   7.287   0.030  -2.343
708.000   7.303   0.030  -2.330
709.000   7.297   0.050  -2.324
710.000   7.288   0.097  -2.312
711.000   7.282   0.144  -2.304
712.000   7.277   0.192  -2.298
713.000   7.273   0.239  -2.292
714.000   7.269   0.286  -2.287
715.000   7.271   0.333  -2.290
716.000   7.273   0.380  -2.293
717.000   7.276   0.428  -2.297
718.000   7.281   0.475  -2.302
719.000   7.287   0.522  -2.311
720.000   7.292   0.542  -2.317
721.000   7.276   0.542  -2.329
722.000   7.228   0.542  -2.367
723.000   7.180   0.542  -2.404
724.000   7.131   0.542  -2.442
725.000   7.083   0.542  -2.479
726.000   7.034   0.542  -2.517
727.000   6.986   0.542  -2.555
728.000   6.938   0.542  -2.592
729.000   6.889   0.542  -2.630
730.000   6.841   0.542  -2.667
731.000   6.780  -0.542  -2.689
732.000   6.792  -0.542  -2.705
733.000   6.780   0.542  -2.689
734.000   6.792   0.542  -2.705

