* number of heading lines in this data file : 15
* 
* BM 3D coordinates extracted from CASTEM
* Post-proc in Matlab : only reading CASTEM raw data (for checking) and write concatenate ascii files - no modifications of X,Y,Z coordinates
* Date CASTEM calculations : 15/03/2011
* Date Matlab post-processing data : 15/03/2011
* Files can be found in : C:\CASTEM_FW.BM coordinates for Steve. march. 2011 (bis) -  whole column - def
* Modif compared to latest version : - 
* 
* FIRST WALL GEOMETRY:
* Reference design November 2009 - slightly adjusted in January 2010 (CATIA skeleton post-Blanket CDR)
* Spatial resolution corresponds to resolution used for previous FLT CASTEM calculations => definition of (rho,S) grid for DIVIMP (2010)
* 
* DATA
*   nºnode  nºelem  X(m)    Y(m)    Z(m) 
  1.000   1.000   6.912   0.542  -2.605
  2.000   1.000   6.789   0.542  -2.701
  3.000   1.000   6.792   0.542  -2.705
  4.000   1.000   6.915   0.542  -2.609
  5.000   2.000   7.035   0.542  -2.510
  6.000   2.000   6.912   0.542  -2.605
  7.000   2.000   6.915   0.542  -2.609
  8.000   2.000   7.038   0.542  -2.514
  9.000   3.000   7.158   0.542  -2.414
 10.000   3.000   7.035   0.542  -2.510
 11.000   3.000   7.038   0.542  -2.514
 12.000   3.000   7.161   0.542  -2.418
 13.000   4.000   7.281   0.542  -2.319
 14.000   4.000   7.158   0.542  -2.414
 15.000   4.000   7.161   0.542  -2.418
 16.000   4.000   7.284   0.542  -2.323
 17.000   5.000   7.289   0.542  -2.313
 18.000   5.000   7.281   0.542  -2.319
 19.000   5.000   7.284   0.542  -2.323
 20.000   5.000   7.292   0.542  -2.317
 21.000   6.000   7.287   0.532  -2.310
 22.000   6.000   7.289   0.542  -2.313
 23.000   6.000   7.292   0.542  -2.317
 24.000   6.000   7.290   0.532  -2.314
 25.000   7.000   7.272   0.409  -2.291
 26.000   7.000   7.287   0.532  -2.310
 27.000   7.000   7.290   0.532  -2.314
 28.000   7.000   7.275   0.409  -2.295
 29.000   8.000   7.266   0.286  -2.283
 30.000   8.000   7.272   0.409  -2.291
 31.000   8.000   7.275   0.409  -2.295
 32.000   8.000   7.269   0.286  -2.287
 33.000   9.000   7.277   0.163  -2.297
 34.000   9.000   7.266   0.286  -2.283
 35.000   9.000   7.269   0.286  -2.287
 36.000   9.000   7.280   0.163  -2.301
 37.000  10.000   7.297   0.040  -2.323
 38.000  10.000   7.277   0.163  -2.297
 39.000  10.000   7.280   0.163  -2.301
 40.000  10.000   7.300   0.040  -2.327
 41.000  11.000   7.300   0.030  -2.326
 42.000  11.000   7.297   0.040  -2.323
 43.000  11.000   7.300   0.040  -2.327
 44.000  11.000   7.303   0.030  -2.330
 45.000  12.000   7.292   0.030  -2.333
 46.000  12.000   7.300   0.030  -2.326
 47.000  12.000   7.303   0.030  -2.330
 48.000  12.000   7.295   0.030  -2.337
 49.000  13.000   7.169   0.030  -2.428
 50.000  13.000   7.292   0.030  -2.333
 51.000  13.000   7.295   0.030  -2.337
 52.000  13.000   7.172   0.030  -2.432
 53.000  14.000   7.046   0.030  -2.523
 54.000  14.000   7.169   0.030  -2.428
 55.000  14.000   7.172   0.030  -2.432
 56.000  14.000   7.049   0.030  -2.527
 57.000  15.000   6.923   0.030  -2.619
 58.000  15.000   7.046   0.030  -2.523
 59.000  15.000   7.049   0.030  -2.527
 60.000  15.000   6.926   0.030  -2.623
 61.000  16.000   6.800   0.030  -2.714
 62.000  16.000   6.923   0.030  -2.619
 63.000  16.000   6.926   0.030  -2.623
 64.000  16.000   6.803   0.030  -2.718
 65.000  17.000   6.909   0.542  -2.601
 66.000  17.000   6.786   0.542  -2.697
 67.000  17.000   6.789   0.542  -2.701
 68.000  17.000   6.912   0.542  -2.605
 69.000  18.000   7.032   0.542  -2.506
 70.000  18.000   6.909   0.542  -2.601
 71.000  18.000   6.912   0.542  -2.605
 72.000  18.000   7.035   0.542  -2.510
 73.000  19.000   7.155   0.542  -2.411
 74.000  19.000   7.032   0.542  -2.506
 75.000  19.000   7.035   0.542  -2.510
 76.000  19.000   7.158   0.542  -2.414
 77.000  20.000   7.278   0.542  -2.315
 78.000  20.000   7.155   0.542  -2.411
 79.000  20.000   7.158   0.542  -2.414
 80.000  20.000   7.281   0.542  -2.319
 81.000  21.000   7.286   0.542  -2.309
 82.000  21.000   7.278   0.542  -2.315
 83.000  21.000   7.281   0.542  -2.319
 84.000  21.000   7.289   0.542  -2.313
 85.000  22.000   7.283   0.532  -2.306
 86.000  22.000   7.286   0.542  -2.309
 87.000  22.000   7.289   0.542  -2.313
 88.000  22.000   7.287   0.532  -2.310
 89.000  23.000   7.269   0.409  -2.287
 90.000  23.000   7.283   0.532  -2.306
 91.000  23.000   7.287   0.532  -2.310
 92.000  23.000   7.272   0.409  -2.291
 93.000  24.000   7.263   0.286  -2.279
 94.000  24.000   7.269   0.409  -2.287
 95.000  24.000   7.272   0.409  -2.291
 96.000  24.000   7.266   0.286  -2.283
 97.000  25.000   7.274   0.163  -2.293
 98.000  25.000   7.263   0.286  -2.279
 99.000  25.000   7.266   0.286  -2.283
100.000  25.000   7.277   0.163  -2.297
101.000  26.000   7.293   0.040  -2.319
102.000  26.000   7.274   0.163  -2.293
103.000  26.000   7.277   0.163  -2.297
104.000  26.000   7.297   0.040  -2.323
105.000  27.000   7.296   0.030  -2.322
106.000  27.000   7.293   0.040  -2.319
107.000  27.000   7.297   0.040  -2.323
108.000  27.000   7.300   0.030  -2.326
109.000  28.000   7.289   0.030  -2.329
110.000  28.000   7.296   0.030  -2.322
111.000  28.000   7.300   0.030  -2.326
112.000  28.000   7.292   0.030  -2.333
113.000  29.000   7.166   0.030  -2.424
114.000  29.000   7.289   0.030  -2.329
115.000  29.000   7.292   0.030  -2.333
116.000  29.000   7.169   0.030  -2.428
117.000  30.000   7.043   0.030  -2.519
118.000  30.000   7.166   0.030  -2.424
119.000  30.000   7.169   0.030  -2.428
120.000  30.000   7.046   0.030  -2.523
121.000  31.000   6.920   0.030  -2.615
122.000  31.000   7.043   0.030  -2.519
123.000  31.000   7.046   0.030  -2.523
124.000  31.000   6.923   0.030  -2.619
125.000  32.000   6.797   0.030  -2.710
126.000  32.000   6.920   0.030  -2.615
127.000  32.000   6.923   0.030  -2.619
128.000  32.000   6.800   0.030  -2.714
129.000  33.000   6.903   0.542  -2.594
130.000  33.000   6.780   0.542  -2.689
131.000  33.000   6.786   0.542  -2.697
132.000  33.000   6.909   0.542  -2.601
133.000  34.000   7.026   0.542  -2.498
134.000  34.000   6.903   0.542  -2.594
135.000  34.000   6.909   0.542  -2.601
136.000  34.000   7.032   0.542  -2.506
137.000  35.000   7.149   0.542  -2.403
138.000  35.000   7.026   0.542  -2.498
139.000  35.000   7.032   0.542  -2.506
140.000  35.000   7.155   0.542  -2.411
141.000  36.000   7.272   0.542  -2.307
142.000  36.000   7.149   0.542  -2.403
143.000  36.000   7.155   0.542  -2.411
144.000  36.000   7.278   0.542  -2.315
145.000  37.000   7.280   0.542  -2.301
146.000  37.000   7.272   0.542  -2.307
147.000  37.000   7.278   0.542  -2.315
148.000  37.000   7.286   0.542  -2.309
149.000  38.000   7.277   0.532  -2.298
150.000  38.000   7.280   0.542  -2.301
151.000  38.000   7.286   0.542  -2.309
152.000  38.000   7.283   0.532  -2.306
153.000  39.000   7.263   0.409  -2.279
154.000  39.000   7.277   0.532  -2.298
155.000  39.000   7.283   0.532  -2.306
156.000  39.000   7.269   0.409  -2.287
157.000  40.000   7.257   0.286  -2.271
158.000  40.000   7.263   0.409  -2.279
159.000  40.000   7.269   0.409  -2.287
160.000  40.000   7.263   0.286  -2.279
161.000  41.000   7.268   0.163  -2.286
162.000  41.000   7.257   0.286  -2.271
163.000  41.000   7.263   0.286  -2.279
164.000  41.000   7.274   0.163  -2.293
165.000  42.000   7.287   0.040  -2.311
166.000  42.000   7.268   0.163  -2.286
167.000  42.000   7.274   0.163  -2.293
168.000  42.000   7.293   0.040  -2.319
169.000  43.000   7.290   0.030  -2.315
170.000  43.000   7.287   0.040  -2.311
171.000  43.000   7.293   0.040  -2.319
172.000  43.000   7.296   0.030  -2.322
173.000  44.000   7.282   0.030  -2.321
174.000  44.000   7.290   0.030  -2.315
175.000  44.000   7.296   0.030  -2.322
176.000  44.000   7.289   0.030  -2.329
177.000  45.000   7.159   0.030  -2.416
178.000  45.000   7.282   0.030  -2.321
179.000  45.000   7.289   0.030  -2.329
180.000  45.000   7.166   0.030  -2.424
181.000  46.000   7.037   0.030  -2.512
182.000  46.000   7.159   0.030  -2.416
183.000  46.000   7.166   0.030  -2.424
184.000  46.000   7.043   0.030  -2.519
185.000  47.000   6.914   0.030  -2.607
186.000  47.000   7.037   0.030  -2.512
187.000  47.000   7.043   0.030  -2.519
188.000  47.000   6.920   0.030  -2.615
189.000  48.000   6.791   0.030  -2.703
190.000  48.000   6.914   0.030  -2.607
191.000  48.000   6.920   0.030  -2.615
192.000  48.000   6.797   0.030  -2.710
193.000  49.000   7.132   0.409  -2.381
194.000  49.000   7.146   0.532  -2.400
195.000  49.000   7.269   0.532  -2.304
196.000  49.000   7.255   0.409  -2.285
197.000  50.000   7.126   0.286  -2.373
198.000  50.000   7.132   0.409  -2.381
199.000  50.000   7.255   0.409  -2.285
200.000  50.000   7.249   0.286  -2.277
201.000  51.000   7.137   0.163  -2.387
202.000  51.000   7.126   0.286  -2.373
203.000  51.000   7.249   0.286  -2.277
204.000  51.000   7.260   0.163  -2.292
205.000  52.000   7.157   0.040  -2.413
206.000  52.000   7.137   0.163  -2.387
207.000  52.000   7.260   0.163  -2.292
208.000  52.000   7.279   0.040  -2.317
209.000  53.000   7.009   0.409  -2.476
210.000  53.000   7.024   0.532  -2.495
211.000  53.000   7.146   0.532  -2.400
212.000  53.000   7.132   0.409  -2.381
213.000  54.000   7.003   0.286  -2.468
214.000  54.000   7.009   0.409  -2.476
215.000  54.000   7.132   0.409  -2.381
216.000  54.000   7.126   0.286  -2.373
217.000  55.000   7.014   0.163  -2.483
218.000  55.000   7.003   0.286  -2.468
219.000  55.000   7.126   0.286  -2.373
220.000  55.000   7.137   0.163  -2.387
221.000  56.000   7.034   0.040  -2.508
222.000  56.000   7.014   0.163  -2.483
223.000  56.000   7.137   0.163  -2.387
224.000  56.000   7.157   0.040  -2.413
225.000  57.000   6.886   0.409  -2.572
226.000  57.000   6.901   0.532  -2.590
227.000  57.000   7.024   0.532  -2.495
228.000  57.000   7.009   0.409  -2.476
229.000  58.000   6.880   0.286  -2.564
230.000  58.000   6.886   0.409  -2.572
231.000  58.000   7.009   0.409  -2.476
232.000  58.000   7.003   0.286  -2.468
233.000  59.000   6.891   0.163  -2.578
234.000  59.000   6.880   0.286  -2.564
235.000  59.000   7.003   0.286  -2.468
236.000  59.000   7.014   0.163  -2.483
237.000  60.000   6.911   0.040  -2.603
238.000  60.000   6.891   0.163  -2.578
239.000  60.000   7.014   0.163  -2.483
240.000  60.000   7.034   0.040  -2.508
241.000  61.000   6.763   0.409  -2.667
242.000  61.000   6.778   0.532  -2.686
243.000  61.000   6.901   0.532  -2.590
244.000  61.000   6.886   0.409  -2.572
245.000  62.000   6.757   0.286  -2.659
246.000  62.000   6.763   0.409  -2.667
247.000  62.000   6.886   0.409  -2.572
248.000  62.000   6.880   0.286  -2.564
249.000  63.000   6.768   0.163  -2.674
250.000  63.000   6.757   0.286  -2.659
251.000  63.000   6.880   0.286  -2.564
252.000  63.000   6.891   0.163  -2.578
253.000  64.000   6.788   0.040  -2.699
254.000  64.000   6.768   0.163  -2.674
255.000  64.000   6.891   0.163  -2.578
256.000  64.000   6.911   0.040  -2.603
257.000  65.000   7.146   0.532  -2.400
258.000  65.000   7.149   0.542  -2.403
259.000  65.000   7.272   0.542  -2.307
260.000  65.000   7.269   0.532  -2.304
261.000  66.000   7.024   0.532  -2.495
262.000  66.000   7.026   0.542  -2.498
263.000  66.000   7.149   0.542  -2.403
264.000  66.000   7.146   0.532  -2.400
265.000  67.000   6.901   0.532  -2.590
266.000  67.000   6.903   0.542  -2.594
267.000  67.000   7.026   0.542  -2.498
268.000  67.000   7.024   0.532  -2.495
269.000  68.000   6.778   0.532  -2.686
270.000  68.000   6.780   0.542  -2.689
271.000  68.000   6.903   0.542  -2.594
272.000  68.000   6.901   0.532  -2.590
273.000  69.000   7.269   0.532  -2.304
274.000  69.000   7.272   0.542  -2.307
275.000  69.000   7.280   0.542  -2.301
276.000  69.000   7.277   0.532  -2.298
277.000  70.000   7.255   0.409  -2.285
278.000  70.000   7.269   0.532  -2.304
279.000  70.000   7.277   0.532  -2.298
280.000  70.000   7.263   0.409  -2.279
281.000  71.000   7.249   0.286  -2.277
282.000  71.000   7.255   0.409  -2.285
283.000  71.000   7.263   0.409  -2.279
284.000  71.000   7.257   0.286  -2.271
285.000  72.000   7.260   0.163  -2.292
286.000  72.000   7.249   0.286  -2.277
287.000  72.000   7.257   0.286  -2.271
288.000  72.000   7.268   0.163  -2.286
289.000  73.000   7.279   0.040  -2.317
290.000  73.000   7.260   0.163  -2.292
291.000  73.000   7.268   0.163  -2.286
292.000  73.000   7.287   0.040  -2.311
293.000  74.000   7.282   0.030  -2.321
294.000  74.000   7.279   0.040  -2.317
295.000  74.000   7.287   0.040  -2.311
296.000  74.000   7.290   0.030  -2.315
297.000  75.000   7.159   0.030  -2.416
298.000  75.000   7.157   0.040  -2.413
299.000  75.000   7.279   0.040  -2.317
300.000  75.000   7.282   0.030  -2.321
301.000  76.000   7.037   0.030  -2.512
302.000  76.000   7.034   0.040  -2.508
303.000  76.000   7.157   0.040  -2.413
304.000  76.000   7.159   0.030  -2.416
305.000  77.000   6.914   0.030  -2.607
306.000  77.000   6.911   0.040  -2.603
307.000  77.000   7.034   0.040  -2.508
308.000  77.000   7.037   0.030  -2.512
309.000  78.000   6.791   0.030  -2.703
310.000  78.000   6.788   0.040  -2.699
311.000  78.000   6.911   0.040  -2.603
312.000  78.000   6.914   0.030  -2.607
313.000  79.000   6.666   0.542  -2.796
314.000  79.000   6.789   0.542  -2.701
315.000  79.000   6.792   0.542  -2.705
316.000  79.000   6.670   0.542  -2.800
317.000  80.000   6.543   0.542  -2.892
318.000  80.000   6.666   0.542  -2.796
319.000  80.000   6.670   0.542  -2.800
320.000  80.000   6.547   0.542  -2.896
321.000  81.000   6.420   0.542  -2.987
322.000  81.000   6.543   0.542  -2.892
323.000  81.000   6.547   0.542  -2.896
324.000  81.000   6.424   0.542  -2.991
325.000  82.000   6.298   0.542  -3.083
326.000  82.000   6.420   0.542  -2.987
327.000  82.000   6.424   0.542  -2.991
328.000  82.000   6.301   0.542  -3.086
329.000  83.000   6.290   0.542  -3.089
330.000  83.000   6.298   0.542  -3.083
331.000  83.000   6.301   0.542  -3.086
332.000  83.000   6.293   0.542  -3.093
333.000  84.000   6.287   0.532  -3.085
334.000  84.000   6.290   0.542  -3.089
335.000  84.000   6.293   0.542  -3.093
336.000  84.000   6.290   0.532  -3.089
337.000  85.000   6.273   0.409  -3.067
338.000  85.000   6.287   0.532  -3.085
339.000  85.000   6.290   0.532  -3.089
340.000  85.000   6.276   0.409  -3.071
341.000  86.000   6.267   0.286  -3.059
342.000  86.000   6.273   0.409  -3.067
343.000  86.000   6.276   0.409  -3.071
344.000  86.000   6.270   0.286  -3.063
345.000  87.000   6.278   0.163  -3.073
346.000  87.000   6.267   0.286  -3.059
347.000  87.000   6.270   0.286  -3.063
348.000  87.000   6.281   0.163  -3.077
349.000  88.000   6.297   0.040  -3.098
350.000  88.000   6.278   0.163  -3.073
351.000  88.000   6.281   0.163  -3.077
352.000  88.000   6.300   0.040  -3.102
353.000  89.000   6.300   0.030  -3.102
354.000  89.000   6.297   0.040  -3.098
355.000  89.000   6.300   0.040  -3.102
356.000  89.000   6.303   0.030  -3.106
357.000  90.000   6.308   0.030  -3.096
358.000  90.000   6.300   0.030  -3.102
359.000  90.000   6.303   0.030  -3.106
360.000  90.000   6.311   0.030  -3.100
361.000  91.000   6.431   0.030  -3.001
362.000  91.000   6.308   0.030  -3.096
363.000  91.000   6.311   0.030  -3.100
364.000  91.000   6.434   0.030  -3.005
365.000  92.000   6.554   0.030  -2.905
366.000  92.000   6.431   0.030  -3.001
367.000  92.000   6.434   0.030  -3.005
368.000  92.000   6.557   0.030  -2.909
369.000  93.000   6.677   0.030  -2.810
370.000  93.000   6.554   0.030  -2.905
371.000  93.000   6.557   0.030  -2.909
372.000  93.000   6.680   0.030  -2.814
373.000  94.000   6.800   0.030  -2.714
374.000  94.000   6.677   0.030  -2.810
375.000  94.000   6.680   0.030  -2.814
376.000  94.000   6.803   0.030  -2.718
377.000  95.000   6.663   0.542  -2.792
378.000  95.000   6.786   0.542  -2.697
379.000  95.000   6.789   0.542  -2.701
380.000  95.000   6.666   0.542  -2.796
381.000  96.000   6.540   0.542  -2.888
382.000  96.000   6.663   0.542  -2.792
383.000  96.000   6.666   0.542  -2.796
384.000  96.000   6.543   0.542  -2.892
385.000  97.000   6.418   0.542  -2.983
386.000  97.000   6.540   0.542  -2.888
387.000  97.000   6.543   0.542  -2.892
388.000  97.000   6.420   0.542  -2.987
389.000  98.000   6.295   0.542  -3.079
390.000  98.000   6.418   0.542  -2.983
391.000  98.000   6.420   0.542  -2.987
392.000  98.000   6.298   0.542  -3.083
393.000  99.000   6.287   0.542  -3.085
394.000  99.000   6.295   0.542  -3.079
395.000  99.000   6.298   0.542  -3.083
396.000  99.000   6.290   0.542  -3.089
397.000 100.000   6.284   0.532  -3.082
398.000 100.000   6.287   0.542  -3.085
399.000 100.000   6.290   0.542  -3.089
400.000 100.000   6.287   0.532  -3.085
401.000 101.000   6.270   0.409  -3.063
402.000 101.000   6.284   0.532  -3.082
403.000 101.000   6.287   0.532  -3.085
404.000 101.000   6.273   0.409  -3.067
405.000 102.000   6.264   0.286  -3.055
406.000 102.000   6.270   0.409  -3.063
407.000 102.000   6.273   0.409  -3.067
408.000 102.000   6.267   0.286  -3.059
409.000 103.000   6.275   0.163  -3.069
410.000 103.000   6.264   0.286  -3.055
411.000 103.000   6.267   0.286  -3.059
412.000 103.000   6.278   0.163  -3.073
413.000 104.000   6.294   0.040  -3.095
414.000 104.000   6.275   0.163  -3.069
415.000 104.000   6.278   0.163  -3.073
416.000 104.000   6.297   0.040  -3.098
417.000 105.000   6.297   0.030  -3.098
418.000 105.000   6.294   0.040  -3.095
419.000 105.000   6.297   0.040  -3.098
420.000 105.000   6.300   0.030  -3.102
421.000 106.000   6.305   0.030  -3.092
422.000 106.000   6.297   0.030  -3.098
423.000 106.000   6.300   0.030  -3.102
424.000 106.000   6.308   0.030  -3.096
425.000 107.000   6.428   0.030  -2.997
426.000 107.000   6.305   0.030  -3.092
427.000 107.000   6.308   0.030  -3.096
428.000 107.000   6.431   0.030  -3.001
429.000 108.000   6.551   0.030  -2.901
430.000 108.000   6.428   0.030  -2.997
431.000 108.000   6.431   0.030  -3.001
432.000 108.000   6.554   0.030  -2.905
433.000 109.000   6.674   0.030  -2.806
434.000 109.000   6.551   0.030  -2.901
435.000 109.000   6.554   0.030  -2.905
436.000 109.000   6.677   0.030  -2.810
437.000 110.000   6.797   0.030  -2.710
438.000 110.000   6.674   0.030  -2.806
439.000 110.000   6.677   0.030  -2.810
440.000 110.000   6.800   0.030  -2.714
441.000 111.000   6.657   0.542  -2.784
442.000 111.000   6.780   0.542  -2.689
443.000 111.000   6.786   0.542  -2.697
444.000 111.000   6.663   0.542  -2.792
445.000 112.000   6.534   0.542  -2.880
446.000 112.000   6.657   0.542  -2.784
447.000 112.000   6.663   0.542  -2.792
448.000 112.000   6.540   0.542  -2.888
449.000 113.000   6.411   0.542  -2.975
450.000 113.000   6.534   0.542  -2.880
451.000 113.000   6.540   0.542  -2.888
452.000 113.000   6.418   0.542  -2.983
453.000 114.000   6.288   0.542  -3.071
454.000 114.000   6.411   0.542  -2.975
455.000 114.000   6.418   0.542  -2.983
456.000 114.000   6.295   0.542  -3.079
457.000 115.000   6.281   0.542  -3.077
458.000 115.000   6.288   0.542  -3.071
459.000 115.000   6.295   0.542  -3.079
460.000 115.000   6.287   0.542  -3.085
461.000 116.000   6.278   0.532  -3.074
462.000 116.000   6.281   0.542  -3.077
463.000 116.000   6.287   0.542  -3.085
464.000 116.000   6.284   0.532  -3.082
465.000 117.000   6.263   0.409  -3.055
466.000 117.000   6.278   0.532  -3.074
467.000 117.000   6.284   0.532  -3.082
468.000 117.000   6.270   0.409  -3.063
469.000 118.000   6.257   0.286  -3.047
470.000 118.000   6.263   0.409  -3.055
471.000 118.000   6.270   0.409  -3.063
472.000 118.000   6.264   0.286  -3.055
473.000 119.000   6.269   0.163  -3.061
474.000 119.000   6.257   0.286  -3.047
475.000 119.000   6.264   0.286  -3.055
476.000 119.000   6.275   0.163  -3.069
477.000 120.000   6.288   0.040  -3.087
478.000 120.000   6.269   0.163  -3.061
479.000 120.000   6.275   0.163  -3.069
480.000 120.000   6.294   0.040  -3.095
481.000 121.000   6.291   0.030  -3.090
482.000 121.000   6.288   0.040  -3.087
483.000 121.000   6.294   0.040  -3.095
484.000 121.000   6.297   0.030  -3.098
485.000 122.000   6.299   0.030  -3.084
486.000 122.000   6.291   0.030  -3.090
487.000 122.000   6.297   0.030  -3.098
488.000 122.000   6.305   0.030  -3.092
489.000 123.000   6.422   0.030  -2.989
490.000 123.000   6.299   0.030  -3.084
491.000 123.000   6.305   0.030  -3.092
492.000 123.000   6.428   0.030  -2.997
493.000 124.000   6.545   0.030  -2.893
494.000 124.000   6.422   0.030  -2.989
495.000 124.000   6.428   0.030  -2.997
496.000 124.000   6.551   0.030  -2.901
497.000 125.000   6.668   0.030  -2.798
498.000 125.000   6.545   0.030  -2.893
499.000 125.000   6.551   0.030  -2.901
500.000 125.000   6.674   0.030  -2.806
501.000 126.000   6.791   0.030  -2.703
502.000 126.000   6.668   0.030  -2.798
503.000 126.000   6.674   0.030  -2.806
504.000 126.000   6.797   0.030  -2.710
505.000 127.000   6.394   0.409  -2.953
506.000 127.000   6.409   0.532  -2.972
507.000 127.000   6.286   0.532  -3.067
508.000 127.000   6.271   0.409  -3.049
509.000 128.000   6.388   0.286  -2.946
510.000 128.000   6.394   0.409  -2.953
511.000 128.000   6.271   0.409  -3.049
512.000 128.000   6.265   0.286  -3.041
513.000 129.000   6.399   0.163  -2.960
514.000 129.000   6.388   0.286  -2.946
515.000 129.000   6.265   0.286  -3.041
516.000 129.000   6.276   0.163  -3.055
517.000 130.000   6.419   0.040  -2.985
518.000 130.000   6.399   0.163  -2.960
519.000 130.000   6.276   0.163  -3.055
520.000 130.000   6.296   0.040  -3.080
521.000 131.000   6.517   0.409  -2.858
522.000 131.000   6.532   0.532  -2.877
523.000 131.000   6.409   0.532  -2.972
524.000 131.000   6.394   0.409  -2.953
525.000 132.000   6.511   0.286  -2.850
526.000 132.000   6.517   0.409  -2.858
527.000 132.000   6.394   0.409  -2.953
528.000 132.000   6.388   0.286  -2.946
529.000 133.000   6.522   0.163  -2.864
530.000 133.000   6.511   0.286  -2.850
531.000 133.000   6.388   0.286  -2.946
532.000 133.000   6.399   0.163  -2.960
533.000 134.000   6.542   0.040  -2.890
534.000 134.000   6.522   0.163  -2.864
535.000 134.000   6.399   0.163  -2.960
536.000 134.000   6.419   0.040  -2.985
537.000 135.000   6.640   0.409  -2.762
538.000 135.000   6.655   0.532  -2.781
539.000 135.000   6.532   0.532  -2.877
540.000 135.000   6.517   0.409  -2.858
541.000 136.000   6.634   0.286  -2.755
542.000 136.000   6.640   0.409  -2.762
543.000 136.000   6.517   0.409  -2.858
544.000 136.000   6.511   0.286  -2.850
545.000 137.000   6.645   0.163  -2.769
546.000 137.000   6.634   0.286  -2.755
547.000 137.000   6.511   0.286  -2.850
548.000 137.000   6.522   0.163  -2.864
549.000 138.000   6.665   0.040  -2.794
550.000 138.000   6.645   0.163  -2.769
551.000 138.000   6.522   0.163  -2.864
552.000 138.000   6.542   0.040  -2.890
553.000 139.000   6.763   0.409  -2.667
554.000 139.000   6.778   0.532  -2.686
555.000 139.000   6.655   0.532  -2.781
556.000 139.000   6.640   0.409  -2.762
557.000 140.000   6.757   0.286  -2.659
558.000 140.000   6.763   0.409  -2.667
559.000 140.000   6.640   0.409  -2.762
560.000 140.000   6.634   0.286  -2.755
561.000 141.000   6.768   0.163  -2.674
562.000 141.000   6.757   0.286  -2.659
563.000 141.000   6.634   0.286  -2.755
564.000 141.000   6.645   0.163  -2.769
565.000 142.000   6.788   0.040  -2.699
566.000 142.000   6.768   0.163  -2.674
567.000 142.000   6.645   0.163  -2.769
568.000 142.000   6.665   0.040  -2.794
569.000 143.000   6.409   0.532  -2.972
570.000 143.000   6.411   0.542  -2.975
571.000 143.000   6.288   0.542  -3.071
572.000 143.000   6.286   0.532  -3.067
573.000 144.000   6.532   0.532  -2.877
574.000 144.000   6.534   0.542  -2.880
575.000 144.000   6.411   0.542  -2.975
576.000 144.000   6.409   0.532  -2.972
577.000 145.000   6.655   0.532  -2.781
578.000 145.000   6.657   0.542  -2.784
579.000 145.000   6.534   0.542  -2.880
580.000 145.000   6.532   0.532  -2.877
581.000 146.000   6.778   0.532  -2.686
582.000 146.000   6.780   0.542  -2.689
583.000 146.000   6.657   0.542  -2.784
584.000 146.000   6.655   0.532  -2.781
585.000 147.000   6.286   0.532  -3.067
586.000 147.000   6.288   0.542  -3.071
587.000 147.000   6.281   0.542  -3.077
588.000 147.000   6.278   0.532  -3.074
589.000 148.000   6.271   0.409  -3.049
590.000 148.000   6.286   0.532  -3.067
591.000 148.000   6.278   0.532  -3.074
592.000 148.000   6.263   0.409  -3.055
593.000 149.000   6.265   0.286  -3.041
594.000 149.000   6.271   0.409  -3.049
595.000 149.000   6.263   0.409  -3.055
596.000 149.000   6.257   0.286  -3.047
597.000 150.000   6.276   0.163  -3.055
598.000 150.000   6.265   0.286  -3.041
599.000 150.000   6.257   0.286  -3.047
600.000 150.000   6.269   0.163  -3.061
601.000 151.000   6.296   0.040  -3.080
602.000 151.000   6.276   0.163  -3.055
603.000 151.000   6.269   0.163  -3.061
604.000 151.000   6.288   0.040  -3.087
605.000 152.000   6.299   0.030  -3.084
606.000 152.000   6.296   0.040  -3.080
607.000 152.000   6.288   0.040  -3.087
608.000 152.000   6.291   0.030  -3.090
609.000 153.000   6.422   0.030  -2.989
610.000 153.000   6.419   0.040  -2.985
611.000 153.000   6.296   0.040  -3.080
612.000 153.000   6.299   0.030  -3.084
613.000 154.000   6.545   0.030  -2.893
614.000 154.000   6.542   0.040  -2.890
615.000 154.000   6.419   0.040  -2.985
616.000 154.000   6.422   0.030  -2.989
617.000 155.000   6.668   0.030  -2.798
618.000 155.000   6.665   0.040  -2.794
619.000 155.000   6.542   0.040  -2.890
620.000 155.000   6.545   0.030  -2.893
621.000 156.000   6.791   0.030  -2.703
622.000 156.000   6.788   0.040  -2.699
623.000 156.000   6.665   0.040  -2.794
624.000 156.000   6.668   0.030  -2.798
625.000 157.000   6.912  -0.542  -2.605
626.000 157.000   6.789  -0.542  -2.701
627.000 157.000   6.792  -0.542  -2.705
628.000 157.000   6.915  -0.542  -2.609
629.000 158.000   7.035  -0.542  -2.510
630.000 158.000   6.912  -0.542  -2.605
631.000 158.000   6.915  -0.542  -2.609
632.000 158.000   7.038  -0.542  -2.514
633.000 159.000   7.158  -0.542  -2.414
634.000 159.000   7.035  -0.542  -2.510
635.000 159.000   7.038  -0.542  -2.514
636.000 159.000   7.161  -0.542  -2.418
637.000 160.000   7.281  -0.542  -2.319
638.000 160.000   7.158  -0.542  -2.414
639.000 160.000   7.161  -0.542  -2.418
640.000 160.000   7.284  -0.542  -2.323
641.000 161.000   7.289  -0.542  -2.313
642.000 161.000   7.281  -0.542  -2.319
643.000 161.000   7.284  -0.542  -2.323
644.000 161.000   7.292  -0.542  -2.317
645.000 162.000   7.287  -0.532  -2.310
646.000 162.000   7.289  -0.542  -2.313
647.000 162.000   7.292  -0.542  -2.317
648.000 162.000   7.290  -0.532  -2.314
649.000 163.000   7.272  -0.409  -2.291
650.000 163.000   7.287  -0.532  -2.310
651.000 163.000   7.290  -0.532  -2.314
652.000 163.000   7.275  -0.409  -2.295
653.000 164.000   7.266  -0.286  -2.283
654.000 164.000   7.272  -0.409  -2.291
655.000 164.000   7.275  -0.409  -2.295
656.000 164.000   7.269  -0.286  -2.287
657.000 165.000   7.277  -0.163  -2.297
658.000 165.000   7.266  -0.286  -2.283
659.000 165.000   7.269  -0.286  -2.287
660.000 165.000   7.280  -0.163  -2.301
661.000 166.000   7.297  -0.040  -2.323
662.000 166.000   7.277  -0.163  -2.297
663.000 166.000   7.280  -0.163  -2.301
664.000 166.000   7.300  -0.040  -2.327
665.000 167.000   7.300  -0.030  -2.326
666.000 167.000   7.297  -0.040  -2.323
667.000 167.000   7.300  -0.040  -2.327
668.000 167.000   7.303  -0.030  -2.330
669.000 168.000   7.292  -0.030  -2.333
670.000 168.000   7.300  -0.030  -2.326
671.000 168.000   7.303  -0.030  -2.330
672.000 168.000   7.295  -0.030  -2.337
673.000 169.000   7.169  -0.030  -2.428
674.000 169.000   7.292  -0.030  -2.333
675.000 169.000   7.295  -0.030  -2.337
676.000 169.000   7.172  -0.030  -2.432
677.000 170.000   7.046  -0.030  -2.523
678.000 170.000   7.169  -0.030  -2.428
679.000 170.000   7.172  -0.030  -2.432
680.000 170.000   7.049  -0.030  -2.527
681.000 171.000   6.923  -0.030  -2.619
682.000 171.000   7.046  -0.030  -2.523
683.000 171.000   7.049  -0.030  -2.527
684.000 171.000   6.926  -0.030  -2.623
685.000 172.000   6.800  -0.030  -2.714
686.000 172.000   6.923  -0.030  -2.619
687.000 172.000   6.926  -0.030  -2.623
688.000 172.000   6.803  -0.030  -2.718
689.000 173.000   6.909  -0.542  -2.601
690.000 173.000   6.786  -0.542  -2.697
691.000 173.000   6.789  -0.542  -2.701
692.000 173.000   6.912  -0.542  -2.605
693.000 174.000   7.032  -0.542  -2.506
694.000 174.000   6.909  -0.542  -2.601
695.000 174.000   6.912  -0.542  -2.605
696.000 174.000   7.035  -0.542  -2.510
697.000 175.000   7.155  -0.542  -2.411
698.000 175.000   7.032  -0.542  -2.506
699.000 175.000   7.035  -0.542  -2.510
700.000 175.000   7.158  -0.542  -2.414
701.000 176.000   7.278  -0.542  -2.315
702.000 176.000   7.155  -0.542  -2.411
703.000 176.000   7.158  -0.542  -2.414
704.000 176.000   7.281  -0.542  -2.319
705.000 177.000   7.286  -0.542  -2.309
706.000 177.000   7.278  -0.542  -2.315
707.000 177.000   7.281  -0.542  -2.319
708.000 177.000   7.289  -0.542  -2.313
709.000 178.000   7.283  -0.532  -2.306
710.000 178.000   7.286  -0.542  -2.309
711.000 178.000   7.289  -0.542  -2.313
712.000 178.000   7.287  -0.532  -2.310
713.000 179.000   7.269  -0.409  -2.287
714.000 179.000   7.283  -0.532  -2.306
715.000 179.000   7.287  -0.532  -2.310
716.000 179.000   7.272  -0.409  -2.291
717.000 180.000   7.263  -0.286  -2.279
718.000 180.000   7.269  -0.409  -2.287
719.000 180.000   7.272  -0.409  -2.291
720.000 180.000   7.266  -0.286  -2.283
721.000 181.000   7.274  -0.163  -2.293
722.000 181.000   7.263  -0.286  -2.279
723.000 181.000   7.266  -0.286  -2.283
724.000 181.000   7.277  -0.163  -2.297
725.000 182.000   7.293  -0.040  -2.319
726.000 182.000   7.274  -0.163  -2.293
727.000 182.000   7.277  -0.163  -2.297
728.000 182.000   7.297  -0.040  -2.323
729.000 183.000   7.296  -0.030  -2.322
730.000 183.000   7.293  -0.040  -2.319
731.000 183.000   7.297  -0.040  -2.323
732.000 183.000   7.300  -0.030  -2.326
733.000 184.000   7.289  -0.030  -2.329
734.000 184.000   7.296  -0.030  -2.322
735.000 184.000   7.300  -0.030  -2.326
736.000 184.000   7.292  -0.030  -2.333
737.000 185.000   7.166  -0.030  -2.424
738.000 185.000   7.289  -0.030  -2.329
739.000 185.000   7.292  -0.030  -2.333
740.000 185.000   7.169  -0.030  -2.428
741.000 186.000   7.043  -0.030  -2.519
742.000 186.000   7.166  -0.030  -2.424
743.000 186.000   7.169  -0.030  -2.428
744.000 186.000   7.046  -0.030  -2.523
745.000 187.000   6.920  -0.030  -2.615
746.000 187.000   7.043  -0.030  -2.519
747.000 187.000   7.046  -0.030  -2.523
748.000 187.000   6.923  -0.030  -2.619
749.000 188.000   6.797  -0.030  -2.710
750.000 188.000   6.920  -0.030  -2.615
751.000 188.000   6.923  -0.030  -2.619
752.000 188.000   6.800  -0.030  -2.714
753.000 189.000   6.903  -0.542  -2.594
754.000 189.000   6.780  -0.542  -2.689
755.000 189.000   6.786  -0.542  -2.697
756.000 189.000   6.909  -0.542  -2.601
757.000 190.000   7.026  -0.542  -2.498
758.000 190.000   6.903  -0.542  -2.594
759.000 190.000   6.909  -0.542  -2.601
760.000 190.000   7.032  -0.542  -2.506
761.000 191.000   7.149  -0.542  -2.403
762.000 191.000   7.026  -0.542  -2.498
763.000 191.000   7.032  -0.542  -2.506
764.000 191.000   7.155  -0.542  -2.411
765.000 192.000   7.272  -0.542  -2.307
766.000 192.000   7.149  -0.542  -2.403
767.000 192.000   7.155  -0.542  -2.411
768.000 192.000   7.278  -0.542  -2.315
769.000 193.000   7.280  -0.542  -2.301
770.000 193.000   7.272  -0.542  -2.307
771.000 193.000   7.278  -0.542  -2.315
772.000 193.000   7.286  -0.542  -2.309
773.000 194.000   7.277  -0.532  -2.298
774.000 194.000   7.280  -0.542  -2.301
775.000 194.000   7.286  -0.542  -2.309
776.000 194.000   7.283  -0.532  -2.306
777.000 195.000   7.263  -0.409  -2.279
778.000 195.000   7.277  -0.532  -2.298
779.000 195.000   7.283  -0.532  -2.306
780.000 195.000   7.269  -0.409  -2.287
781.000 196.000   7.257  -0.286  -2.271
782.000 196.000   7.263  -0.409  -2.279
783.000 196.000   7.269  -0.409  -2.287
784.000 196.000   7.263  -0.286  -2.279
785.000 197.000   7.268  -0.163  -2.286
786.000 197.000   7.257  -0.286  -2.271
787.000 197.000   7.263  -0.286  -2.279
788.000 197.000   7.274  -0.163  -2.293
789.000 198.000   7.287  -0.040  -2.311
790.000 198.000   7.268  -0.163  -2.286
791.000 198.000   7.274  -0.163  -2.293
792.000 198.000   7.293  -0.040  -2.319
793.000 199.000   7.290  -0.030  -2.315
794.000 199.000   7.287  -0.040  -2.311
795.000 199.000   7.293  -0.040  -2.319
796.000 199.000   7.296  -0.030  -2.322
797.000 200.000   7.282  -0.030  -2.321
798.000 200.000   7.290  -0.030  -2.315
799.000 200.000   7.296  -0.030  -2.322
800.000 200.000   7.289  -0.030  -2.329
801.000 201.000   7.159  -0.030  -2.416
802.000 201.000   7.282  -0.030  -2.321
803.000 201.000   7.289  -0.030  -2.329
804.000 201.000   7.166  -0.030  -2.424
805.000 202.000   7.037  -0.030  -2.512
806.000 202.000   7.159  -0.030  -2.416
807.000 202.000   7.166  -0.030  -2.424
808.000 202.000   7.043  -0.030  -2.519
809.000 203.000   6.914  -0.030  -2.607
810.000 203.000   7.037  -0.030  -2.512
811.000 203.000   7.043  -0.030  -2.519
812.000 203.000   6.920  -0.030  -2.615
813.000 204.000   6.791  -0.030  -2.703
814.000 204.000   6.914  -0.030  -2.607
815.000 204.000   6.920  -0.030  -2.615
816.000 204.000   6.797  -0.030  -2.710
817.000 205.000   7.132  -0.409  -2.381
818.000 205.000   7.146  -0.532  -2.400
819.000 205.000   7.269  -0.532  -2.304
820.000 205.000   7.255  -0.409  -2.285
821.000 206.000   7.126  -0.286  -2.373
822.000 206.000   7.132  -0.409  -2.381
823.000 206.000   7.255  -0.409  -2.285
824.000 206.000   7.249  -0.286  -2.277
825.000 207.000   7.137  -0.163  -2.387
826.000 207.000   7.126  -0.286  -2.373
827.000 207.000   7.249  -0.286  -2.277
828.000 207.000   7.260  -0.163  -2.292
829.000 208.000   7.157  -0.040  -2.413
830.000 208.000   7.137  -0.163  -2.387
831.000 208.000   7.260  -0.163  -2.292
832.000 208.000   7.279  -0.040  -2.317
833.000 209.000   7.009  -0.409  -2.476
834.000 209.000   7.024  -0.532  -2.495
835.000 209.000   7.146  -0.532  -2.400
836.000 209.000   7.132  -0.409  -2.381
837.000 210.000   7.003  -0.286  -2.468
838.000 210.000   7.009  -0.409  -2.476
839.000 210.000   7.132  -0.409  -2.381
840.000 210.000   7.126  -0.286  -2.373
841.000 211.000   7.014  -0.163  -2.483
842.000 211.000   7.003  -0.286  -2.468
843.000 211.000   7.126  -0.286  -2.373
844.000 211.000   7.137  -0.163  -2.387
845.000 212.000   7.034  -0.040  -2.508
846.000 212.000   7.014  -0.163  -2.483
847.000 212.000   7.137  -0.163  -2.387
848.000 212.000   7.157  -0.040  -2.413
849.000 213.000   6.886  -0.409  -2.572
850.000 213.000   6.901  -0.532  -2.590
851.000 213.000   7.024  -0.532  -2.495
852.000 213.000   7.009  -0.409  -2.476
853.000 214.000   6.880  -0.286  -2.564
854.000 214.000   6.886  -0.409  -2.572
855.000 214.000   7.009  -0.409  -2.476
856.000 214.000   7.003  -0.286  -2.468
857.000 215.000   6.891  -0.163  -2.578
858.000 215.000   6.880  -0.286  -2.564
859.000 215.000   7.003  -0.286  -2.468
860.000 215.000   7.014  -0.163  -2.483
861.000 216.000   6.911  -0.040  -2.603
862.000 216.000   6.891  -0.163  -2.578
863.000 216.000   7.014  -0.163  -2.483
864.000 216.000   7.034  -0.040  -2.508
865.000 217.000   6.763  -0.409  -2.667
866.000 217.000   6.778  -0.532  -2.686
867.000 217.000   6.901  -0.532  -2.590
868.000 217.000   6.886  -0.409  -2.572
869.000 218.000   6.757  -0.286  -2.659
870.000 218.000   6.763  -0.409  -2.667
871.000 218.000   6.886  -0.409  -2.572
872.000 218.000   6.880  -0.286  -2.564
873.000 219.000   6.768  -0.163  -2.674
874.000 219.000   6.757  -0.286  -2.659
875.000 219.000   6.880  -0.286  -2.564
876.000 219.000   6.891  -0.163  -2.578
877.000 220.000   6.788  -0.040  -2.699
878.000 220.000   6.768  -0.163  -2.674
879.000 220.000   6.891  -0.163  -2.578
880.000 220.000   6.911  -0.040  -2.603
881.000 221.000   7.146  -0.532  -2.400
882.000 221.000   7.149  -0.542  -2.403
883.000 221.000   7.272  -0.542  -2.307
884.000 221.000   7.269  -0.532  -2.304
885.000 222.000   7.024  -0.532  -2.495
886.000 222.000   7.026  -0.542  -2.498
887.000 222.000   7.149  -0.542  -2.403
888.000 222.000   7.146  -0.532  -2.400
889.000 223.000   6.901  -0.532  -2.590
890.000 223.000   6.903  -0.542  -2.594
891.000 223.000   7.026  -0.542  -2.498
892.000 223.000   7.024  -0.532  -2.495
893.000 224.000   6.778  -0.532  -2.686
894.000 224.000   6.780  -0.542  -2.689
895.000 224.000   6.903  -0.542  -2.594
896.000 224.000   6.901  -0.532  -2.590
897.000 225.000   7.269  -0.532  -2.304
898.000 225.000   7.272  -0.542  -2.307
899.000 225.000   7.280  -0.542  -2.301
900.000 225.000   7.277  -0.532  -2.298
901.000 226.000   7.255  -0.409  -2.285
902.000 226.000   7.269  -0.532  -2.304
903.000 226.000   7.277  -0.532  -2.298
904.000 226.000   7.263  -0.409  -2.279
905.000 227.000   7.249  -0.286  -2.277
906.000 227.000   7.255  -0.409  -2.285
907.000 227.000   7.263  -0.409  -2.279
908.000 227.000   7.257  -0.286  -2.271
909.000 228.000   7.260  -0.163  -2.292
910.000 228.000   7.249  -0.286  -2.277
911.000 228.000   7.257  -0.286  -2.271
912.000 228.000   7.268  -0.163  -2.286
913.000 229.000   7.279  -0.040  -2.317
914.000 229.000   7.260  -0.163  -2.292
915.000 229.000   7.268  -0.163  -2.286
916.000 229.000   7.287  -0.040  -2.311
917.000 230.000   7.282  -0.030  -2.321
918.000 230.000   7.279  -0.040  -2.317
919.000 230.000   7.287  -0.040  -2.311
920.000 230.000   7.290  -0.030  -2.315
921.000 231.000   7.159  -0.030  -2.416
922.000 231.000   7.157  -0.040  -2.413
923.000 231.000   7.279  -0.040  -2.317
924.000 231.000   7.282  -0.030  -2.321
925.000 232.000   7.037  -0.030  -2.512
926.000 232.000   7.034  -0.040  -2.508
927.000 232.000   7.157  -0.040  -2.413
928.000 232.000   7.159  -0.030  -2.416
929.000 233.000   6.914  -0.030  -2.607
930.000 233.000   6.911  -0.040  -2.603
931.000 233.000   7.034  -0.040  -2.508
932.000 233.000   7.037  -0.030  -2.512
933.000 234.000   6.791  -0.030  -2.703
934.000 234.000   6.788  -0.040  -2.699
935.000 234.000   6.911  -0.040  -2.603
936.000 234.000   6.914  -0.030  -2.607
937.000 235.000   6.666  -0.542  -2.796
938.000 235.000   6.789  -0.542  -2.701
939.000 235.000   6.792  -0.542  -2.705
940.000 235.000   6.670  -0.542  -2.800
941.000 236.000   6.543  -0.542  -2.892
942.000 236.000   6.666  -0.542  -2.796
943.000 236.000   6.670  -0.542  -2.800
944.000 236.000   6.547  -0.542  -2.896
945.000 237.000   6.420  -0.542  -2.987
946.000 237.000   6.543  -0.542  -2.892
947.000 237.000   6.547  -0.542  -2.896
948.000 237.000   6.424  -0.542  -2.991
949.000 238.000   6.298  -0.542  -3.083
950.000 238.000   6.420  -0.542  -2.987
951.000 238.000   6.424  -0.542  -2.991
952.000 238.000   6.301  -0.542  -3.086
953.000 239.000   6.290  -0.542  -3.089
954.000 239.000   6.298  -0.542  -3.083
955.000 239.000   6.301  -0.542  -3.086
956.000 239.000   6.293  -0.542  -3.093
957.000 240.000   6.287  -0.532  -3.085
958.000 240.000   6.290  -0.542  -3.089
959.000 240.000   6.293  -0.542  -3.093
960.000 240.000   6.290  -0.532  -3.089
961.000 241.000   6.273  -0.409  -3.067
962.000 241.000   6.287  -0.532  -3.085
963.000 241.000   6.290  -0.532  -3.089
964.000 241.000   6.276  -0.409  -3.071
965.000 242.000   6.267  -0.286  -3.059
966.000 242.000   6.273  -0.409  -3.067
967.000 242.000   6.276  -0.409  -3.071
968.000 242.000   6.270  -0.286  -3.063
969.000 243.000   6.278  -0.163  -3.073
970.000 243.000   6.267  -0.286  -3.059
971.000 243.000   6.270  -0.286  -3.063
972.000 243.000   6.281  -0.163  -3.077
973.000 244.000   6.297  -0.040  -3.098
974.000 244.000   6.278  -0.163  -3.073
975.000 244.000   6.281  -0.163  -3.077
976.000 244.000   6.300  -0.040  -3.102
977.000 245.000   6.300  -0.030  -3.102
978.000 245.000   6.297  -0.040  -3.098
979.000 245.000   6.300  -0.040  -3.102
980.000 245.000   6.303  -0.030  -3.106
981.000 246.000   6.308  -0.030  -3.096
982.000 246.000   6.300  -0.030  -3.102
983.000 246.000   6.303  -0.030  -3.106
984.000 246.000   6.311  -0.030  -3.100
985.000 247.000   6.431  -0.030  -3.001
986.000 247.000   6.308  -0.030  -3.096
987.000 247.000   6.311  -0.030  -3.100
988.000 247.000   6.434  -0.030  -3.005
989.000 248.000   6.554  -0.030  -2.905
990.000 248.000   6.431  -0.030  -3.001
991.000 248.000   6.434  -0.030  -3.005
992.000 248.000   6.557  -0.030  -2.909
993.000 249.000   6.677  -0.030  -2.810
994.000 249.000   6.554  -0.030  -2.905
995.000 249.000   6.557  -0.030  -2.909
996.000 249.000   6.680  -0.030  -2.814
997.000 250.000   6.800  -0.030  -2.714
998.000 250.000   6.677  -0.030  -2.810
999.000 250.000   6.680  -0.030  -2.814
1000.000 250.000   6.803  -0.030  -2.718
1001.000 251.000   6.663  -0.542  -2.792
1002.000 251.000   6.786  -0.542  -2.697
1003.000 251.000   6.789  -0.542  -2.701
1004.000 251.000   6.666  -0.542  -2.796
1005.000 252.000   6.540  -0.542  -2.888
1006.000 252.000   6.663  -0.542  -2.792
1007.000 252.000   6.666  -0.542  -2.796
1008.000 252.000   6.543  -0.542  -2.892
1009.000 253.000   6.418  -0.542  -2.983
1010.000 253.000   6.540  -0.542  -2.888
1011.000 253.000   6.543  -0.542  -2.892
1012.000 253.000   6.420  -0.542  -2.987
1013.000 254.000   6.295  -0.542  -3.079
1014.000 254.000   6.418  -0.542  -2.983
1015.000 254.000   6.420  -0.542  -2.987
1016.000 254.000   6.298  -0.542  -3.083
1017.000 255.000   6.287  -0.542  -3.085
1018.000 255.000   6.295  -0.542  -3.079
1019.000 255.000   6.298  -0.542  -3.083
1020.000 255.000   6.290  -0.542  -3.089
1021.000 256.000   6.284  -0.532  -3.082
1022.000 256.000   6.287  -0.542  -3.085
1023.000 256.000   6.290  -0.542  -3.089
1024.000 256.000   6.287  -0.532  -3.085
1025.000 257.000   6.270  -0.409  -3.063
1026.000 257.000   6.284  -0.532  -3.082
1027.000 257.000   6.287  -0.532  -3.085
1028.000 257.000   6.273  -0.409  -3.067
1029.000 258.000   6.264  -0.286  -3.055
1030.000 258.000   6.270  -0.409  -3.063
1031.000 258.000   6.273  -0.409  -3.067
1032.000 258.000   6.267  -0.286  -3.059
1033.000 259.000   6.275  -0.163  -3.069
1034.000 259.000   6.264  -0.286  -3.055
1035.000 259.000   6.267  -0.286  -3.059
1036.000 259.000   6.278  -0.163  -3.073
1037.000 260.000   6.294  -0.040  -3.095
1038.000 260.000   6.275  -0.163  -3.069
1039.000 260.000   6.278  -0.163  -3.073
1040.000 260.000   6.297  -0.040  -3.098
1041.000 261.000   6.297  -0.030  -3.098
1042.000 261.000   6.294  -0.040  -3.095
1043.000 261.000   6.297  -0.040  -3.098
1044.000 261.000   6.300  -0.030  -3.102
1045.000 262.000   6.305  -0.030  -3.092
1046.000 262.000   6.297  -0.030  -3.098
1047.000 262.000   6.300  -0.030  -3.102
1048.000 262.000   6.308  -0.030  -3.096
1049.000 263.000   6.428  -0.030  -2.997
1050.000 263.000   6.305  -0.030  -3.092
1051.000 263.000   6.308  -0.030  -3.096
1052.000 263.000   6.431  -0.030  -3.001
1053.000 264.000   6.551  -0.030  -2.901
1054.000 264.000   6.428  -0.030  -2.997
1055.000 264.000   6.431  -0.030  -3.001
1056.000 264.000   6.554  -0.030  -2.905
1057.000 265.000   6.674  -0.030  -2.806
1058.000 265.000   6.551  -0.030  -2.901
1059.000 265.000   6.554  -0.030  -2.905
1060.000 265.000   6.677  -0.030  -2.810
1061.000 266.000   6.797  -0.030  -2.710
1062.000 266.000   6.674  -0.030  -2.806
1063.000 266.000   6.677  -0.030  -2.810
1064.000 266.000   6.800  -0.030  -2.714
1065.000 267.000   6.657  -0.542  -2.784
1066.000 267.000   6.780  -0.542  -2.689
1067.000 267.000   6.786  -0.542  -2.697
1068.000 267.000   6.663  -0.542  -2.792
1069.000 268.000   6.534  -0.542  -2.880
1070.000 268.000   6.657  -0.542  -2.784
1071.000 268.000   6.663  -0.542  -2.792
1072.000 268.000   6.540  -0.542  -2.888
1073.000 269.000   6.411  -0.542  -2.975
1074.000 269.000   6.534  -0.542  -2.880
1075.000 269.000   6.540  -0.542  -2.888
1076.000 269.000   6.418  -0.542  -2.983
1077.000 270.000   6.288  -0.542  -3.071
1078.000 270.000   6.411  -0.542  -2.975
1079.000 270.000   6.418  -0.542  -2.983
1080.000 270.000   6.295  -0.542  -3.079
1081.000 271.000   6.281  -0.542  -3.077
1082.000 271.000   6.288  -0.542  -3.071
1083.000 271.000   6.295  -0.542  -3.079
1084.000 271.000   6.287  -0.542  -3.085
1085.000 272.000   6.278  -0.532  -3.074
1086.000 272.000   6.281  -0.542  -3.077
1087.000 272.000   6.287  -0.542  -3.085
1088.000 272.000   6.284  -0.532  -3.082
1089.000 273.000   6.263  -0.409  -3.055
1090.000 273.000   6.278  -0.532  -3.074
1091.000 273.000   6.284  -0.532  -3.082
1092.000 273.000   6.270  -0.409  -3.063
1093.000 274.000   6.257  -0.286  -3.047
1094.000 274.000   6.263  -0.409  -3.055
1095.000 274.000   6.270  -0.409  -3.063
1096.000 274.000   6.264  -0.286  -3.055
1097.000 275.000   6.269  -0.163  -3.061
1098.000 275.000   6.257  -0.286  -3.047
1099.000 275.000   6.264  -0.286  -3.055
1100.000 275.000   6.275  -0.163  -3.069
1101.000 276.000   6.288  -0.040  -3.087
1102.000 276.000   6.269  -0.163  -3.061
1103.000 276.000   6.275  -0.163  -3.069
1104.000 276.000   6.294  -0.040  -3.095
1105.000 277.000   6.291  -0.030  -3.090
1106.000 277.000   6.288  -0.040  -3.087
1107.000 277.000   6.294  -0.040  -3.095
1108.000 277.000   6.297  -0.030  -3.098
1109.000 278.000   6.299  -0.030  -3.084
1110.000 278.000   6.291  -0.030  -3.090
1111.000 278.000   6.297  -0.030  -3.098
1112.000 278.000   6.305  -0.030  -3.092
1113.000 279.000   6.422  -0.030  -2.989
1114.000 279.000   6.299  -0.030  -3.084
1115.000 279.000   6.305  -0.030  -3.092
1116.000 279.000   6.428  -0.030  -2.997
1117.000 280.000   6.545  -0.030  -2.893
1118.000 280.000   6.422  -0.030  -2.989
1119.000 280.000   6.428  -0.030  -2.997
1120.000 280.000   6.551  -0.030  -2.901
1121.000 281.000   6.668  -0.030  -2.798
1122.000 281.000   6.545  -0.030  -2.893
1123.000 281.000   6.551  -0.030  -2.901
1124.000 281.000   6.674  -0.030  -2.806
1125.000 282.000   6.791  -0.030  -2.703
1126.000 282.000   6.668  -0.030  -2.798
1127.000 282.000   6.674  -0.030  -2.806
1128.000 282.000   6.797  -0.030  -2.710
1129.000 283.000   6.394  -0.409  -2.953
1130.000 283.000   6.409  -0.532  -2.972
1131.000 283.000   6.286  -0.532  -3.067
1132.000 283.000   6.271  -0.409  -3.049
1133.000 284.000   6.388  -0.286  -2.946
1134.000 284.000   6.394  -0.409  -2.953
1135.000 284.000   6.271  -0.409  -3.049
1136.000 284.000   6.265  -0.286  -3.041
1137.000 285.000   6.399  -0.163  -2.960
1138.000 285.000   6.388  -0.286  -2.946
1139.000 285.000   6.265  -0.286  -3.041
1140.000 285.000   6.276  -0.163  -3.055
1141.000 286.000   6.419  -0.040  -2.985
1142.000 286.000   6.399  -0.163  -2.960
1143.000 286.000   6.276  -0.163  -3.055
1144.000 286.000   6.296  -0.040  -3.080
1145.000 287.000   6.517  -0.409  -2.858
1146.000 287.000   6.532  -0.532  -2.877
1147.000 287.000   6.409  -0.532  -2.972
1148.000 287.000   6.394  -0.409  -2.953
1149.000 288.000   6.511  -0.286  -2.850
1150.000 288.000   6.517  -0.409  -2.858
1151.000 288.000   6.394  -0.409  -2.953
1152.000 288.000   6.388  -0.286  -2.946
1153.000 289.000   6.522  -0.163  -2.864
1154.000 289.000   6.511  -0.286  -2.850
1155.000 289.000   6.388  -0.286  -2.946
1156.000 289.000   6.399  -0.163  -2.960
1157.000 290.000   6.542  -0.040  -2.890
1158.000 290.000   6.522  -0.163  -2.864
1159.000 290.000   6.399  -0.163  -2.960
1160.000 290.000   6.419  -0.040  -2.985
1161.000 291.000   6.640  -0.409  -2.762
1162.000 291.000   6.655  -0.532  -2.781
1163.000 291.000   6.532  -0.532  -2.877
1164.000 291.000   6.517  -0.409  -2.858
1165.000 292.000   6.634  -0.286  -2.755
1166.000 292.000   6.640  -0.409  -2.762
1167.000 292.000   6.517  -0.409  -2.858
1168.000 292.000   6.511  -0.286  -2.850
1169.000 293.000   6.645  -0.163  -2.769
1170.000 293.000   6.634  -0.286  -2.755
1171.000 293.000   6.511  -0.286  -2.850
1172.000 293.000   6.522  -0.163  -2.864
1173.000 294.000   6.665  -0.040  -2.794
1174.000 294.000   6.645  -0.163  -2.769
1175.000 294.000   6.522  -0.163  -2.864
1176.000 294.000   6.542  -0.040  -2.890
1177.000 295.000   6.763  -0.409  -2.667
1178.000 295.000   6.778  -0.532  -2.686
1179.000 295.000   6.655  -0.532  -2.781
1180.000 295.000   6.640  -0.409  -2.762
1181.000 296.000   6.757  -0.286  -2.659
1182.000 296.000   6.763  -0.409  -2.667
1183.000 296.000   6.640  -0.409  -2.762
1184.000 296.000   6.634  -0.286  -2.755
1185.000 297.000   6.768  -0.163  -2.674
1186.000 297.000   6.757  -0.286  -2.659
1187.000 297.000   6.634  -0.286  -2.755
1188.000 297.000   6.645  -0.163  -2.769
1189.000 298.000   6.788  -0.040  -2.699
1190.000 298.000   6.768  -0.163  -2.674
1191.000 298.000   6.645  -0.163  -2.769
1192.000 298.000   6.665  -0.040  -2.794
1193.000 299.000   6.409  -0.532  -2.972
1194.000 299.000   6.411  -0.542  -2.975
1195.000 299.000   6.288  -0.542  -3.071
1196.000 299.000   6.286  -0.532  -3.067
1197.000 300.000   6.532  -0.532  -2.877
1198.000 300.000   6.534  -0.542  -2.880
1199.000 300.000   6.411  -0.542  -2.975
1200.000 300.000   6.409  -0.532  -2.972
1201.000 301.000   6.655  -0.532  -2.781
1202.000 301.000   6.657  -0.542  -2.784
1203.000 301.000   6.534  -0.542  -2.880
1204.000 301.000   6.532  -0.532  -2.877
1205.000 302.000   6.778  -0.532  -2.686
1206.000 302.000   6.780  -0.542  -2.689
1207.000 302.000   6.657  -0.542  -2.784
1208.000 302.000   6.655  -0.532  -2.781
1209.000 303.000   6.286  -0.532  -3.067
1210.000 303.000   6.288  -0.542  -3.071
1211.000 303.000   6.281  -0.542  -3.077
1212.000 303.000   6.278  -0.532  -3.074
1213.000 304.000   6.271  -0.409  -3.049
1214.000 304.000   6.286  -0.532  -3.067
1215.000 304.000   6.278  -0.532  -3.074
1216.000 304.000   6.263  -0.409  -3.055
1217.000 305.000   6.265  -0.286  -3.041
1218.000 305.000   6.271  -0.409  -3.049
1219.000 305.000   6.263  -0.409  -3.055
1220.000 305.000   6.257  -0.286  -3.047
1221.000 306.000   6.276  -0.163  -3.055
1222.000 306.000   6.265  -0.286  -3.041
1223.000 306.000   6.257  -0.286  -3.047
1224.000 306.000   6.269  -0.163  -3.061
1225.000 307.000   6.296  -0.040  -3.080
1226.000 307.000   6.276  -0.163  -3.055
1227.000 307.000   6.269  -0.163  -3.061
1228.000 307.000   6.288  -0.040  -3.087
1229.000 308.000   6.299  -0.030  -3.084
1230.000 308.000   6.296  -0.040  -3.080
1231.000 308.000   6.288  -0.040  -3.087
1232.000 308.000   6.291  -0.030  -3.090
1233.000 309.000   6.422  -0.030  -2.989
1234.000 309.000   6.419  -0.040  -2.985
1235.000 309.000   6.296  -0.040  -3.080
1236.000 309.000   6.299  -0.030  -3.084
1237.000 310.000   6.545  -0.030  -2.893
1238.000 310.000   6.542  -0.040  -2.890
1239.000 310.000   6.419  -0.040  -2.985
1240.000 310.000   6.422  -0.030  -2.989
1241.000 311.000   6.668  -0.030  -2.798
1242.000 311.000   6.665  -0.040  -2.794
1243.000 311.000   6.542  -0.040  -2.890
1244.000 311.000   6.545  -0.030  -2.893
1245.000 312.000   6.791  -0.030  -2.703
1246.000 312.000   6.788  -0.040  -2.699
1247.000 312.000   6.665  -0.040  -2.794
1248.000 312.000   6.668  -0.030  -2.798
