   53    /C + 0 PHOTON EMISSIVITY COEFFICIENTS/
  1561.1 A  12  13 /FILMEM = RHGR93C /TYPE = EXCIT    /INDM = T/ISEL =    1
 1.00E+11 2.00E+11 5.00E+11 1.00E+12 2.00E+12 5.00E+12 1.00E+13 2.00E+13
 5.00E+13 1.00E+14 2.00E+14 5.00E+14
 1.00E+00 1.50E+00 2.00E+00 3.00E+00 5.00E+00 7.00E+00 1.00E+01 1.50E+01
 2.00E+01 3.00E+01 5.00E+01 7.00E+01 8.62E+01
 2.27E-11 2.29E-10 6.92E-10 2.07E-09 5.19E-09 7.89E-09 1.09E-08 1.39E-08
 1.57E-08 1.73E-08 1.81E-08 1.79E-08 1.76E-08
 2.28E-11 2.29E-10 6.94E-10 2.08E-09 5.19E-09 7.89E-09 1.09E-08 1.39E-08
 1.57E-08 1.73E-08 1.81E-08 1.79E-08 1.75E-08
 2.29E-11 2.30E-10 6.94E-10 2.08E-09 5.19E-09 7.89E-09 1.09E-08 1.39E-08
 1.56E-08 1.73E-08 1.80E-08 1.78E-08 1.75E-08
 2.29E-11 2.30E-10 6.94E-10 2.08E-09 5.19E-09 7.89E-09 1.09E-08 1.39E-08
 1.56E-08 1.73E-08 1.80E-08 1.78E-08 1.74E-08
 2.29E-11 2.30E-10 6.94E-10 2.08E-09 5.19E-09 7.88E-09 1.09E-08 1.39E-08
 1.56E-08 1.72E-08 1.80E-08 1.78E-08 1.74E-08
 2.29E-11 2.29E-10 6.93E-10 2.07E-09 5.17E-09 7.85E-09 1.08E-08 1.38E-08
 1.55E-08 1.72E-08 1.79E-08 1.77E-08 1.74E-08
 2.28E-11 2.29E-10 6.91E-10 2.07E-09 5.15E-09 7.82E-09 1.08E-08 1.38E-08
 1.54E-08 1.71E-08 1.78E-08 1.76E-08 1.72E-08
 2.27E-11 2.28E-10 6.88E-10 2.06E-09 5.12E-09 7.76E-09 1.07E-08 1.36E-08
 1.53E-08 1.69E-08 1.76E-08 1.74E-08 1.71E-08
 2.24E-11 2.24E-10 6.78E-10 2.02E-09 5.02E-09 7.59E-09 1.04E-08 1.32E-08
 1.48E-08 1.63E-08 1.70E-08 1.69E-08 1.65E-08
 2.18E-11 2.19E-10 6.62E-10 1.97E-09 4.88E-09 7.32E-09 9.98E-09 1.26E-08
 1.41E-08 1.55E-08 1.62E-08 1.60E-08 1.57E-08
 2.08E-11 2.09E-10 6.34E-10 1.88E-09 4.61E-09 6.86E-09 9.24E-09 1.16E-08
 1.28E-08 1.40E-08 1.47E-08 1.45E-08 1.43E-08
 1.82E-11 1.85E-10 5.62E-10 1.66E-09 3.96E-09 5.74E-09 7.53E-09 9.17E-09
 1.00E-08 1.09E-08 1.13E-08 1.13E-08 1.12E-08
  1329.3 A  12  13 /FILMEM = RHGR93C /TYPE = EXCIT    /INDM = T/ISEL =    2
 1.00E+11 2.00E+11 5.00E+11 1.00E+12 2.00E+12 5.00E+12 1.00E+13 2.00E+13
 5.00E+13 1.00E+14 2.00E+14 5.00E+14
 1.00E+00 1.50E+00 2.00E+00 3.00E+00 5.00E+00 7.00E+00 1.00E+01 1.50E+01
 2.00E+01 3.00E+01 5.00E+01 7.00E+01 8.62E+01
 1.66E-12 3.09E-11 1.31E-10 5.69E-10 1.98E-09 3.50E-09 5.43E-09 7.62E-09
 8.97E-09 1.04E-08 1.13E-08 1.14E-08 1.13E-08
 1.66E-12 3.10E-11 1.31E-10 5.69E-10 1.98E-09 3.50E-09 5.43E-09 7.62E-09
 8.97E-09 1.04E-08 1.13E-08 1.14E-08 1.13E-08
 1.66E-12 3.10E-11 1.31E-10 5.70E-10 1.99E-09 3.50E-09 5.43E-09 7.62E-09
 8.97E-09 1.04E-08 1.13E-08 1.14E-08 1.13E-08
 1.67E-12 3.11E-11 1.31E-10 5.70E-10 1.99E-09 3.51E-09 5.43E-09 7.62E-09
 8.97E-09 1.04E-08 1.13E-08 1.14E-08 1.13E-08
 1.67E-12 3.11E-11 1.32E-10 5.72E-10 1.99E-09 3.51E-09 5.44E-09 7.62E-09
 8.97E-09 1.04E-08 1.13E-08 1.14E-08 1.13E-08
 1.68E-12 3.13E-11 1.33E-10 5.75E-10 2.00E-09 3.52E-09 5.44E-09 7.63E-09
 8.97E-09 1.03E-08 1.12E-08 1.14E-08 1.13E-08
 1.69E-12 3.15E-11 1.33E-10 5.78E-10 2.01E-09 3.53E-09 5.44E-09 7.61E-09
 8.95E-09 1.03E-08 1.12E-08 1.13E-08 1.12E-08
 1.69E-12 3.16E-11 1.34E-10 5.79E-10 2.01E-09 3.52E-09 5.43E-09 7.58E-09
 8.89E-09 1.02E-08 1.11E-08 1.12E-08 1.11E-08
 1.70E-12 3.16E-11 1.34E-10 5.80E-10 2.00E-09 3.49E-09 5.35E-09 7.43E-09
 8.70E-09 1.00E-08 1.08E-08 1.10E-08 1.09E-08
 1.69E-12 3.16E-11 1.34E-10 5.79E-10 1.98E-09 3.43E-09 5.21E-09 7.20E-09
 8.40E-09 9.62E-09 1.04E-08 1.05E-08 1.05E-08
 1.69E-12 3.16E-11 1.34E-10 5.76E-10 1.94E-09 3.31E-09 4.97E-09 6.77E-09
 7.85E-09 8.94E-09 9.65E-09 9.78E-09 9.70E-09
 1.66E-12 3.15E-11 1.34E-10 5.67E-10 1.83E-09 3.03E-09 4.38E-09 5.78E-09
 6.59E-09 7.39E-09 7.92E-09 8.03E-09 7.99E-09
  1140.4 A  12  13 /FILMEM = RHGR93C /TYPE = EXCIT    /INDM = T/ISEL =    3
 1.00E+11 2.00E+11 5.00E+11 1.00E+12 2.00E+12 5.00E+12 1.00E+13 2.00E+13
 5.00E+13 1.00E+14 2.00E+14 5.00E+14
 1.00E+00 1.50E+00 2.00E+00 3.00E+00 5.00E+00 7.00E+00 1.00E+01 1.50E+01
 2.00E+01 3.00E+01 5.00E+01 7.00E+01 8.62E+01
 2.91E-14 1.76E-12 1.42E-11 1.20E-10 7.10E-10 1.59E-09 2.96E-09 4.88E-09
 6.28E-09 8.09E-09 9.70E-09 1.03E-08 1.06E-08
 2.91E-14 1.76E-12 1.42E-11 1.20E-10 7.10E-10 1.58E-09 2.96E-09 4.88E-09
 6.28E-09 8.08E-09 9.68E-09 1.03E-08 1.06E-08
 2.91E-14 1.76E-12 1.42E-11 1.20E-10 7.09E-10 1.58E-09 2.96E-09 4.87E-09
 6.27E-09 8.07E-09 9.67E-09 1.03E-08 1.05E-08
 2.91E-14 1.76E-12 1.42E-11 1.20E-10 7.09E-10 1.58E-09 2.95E-09 4.87E-09
 6.27E-09 8.06E-09 9.66E-09 1.03E-08 1.05E-08
 2.91E-14 1.76E-12 1.42E-11 1.20E-10 7.09E-10 1.58E-09 2.95E-09 4.86E-09
 6.26E-09 8.05E-09 9.65E-09 1.03E-08 1.05E-08
 2.92E-14 1.76E-12 1.42E-11 1.20E-10 7.08E-10 1.58E-09 2.95E-09 4.86E-09
 6.25E-09 8.04E-09 9.63E-09 1.02E-08 1.05E-08
 2.92E-14 1.77E-12 1.42E-11 1.20E-10 7.08E-10 1.58E-09 2.94E-09 4.84E-09
 6.23E-09 8.01E-09 9.60E-09 1.02E-08 1.05E-08
 2.93E-14 1.77E-12 1.42E-11 1.20E-10 7.08E-10 1.57E-09 2.93E-09 4.82E-09
 6.20E-09 7.97E-09 9.55E-09 1.02E-08 1.04E-08
 2.97E-14 1.79E-12 1.43E-11 1.21E-10 7.07E-10 1.57E-09 2.91E-09 4.76E-09
 6.11E-09 7.85E-09 9.40E-09 1.00E-08 1.03E-08
 3.02E-14 1.81E-12 1.45E-11 1.21E-10 7.06E-10 1.56E-09 2.87E-09 4.68E-09
 5.99E-09 7.66E-09 9.17E-09 9.78E-09 1.00E-08
 3.12E-14 1.85E-12 1.47E-11 1.22E-10 7.04E-10 1.54E-09 2.81E-09 4.53E-09
 5.76E-09 7.33E-09 8.75E-09 9.33E-09 9.58E-09
 3.38E-14 1.96E-12 1.54E-11 1.25E-10 6.97E-10 1.49E-09 2.64E-09 4.15E-09
 5.21E-09 6.53E-09 7.73E-09 8.23E-09 8.46E-09
   945.5 A  12  13 /FILMEM = RHGR93C /TYPE = EXCIT    /INDM = T/ISEL =    4
 1.00E+11 2.00E+11 5.00E+11 1.00E+12 2.00E+12 5.00E+12 1.00E+13 2.00E+13
 5.00E+13 1.00E+14 2.00E+14 5.00E+14
 1.00E+00 1.50E+00 2.00E+00 3.00E+00 5.00E+00 7.00E+00 1.00E+01 1.50E+01
 2.00E+01 3.00E+01 5.00E+01 7.00E+01 8.62E+01
 2.11E-15 2.83E-13 3.59E-12 4.90E-11 4.30E-10 1.12E-09 2.33E-09 4.17E-09
 5.61E-09 7.54E-09 9.55E-09 1.05E-08 1.11E-08
 2.11E-15 2.83E-13 3.59E-12 4.90E-11 4.30E-10 1.12E-09 2.32E-09 4.17E-09
 5.60E-09 7.53E-09 9.53E-09 1.05E-08 1.10E-08
 2.11E-15 2.83E-13 3.59E-12 4.90E-11 4.30E-10 1.12E-09 2.32E-09 4.16E-09
 5.60E-09 7.52E-09 9.52E-09 1.05E-08 1.10E-08
 2.11E-15 2.83E-13 3.59E-12 4.90E-11 4.29E-10 1.12E-09 2.32E-09 4.16E-09
 5.59E-09 7.52E-09 9.51E-09 1.05E-08 1.10E-08
 2.11E-15 2.83E-13 3.59E-12 4.90E-11 4.29E-10 1.12E-09 2.32E-09 4.16E-09
 5.59E-09 7.51E-09 9.50E-09 1.05E-08 1.10E-08
 2.11E-15 2.83E-13 3.59E-12 4.90E-11 4.29E-10 1.12E-09 2.32E-09 4.15E-09
 5.58E-09 7.49E-09 9.48E-09 1.05E-08 1.10E-08
 2.12E-15 2.83E-13 3.59E-12 4.90E-11 4.29E-10 1.11E-09 2.31E-09 4.14E-09
 5.57E-09 7.47E-09 9.45E-09 1.04E-08 1.09E-08
 2.12E-15 2.83E-13 3.59E-12 4.90E-11 4.29E-10 1.11E-09 2.31E-09 4.13E-09
 5.54E-09 7.43E-09 9.40E-09 1.04E-08 1.09E-08
 2.13E-15 2.84E-13 3.60E-12 4.91E-11 4.28E-10 1.11E-09 2.29E-09 4.09E-09
 5.48E-09 7.33E-09 9.25E-09 1.02E-08 1.07E-08
 2.14E-15 2.86E-13 3.62E-12 4.92E-11 4.28E-10 1.10E-09 2.27E-09 4.03E-09
 5.38E-09 7.17E-09 9.02E-09 9.93E-09 1.04E-08
 2.17E-15 2.88E-13 3.65E-12 4.94E-11 4.26E-10 1.09E-09 2.23E-09 3.91E-09
 5.19E-09 6.88E-09 8.62E-09 9.47E-09 9.92E-09
 2.23E-15 2.95E-13 3.72E-12 4.99E-11 4.21E-10 1.06E-09 2.11E-09 3.61E-09
 4.73E-09 6.17E-09 7.64E-09 8.36E-09 8.75E-09
   911.7 A  12  13 /FILMEM = RHGR93C /TYPE = EXCIT    /INDM = T/ISEL =    5
 1.00E+11 2.00E+11 5.00E+11 1.00E+12 2.00E+12 5.00E+12 1.00E+13 2.00E+13
 5.00E+13 1.00E+14 2.00E+14 5.00E+14
 1.00E+00 1.50E+00 2.00E+00 3.00E+00 5.00E+00 7.00E+00 1.00E+01 1.50E+01
 2.00E+01 3.00E+01 5.00E+01 7.00E+01 8.62E+01
 9.23E-16 1.33E-13 1.61E-12 2.02E-11 1.66E-10 4.30E-10 9.09E-10 1.67E-09
 2.27E-09 3.11E-09 3.95E-09 4.30E-09 4.44E-09
 9.23E-16 1.32E-13 1.61E-12 2.02E-11 1.66E-10 4.30E-10 9.09E-10 1.67E-09
 2.27E-09 3.10E-09 3.94E-09 4.29E-09 4.43E-09
 9.23E-16 1.32E-13 1.60E-12 2.02E-11 1.66E-10 4.30E-10 9.08E-10 1.67E-09
 2.27E-09 3.10E-09 3.94E-09 4.29E-09 4.42E-09
 9.23E-16 1.32E-13 1.60E-12 2.02E-11 1.66E-10 4.30E-10 9.08E-10 1.67E-09
 2.27E-09 3.10E-09 3.93E-09 4.28E-09 4.41E-09
 9.23E-16 1.32E-13 1.60E-12 2.02E-11 1.66E-10 4.30E-10 9.08E-10 1.66E-09
 2.27E-09 3.10E-09 3.93E-09 4.28E-09 4.41E-09
 9.24E-16 1.33E-13 1.61E-12 2.02E-11 1.66E-10 4.30E-10 9.08E-10 1.66E-09
 2.27E-09 3.10E-09 3.92E-09 4.27E-09 4.40E-09
 9.25E-16 1.33E-13 1.61E-12 2.02E-11 1.66E-10 4.30E-10 9.07E-10 1.66E-09
 2.26E-09 3.09E-09 3.92E-09 4.26E-09 4.40E-09
 9.26E-16 1.33E-13 1.61E-12 2.02E-11 1.66E-10 4.29E-10 9.05E-10 1.66E-09
 2.25E-09 3.08E-09 3.90E-09 4.25E-09 4.38E-09
 9.32E-16 1.33E-13 1.61E-12 2.02E-11 1.65E-10 4.27E-10 8.98E-10 1.64E-09
 2.23E-09 3.04E-09 3.85E-09 4.19E-09 4.33E-09
 9.40E-16 1.34E-13 1.62E-12 2.03E-11 1.65E-10 4.24E-10 8.87E-10 1.61E-09
 2.18E-09 2.97E-09 3.76E-09 4.10E-09 4.23E-09
 9.56E-16 1.36E-13 1.64E-12 2.04E-11 1.64E-10 4.18E-10 8.67E-10 1.56E-09
 2.10E-09 2.84E-09 3.59E-09 3.92E-09 4.05E-09
 9.98E-16 1.41E-13 1.68E-12 2.06E-11 1.61E-10 4.02E-10 8.14E-10 1.43E-09
 1.90E-09 2.54E-09 3.18E-09 3.47E-09 3.59E-09
  1018.0 A  12  13 /FILMEM = RHGR93C /TYPE = EXCIT    /INDM = T/ISEL =    6
 1.00E+11 2.00E+11 5.00E+11 1.00E+12 2.00E+12 5.00E+12 1.00E+13 2.00E+13
 5.00E+13 1.00E+14 2.00E+14 5.00E+14
 1.00E+00 1.50E+00 2.00E+00 3.00E+00 5.00E+00 7.00E+00 1.00E+01 1.50E+01
 2.00E+01 3.00E+01 5.00E+01 7.00E+01 8.62E+01
 3.16E-16 4.53E-14 5.49E-13 6.91E-12 5.67E-11 1.47E-10 3.11E-10 5.71E-10
 7.78E-10 1.06E-09 1.35E-09 1.47E-09 1.52E-09
 3.16E-16 4.53E-14 5.49E-13 6.91E-12 5.67E-11 1.47E-10 3.11E-10 5.70E-10
 7.78E-10 1.06E-09 1.35E-09 1.47E-09 1.51E-09
 3.16E-16 4.53E-14 5.49E-13 6.90E-12 5.67E-11 1.47E-10 3.11E-10 5.70E-10
 7.77E-10 1.06E-09 1.35E-09 1.47E-09 1.51E-09
 3.16E-16 4.53E-14 5.49E-13 6.90E-12 5.67E-11 1.47E-10 3.11E-10 5.70E-10
 7.77E-10 1.06E-09 1.35E-09 1.47E-09 1.51E-09
 3.16E-16 4.53E-14 5.49E-13 6.90E-12 5.67E-11 1.47E-10 3.11E-10 5.70E-10
 7.77E-10 1.06E-09 1.34E-09 1.46E-09 1.51E-09
 3.16E-16 4.54E-14 5.49E-13 6.91E-12 5.67E-11 1.47E-10 3.11E-10 5.69E-10
 7.76E-10 1.06E-09 1.34E-09 1.46E-09 1.51E-09
 3.16E-16 4.54E-14 5.50E-13 6.91E-12 5.67E-11 1.47E-10 3.10E-10 5.68E-10
 7.74E-10 1.06E-09 1.34E-09 1.46E-09 1.50E-09
 3.17E-16 4.55E-14 5.50E-13 6.91E-12 5.67E-11 1.47E-10 3.10E-10 5.66E-10
 7.72E-10 1.05E-09 1.33E-09 1.45E-09 1.50E-09
 3.19E-16 4.56E-14 5.52E-13 6.92E-12 5.66E-11 1.46E-10 3.07E-10 5.61E-10
 7.62E-10 1.04E-09 1.32E-09 1.43E-09 1.48E-09
 3.22E-16 4.59E-14 5.55E-13 6.94E-12 5.64E-11 1.45E-10 3.04E-10 5.51E-10
 7.47E-10 1.02E-09 1.29E-09 1.40E-09 1.45E-09
 3.27E-16 4.65E-14 5.60E-13 6.97E-12 5.61E-11 1.43E-10 2.96E-10 5.33E-10
 7.19E-10 9.73E-10 1.23E-09 1.34E-09 1.39E-09
 3.41E-16 4.81E-14 5.75E-13 7.05E-12 5.52E-11 1.38E-10 2.78E-10 4.89E-10
 6.51E-10 8.69E-10 1.09E-09 1.19E-09 1.23E-09
  1657.2 A  12  13 /FILMEM = RHGR93C /TYPE = EXCIT    /INDM = T/ISEL =    7
 1.00E+11 2.00E+11 5.00E+11 1.00E+12 2.00E+12 5.00E+12 1.00E+13 2.00E+13
 5.00E+13 1.00E+14 2.00E+14 5.00E+14
 1.00E+00 1.50E+00 2.00E+00 3.00E+00 5.00E+00 7.00E+00 1.00E+01 1.50E+01
 2.00E+01 3.00E+01 5.00E+01 7.00E+01 8.62E+01
 1.19E-11 1.51E-10 5.39E-10 1.95E-09 5.50E-09 8.54E-09 1.17E-08 1.48E-08
 1.64E-08 1.79E-08 1.84E-08 1.81E-08 1.78E-08
 1.19E-11 1.50E-10 5.38E-10 1.95E-09 5.48E-09 8.50E-09 1.17E-08 1.47E-08
 1.63E-08 1.78E-08 1.83E-08 1.80E-08 1.77E-08
 1.19E-11 1.50E-10 5.34E-10 1.93E-09 5.42E-09 8.41E-09 1.16E-08 1.46E-08
 1.62E-08 1.77E-08 1.82E-08 1.79E-08 1.76E-08
 1.18E-11 1.49E-10 5.29E-10 1.90E-09 5.34E-09 8.27E-09 1.14E-08 1.44E-08
 1.60E-08 1.74E-08 1.80E-08 1.78E-08 1.74E-08
 1.18E-11 1.47E-10 5.20E-10 1.86E-09 5.19E-09 8.03E-09 1.11E-08 1.40E-08
 1.56E-08 1.71E-08 1.76E-08 1.75E-08 1.72E-08
 1.16E-11 1.43E-10 5.01E-10 1.77E-09 4.90E-09 7.56E-09 1.04E-08 1.32E-08
 1.48E-08 1.63E-08 1.69E-08 1.69E-08 1.66E-08
 1.14E-11 1.39E-10 4.83E-10 1.69E-09 4.62E-09 7.12E-09 9.80E-09 1.25E-08
 1.39E-08 1.54E-08 1.62E-08 1.62E-08 1.59E-08
 1.13E-11 1.35E-10 4.65E-10 1.60E-09 4.36E-09 6.68E-09 9.18E-09 1.17E-08
 1.31E-08 1.45E-08 1.53E-08 1.53E-08 1.52E-08
 1.11E-11 1.31E-10 4.45E-10 1.51E-09 4.05E-09 6.17E-09 8.43E-09 1.07E-08
 1.20E-08 1.33E-08 1.40E-08 1.41E-08 1.39E-08
 1.10E-11 1.29E-10 4.34E-10 1.46E-09 3.84E-09 5.81E-09 7.88E-09 9.91E-09
 1.10E-08 1.22E-08 1.29E-08 1.29E-08 1.28E-08
 1.11E-11 1.28E-10 4.26E-10 1.41E-09 3.65E-09 5.46E-09 7.31E-09 9.07E-09
 1.00E-08 1.10E-08 1.15E-08 1.15E-08 1.14E-08
 1.13E-11 1.28E-10 4.21E-10 1.36E-09 3.39E-09 4.93E-09 6.41E-09 7.72E-09
 8.39E-09 9.01E-09 9.30E-09 9.28E-09 9.18E-09
  1930.9 A  12  13 /FILMEM = RHGR93C /TYPE = EXCIT    /INDM = T/ISEL =    8
 1.00E+11 2.00E+11 5.00E+11 1.00E+12 2.00E+12 5.00E+12 1.00E+13 2.00E+13
 5.00E+13 1.00E+14 2.00E+14 5.00E+14
 1.00E+00 1.50E+00 2.00E+00 3.00E+00 5.00E+00 7.00E+00 1.00E+01 1.50E+01
 2.00E+01 3.00E+01 5.00E+01 7.00E+01 8.62E+01
 3.46E-12 5.10E-11 1.94E-10 7.25E-10 2.07E-09 3.25E-09 4.52E-09 5.74E-09
 6.37E-09 6.89E-09 7.00E-09 6.81E-09 6.60E-09
 3.45E-12 5.08E-11 1.92E-10 7.20E-10 2.06E-09 3.23E-09 4.48E-09 5.70E-09
 6.33E-09 6.85E-09 6.96E-09 6.76E-09 6.56E-09
 3.42E-12 5.02E-11 1.90E-10 7.06E-10 2.02E-09 3.16E-09 4.40E-09 5.59E-09
 6.22E-09 6.75E-09 6.87E-09 6.68E-09 6.49E-09
 3.39E-12 4.93E-11 1.85E-10 6.88E-10 1.96E-09 3.07E-09 4.27E-09 5.44E-09
 6.07E-09 6.60E-09 6.74E-09 6.58E-09 6.39E-09
 3.33E-12 4.79E-11 1.79E-10 6.59E-10 1.86E-09 2.92E-09 4.07E-09 5.20E-09
 5.82E-09 6.36E-09 6.53E-09 6.39E-09 6.22E-09
 3.23E-12 4.55E-11 1.67E-10 6.07E-10 1.70E-09 2.65E-09 3.70E-09 4.75E-09
 5.33E-09 5.87E-09 6.10E-09 6.01E-09 5.87E-09
 3.14E-12 4.35E-11 1.58E-10 5.66E-10 1.57E-09 2.43E-09 3.39E-09 4.35E-09
 4.90E-09 5.42E-09 5.67E-09 5.62E-09 5.51E-09
 3.07E-12 4.18E-11 1.51E-10 5.32E-10 1.46E-09 2.25E-09 3.12E-09 3.99E-09
 4.49E-09 4.97E-09 5.23E-09 5.20E-09 5.11E-09
 3.01E-12 4.06E-11 1.45E-10 5.05E-10 1.36E-09 2.08E-09 2.85E-09 3.61E-09
 4.04E-09 4.46E-09 4.69E-09 4.67E-09 4.60E-09
 3.00E-12 4.02E-11 1.43E-10 4.94E-10 1.31E-09 1.98E-09 2.68E-09 3.36E-09
 3.74E-09 4.10E-09 4.29E-09 4.27E-09 4.21E-09
 2.99E-12 3.99E-11 1.41E-10 4.84E-10 1.26E-09 1.88E-09 2.51E-09 3.10E-09
 3.42E-09 3.71E-09 3.85E-09 3.83E-09 3.78E-09
 2.95E-12 3.91E-11 1.37E-10 4.63E-10 1.17E-09 1.70E-09 2.20E-09 2.65E-09
 2.87E-09 3.07E-09 3.14E-09 3.12E-09 3.08E-09
  2479.3 A  12  13 /FILMEM = RHGR93C /TYPE = EXCIT    /INDM = T/ISEL =    9
 1.00E+11 2.00E+11 5.00E+11 1.00E+12 2.00E+12 5.00E+12 1.00E+13 2.00E+13
 5.00E+13 1.00E+14 2.00E+14 5.00E+14
 1.00E+00 1.50E+00 2.00E+00 3.00E+00 5.00E+00 7.00E+00 1.00E+01 1.50E+01
 2.00E+01 3.00E+01 5.00E+01 7.00E+01 8.62E+01
 3.30E-13 4.86E-12 1.85E-11 6.91E-11 1.98E-10 3.10E-10 4.31E-10 5.47E-10
 6.07E-10 6.57E-10 6.68E-10 6.49E-10 6.29E-10
 3.29E-13 4.84E-12 1.83E-11 6.86E-11 1.96E-10 3.08E-10 4.28E-10 5.43E-10
 6.03E-10 6.53E-10 6.64E-10 6.45E-10 6.25E-10
 3.26E-13 4.78E-12 1.81E-11 6.74E-11 1.92E-10 3.01E-10 4.19E-10 5.33E-10
 5.93E-10 6.43E-10 6.55E-10 6.37E-10 6.18E-10
 3.23E-13 4.70E-12 1.77E-11 6.56E-11 1.87E-10 2.92E-10 4.07E-10 5.19E-10
 5.78E-10 6.29E-10 6.43E-10 6.27E-10 6.09E-10
 3.18E-13 4.57E-12 1.71E-11 6.28E-11 1.78E-10 2.78E-10 3.88E-10 4.96E-10
 5.55E-10 6.06E-10 6.23E-10 6.10E-10 5.93E-10
 3.08E-13 4.33E-12 1.60E-11 5.79E-11 1.62E-10 2.53E-10 3.53E-10 4.53E-10
 5.08E-10 5.60E-10 5.81E-10 5.73E-10 5.60E-10
 2.99E-13 4.14E-12 1.51E-11 5.39E-11 1.49E-10 2.32E-10 3.23E-10 4.15E-10
 4.67E-10 5.17E-10 5.41E-10 5.36E-10 5.25E-10
 2.92E-13 3.99E-12 1.44E-11 5.08E-11 1.39E-10 2.14E-10 2.97E-10 3.81E-10
 4.28E-10 4.74E-10 4.99E-10 4.96E-10 4.88E-10
 2.87E-13 3.87E-12 1.38E-11 4.82E-11 1.29E-10 1.98E-10 2.71E-10 3.44E-10
 3.85E-10 4.25E-10 4.47E-10 4.46E-10 4.39E-10
 2.86E-13 3.83E-12 1.36E-11 4.71E-11 1.25E-10 1.89E-10 2.56E-10 3.21E-10
 3.57E-10 3.91E-10 4.09E-10 4.08E-10 4.02E-10
 2.85E-13 3.80E-12 1.35E-11 4.61E-11 1.20E-10 1.79E-10 2.39E-10 2.96E-10
 3.26E-10 3.54E-10 3.67E-10 3.65E-10 3.60E-10
 2.81E-13 3.73E-12 1.31E-11 4.41E-11 1.11E-10 1.62E-10 2.10E-10 2.53E-10
 2.74E-10 2.92E-10 3.00E-10 2.97E-10 2.93E-10
  1481.8 A  12  13 /FILMEM = RHGR93C /TYPE = EXCIT    /INDM = T/ISEL =   10
 1.00E+11 2.00E+11 5.00E+11 1.00E+12 2.00E+12 5.00E+12 1.00E+13 2.00E+13
 5.00E+13 1.00E+14 2.00E+14 5.00E+14
 1.00E+00 1.50E+00 2.00E+00 3.00E+00 5.00E+00 7.00E+00 1.00E+01 1.50E+01
 2.00E+01 3.00E+01 5.00E+01 7.00E+01 8.62E+01
 4.49E-14 1.21E-12 6.08E-12 2.88E-11 9.21E-11 1.44E-10 1.89E-10 2.17E-10
 2.20E-10 2.07E-10 1.75E-10 1.51E-10 1.38E-10
 4.78E-14 1.29E-12 6.42E-12 3.03E-11 9.70E-11 1.51E-10 1.99E-10 2.28E-10
 2.31E-10 2.16E-10 1.82E-10 1.58E-10 1.43E-10
 5.56E-14 1.48E-12 7.33E-12 3.45E-11 1.10E-10 1.70E-10 2.24E-10 2.57E-10
 2.59E-10 2.43E-10 2.04E-10 1.76E-10 1.60E-10
 6.61E-14 1.73E-12 8.55E-12 3.99E-11 1.27E-10 1.97E-10 2.58E-10 2.96E-10
 2.99E-10 2.80E-10 2.36E-10 2.03E-10 1.84E-10
 8.13E-14 2.09E-12 1.02E-11 4.75E-11 1.50E-10 2.34E-10 3.08E-10 3.54E-10
 3.59E-10 3.38E-10 2.86E-10 2.47E-10 2.24E-10
 1.04E-13 2.63E-12 1.27E-11 5.86E-11 1.86E-10 2.90E-10 3.86E-10 4.49E-10
 4.62E-10 4.43E-10 3.82E-10 3.35E-10 3.05E-10
 1.18E-13 2.92E-12 1.40E-11 6.46E-11 2.05E-10 3.24E-10 4.35E-10 5.16E-10
 5.38E-10 5.26E-10 4.67E-10 4.15E-10 3.82E-10
 1.22E-13 3.00E-12 1.44E-11 6.62E-11 2.13E-10 3.39E-10 4.62E-10 5.59E-10
 5.93E-10 5.95E-10 5.44E-10 4.94E-10 4.60E-10
 1.14E-13 2.81E-12 1.35E-11 6.25E-11 2.04E-10 3.29E-10 4.59E-10 5.71E-10
 6.19E-10 6.43E-10 6.16E-10 5.76E-10 5.46E-10
 1.05E-13 2.59E-12 1.25E-11 5.80E-11 1.91E-10 3.10E-10 4.37E-10 5.53E-10
 6.07E-10 6.45E-10 6.37E-10 6.08E-10 5.84E-10
 9.60E-14 2.39E-12 1.16E-11 5.38E-11 1.77E-10 2.88E-10 4.07E-10 5.19E-10
 5.74E-10 6.18E-10 6.24E-10 6.06E-10 5.88E-10
 8.80E-14 2.20E-12 1.06E-11 4.90E-11 1.58E-10 2.54E-10 3.55E-10 4.47E-10
 4.95E-10 5.34E-10 5.48E-10 5.40E-10 5.29E-10
  1278.8 A  12  13 /FILMEM = RHGR93C /TYPE = EXCIT    /INDM = T/ISEL =   11
 1.00E+11 2.00E+11 5.00E+11 1.00E+12 2.00E+12 5.00E+12 1.00E+13 2.00E+13
 5.00E+13 1.00E+14 2.00E+14 5.00E+14
 1.00E+00 1.50E+00 2.00E+00 3.00E+00 5.00E+00 7.00E+00 1.00E+01 1.50E+01
 2.00E+01 3.00E+01 5.00E+01 7.00E+01 8.62E+01
 2.65E-14 6.56E-13 3.12E-12 1.38E-11 3.98E-11 5.71E-11 6.82E-11 6.90E-11
 6.38E-11 5.24E-11 3.76E-11 2.94E-11 2.52E-11
 2.74E-14 6.79E-13 3.22E-12 1.43E-11 4.13E-11 5.95E-11 7.12E-11 7.23E-11
 6.70E-11 5.52E-11 3.98E-11 3.12E-11 2.67E-11
 3.01E-14 7.42E-13 3.53E-12 1.57E-11 4.58E-11 6.63E-11 7.99E-11 8.19E-11
 7.63E-11 6.35E-11 4.63E-11 3.65E-11 3.13E-11
 3.39E-14 8.37E-13 3.99E-12 1.78E-11 5.25E-11 7.65E-11 9.31E-11 9.65E-11
 9.08E-11 7.65E-11 5.66E-11 4.50E-11 3.88E-11
 4.02E-14 9.87E-13 4.71E-12 2.12E-11 6.33E-11 9.34E-11 1.15E-10 1.22E-10
 1.16E-10 9.97E-11 7.56E-11 6.10E-11 5.29E-11
 5.11E-14 1.24E-12 5.94E-12 2.70E-11 8.27E-11 1.25E-10 1.58E-10 1.73E-10
 1.69E-10 1.52E-10 1.21E-10 1.01E-10 8.88E-11
 5.75E-14 1.39E-12 6.63E-12 3.04E-11 9.49E-11 1.46E-10 1.90E-10 2.16E-10
 2.17E-10 2.03E-10 1.71E-10 1.47E-10 1.32E-10
 5.83E-14 1.39E-12 6.65E-12 3.07E-11 9.82E-11 1.55E-10 2.07E-10 2.45E-10
 2.55E-10 2.50E-10 2.24E-10 2.00E-10 1.84E-10
 5.18E-14 1.23E-12 5.85E-12 2.73E-11 8.99E-11 1.46E-10 2.03E-10 2.52E-10
 2.72E-10 2.84E-10 2.74E-10 2.58E-10 2.45E-10
 4.58E-14 1.08E-12 5.15E-12 2.41E-11 8.08E-11 1.33E-10 1.89E-10 2.40E-10
 2.66E-10 2.86E-10 2.87E-10 2.78E-10 2.68E-10
 4.17E-14 9.80E-13 4.65E-12 2.18E-11 7.33E-11 1.21E-10 1.73E-10 2.23E-10
 2.49E-10 2.73E-10 2.80E-10 2.76E-10 2.70E-10
 3.91E-14 9.14E-13 4.31E-12 1.99E-11 6.55E-11 1.07E-10 1.51E-10 1.92E-10
 2.14E-10 2.34E-10 2.43E-10 2.42E-10 2.39E-10
  1277.5 A  12  13 /FILMEM = RHGR93C /TYPE = EXCIT    /INDM = T/ISEL =   12
 1.00E+11 2.00E+11 5.00E+11 1.00E+12 2.00E+12 5.00E+12 1.00E+13 2.00E+13
 5.00E+13 1.00E+14 2.00E+14 5.00E+14
 1.00E+00 1.50E+00 2.00E+00 3.00E+00 5.00E+00 7.00E+00 1.00E+01 1.50E+01
 2.00E+01 3.00E+01 5.00E+01 7.00E+01 8.62E+01
 2.39E-13 6.80E-12 3.72E-11 2.11E-10 8.80E-10 1.64E-09 2.64E-09 3.80E-09
 4.54E-09 5.37E-09 5.97E-09 6.06E-09 6.04E-09
 2.46E-13 6.96E-12 3.80E-11 2.15E-10 8.92E-10 1.66E-09 2.66E-09 3.83E-09
 4.57E-09 5.39E-09 5.98E-09 6.07E-09 6.04E-09
 2.65E-13 7.42E-12 4.02E-11 2.26E-10 9.28E-10 1.72E-09 2.74E-09 3.92E-09
 4.66E-09 5.48E-09 6.05E-09 6.12E-09 6.09E-09
 2.94E-13 8.12E-12 4.37E-11 2.42E-10 9.82E-10 1.81E-09 2.86E-09 4.05E-09
 4.80E-09 5.61E-09 6.16E-09 6.21E-09 6.17E-09
 3.46E-13 9.34E-12 4.95E-11 2.70E-10 1.07E-09 1.95E-09 3.05E-09 4.29E-09
 5.04E-09 5.84E-09 6.35E-09 6.38E-09 6.31E-09
 4.61E-13 1.20E-11 6.19E-11 3.27E-10 1.26E-09 2.25E-09 3.46E-09 4.77E-09
 5.55E-09 6.33E-09 6.78E-09 6.75E-09 6.65E-09
 5.82E-13 1.46E-11 7.41E-11 3.83E-10 1.44E-09 2.54E-09 3.85E-09 5.24E-09
 6.04E-09 6.82E-09 7.23E-09 7.15E-09 7.02E-09
 7.16E-13 1.75E-11 8.70E-11 4.39E-10 1.62E-09 2.82E-09 4.24E-09 5.72E-09
 6.55E-09 7.34E-09 7.71E-09 7.60E-09 7.44E-09
 8.89E-13 2.11E-11 1.03E-10 5.08E-10 1.83E-09 3.15E-09 4.69E-09 6.27E-09
 7.14E-09 7.96E-09 8.31E-09 8.17E-09 7.98E-09
 1.01E-12 2.37E-11 1.14E-10 5.54E-10 1.96E-09 3.36E-09 4.95E-09 6.57E-09
 7.47E-09 8.30E-09 8.65E-09 8.52E-09 8.33E-09
 1.13E-12 2.61E-11 1.25E-10 5.94E-10 2.06E-09 3.48E-09 5.09E-09 6.69E-09
 7.57E-09 8.39E-09 8.74E-09 8.63E-09 8.46E-09
 1.24E-12 2.87E-11 1.35E-10 6.27E-10 2.10E-09 3.45E-09 4.91E-09 6.31E-09
 7.06E-09 7.75E-09 8.06E-09 7.99E-09 7.87E-09
  1273.9 A  12  13 /FILMEM = RHGR93C /TYPE = EXCIT    /INDM = T/ISEL =   13
 1.00E+11 2.00E+11 5.00E+11 1.00E+12 2.00E+12 5.00E+12 1.00E+13 2.00E+13
 5.00E+13 1.00E+14 2.00E+14 5.00E+14
 1.00E+00 1.50E+00 2.00E+00 3.00E+00 5.00E+00 7.00E+00 1.00E+01 1.50E+01
 2.00E+01 3.00E+01 5.00E+01 7.00E+01 8.62E+01
 9.96E-16 2.88E-14 1.51E-13 7.61E-13 2.72E-12 4.67E-12 6.98E-12 9.50E-12
 1.10E-11 1.26E-11 1.37E-11 1.40E-11 1.40E-11
 1.02E-15 2.95E-14 1.54E-13 7.75E-13 2.76E-12 4.74E-12 7.08E-12 9.61E-12
 1.11E-11 1.27E-11 1.38E-11 1.41E-11 1.41E-11
 1.10E-15 3.13E-14 1.63E-13 8.16E-13 2.90E-12 4.95E-12 7.36E-12 9.95E-12
 1.15E-11 1.30E-11 1.41E-11 1.43E-11 1.43E-11
 1.21E-15 3.41E-14 1.76E-13 8.78E-13 3.09E-12 5.27E-12 7.79E-12 1.05E-11
 1.20E-11 1.35E-11 1.45E-11 1.46E-11 1.46E-11
 1.40E-15 3.88E-14 1.98E-13 9.79E-13 3.42E-12 5.79E-12 8.50E-12 1.13E-11
 1.29E-11 1.44E-11 1.52E-11 1.53E-11 1.51E-11
 1.80E-15 4.81E-14 2.42E-13 1.18E-12 4.04E-12 6.79E-12 9.90E-12 1.30E-11
 1.47E-11 1.62E-11 1.68E-11 1.67E-11 1.64E-11
 2.16E-15 5.64E-14 2.80E-13 1.34E-12 4.58E-12 7.65E-12 1.11E-11 1.45E-11
 1.63E-11 1.79E-11 1.84E-11 1.81E-11 1.77E-11
 2.49E-15 6.37E-14 3.14E-13 1.49E-12 5.05E-12 8.41E-12 1.22E-11 1.59E-11
 1.78E-11 1.94E-11 1.99E-11 1.95E-11 1.90E-11
 2.76E-15 7.00E-14 3.42E-13 1.62E-12 5.46E-12 9.07E-12 1.31E-11 1.70E-11
 1.91E-11 2.08E-11 2.13E-11 2.09E-11 2.04E-11
 2.83E-15 7.19E-14 3.52E-13 1.67E-12 5.60E-12 9.29E-12 1.34E-11 1.74E-11
 1.95E-11 2.12E-11 2.18E-11 2.13E-11 2.09E-11
 2.81E-15 7.21E-14 3.54E-13 1.67E-12 5.59E-12 9.23E-12 1.32E-11 1.71E-11
 1.91E-11 2.08E-11 2.14E-11 2.11E-11 2.07E-11
 2.73E-15 7.04E-14 3.45E-13 1.62E-12 5.31E-12 8.61E-12 1.21E-11 1.54E-11
 1.71E-11 1.86E-11 1.91E-11 1.89E-11 1.86E-11
  1463.3 A  12  13 /FILMEM = RHGR93C /TYPE = EXCIT    /INDM = T/ISEL =   14
 1.00E+11 2.00E+11 5.00E+11 1.00E+12 2.00E+12 5.00E+12 1.00E+13 2.00E+13
 5.00E+13 1.00E+14 2.00E+14 5.00E+14
 1.00E+00 1.50E+00 2.00E+00 3.00E+00 5.00E+00 7.00E+00 1.00E+01 1.50E+01
 2.00E+01 3.00E+01 5.00E+01 7.00E+01 8.62E+01
 1.69E-13 4.90E-12 2.56E-11 1.29E-10 4.62E-10 7.93E-10 1.19E-09 1.61E-09
 1.87E-09 2.14E-09 2.33E-09 2.38E-09 2.39E-09
 1.74E-13 5.01E-12 2.61E-11 1.32E-10 4.69E-10 8.05E-10 1.20E-09 1.63E-09
 1.89E-09 2.16E-09 2.34E-09 2.39E-09 2.39E-09
 1.86E-13 5.32E-12 2.77E-11 1.39E-10 4.92E-10 8.41E-10 1.25E-09 1.69E-09
 1.95E-09 2.21E-09 2.39E-09 2.43E-09 2.42E-09
 2.05E-13 5.80E-12 2.99E-11 1.49E-10 5.26E-10 8.95E-10 1.32E-09 1.78E-09
 2.04E-09 2.30E-09 2.46E-09 2.49E-09 2.48E-09
 2.38E-13 6.59E-12 3.37E-11 1.66E-10 5.81E-10 9.83E-10 1.44E-09 1.92E-09
 2.19E-09 2.45E-09 2.59E-09 2.59E-09 2.57E-09
 3.05E-13 8.18E-12 4.12E-11 2.00E-10 6.87E-10 1.15E-09 1.68E-09 2.21E-09
 2.50E-09 2.75E-09 2.86E-09 2.83E-09 2.79E-09
 3.67E-13 9.58E-12 4.76E-11 2.28E-10 7.78E-10 1.30E-09 1.89E-09 2.47E-09
 2.77E-09 3.04E-09 3.12E-09 3.07E-09 3.01E-09
 4.23E-13 1.08E-11 5.33E-11 2.53E-10 8.57E-10 1.43E-09 2.07E-09 2.70E-09
 3.02E-09 3.30E-09 3.38E-09 3.31E-09 3.24E-09
 4.69E-13 1.19E-11 5.82E-11 2.75E-10 9.27E-10 1.54E-09 2.22E-09 2.90E-09
 3.25E-09 3.54E-09 3.62E-09 3.54E-09 3.46E-09
 4.81E-13 1.22E-11 5.98E-11 2.83E-10 9.51E-10 1.58E-09 2.27E-09 2.95E-09
 3.31E-09 3.61E-09 3.70E-09 3.63E-09 3.55E-09
 4.78E-13 1.22E-11 6.01E-11 2.84E-10 9.50E-10 1.57E-09 2.24E-09 2.90E-09
 3.24E-09 3.54E-09 3.64E-09 3.58E-09 3.51E-09
 4.64E-13 1.20E-11 5.87E-11 2.75E-10 9.02E-10 1.46E-09 2.06E-09 2.61E-09
 2.90E-09 3.15E-09 3.25E-09 3.22E-09 3.16E-09
  1459.0 A  12  13 /FILMEM = RHGR93C /TYPE = EXCIT    /INDM = T/ISEL =   15
 1.00E+11 2.00E+11 5.00E+11 1.00E+12 2.00E+12 5.00E+12 1.00E+13 2.00E+13
 5.00E+13 1.00E+14 2.00E+14 5.00E+14
 1.00E+00 1.50E+00 2.00E+00 3.00E+00 5.00E+00 7.00E+00 1.00E+01 1.50E+01
 2.00E+01 3.00E+01 5.00E+01 7.00E+01 8.62E+01
 3.34E-14 9.25E-13 4.65E-12 2.21E-11 7.47E-11 1.26E-10 1.86E-10 2.51E-10
 2.91E-10 3.34E-10 3.65E-10 3.72E-10 3.70E-10
 3.41E-14 9.44E-13 4.74E-12 2.25E-11 7.59E-11 1.28E-10 1.89E-10 2.54E-10
 2.93E-10 3.36E-10 3.67E-10 3.73E-10 3.71E-10
 3.61E-14 9.94E-13 4.98E-12 2.36E-11 7.94E-11 1.33E-10 1.96E-10 2.62E-10
 3.01E-10 3.43E-10 3.72E-10 3.77E-10 3.75E-10
 3.89E-14 1.06E-12 5.32E-12 2.52E-11 8.43E-11 1.41E-10 2.06E-10 2.74E-10
 3.13E-10 3.54E-10 3.81E-10 3.84E-10 3.81E-10
 4.33E-14 1.18E-12 5.85E-12 2.76E-11 9.18E-11 1.52E-10 2.21E-10 2.92E-10
 3.32E-10 3.72E-10 3.96E-10 3.97E-10 3.92E-10
 5.17E-14 1.38E-12 6.80E-12 3.19E-11 1.05E-10 1.74E-10 2.51E-10 3.27E-10
 3.68E-10 4.07E-10 4.27E-10 4.24E-10 4.16E-10
 5.88E-14 1.54E-12 7.58E-12 3.53E-11 1.17E-10 1.92E-10 2.76E-10 3.58E-10
 4.02E-10 4.41E-10 4.57E-10 4.51E-10 4.41E-10
 6.48E-14 1.68E-12 8.21E-12 3.82E-11 1.26E-10 2.08E-10 2.98E-10 3.87E-10
 4.33E-10 4.74E-10 4.89E-10 4.80E-10 4.68E-10
 6.86E-14 1.76E-12 8.62E-12 4.03E-11 1.34E-10 2.21E-10 3.17E-10 4.12E-10
 4.62E-10 5.05E-10 5.20E-10 5.11E-10 4.98E-10
 6.85E-14 1.76E-12 8.63E-12 4.05E-11 1.35E-10 2.23E-10 3.21E-10 4.17E-10
 4.67E-10 5.12E-10 5.29E-10 5.20E-10 5.08E-10
 6.67E-14 1.72E-12 8.46E-12 3.98E-11 1.33E-10 2.19E-10 3.14E-10 4.06E-10
 4.55E-10 4.99E-10 5.17E-10 5.10E-10 5.00E-10
 6.36E-14 1.65E-12 8.08E-12 3.79E-11 1.24E-10 2.01E-10 2.84E-10 3.62E-10
 4.02E-10 4.39E-10 4.55E-10 4.52E-10 4.45E-10
  1751.8 A  12  13 /FILMEM = RHGR93C /TYPE = EXCIT    /INDM = T/ISEL =   16
 1.00E+11 2.00E+11 5.00E+11 1.00E+12 2.00E+12 5.00E+12 1.00E+13 2.00E+13
 5.00E+13 1.00E+14 2.00E+14 5.00E+14
 1.00E+00 1.50E+00 2.00E+00 3.00E+00 5.00E+00 7.00E+00 1.00E+01 1.50E+01
 2.00E+01 3.00E+01 5.00E+01 7.00E+01 8.62E+01
 5.39E-14 1.49E-12 7.50E-12 3.57E-11 1.21E-10 2.03E-10 3.00E-10 4.06E-10
 4.69E-10 5.39E-10 5.89E-10 6.00E-10 5.98E-10
 5.50E-14 1.52E-12 7.65E-12 3.63E-11 1.23E-10 2.06E-10 3.04E-10 4.10E-10
 4.73E-10 5.42E-10 5.92E-10 6.02E-10 5.99E-10
 5.82E-14 1.60E-12 8.04E-12 3.81E-11 1.28E-10 2.15E-10 3.16E-10 4.23E-10
 4.86E-10 5.54E-10 6.01E-10 6.09E-10 6.05E-10
 6.28E-14 1.72E-12 8.59E-12 4.06E-11 1.36E-10 2.27E-10 3.32E-10 4.42E-10
 5.05E-10 5.71E-10 6.15E-10 6.21E-10 6.15E-10
 7.00E-14 1.90E-12 9.44E-12 4.45E-11 1.48E-10 2.46E-10 3.57E-10 4.71E-10
 5.35E-10 6.00E-10 6.39E-10 6.41E-10 6.33E-10
 8.35E-14 2.22E-12 1.10E-11 5.14E-11 1.70E-10 2.81E-10 4.04E-10 5.28E-10
 5.94E-10 6.57E-10 6.89E-10 6.84E-10 6.72E-10
 9.50E-14 2.49E-12 1.22E-11 5.70E-11 1.88E-10 3.10E-10 4.45E-10 5.78E-10
 6.48E-10 7.12E-10 7.38E-10 7.28E-10 7.12E-10
 1.05E-13 2.71E-12 1.32E-11 6.17E-11 2.03E-10 3.35E-10 4.82E-10 6.25E-10
 6.99E-10 7.65E-10 7.89E-10 7.75E-10 7.56E-10
 1.11E-13 2.85E-12 1.39E-11 6.50E-11 2.16E-10 3.56E-10 5.12E-10 6.65E-10
 7.45E-10 8.15E-10 8.40E-10 8.24E-10 8.04E-10
 1.11E-13 2.85E-12 1.39E-11 6.53E-11 2.18E-10 3.60E-10 5.18E-10 6.73E-10
 7.55E-10 8.27E-10 8.54E-10 8.40E-10 8.20E-10
 1.08E-13 2.78E-12 1.37E-11 6.43E-11 2.14E-10 3.53E-10 5.06E-10 6.55E-10
 7.34E-10 8.05E-10 8.34E-10 8.23E-10 8.07E-10
 1.03E-13 2.66E-12 1.31E-11 6.12E-11 2.01E-10 3.25E-10 4.58E-10 5.84E-10
 6.49E-10 7.08E-10 7.35E-10 7.29E-10 7.18E-10
  1261.3 A  12  13 /FILMEM = RHGR93C /TYPE = EXCIT    /INDM = T/ISEL =   17
 1.00E+11 2.00E+11 5.00E+11 1.00E+12 2.00E+12 5.00E+12 1.00E+13 2.00E+13
 5.00E+13 1.00E+14 2.00E+14 5.00E+14
 1.00E+00 1.50E+00 2.00E+00 3.00E+00 5.00E+00 7.00E+00 1.00E+01 1.50E+01
 2.00E+01 3.00E+01 5.00E+01 7.00E+01 8.62E+01
 1.40E-13 3.62E-12 1.88E-11 1.03E-10 4.42E-10 8.58E-10 1.44E-09 2.16E-09
 2.66E-09 3.25E-09 3.75E-09 3.94E-09 4.00E-09
 1.43E-13 3.68E-12 1.91E-11 1.05E-10 4.47E-10 8.65E-10 1.45E-09 2.17E-09
 2.67E-09 3.26E-09 3.75E-09 3.94E-09 4.00E-09
 1.51E-13 3.86E-12 2.00E-11 1.09E-10 4.61E-10 8.88E-10 1.48E-09 2.21E-09
 2.70E-09 3.29E-09 3.77E-09 3.95E-09 4.01E-09
 1.62E-13 4.14E-12 2.13E-11 1.15E-10 4.82E-10 9.22E-10 1.52E-09 2.26E-09
 2.76E-09 3.34E-09 3.81E-09 3.99E-09 4.04E-09
 1.82E-13 4.61E-12 2.36E-11 1.26E-10 5.18E-10 9.79E-10 1.60E-09 2.35E-09
 2.85E-09 3.43E-09 3.89E-09 4.05E-09 4.10E-09
 2.26E-13 5.65E-12 2.85E-11 1.49E-10 5.92E-10 1.10E-09 1.76E-09 2.54E-09
 3.04E-09 3.62E-09 4.05E-09 4.18E-09 4.22E-09
 2.73E-13 6.70E-12 3.34E-11 1.71E-10 6.62E-10 1.21E-09 1.90E-09 2.71E-09
 3.23E-09 3.79E-09 4.20E-09 4.32E-09 4.34E-09
 3.23E-13 7.83E-12 3.86E-11 1.94E-10 7.34E-10 1.32E-09 2.05E-09 2.88E-09
 3.40E-09 3.96E-09 4.35E-09 4.44E-09 4.45E-09
 3.86E-13 9.25E-12 4.51E-11 2.23E-10 8.20E-10 1.45E-09 2.21E-09 3.06E-09
 3.58E-09 4.12E-09 4.47E-09 4.55E-09 4.54E-09
 4.28E-13 1.02E-11 4.96E-11 2.42E-10 8.75E-10 1.52E-09 2.30E-09 3.14E-09
 3.64E-09 4.15E-09 4.47E-09 4.53E-09 4.51E-09
 4.65E-13 1.11E-11 5.36E-11 2.59E-10 9.16E-10 1.57E-09 2.33E-09 3.13E-09
 3.59E-09 4.06E-09 4.34E-09 4.38E-09 4.35E-09
 5.02E-13 1.20E-11 5.77E-11 2.72E-10 9.27E-10 1.54E-09 2.22E-09 2.89E-09
 3.26E-09 3.62E-09 3.83E-09 3.84E-09 3.82E-09
 14546.5 A  12  13 /FILMEM = RHGR93C /TYPE = EXCIT    /INDM = T/ISEL =   18
 1.00E+11 2.00E+11 5.00E+11 1.00E+12 2.00E+12 5.00E+12 1.00E+13 2.00E+13
 5.00E+13 1.00E+14 2.00E+14 5.00E+14
 1.00E+00 1.50E+00 2.00E+00 3.00E+00 5.00E+00 7.00E+00 1.00E+01 1.50E+01
 2.00E+01 3.00E+01 5.00E+01 7.00E+01 8.62E+01
 5.19E-13 8.60E-12 3.39E-11 1.27E-10 3.39E-10 4.87E-10 6.04E-10 6.65E-10
 6.65E-10 6.26E-10 5.45E-10 4.86E-10 4.51E-10
 5.03E-13 8.33E-12 3.28E-11 1.23E-10 3.27E-10 4.71E-10 5.85E-10 6.46E-10
 6.47E-10 6.10E-10 5.32E-10 4.76E-10 4.42E-10
 4.63E-13 7.63E-12 2.99E-11 1.12E-10 2.98E-10 4.30E-10 5.37E-10 5.96E-10
 6.00E-10 5.70E-10 5.01E-10 4.50E-10 4.19E-10
 4.09E-13 6.71E-12 2.63E-11 9.82E-11 2.62E-10 3.79E-10 4.75E-10 5.31E-10
 5.38E-10 5.16E-10 4.59E-10 4.15E-10 3.88E-10
 3.36E-13 5.47E-12 2.13E-11 7.96E-11 2.13E-10 3.09E-10 3.91E-10 4.42E-10
 4.53E-10 4.40E-10 3.98E-10 3.64E-10 3.42E-10
 2.26E-13 3.66E-12 1.43E-11 5.32E-11 1.43E-10 2.10E-10 2.70E-10 3.12E-10
 3.24E-10 3.22E-10 3.00E-10 2.79E-10 2.65E-10
 1.54E-13 2.51E-12 9.81E-12 3.67E-11 9.98E-11 1.48E-10 1.93E-10 2.27E-10
 2.39E-10 2.42E-10 2.30E-10 2.17E-10 2.08E-10
 1.03E-13 1.70E-12 6.68E-12 2.52E-11 6.95E-11 1.05E-10 1.38E-10 1.65E-10
 1.76E-10 1.82E-10 1.77E-10 1.68E-10 1.62E-10
 6.45E-14 1.08E-12 4.30E-12 1.65E-11 4.63E-11 7.07E-11 9.49E-11 1.16E-10
 1.26E-10 1.32E-10 1.32E-10 1.27E-10 1.23E-10
 4.94E-14 8.43E-13 3.37E-12 1.30E-11 3.70E-11 5.68E-11 7.69E-11 9.50E-11
 1.04E-10 1.11E-10 1.12E-10 1.09E-10 1.06E-10
 4.11E-14 7.11E-13 2.86E-12 1.11E-11 3.15E-11 4.83E-11 6.55E-11 8.10E-11
 8.88E-11 9.51E-11 9.67E-11 9.48E-11 9.27E-11
 3.55E-14 6.18E-13 2.48E-12 9.55E-12 2.67E-11 4.03E-11 5.38E-11 6.57E-11
 7.15E-11 7.64E-11 7.80E-11 7.69E-11 7.56E-11
 11333.5 A  12  13 /FILMEM = RHGR93C /TYPE = EXCIT    /INDM = T/ISEL =   19
 1.00E+11 2.00E+11 5.00E+11 1.00E+12 2.00E+12 5.00E+12 1.00E+13 2.00E+13
 5.00E+13 1.00E+14 2.00E+14 5.00E+14
 1.00E+00 1.50E+00 2.00E+00 3.00E+00 5.00E+00 7.00E+00 1.00E+01 1.50E+01
 2.00E+01 3.00E+01 5.00E+01 7.00E+01 8.62E+01
 2.38E-14 6.45E-13 3.23E-12 1.53E-11 4.89E-11 7.63E-11 1.01E-10 1.16E-10
 1.17E-10 1.10E-10 9.28E-11 8.04E-11 7.31E-11
 2.54E-14 6.83E-13 3.41E-12 1.61E-11 5.15E-11 8.02E-11 1.06E-10 1.21E-10
 1.22E-10 1.15E-10 9.68E-11 8.37E-11 7.60E-11
 2.95E-14 7.85E-13 3.90E-12 1.83E-11 5.83E-11 9.06E-11 1.19E-10 1.36E-10
 1.38E-10 1.29E-10 1.08E-10 9.35E-11 8.47E-11
 3.51E-14 9.20E-13 4.54E-12 2.12E-11 6.73E-11 1.04E-10 1.37E-10 1.57E-10
 1.59E-10 1.49E-10 1.25E-10 1.08E-10 9.77E-11
 4.32E-14 1.11E-12 5.44E-12 2.53E-11 7.99E-11 1.24E-10 1.63E-10 1.88E-10
 1.91E-10 1.80E-10 1.52E-10 1.31E-10 1.19E-10
 5.54E-14 1.40E-12 6.76E-12 3.11E-11 9.86E-11 1.54E-10 2.05E-10 2.39E-10
 2.45E-10 2.35E-10 2.03E-10 1.78E-10 1.62E-10
 6.24E-14 1.55E-12 7.46E-12 3.43E-11 1.09E-10 1.72E-10 2.31E-10 2.74E-10
 2.86E-10 2.80E-10 2.48E-10 2.20E-10 2.03E-10
 6.47E-14 1.59E-12 7.65E-12 3.52E-11 1.13E-10 1.80E-10 2.46E-10 2.97E-10
 3.15E-10 3.16E-10 2.89E-10 2.62E-10 2.44E-10
 6.06E-14 1.49E-12 7.18E-12 3.32E-11 1.08E-10 1.75E-10 2.44E-10 3.03E-10
 3.29E-10 3.41E-10 3.27E-10 3.06E-10 2.90E-10
 5.55E-14 1.38E-12 6.63E-12 3.08E-11 1.01E-10 1.65E-10 2.32E-10 2.94E-10
 3.23E-10 3.42E-10 3.38E-10 3.23E-10 3.10E-10
 5.10E-14 1.27E-12 6.14E-12 2.86E-11 9.39E-11 1.53E-10 2.16E-10 2.75E-10
 3.05E-10 3.28E-10 3.31E-10 3.22E-10 3.12E-10
 4.67E-14 1.17E-12 5.64E-12 2.60E-11 8.40E-11 1.35E-10 1.88E-10 2.38E-10
 2.63E-10 2.84E-10 2.91E-10 2.87E-10 2.81E-10
 10126.7 A  12  13 /FILMEM = RHGR93C /TYPE = EXCIT    /INDM = T/ISEL =   20
 1.00E+11 2.00E+11 5.00E+11 1.00E+12 2.00E+12 5.00E+12 1.00E+13 2.00E+13
 5.00E+13 1.00E+14 2.00E+14 5.00E+14
 1.00E+00 1.50E+00 2.00E+00 3.00E+00 5.00E+00 7.00E+00 1.00E+01 1.50E+01
 2.00E+01 3.00E+01 5.00E+01 7.00E+01 8.62E+01
 1.29E-14 3.57E-13 1.79E-12 8.53E-12 2.88E-11 4.85E-11 7.18E-11 9.70E-11
 1.12E-10 1.29E-10 1.41E-10 1.43E-10 1.43E-10
 1.31E-14 3.64E-13 1.83E-12 8.68E-12 2.93E-11 4.92E-11 7.27E-11 9.80E-11
 1.13E-10 1.30E-10 1.41E-10 1.44E-10 1.43E-10
 1.39E-14 3.83E-13 1.92E-12 9.11E-12 3.06E-11 5.13E-11 7.54E-11 1.01E-10
 1.16E-10 1.32E-10 1.44E-10 1.45E-10 1.44E-10
 1.50E-14 4.11E-13 2.05E-12 9.71E-12 3.25E-11 5.42E-11 7.93E-11 1.06E-10
 1.21E-10 1.37E-10 1.47E-10 1.48E-10 1.47E-10
 1.67E-14 4.53E-13 2.26E-12 1.06E-11 3.54E-11 5.88E-11 8.53E-11 1.13E-10
 1.28E-10 1.43E-10 1.53E-10 1.53E-10 1.51E-10
 2.00E-14 5.31E-13 2.62E-12 1.23E-11 4.06E-11 6.70E-11 9.66E-11 1.26E-10
 1.42E-10 1.57E-10 1.65E-10 1.63E-10 1.61E-10
 2.27E-14 5.95E-13 2.92E-12 1.36E-11 4.49E-11 7.40E-11 1.06E-10 1.38E-10
 1.55E-10 1.70E-10 1.76E-10 1.74E-10 1.70E-10
 2.50E-14 6.47E-13 3.17E-12 1.47E-11 4.86E-11 8.01E-11 1.15E-10 1.49E-10
 1.67E-10 1.83E-10 1.89E-10 1.85E-10 1.81E-10
 2.65E-14 6.81E-13 3.33E-12 1.55E-11 5.15E-11 8.51E-11 1.22E-10 1.59E-10
 1.78E-10 1.95E-10 2.01E-10 1.97E-10 1.92E-10
 2.64E-14 6.80E-13 3.33E-12 1.56E-11 5.20E-11 8.60E-11 1.24E-10 1.61E-10
 1.80E-10 1.98E-10 2.04E-10 2.01E-10 1.96E-10
 2.57E-14 6.65E-13 3.26E-12 1.54E-11 5.12E-11 8.44E-11 1.21E-10 1.57E-10
 1.75E-10 1.92E-10 1.99E-10 1.97E-10 1.93E-10
 2.45E-14 6.36E-13 3.12E-12 1.46E-11 4.79E-11 7.77E-11 1.09E-10 1.39E-10
 1.55E-10 1.69E-10 1.76E-10 1.74E-10 1.72E-10
  3445.7 A  12  13 /FILMEM = RHGR93C /TYPE = EXCIT    /INDM = T/ISEL =   21
 1.00E+11 2.00E+11 5.00E+11 1.00E+12 2.00E+12 5.00E+12 1.00E+13 2.00E+13
 5.00E+13 1.00E+14 2.00E+14 5.00E+14
 1.00E+00 1.50E+00 2.00E+00 3.00E+00 5.00E+00 7.00E+00 1.00E+01 1.50E+01
 2.00E+01 3.00E+01 5.00E+01 7.00E+01 8.62E+01
 2.28E-17 1.38E-15 1.11E-14 9.41E-14 5.56E-13 1.24E-12 2.32E-12 3.82E-12
 4.92E-12 6.34E-12 7.60E-12 8.10E-12 8.30E-12
 2.28E-17 1.38E-15 1.11E-14 9.41E-14 5.56E-13 1.24E-12 2.32E-12 3.82E-12
 4.92E-12 6.33E-12 7.59E-12 8.08E-12 8.27E-12
 2.28E-17 1.38E-15 1.11E-14 9.40E-14 5.56E-13 1.24E-12 2.32E-12 3.82E-12
 4.91E-12 6.32E-12 7.58E-12 8.06E-12 8.25E-12
 2.28E-17 1.38E-15 1.11E-14 9.40E-14 5.56E-13 1.24E-12 2.32E-12 3.81E-12
 4.91E-12 6.32E-12 7.57E-12 8.06E-12 8.24E-12
 2.28E-17 1.38E-15 1.11E-14 9.40E-14 5.55E-13 1.24E-12 2.31E-12 3.81E-12
 4.91E-12 6.31E-12 7.56E-12 8.05E-12 8.23E-12
 2.29E-17 1.38E-15 1.11E-14 9.40E-14 5.55E-13 1.24E-12 2.31E-12 3.80E-12
 4.90E-12 6.30E-12 7.55E-12 8.03E-12 8.22E-12
 2.29E-17 1.38E-15 1.11E-14 9.41E-14 5.55E-13 1.24E-12 2.31E-12 3.79E-12
 4.88E-12 6.28E-12 7.52E-12 8.01E-12 8.20E-12
 2.30E-17 1.39E-15 1.12E-14 9.42E-14 5.54E-13 1.23E-12 2.30E-12 3.78E-12
 4.86E-12 6.24E-12 7.48E-12 7.97E-12 8.16E-12
 2.33E-17 1.40E-15 1.12E-14 9.45E-14 5.54E-13 1.23E-12 2.28E-12 3.73E-12
 4.79E-12 6.15E-12 7.37E-12 7.85E-12 8.05E-12
 2.37E-17 1.42E-15 1.13E-14 9.49E-14 5.53E-13 1.22E-12 2.25E-12 3.67E-12
 4.69E-12 6.00E-12 7.19E-12 7.66E-12 7.86E-12
 2.45E-17 1.45E-15 1.15E-14 9.58E-14 5.51E-13 1.21E-12 2.20E-12 3.55E-12
 4.51E-12 5.74E-12 6.85E-12 7.31E-12 7.51E-12
 2.65E-17 1.54E-15 1.21E-14 9.81E-14 5.46E-13 1.16E-12 2.07E-12 3.25E-12
 4.08E-12 5.12E-12 6.05E-12 6.45E-12 6.63E-12
 10696.3 A  12  13 /FILMEM = RHGR93C /TYPE = EXCIT    /INDM = T/ISEL =   22
 1.00E+11 2.00E+11 5.00E+11 1.00E+12 2.00E+12 5.00E+12 1.00E+13 2.00E+13
 5.00E+13 1.00E+14 2.00E+14 5.00E+14
 1.00E+00 1.50E+00 2.00E+00 3.00E+00 5.00E+00 7.00E+00 1.00E+01 1.50E+01
 2.00E+01 3.00E+01 5.00E+01 7.00E+01 8.62E+01
 1.86E-12 3.10E-11 1.22E-10 4.62E-10 1.22E-09 1.74E-09 2.12E-09 2.25E-09
 2.18E-09 1.96E-09 1.59E-09 1.35E-09 1.22E-09
 1.85E-12 3.07E-11 1.21E-10 4.58E-10 1.22E-09 1.73E-09 2.11E-09 2.24E-09
 2.18E-09 1.95E-09 1.58E-09 1.35E-09 1.22E-09
 1.80E-12 2.99E-11 1.18E-10 4.47E-10 1.19E-09 1.70E-09 2.07E-09 2.21E-09
 2.16E-09 1.94E-09 1.58E-09 1.36E-09 1.22E-09
 1.73E-12 2.87E-11 1.14E-10 4.30E-10 1.15E-09 1.65E-09 2.02E-09 2.17E-09
 2.12E-09 1.93E-09 1.58E-09 1.36E-09 1.23E-09
 1.61E-12 2.66E-11 1.05E-10 4.00E-10 1.08E-09 1.55E-09 1.92E-09 2.09E-09
 2.06E-09 1.89E-09 1.58E-09 1.37E-09 1.24E-09
 1.34E-12 2.21E-11 8.76E-11 3.35E-10 9.14E-10 1.34E-09 1.69E-09 1.88E-09
 1.89E-09 1.79E-09 1.54E-09 1.37E-09 1.26E-09
 1.07E-12 1.77E-11 7.02E-11 2.70E-10 7.50E-10 1.11E-09 1.43E-09 1.64E-09
 1.68E-09 1.64E-09 1.48E-09 1.34E-09 1.25E-09
 8.14E-13 1.34E-11 5.33E-11 2.07E-10 5.85E-10 8.84E-10 1.16E-09 1.37E-09
 1.44E-09 1.46E-09 1.37E-09 1.28E-09 1.21E-09
 5.62E-13 9.26E-12 3.69E-11 1.45E-10 4.20E-10 6.49E-10 8.77E-10 1.07E-09
 1.16E-09 1.23E-09 1.21E-09 1.16E-09 1.12E-09
 4.50E-13 7.42E-12 2.96E-11 1.17E-10 3.43E-10 5.35E-10 7.33E-10 9.14E-10
 1.00E-09 1.08E-09 1.10E-09 1.07E-09 1.04E-09
 3.89E-13 6.42E-12 2.56E-11 1.01E-10 2.95E-10 4.62E-10 6.35E-10 7.96E-10
 8.80E-10 9.55E-10 9.81E-10 9.68E-10 9.50E-10
 3.54E-13 5.83E-12 2.31E-11 8.93E-11 2.56E-10 3.94E-10 5.34E-10 6.60E-10
 7.24E-10 7.82E-10 8.05E-10 7.99E-10 7.88E-10
 11644.4 A  12  13 /FILMEM = RHGR93C /TYPE = EXCIT    /INDM = T/ISEL =   23
 1.00E+11 2.00E+11 5.00E+11 1.00E+12 2.00E+12 5.00E+12 1.00E+13 2.00E+13
 5.00E+13 1.00E+14 2.00E+14 5.00E+14
 1.00E+00 1.50E+00 2.00E+00 3.00E+00 5.00E+00 7.00E+00 1.00E+01 1.50E+01
 2.00E+01 3.00E+01 5.00E+01 7.00E+01 8.62E+01
 8.27E-15 2.35E-13 1.29E-12 7.30E-12 3.04E-11 5.69E-11 9.13E-11 1.31E-10
 1.57E-10 1.86E-10 2.07E-10 2.10E-10 2.09E-10
 8.50E-15 2.41E-13 1.31E-12 7.43E-12 3.09E-11 5.76E-11 9.22E-11 1.32E-10
 1.58E-10 1.87E-10 2.07E-10 2.10E-10 2.09E-10
 9.16E-15 2.57E-13 1.39E-12 7.81E-12 3.21E-11 5.96E-11 9.48E-11 1.36E-10
 1.61E-10 1.90E-10 2.09E-10 2.12E-10 2.11E-10
 1.02E-14 2.81E-13 1.51E-12 8.37E-12 3.40E-11 6.26E-11 9.89E-11 1.40E-10
 1.66E-10 1.94E-10 2.13E-10 2.15E-10 2.13E-10
 1.20E-14 3.23E-13 1.71E-12 9.33E-12 3.72E-11 6.76E-11 1.06E-10 1.48E-10
 1.74E-10 2.02E-10 2.20E-10 2.21E-10 2.18E-10
 1.60E-14 4.14E-13 2.14E-12 1.13E-11 4.37E-11 7.80E-11 1.20E-10 1.65E-10
 1.92E-10 2.19E-10 2.35E-10 2.34E-10 2.30E-10
 2.01E-14 5.06E-13 2.57E-12 1.32E-11 4.98E-11 8.78E-11 1.33E-10 1.81E-10
 2.09E-10 2.36E-10 2.50E-10 2.47E-10 2.43E-10
 2.48E-14 6.04E-13 3.01E-12 1.52E-11 5.60E-11 9.77E-11 1.47E-10 1.98E-10
 2.27E-10 2.54E-10 2.67E-10 2.63E-10 2.57E-10
 3.08E-14 7.30E-13 3.57E-12 1.76E-11 6.34E-11 1.09E-10 1.62E-10 2.17E-10
 2.47E-10 2.75E-10 2.87E-10 2.83E-10 2.76E-10
 3.50E-14 8.20E-13 3.96E-12 1.92E-11 6.80E-11 1.16E-10 1.71E-10 2.28E-10
 2.59E-10 2.87E-10 2.99E-10 2.95E-10 2.88E-10
 3.90E-14 9.05E-13 4.31E-12 2.06E-11 7.14E-11 1.21E-10 1.76E-10 2.32E-10
 2.62E-10 2.90E-10 3.03E-10 2.99E-10 2.93E-10
 4.31E-14 9.95E-13 4.68E-12 2.17E-11 7.26E-11 1.19E-10 1.70E-10 2.18E-10
 2.44E-10 2.68E-10 2.79E-10 2.77E-10 2.72E-10
 11758.6 A  12  13 /FILMEM = RHGR93C /TYPE = EXCIT    /INDM = T/ISEL =   24
 1.00E+11 2.00E+11 5.00E+11 1.00E+12 2.00E+12 5.00E+12 1.00E+13 2.00E+13
 5.00E+13 1.00E+14 2.00E+14 5.00E+14
 1.00E+00 1.50E+00 2.00E+00 3.00E+00 5.00E+00 7.00E+00 1.00E+01 1.50E+01
 2.00E+01 3.00E+01 5.00E+01 7.00E+01 8.62E+01
 1.67E-13 4.13E-12 1.96E-11 8.66E-11 2.50E-10 3.59E-10 4.29E-10 4.34E-10
 4.01E-10 3.30E-10 2.37E-10 1.85E-10 1.58E-10
 1.73E-13 4.27E-12 2.03E-11 8.98E-11 2.60E-10 3.74E-10 4.48E-10 4.55E-10
 4.21E-10 3.48E-10 2.51E-10 1.96E-10 1.68E-10
 1.89E-13 4.67E-12 2.22E-11 9.88E-11 2.88E-10 4.17E-10 5.03E-10 5.15E-10
 4.80E-10 4.00E-10 2.91E-10 2.30E-10 1.97E-10
 2.14E-13 5.26E-12 2.51E-11 1.12E-10 3.30E-10 4.82E-10 5.86E-10 6.08E-10
 5.71E-10 4.82E-10 3.56E-10 2.83E-10 2.44E-10
 2.53E-13 6.21E-12 2.96E-11 1.33E-10 3.98E-10 5.88E-10 7.25E-10 7.66E-10
 7.30E-10 6.28E-10 4.76E-10 3.84E-10 3.33E-10
 3.22E-13 7.83E-12 3.74E-11 1.70E-10 5.20E-10 7.84E-10 9.94E-10 1.09E-09
 1.07E-09 9.56E-10 7.62E-10 6.33E-10 5.59E-10
 3.62E-13 8.74E-12 4.17E-11 1.91E-10 5.97E-10 9.19E-10 1.20E-09 1.36E-09
 1.37E-09 1.28E-09 1.08E-09 9.25E-10 8.32E-10
 3.67E-13 8.77E-12 4.18E-11 1.93E-10 6.18E-10 9.73E-10 1.31E-09 1.54E-09
 1.60E-09 1.58E-09 1.41E-09 1.26E-09 1.16E-09
 3.26E-13 7.72E-12 3.68E-11 1.72E-10 5.66E-10 9.16E-10 1.28E-09 1.58E-09
 1.71E-09 1.79E-09 1.72E-09 1.62E-09 1.54E-09
 2.88E-13 6.80E-12 3.24E-11 1.52E-10 5.09E-10 8.36E-10 1.19E-09 1.51E-09
 1.67E-09 1.80E-09 1.81E-09 1.75E-09 1.69E-09
 2.62E-13 6.17E-12 2.93E-11 1.37E-10 4.61E-10 7.62E-10 1.09E-09 1.40E-09
 1.57E-09 1.72E-09 1.76E-09 1.74E-09 1.70E-09
 2.46E-13 5.75E-12 2.71E-11 1.25E-10 4.12E-10 6.72E-10 9.48E-10 1.21E-09
 1.35E-09 1.47E-09 1.53E-09 1.52E-09 1.50E-09
  9642.3 A  12  13 /FILMEM = RHGR93C /TYPE = EXCIT    /INDM = T/ISEL =   25
 1.00E+11 2.00E+11 5.00E+11 1.00E+12 2.00E+12 5.00E+12 1.00E+13 2.00E+13
 5.00E+13 1.00E+14 2.00E+14 5.00E+14
 1.00E+00 1.50E+00 2.00E+00 3.00E+00 5.00E+00 7.00E+00 1.00E+01 1.50E+01
 2.00E+01 3.00E+01 5.00E+01 7.00E+01 8.62E+01
 2.93E-13 4.60E-12 1.75E-11 6.27E-11 1.60E-10 2.25E-10 2.76E-10 3.03E-10
 3.03E-10 2.89E-10 2.61E-10 2.41E-10 2.31E-10
 2.91E-13 4.57E-12 1.74E-11 6.22E-11 1.59E-10 2.24E-10 2.75E-10 3.02E-10
 3.03E-10 2.89E-10 2.61E-10 2.42E-10 2.31E-10
 2.86E-13 4.49E-12 1.70E-11 6.11E-11 1.56E-10 2.21E-10 2.72E-10 3.00E-10
 3.02E-10 2.89E-10 2.62E-10 2.43E-10 2.32E-10
 2.78E-13 4.35E-12 1.65E-11 5.92E-11 1.52E-10 2.16E-10 2.67E-10 2.96E-10
 3.00E-10 2.90E-10 2.64E-10 2.46E-10 2.35E-10
 2.63E-13 4.11E-12 1.56E-11 5.60E-11 1.45E-10 2.07E-10 2.59E-10 2.90E-10
 2.97E-10 2.90E-10 2.67E-10 2.50E-10 2.40E-10
 2.28E-13 3.55E-12 1.35E-11 4.87E-11 1.28E-10 1.87E-10 2.38E-10 2.75E-10
 2.87E-10 2.88E-10 2.73E-10 2.59E-10 2.49E-10
 1.91E-13 2.97E-12 1.13E-11 4.14E-11 1.12E-10 1.65E-10 2.16E-10 2.57E-10
 2.74E-10 2.83E-10 2.76E-10 2.65E-10 2.57E-10
 1.52E-13 2.39E-12 9.16E-12 3.42E-11 9.48E-11 1.44E-10 1.93E-10 2.37E-10
 2.58E-10 2.74E-10 2.75E-10 2.68E-10 2.62E-10
 1.12E-13 1.80E-12 7.04E-12 2.70E-11 7.82E-11 1.22E-10 1.69E-10 2.13E-10
 2.37E-10 2.59E-10 2.67E-10 2.65E-10 2.61E-10
 9.36E-14 1.54E-12 6.11E-12 2.39E-11 7.07E-11 1.12E-10 1.56E-10 1.99E-10
 2.23E-10 2.46E-10 2.56E-10 2.56E-10 2.52E-10
 8.39E-14 1.40E-12 5.62E-12 2.22E-11 6.60E-11 1.04E-10 1.46E-10 1.86E-10
 2.08E-10 2.29E-10 2.40E-10 2.39E-10 2.37E-10
 7.88E-14 1.34E-12 5.35E-12 2.10E-11 6.13E-11 9.53E-11 1.30E-10 1.63E-10
 1.80E-10 1.96E-10 2.04E-10 2.03E-10 2.01E-10
 11667.4 A  12  13 /FILMEM = RHGR93C /TYPE = EXCIT    /INDM = T/ISEL =   26
 1.00E+11 2.00E+11 5.00E+11 1.00E+12 2.00E+12 5.00E+12 1.00E+13 2.00E+13
 5.00E+13 1.00E+14 2.00E+14 5.00E+14
 1.00E+00 1.50E+00 2.00E+00 3.00E+00 5.00E+00 7.00E+00 1.00E+01 1.50E+01
 2.00E+01 3.00E+01 5.00E+01 7.00E+01 8.62E+01
 5.93E-15 1.53E-13 7.92E-13 4.35E-12 1.87E-11 3.62E-11 6.06E-11 9.12E-11
 1.12E-10 1.37E-10 1.58E-10 1.66E-10 1.69E-10
 6.05E-15 1.55E-13 8.05E-13 4.42E-12 1.89E-11 3.65E-11 6.10E-11 9.17E-11
 1.13E-10 1.38E-10 1.58E-10 1.66E-10 1.69E-10
 6.36E-15 1.63E-13 8.42E-13 4.60E-12 1.95E-11 3.75E-11 6.23E-11 9.31E-11
 1.14E-10 1.39E-10 1.59E-10 1.67E-10 1.69E-10
 6.83E-15 1.75E-13 8.99E-13 4.87E-12 2.04E-11 3.89E-11 6.42E-11 9.54E-11
 1.17E-10 1.41E-10 1.61E-10 1.68E-10 1.71E-10
 7.66E-15 1.95E-13 9.96E-13 5.33E-12 2.19E-11 4.13E-11 6.75E-11 9.92E-11
 1.20E-10 1.45E-10 1.64E-10 1.71E-10 1.73E-10
 9.54E-15 2.38E-13 1.20E-12 6.29E-12 2.50E-11 4.63E-11 7.41E-11 1.07E-10
 1.29E-10 1.53E-10 1.71E-10 1.77E-10 1.78E-10
 1.15E-14 2.83E-13 1.41E-12 7.23E-12 2.80E-11 5.09E-11 8.04E-11 1.14E-10
 1.36E-10 1.60E-10 1.77E-10 1.82E-10 1.83E-10
 1.37E-14 3.31E-13 1.63E-12 8.20E-12 3.10E-11 5.56E-11 8.66E-11 1.22E-10
 1.44E-10 1.67E-10 1.83E-10 1.88E-10 1.88E-10
 1.63E-14 3.90E-13 1.90E-12 9.40E-12 3.46E-11 6.11E-11 9.34E-11 1.29E-10
 1.51E-10 1.74E-10 1.89E-10 1.92E-10 1.92E-10
 1.81E-14 4.32E-13 2.09E-12 1.02E-11 3.69E-11 6.43E-11 9.71E-11 1.32E-10
 1.54E-10 1.75E-10 1.89E-10 1.91E-10 1.90E-10
 1.96E-14 4.69E-13 2.26E-12 1.09E-11 3.87E-11 6.63E-11 9.85E-11 1.32E-10
 1.52E-10 1.71E-10 1.83E-10 1.85E-10 1.84E-10
 2.12E-14 5.09E-13 2.43E-12 1.15E-11 3.91E-11 6.51E-11 9.38E-11 1.22E-10
 1.38E-10 1.53E-10 1.62E-10 1.62E-10 1.61E-10
  9089.3 A  12  13 /FILMEM = RHGR93C /TYPE = EXCIT    /INDM = T/ISEL =   27
 1.00E+11 2.00E+11 5.00E+11 1.00E+12 2.00E+12 5.00E+12 1.00E+13 2.00E+13
 5.00E+13 1.00E+14 2.00E+14 5.00E+14
 1.00E+00 1.50E+00 2.00E+00 3.00E+00 5.00E+00 7.00E+00 1.00E+01 1.50E+01
 2.00E+01 3.00E+01 5.00E+01 7.00E+01 8.62E+01
 1.34E-12 2.50E-11 1.09E-10 4.86E-10 1.59E-09 2.61E-09 3.69E-09 4.66E-09
 5.10E-09 5.34E-09 5.14E-09 4.82E-09 4.57E-09
 1.33E-12 2.48E-11 1.08E-10 4.80E-10 1.57E-09 2.57E-09 3.64E-09 4.60E-09
 5.04E-09 5.28E-09 5.09E-09 4.77E-09 4.52E-09
 1.30E-12 2.41E-11 1.05E-10 4.63E-10 1.51E-09 2.48E-09 3.51E-09 4.44E-09
 4.87E-09 5.11E-09 4.95E-09 4.64E-09 4.41E-09
 1.25E-12 2.30E-11 9.96E-11 4.38E-10 1.43E-09 2.34E-09 3.31E-09 4.21E-09
 4.62E-09 4.87E-09 4.74E-09 4.46E-09 4.25E-09
 1.16E-12 2.11E-11 9.08E-11 3.96E-10 1.29E-09 2.10E-09 2.99E-09 3.81E-09
 4.21E-09 4.46E-09 4.38E-09 4.15E-09 3.97E-09
 9.77E-13 1.72E-11 7.31E-11 3.14E-10 1.01E-09 1.65E-09 2.35E-09 3.03E-09
 3.37E-09 3.62E-09 3.62E-09 3.48E-09 3.35E-09
 7.91E-13 1.37E-11 5.72E-11 2.42E-10 7.73E-10 1.26E-09 1.81E-09 2.34E-09
 2.62E-09 2.85E-09 2.89E-09 2.82E-09 2.74E-09
 6.07E-13 1.03E-11 4.27E-11 1.79E-10 5.67E-10 9.27E-10 1.33E-09 1.72E-09
 1.94E-09 2.13E-09 2.20E-09 2.16E-09 2.11E-09
 4.26E-13 7.21E-12 2.96E-11 1.23E-10 3.86E-10 6.29E-10 9.00E-10 1.17E-09
 1.32E-09 1.46E-09 1.52E-09 1.51E-09 1.49E-09
 3.48E-13 5.91E-12 2.42E-11 9.97E-11 3.11E-10 5.04E-10 7.18E-10 9.31E-10
 1.05E-09 1.16E-09 1.21E-09 1.21E-09 1.19E-09
 3.07E-13 5.25E-12 2.14E-11 8.75E-11 2.69E-10 4.32E-10 6.10E-10 7.84E-10
 8.79E-10 9.68E-10 1.01E-09 1.01E-09 9.92E-10
 2.85E-13 4.91E-12 1.99E-11 7.97E-11 2.37E-10 3.71E-10 5.10E-10 6.40E-10
 7.08E-10 7.70E-10 7.99E-10 7.95E-10 7.85E-10
 14419.8 A  12  13 /FILMEM = RHGR93C /TYPE = EXCIT    /INDM = T/ISEL =   28
 1.00E+11 2.00E+11 5.00E+11 1.00E+12 2.00E+12 5.00E+12 1.00E+13 2.00E+13
 5.00E+13 1.00E+14 2.00E+14 5.00E+14
 1.00E+00 1.50E+00 2.00E+00 3.00E+00 5.00E+00 7.00E+00 1.00E+01 1.50E+01
 2.00E+01 3.00E+01 5.00E+01 7.00E+01 8.62E+01
 1.42E-14 4.05E-13 2.22E-12 1.26E-11 5.24E-11 9.79E-11 1.57E-10 2.26E-10
 2.70E-10 3.20E-10 3.55E-10 3.61E-10 3.60E-10
 1.46E-14 4.14E-13 2.26E-12 1.28E-11 5.31E-11 9.90E-11 1.59E-10 2.28E-10
 2.72E-10 3.21E-10 3.56E-10 3.61E-10 3.60E-10
 1.58E-14 4.42E-13 2.40E-12 1.34E-11 5.52E-11 1.02E-10 1.63E-10 2.33E-10
 2.77E-10 3.26E-10 3.60E-10 3.65E-10 3.62E-10
 1.75E-14 4.84E-13 2.60E-12 1.44E-11 5.85E-11 1.08E-10 1.70E-10 2.41E-10
 2.86E-10 3.34E-10 3.67E-10 3.70E-10 3.67E-10
 2.06E-14 5.56E-13 2.95E-12 1.61E-11 6.39E-11 1.16E-10 1.82E-10 2.55E-10
 3.00E-10 3.48E-10 3.78E-10 3.80E-10 3.76E-10
 2.74E-14 7.13E-13 3.69E-12 1.95E-11 7.52E-11 1.34E-10 2.06E-10 2.84E-10
 3.30E-10 3.77E-10 4.04E-10 4.02E-10 3.96E-10
 3.46E-14 8.70E-13 4.41E-12 2.28E-11 8.57E-11 1.51E-10 2.29E-10 3.12E-10
 3.60E-10 4.06E-10 4.30E-10 4.26E-10 4.18E-10
 4.26E-14 1.04E-12 5.18E-12 2.61E-11 9.64E-11 1.68E-10 2.52E-10 3.40E-10
 3.90E-10 4.37E-10 4.59E-10 4.52E-10 4.43E-10
 5.29E-14 1.26E-12 6.13E-12 3.02E-11 1.09E-10 1.88E-10 2.79E-10 3.73E-10
 4.25E-10 4.74E-10 4.95E-10 4.86E-10 4.75E-10
 6.03E-14 1.41E-12 6.81E-12 3.30E-11 1.17E-10 2.00E-10 2.95E-10 3.91E-10
 4.45E-10 4.94E-10 5.15E-10 5.07E-10 4.96E-10
 6.70E-14 1.56E-12 7.42E-12 3.54E-11 1.23E-10 2.07E-10 3.03E-10 3.98E-10
 4.51E-10 5.00E-10 5.21E-10 5.14E-10 5.03E-10
 7.41E-14 1.71E-12 8.05E-12 3.73E-11 1.25E-10 2.05E-10 2.92E-10 3.76E-10
 4.20E-10 4.61E-10 4.80E-10 4.76E-10 4.68E-10
 12594.5 A  12  13 /FILMEM = RHGR93C /TYPE = EXCIT    /INDM = T/ISEL =   29
 1.00E+11 2.00E+11 5.00E+11 1.00E+12 2.00E+12 5.00E+12 1.00E+13 2.00E+13
 5.00E+13 1.00E+14 2.00E+14 5.00E+14
 1.00E+00 1.50E+00 2.00E+00 3.00E+00 5.00E+00 7.00E+00 1.00E+01 1.50E+01
 2.00E+01 3.00E+01 5.00E+01 7.00E+01 8.62E+01
 1.10E-14 2.83E-13 1.47E-12 8.08E-12 3.46E-11 6.72E-11 1.13E-10 1.69E-10
 2.08E-10 2.55E-10 2.94E-10 3.09E-10 3.14E-10
 1.12E-14 2.89E-13 1.49E-12 8.20E-12 3.50E-11 6.78E-11 1.13E-10 1.70E-10
 2.09E-10 2.56E-10 2.94E-10 3.09E-10 3.14E-10
 1.18E-14 3.03E-13 1.56E-12 8.53E-12 3.61E-11 6.96E-11 1.16E-10 1.73E-10
 2.12E-10 2.58E-10 2.96E-10 3.10E-10 3.15E-10
 1.27E-14 3.24E-13 1.67E-12 9.04E-12 3.78E-11 7.23E-11 1.19E-10 1.77E-10
 2.16E-10 2.62E-10 2.99E-10 3.13E-10 3.17E-10
 1.42E-14 3.61E-13 1.85E-12 9.89E-12 4.06E-11 7.68E-11 1.25E-10 1.84E-10
 2.24E-10 2.69E-10 3.05E-10 3.17E-10 3.21E-10
 1.77E-14 4.43E-13 2.24E-12 1.17E-11 4.64E-11 8.59E-11 1.38E-10 1.99E-10
 2.39E-10 2.83E-10 3.17E-10 3.28E-10 3.31E-10
 2.14E-14 5.25E-13 2.62E-12 1.34E-11 5.19E-11 9.46E-11 1.49E-10 2.12E-10
 2.53E-10 2.97E-10 3.29E-10 3.38E-10 3.40E-10
 2.54E-14 6.14E-13 3.03E-12 1.52E-11 5.75E-11 1.03E-10 1.61E-10 2.26E-10
 2.67E-10 3.10E-10 3.41E-10 3.48E-10 3.49E-10
 3.03E-14 7.25E-13 3.54E-12 1.75E-11 6.43E-11 1.13E-10 1.73E-10 2.40E-10
 2.80E-10 3.23E-10 3.51E-10 3.56E-10 3.56E-10
 3.36E-14 8.02E-13 3.89E-12 1.90E-11 6.86E-11 1.19E-10 1.80E-10 2.46E-10
 2.85E-10 3.26E-10 3.51E-10 3.55E-10 3.54E-10
 3.64E-14 8.71E-13 4.20E-12 2.03E-11 7.18E-11 1.23E-10 1.83E-10 2.45E-10
 2.82E-10 3.18E-10 3.40E-10 3.43E-10 3.41E-10
 3.94E-14 9.44E-13 4.52E-12 2.13E-11 7.27E-11 1.21E-10 1.74E-10 2.27E-10
 2.56E-10 2.84E-10 3.00E-10 3.01E-10 2.99E-10
  9408.4 A  12  13 /FILMEM = RHGR93C /TYPE = EXCIT    /INDM = T/ISEL =   30
 1.00E+11 2.00E+11 5.00E+11 1.00E+12 2.00E+12 5.00E+12 1.00E+13 2.00E+13
 5.00E+13 1.00E+14 2.00E+14 5.00E+14
 1.00E+00 1.50E+00 2.00E+00 3.00E+00 5.00E+00 7.00E+00 1.00E+01 1.50E+01
 2.00E+01 3.00E+01 5.00E+01 7.00E+01 8.62E+01
 7.45E-13 1.52E-11 6.71E-11 2.88E-10 8.99E-10 1.45E-09 2.03E-09 2.56E-09
 2.79E-09 2.91E-09 2.77E-09 2.58E-09 2.44E-09
 7.38E-13 1.50E-11 6.63E-11 2.84E-10 8.87E-10 1.43E-09 2.01E-09 2.53E-09
 2.76E-09 2.87E-09 2.74E-09 2.55E-09 2.41E-09
 7.19E-13 1.46E-11 6.41E-11 2.74E-10 8.53E-10 1.38E-09 1.93E-09 2.44E-09
 2.67E-09 2.79E-09 2.67E-09 2.49E-09 2.36E-09
 6.89E-13 1.39E-11 6.07E-11 2.58E-10 8.04E-10 1.30E-09 1.83E-09 2.31E-09
 2.53E-09 2.66E-09 2.56E-09 2.40E-09 2.27E-09
 6.36E-13 1.26E-11 5.50E-11 2.33E-10 7.24E-10 1.17E-09 1.65E-09 2.10E-09
 2.31E-09 2.44E-09 2.37E-09 2.23E-09 2.12E-09
 5.22E-13 1.01E-11 4.37E-11 1.83E-10 5.67E-10 9.17E-10 1.30E-09 1.67E-09
 1.85E-09 1.98E-09 1.96E-09 1.88E-09 1.80E-09
 4.13E-13 7.93E-12 3.39E-11 1.41E-10 4.36E-10 7.05E-10 1.00E-09 1.29E-09
 1.44E-09 1.56E-09 1.58E-09 1.52E-09 1.47E-09
 3.12E-13 5.95E-12 2.54E-11 1.05E-10 3.24E-10 5.24E-10 7.45E-10 9.63E-10
 1.08E-09 1.18E-09 1.20E-09 1.18E-09 1.14E-09
 2.16E-13 4.15E-12 1.78E-11 7.39E-11 2.27E-10 3.65E-10 5.17E-10 6.66E-10
 7.46E-10 8.16E-10 8.41E-10 8.27E-10 8.10E-10
 1.72E-13 3.37E-12 1.45E-11 6.04E-11 1.85E-10 2.96E-10 4.17E-10 5.35E-10
 5.98E-10 6.53E-10 6.73E-10 6.63E-10 6.50E-10
 1.46E-13 2.91E-12 1.26E-11 5.25E-11 1.60E-10 2.54E-10 3.54E-10 4.51E-10
 5.01E-10 5.45E-10 5.61E-10 5.54E-10 5.44E-10
 1.27E-13 2.56E-12 1.11E-11 4.60E-11 1.37E-10 2.13E-10 2.92E-10 3.63E-10
 4.00E-10 4.31E-10 4.43E-10 4.38E-10 4.32E-10
 19727.4 A  12  13 /FILMEM = RHGR93C /TYPE = EXCIT    /INDM = T/ISEL =   31
 1.00E+11 2.00E+11 5.00E+11 1.00E+12 2.00E+12 5.00E+12 1.00E+13 2.00E+13
 5.00E+13 1.00E+14 2.00E+14 5.00E+14
 1.00E+00 1.50E+00 2.00E+00 3.00E+00 5.00E+00 7.00E+00 1.00E+01 1.50E+01
 2.00E+01 3.00E+01 5.00E+01 7.00E+01 8.62E+01
 2.23E-15 6.03E-14 3.02E-13 1.43E-12 4.57E-12 7.13E-12 9.40E-12 1.08E-11
 1.09E-11 1.03E-11 8.67E-12 7.51E-12 6.83E-12
 2.37E-15 6.38E-14 3.19E-13 1.51E-12 4.81E-12 7.49E-12 9.87E-12 1.13E-11
 1.14E-11 1.07E-11 9.05E-12 7.82E-12 7.10E-12
 2.76E-15 7.33E-14 3.64E-13 1.71E-12 5.45E-12 8.46E-12 1.11E-11 1.27E-11
 1.29E-11 1.20E-11 1.01E-11 8.73E-12 7.92E-12
 3.28E-15 8.60E-14 4.24E-13 1.98E-12 6.29E-12 9.76E-12 1.28E-11 1.47E-11
 1.48E-11 1.39E-11 1.17E-11 1.01E-11 9.13E-12
 4.03E-15 1.04E-13 5.08E-13 2.36E-12 7.47E-12 1.16E-11 1.53E-11 1.76E-11
 1.78E-11 1.68E-11 1.42E-11 1.23E-11 1.11E-11
 5.18E-15 1.30E-13 6.31E-13 2.91E-12 9.21E-12 1.44E-11 1.91E-11 2.23E-11
 2.29E-11 2.20E-11 1.90E-11 1.66E-11 1.51E-11
 5.83E-15 1.45E-13 6.97E-13 3.20E-12 1.02E-11 1.61E-11 2.16E-11 2.56E-11
 2.67E-11 2.61E-11 2.32E-11 2.06E-11 1.89E-11
 6.04E-15 1.49E-13 7.14E-13 3.29E-12 1.06E-11 1.68E-11 2.29E-11 2.78E-11
 2.94E-11 2.95E-11 2.70E-11 2.45E-11 2.28E-11
 5.66E-15 1.39E-13 6.71E-13 3.10E-12 1.01E-11 1.63E-11 2.28E-11 2.83E-11
 3.07E-11 3.19E-11 3.06E-11 2.86E-11 2.71E-11
 5.19E-15 1.28E-13 6.20E-13 2.88E-12 9.45E-12 1.54E-11 2.17E-11 2.74E-11
 3.01E-11 3.20E-11 3.16E-11 3.02E-11 2.90E-11
 4.76E-15 1.19E-13 5.74E-13 2.67E-12 8.77E-12 1.43E-11 2.02E-11 2.57E-11
 2.85E-11 3.07E-11 3.10E-11 3.01E-11 2.92E-11
 4.36E-15 1.09E-13 5.27E-13 2.43E-12 7.85E-12 1.26E-11 1.76E-11 2.22E-11
 2.45E-11 2.65E-11 2.72E-11 2.68E-11 2.63E-11
 16895.0 A  12  13 /FILMEM = RHGR93C /TYPE = EXCIT    /INDM = T/ISEL =   32
 1.00E+11 2.00E+11 5.00E+11 1.00E+12 2.00E+12 5.00E+12 1.00E+13 2.00E+13
 5.00E+13 1.00E+14 2.00E+14 5.00E+14
 1.00E+00 1.50E+00 2.00E+00 3.00E+00 5.00E+00 7.00E+00 1.00E+01 1.50E+01
 2.00E+01 3.00E+01 5.00E+01 7.00E+01 8.62E+01
 1.27E-14 3.67E-13 1.92E-12 9.67E-12 3.46E-11 5.94E-11 8.88E-11 1.21E-10
 1.40E-10 1.60E-10 1.74E-10 1.78E-10 1.79E-10
 1.30E-14 3.75E-13 1.96E-12 9.86E-12 3.51E-11 6.03E-11 9.00E-11 1.22E-10
 1.41E-10 1.61E-10 1.75E-10 1.79E-10 1.79E-10
 1.39E-14 3.98E-13 2.07E-12 1.04E-11 3.68E-11 6.30E-11 9.37E-11 1.27E-10
 1.46E-10 1.66E-10 1.79E-10 1.82E-10 1.81E-10
 1.54E-14 4.34E-13 2.24E-12 1.12E-11 3.93E-11 6.70E-11 9.91E-11 1.33E-10
 1.53E-10 1.72E-10 1.84E-10 1.86E-10 1.85E-10
 1.78E-14 4.93E-13 2.52E-12 1.25E-11 4.35E-11 7.36E-11 1.08E-10 1.44E-10
 1.64E-10 1.83E-10 1.94E-10 1.94E-10 1.93E-10
 2.29E-14 6.12E-13 3.08E-12 1.50E-11 5.14E-11 8.64E-11 1.26E-10 1.66E-10
 1.87E-10 2.06E-10 2.14E-10 2.12E-10 2.09E-10
 2.75E-14 7.17E-13 3.56E-12 1.71E-11 5.82E-11 9.73E-11 1.41E-10 1.85E-10
 2.08E-10 2.27E-10 2.34E-10 2.30E-10 2.25E-10
 3.17E-14 8.10E-13 3.99E-12 1.90E-11 6.42E-11 1.07E-10 1.55E-10 2.02E-10
 2.26E-10 2.47E-10 2.53E-10 2.48E-10 2.42E-10
 3.51E-14 8.90E-13 4.36E-12 2.06E-11 6.94E-11 1.15E-10 1.67E-10 2.17E-10
 2.43E-10 2.65E-10 2.71E-10 2.65E-10 2.59E-10
 3.60E-14 9.15E-13 4.48E-12 2.12E-11 7.12E-11 1.18E-10 1.70E-10 2.21E-10
 2.48E-10 2.70E-10 2.77E-10 2.71E-10 2.65E-10
 3.58E-14 9.17E-13 4.50E-12 2.13E-11 7.11E-11 1.17E-10 1.68E-10 2.17E-10
 2.43E-10 2.65E-10 2.72E-10 2.68E-10 2.63E-10
 3.47E-14 8.96E-13 4.39E-12 2.06E-11 6.75E-11 1.09E-10 1.54E-10 1.96E-10
 2.17E-10 2.36E-10 2.43E-10 2.41E-10 2.37E-10
  8337.5 A  12  13 /FILMEM = RHGR93C /TYPE = EXCIT    /INDM = T/ISEL =   33
 1.00E+11 2.00E+11 5.00E+11 1.00E+12 2.00E+12 5.00E+12 1.00E+13 2.00E+13
 5.00E+13 1.00E+14 2.00E+14 5.00E+14
 1.00E+00 1.50E+00 2.00E+00 3.00E+00 5.00E+00 7.00E+00 1.00E+01 1.50E+01
 2.00E+01 3.00E+01 5.00E+01 7.00E+01 8.62E+01
 1.60E-13 3.41E-12 1.50E-11 6.24E-11 1.88E-10 2.99E-10 4.20E-10 5.30E-10
 5.81E-10 6.09E-10 5.89E-10 5.48E-10 5.18E-10
 1.59E-13 3.37E-12 1.49E-11 6.17E-11 1.86E-10 2.97E-10 4.16E-10 5.26E-10
 5.77E-10 6.04E-10 5.84E-10 5.44E-10 5.14E-10
 1.55E-13 3.28E-12 1.44E-11 6.00E-11 1.81E-10 2.89E-10 4.05E-10 5.14E-10
 5.64E-10 5.92E-10 5.74E-10 5.35E-10 5.06E-10
 1.49E-13 3.14E-12 1.38E-11 5.73E-11 1.73E-10 2.77E-10 3.90E-10 4.95E-10
 5.45E-10 5.74E-10 5.58E-10 5.22E-10 4.94E-10
 1.38E-13 2.89E-12 1.27E-11 5.27E-11 1.60E-10 2.56E-10 3.62E-10 4.62E-10
 5.10E-10 5.41E-10 5.30E-10 4.98E-10 4.73E-10
 1.15E-13 2.38E-12 1.04E-11 4.31E-11 1.31E-10 2.12E-10 3.02E-10 3.89E-10
 4.33E-10 4.65E-10 4.64E-10 4.41E-10 4.21E-10
 9.24E-14 1.89E-12 8.22E-12 3.42E-11 1.05E-10 1.70E-10 2.43E-10 3.15E-10
 3.54E-10 3.85E-10 3.91E-10 3.76E-10 3.62E-10
 7.01E-14 1.42E-12 6.20E-12 2.58E-11 7.95E-11 1.29E-10 1.85E-10 2.42E-10
 2.74E-10 3.01E-10 3.10E-10 3.02E-10 2.94E-10
 4.80E-14 9.80E-13 4.28E-12 1.80E-11 5.56E-11 9.03E-11 1.29E-10 1.69E-10
 1.91E-10 2.11E-10 2.20E-10 2.17E-10 2.13E-10
 3.77E-14 7.79E-13 3.42E-12 1.45E-11 4.48E-11 7.25E-11 1.03E-10 1.34E-10
 1.51E-10 1.67E-10 1.74E-10 1.73E-10 1.69E-10
 3.14E-14 6.57E-13 2.91E-12 1.24E-11 3.82E-11 6.13E-11 8.65E-11 1.11E-10
 1.25E-10 1.37E-10 1.43E-10 1.41E-10 1.39E-10
 2.68E-14 5.67E-13 2.51E-12 1.07E-11 3.23E-11 5.09E-11 7.02E-11 8.82E-11
 9.76E-11 1.06E-10 1.10E-10 1.09E-10 1.08E-10
 21028.7 A  12  13 /FILMEM = RHGR93C /TYPE = EXCIT    /INDM = T/ISEL =   34
 1.00E+11 2.00E+11 5.00E+11 1.00E+12 2.00E+12 5.00E+12 1.00E+13 2.00E+13
 5.00E+13 1.00E+14 2.00E+14 5.00E+14
 1.00E+00 1.50E+00 2.00E+00 3.00E+00 5.00E+00 7.00E+00 1.00E+01 1.50E+01
 2.00E+01 3.00E+01 5.00E+01 7.00E+01 8.62E+01
 1.10E-15 3.04E-14 1.53E-13 7.26E-13 2.45E-12 4.13E-12 6.11E-12 8.26E-12
 9.55E-12 1.10E-11 1.20E-11 1.22E-11 1.22E-11
 1.12E-15 3.10E-14 1.56E-13 7.40E-13 2.50E-12 4.19E-12 6.20E-12 8.35E-12
 9.63E-12 1.10E-11 1.20E-11 1.22E-11 1.22E-11
 1.18E-15 3.26E-14 1.64E-13 7.76E-13 2.61E-12 4.37E-12 6.43E-12 8.61E-12
 9.90E-12 1.13E-11 1.22E-11 1.24E-11 1.23E-11
 1.28E-15 3.50E-14 1.75E-13 8.27E-13 2.77E-12 4.62E-12 6.76E-12 8.99E-12
 1.03E-11 1.16E-11 1.25E-11 1.26E-11 1.25E-11
 1.42E-15 3.86E-14 1.92E-13 9.06E-13 3.02E-12 5.00E-12 7.27E-12 9.59E-12
 1.09E-11 1.22E-11 1.30E-11 1.30E-11 1.29E-11
 1.70E-15 4.53E-14 2.24E-13 1.05E-12 3.46E-12 5.71E-12 8.23E-12 1.07E-11
 1.21E-11 1.34E-11 1.40E-11 1.39E-11 1.37E-11
 1.93E-15 5.07E-14 2.49E-13 1.16E-12 3.83E-12 6.31E-12 9.06E-12 1.18E-11
 1.32E-11 1.45E-11 1.50E-11 1.48E-11 1.45E-11
 2.13E-15 5.51E-14 2.70E-13 1.26E-12 4.14E-12 6.82E-12 9.80E-12 1.27E-11
 1.42E-11 1.56E-11 1.61E-11 1.58E-11 1.54E-11
 2.25E-15 5.80E-14 2.83E-13 1.32E-12 4.39E-12 7.25E-12 1.04E-11 1.35E-11
 1.52E-11 1.66E-11 1.71E-11 1.68E-11 1.64E-11
 2.25E-15 5.79E-14 2.84E-13 1.33E-12 4.43E-12 7.33E-12 1.05E-11 1.37E-11
 1.54E-11 1.68E-11 1.74E-11 1.71E-11 1.67E-11
 2.19E-15 5.66E-14 2.78E-13 1.31E-12 4.36E-12 7.19E-12 1.03E-11 1.33E-11
 1.49E-11 1.64E-11 1.70E-11 1.68E-11 1.64E-11
 2.09E-15 5.42E-14 2.66E-13 1.25E-12 4.08E-12 6.62E-12 9.32E-12 1.19E-11
 1.32E-11 1.44E-11 1.50E-11 1.48E-11 1.46E-11
   907.2 A  12  13 /FILMEM = RHGR93C /TYPE = EXCIT    /INDM = T/ISEL =   35
 1.00E+11 2.00E+11 5.00E+11 1.00E+12 2.00E+12 5.00E+12 1.00E+13 2.00E+13
 5.00E+13 1.00E+14 2.00E+14 5.00E+14
 1.00E+00 1.50E+00 2.00E+00 3.00E+00 5.00E+00 7.00E+00 1.00E+01 1.50E+01
 2.00E+01 3.00E+01 5.00E+01 7.00E+01 8.62E+01
 5.77E-22 6.22E-19 2.04E-17 6.77E-16 1.10E-14 3.55E-14 8.34E-14 1.56E-13
 2.08E-13 2.66E-13 3.00E-13 3.02E-13 2.96E-13
 5.78E-22 6.22E-19 2.05E-17 6.77E-16 1.10E-14 3.55E-14 8.34E-14 1.56E-13
 2.08E-13 2.66E-13 3.00E-13 3.01E-13 2.96E-13
 5.81E-22 6.25E-19 2.05E-17 6.79E-16 1.10E-14 3.56E-14 8.36E-14 1.57E-13
 2.08E-13 2.66E-13 3.01E-13 3.02E-13 2.96E-13
 5.86E-22 6.29E-19 2.06E-17 6.82E-16 1.11E-14 3.58E-14 8.40E-14 1.57E-13
 2.09E-13 2.68E-13 3.02E-13 3.03E-13 2.97E-13
 5.95E-22 6.37E-19 2.09E-17 6.89E-16 1.12E-14 3.61E-14 8.48E-14 1.59E-13
 2.11E-13 2.70E-13 3.05E-13 3.06E-13 3.00E-13
 6.25E-22 6.63E-19 2.16E-17 7.09E-16 1.15E-14 3.71E-14 8.70E-14 1.63E-13
 2.17E-13 2.78E-13 3.14E-13 3.15E-13 3.09E-13
 6.74E-22 7.05E-19 2.28E-17 7.43E-16 1.20E-14 3.87E-14 9.08E-14 1.70E-13
 2.27E-13 2.91E-13 3.29E-13 3.31E-13 3.24E-13
 7.71E-22 7.89E-19 2.52E-17 8.10E-16 1.30E-14 4.18E-14 9.84E-14 1.85E-13
 2.47E-13 3.17E-13 3.59E-13 3.61E-13 3.54E-13
 1.06E-21 1.04E-18 3.22E-17 1.01E-15 1.59E-14 5.11E-14 1.20E-13 2.27E-13
 3.04E-13 3.91E-13 4.46E-13 4.48E-13 4.40E-13
 1.52E-21 1.43E-18 4.34E-17 1.32E-15 2.05E-14 6.58E-14 1.55E-13 2.93E-13
 3.92E-13 5.06E-13 5.78E-13 5.83E-13 5.72E-13
 2.37E-21 2.17E-18 6.45E-17 1.92E-15 2.90E-14 9.25E-14 2.16E-13 4.07E-13
 5.45E-13 7.03E-13 8.07E-13 8.15E-13 8.01E-13
 4.50E-21 4.07E-18 1.19E-16 3.43E-15 5.00E-14 1.56E-13 3.56E-13 6.57E-13
 8.72E-13 1.12E-12 1.29E-12 1.31E-12 1.29E-12
   938.9 A  12  13 /FILMEM = RHGR93C /TYPE = EXCIT    /INDM = T/ISEL =   36
 1.00E+11 2.00E+11 5.00E+11 1.00E+12 2.00E+12 5.00E+12 1.00E+13 2.00E+13
 5.00E+13 1.00E+14 2.00E+14 5.00E+14
 1.00E+00 1.50E+00 2.00E+00 3.00E+00 5.00E+00 7.00E+00 1.00E+01 1.50E+01
 2.00E+01 3.00E+01 5.00E+01 7.00E+01 8.62E+01
 3.80E-19 4.10E-16 1.35E-14 4.46E-13 7.24E-12 2.34E-11 5.50E-11 1.03E-10
 1.37E-10 1.75E-10 1.98E-10 1.99E-10 1.95E-10
 3.81E-19 4.10E-16 1.35E-14 4.46E-13 7.24E-12 2.34E-11 5.50E-11 1.03E-10
 1.37E-10 1.75E-10 1.98E-10 1.98E-10 1.95E-10
 3.83E-19 4.12E-16 1.35E-14 4.47E-13 7.26E-12 2.35E-11 5.51E-11 1.03E-10
 1.37E-10 1.75E-10 1.98E-10 1.99E-10 1.95E-10
 3.86E-19 4.14E-16 1.36E-14 4.50E-13 7.29E-12 2.36E-11 5.53E-11 1.04E-10
 1.38E-10 1.76E-10 1.99E-10 2.00E-10 1.96E-10
 3.92E-19 4.20E-16 1.38E-14 4.54E-13 7.35E-12 2.38E-11 5.58E-11 1.05E-10
 1.39E-10 1.78E-10 2.01E-10 2.02E-10 1.98E-10
 4.12E-19 4.37E-16 1.42E-14 4.67E-13 7.55E-12 2.44E-11 5.73E-11 1.07E-10
 1.43E-10 1.83E-10 2.07E-10 2.08E-10 2.04E-10
 4.44E-19 4.64E-16 1.50E-14 4.89E-13 7.88E-12 2.55E-11 5.98E-11 1.12E-10
 1.50E-10 1.92E-10 2.17E-10 2.18E-10 2.14E-10
 5.08E-19 5.20E-16 1.66E-14 5.33E-13 8.53E-12 2.76E-11 6.48E-11 1.22E-10
 1.63E-10 2.09E-10 2.37E-10 2.38E-10 2.33E-10
 6.96E-19 6.82E-16 2.12E-14 6.63E-13 1.04E-11 3.37E-11 7.93E-11 1.50E-10
 2.00E-10 2.58E-10 2.94E-10 2.95E-10 2.90E-10
 9.98E-19 9.43E-16 2.86E-14 8.72E-13 1.35E-11 4.34E-11 1.02E-10 1.93E-10
 2.58E-10 3.33E-10 3.81E-10 3.84E-10 3.77E-10
 1.56E-18 1.43E-15 4.25E-14 1.26E-12 1.91E-11 6.09E-11 1.43E-10 2.68E-10
 3.59E-10 4.63E-10 5.31E-10 5.37E-10 5.28E-10
 2.97E-18 2.68E-15 7.82E-14 2.26E-12 3.29E-11 1.02E-10 2.34E-10 4.33E-10
 5.74E-10 7.36E-10 8.46E-10 8.60E-10 8.49E-10
  1048.8 A  12  13 /FILMEM = RHGR93C /TYPE = EXCIT    /INDM = T/ISEL =   37
 1.00E+11 2.00E+11 5.00E+11 1.00E+12 2.00E+12 5.00E+12 1.00E+13 2.00E+13
 5.00E+13 1.00E+14 2.00E+14 5.00E+14
 1.00E+00 1.50E+00 2.00E+00 3.00E+00 5.00E+00 7.00E+00 1.00E+01 1.50E+01
 2.00E+01 3.00E+01 5.00E+01 7.00E+01 8.62E+01
 1.85E-19 1.99E-16 6.55E-15 2.17E-13 3.52E-12 1.14E-11 2.67E-11 5.00E-11
 6.66E-11 8.52E-11 9.62E-11 9.67E-11 9.50E-11
 1.85E-19 1.99E-16 6.56E-15 2.17E-13 3.52E-12 1.14E-11 2.67E-11 5.00E-11
 6.66E-11 8.51E-11 9.62E-11 9.66E-11 9.48E-11
 1.86E-19 2.00E-16 6.58E-15 2.18E-13 3.53E-12 1.14E-11 2.68E-11 5.02E-11
 6.68E-11 8.53E-11 9.63E-11 9.67E-11 9.49E-11
 1.88E-19 2.02E-16 6.62E-15 2.19E-13 3.55E-12 1.15E-11 2.69E-11 5.04E-11
 6.71E-11 8.57E-11 9.68E-11 9.72E-11 9.53E-11
 1.91E-19 2.04E-16 6.69E-15 2.21E-13 3.58E-12 1.16E-11 2.72E-11 5.09E-11
 6.77E-11 8.66E-11 9.78E-11 9.81E-11 9.63E-11
 2.00E-19 2.12E-16 6.92E-15 2.27E-13 3.67E-12 1.19E-11 2.79E-11 5.23E-11
 6.97E-11 8.91E-11 1.01E-10 1.01E-10 9.92E-11
 2.16E-19 2.26E-16 7.30E-15 2.38E-13 3.83E-12 1.24E-11 2.91E-11 5.46E-11
 7.28E-11 9.33E-11 1.06E-10 1.06E-10 1.04E-10
 2.47E-19 2.53E-16 8.06E-15 2.60E-13 4.15E-12 1.34E-11 3.15E-11 5.93E-11
 7.92E-11 1.02E-10 1.15E-10 1.16E-10 1.13E-10
 3.39E-19 3.32E-16 1.03E-14 3.23E-13 5.08E-12 1.64E-11 3.86E-11 7.28E-11
 9.74E-11 1.25E-10 1.43E-10 1.44E-10 1.41E-10
 4.86E-19 4.59E-16 1.39E-14 4.24E-13 6.57E-12 2.11E-11 4.96E-11 9.38E-11
 1.26E-10 1.62E-10 1.85E-10 1.87E-10 1.83E-10
 7.58E-19 6.97E-16 2.07E-14 6.14E-13 9.30E-12 2.96E-11 6.93E-11 1.31E-10
 1.75E-10 2.25E-10 2.59E-10 2.61E-10 2.57E-10
 1.44E-18 1.30E-15 3.80E-14 1.10E-12 1.60E-11 4.99E-11 1.14E-10 2.11E-10
 2.79E-10 3.58E-10 4.12E-10 4.18E-10 4.13E-10
  1083.5 A  12  13 /FILMEM = RHGR93C /TYPE = EXCIT    /INDM = T/ISEL =   38
 1.00E+11 2.00E+11 5.00E+11 1.00E+12 2.00E+12 5.00E+12 1.00E+13 2.00E+13
 5.00E+13 1.00E+14 2.00E+14 5.00E+14
 1.00E+00 1.50E+00 2.00E+00 3.00E+00 5.00E+00 7.00E+00 1.00E+01 1.50E+01
 2.00E+01 3.00E+01 5.00E+01 7.00E+01 8.62E+01
 3.15E-21 3.40E-18 1.12E-16 3.70E-15 6.00E-14 1.94E-13 4.56E-13 8.53E-13
 1.14E-12 1.45E-12 1.64E-12 1.65E-12 1.62E-12
 3.16E-21 3.40E-18 1.12E-16 3.70E-15 6.00E-14 1.94E-13 4.56E-13 8.53E-13
 1.14E-12 1.45E-12 1.64E-12 1.65E-12 1.61E-12
 3.17E-21 3.41E-18 1.12E-16 3.71E-15 6.02E-14 1.95E-13 4.57E-13 8.55E-13
 1.14E-12 1.45E-12 1.64E-12 1.65E-12 1.62E-12
 3.20E-21 3.43E-18 1.13E-16 3.73E-15 6.04E-14 1.95E-13 4.59E-13 8.59E-13
 1.14E-12 1.46E-12 1.65E-12 1.66E-12 1.62E-12
 3.25E-21 3.48E-18 1.14E-16 3.76E-15 6.10E-14 1.97E-13 4.63E-13 8.66E-13
 1.15E-12 1.48E-12 1.67E-12 1.67E-12 1.64E-12
 3.41E-21 3.62E-18 1.18E-16 3.87E-15 6.26E-14 2.02E-13 4.75E-13 8.90E-13
 1.19E-12 1.52E-12 1.72E-12 1.72E-12 1.69E-12
 3.68E-21 3.85E-18 1.24E-16 4.06E-15 6.53E-14 2.11E-13 4.96E-13 9.30E-13
 1.24E-12 1.59E-12 1.80E-12 1.81E-12 1.77E-12
 4.21E-21 4.31E-18 1.37E-16 4.42E-15 7.07E-14 2.28E-13 5.37E-13 1.01E-12
 1.35E-12 1.73E-12 1.96E-12 1.97E-12 1.93E-12
 5.77E-21 5.65E-18 1.76E-16 5.50E-15 8.66E-14 2.79E-13 6.58E-13 1.24E-12
 1.66E-12 2.14E-12 2.43E-12 2.45E-12 2.40E-12
 8.27E-21 7.82E-18 2.37E-16 7.23E-15 1.12E-13 3.59E-13 8.46E-13 1.60E-12
 2.14E-12 2.76E-12 3.16E-12 3.18E-12 3.12E-12
 1.29E-20 1.19E-17 3.52E-16 1.05E-14 1.59E-13 5.05E-13 1.18E-12 2.22E-12
 2.98E-12 3.84E-12 4.41E-12 4.45E-12 4.38E-12
 2.46E-20 2.22E-17 6.48E-16 1.87E-14 2.73E-13 8.50E-13 1.94E-12 3.59E-12
 4.76E-12 6.10E-12 7.02E-12 7.13E-12 7.04E-12
  1082.5 A  12  13 /FILMEM = RHGR93C /TYPE = EXCIT    /INDM = T/ISEL =   39
 1.00E+11 2.00E+11 5.00E+11 1.00E+12 2.00E+12 5.00E+12 1.00E+13 2.00E+13
 5.00E+13 1.00E+14 2.00E+14 5.00E+14
 1.00E+00 1.50E+00 2.00E+00 3.00E+00 5.00E+00 7.00E+00 1.00E+01 1.50E+01
 2.00E+01 3.00E+01 5.00E+01 7.00E+01 8.62E+01
 4.39E-22 4.73E-19 1.56E-17 5.15E-16 8.36E-15 2.71E-14 6.35E-14 1.19E-13
 1.58E-13 2.02E-13 2.29E-13 2.30E-13 2.26E-13
 4.40E-22 4.74E-19 1.56E-17 5.16E-16 8.37E-15 2.71E-14 6.35E-14 1.19E-13
 1.58E-13 2.02E-13 2.28E-13 2.29E-13 2.25E-13
 4.42E-22 4.76E-19 1.56E-17 5.17E-16 8.39E-15 2.71E-14 6.37E-14 1.19E-13
 1.59E-13 2.03E-13 2.29E-13 2.30E-13 2.25E-13
 4.46E-22 4.79E-19 1.57E-17 5.19E-16 8.42E-15 2.72E-14 6.39E-14 1.20E-13
 1.59E-13 2.04E-13 2.30E-13 2.31E-13 2.26E-13
 4.53E-22 4.85E-19 1.59E-17 5.25E-16 8.50E-15 2.75E-14 6.45E-14 1.21E-13
 1.61E-13 2.06E-13 2.32E-13 2.33E-13 2.29E-13
 4.76E-22 5.04E-19 1.64E-17 5.40E-16 8.72E-15 2.82E-14 6.62E-14 1.24E-13
 1.65E-13 2.12E-13 2.39E-13 2.40E-13 2.35E-13
 5.13E-22 5.37E-19 1.73E-17 5.66E-16 9.10E-15 2.94E-14 6.91E-14 1.30E-13
 1.73E-13 2.21E-13 2.51E-13 2.52E-13 2.47E-13
 5.87E-22 6.00E-19 1.92E-17 6.16E-16 9.86E-15 3.18E-14 7.49E-14 1.41E-13
 1.88E-13 2.41E-13 2.73E-13 2.75E-13 2.69E-13
 8.05E-22 7.88E-19 2.45E-17 7.66E-16 1.21E-14 3.89E-14 9.16E-14 1.73E-13
 2.31E-13 2.98E-13 3.39E-13 3.41E-13 3.35E-13
 1.15E-21 1.09E-18 3.30E-17 1.01E-15 1.56E-14 5.01E-14 1.18E-13 2.23E-13
 2.98E-13 3.85E-13 4.40E-13 4.44E-13 4.35E-13
 1.80E-21 1.65E-18 4.91E-17 1.46E-15 2.21E-14 7.04E-14 1.65E-13 3.10E-13
 4.15E-13 5.35E-13 6.14E-13 6.21E-13 6.10E-13
 3.43E-21 3.10E-18 9.03E-17 2.61E-15 3.81E-14 1.18E-13 2.71E-13 5.00E-13
 6.63E-13 8.51E-13 9.78E-13 9.94E-13 9.81E-13
  1088.5 A  12  13 /FILMEM = RHGR93C /TYPE = EXCIT    /INDM = T/ISEL =   40
 1.00E+11 2.00E+11 5.00E+11 1.00E+12 2.00E+12 5.00E+12 1.00E+13 2.00E+13
 5.00E+13 1.00E+14 2.00E+14 5.00E+14
 1.00E+00 1.50E+00 2.00E+00 3.00E+00 5.00E+00 7.00E+00 1.00E+01 1.50E+01
 2.00E+01 3.00E+01 5.00E+01 7.00E+01 8.62E+01
 2.38E-22 2.57E-19 8.44E-18 2.80E-16 4.54E-15 1.47E-14 3.45E-14 6.45E-14
 8.59E-14 1.10E-13 1.24E-13 1.25E-13 1.22E-13
 2.39E-22 2.57E-19 8.45E-18 2.80E-16 4.54E-15 1.47E-14 3.45E-14 6.45E-14
 8.59E-14 1.10E-13 1.24E-13 1.24E-13 1.22E-13
 2.40E-22 2.58E-19 8.48E-18 2.80E-16 4.55E-15 1.47E-14 3.45E-14 6.46E-14
 8.61E-14 1.10E-13 1.24E-13 1.25E-13 1.22E-13
 2.42E-22 2.60E-19 8.53E-18 2.82E-16 4.57E-15 1.48E-14 3.47E-14 6.49E-14
 8.65E-14 1.10E-13 1.25E-13 1.25E-13 1.23E-13
 2.46E-22 2.63E-19 8.62E-18 2.85E-16 4.61E-15 1.49E-14 3.50E-14 6.55E-14
 8.73E-14 1.12E-13 1.26E-13 1.26E-13 1.24E-13
 2.58E-22 2.74E-19 8.92E-18 2.93E-16 4.73E-15 1.53E-14 3.59E-14 6.73E-14
 8.98E-14 1.15E-13 1.30E-13 1.30E-13 1.28E-13
 2.78E-22 2.91E-19 9.41E-18 3.07E-16 4.94E-15 1.60E-14 3.75E-14 7.04E-14
 9.39E-14 1.20E-13 1.36E-13 1.37E-13 1.34E-13
 3.18E-22 3.26E-19 1.04E-17 3.34E-16 5.35E-15 1.73E-14 4.06E-14 7.64E-14
 1.02E-13 1.31E-13 1.48E-13 1.49E-13 1.46E-13
 4.37E-22 4.28E-19 1.33E-17 4.16E-16 6.55E-15 2.11E-14 4.97E-14 9.38E-14
 1.26E-13 1.62E-13 1.84E-13 1.85E-13 1.82E-13
 6.26E-22 5.91E-19 1.79E-17 5.47E-16 8.46E-15 2.72E-14 6.40E-14 1.21E-13
 1.62E-13 2.09E-13 2.39E-13 2.41E-13 2.36E-13
 9.77E-22 8.98E-19 2.66E-17 7.91E-16 1.20E-14 3.82E-14 8.93E-14 1.68E-13
 2.25E-13 2.90E-13 3.33E-13 3.37E-13 3.31E-13
 1.86E-21 1.68E-18 4.90E-17 1.42E-15 2.07E-14 6.42E-14 1.47E-13 2.71E-13
 3.60E-13 4.62E-13 5.31E-13 5.39E-13 5.32E-13
  1095.4 A  12  13 /FILMEM = RHGR93C /TYPE = EXCIT    /INDM = T/ISEL =   41
 1.00E+11 2.00E+11 5.00E+11 1.00E+12 2.00E+12 5.00E+12 1.00E+13 2.00E+13
 5.00E+13 1.00E+14 2.00E+14 5.00E+14
 1.00E+00 1.50E+00 2.00E+00 3.00E+00 5.00E+00 7.00E+00 1.00E+01 1.50E+01
 2.00E+01 3.00E+01 5.00E+01 7.00E+01 8.62E+01
 7.05E-21 7.60E-18 2.50E-16 8.27E-15 1.34E-13 4.34E-13 1.02E-12 1.91E-12
 2.54E-12 3.25E-12 3.67E-12 3.69E-12 3.62E-12
 7.06E-21 7.60E-18 2.50E-16 8.28E-15 1.34E-13 4.34E-13 1.02E-12 1.91E-12
 2.54E-12 3.25E-12 3.67E-12 3.68E-12 3.61E-12
 7.10E-21 7.63E-18 2.51E-16 8.30E-15 1.35E-13 4.35E-13 1.02E-12 1.91E-12
 2.55E-12 3.25E-12 3.67E-12 3.69E-12 3.62E-12
 7.16E-21 7.69E-18 2.52E-16 8.34E-15 1.35E-13 4.37E-13 1.03E-12 1.92E-12
 2.56E-12 3.27E-12 3.69E-12 3.70E-12 3.63E-12
 7.28E-21 7.79E-18 2.55E-16 8.42E-15 1.36E-13 4.41E-13 1.04E-12 1.94E-12
 2.58E-12 3.30E-12 3.73E-12 3.74E-12 3.67E-12
 7.64E-21 8.10E-18 2.64E-16 8.67E-15 1.40E-13 4.53E-13 1.06E-12 1.99E-12
 2.66E-12 3.40E-12 3.84E-12 3.85E-12 3.78E-12
 8.23E-21 8.61E-18 2.78E-16 9.08E-15 1.46E-13 4.72E-13 1.11E-12 2.08E-12
 2.78E-12 3.56E-12 4.02E-12 4.04E-12 3.96E-12
 9.42E-21 9.64E-18 3.07E-16 9.90E-15 1.58E-13 5.11E-13 1.20E-12 2.26E-12
 3.02E-12 3.87E-12 4.39E-12 4.41E-12 4.33E-12
 1.29E-20 1.27E-17 3.93E-16 1.23E-14 1.94E-13 6.25E-13 1.47E-12 2.78E-12
 3.71E-12 4.78E-12 5.44E-12 5.48E-12 5.37E-12
 1.85E-20 1.75E-17 5.30E-16 1.62E-14 2.50E-13 8.04E-13 1.89E-12 3.57E-12
 4.79E-12 6.18E-12 7.07E-12 7.12E-12 6.99E-12
 2.89E-20 2.66E-17 7.88E-16 2.34E-14 3.55E-13 1.13E-12 2.64E-12 4.98E-12
 6.66E-12 8.59E-12 9.86E-12 9.96E-12 9.79E-12
 5.50E-20 4.97E-17 1.45E-15 4.19E-14 6.11E-13 1.90E-12 4.35E-12 8.03E-12
 1.06E-11 1.37E-11 1.57E-11 1.60E-11 1.57E-11
  1543.1 A  12  13 /FILMEM = RHGR93C /TYPE = EXCIT    /INDM = T/ISEL =   42
 1.00E+11 2.00E+11 5.00E+11 1.00E+12 2.00E+12 5.00E+12 1.00E+13 2.00E+13
 5.00E+13 1.00E+14 2.00E+14 5.00E+14
 1.00E+00 1.50E+00 2.00E+00 3.00E+00 5.00E+00 7.00E+00 1.00E+01 1.50E+01
 2.00E+01 3.00E+01 5.00E+01 7.00E+01 8.62E+01
 3.01E-19 3.25E-16 1.07E-14 3.54E-13 5.74E-12 1.86E-11 4.36E-11 8.15E-11
 1.09E-10 1.39E-10 1.57E-10 1.58E-10 1.55E-10
 3.02E-19 3.25E-16 1.07E-14 3.54E-13 5.74E-12 1.86E-11 4.36E-11 8.15E-11
 1.09E-10 1.39E-10 1.57E-10 1.57E-10 1.54E-10
 3.03E-19 3.26E-16 1.07E-14 3.55E-13 5.75E-12 1.86E-11 4.37E-11 8.17E-11
 1.09E-10 1.39E-10 1.57E-10 1.58E-10 1.55E-10
 3.06E-19 3.28E-16 1.08E-14 3.56E-13 5.78E-12 1.87E-11 4.39E-11 8.21E-11
 1.09E-10 1.40E-10 1.58E-10 1.58E-10 1.55E-10
 3.11E-19 3.33E-16 1.09E-14 3.60E-13 5.83E-12 1.89E-11 4.43E-11 8.29E-11
 1.10E-10 1.41E-10 1.59E-10 1.60E-10 1.57E-10
 3.26E-19 3.46E-16 1.13E-14 3.70E-13 5.99E-12 1.94E-11 4.54E-11 8.52E-11
 1.13E-10 1.45E-10 1.64E-10 1.65E-10 1.62E-10
 3.52E-19 3.68E-16 1.19E-14 3.88E-13 6.25E-12 2.02E-11 4.74E-11 8.90E-11
 1.19E-10 1.52E-10 1.72E-10 1.73E-10 1.69E-10
 4.03E-19 4.12E-16 1.31E-14 4.23E-13 6.76E-12 2.18E-11 5.14E-11 9.66E-11
 1.29E-10 1.65E-10 1.88E-10 1.89E-10 1.85E-10
 5.52E-19 5.41E-16 1.68E-14 5.26E-13 8.28E-12 2.67E-11 6.29E-11 1.19E-10
 1.59E-10 2.04E-10 2.33E-10 2.34E-10 2.30E-10
 7.91E-19 7.48E-16 2.27E-14 6.91E-13 1.07E-11 3.44E-11 8.09E-11 1.53E-10
 2.05E-10 2.64E-10 3.02E-10 3.04E-10 2.99E-10
 1.24E-18 1.14E-15 3.37E-14 1.00E-12 1.52E-11 4.83E-11 1.13E-10 2.13E-10
 2.85E-10 3.67E-10 4.21E-10 4.26E-10 4.18E-10
 2.35E-18 2.12E-15 6.20E-14 1.79E-12 2.61E-11 8.12E-11 1.86E-10 3.43E-10
 4.55E-10 5.84E-10 6.71E-10 6.82E-10 6.73E-10
   826.8 A  12  13 /FILMEM = RHGR93C /TYPE = EXCIT    /INDM = T/ISEL =   43
 1.00E+11 2.00E+11 5.00E+11 1.00E+12 2.00E+12 5.00E+12 1.00E+13 2.00E+13
 5.00E+13 1.00E+14 2.00E+14 5.00E+14
 1.00E+00 1.50E+00 2.00E+00 3.00E+00 5.00E+00 7.00E+00 1.00E+01 1.50E+01
 2.00E+01 3.00E+01 5.00E+01 7.00E+01 8.62E+01
 6.01E-22 1.02E-18 4.01E-17 1.50E-15 2.66E-14 9.02E-14 2.23E-13 4.39E-13
 6.00E-13 7.86E-13 9.10E-13 9.23E-13 9.10E-13
 6.01E-22 1.02E-18 4.01E-17 1.50E-15 2.65E-14 9.01E-14 2.23E-13 4.38E-13
 5.99E-13 7.85E-13 9.08E-13 9.21E-13 9.07E-13
 6.01E-22 1.02E-18 4.01E-17 1.50E-15 2.65E-14 9.01E-14 2.23E-13 4.38E-13
 5.99E-13 7.85E-13 9.07E-13 9.19E-13 9.06E-13
 6.01E-22 1.02E-18 4.01E-17 1.50E-15 2.65E-14 9.01E-14 2.23E-13 4.38E-13
 5.99E-13 7.85E-13 9.07E-13 9.19E-13 9.06E-13
 6.01E-22 1.02E-18 4.01E-17 1.50E-15 2.65E-14 9.01E-14 2.23E-13 4.39E-13
 5.99E-13 7.86E-13 9.08E-13 9.20E-13 9.06E-13
 6.02E-22 1.02E-18 4.01E-17 1.50E-15 2.66E-14 9.03E-14 2.23E-13 4.40E-13
 6.01E-13 7.88E-13 9.11E-13 9.23E-13 9.10E-13
 6.03E-22 1.02E-18 4.02E-17 1.51E-15 2.67E-14 9.06E-14 2.24E-13 4.41E-13
 6.04E-13 7.92E-13 9.17E-13 9.30E-13 9.16E-13
 6.05E-22 1.03E-18 4.04E-17 1.52E-15 2.69E-14 9.14E-14 2.26E-13 4.45E-13
 6.09E-13 8.01E-13 9.28E-13 9.43E-13 9.30E-13
 6.10E-22 1.04E-18 4.10E-17 1.54E-15 2.75E-14 9.36E-14 2.32E-13 4.58E-13
 6.28E-13 8.27E-13 9.62E-13 9.80E-13 9.68E-13
 6.20E-22 1.06E-18 4.20E-17 1.59E-15 2.85E-14 9.74E-14 2.42E-13 4.79E-13
 6.57E-13 8.69E-13 1.02E-12 1.04E-12 1.03E-12
 6.41E-22 1.11E-18 4.41E-17 1.69E-15 3.06E-14 1.05E-13 2.61E-13 5.18E-13
 7.13E-13 9.48E-13 1.12E-12 1.15E-12 1.14E-12
 7.07E-22 1.24E-18 5.03E-17 1.97E-15 3.64E-14 1.26E-13 3.14E-13 6.23E-13
 8.60E-13 1.15E-12 1.37E-12 1.42E-12 1.42E-12
   950.1 A  12  13 /FILMEM = RHGR93C /TYPE = EXCIT    /INDM = T/ISEL =   44
 1.00E+11 2.00E+11 5.00E+11 1.00E+12 2.00E+12 5.00E+12 1.00E+13 2.00E+13
 5.00E+13 1.00E+14 2.00E+14 5.00E+14
 1.00E+00 1.50E+00 2.00E+00 3.00E+00 5.00E+00 7.00E+00 1.00E+01 1.50E+01
 2.00E+01 3.00E+01 5.00E+01 7.00E+01 8.62E+01
 1.81E-22 3.08E-19 1.21E-17 4.52E-16 8.00E-15 2.72E-14 6.72E-14 1.32E-13
 1.81E-13 2.37E-13 2.74E-13 2.78E-13 2.74E-13
 1.81E-22 3.08E-19 1.21E-17 4.52E-16 8.00E-15 2.72E-14 6.71E-14 1.32E-13
 1.81E-13 2.37E-13 2.74E-13 2.77E-13 2.73E-13
 1.81E-22 3.08E-19 1.21E-17 4.52E-16 8.00E-15 2.71E-14 6.71E-14 1.32E-13
 1.80E-13 2.37E-13 2.73E-13 2.77E-13 2.73E-13
 1.81E-22 3.08E-19 1.21E-17 4.52E-16 8.00E-15 2.71E-14 6.71E-14 1.32E-13
 1.81E-13 2.37E-13 2.74E-13 2.77E-13 2.73E-13
 1.81E-22 3.08E-19 1.21E-17 4.52E-16 8.00E-15 2.72E-14 6.72E-14 1.32E-13
 1.81E-13 2.37E-13 2.74E-13 2.77E-13 2.73E-13
 1.81E-22 3.08E-19 1.21E-17 4.53E-16 8.02E-15 2.72E-14 6.73E-14 1.32E-13
 1.81E-13 2.37E-13 2.75E-13 2.78E-13 2.74E-13
 1.82E-22 3.09E-19 1.21E-17 4.54E-16 8.04E-15 2.73E-14 6.76E-14 1.33E-13
 1.82E-13 2.39E-13 2.76E-13 2.80E-13 2.76E-13
 1.82E-22 3.10E-19 1.22E-17 4.57E-16 8.10E-15 2.75E-14 6.81E-14 1.34E-13
 1.84E-13 2.41E-13 2.80E-13 2.84E-13 2.80E-13
 1.84E-22 3.14E-19 1.24E-17 4.65E-16 8.29E-15 2.82E-14 6.99E-14 1.38E-13
 1.89E-13 2.49E-13 2.90E-13 2.95E-13 2.92E-13
 1.87E-22 3.20E-19 1.27E-17 4.80E-16 8.59E-15 2.93E-14 7.29E-14 1.44E-13
 1.98E-13 2.62E-13 3.06E-13 3.13E-13 3.10E-13
 1.93E-22 3.33E-19 1.33E-17 5.08E-16 9.21E-15 3.16E-14 7.87E-14 1.56E-13
 2.15E-13 2.86E-13 3.37E-13 3.46E-13 3.44E-13
 2.13E-22 3.74E-19 1.52E-17 5.95E-16 1.10E-14 3.79E-14 9.45E-14 1.88E-13
 2.59E-13 3.47E-13 4.13E-13 4.27E-13 4.27E-13
   957.9 A  12  13 /FILMEM = RHGR93C /TYPE = EXCIT    /INDM = T/ISEL =   45
 1.00E+11 2.00E+11 5.00E+11 1.00E+12 2.00E+12 5.00E+12 1.00E+13 2.00E+13
 5.00E+13 1.00E+14 2.00E+14 5.00E+14
 1.00E+00 1.50E+00 2.00E+00 3.00E+00 5.00E+00 7.00E+00 1.00E+01 1.50E+01
 2.00E+01 3.00E+01 5.00E+01 7.00E+01 8.62E+01
 1.27E-22 2.16E-19 8.46E-18 3.17E-16 5.61E-15 1.90E-14 4.71E-14 9.26E-14
 1.27E-13 1.66E-13 1.92E-13 1.95E-13 1.92E-13
 1.27E-22 2.16E-19 8.46E-18 3.16E-16 5.60E-15 1.90E-14 4.70E-14 9.26E-14
 1.26E-13 1.66E-13 1.92E-13 1.94E-13 1.92E-13
 1.27E-22 2.16E-19 8.46E-18 3.16E-16 5.60E-15 1.90E-14 4.70E-14 9.25E-14
 1.26E-13 1.66E-13 1.92E-13 1.94E-13 1.91E-13
 1.27E-22 2.16E-19 8.46E-18 3.16E-16 5.60E-15 1.90E-14 4.70E-14 9.25E-14
 1.26E-13 1.66E-13 1.92E-13 1.94E-13 1.91E-13
 1.27E-22 2.16E-19 8.46E-18 3.16E-16 5.60E-15 1.90E-14 4.70E-14 9.26E-14
 1.27E-13 1.66E-13 1.92E-13 1.94E-13 1.91E-13
 1.27E-22 2.16E-19 8.48E-18 3.17E-16 5.62E-15 1.91E-14 4.71E-14 9.28E-14
 1.27E-13 1.66E-13 1.92E-13 1.95E-13 1.92E-13
 1.27E-22 2.16E-19 8.50E-18 3.18E-16 5.63E-15 1.91E-14 4.73E-14 9.32E-14
 1.27E-13 1.67E-13 1.94E-13 1.96E-13 1.93E-13
 1.28E-22 2.17E-19 8.54E-18 3.20E-16 5.68E-15 1.93E-14 4.77E-14 9.40E-14
 1.29E-13 1.69E-13 1.96E-13 1.99E-13 1.96E-13
 1.29E-22 2.20E-19 8.66E-18 3.26E-16 5.80E-15 1.98E-14 4.90E-14 9.67E-14
 1.32E-13 1.75E-13 2.03E-13 2.07E-13 2.04E-13
 1.31E-22 2.24E-19 8.87E-18 3.36E-16 6.02E-15 2.06E-14 5.11E-14 1.01E-13
 1.39E-13 1.83E-13 2.15E-13 2.19E-13 2.17E-13
 1.35E-22 2.33E-19 9.30E-18 3.56E-16 6.45E-15 2.21E-14 5.51E-14 1.09E-13
 1.51E-13 2.00E-13 2.36E-13 2.42E-13 2.41E-13
 1.49E-22 2.62E-19 1.06E-17 4.17E-16 7.69E-15 2.65E-14 6.62E-14 1.32E-13
 1.82E-13 2.43E-13 2.89E-13 2.99E-13 2.99E-13
  1175.8 A  12  13 /FILMEM = RHGR93C /TYPE = EXCIT    /INDM = T/ISEL =   46
 1.00E+11 2.00E+11 5.00E+11 1.00E+12 2.00E+12 5.00E+12 1.00E+13 2.00E+13
 5.00E+13 1.00E+14 2.00E+14 5.00E+14
 1.00E+00 1.50E+00 2.00E+00 3.00E+00 5.00E+00 7.00E+00 1.00E+01 1.50E+01
 2.00E+01 3.00E+01 5.00E+01 7.00E+01 8.62E+01
 9.10E-20 1.55E-16 6.07E-15 2.27E-13 4.02E-12 1.36E-11 3.38E-11 6.64E-11
 9.08E-11 1.19E-10 1.38E-10 1.40E-10 1.38E-10
 9.10E-20 1.55E-16 6.07E-15 2.27E-13 4.02E-12 1.36E-11 3.37E-11 6.64E-11
 9.07E-11 1.19E-10 1.37E-10 1.39E-10 1.37E-10
 9.10E-20 1.55E-16 6.07E-15 2.27E-13 4.02E-12 1.36E-11 3.37E-11 6.64E-11
 9.07E-11 1.19E-10 1.37E-10 1.39E-10 1.37E-10
 9.10E-20 1.55E-16 6.07E-15 2.27E-13 4.02E-12 1.36E-11 3.37E-11 6.64E-11
 9.07E-11 1.19E-10 1.37E-10 1.39E-10 1.37E-10
 9.10E-20 1.55E-16 6.07E-15 2.27E-13 4.02E-12 1.36E-11 3.37E-11 6.64E-11
 9.07E-11 1.19E-10 1.37E-10 1.39E-10 1.37E-10
 9.11E-20 1.55E-16 6.08E-15 2.27E-13 4.03E-12 1.37E-11 3.38E-11 6.65E-11
 9.10E-11 1.19E-10 1.38E-10 1.40E-10 1.38E-10
 9.12E-20 1.55E-16 6.09E-15 2.28E-13 4.04E-12 1.37E-11 3.39E-11 6.68E-11
 9.14E-11 1.20E-10 1.39E-10 1.41E-10 1.39E-10
 9.15E-20 1.56E-16 6.12E-15 2.29E-13 4.07E-12 1.38E-11 3.42E-11 6.74E-11
 9.23E-11 1.21E-10 1.41E-10 1.43E-10 1.41E-10
 9.24E-20 1.58E-16 6.21E-15 2.34E-13 4.16E-12 1.42E-11 3.51E-11 6.93E-11
 9.50E-11 1.25E-10 1.46E-10 1.48E-10 1.47E-10
 9.39E-20 1.61E-16 6.36E-15 2.41E-13 4.32E-12 1.47E-11 3.66E-11 7.25E-11
 9.95E-11 1.32E-10 1.54E-10 1.57E-10 1.56E-10
 9.70E-20 1.67E-16 6.67E-15 2.55E-13 4.63E-12 1.59E-11 3.95E-11 7.85E-11
 1.08E-10 1.44E-10 1.69E-10 1.74E-10 1.73E-10
 1.07E-19 1.88E-16 7.61E-15 2.99E-13 5.52E-12 1.90E-11 4.75E-11 9.43E-11
 1.30E-10 1.74E-10 2.07E-10 2.15E-10 2.15E-10
  1586.0 A  12  13 /FILMEM = RHGR93C /TYPE = EXCIT    /INDM = T/ISEL =   47
 1.00E+11 2.00E+11 5.00E+11 1.00E+12 2.00E+12 5.00E+12 1.00E+13 2.00E+13
 5.00E+13 1.00E+14 2.00E+14 5.00E+14
 1.00E+00 1.50E+00 2.00E+00 3.00E+00 5.00E+00 7.00E+00 1.00E+01 1.50E+01
 2.00E+01 3.00E+01 5.00E+01 7.00E+01 8.62E+01
 2.21E-20 3.76E-17 1.48E-15 5.52E-14 9.77E-13 3.32E-12 8.21E-12 1.61E-11
 2.21E-11 2.89E-11 3.35E-11 3.40E-11 3.35E-11
 2.21E-20 3.76E-17 1.47E-15 5.52E-14 9.77E-13 3.32E-12 8.20E-12 1.61E-11
 2.21E-11 2.89E-11 3.34E-11 3.39E-11 3.34E-11
 2.21E-20 3.76E-17 1.47E-15 5.51E-14 9.76E-13 3.31E-12 8.20E-12 1.61E-11
 2.20E-11 2.89E-11 3.34E-11 3.38E-11 3.33E-11
 2.21E-20 3.76E-17 1.47E-15 5.51E-14 9.77E-13 3.32E-12 8.20E-12 1.61E-11
 2.20E-11 2.89E-11 3.34E-11 3.38E-11 3.33E-11
 2.21E-20 3.76E-17 1.48E-15 5.52E-14 9.77E-13 3.32E-12 8.20E-12 1.61E-11
 2.21E-11 2.89E-11 3.34E-11 3.39E-11 3.34E-11
 2.21E-20 3.76E-17 1.48E-15 5.53E-14 9.79E-13 3.32E-12 8.22E-12 1.62E-11
 2.21E-11 2.90E-11 3.35E-11 3.40E-11 3.35E-11
 2.22E-20 3.77E-17 1.48E-15 5.54E-14 9.82E-13 3.34E-12 8.25E-12 1.62E-11
 2.22E-11 2.92E-11 3.37E-11 3.42E-11 3.37E-11
 2.23E-20 3.79E-17 1.49E-15 5.58E-14 9.90E-13 3.36E-12 8.32E-12 1.64E-11
 2.24E-11 2.95E-11 3.42E-11 3.47E-11 3.42E-11
 2.25E-20 3.83E-17 1.51E-15 5.68E-14 1.01E-12 3.44E-12 8.54E-12 1.69E-11
 2.31E-11 3.04E-11 3.54E-11 3.61E-11 3.56E-11
 2.28E-20 3.91E-17 1.55E-15 5.86E-14 1.05E-12 3.58E-12 8.90E-12 1.76E-11
 2.42E-11 3.20E-11 3.74E-11 3.82E-11 3.79E-11
 2.36E-20 4.07E-17 1.62E-15 6.21E-14 1.12E-12 3.86E-12 9.61E-12 1.91E-11
 2.63E-11 3.49E-11 4.11E-11 4.22E-11 4.20E-11
 2.60E-20 4.56E-17 1.85E-15 7.27E-14 1.34E-12 4.62E-12 1.15E-11 2.29E-11
 3.16E-11 4.23E-11 5.04E-11 5.22E-11 5.22E-11
   668.6 A  12  13 /FILMEM = RHGR93C /TYPE = EXCIT    /INDM = T/ISEL =   48
 1.00E+11 2.00E+11 5.00E+11 1.00E+12 2.00E+12 5.00E+12 1.00E+13 2.00E+13
 5.00E+13 1.00E+14 2.00E+14 5.00E+14
 1.00E+00 1.50E+00 2.00E+00 3.00E+00 5.00E+00 7.00E+00 1.00E+01 1.50E+01
 2.00E+01 3.00E+01 5.00E+01 7.00E+01 8.62E+01
 1.49E-23 7.86E-20 5.27E-18 3.25E-16 8.23E-15 3.29E-14 9.23E-14 2.02E-13
 2.92E-13 4.09E-13 5.03E-13 5.25E-13 5.25E-13
 1.49E-23 7.86E-20 5.27E-18 3.24E-16 8.23E-15 3.29E-14 9.22E-14 2.02E-13
 2.92E-13 4.09E-13 5.02E-13 5.24E-13 5.24E-13
 1.49E-23 7.86E-20 5.27E-18 3.25E-16 8.24E-15 3.29E-14 9.23E-14 2.02E-13
 2.92E-13 4.09E-13 5.02E-13 5.23E-13 5.23E-13
 1.49E-23 7.86E-20 5.27E-18 3.25E-16 8.25E-15 3.30E-14 9.25E-14 2.02E-13
 2.92E-13 4.09E-13 5.02E-13 5.23E-13 5.23E-13
 1.49E-23 7.86E-20 5.27E-18 3.25E-16 8.28E-15 3.31E-14 9.28E-14 2.03E-13
 2.93E-13 4.10E-13 5.03E-13 5.24E-13 5.23E-13
 1.49E-23 7.86E-20 5.28E-18 3.26E-16 8.32E-15 3.33E-14 9.34E-14 2.04E-13
 2.95E-13 4.12E-13 5.04E-13 5.26E-13 5.25E-13
 1.49E-23 7.87E-20 5.28E-18 3.27E-16 8.36E-15 3.35E-14 9.39E-14 2.05E-13
 2.96E-13 4.14E-13 5.07E-13 5.28E-13 5.27E-13
 1.49E-23 7.87E-20 5.29E-18 3.28E-16 8.40E-15 3.37E-14 9.46E-14 2.06E-13
 2.98E-13 4.17E-13 5.10E-13 5.32E-13 5.31E-13
 1.48E-23 7.87E-20 5.29E-18 3.29E-16 8.46E-15 3.40E-14 9.54E-14 2.08E-13
 3.01E-13 4.21E-13 5.17E-13 5.39E-13 5.39E-13
 1.48E-23 7.86E-20 5.30E-18 3.30E-16 8.51E-15 3.42E-14 9.61E-14 2.10E-13
 3.04E-13 4.26E-13 5.23E-13 5.47E-13 5.48E-13
 1.48E-23 7.85E-20 5.31E-18 3.32E-16 8.59E-15 3.45E-14 9.70E-14 2.12E-13
 3.07E-13 4.31E-13 5.32E-13 5.59E-13 5.62E-13
 1.46E-23 7.84E-20 5.34E-18 3.38E-16 8.82E-15 3.54E-14 9.93E-14 2.17E-13
 3.14E-13 4.43E-13 5.52E-13 5.85E-13 5.90E-13
   752.9 A  12  13 /FILMEM = RHGR93C /TYPE = EXCIT    /INDM = T/ISEL =   49
 1.00E+11 2.00E+11 5.00E+11 1.00E+12 2.00E+12 5.00E+12 1.00E+13 2.00E+13
 5.00E+13 1.00E+14 2.00E+14 5.00E+14
 1.00E+00 1.50E+00 2.00E+00 3.00E+00 5.00E+00 7.00E+00 1.00E+01 1.50E+01
 2.00E+01 3.00E+01 5.00E+01 7.00E+01 8.62E+01
 3.64E-24 1.92E-20 1.29E-18 7.94E-17 2.01E-15 8.04E-15 2.26E-14 4.93E-14
 7.14E-14 1.00E-13 1.23E-13 1.28E-13 1.28E-13
 3.64E-24 1.92E-20 1.29E-18 7.93E-17 2.01E-15 8.04E-15 2.26E-14 4.93E-14
 7.14E-14 1.00E-13 1.23E-13 1.28E-13 1.28E-13
 3.64E-24 1.92E-20 1.29E-18 7.94E-17 2.01E-15 8.05E-15 2.26E-14 4.93E-14
 7.14E-14 1.00E-13 1.23E-13 1.28E-13 1.28E-13
 3.64E-24 1.92E-20 1.29E-18 7.95E-17 2.02E-15 8.06E-15 2.26E-14 4.94E-14
 7.15E-14 1.00E-13 1.23E-13 1.28E-13 1.28E-13
 3.64E-24 1.92E-20 1.29E-18 7.96E-17 2.02E-15 8.09E-15 2.27E-14 4.95E-14
 7.17E-14 1.00E-13 1.23E-13 1.28E-13 1.28E-13
 3.64E-24 1.92E-20 1.29E-18 7.98E-17 2.03E-15 8.13E-15 2.28E-14 4.98E-14
 7.20E-14 1.01E-13 1.23E-13 1.29E-13 1.28E-13
 3.64E-24 1.92E-20 1.29E-18 8.00E-17 2.04E-15 8.18E-15 2.30E-14 5.01E-14
 7.25E-14 1.01E-13 1.24E-13 1.29E-13 1.29E-13
 3.64E-24 1.92E-20 1.29E-18 8.03E-17 2.05E-15 8.23E-15 2.31E-14 5.05E-14
 7.30E-14 1.02E-13 1.25E-13 1.30E-13 1.30E-13
 3.63E-24 1.92E-20 1.29E-18 8.05E-17 2.07E-15 8.30E-15 2.33E-14 5.10E-14
 7.37E-14 1.03E-13 1.26E-13 1.32E-13 1.32E-13
 3.62E-24 1.92E-20 1.30E-18 8.08E-17 2.08E-15 8.36E-15 2.35E-14 5.13E-14
 7.43E-14 1.04E-13 1.28E-13 1.34E-13 1.34E-13
 3.61E-24 1.92E-20 1.30E-18 8.13E-17 2.10E-15 8.44E-15 2.37E-14 5.18E-14
 7.51E-14 1.05E-13 1.30E-13 1.37E-13 1.37E-13
 3.58E-24 1.92E-20 1.31E-18 8.28E-17 2.16E-15 8.66E-15 2.43E-14 5.30E-14
 7.68E-14 1.08E-13 1.35E-13 1.43E-13 1.44E-13
  1090.9 A  12  13 /FILMEM = RHGR93C /TYPE = EXCIT    /INDM = T/ISEL =   50
 1.00E+11 2.00E+11 5.00E+11 1.00E+12 2.00E+12 5.00E+12 1.00E+13 2.00E+13
 5.00E+13 1.00E+14 2.00E+14 5.00E+14
 1.00E+00 1.50E+00 2.00E+00 3.00E+00 5.00E+00 7.00E+00 1.00E+01 1.50E+01
 2.00E+01 3.00E+01 5.00E+01 7.00E+01 8.62E+01
 1.84E-21 9.70E-18 6.50E-16 4.01E-14 1.02E-12 4.06E-12 1.14E-11 2.49E-11
 3.60E-11 5.05E-11 6.20E-11 6.48E-11 6.48E-11
 1.84E-21 9.70E-18 6.50E-16 4.01E-14 1.02E-12 4.06E-12 1.14E-11 2.49E-11
 3.60E-11 5.05E-11 6.19E-11 6.46E-11 6.46E-11
 1.84E-21 9.70E-18 6.50E-16 4.01E-14 1.02E-12 4.06E-12 1.14E-11 2.49E-11
 3.60E-11 5.05E-11 6.19E-11 6.46E-11 6.45E-11
 1.84E-21 9.70E-18 6.50E-16 4.01E-14 1.02E-12 4.07E-12 1.14E-11 2.49E-11
 3.61E-11 5.05E-11 6.19E-11 6.46E-11 6.45E-11
 1.84E-21 9.70E-18 6.51E-16 4.02E-14 1.02E-12 4.08E-12 1.15E-11 2.50E-11
 3.62E-11 5.06E-11 6.20E-11 6.47E-11 6.46E-11
 1.84E-21 9.71E-18 6.51E-16 4.03E-14 1.03E-12 4.11E-12 1.15E-11 2.52E-11
 3.64E-11 5.08E-11 6.23E-11 6.49E-11 6.48E-11
 1.84E-21 9.71E-18 6.52E-16 4.04E-14 1.03E-12 4.13E-12 1.16E-11 2.53E-11
 3.66E-11 5.11E-11 6.26E-11 6.52E-11 6.51E-11
 1.84E-21 9.71E-18 6.53E-16 4.05E-14 1.04E-12 4.16E-12 1.17E-11 2.55E-11
 3.68E-11 5.15E-11 6.30E-11 6.56E-11 6.56E-11
 1.83E-21 9.71E-18 6.53E-16 4.07E-14 1.04E-12 4.19E-12 1.18E-11 2.57E-11
 3.72E-11 5.20E-11 6.38E-11 6.66E-11 6.65E-11
 1.83E-21 9.70E-18 6.54E-16 4.08E-14 1.05E-12 4.22E-12 1.19E-11 2.59E-11
 3.75E-11 5.25E-11 6.46E-11 6.76E-11 6.77E-11
 1.82E-21 9.69E-18 6.55E-16 4.10E-14 1.06E-12 4.26E-12 1.20E-11 2.62E-11
 3.79E-11 5.32E-11 6.57E-11 6.90E-11 6.93E-11
 1.81E-21 9.68E-18 6.60E-16 4.18E-14 1.09E-12 4.37E-12 1.23E-11 2.67E-11
 3.88E-11 5.47E-11 6.81E-11 7.22E-11 7.29E-11
  1558.8 A  12  13 /FILMEM = RHGR93C /TYPE = EXCIT    /INDM = T/ISEL =   51
 1.00E+11 2.00E+11 5.00E+11 1.00E+12 2.00E+12 5.00E+12 1.00E+13 2.00E+13
 5.00E+13 1.00E+14 2.00E+14 5.00E+14
 1.00E+00 1.50E+00 2.00E+00 3.00E+00 5.00E+00 7.00E+00 1.00E+01 1.50E+01
 2.00E+01 3.00E+01 5.00E+01 7.00E+01 8.62E+01
 1.67E-14 8.81E-13 6.24E-12 4.33E-11 1.99E-10 3.74E-10 5.99E-10 8.57E-10
 1.02E-09 1.22E-09 1.39E-09 1.43E-09 1.44E-09
 1.70E-14 8.94E-13 6.32E-12 4.37E-11 2.01E-10 3.77E-10 6.04E-10 8.64E-10
 1.03E-09 1.23E-09 1.41E-09 1.47E-09 1.49E-09
 1.72E-14 9.02E-13 6.36E-12 4.40E-11 2.02E-10 3.79E-10 6.07E-10 8.69E-10
 1.04E-09 1.24E-09 1.43E-09 1.49E-09 1.52E-09
 1.73E-14 9.04E-13 6.38E-12 4.41E-11 2.02E-10 3.79E-10 6.08E-10 8.70E-10
 1.04E-09 1.25E-09 1.43E-09 1.50E-09 1.52E-09
 1.73E-14 9.06E-13 6.39E-12 4.41E-11 2.02E-10 3.80E-10 6.08E-10 8.70E-10
 1.04E-09 1.25E-09 1.44E-09 1.50E-09 1.53E-09
 1.73E-14 9.07E-13 6.39E-12 4.41E-11 2.02E-10 3.80E-10 6.08E-10 8.70E-10
 1.04E-09 1.25E-09 1.43E-09 1.50E-09 1.53E-09
 1.73E-14 9.07E-13 6.40E-12 4.42E-11 2.02E-10 3.80E-10 6.07E-10 8.69E-10
 1.04E-09 1.24E-09 1.43E-09 1.50E-09 1.53E-09
 1.74E-14 9.08E-13 6.40E-12 4.42E-11 2.02E-10 3.79E-10 6.06E-10 8.67E-10
 1.04E-09 1.24E-09 1.43E-09 1.50E-09 1.52E-09
 1.74E-14 9.10E-13 6.41E-12 4.43E-11 2.02E-10 3.78E-10 6.04E-10 8.61E-10
 1.03E-09 1.23E-09 1.41E-09 1.48E-09 1.51E-09
 1.74E-14 9.12E-13 6.44E-12 4.44E-11 2.02E-10 3.77E-10 6.00E-10 8.53E-10
 1.02E-09 1.21E-09 1.39E-09 1.45E-09 1.48E-09
 1.74E-14 9.17E-13 6.47E-12 4.46E-11 2.02E-10 3.75E-10 5.93E-10 8.37E-10
 9.94E-10 1.18E-09 1.35E-09 1.41E-09 1.43E-09
 1.75E-14 9.28E-13 6.57E-12 4.50E-11 2.00E-10 3.67E-10 5.70E-10 7.91E-10
 9.31E-10 1.09E-09 1.24E-09 1.29E-09 1.31E-09
  1216.5 A  12  13 /FILMEM = RHGR93C /TYPE = EXCIT    /INDM = T/ISEL =   52
 1.00E+11 2.00E+11 5.00E+11 1.00E+12 2.00E+12 5.00E+12 1.00E+13 2.00E+13
 5.00E+13 1.00E+14 2.00E+14 5.00E+14
 1.00E+00 1.50E+00 2.00E+00 3.00E+00 5.00E+00 7.00E+00 1.00E+01 1.50E+01
 2.00E+01 3.00E+01 5.00E+01 7.00E+01 8.62E+01
 1.14E-15 1.23E-13 1.25E-12 1.24E-11 7.68E-11 1.64E-10 2.93E-10 4.61E-10
 5.80E-10 7.33E-10 8.85E-10 9.42E-10 9.62E-10
 1.16E-15 1.25E-13 1.26E-12 1.25E-11 7.75E-11 1.66E-10 2.95E-10 4.65E-10
 5.86E-10 7.43E-10 9.01E-10 9.67E-10 9.93E-10
 1.18E-15 1.26E-13 1.27E-12 1.26E-11 7.79E-11 1.67E-10 2.97E-10 4.68E-10
 5.89E-10 7.48E-10 9.12E-10 9.82E-10 1.01E-09
 1.18E-15 1.27E-13 1.28E-12 1.26E-11 7.80E-11 1.67E-10 2.97E-10 4.69E-10
 5.90E-10 7.50E-10 9.15E-10 9.87E-10 1.02E-09
 1.18E-15 1.27E-13 1.28E-12 1.26E-11 7.80E-11 1.67E-10 2.97E-10 4.69E-10
 5.91E-10 7.51E-10 9.16E-10 9.89E-10 1.02E-09
 1.19E-15 1.27E-13 1.28E-12 1.26E-11 7.81E-11 1.67E-10 2.97E-10 4.69E-10
 5.90E-10 7.50E-10 9.16E-10 9.89E-10 1.02E-09
 1.19E-15 1.27E-13 1.28E-12 1.26E-11 7.81E-11 1.67E-10 2.97E-10 4.68E-10
 5.89E-10 7.49E-10 9.15E-10 9.88E-10 1.02E-09
 1.19E-15 1.27E-13 1.28E-12 1.27E-11 7.81E-11 1.67E-10 2.97E-10 4.67E-10
 5.88E-10 7.47E-10 9.12E-10 9.85E-10 1.02E-09
 1.19E-15 1.27E-13 1.28E-12 1.27E-11 7.81E-11 1.67E-10 2.96E-10 4.64E-10
 5.84E-10 7.40E-10 9.03E-10 9.75E-10 1.01E-09
 1.19E-15 1.28E-13 1.29E-12 1.27E-11 7.82E-11 1.66E-10 2.94E-10 4.60E-10
 5.78E-10 7.31E-10 8.89E-10 9.59E-10 9.91E-10
 1.19E-15 1.29E-13 1.30E-12 1.28E-11 7.82E-11 1.65E-10 2.91E-10 4.53E-10
 5.66E-10 7.13E-10 8.64E-10 9.31E-10 9.62E-10
 1.20E-15 1.31E-13 1.32E-12 1.30E-11 7.81E-11 1.63E-10 2.82E-10 4.31E-10
 5.33E-10 6.65E-10 8.00E-10 8.59E-10 8.87E-10
  1212.5 A  12  13 /FILMEM = RHGR93C /TYPE = EXCIT    /INDM = T/ISEL =   53
 1.00E+11 2.00E+11 5.00E+11 1.00E+12 2.00E+12 5.00E+12 1.00E+13 2.00E+13
 5.00E+13 1.00E+14 2.00E+14 5.00E+14
 1.00E+00 1.50E+00 2.00E+00 3.00E+00 5.00E+00 7.00E+00 1.00E+01 1.50E+01
 2.00E+01 3.00E+01 5.00E+01 7.00E+01 8.62E+01
 4.83E-18 5.29E-16 5.39E-15 5.40E-14 3.35E-13 7.22E-13 1.29E-12 2.03E-12
 2.56E-12 3.23E-12 3.91E-12 4.16E-12 4.25E-12
 4.93E-18 5.36E-16 5.45E-15 5.45E-14 3.37E-13 7.28E-13 1.30E-12 2.05E-12
 2.59E-12 3.27E-12 3.98E-12 4.27E-12 4.38E-12
 4.99E-18 5.41E-16 5.49E-15 5.48E-14 3.39E-13 7.31E-13 1.30E-12 2.06E-12
 2.60E-12 3.29E-12 4.03E-12 4.33E-12 4.47E-12
 5.01E-18 5.43E-16 5.51E-15 5.49E-14 3.40E-13 7.32E-13 1.31E-12 2.06E-12
 2.61E-12 3.30E-12 4.04E-12 4.36E-12 4.50E-12
 5.02E-18 5.44E-16 5.51E-15 5.50E-14 3.40E-13 7.33E-13 1.31E-12 2.06E-12
 2.61E-12 3.30E-12 4.05E-12 4.37E-12 4.51E-12
 5.03E-18 5.44E-16 5.52E-15 5.50E-14 3.40E-13 7.33E-13 1.31E-12 2.06E-12
 2.61E-12 3.30E-12 4.05E-12 4.37E-12 4.51E-12
 5.03E-18 5.45E-16 5.52E-15 5.51E-14 3.40E-13 7.32E-13 1.30E-12 2.06E-12
 2.60E-12 3.30E-12 4.04E-12 4.36E-12 4.51E-12
 5.03E-18 5.45E-16 5.53E-15 5.51E-14 3.40E-13 7.32E-13 1.30E-12 2.06E-12
 2.60E-12 3.29E-12 4.03E-12 4.35E-12 4.49E-12
 5.04E-18 5.46E-16 5.54E-15 5.52E-14 3.40E-13 7.31E-13 1.30E-12 2.04E-12
 2.58E-12 3.26E-12 3.99E-12 4.30E-12 4.45E-12
 5.05E-18 5.48E-16 5.57E-15 5.54E-14 3.41E-13 7.30E-13 1.29E-12 2.03E-12
 2.55E-12 3.22E-12 3.93E-12 4.24E-12 4.38E-12
 5.07E-18 5.52E-16 5.61E-15 5.58E-14 3.41E-13 7.27E-13 1.28E-12 1.99E-12
 2.50E-12 3.14E-12 3.82E-12 4.11E-12 4.25E-12
 5.11E-18 5.61E-16 5.71E-15 5.66E-14 3.41E-13 7.16E-13 1.24E-12 1.90E-12
 2.36E-12 2.94E-12 3.54E-12 3.80E-12 3.93E-12
C-----------------------------------------------------------------------
C
C  PHOTON EMISSIVITY COEFFICIENTS:
C
C  SOURCE SPECIFIC ION   FILE:/JETSHP.CLIKE.DATA(RHGR93C)
C  SOURCE IONIS. COEFFT. FILE:/JETSHP.IONELEC.DATA(SZD#C)
C  META. ION. COEFF. SELECTOR:  2(1,1)    3(1,2)
C  POPULATION PROCESSING CODE:  ADAS208
C
C  ISEL  WAVELENGTH      TRANSITION            TYPE    METASTABLE  IMET NMET  IP
C  ----  ----------  ------------------------  -----  ------------ ---- ----  --
C   1.    1561.1     7(3)2( 7.0)- 1(3)1( 4.0)  EXCIT                 T     1
C   2.    1329.3    14(3)1( 4.0)- 1(3)1( 4.0)  EXCIT                 T     1
C   3.    1140.4    21(1)2( 2.0)- 2(1)2( 2.0)  EXCIT                 T     1
C   4.     945.5    22(3)0( 1.0)- 1(3)1( 4.0)  EXCIT                 T     1
C   5.     911.7    23(1)1( 1.0)- 2(1)2( 2.0)  EXCIT                 T     1
C   6.    1018.0    23(1)1( 1.0)- 3(1)0( 0.0)  EXCIT                 T     1
C   7.    1657.2     5(3)1( 4.0)- 1(3)1( 4.0)  EXCIT                 T     1
C   8.    1930.9     6(1)1( 1.0)- 2(1)2( 2.0)  EXCIT                 T     1
C   9.    2479.3     6(1)1( 1.0)- 3(1)0( 0.0)  EXCIT                 T     1
C  10.    1481.8    15(1)2( 2.0)- 2(1)2( 2.0)  EXCIT                 T     1
C  11.    1278.8    16(3)3(10.0)- 1(3)1( 4.0)  EXCIT                 T     1
C  12.    1277.5    17(3)2( 7.0)- 1(3)1( 4.0)  EXCIT                 T     1
C  13.    1273.9    18(1)3( 3.0)- 1(3)1( 4.0)  EXCIT                 T     1
C  14.    1463.3    18(1)3( 3.0)- 2(1)2( 2.0)  EXCIT                 T     1
C  15.    1459.0    19(1)1( 1.0)- 2(1)2( 2.0)  EXCIT                 T     1
C  16.    1751.8    19(1)1( 1.0)- 3(1)0( 0.0)  EXCIT                 T     1
C  17.    1261.3    20(3)1( 4.0)- 1(3)1( 4.0)  EXCIT                 T     1
C  18.   14546.5     8(1)1( 1.0)- 6(1)1( 1.0)  EXCIT                 T     1
C  19.   11333.5    15(1)2( 2.0)- 8(1)1( 1.0)  EXCIT                 T     1
C  20.   10126.7    19(1)1( 1.0)- 8(1)1( 1.0)  EXCIT                 T     1
C  21.    3445.7    21(1)2( 2.0)- 8(1)1( 1.0)  EXCIT                 T     1
C  22.   10696.3     9(3)2( 7.0)- 5(3)1( 4.0)  EXCIT                 T     1
C  23.   11644.4    17(3)2( 7.0)- 9(3)2( 7.0)  EXCIT                 T     1
C  24.   11758.6    16(3)3(10.0)- 9(3)2( 7.0)  EXCIT                 T     1
C  25.    9642.3    10(3)0( 1.0)- 5(3)1( 4.0)  EXCIT                 T     1
C  26.   11667.4    20(3)1( 4.0)-10(3)0( 1.0)  EXCIT                 T     1
C  27.    9089.3    11(3)1( 4.0)- 5(3)1( 4.0)  EXCIT                 T     1
C  28.   14419.8    17(3)2( 7.0)-11(3)1( 4.0)  EXCIT                 T     1
C  29.   12594.5    20(3)1( 4.0)-11(3)1( 4.0)  EXCIT                 T     1
C  30.    9408.4    12(1)2( 2.0)- 6(1)1( 1.0)  EXCIT                 T     1
C  31.   19727.4    15(1)2( 2.0)-12(1)2( 2.0)  EXCIT                 T     1
C  32.   16895.0    18(1)3( 3.0)-12(1)2( 2.0)  EXCIT                 T     1
C  33.    8337.5    13(1)0( 0.0)- 6(1)1( 1.0)  EXCIT                 T     1
C  34.   21028.7    19(1)1( 1.0)-13(1)0( 0.0)  EXCIT                 T     1
C  35.     907.2    24(3)1( 4.0)- 5(3)1( 4.0)  EXCIT                 T     1
C  36.     938.9    24(3)1( 4.0)- 7(3)2( 7.0)  EXCIT                 T     1
C  37.    1048.8    24(3)1( 4.0)-14(3)1( 4.0)  EXCIT                 T     1
C  38.    1083.5    24(3)1( 4.0)-17(3)2( 7.0)  EXCIT                 T     1
C  39.    1082.5    24(3)1( 4.0)-16(3)3(10.0)  EXCIT                 T     1
C  40.    1088.5    24(3)1( 4.0)-19(1)1( 1.0)  EXCIT                 T     1
C  41.    1095.4    24(3)1( 4.0)-20(3)1( 4.0)  EXCIT                 T     1
C  42.    1543.1    24(3)1( 4.0)-22(3)0( 1.0)  EXCIT                 T     1
C  43.     826.8    25(1)2( 2.0)- 6(1)1( 1.0)  EXCIT                 T     1
C  44.     950.1    25(1)2( 2.0)-15(1)2( 2.0)  EXCIT                 T     1
C  45.     957.9    25(1)2( 2.0)-18(1)3( 3.0)  EXCIT                 T     1
C  46.    1175.8    25(1)2( 2.0)-21(1)2( 2.0)  EXCIT                 T     1
C  47.    1586.0    25(1)2( 2.0)-23(1)1( 1.0)  EXCIT                 T     1
C  48.     668.6    26(1)0( 0.0)- 6(1)1( 1.0)  EXCIT                 T     1
C  49.     752.9    26(1)0( 0.0)-19(1)1( 1.0)  EXCIT                 T     1
C  50.    1090.9    26(1)0( 0.0)-23(1)1( 1.0)  EXCIT                 T     1
C  51.    1558.8    27(5)1( 7.0)- 4(5)0( 2.0)  EXCIT                 T     1
C  52.    1216.5    29(5)1( 7.0)- 4(5)0( 2.0)  EXCIT                 T     1
C  53.    1212.5    30(5)2(12.0)- 4(5)0( 2.0)  EXCIT                 T     1
C
C   NOTES:  PROCESSED 07/03/95
C
C-------------------------------------------------------------------------------
 
C---------------------------------------------------------------------------------
C ADAS ADF15 DATA - SCCS info: @(#)$Header: /home/adascvs/adas/adf15/pec93#c/pec93#c_llu#c0.dat,v 2.1 2004/07/07 00:24:57 whitefor Exp $ Date $Date: 2004/07/07 00:24:57 $
C---------------------------------------------------------------------------------
