    6   26   48    1    6     /CARBON             / ABEL-VAN-MEINNEN 1982
 -------------------------------------------------------------------------------
  10.00000  10.20000  10.40000  10.60000  10.80000  11.00000  11.20000  11.40000
  11.60000  11.80000  12.00000  12.20000  12.40000  12.60000  12.80000  13.00000
  13.20000  13.40000  13.60000  13.80000  14.00000  14.20000  14.40000  14.60000
  14.80000  15.00000
   0.00000   0.10000   0.20000   0.30000   0.40000   0.50000   0.60000   0.70000
   0.80000   0.90000   1.00000   1.10000   1.20000   1.30000   1.40000   1.50000
   1.60000   1.70000   1.80000   1.90000   2.00000   2.10000   2.20000   2.30000
   2.40000   2.50000   2.60000   2.70000   2.80000   2.90000   3.00000   3.10000
   3.20000   3.30000   3.40000   3.50000   3.60000   3.70000   3.80000   3.90000
   4.00000   4.10000   4.20000   4.30000   4.40000   4.50000   4.60000   4.70000
 ---------------------------------------------------/ Z1= 1   / DATE= 29.03.90
 -12.75267 -12.77188 -12.77227 -12.77264 -12.79884 -12.79919 -12.79951 -12.83721
 -12.83753 -12.83783 -12.83811 -12.89680 -12.89709 -12.89735 -12.89760 -12.89784
 -12.89806 -13.00232 -13.00257 -13.00280 -13.00302 -13.00323 -13.00342 -13.00360
 -13.25022 -13.25050
 -12.79823 -12.81703 -12.81923 -12.82132 -12.84635 -12.84832 -12.85018 -12.88567
 -12.88746 -12.88916 -12.89075 -12.89226 -12.94723 -12.94874 -12.95017 -12.95151
 -12.95278 -13.05023 -13.05163 -13.05295 -13.05419 -13.05535 -13.05645 -13.05748
 -13.28721 -13.28875
 -12.77248 -12.77995 -12.79968 -12.80673 -12.83122 -12.83794 -12.84437 -12.85049
 -12.88334 -12.88927 -12.89492 -12.90029 -12.94928 -12.95465 -12.95976 -12.96461
 -12.96922 -13.05435 -13.05933 -13.06407 -13.06856 -13.07281 -13.07684 -13.08066
 -13.08426 -13.28341
 -12.64494 -12.65979 -12.68180 -12.69615 -12.71011 -12.73495 -12.74846 -12.76157
 -12.79183 -12.80464 -12.81703 -12.82901 -12.87039 -12.88234 -12.89388 -12.90500
 -12.91570 -12.98316 -12.99446 -13.00534 -13.01579 -13.02584 -13.03548 -13.04472
 -13.05357 -13.20565
 -12.45834 -12.47880 -12.50290 -12.52303 -12.54288 -12.56848 -12.58800 -12.60720
 -12.63583 -12.65478 -12.67339 -12.69164 -12.72682 -12.74504 -12.76287 -12.78031
 -12.79735 -12.81398 -12.86627 -12.88344 -12.90020 -12.91653 -12.93242 -12.94788
 -12.96290 -13.06879
 -12.27621 -12.29968 -12.32504 -12.34836 -12.37154 -12.39774 -12.42075 -12.44357
 -12.47146 -12.49415 -12.51662 -12.53885 -12.56083 -12.59270 -12.61466 -12.63634
 -12.65774 -12.67883 -12.72065 -12.74213 -12.76330 -12.78415 -12.80467 -12.82483
 -12.84463 -12.91899
 -12.13104 -12.15597 -12.18086 -12.20688 -12.23172 -12.25828 -12.28307 -12.30776
 -12.33235 -12.36000 -12.38451 -12.40889 -12.43312 -12.46313 -12.48736 -12.51141
 -12.53528 -12.55894 -12.59506 -12.61899 -12.64271 -12.66621 -12.68948 -12.71250
 -12.73525 -12.75774
 -12.03079 -12.05644 -12.08210 -12.10847 -12.13415 -12.15981 -12.18660 -12.21225
 -12.23785 -12.26537 -12.29096 -12.31646 -12.34188 -12.37097 -12.39640 -12.42173
 -12.44693 -12.47200 -12.50513 -12.53039 -12.55551 -12.58048 -12.60528 -12.62992
 -12.65436 -12.67861
 -11.97296 -11.99929 -12.02534 -12.05190 -12.07802 -12.10415 -12.13106 -12.15722
 -12.18336 -12.21082 -12.23698 -12.26309 -12.28915 -12.31776 -12.34385 -12.36987
 -12.39582 -12.42167 -12.44743 -12.47916 -12.50506 -12.53086 -12.55653 -12.58208
 -12.60749 -12.63276
 -11.95283 -11.97927 -12.00554 -12.03220 -12.05855 -12.08494 -12.11191 -12.13835
 -12.16479 -12.19222 -12.21869 -12.24515 -12.27158 -12.29797 -12.32637 -12.35279
 -12.37916 -12.40547 -12.43170 -12.46244 -12.48879 -12.51506 -12.54124 -12.56732
 -12.59330 -12.61916
 -11.96403 -11.99052 -12.01691 -12.04334 -12.07010 -12.09663 -12.12363 -12.15023
 -12.17684 -12.20346 -12.23090 -12.25756 -12.28420 -12.31082 -12.33904 -12.36569
 -12.39231 -12.41888 -12.44540 -12.47553 -12.50214 -12.52869 -12.55517 -12.58158
 -12.60789 -12.63411
 -12.00104 -12.02756 -12.05401 -12.08051 -12.10730 -12.13390 -12.16054 -12.18760
 -12.21431 -12.24104 -12.26845 -12.29522 -12.32199 -12.34874 -12.37683 -12.40363
 -12.43039 -12.45712 -12.48380 -12.51354 -12.54031 -12.56703 -12.59369 -12.62028
 -12.64680 -12.67323
 -12.05910 -12.08550 -12.11210 -12.13863 -12.16542 -12.19207 -12.21875 -12.24581
 -12.27257 -12.29935 -12.32674 -12.35358 -12.38041 -12.40724 -12.43524 -12.46211
 -12.48896 -12.51577 -12.54256 -12.56929 -12.59889 -12.62570 -12.65246 -12.67916
 -12.70579 -12.73235
 -12.13418 -12.16058 -12.18717 -12.21371 -12.24049 -12.26715 -12.29385 -12.32090
 -12.34768 -12.37449 -12.40185 -12.42871 -12.45558 -12.48245 -12.50930 -12.53728
 -12.56417 -12.59104 -12.61787 -12.64466 -12.67405 -12.70091 -12.72773 -12.75448
 -12.78117 -12.80780
 -12.22294 -12.24933 -12.27590 -12.30244 -12.32903 -12.35586 -12.38256 -12.40958
 -12.43637 -12.46318 -12.49001 -12.51738 -12.54426 -12.57113 -12.59801 -12.62592
 -12.65282 -12.67970 -12.70655 -12.73337 -12.76261 -12.78948 -12.81631 -12.84309
 -12.86980 -12.89645
 -12.32269 -12.34905 -12.37560 -12.40212 -12.42870 -12.45549 -12.48218 -12.50891
 -12.53595 -12.56275 -12.58958 -12.61691 -12.64378 -12.67065 -12.69752 -12.72537
 -12.75227 -12.77914 -12.80599 -12.83280 -12.86192 -12.88879 -12.91561 -12.94238
 -12.96908 -12.99572
 -12.43122 -12.45756 -12.48397 -12.51056 -12.53712 -12.56388 -12.59055 -12.61726
 -12.64426 -12.67104 -12.69784 -12.72513 -12.75198 -12.77884 -12.80568 -12.83348
 -12.86036 -12.88721 -12.91403 -12.94082 -12.96757 -12.99669 -13.02349 -13.05023
 -13.07690 -13.10351
 -12.54670 -12.57307 -12.59945 -12.62600 -12.65253 -12.67926 -12.70589 -12.73257
 -12.75954 -12.78629 -12.81306 -12.84031 -12.86713 -12.89395 -12.92077 -12.94757
 -12.97535 -13.00217 -13.02896 -13.05572 -13.08243 -13.11147 -13.13822 -13.16491
 -13.19154 -13.21810
 -12.66785 -12.69417 -12.72052 -12.74703 -12.77352 -12.80006 -12.82681 -12.85345
 -12.88037 -12.90709 -12.93383 -12.96058 -12.98781 -13.01460 -13.04137 -13.06814
 -13.09586 -13.12264 -13.14939 -13.17609 -13.20275 -13.23172 -13.25842 -13.28506
 -13.31163 -13.33813
 -12.79345 -12.81974 -12.84604 -12.87251 -12.89896 -12.92546 -12.95216 -12.97876
 -13.00539 -13.03232 -13.05901 -13.08572 -13.11291 -13.13965 -13.16638 -13.19310
 -13.22077 -13.24749 -13.27419 -13.30084 -13.32745 -13.35635 -13.38299 -13.40956
 -13.43607 -13.46249
 -12.92262 -12.94885 -12.97511 -13.00144 -13.02794 -13.05440 -13.08105 -13.10761
 -13.13420 -13.16108 -13.18772 -13.21439 -13.24152 -13.26821 -13.29489 -13.32156
 -13.34918 -13.37585 -13.40248 -13.42908 -13.45562 -13.48210 -13.51103 -13.53753
 -13.56397 -13.59032
 -13.05461 -13.08074 -13.10701 -13.13329 -13.15974 -13.18615 -13.21277 -13.23927
 -13.26582 -13.29264 -13.31924 -13.34585 -13.37294 -13.39958 -13.42620 -13.45281
 -13.47940 -13.50699 -13.53356 -13.56009 -13.58656 -13.61298 -13.64185 -13.66828
 -13.69463 -13.72089
 -13.18885 -13.21493 -13.24116 -13.26740 -13.29379 -13.32016 -13.34657 -13.37318
 -13.39967 -13.42645 -13.45300 -13.47956 -13.50611 -13.53317 -13.55974 -13.58629
 -13.61281 -13.64035 -13.66686 -13.69332 -13.71972 -13.74606 -13.77488 -13.80122
 -13.82749 -13.85367
 -13.32490 -13.35093 -13.37710 -13.40329 -13.42964 -13.45595 -13.48231 -13.50887
 -13.53531 -13.56178 -13.58854 -13.61504 -13.64154 -13.66855 -13.69506 -13.72155
 -13.74801 -13.77548 -13.80192 -13.82831 -13.85464 -13.88091 -13.90967 -13.93594
 -13.96212 -13.98820
 -13.46238 -13.48835 -13.51448 -13.54061 -13.56681 -13.59317 -13.61948 -13.64599
 -13.67238 -13.69879 -13.72550 -13.75195 -13.77839 -13.80534 -13.83179 -13.85822
 -13.88461 -13.91203 -13.93841 -13.96472 -13.99098 -14.01717 -14.04327 -14.07206
 -14.09815 -14.12415
 -13.60095 -13.62692 -13.65292 -13.67907 -13.70522 -13.73153 -13.75779 -13.78425
 -13.81058 -13.83694 -13.86359 -13.88998 -13.91637 -13.94327 -13.96966 -13.99602
 -14.02235 -14.04864 -14.07602 -14.10226 -14.12844 -14.15455 -14.18057 -14.20931
 -14.23532 -14.26122
 -13.74048 -13.76639 -13.79235 -13.81845 -13.84454 -13.87080 -13.89701 -13.92325
 -13.94969 -13.97600 -14.00259 -14.02893 -14.05526 -14.08158 -14.10843 -14.13473
 -14.16099 -14.18721 -14.21453 -14.24071 -14.26681 -14.29284 -14.31878 -14.34747
 -14.37339 -14.39920
 -13.88073 -13.90660 -13.93250 -13.95854 -13.98459 -14.01079 -14.03695 -14.06313
 -14.08953 -14.11578 -14.14203 -14.16860 -14.19487 -14.22113 -14.24793 -14.27417
 -14.30036 -14.32652 -14.35378 -14.37988 -14.40591 -14.43186 -14.45772 -14.48636
 -14.51219 -14.53791
 -14.02157 -14.04738 -14.07323 -14.09923 -14.12522 -14.15126 -14.17747 -14.20361
 -14.22995 -14.25614 -14.28234 -14.30886 -14.33507 -14.36127 -14.38801 -14.41418
 -14.44032 -14.46640 -14.49361 -14.51964 -14.54560 -14.57147 -14.59725 -14.62292
 -14.65158 -14.67721
 -14.16288 -14.18859 -14.21443 -14.24030 -14.26631 -14.29231 -14.31846 -14.34454
 -14.37083 -14.39697 -14.42312 -14.44958 -14.47574 -14.50188 -14.52856 -14.55468
 -14.58075 -14.60676 -14.63272 -14.65988 -14.68576 -14.71155 -14.73725 -14.76285
 -14.79146 -14.81700
 -14.30456 -14.33021 -14.35601 -14.38182 -14.40778 -14.43372 -14.45983 -14.48586
 -14.51191 -14.53818 -14.56427 -14.59068 -14.61678 -14.64286 -14.66891 -14.69555
 -14.72155 -14.74750 -14.77339 -14.80049 -14.82630 -14.85202 -14.87765 -14.90316
 -14.93173 -14.95718
 -14.44654 -14.47215 -14.49788 -14.52365 -14.54956 -14.57545 -14.60150 -14.62747
 -14.65348 -14.67969 -14.70573 -14.73177 -14.75813 -14.78415 -14.81015 -14.83673
 -14.86267 -14.88856 -14.91438 -14.94143 -14.96717 -14.99281 -15.01836 -15.04379
 -15.07232 -15.09769
 -14.58873 -14.61432 -14.64001 -14.66572 -14.69158 -14.71741 -14.74329 -14.76934
 -14.79529 -14.82145 -14.84744 -14.87342 -14.89973 -14.92570 -14.95164 -14.97816
 -15.00404 -15.02987 -15.05563 -15.08262 -15.10829 -15.13387 -15.15934 -15.18469
 -15.20992 -15.23846
 -14.73116 -14.75669 -14.78227 -14.80799 -14.83371 -14.85958 -14.88541 -14.91140
 -14.93730 -14.96341 -14.98935 -15.01527 -15.04153 -15.06745 -15.09333 -15.11980
 -15.14562 -15.17139 -15.19708 -15.22269 -15.24962 -15.27513 -15.30053 -15.32581
 -15.35096 -15.37946
 -14.87375 -14.89923 -14.92476 -14.95042 -14.97609 -15.00191 -15.02769 -15.05363
 -15.07948 -15.10534 -15.13142 -15.15730 -15.18351 -15.20936 -15.23519 -15.26097
 -15.28737 -15.31308 -15.33871 -15.36426 -15.39114 -15.41658 -15.44191 -15.46711
 -15.49219 -15.52064
 -15.01647 -15.04189 -15.06737 -15.09298 -15.11861 -15.14437 -15.17010 -15.19599
 -15.22179 -15.24760 -15.27363 -15.29946 -15.32526 -15.35142 -15.37719 -15.40292
 -15.42927 -15.45492 -15.48049 -15.50598 -15.53280 -15.55818 -15.58344 -15.60857
 -15.63358 -15.66199
 -15.15930 -15.18463 -15.21010 -15.23566 -15.26123 -15.28694 -15.31262 -15.33834
 -15.36421 -15.38998 -15.41596 -15.44173 -15.46749 -15.49360 -15.51931 -15.54498
 -15.57129 -15.59688 -15.62239 -15.64782 -15.67460 -15.69991 -15.72510 -15.75017
 -15.77510 -15.79988
 -15.30222 -15.32750 -15.35292 -15.37837 -15.40395 -15.42953 -15.45524 -15.48091
 -15.50673 -15.53245 -15.55838 -15.58410 -15.60981 -15.63587 -15.66153 -15.68715
 -15.71341 -15.73894 -15.76440 -15.78977 -15.81504 -15.84175 -15.86688 -15.89188
 -15.91674 -15.94145
 -15.44519 -15.47045 -15.49581 -15.52121 -15.54674 -15.57227 -15.59794 -15.62355
 -15.64933 -15.67500 -15.70066 -15.72656 -15.75222 -15.77823 -15.80384 -15.82941
 -15.85491 -15.88109 -15.90650 -15.93181 -15.95702 -15.98368 -16.00874 -16.03369
 -16.05849 -16.08313
 -15.58825 -15.61346 -15.63877 -15.66412 -15.68960 -15.71508 -15.74070 -15.76627
 -15.79200 -15.81762 -15.84324 -15.86908 -15.89469 -15.92027 -15.94622 -15.97174
 -15.99719 -16.02333 -16.04868 -16.07393 -16.09909 -16.12570 -16.15071 -16.17558
 -16.20032 -16.22490
 -15.73137 -15.75652 -15.78174 -15.80708 -15.83252 -15.85795 -15.88352 -15.90904
 -15.93459 -15.96030 -15.98587 -16.01167 -16.03723 -16.06276 -16.08867 -16.11414
 -16.13954 -16.16562 -16.19092 -16.21613 -16.24123 -16.26779 -16.29274 -16.31757
 -16.34224 -16.36674
 -15.87453 -15.89964 -15.92480 -15.95010 -15.97542 -16.00087 -16.02629 -16.05186
 -16.07736 -16.10303 -16.12856 -16.15431 -16.17982 -16.20531 -16.23117 -16.25659
 -16.28194 -16.30798 -16.33324 -16.35838 -16.38344 -16.40837 -16.43484 -16.45961
 -16.48422 -16.50868
 -16.01775 -16.04276 -16.06792 -16.09315 -16.11842 -16.14383 -16.16920 -16.19473
 -16.22018 -16.24580 -16.27129 -16.29675 -16.32246 -16.34790 -16.37372 -16.39909
 -16.42441 -16.44965 -16.47560 -16.50070 -16.52570 -16.55058 -16.57703 -16.60173
 -16.62628 -16.65068
 -16.16100 -16.18596 -16.21106 -16.23625 -16.26147 -16.28682 -16.31216 -16.33763
 -16.36304 -16.38863 -16.41405 -16.43948 -16.46515 -16.49054 -16.51590 -16.54164
 -16.56691 -16.59210 -16.61801 -16.64307 -16.66801 -16.69284 -16.71924 -16.74390
 -16.76840 -16.79274
 -16.30424 -16.32918 -16.35423 -16.37933 -16.40456 -16.42986 -16.45515 -16.48058
 -16.50594 -16.53133 -16.55687 -16.58224 -16.60786 -16.63322 -16.65854 -16.68423
 -16.70946 -16.73460 -16.76047 -16.78548 -16.81038 -16.83516 -16.86151 -16.88612
 -16.91057 -16.93486
 -16.44756 -16.47244 -16.49744 -16.52249 -16.54767 -16.57286 -16.59818 -16.62346
 -16.64888 -16.67421 -16.69971 -16.72505 -16.75063 -16.77594 -16.80121 -16.82686
 -16.85204 -16.87715 -16.90297 -16.92793 -16.95279 -16.97752 -17.00212 -17.02840
 -17.05280 -17.07703
 -16.59090 -16.61574 -16.64064 -16.66568 -16.69081 -16.71596 -16.74123 -16.76646
 -16.79184 -16.81712 -16.84259 -16.86789 -16.89317 -16.91869 -16.94391 -16.96953
 -16.99467 -17.01973 -17.04469 -17.07043 -17.09525 -17.11993 -17.14449 -17.17072
 -17.19507 -17.21925
 -16.73427 -16.75905 -16.78391 -16.80890 -16.83397 -16.85907 -16.88429 -16.90950
 -16.93483 -16.96007 -16.98549 -17.01074 -17.03600 -17.06148 -17.08665 -17.11179
 -17.13733 -17.16235 -17.18727 -17.21297 -17.23775 -17.26239 -17.28690 -17.31310
 -17.33740 -17.36153
 ---------------------------------------------------/ Z1= 2   / DATE= 29.03.90
 -11.95272 -11.95275 -11.96309 -11.97556 -11.97559 -11.99087 -11.99090 -11.99092
 -12.01007 -12.01010 -12.03474 -12.03476 -12.03478 -12.06763 -12.06765 -12.06767
 -12.11361 -12.11362 -12.11364 -12.11365 -12.18262 -12.18263 -12.18265 -12.18266
 -12.18267 -12.18268
 -12.01672 -12.01707 -12.02701 -12.02733 -12.03927 -12.03956 -12.05418 -12.05445
 -12.07276 -12.07301 -12.09659 -12.09683 -12.09705 -12.12854 -12.12875 -12.12895
 -12.12914 -12.17335 -12.17353 -12.17370 -12.17387 -12.24058 -12.24075 -12.24091
 -12.24106 -12.24119
 -12.04724 -12.05644 -12.06698 -12.06903 -12.08127 -12.08317 -12.09777 -12.09952
 -12.11744 -12.11908 -12.12062 -12.14334 -12.14479 -12.17484 -12.17622 -12.17752
 -12.17875 -12.22075 -12.22195 -12.22308 -12.22415 -12.28753 -12.28862 -12.28965
 -12.29062 -12.29153
 -12.00635 -12.01905 -12.03264 -12.03987 -12.05457 -12.06136 -12.07771 -12.08410
 -12.10294 -12.10897 -12.11473 -12.13731 -12.14277 -12.14797 -12.17658 -12.18156
 -12.18629 -12.22501 -12.22964 -12.23404 -12.23822 -12.29557 -12.29981 -12.30384
 -12.30765 -12.31127
 -11.86198 -11.87969 -11.89428 -11.91227 -11.93098 -11.94487 -11.96448 -11.97787
 -11.99089 -12.01185 -12.02438 -12.04781 -12.05989 -12.07158 -12.09909 -12.11042
 -12.12137 -12.15609 -12.16685 -12.17721 -12.18717 -12.23585 -12.24592 -12.25560
 -12.26488 -12.27379
 -11.67327 -11.69455 -11.71424 -11.73569 -11.75509 -11.77684 -11.79591 -11.81816
 -11.83686 -11.85997 -11.87830 -11.90284 -11.92083 -11.93849 -11.96550 -11.98285
 -11.99985 -12.01648 -12.04821 -12.06465 -12.08069 -12.09632 -12.13753 -12.15326
 -12.16856 -12.18344
 -11.50211 -11.52432 -11.54731 -11.57050 -11.59264 -11.61609 -11.63813 -11.66195
 -11.68385 -11.70824 -11.72999 -11.75159 -11.77691 -11.79834 -11.82522 -11.84651
 -11.86758 -11.88841 -11.91832 -11.93905 -11.95949 -11.97963 -12.01565 -12.03587
 -12.05576 -12.07529
 -11.36962 -11.39264 -11.41618 -11.43990 -11.46309 -11.48710 -11.51037 -11.53475
 -11.55810 -11.58300 -11.60643 -11.62985 -11.65558 -11.67908 -11.70253 -11.72954
 -11.75306 -11.77648 -11.80560 -11.82909 -11.85243 -11.87559 -11.90890 -11.93219
 -11.95526 -11.97806
 -11.27455 -11.29762 -11.32086 -11.34392 -11.36747 -11.39126 -11.41470 -11.43895
 -11.46267 -11.48654 -11.51156 -11.53576 -11.56158 -11.58614 -11.61083 -11.63796
 -11.66299 -11.68811 -11.71707 -11.74249 -11.76790 -11.79328 -11.82551 -11.85114
 -11.87663 -11.90198
 -11.21135 -11.23353 -11.25590 -11.27824 -11.30100 -11.32371 -11.34698 -11.37014
 -11.39404 -11.41776 -11.44244 -11.46679 -11.49244 -11.51747 -11.54282 -11.57004
 -11.59607 -11.62238 -11.64892 -11.67842 -11.70550 -11.73270 -11.75997 -11.79243
 -11.82004 -11.84760
 -11.17505 -11.19603 -11.21707 -11.23846 -11.26013 -11.28188 -11.30418 -11.32658
 -11.34969 -11.37289 -11.39699 -11.42110 -11.44570 -11.47153 -11.49716 -11.52440
 -11.55109 -11.57823 -11.60581 -11.63575 -11.66418 -11.69290 -11.72185 -11.75475
 -11.78424 -11.81379
 -11.16317 -11.18284 -11.20265 -11.22280 -11.24328 -11.26396 -11.28519 -11.30668
 -11.32889 -11.35139 -11.37480 -11.39849 -11.42281 -11.44832 -11.47400 -11.50034
 -11.52822 -11.55592 -11.58423 -11.61458 -11.64406 -11.67400 -11.70433 -11.73784
 -11.76893 -11.80020
 -11.17414 -11.19251 -11.21119 -11.23017 -11.24941 -11.26914 -11.28935 -11.30993
 -11.33126 -11.35303 -11.37547 -11.39891 -11.42284 -11.44797 -11.47352 -11.49989
 -11.52773 -11.55575 -11.58453 -11.61518 -11.64542 -11.67626 -11.70763 -11.74174
 -11.77411 -11.80677
 -11.20627 -11.22361 -11.24122 -11.25916 -11.27741 -11.29618 -11.31536 -11.33521
 -11.35558 -11.37680 -11.39862 -11.42147 -11.44497 -11.46968 -11.49500 -11.52126
 -11.54899 -11.57712 -11.60615 -11.63603 -11.66770 -11.69917 -11.73129 -11.76397
 -11.79918 -11.83290
 -11.25762 -11.27403 -11.29074 -11.30774 -11.32519 -11.34312 -11.36152 -11.38062
 -11.40029 -11.42085 -11.44209 -11.46438 -11.48743 -11.51144 -11.53675 -11.56280
 -11.59033 -11.61845 -11.64756 -11.67762 -11.70943 -11.74128 -11.77389 -11.80717
 -11.84278 -11.87726
 -11.32578 -11.34143 -11.35738 -11.37364 -11.39037 -11.40759 -11.42532 -11.44376
 -11.46282 -11.48278 -11.50348 -11.52527 -11.54787 -11.57149 -11.59644 -11.62222
 -11.64911 -11.67750 -11.70656 -11.73666 -11.76849 -11.80054 -11.83343 -11.86708
 -11.90295 -11.93795
 -11.40835 -11.42337 -11.43865 -11.45434 -11.47046 -11.48703 -11.50423 -11.52210
 -11.54063 -11.56006 -11.58027 -11.60142 -11.62374 -11.64697 -11.67154 -11.69703
 -11.72366 -11.75182 -11.78074 -11.81077 -11.84252 -11.87462 -11.90764 -11.94149
 -11.97749 -12.01282
 -11.50302 -11.51750 -11.53229 -11.54746 -11.56307 -11.57914 -11.59584 -11.61314
 -11.63126 -11.65012 -11.66997 -11.69069 -11.71258 -11.73543 -11.75962 -11.78478
 -11.81112 -11.83900 -11.86772 -11.89759 -11.92856 -11.96124 -11.99427 -12.02818
 -12.06289 -12.09973
 -11.60773 -11.62177 -11.63614 -11.65088 -11.66601 -11.68169 -11.69795 -11.71483
 -11.73251 -11.75094 -11.77037 -11.79068 -11.81217 -11.83463 -11.85825 -11.88326
 -11.90928 -11.93686 -11.96533 -11.99498 -12.02578 -12.05830 -12.09124 -12.12512
 -12.15983 -12.19667
 -11.72064 -11.73434 -11.74835 -11.76272 -11.77748 -11.79278 -11.80867 -11.82516
 -11.84245 -11.86050 -11.87954 -11.89946 -11.92056 -11.94265 -11.96589 -11.99055
 -12.01623 -12.04316 -12.07166 -12.10106 -12.13163 -12.16394 -12.19672 -12.23049
 -12.26514 -12.30190
 -11.84025 -11.85366 -11.86736 -11.88139 -11.89586 -11.91083 -11.92634 -11.94253
 -11.95947 -11.97716 -11.99583 -12.01539 -12.03599 -12.05783 -12.08072 -12.10500
 -12.13035 -12.15694 -12.18512 -12.21422 -12.24452 -12.27658 -12.30917 -12.34276
 -12.37727 -12.41390
 -11.96526 -11.97842 -11.99184 -12.00562 -12.01982 -12.03450 -12.04971 -12.06559
 -12.08215 -12.09957 -12.11781 -12.13710 -12.15735 -12.17883 -12.20135 -12.22527
 -12.25026 -12.27651 -12.30435 -12.33314 -12.36314 -12.39432 -12.42726 -12.46063
 -12.49495 -12.53013
 -12.09463 -12.10757 -12.12077 -12.13432 -12.14827 -12.16266 -12.17763 -12.19323
 -12.20949 -12.22660 -12.24452 -12.26348 -12.28338 -12.30450 -12.32667 -12.35004
 -12.37486 -12.40075 -12.42824 -12.45670 -12.48639 -12.51727 -12.54992 -12.58304
 -12.61714 -12.65211
 -12.22747 -12.24023 -12.25325 -12.26660 -12.28033 -12.29449 -12.30921 -12.32455
 -12.34054 -12.35736 -12.37497 -12.39360 -12.41317 -12.43395 -12.45576 -12.47878
 -12.50323 -12.52877 -12.55558 -12.58401 -12.61336 -12.64393 -12.67627 -12.70912
 -12.74296 -12.77770
 -12.36313 -12.37573 -12.38858 -12.40175 -12.41526 -12.42923 -12.44373 -12.45878
 -12.47456 -12.49110 -12.50842 -12.52675 -12.54599 -12.56631 -12.58790 -12.61056
 -12.63465 -12.65983 -12.68628 -12.71435 -12.74335 -12.77358 -12.80561 -12.83815
 -12.87171 -12.90620
 -12.50101 -12.51348 -12.52618 -12.53916 -12.55252 -12.56631 -12.58060 -12.59542
 -12.61095 -12.62717 -12.64428 -12.66222 -12.68124 -12.70123 -12.72248 -12.74478
 -12.76852 -12.79333 -12.81941 -12.84712 -12.87577 -12.90565 -12.93671 -12.96957
 -13.00283 -13.03704
 -12.64068 -12.65303 -12.66560 -12.67843 -12.69163 -12.70524 -12.71931 -12.73396
 -12.74926 -12.76523 -12.78207 -12.79973 -12.81844 -12.83811 -12.85903 -12.88098
 -12.90416 -12.92880 -12.95452 -12.98187 -13.01015 -13.03967 -13.07039 -13.10292
 -13.13587 -13.16978
 -12.78177 -12.79399 -12.80644 -12.81917 -12.83222 -12.84567 -12.85955 -12.87401
 -12.88909 -12.90483 -12.92141 -12.93879 -12.95721 -12.97657 -12.99715 -13.01877
 -13.04158 -13.06587 -13.09122 -13.11784 -13.14611 -13.17528 -13.20564 -13.23784
 -13.27046 -13.30406
 -12.92398 -12.93612 -12.94847 -12.96107 -12.97399 -12.98726 -13.00100 -13.01527
 -13.03010 -13.04566 -13.06200 -13.07911 -13.09725 -13.11630 -13.13642 -13.15783
 -13.18030 -13.20423 -13.22920 -13.25546 -13.28336 -13.31216 -13.34216 -13.37402
 -13.40631 -13.43959
 -13.06711 -13.07916 -13.09141 -13.10390 -13.11667 -13.12983 -13.14342 -13.15751
 -13.17214 -13.18749 -13.20352 -13.22044 -13.23820 -13.25705 -13.27686 -13.29794
 -13.32006 -13.34363 -13.36824 -13.39412 -13.42165 -13.45008 -13.47972 -13.51052
 -13.54318 -13.57613
 -13.21095 -13.22293 -13.23509 -13.24748 -13.26014 -13.27316 -13.28660 -13.30049
 -13.31497 -13.33011 -13.34591 -13.36259 -13.38008 -13.39863 -13.41813 -13.43888
 -13.46066 -13.48365 -13.50812 -13.53363 -13.56080 -13.58885 -13.61813 -13.64857
 -13.68089 -13.71351
 -13.35537 -13.36728 -13.37934 -13.39164 -13.40421 -13.41711 -13.43041 -13.44414
 -13.45844 -13.47338 -13.48896 -13.50540 -13.52262 -13.54090 -13.56009 -13.58052
 -13.60196 -13.62459 -13.64871 -13.67385 -13.70025 -13.72833 -13.75723 -13.78731
 -13.81929 -13.85157
 -13.50023 -13.51208 -13.52408 -13.53629 -13.54876 -13.56154 -13.57468 -13.58829
 -13.60243 -13.61712 -13.63254 -13.64874 -13.66571 -13.68371 -13.70260 -13.72257
 -13.74382 -13.76611 -13.78987 -13.81464 -13.84067 -13.86838 -13.89691 -13.92663
 -13.95826 -13.99021
 -13.64547 -13.65726 -13.66919 -13.68132 -13.69370 -13.70635 -13.71938 -13.73285
 -13.74683 -13.76133 -13.77655 -13.79245 -13.80925 -13.82687 -13.84558 -13.86523
 -13.88616 -13.90810 -13.93151 -13.95591 -13.98158 -14.00891 -14.03708 -14.06643
 -14.09691 -14.12931
 -13.79100 -13.80274 -13.81461 -13.82667 -13.83895 -13.85150 -13.86442 -13.87775
 -13.89152 -13.90590 -13.92092 -13.93659 -13.95315 -13.97051 -13.98893 -14.00828
 -14.02889 -14.05049 -14.07329 -14.09759 -14.12288 -14.14986 -14.17765 -14.20664
 -14.23676 -14.26882
 -13.93677 -13.94845 -13.96027 -13.97224 -13.98444 -13.99691 -14.00971 -14.02291
 -14.03654 -14.05074 -14.06557 -14.08104 -14.09736 -14.11445 -14.13260 -14.15165
 -14.17194 -14.19321 -14.21566 -14.23961 -14.26453 -14.29070 -14.31856 -14.34718
 -14.37695 -14.40867
 -14.08271 -14.09435 -14.10611 -14.11803 -14.13015 -14.14253 -14.15522 -14.16826
 -14.18178 -14.19582 -14.21041 -14.22572 -14.24182 -14.25866 -14.27654 -14.29529
 -14.31511 -14.33622 -14.35833 -14.38192 -14.40648 -14.43228 -14.45978 -14.48803
 -14.51744 -14.54882
 -14.22881 -14.24041 -14.25212 -14.26398 -14.27603 -14.28832 -14.30088 -14.31383
 -14.32721 -14.34109 -14.35550 -14.37062 -14.38641 -14.40309 -14.42059 -14.43917
 -14.45868 -14.47947 -14.50124 -14.52448 -14.54868 -14.57412 -14.60125 -14.62914
 -14.65818 -14.68833
 -14.37503 -14.38660 -14.39826 -14.41006 -14.42204 -14.43425 -14.44671 -14.45955
 -14.47279 -14.48648 -14.50076 -14.51569 -14.53126 -14.54771 -14.56495 -14.58325
 -14.60246 -14.62293 -14.64436 -14.66698 -14.69110 -14.71617 -14.74295 -14.77047
 -14.79916 -14.82895
 -14.52135 -14.53288 -14.54450 -14.55625 -14.56814 -14.58027 -14.59267 -14.60539
 -14.61851 -14.63205 -14.64617 -14.66091 -14.67627 -14.69249 -14.70947 -14.72750
 -14.74641 -14.76657 -14.78768 -14.80995 -14.83373 -14.85843 -14.88436 -14.91201
 -14.94033 -14.96977
 -14.66775 -14.67924 -14.69081 -14.70251 -14.71436 -14.72641 -14.73872 -14.75134
 -14.76430 -14.77774 -14.79170 -14.80619 -14.82142 -14.83741 -14.85415 -14.87191
 -14.89053 -14.91020 -14.93116 -14.95310 -14.97653 -15.00088 -15.02644 -15.05373
 -15.08169 -15.11078
 -14.81421 -14.82567 -14.83721 -14.84886 -14.86065 -14.87263 -14.88486 -14.89735
 -14.91022 -14.92352 -14.93733 -14.95165 -14.96668 -14.98236 -14.99895 -15.01632
 -15.03479 -15.05415 -15.07480 -15.09640 -15.11948 -15.14348 -15.16868 -15.19561
 -15.22322 -15.25196
 -14.96073 -14.97216 -14.98366 -14.99527 -15.00701 -15.01892 -15.03107 -15.04346
 -15.05623 -15.06940 -15.08300 -15.09720 -15.11204 -15.12752 -15.14387 -15.16099
 -15.17918 -15.19825 -15.21858 -15.23985 -15.26229 -15.28624 -15.31108 -15.33766
 -15.36491 -15.39329
 -15.10728 -15.11870 -15.13017 -15.14173 -15.15341 -15.16525 -15.17731 -15.18964
 -15.20230 -15.21535 -15.22881 -15.24285 -15.25750 -15.27277 -15.28889 -15.30576
 -15.32368 -15.34246 -15.36249 -15.38343 -15.40553 -15.42913 -15.45362 -15.47931
 -15.50674 -15.53477
 -15.25387 -15.26526 -15.27670 -15.28822 -15.29985 -15.31164 -15.32364 -15.33588
 -15.34843 -15.36132 -15.37469 -15.38857 -15.40297 -15.41811 -15.43401 -15.45064
 -15.46830 -15.48679 -15.50631 -15.52714 -15.54890 -15.57216 -15.59630 -15.62163
 -15.64871 -15.67639
 -15.40050 -15.41186 -15.42327 -15.43476 -15.44635 -15.45808 -15.47001 -15.48217
 -15.49459 -15.50740 -15.52063 -15.53436 -15.54859 -15.56354 -15.57912 -15.59561
 -15.61287 -15.63122 -15.65045 -15.67096 -15.69239 -15.71531 -15.73910 -15.76408
 -15.79080 -15.81814
 -15.54715 -15.55849 -15.56987 -15.58132 -15.59287 -15.60455 -15.61641 -15.62850
 -15.64083 -15.65352 -15.66663 -15.68015 -15.69428 -15.70903 -15.72441 -15.74067
 -15.75767 -15.77575 -15.79468 -15.81489 -15.83600 -15.85825 -15.88203 -15.90665
 -15.93303 -15.96001
 -15.69381 -15.70513 -15.71650 -15.72792 -15.73943 -15.75106 -15.76284 -15.77484
 -15.78711 -15.79970 -15.81268 -15.82607 -15.84003 -15.85460 -15.86978 -15.88581
 -15.90257 -15.92038 -15.93902 -15.95893 -15.97971 -16.00163 -16.02507 -16.04935
 -16.07480 -16.10201
 ---------------------------------------------------/ Z1= 3   / DATE= 29.03.90
 -11.47679 -11.48431 -11.48538 -11.49376 -11.50323 -11.51407 -11.51499 -11.52754
 -11.52839 -11.54315 -11.54394 -11.56162 -11.56236 -11.58401 -11.58470 -11.61190
 -11.61256 -11.61318 -11.64853 -11.64912 -11.64968 -11.65021 -11.69829 -11.69882
 -11.69931 -11.69977
 -11.48423 -11.48826 -11.49748 -11.50740 -11.51820 -11.52174 -11.53359 -11.54690
 -11.55011 -11.56530 -11.56829 -11.58601 -11.58881 -11.61006 -11.61269 -11.61519
 -11.64148 -11.64385 -11.67765 -11.67993 -11.68209 -11.68413 -11.72991 -11.73192
 -11.73382 -11.73561
 -11.42472 -11.43713 -11.44985 -11.46303 -11.47679 -11.48510 -11.49949 -11.51496
 -11.52266 -11.53946 -11.54674 -11.56546 -11.57235 -11.59386 -11.60040 -11.60666
 -11.63228 -11.63827 -11.64398 -11.67600 -11.68151 -11.68677 -11.72916 -11.73435
 -11.73928 -11.74397
 -11.32218 -11.33851 -11.35503 -11.37180 -11.38546 -11.40241 -11.41988 -11.43287
 -11.45088 -11.46990 -11.48222 -11.50254 -11.51439 -11.52588 -11.54810 -11.55914
 -11.58447 -11.59512 -11.60541 -11.63568 -11.64568 -11.65530 -11.69385 -11.70336
 -11.71250 -11.72126
 -11.21385 -11.23298 -11.25225 -11.26984 -11.28916 -11.30872 -11.32862 -11.34558
 -11.36582 -11.38236 -11.40316 -11.41926 -11.44094 -11.45659 -11.47968 -11.49489
 -11.52020 -11.53504 -11.54949 -11.57845 -11.59260 -11.60635 -11.61969 -11.65522
 -11.66842 -11.68121
 -11.12904 -11.14985 -11.16976 -11.19064 -11.21166 -11.23287 -11.25245 -11.27382
 -11.29554 -11.31473 -11.33685 -11.35571 -11.37846 -11.39697 -11.42072 -11.43887
 -11.45671 -11.48207 -11.49955 -11.52766 -11.54487 -11.56171 -11.57817 -11.61134
 -11.62766 -11.64358
 -11.07749 -11.09861 -11.12034 -11.14219 -11.16417 -11.18631 -11.20731 -11.22961
 -11.25219 -11.27296 -11.29586 -11.31639 -11.33978 -11.36004 -11.38421 -11.40420
 -11.42393 -11.44935 -11.46880 -11.48795 -11.51556 -11.53447 -11.55306 -11.58463
 -11.60308 -11.62118
 -11.05658 -11.07859 -11.10072 -11.12296 -11.14532 -11.16701 -11.18951 -11.21218
 -11.23376 -11.25663 -11.27982 -11.30120 -11.32481 -11.34601 -11.36704 -11.39127
 -11.41209 -11.43739 -11.45802 -11.47842 -11.50556 -11.52580 -11.54577 -11.57624
 -11.59615 -11.61577
 -11.05826 -11.08005 -11.10194 -11.12393 -11.14550 -11.16761 -11.18984 -11.21222
 -11.23375 -11.25632 -11.27777 -11.30060 -11.32195 -11.34517 -11.36643 -11.39028
 -11.41146 -11.43630 -11.45744 -11.47848 -11.50504 -11.52610 -11.54702 -11.56778
 -11.59762 -11.61848
 -11.07006 -11.09082 -11.11165 -11.13221 -11.15312 -11.17409 -11.19516 -11.21570
 -11.23689 -11.25826 -11.27879 -11.30043 -11.32098 -11.34306 -11.36368 -11.38645
 -11.40723 -11.42805 -11.45206 -11.47316 -11.49883 -11.52031 -11.54187 -11.56350
 -11.59261 -11.61469
 -11.08226 -11.10116 -11.11985 -11.13875 -11.15768 -11.17665 -11.19569 -11.21432
 -11.23348 -11.25280 -11.27153 -11.29120 -11.31011 -11.33031 -11.34955 -11.37057
 -11.39028 -11.41025 -11.43287 -11.45356 -11.47458 -11.49956 -11.52149 -11.54379
 -11.57217 -11.59546
 -11.09223 -11.10873 -11.12521 -11.14168 -11.15816 -11.17466 -11.19091 -11.20750
 -11.22422 -11.24063 -11.25767 -11.27502 -11.29193 -11.30998 -11.32749 -11.34535
 -11.36487 -11.38367 -11.40475 -11.42471 -11.44529 -11.46919 -11.49121 -11.51392
 -11.54157 -11.56585
 -11.10472 -11.11884 -11.13293 -11.14700 -11.16108 -11.17500 -11.18914 -11.20340
 -11.21782 -11.23209 -11.24694 -11.26166 -11.27719 -11.29261 -11.30913 -11.32552
 -11.34340 -11.36104 -11.38069 -11.39988 -11.41989 -11.44277 -11.46467 -11.48750
 -11.51127 -11.53936
 -11.12620 -11.13826 -11.15030 -11.16234 -11.17427 -11.18637 -11.19856 -11.21089
 -11.22319 -11.23594 -11.24901 -11.26211 -11.27600 -11.28997 -11.30500 -11.32014
 -11.33669 -11.35333 -11.37082 -11.39026 -11.40969 -11.43169 -11.45332 -11.47607
 -11.49994 -11.52756
 -11.16147 -11.17191 -11.18234 -11.19269 -11.20317 -11.21372 -11.22440 -11.23526
 -11.24616 -11.25751 -11.26923 -11.28109 -11.29371 -11.30657 -11.32044 -11.33460
 -11.35010 -11.36591 -11.38266 -11.40125 -11.42013 -11.44016 -11.46265 -11.48517
 -11.50895 -11.53609
 -11.21245 -11.22165 -11.23084 -11.24007 -11.24937 -11.25877 -11.26832 -11.27794
 -11.28792 -11.29822 -11.30872 -11.31983 -11.33150 -11.34349 -11.35647 -11.36985
 -11.38405 -11.39964 -11.41576 -11.43364 -11.45200 -11.47158 -11.49349 -11.51570
 -11.53924 -11.56591
 -11.27903 -11.28730 -11.29558 -11.30391 -11.31233 -11.32086 -11.32947 -11.33838
 -11.34755 -11.35706 -11.36681 -11.37717 -11.38788 -11.39941 -11.41139 -11.42443
 -11.43803 -11.45298 -11.46855 -11.48581 -11.50369 -11.52282 -11.54418 -11.56603
 -11.58927 -11.61392
 -11.35976 -11.36733 -11.37493 -11.38259 -11.39034 -11.39815 -11.40620 -11.41448
 -11.42303 -11.43181 -11.44110 -11.45088 -11.46102 -11.47198 -11.48342 -11.49591
 -11.50899 -11.52340 -11.53847 -11.55467 -11.57262 -11.59131 -11.61216 -11.63361
 -11.65649 -11.68081
 -11.45279 -11.45983 -11.46691 -11.47405 -11.48125 -11.48862 -11.49618 -11.50396
 -11.51204 -11.52035 -11.52916 -11.53847 -11.54816 -11.55864 -11.56963 -11.58164
 -11.59428 -11.60820 -11.62283 -11.63858 -11.65605 -11.67430 -11.69390 -11.71571
 -11.73819 -11.76214
 -11.55615 -11.56279 -11.56946 -11.57620 -11.58305 -11.59003 -11.59721 -11.60461
 -11.61221 -11.62023 -11.62866 -11.63743 -11.64688 -11.65696 -11.66756 -11.67916
 -11.69139 -11.70456 -11.71910 -11.73443 -11.75144 -11.76927 -11.78845 -11.80979
 -11.83185 -11.85540
 -11.66812 -11.67444 -11.68080 -11.68724 -11.69377 -11.70045 -11.70732 -11.71434
 -11.72170 -11.72940 -11.73751 -11.74596 -11.75507 -11.76464 -11.77506 -11.78607
 -11.79815 -11.81094 -11.82508 -11.84001 -11.85659 -11.87401 -11.89276 -11.91364
 -11.93527 -11.95839
 -11.78710 -11.79317 -11.79929 -11.80547 -11.81177 -11.81820 -11.82475 -11.83158
 -11.83868 -11.84612 -11.85385 -11.86212 -11.87093 -11.88020 -11.89030 -11.90099
 -11.91272 -11.92516 -11.93892 -11.95346 -11.96919 -11.98663 -12.00496 -12.02540
 -12.04659 -12.06927
 -11.91173 -11.91762 -11.92354 -11.92953 -11.93563 -11.94181 -11.94820 -11.95481
 -11.96170 -11.96890 -11.97640 -11.98442 -11.99298 -12.00197 -12.01178 -12.02216
 -12.03358 -12.04568 -12.05908 -12.07325 -12.08858 -12.10562 -12.12353 -12.14282
 -12.16427 -12.18649
 -12.04094 -12.04666 -12.05242 -12.05824 -12.06416 -12.07022 -12.07644 -12.08287
 -12.08956 -12.09649 -12.10385 -12.11166 -12.11985 -12.12872 -12.13827 -12.14836
 -12.15948 -12.17126 -12.18400 -12.19812 -12.21308 -12.22972 -12.24721 -12.26606
 -12.28706 -12.30883
 -12.17383 -12.17942 -12.18504 -12.19074 -12.19652 -12.20243 -12.20850 -12.21477
 -12.22123 -12.22805 -12.23523 -12.24283 -12.25081 -12.25945 -12.26859 -12.27858
 -12.28919 -12.30088 -12.31330 -12.32707 -12.34166 -12.35790 -12.37498 -12.39340
 -12.41396 -12.43527
 -12.30963 -12.31512 -12.32064 -12.32622 -12.33189 -12.33767 -12.34361 -12.34970
 -12.35607 -12.36273 -12.36974 -12.37706 -12.38494 -12.39336 -12.40226 -12.41201
 -12.42234 -12.43374 -12.44584 -12.45928 -12.47350 -12.48890 -12.50604 -12.52403
 -12.54415 -12.56499
 -12.44776 -12.45315 -12.45861 -12.46409 -12.46966 -12.47534 -12.48112 -12.48713
 -12.49337 -12.49989 -12.50674 -12.51389 -12.52159 -12.52982 -12.53850 -12.54800
 -12.55807 -12.56919 -12.58099 -12.59410 -12.60796 -12.62299 -12.63973 -12.65730
 -12.67624 -12.69737
 -12.58776 -12.59308 -12.59844 -12.60384 -12.60931 -12.61490 -12.62062 -12.62652
 -12.63264 -12.63903 -12.64566 -12.65273 -12.66026 -12.66816 -12.67677 -12.68604
 -12.69586 -12.70671 -12.71821 -12.73068 -12.74452 -12.75918 -12.77553 -12.79269
 -12.81119 -12.83187
 -12.72924 -12.73450 -12.73979 -12.74512 -12.75053 -12.75603 -12.76166 -12.76746
 -12.77347 -12.77967 -12.78624 -12.79317 -12.80053 -12.80826 -12.81666 -12.82555
 -12.83530 -12.84566 -12.85711 -12.86926 -12.88277 -12.89706 -12.91304 -12.92978
 -12.94785 -12.96809
 -12.87189 -12.87711 -12.88234 -12.88761 -12.89295 -12.89838 -12.90393 -12.90964
 -12.91550 -12.92165 -12.92809 -12.93488 -12.94198 -12.94965 -12.95786 -12.96654
 -12.97607 -12.98616 -12.99734 -13.00918 -13.02238 -13.03631 -13.05141 -13.06826
 -13.08590 -13.10571
 -13.01548 -13.02063 -13.02581 -13.03106 -13.03633 -13.04170 -13.04718 -13.05276
 -13.05857 -13.06462 -13.07095 -13.07761 -13.08457 -13.09207 -13.10011 -13.10858
 -13.11789 -13.12774 -13.13864 -13.15020 -13.16307 -13.17666 -13.19139 -13.20785
 -13.22507 -13.24362
 -13.15981 -13.16492 -13.17006 -13.17523 -13.18046 -13.18576 -13.19116 -13.19671
 -13.20244 -13.20839 -13.21461 -13.22106 -13.22797 -13.23532 -13.24304 -13.25146
 -13.26056 -13.27017 -13.28082 -13.29209 -13.30430 -13.31791 -13.33227 -13.34836
 -13.36517 -13.38328
 -13.30474 -13.30981 -13.31492 -13.32005 -13.32522 -13.33047 -13.33582 -13.34130
 -13.34694 -13.35280 -13.35885 -13.36526 -13.37203 -13.37924 -13.38679 -13.39503
 -13.40373 -13.41330 -13.42345 -13.43469 -13.44660 -13.45989 -13.47390 -13.48961
 -13.50601 -13.52370
 -13.45013 -13.45518 -13.46025 -13.46534 -13.47047 -13.47567 -13.48096 -13.48638
 -13.49195 -13.49767 -13.50367 -13.50998 -13.51663 -13.52357 -13.53109 -13.53915
 -13.54765 -13.55700 -13.56690 -13.57788 -13.58949 -13.60247 -13.61613 -13.63091
 -13.64748 -13.66475
 -13.59590 -13.60092 -13.60594 -13.61100 -13.61611 -13.62127 -13.62651 -13.63186
 -13.63732 -13.64300 -13.64892 -13.65512 -13.66165 -13.66846 -13.67582 -13.68371
 -13.69202 -13.70116 -13.71082 -13.72155 -13.73287 -13.74554 -13.75886 -13.77328
 -13.78948 -13.80633
 -13.74196 -13.74696 -13.75196 -13.75698 -13.76204 -13.76715 -13.77233 -13.77762
 -13.78306 -13.78867 -13.79450 -13.80060 -13.80692 -13.81370 -13.82091 -13.82848
 -13.83676 -13.84570 -13.85513 -13.86561 -13.87665 -13.88863 -13.90201 -13.91608
 -13.93190 -13.94836
 -13.88827 -13.89325 -13.89822 -13.90322 -13.90824 -13.91331 -13.91845 -13.92369
 -13.92906 -13.93460 -13.94035 -13.94627 -13.95257 -13.95922 -13.96630 -13.97371
 -13.98181 -13.99034 -13.99976 -14.00971 -14.02077 -14.03245 -14.04552 -14.05924
 -14.07470 -14.09076
 -14.03477 -14.03973 -14.04468 -14.04965 -14.05464 -14.05968 -14.06478 -14.06997
 -14.07528 -14.08076 -14.08636 -14.09226 -14.09845 -14.10499 -14.11180 -14.11919
 -14.12712 -14.13546 -14.14466 -14.15437 -14.16517 -14.17656 -14.18933 -14.20271
 -14.21720 -14.23349
 -14.18142 -14.18637 -14.19129 -14.19622 -14.20118 -14.20621 -14.21127 -14.21641
 -14.22167 -14.22703 -14.23261 -14.23843 -14.24452 -14.25094 -14.25763 -14.26487
 -14.27263 -14.28078 -14.28978 -14.29926 -14.30982 -14.32093 -14.33339 -14.34645
 -14.36058 -14.37650
 -14.32820 -14.33313 -14.33804 -14.34294 -14.34788 -14.35284 -14.35786 -14.36296
 -14.36816 -14.37350 -14.37901 -14.38475 -14.39075 -14.39696 -14.40362 -14.41072
 -14.41816 -14.42630 -14.43510 -14.44435 -14.45467 -14.46550 -14.47725 -14.49042
 -14.50420 -14.51977
 -14.47507 -14.47999 -14.48488 -14.48977 -14.49468 -14.49962 -14.50460 -14.50966
 -14.51481 -14.52009 -14.52554 -14.53120 -14.53702 -14.54321 -14.54976 -14.55672
 -14.56400 -14.57197 -14.58035 -14.58962 -14.59938 -14.61027 -14.62172 -14.63459
 -14.64803 -14.66325
 -14.62203 -14.62694 -14.63181 -14.63668 -14.64157 -14.64648 -14.65143 -14.65645
 -14.66156 -14.66679 -14.67217 -14.67768 -14.68349 -14.68958 -14.69601 -14.70271
 -14.70998 -14.71778 -14.72597 -14.73503 -14.74456 -14.75520 -14.76637 -14.77894
 -14.79206 -14.80624
 -14.76906 -14.77395 -14.77882 -14.78366 -14.78851 -14.79339 -14.79834 -14.80332
 -14.80839 -14.81356 -14.81883 -14.82432 -14.83005 -14.83604 -14.84237 -14.84894
 -14.85607 -14.86371 -14.87172 -14.88058 -14.88989 -14.90028 -14.91118 -14.92345
 -14.93625 -14.95010
 -14.91614 -14.92102 -14.92587 -14.93071 -14.93553 -14.94039 -14.94528 -14.95022
 -14.95524 -14.96036 -14.96562 -14.97105 -14.97669 -14.98260 -14.98870 -14.99526
 -15.00226 -15.00956 -15.01758 -15.02625 -15.03533 -15.04549 -15.05612 -15.06764
 -15.08060 -15.09411
 -15.06326 -15.06814 -15.07298 -15.07780 -15.08261 -15.08744 -15.09231 -15.09722
 -15.10219 -15.10727 -15.11247 -15.11783 -15.12340 -15.12913 -15.13522 -15.14167
 -15.14853 -15.15569 -15.16354 -15.17177 -15.18089 -15.19048 -15.20120 -15.21243
 -15.22510 -15.23828
 -15.21043 -15.21529 -15.22012 -15.22493 -15.22972 -15.23454 -15.23938 -15.24426
 -15.24920 -15.25423 -15.25938 -15.26468 -15.27010 -15.27582 -15.28182 -15.28815
 -15.29474 -15.30190 -15.30959 -15.31763 -15.32656 -15.33592 -15.34639 -15.35735
 -15.36972 -15.38258
 -15.35763 -15.36248 -15.36730 -15.37210 -15.37687 -15.38165 -15.38646 -15.39134
 -15.39624 -15.40123 -15.40633 -15.41151 -15.41693 -15.42256 -15.42847 -15.43470
 -15.44116 -15.44818 -15.45572 -15.46359 -15.47231 -15.48145 -15.49169 -15.50239
 -15.51447 -15.52702
 -15.50485 -15.50970 -15.51451 -15.51929 -15.52406 -15.52881 -15.53360 -15.53842
 -15.54329 -15.54823 -15.55327 -15.55845 -15.56380 -15.56936 -15.57518 -15.58119
 -15.58765 -15.59454 -15.60172 -15.60962 -15.61816 -15.62709 -15.63709 -15.64753
 -15.65883 -15.67159
 ---------------------------------------------------/ Z1= 4   / DATE= 29.03.90
 -11.17957 -11.18439 -11.18974 -11.19569 -11.20237 -11.20989 -11.21842 -11.21842
 -11.22818 -11.23945 -11.23945 -11.25259 -11.26810 -11.26810 -11.28669 -11.28669
 -11.28669 -11.30936 -11.30936 -11.33765 -11.33765 -11.33765 -11.37400 -11.37400
 -11.37400 -11.42269
 -11.24232 -11.24684 -11.25186 -11.25746 -11.26375 -11.27086 -11.27086 -11.27894
 -11.28821 -11.29894 -11.29894 -11.31150 -11.31150 -11.32637 -11.32637 -11.34427
 -11.34427 -11.36619 -11.36619 -11.39366 -11.39366 -11.39366 -11.42916 -11.42916
 -11.42916 -11.42916
 -11.30641 -11.31063 -11.31533 -11.32059 -11.32650 -11.32650 -11.33320 -11.34083
 -11.34961 -11.34961 -11.35980 -11.37175 -11.37175 -11.38597 -11.38597 -11.40313
 -11.40313 -11.42425 -11.42425 -11.42425 -11.45084 -11.45084 -11.48539 -11.48539
 -11.48539 -11.48539
 -11.37189 -11.37583 -11.38022 -11.38513 -11.38513 -11.39068 -11.39697 -11.40416
 -11.41245 -11.41245 -11.42210 -11.43345 -11.43345 -11.44699 -11.44699 -11.46340
 -11.46340 -11.48367 -11.48367 -11.48367 -11.50933 -11.50933 -11.50933 -11.54282
 -11.54282 -11.54282
 -11.43555 -11.43883 -11.44249 -11.44657 -11.45116 -11.45635 -11.46224 -11.46900
 -11.46900 -11.47681 -11.48592 -11.48592 -11.49667 -11.50954 -11.50954 -11.52519
 -11.52519 -11.52519 -11.54459 -11.54459 -11.56925 -11.56925 -11.56925 -11.60162
 -11.60162 -11.60162
 -11.50425 -11.50729 -11.51068 -11.51447 -11.51874 -11.52358 -11.52909 -11.52909
 -11.53542 -11.54276 -11.55135 -11.55135 -11.56151 -11.56151 -11.57371 -11.57371
 -11.58859 -11.58859 -11.60711 -11.60711 -11.63075 -11.63075 -11.63075 -11.66194
 -11.66194 -11.66194
 -11.57454 -11.57734 -11.58047 -11.58398 -11.58794 -11.59244 -11.59244 -11.59758
 -11.60351 -11.61039 -11.61039 -11.61846 -11.62804 -11.62804 -11.63958 -11.63958
 -11.65370 -11.65370 -11.67135 -11.67135 -11.67135 -11.69396 -11.69396 -11.72394
 -11.72394 -11.72394
 -11.64414 -11.64903 -11.65192 -11.65517 -11.65884 -11.65884 -11.66301 -11.66780
 -11.67332 -11.67976 -11.67976 -11.68733 -11.69635 -11.69635 -11.70725 -11.70725
 -11.72063 -11.72063 -11.73740 -11.73740 -11.73740 -11.75899 -11.75899 -11.75899
 -11.78773 -11.78773
 -11.71795 -11.72008 -11.72245 -11.72511 -11.72810 -11.73149 -11.73536 -11.73980
 -11.74495 -11.74495 -11.75096 -11.75805 -11.75805 -11.76652 -11.77679 -11.77679
 -11.78944 -11.78944 -11.78944 -11.80537 -11.80537 -11.82595 -11.82595 -11.82595
 -11.85346 -11.85346
 -11.79353 -11.79548 -11.79765 -11.80009 -11.80285 -11.80598 -11.80956 -11.81368
 -11.81368 -11.81846 -11.82406 -11.83069 -11.83069 -11.83863 -11.83863 -11.84829
 -11.84829 -11.86024 -11.86024 -11.87534 -11.87534 -11.89492 -11.89492 -11.89492
 -11.92123 -11.92123
 -11.87093 -11.87271 -11.87471 -11.87695 -11.87949 -11.88237 -11.88568 -11.88568
 -11.88949 -11.89393 -11.89914 -11.89914 -11.90533 -11.91277 -11.91277 -11.92184
 -11.92184 -11.93311 -11.93311 -11.94740 -11.94740 -11.94740 -11.96602 -11.96602
 -11.99114 -11.99114
 -11.94877 -11.95023 -11.95369 -11.95574 -11.95808 -11.96074 -11.96074 -11.96379
 -11.96731 -11.97143 -11.97627 -11.97627 -11.98204 -11.98900 -11.98900 -11.99751
 -11.99751 -12.00812 -12.00812 -12.02163 -12.02163 -12.02163 -12.03931 -12.03931
 -12.03931 -12.06328
 -12.03015 -12.03149 -12.03298 -12.03466 -12.03655 -12.03869 -12.04114 -12.04396
 -12.04722 -12.05103 -12.05103 -12.05553 -12.06090 -12.06090 -12.06740 -12.07538
 -12.07538 -12.08536 -12.08536 -12.08536 -12.09812 -12.09812 -12.11490 -12.11490
 -12.11490 -12.13775
 -12.11347 -12.11470 -12.11606 -12.11760 -12.11934 -12.12131 -12.12357 -12.12616
 -12.12918 -12.12918 -12.13271 -12.13689 -12.14189 -12.14190 -12.14796 -12.14796
 -12.15544 -12.15544 -12.16482 -12.16482 -12.17687 -12.17687 -12.19277 -12.19277
 -12.19277 -12.21454
 -12.19744 -12.19857 -12.19982 -12.20123 -12.20283 -12.20464 -12.20672 -12.20912
 -12.20912 -12.21191 -12.21519 -12.21906 -12.21908 -12.22373 -12.22939 -12.22941
 -12.23640 -12.23643 -12.24524 -12.24526 -12.25661 -12.25665 -12.25669 -12.27174
 -12.27179 -12.29249
 -12.27103 -12.27106 -12.27209 -12.27449 -12.27595 -12.27761 -12.27952 -12.27958
 -12.28179 -12.28437 -12.28739 -12.29097 -12.29109 -12.29540 -12.30066 -12.30082
 -12.30734 -12.30755 -12.31578 -12.31604 -12.32668 -12.32700 -12.32735 -12.34153
 -12.34196 -12.34241
 -12.28902 -12.28917 -12.29010 -12.29116 -12.29235 -12.29369 -12.29523 -12.29699
 -12.29902 -12.30138 -12.30414 -12.30465 -12.30798 -12.31195 -12.31269 -12.31757
 -12.32354 -12.32459 -12.33216 -12.33348 -12.33492 -12.34488 -12.34666 -12.35982
 -12.36197 -12.36429
 -12.18554 -12.18590 -12.18677 -12.18775 -12.18886 -12.19013 -12.19157 -12.19321
 -12.19510 -12.19727 -12.19842 -12.20110 -12.20421 -12.20785 -12.20973 -12.21429
 -12.21667 -12.22240 -12.22540 -12.23265 -12.23640 -12.24569 -12.25031 -12.26237
 -12.26802 -12.27417
 -11.98610 -11.98664 -11.98747 -11.98841 -11.98948 -11.99069 -11.99207 -11.99365
 -11.99545 -11.99695 -11.99921 -12.00181 -12.00478 -12.00727 -12.01102 -12.01536
 -12.01893 -12.02442 -12.02893 -12.03588 -12.04155 -12.05037 -12.05741 -12.06520
 -12.07729 -12.08680
 -11.78173 -11.78234 -11.78304 -11.78394 -11.78509 -11.78627 -11.78761 -11.78913
 -11.79065 -11.79260 -11.79481 -11.79734 -11.80022 -11.80307 -11.80673 -11.81092
 -11.81502 -11.82034 -11.82554 -11.83228 -11.83882 -11.84733 -11.85549 -11.86456
 -11.87630 -11.88742
 -11.62125 -11.62189 -11.62262 -11.62350 -11.62449 -11.62563 -11.62692 -11.62839
 -11.63006 -11.63196 -11.63412 -11.63657 -11.63918 -11.64232 -11.64590 -11.64967
 -11.65422 -11.65938 -11.66479 -11.67134 -11.67816 -11.68578 -11.69494 -11.70443
 -11.71585 -11.72754
 -11.51408 -11.51472 -11.51544 -11.51630 -11.51727 -11.51838 -11.51963 -11.52106
 -11.52269 -11.52453 -11.52664 -11.52893 -11.53163 -11.53469 -11.53816 -11.54193
 -11.54636 -11.55117 -11.55679 -11.56288 -11.56999 -11.57764 -11.58657 -11.59611
 -11.60725 -11.61902
 -11.45564 -11.45627 -11.45698 -11.45781 -11.45875 -11.45982 -11.46104 -11.46243
 -11.46401 -11.46581 -11.46779 -11.47010 -11.47272 -11.47569 -11.47898 -11.48278
 -11.48709 -11.49182 -11.49730 -11.50330 -11.51022 -11.51778 -11.52648 -11.53591
 -11.54641 -11.55842
 -11.43823 -11.43884 -11.43954 -11.44033 -11.44124 -11.44230 -11.44348 -11.44483
 -11.44636 -11.44807 -11.45004 -11.45228 -11.45483 -11.45771 -11.46092 -11.46462
 -11.46880 -11.47343 -11.47875 -11.48463 -11.49136 -11.49877 -11.50724 -11.51650
 -11.52681 -11.53853
 -11.45436 -11.45495 -11.45563 -11.45640 -11.45728 -11.45829 -11.45943 -11.46074
 -11.46222 -11.46390 -11.46582 -11.46799 -11.47046 -11.47322 -11.47639 -11.47997
 -11.48397 -11.48855 -11.49372 -11.49945 -11.50600 -11.51323 -11.52133 -11.53052
 -11.54062 -11.55203
 -11.49753 -11.49811 -11.49876 -11.49951 -11.50037 -11.50134 -11.50245 -11.50372
 -11.50515 -11.50679 -11.50864 -11.51075 -11.51311 -11.51582 -11.51890 -11.52238
 -11.52626 -11.53071 -11.53566 -11.54131 -11.54759 -11.55472 -11.56262 -11.57157
 -11.58142 -11.59255
 -11.56239 -11.56294 -11.56358 -11.56430 -11.56513 -11.56608 -11.56715 -11.56838
 -11.56977 -11.57135 -11.57315 -11.57517 -11.57749 -11.58012 -11.58309 -11.58644
 -11.59025 -11.59456 -11.59938 -11.60486 -11.61097 -11.61790 -11.62560 -11.63430
 -11.64391 -11.65461
 -11.64456 -11.64510 -11.64571 -11.64641 -11.64721 -11.64813 -11.64918 -11.65036
 -11.65171 -11.65324 -11.65497 -11.65695 -11.65919 -11.66174 -11.66463 -11.66787
 -11.67157 -11.67575 -11.68043 -11.68575 -11.69169 -11.69843 -11.70592 -11.71438
 -11.72374 -11.73417
 -11.74054 -11.74106 -11.74166 -11.74234 -11.74311 -11.74399 -11.74500 -11.74615
 -11.74745 -11.74894 -11.75062 -11.75254 -11.75471 -11.75718 -11.75996 -11.76313
 -11.76671 -11.77074 -11.77532 -11.78048 -11.78625 -11.79280 -11.80008 -11.80823
 -11.81743 -11.82759
 -11.84752 -11.84802 -11.84860 -11.84926 -11.85001 -11.85086 -11.85184 -11.85295
 -11.85421 -11.85565 -11.85728 -11.85914 -11.86125 -11.86362 -11.86633 -11.86940
 -11.87288 -11.87678 -11.88122 -11.88620 -11.89184 -11.89815 -11.90528 -11.91321
 -11.92215 -11.93204
 -11.96324 -11.96373 -11.96429 -11.96493 -11.96565 -11.96648 -11.96743 -11.96850
 -11.96973 -11.97112 -11.97270 -11.97450 -11.97652 -11.97884 -11.98146 -11.98444
 -11.98779 -11.99160 -11.99591 -12.00074 -12.00622 -12.01234 -12.01927 -12.02698
 -12.03568 -12.04530
 -12.08593 -12.08640 -12.08695 -12.08756 -12.08826 -12.08906 -12.08998 -12.09102
 -12.09221 -12.09355 -12.09509 -12.09682 -12.09879 -12.10103 -12.10358 -12.10646
 -12.10971 -12.11340 -12.11758 -12.12227 -12.12759 -12.13353 -12.14026 -12.14775
 -12.15621 -12.16558
 -12.21415 -12.21461 -12.21513 -12.21573 -12.21641 -12.21718 -12.21807 -12.21907
 -12.22022 -12.22152 -12.22300 -12.22469 -12.22660 -12.22878 -12.23124 -12.23402
 -12.23718 -12.24077 -12.24479 -12.24936 -12.25453 -12.26030 -12.26683 -12.27411
 -12.28227 -12.29145
 -12.34677 -12.34721 -12.34772 -12.34830 -12.34895 -12.34970 -12.35056 -12.35153
 -12.35264 -12.35390 -12.35534 -12.35697 -12.35882 -12.36093 -12.36330 -12.36601
 -12.36907 -12.37255 -12.37645 -12.38089 -12.38586 -12.39150 -12.39779 -12.40492
 -12.41284 -12.42177
 -12.48288 -12.48331 -12.48380 -12.48436 -12.48499 -12.48572 -12.48655 -12.48749
 -12.48857 -12.48979 -12.49118 -12.49276 -12.49455 -12.49658 -12.49889 -12.50151
 -12.50448 -12.50783 -12.51163 -12.51594 -12.52076 -12.52623 -12.53235 -12.53927
 -12.54696 -12.55565
 -12.62177 -12.62219 -12.62266 -12.62320 -12.62382 -12.62452 -12.62531 -12.62623
 -12.62727 -12.62845 -12.62980 -12.63133 -12.63305 -12.63503 -12.63727 -12.63981
 -12.64269 -12.64593 -12.64962 -12.65379 -12.65847 -12.66378 -12.66972 -12.67644
 -12.68392 -12.69236
 -12.76287 -12.76327 -12.76373 -12.76425 -12.76484 -12.76552 -12.76629 -12.76718
 -12.76818 -12.76933 -12.77063 -12.77211 -12.77379 -12.77570 -12.77787 -12.78033
 -12.78310 -12.78626 -12.78984 -12.79386 -12.79842 -12.80358 -12.80934 -12.81586
 -12.82313 -12.83127
 -12.90571 -12.90610 -12.90655 -12.90705 -12.90763 -12.90828 -12.90903 -12.90989
 -12.91086 -12.91197 -12.91323 -12.91466 -12.91629 -12.91814 -12.92024 -12.92261
 -12.92531 -12.92837 -12.93184 -12.93573 -12.94016 -12.94512 -12.95075 -12.95704
 -12.96415 -12.97205
 -13.04995 -13.05033 -13.05076 -13.05125 -13.05181 -13.05244 -13.05316 -13.05399
 -13.05493 -13.05600 -13.05722 -13.05861 -13.06019 -13.06198 -13.06400 -13.06631
 -13.06892 -13.07189 -13.07523 -13.07903 -13.08332 -13.08813 -13.09360 -13.09970
 -13.10660 -13.11429
 -13.19530 -13.19566 -13.19608 -13.19655 -13.19709 -13.19771 -13.19840 -13.19920
 -13.20011 -13.20115 -13.20233 -13.20368 -13.20520 -13.20693 -13.20889 -13.21113
 -13.21367 -13.21654 -13.21977 -13.22346 -13.22762 -13.23229 -13.23759 -13.24351
 -13.25022 -13.25768
 -13.34153 -13.34188 -13.34228 -13.34274 -13.34326 -13.34385 -13.34453 -13.34530
 -13.34618 -13.34718 -13.34832 -13.34962 -13.35110 -13.35278 -13.35468 -13.35685
 -13.35931 -13.36207 -13.36522 -13.36879 -13.37280 -13.37736 -13.38250 -13.38825
 -13.39476 -13.40201
 -13.48845 -13.48879 -13.48918 -13.48962 -13.49012 -13.49070 -13.49135 -13.49210
 -13.49295 -13.49392 -13.49503 -13.49628 -13.49771 -13.49934 -13.50118 -13.50328
 -13.50564 -13.50834 -13.51139 -13.51486 -13.51874 -13.52316 -13.52811 -13.53372
 -13.53999 -13.54709
 -13.63593 -13.63626 -13.63663 -13.63706 -13.63755 -13.63810 -13.63874 -13.63946
 -13.64028 -13.64122 -13.64229 -13.64351 -13.64489 -13.64647 -13.64825 -13.65027
 -13.65257 -13.65518 -13.65814 -13.66147 -13.66526 -13.66955 -13.67435 -13.67980
 -13.68588 -13.69278
 -13.78384 -13.78416 -13.78453 -13.78494 -13.78541 -13.78595 -13.78656 -13.78726
 -13.78805 -13.78896 -13.79000 -13.79118 -13.79252 -13.79404 -13.79576 -13.79773
 -13.79996 -13.80249 -13.80536 -13.80858 -13.81226 -13.81641 -13.82107 -13.82636
 -13.83226 -13.83895
 -13.93211 -13.93242 -13.93277 -13.93317 -13.93363 -13.93415 -13.93474 -13.93542
 -13.93618 -13.93707 -13.93807 -13.93921 -13.94050 -13.94197 -13.94365 -13.94555
 -13.94771 -13.95016 -13.95292 -13.95607 -13.95963 -13.96362 -13.96817 -13.97331
 -13.97903 -13.98554
 -14.08066 -14.08096 -14.08130 -14.08169 -14.08213 -14.08263 -14.08321 -14.08386
 -14.08460 -14.08545 -14.08642 -14.08752 -14.08878 -14.09020 -14.09183 -14.09367
 -14.09576 -14.09811 -14.10081 -14.10385 -14.10731 -14.11118 -14.11559 -14.12052
 -14.12613 -14.13238
 -14.22943 -14.22972 -14.23005 -14.23042 -14.23085 -14.23134 -14.23189 -14.23252
 -14.23324 -14.23407 -14.23500 -14.23607 -14.23728 -14.23867 -14.24024 -14.24202
 -14.24403 -14.24633 -14.24893 -14.25189 -14.25521 -14.25899 -14.26327 -14.26805
 -14.27349 -14.27956
 -14.37838 -14.37866 -14.37898 -14.37934 -14.37975 -14.38022 -14.38076 -14.38137
 -14.38206 -14.38286 -14.38376 -14.38480 -14.38598 -14.38731 -14.38883 -14.39055
 -14.39251 -14.39473 -14.39726 -14.40012 -14.40333 -14.40700 -14.41115 -14.41579
 -14.42107 -14.42695
 ---------------------------------------------------/ Z1= 5   / DATE= 29.03.90
 -10.87050 -10.87050 -10.87420 -10.87825 -10.88269 -10.88758 -10.89299 -10.89901
 -10.90574 -10.91331 -10.91331 -10.92188 -10.93167 -10.93167 -10.94293 -10.95604
 -10.95604 -10.97149 -10.97149 -10.97149 -10.98996 -10.98996 -11.01248 -11.01248
 -11.01248 -11.04062
 -10.92951 -10.92951 -10.93297 -10.93676 -10.94093 -10.94553 -10.95064 -10.95632
 -10.96270 -10.96989 -10.96989 -10.97806 -10.98742 -10.98742 -10.99823 -10.99823
 -11.01085 -11.01085 -11.02579 -11.02579 -11.04374 -11.04374 -11.06572 -11.06572
 -11.06572 -11.09332
 -10.98950 -10.98950 -10.99273 -10.99627 -11.00017 -11.00448 -11.00927 -11.01463
 -11.02065 -11.02065 -11.02745 -11.03520 -11.03520 -11.04411 -11.05443 -11.05443
 -11.06654 -11.06654 -11.08093 -11.08093 -11.09830 -11.09830 -11.11966 -11.11966
 -11.11966 -11.14663
 -11.05050 -11.05050 -11.05350 -11.05679 -11.06042 -11.06445 -11.06894 -11.07396
 -11.07396 -11.07962 -11.08603 -11.09336 -11.09336 -11.10180 -11.11162 -11.11162
 -11.12319 -11.12319 -11.13698 -11.13698 -11.15370 -11.15370 -11.15370 -11.17439
 -11.17439 -11.17439
 -11.11255 -11.11255 -11.11255 -11.11532 -11.11837 -11.12175 -11.12549 -11.12968
 -11.13437 -11.13967 -11.14570 -11.14570 -11.15260 -11.16057 -11.16057 -11.16988
 -11.18087 -11.18087 -11.19404 -11.19404 -11.19404 -11.21008 -11.21008 -11.23002
 -11.23002 -11.23002
 -11.17568 -11.17568 -11.17568 -11.17824 -11.18105 -11.18418 -11.18765 -11.19154
 -11.19592 -11.20086 -11.20650 -11.20650 -11.21298 -11.22048 -11.22048 -11.22927
 -11.22927 -11.23969 -11.23969 -11.25221 -11.25221 -11.26753 -11.26753 -11.28667
 -11.28667 -11.28667
 -11.23992 -11.23992 -11.23992 -11.24226 -11.24485 -11.24773 -11.25095 -11.25455
 -11.25861 -11.26321 -11.26321 -11.26847 -11.27453 -11.27453 -11.28157 -11.28984
 -11.28984 -11.29967 -11.29967 -11.31154 -11.31154 -11.32612 -11.32612 -11.34442
 -11.34442 -11.34442
 -11.30531 -11.30531 -11.30531 -11.30746 -11.30983 -11.31248 -11.31544 -11.31876
 -11.32252 -11.32252 -11.32679 -11.33168 -11.33733 -11.33733 -11.34391 -11.35167
 -11.35167 -11.36093 -11.36093 -11.37213 -11.37213 -11.38596 -11.38596 -11.38596
 -11.40339 -11.40339
 -11.37189 -11.37189 -11.37189 -11.37189 -11.37385 -11.37602 -11.37844 -11.38116
 -11.38421 -11.38768 -11.39163 -11.39616 -11.39616 -11.40141 -11.40755 -11.40755
 -11.41481 -11.42349 -11.42349 -11.43404 -11.43404 -11.43404 -11.44711 -11.44711
 -11.46366 -11.46366
 -11.43969 -11.43969 -11.43969 -11.43969 -11.44147 -11.44345 -11.44566 -11.44815
 -11.45095 -11.45413 -11.45777 -11.46196 -11.46196 -11.46683 -11.47253 -11.47253
 -11.47930 -11.47930 -11.48742 -11.48742 -11.49733 -11.49733 -11.50965 -11.50965
 -11.52532 -11.52532
 -11.50875 -11.50875 -11.50875 -11.50875 -11.51037 -11.51217 -11.51418 -11.51644
 -11.51901 -11.52192 -11.52527 -11.52527 -11.52913 -11.53362 -11.53362 -11.53891
 -11.54520 -11.54520 -11.55278 -11.55278 -11.56206 -11.56206 -11.57364 -11.57364
 -11.58844 -11.58844
 -11.57912 -11.57912 -11.57912 -11.57912 -11.58058 -11.58221 -11.58404 -11.58610
 -11.58843 -11.59110 -11.59110 -11.59416 -11.59771 -11.60185 -11.60185 -11.60673
 -11.61257 -11.61257 -11.61962 -11.61962 -11.62829 -11.62829 -11.63915 -11.63915
 -11.63915 -11.65308
 -11.65083 -11.65083 -11.65083 -11.65083 -11.65083 -11.65215 -11.65362 -11.65528
 -11.65715 -11.65927 -11.66170 -11.66450 -11.66775 -11.66775 -11.67155 -11.67606
 -11.67606 -11.68145 -11.68799 -11.68799 -11.69607 -11.69607 -11.69607 -11.70623
 -11.70623 -11.71932
 -11.72391 -11.72391 -11.72391 -11.72391 -11.72391 -11.72510 -11.72643 -11.72793
 -11.72963 -11.73156 -11.73377 -11.73632 -11.73929 -11.73929 -11.74278 -11.74692
 -11.74692 -11.75189 -11.75189 -11.75795 -11.75795 -11.76545 -11.76545 -11.77493
 -11.77493 -11.78720
 -11.79835 -11.79835 -11.79835 -11.79835 -11.79835 -11.79942 -11.80062 -11.80198
 -11.80351 -11.80526 -11.80727 -11.80959 -11.80959 -11.81230 -11.81549 -11.81549
 -11.81929 -11.82387 -11.82387 -11.82946 -11.82946 -11.83641 -11.83642 -11.84524
 -11.84524 -11.85672
 -11.87323 -11.87323 -11.87323 -11.87323 -11.87323 -11.87420 -11.87528 -11.87650
 -11.87789 -11.87948 -11.88130 -11.88130 -11.88341 -11.88588 -11.88879 -11.88880
 -11.89228 -11.89648 -11.89649 -11.90164 -11.90165 -11.90808 -11.90809 -11.91628
 -11.91630 -11.91632
 -11.94216 -11.94216 -11.94217 -11.94219 -11.94220 -11.94221 -11.94308 -11.94405
 -11.94515 -11.94640 -11.94783 -11.94948 -11.95139 -11.95363 -11.95368 -11.95633
 -11.95949 -11.95956 -11.96340 -11.96812 -11.96822 -11.97413 -11.97425 -11.97438
 -11.98196 -11.98212
 -11.98183 -11.98187 -11.98191 -11.98197 -11.98202 -11.98209 -11.98286 -11.98373
 -11.98472 -11.98584 -11.98713 -11.98861 -11.99033 -11.99234 -11.99255 -11.99495
 -11.99781 -11.99811 -12.00161 -12.00200 -12.00633 -12.00681 -12.01227 -12.01288
 -12.01987 -12.02063
 -11.95370 -11.95380 -11.95392 -11.95406 -11.95422 -11.95440 -11.95510 -11.95588
 -11.95677 -11.95779 -11.95895 -11.96029 -11.96184 -11.96234 -11.96421 -11.96640
 -11.96713 -11.96982 -11.97302 -11.97408 -11.97808 -11.97943 -11.98448 -11.98618
 -11.99267 -11.99479
 -11.85143 -11.85161 -11.85182 -11.85206 -11.85233 -11.85265 -11.85329 -11.85402
 -11.85485 -11.85580 -11.85688 -11.85812 -11.85889 -11.86042 -11.86218 -11.86423
 -11.86551 -11.86806 -11.87106 -11.87291 -11.87669 -11.87904 -11.88385 -11.88682
 -11.89296 -11.89670
 -11.72083 -11.72107 -11.72134 -11.72165 -11.72200 -11.72240 -11.72285 -11.72353
 -11.72430 -11.72518 -11.72618 -11.72731 -11.72861 -11.73010 -11.73181 -11.73325
 -11.73541 -11.73789 -11.74000 -11.74315 -11.74679 -11.74983 -11.75448 -11.75833
 -11.76265 -11.76911
 -11.60717 -11.60743 -11.60773 -11.60807 -11.60845 -11.60890 -11.60940 -11.61006
 -11.61082 -11.61168 -11.61265 -11.61377 -11.61504 -11.61649 -11.61815 -11.61975
 -11.62187 -11.62429 -11.62662 -11.62971 -11.63270 -11.63663 -11.64043 -11.64544
 -11.65026 -11.65661
 -11.52959 -11.52986 -11.53017 -11.53052 -11.53092 -11.53138 -11.53190 -11.53255
 -11.53329 -11.53413 -11.53508 -11.53617 -11.53741 -11.53883 -11.54029 -11.54210
 -11.54416 -11.54630 -11.54894 -11.55196 -11.55505 -11.55890 -11.56285 -11.56775
 -11.57276 -11.57899
 -11.49072 -11.49099 -11.49130 -11.49165 -11.49205 -11.49251 -11.49303 -11.49366
 -11.49438 -11.49520 -11.49613 -11.49719 -11.49840 -11.49968 -11.50123 -11.50300
 -11.50501 -11.50715 -11.50973 -11.51267 -11.51578 -11.51954 -11.52351 -11.52830
 -11.53334 -11.53942
 -11.48682 -11.48709 -11.48739 -11.48774 -11.48814 -11.48859 -11.48910 -11.48969
 -11.49038 -11.49117 -11.49207 -11.49309 -11.49426 -11.49558 -11.49709 -11.49881
 -11.50067 -11.50288 -11.50539 -11.50811 -11.51132 -11.51498 -11.51891 -11.52357
 -11.52856 -11.53418
 -11.51255 -11.51281 -11.51311 -11.51345 -11.51384 -11.51428 -11.51478 -11.51535
 -11.51603 -11.51680 -11.51767 -11.51866 -11.51979 -11.52108 -11.52255 -11.52422
 -11.52604 -11.52819 -11.53062 -11.53329 -11.53641 -11.53982 -11.54382 -11.54817
 -11.55326 -11.55877
 -11.56266 -11.56292 -11.56321 -11.56354 -11.56392 -11.56435 -11.56484 -11.56539
 -11.56605 -11.56679 -11.56764 -11.56860 -11.56970 -11.57095 -11.57237 -11.57394
 -11.57577 -11.57785 -11.58014 -11.58281 -11.58585 -11.58917 -11.59306 -11.59730
 -11.60225 -11.60764
 -11.63255 -11.63279 -11.63307 -11.63340 -11.63376 -11.63418 -11.63466 -11.63520
 -11.63583 -11.63655 -11.63737 -11.63830 -11.63937 -11.64058 -11.64192 -11.64348
 -11.64525 -11.64727 -11.64950 -11.65209 -11.65503 -11.65827 -11.66204 -11.66617
 -11.67098 -11.67623
 -11.71833 -11.71857 -11.71884 -11.71916 -11.71951 -11.71992 -11.72038 -11.72090
 -11.72150 -11.72219 -11.72299 -11.72389 -11.72491 -11.72608 -11.72741 -11.72892
 -11.73064 -11.73254 -11.73475 -11.73727 -11.74005 -11.74327 -11.74692 -11.75094
 -11.75560 -11.76071
 -11.81684 -11.81708 -11.81734 -11.81764 -11.81799 -11.81838 -11.81882 -11.81933
 -11.81991 -11.82059 -11.82135 -11.82222 -11.82321 -11.82434 -11.82563 -11.82709
 -11.82876 -11.83060 -11.83274 -11.83518 -11.83787 -11.84099 -11.84444 -11.84843
 -11.85283 -11.85791
 -11.92551 -11.92573 -11.92599 -11.92628 -11.92661 -11.92699 -11.92742 -11.92792
 -11.92848 -11.92913 -11.92987 -11.93071 -11.93167 -11.93276 -11.93401 -11.93542
 -11.93699 -11.93882 -11.94089 -11.94319 -11.94585 -11.94887 -11.95222 -11.95608
 -11.96035 -11.96527
 -12.04226 -12.04247 -12.04272 -12.04300 -12.04333 -12.04369 -12.04411 -12.04458
 -12.04513 -12.04575 -12.04647 -12.04729 -12.04821 -12.04927 -12.05047 -12.05181
 -12.05336 -12.05512 -12.05713 -12.05936 -12.06193 -12.06486 -12.06809 -12.07184
 -12.07597 -12.08074
 -12.16543 -12.16564 -12.16588 -12.16615 -12.16646 -12.16682 -12.16722 -12.16768
 -12.16820 -12.16880 -12.16949 -12.17027 -12.17117 -12.17218 -12.17334 -12.17466
 -12.17616 -12.17786 -12.17976 -12.18196 -12.18445 -12.18721 -12.19041 -12.19403
 -12.19803 -12.20265
 -12.29370 -12.29390 -12.29413 -12.29440 -12.29470 -12.29504 -12.29543 -12.29587
 -12.29638 -12.29695 -12.29762 -12.29838 -12.29924 -12.30022 -12.30134 -12.30262
 -12.30406 -12.30571 -12.30755 -12.30967 -12.31208 -12.31475 -12.31784 -12.32127
 -12.32522 -12.32959
 -12.42602 -12.42621 -12.42644 -12.42669 -12.42698 -12.42731 -12.42768 -12.42811
 -12.42860 -12.42915 -12.42980 -12.43053 -12.43137 -12.43231 -12.43340 -12.43462
 -12.43602 -12.43758 -12.43939 -12.44144 -12.44372 -12.44635 -12.44934 -12.45265
 -12.45647 -12.46070
 -12.56154 -12.56173 -12.56194 -12.56219 -12.56247 -12.56279 -12.56315 -12.56356
 -12.56403 -12.56457 -12.56519 -12.56590 -12.56670 -12.56762 -12.56866 -12.56985
 -12.57117 -12.57271 -12.57445 -12.57643 -12.57863 -12.58118 -12.58406 -12.58727
 -12.59096 -12.59505
 -12.69961 -12.69979 -12.70000 -12.70023 -12.70050 -12.70081 -12.70116 -12.70155
 -12.70201 -12.70253 -12.70311 -12.70379 -12.70457 -12.70545 -12.70646 -12.70760
 -12.70890 -12.71038 -12.71206 -12.71394 -12.71610 -12.71856 -12.72129 -12.72445
 -12.72802 -12.73197
 -12.83969 -12.83986 -12.84006 -12.84029 -12.84055 -12.84085 -12.84118 -12.84157
 -12.84200 -12.84250 -12.84307 -12.84373 -12.84447 -12.84533 -12.84630 -12.84740
 -12.84866 -12.85008 -12.85171 -12.85352 -12.85561 -12.85798 -12.86062 -12.86367
 -12.86705 -12.87094
 -12.98136 -12.98153 -12.98172 -12.98194 -12.98219 -12.98248 -12.98280 -12.98317
 -12.98360 -12.98408 -12.98462 -12.98526 -12.98598 -12.98680 -12.98774 -12.98880
 -12.99001 -12.99139 -12.99293 -12.99471 -12.99673 -12.99897 -13.00157 -13.00451
 -13.00777 -13.01154
 -13.12431 -13.12447 -13.12465 -13.12487 -13.12511 -13.12538 -13.12569 -13.12605
 -13.12646 -13.12692 -13.12745 -13.12806 -13.12875 -13.12955 -13.13045 -13.13148
 -13.13265 -13.13395 -13.13546 -13.13718 -13.13913 -13.14129 -13.14380 -13.14664
 -13.14979 -13.15343
 -13.26825 -13.26841 -13.26859 -13.26879 -13.26902 -13.26929 -13.26959 -13.26993
 -13.27032 -13.27077 -13.27128 -13.27186 -13.27253 -13.27329 -13.27416 -13.27515
 -13.27627 -13.27755 -13.27901 -13.28067 -13.28251 -13.28464 -13.28706 -13.28975
 -13.29285 -13.29636
 -13.41299 -13.41315 -13.41332 -13.41351 -13.41374 -13.41399 -13.41428 -13.41461
 -13.41499 -13.41542 -13.41591 -13.41647 -13.41711 -13.41785 -13.41869 -13.41964
 -13.42073 -13.42196 -13.42337 -13.42497 -13.42674 -13.42880 -13.43114 -13.43373
 -13.43673 -13.44004
 -13.55837 -13.55851 -13.55868 -13.55887 -13.55908 -13.55933 -13.55961 -13.55993
 -13.56029 -13.56071 -13.56118 -13.56171 -13.56234 -13.56305 -13.56386 -13.56478
 -13.56582 -13.56702 -13.56837 -13.56988 -13.57163 -13.57361 -13.57582 -13.57837
 -13.58127 -13.58447
 -13.70424 -13.70438 -13.70454 -13.70473 -13.70493 -13.70517 -13.70544 -13.70575
 -13.70610 -13.70650 -13.70695 -13.70747 -13.70807 -13.70875 -13.70953 -13.71042
 -13.71143 -13.71258 -13.71386 -13.71534 -13.71703 -13.71895 -13.72108 -13.72354
 -13.72633 -13.72942
 -13.85052 -13.85065 -13.85081 -13.85098 -13.85118 -13.85141 -13.85167 -13.85197
 -13.85230 -13.85269 -13.85313 -13.85362 -13.85419 -13.85485 -13.85560 -13.85646
 -13.85743 -13.85853 -13.85979 -13.86122 -13.86285 -13.86466 -13.86675 -13.86913
 -13.87176 -13.87481
 -13.99711 -13.99724 -13.99739 -13.99756 -13.99775 -13.99797 -13.99822 -13.99851
 -13.99883 -13.99920 -13.99963 -14.00011 -14.00065 -14.00129 -14.00201 -14.00284
 -14.00377 -14.00484 -14.00605 -14.00743 -14.00901 -14.01075 -14.01277 -14.01507
 -14.01761 -14.02055
 -14.14396 -14.14409 -14.14423 -14.14439 -14.14458 -14.14479 -14.14503 -14.14530
 -14.14562 -14.14597 -14.14638 -14.14684 -14.14737 -14.14798 -14.14868 -14.14948
 -14.15038 -14.15141 -14.15258 -14.15391 -14.15539 -14.15711 -14.15906 -14.16122
 -14.16373 -14.16657
 -14.29101 -14.29113 -14.29127 -14.29143 -14.29161 -14.29181 -14.29204 -14.29231
 -14.29261 -14.29295 -14.29334 -14.29379 -14.29430 -14.29489 -14.29556 -14.29633
 -14.29720 -14.29819 -14.29932 -14.30058 -14.30203 -14.30369 -14.30557 -14.30766
 -14.31008 -14.31283
 ---------------------------------------------------/ Z1= 6   / DATE= 29.03.90
 -10.63067 -10.63067 -10.63067 -10.63067 -10.63415 -10.63794 -10.64207 -10.64660
 -10.65159 -10.65710 -10.66322 -10.66322 -10.67005 -10.67773 -10.68641 -10.68641
 -10.69631 -10.69631 -10.70770 -10.70770 -10.72095 -10.72095 -10.73659 -10.73659
 -10.75536 -10.75536
 -10.68708 -10.68708 -10.68708 -10.68708 -10.69035 -10.69391 -10.69781 -10.70209
 -10.70681 -10.71204 -10.71204 -10.71787 -10.72439 -10.73175 -10.73175 -10.74010
 -10.74965 -10.74965 -10.76068 -10.76068 -10.77357 -10.77357 -10.78885 -10.78885
 -10.78885 -10.80725
 -10.74433 -10.74433 -10.74433 -10.74433 -10.74433 -10.75072 -10.75438 -10.75841
 -10.76286 -10.76286 -10.76781 -10.77333 -10.77953 -10.78655 -10.78655 -10.79453
 -10.79453 -10.80371 -10.81435 -10.81435 -10.82683 -10.82683 -10.84169 -10.84169
 -10.84169 -10.85967
 -10.80237 -10.80237 -10.80237 -10.80237 -10.80237 -10.80521 -10.80832 -10.81174
 -10.81552 -10.81970 -10.82435 -10.82956 -10.83543 -10.83543 -10.84208 -10.84968
 -10.84968 -10.85845 -10.85845 -10.86866 -10.88069 -10.88069 -10.88069 -10.89508
 -10.89508 -10.91257
 -10.86122 -10.86122 -10.86122 -10.86122 -10.86122 -10.86385 -10.86674 -10.86993
 -10.87344 -10.87735 -10.88171 -10.88660 -10.88660 -10.89213 -10.89842 -10.90562
 -10.90562 -10.91396 -10.91396 -10.92371 -10.92371 -10.93525 -10.93525 -10.94911
 -10.94911 -10.96606
 -10.92092 -10.92092 -10.92092 -10.92092 -10.92092 -10.92336 -10.92603 -10.92898
 -10.93225 -10.93589 -10.93995 -10.93995 -10.94453 -10.94972 -10.95563 -10.95563
 -10.96243 -10.97032 -10.97032 -10.97959 -10.97959 -10.99060 -10.99060 -11.00390
 -11.00390 -11.00390
 -10.98151 -10.98151 -10.98151 -10.98151 -10.98151 -10.98151 -10.98621 -10.98893
 -10.99196 -10.99533 -10.99533 -10.99911 -11.00338 -11.00822 -11.01376 -11.01376
 -11.02015 -11.02015 -11.02759 -11.03636 -11.03636 -11.04683 -11.04683 -11.05952
 -11.05952 -11.05952
 -11.04298 -11.04298 -11.04298 -11.04298 -11.04298 -11.04298 -11.04503 -11.04729
 -11.04980 -11.05259 -11.05570 -11.05920 -11.06316 -11.06767 -11.06767 -11.07284
 -11.07883 -11.07883 -11.08582 -11.08582 -11.09408 -11.10398 -11.10398 -11.10398
 -11.11604 -11.11604
 -11.10538 -11.10538 -11.10538 -11.10538 -11.10538 -11.10538 -11.10725 -11.10932
 -11.11161 -11.11417 -11.11704 -11.12027 -11.12393 -11.12393 -11.12811 -11.13292
 -11.13850 -11.13850 -11.14504 -11.14504 -11.15280 -11.15280 -11.16213 -11.16213
 -11.17355 -11.17355
 -11.16873 -11.16873 -11.16873 -11.16873 -11.16873 -11.16873 -11.17043 -11.17231
 -11.17440 -11.17674 -11.17937 -11.18234 -11.18234 -11.18571 -11.18958 -11.19403
 -11.19403 -11.19922 -11.20531 -11.20531 -11.21257 -11.21257 -11.22134 -11.22134
 -11.23210 -11.23210
 -11.23306 -11.23306 -11.23306 -11.23306 -11.23306 -11.23306 -11.23306 -11.23630
 -11.23821 -11.24034 -11.24274 -11.24274 -11.24545 -11.24855 -11.25210 -11.25622
 -11.25622 -11.26102 -11.26102 -11.26668 -11.27345 -11.27345 -11.28165 -11.28165
 -11.29177 -11.29177
 -11.29840 -11.29840 -11.29840 -11.29840 -11.29840 -11.29840 -11.29840 -11.29978
 -11.30132 -11.30305 -11.30498 -11.30716 -11.30964 -11.31247 -11.31573 -11.31573
 -11.31952 -11.32395 -11.32395 -11.32919 -11.32919 -11.33548 -11.34313 -11.34313
 -11.34313 -11.35260
 -11.36478 -11.36478 -11.36478 -11.36478 -11.36478 -11.36478 -11.36478 -11.36603
 -11.36742 -11.36897 -11.37072 -11.37270 -11.37495 -11.37753 -11.37753 -11.38051
 -11.38398 -11.38805 -11.38805 -11.39289 -11.39289 -11.39871 -11.39871 -11.40582
 -11.40582 -11.41467
 -11.43225 -11.43225 -11.43225 -11.43225 -11.43225 -11.43225 -11.43225 -11.43337
 -11.43462 -11.43602 -11.43760 -11.43939 -11.44143 -11.44143 -11.44377 -11.44648
 -11.44965 -11.44965 -11.45338 -11.45783 -11.45783 -11.46320 -11.46320 -11.46979
 -11.46979 -11.47802
 -11.50086 -11.50086 -11.50086 -11.50086 -11.50086 -11.50086 -11.50086 -11.50086
 -11.50298 -11.50424 -11.50566 -11.50727 -11.50727 -11.50911 -11.51123 -11.51370
 -11.51658 -11.51658 -11.51999 -11.51999 -11.52407 -11.52901 -11.52901 -11.53510
 -11.53510 -11.54273
 -11.57066 -11.57066 -11.57066 -11.57066 -11.57066 -11.57066 -11.57066 -11.57066
 -11.57155 -11.57256 -11.57368 -11.57496 -11.57641 -11.57807 -11.57999 -11.58222
 -11.58222 -11.58484 -11.58794 -11.58794 -11.59167 -11.59167 -11.59620 -11.60181
 -11.60181 -11.60181
 -11.64172 -11.64172 -11.64172 -11.64172 -11.64172 -11.64172 -11.64172 -11.64172
 -11.64252 -11.64342 -11.64443 -11.64557 -11.64687 -11.64837 -11.65010 -11.65010
 -11.65211 -11.65449 -11.65731 -11.65731 -11.66071 -11.66071 -11.66485 -11.66485
 -11.67000 -11.67000
 -11.71412 -11.71412 -11.71412 -11.71412 -11.71412 -11.71412 -11.71412 -11.71412
 -11.71484 -11.71564 -11.71654 -11.71756 -11.71873 -11.72008 -11.72008 -11.72163
 -11.72345 -11.72560 -11.72560 -11.72816 -11.73125 -11.73125 -11.73504 -11.73504
 -11.73975 -11.73975
 -11.78795 -11.78795 -11.78795 -11.78795 -11.78795 -11.78795 -11.78795 -11.78795
 -11.78795 -11.78930 -11.79011 -11.79103 -11.79208 -11.79208 -11.79328 -11.79468
 -11.79632 -11.79826 -11.79826 -11.80058 -11.80058 -11.80339 -11.80684 -11.80684
 -11.81115 -11.81115
 -11.86331 -11.86331 -11.86331 -11.86331 -11.86331 -11.86331 -11.86331 -11.86331
 -11.86331 -11.86388 -11.86452 -11.86524 -11.86606 -11.86700 -11.86808 -11.86934
 -11.87082 -11.87082 -11.87257 -11.87467 -11.87467 -11.87722 -11.87722 -11.88036
 -11.88430 -11.88430
 -11.94031 -11.94031 -11.94031 -11.94031 -11.94031 -11.94031 -11.94031 -11.94031
 -11.94031 -11.94082 -11.94139 -11.94203 -11.94277 -11.94361 -11.94459 -11.94572
 -11.94572 -11.94705 -11.94863 -11.95053 -11.95053 -11.95284 -11.95284 -11.95570
 -11.95570 -11.95930
 -12.01907 -12.01907 -12.01907 -12.01907 -12.01907 -12.01907 -12.01907 -12.01907
 -12.01907 -12.01953 -12.02004 -12.02062 -12.02127 -12.02203 -12.02291 -12.02291
 -12.02393 -12.02513 -12.02656 -12.02656 -12.02828 -12.03038 -12.03038 -12.03297
 -12.03297 -12.03625
 -12.09972 -12.09972 -12.09972 -12.09972 -12.09972 -12.09972 -12.09972 -12.09972
 -12.09972 -12.09972 -12.10058 -12.10110 -12.10169 -12.10237 -12.10237 -12.10316
 -12.10408 -12.10517 -12.10646 -12.10646 -12.10802 -12.10802 -12.10992 -12.11229
 -12.11229 -12.11528
 -12.18235 -12.18235 -12.18235 -12.18235 -12.18235 -12.18235 -12.18235 -12.18235
 -12.18235 -12.18235 -12.18272 -12.18313 -12.18360 -12.18413 -12.18474 -12.18546
 -12.18629 -12.18727 -12.18727 -12.18844 -12.18985 -12.18985 -12.19159 -12.19159
 -12.19374 -12.19648
 -12.26708 -12.26708 -12.26708 -12.26708 -12.26708 -12.26708 -12.26708 -12.26708
 -12.26708 -12.26708 -12.26741 -12.26778 -12.26820 -12.26868 -12.26923 -12.26988
 -12.27063 -12.27063 -12.27152 -12.27258 -12.27387 -12.27387 -12.27545 -12.27545
 -12.27741 -12.27741
 -12.35394 -12.35394 -12.35394 -12.35394 -12.35394 -12.35394 -12.35394 -12.35394
 -12.35394 -12.35394 -12.35424 -12.35457 -12.35495 -12.35539 -12.35589 -12.35648
 -12.35648 -12.35716 -12.35797 -12.35894 -12.35894 -12.36011 -12.36155 -12.36155
 -12.36335 -12.36335
 -12.44297 -12.44297 -12.44297 -12.44297 -12.44297 -12.44297 -12.44297 -12.44297
 -12.44297 -12.44297 -12.44297 -12.44355 -12.44389 -12.44429 -12.44474 -12.44474
 -12.44528 -12.44590 -12.44664 -12.44752 -12.44752 -12.44859 -12.44859 -12.44991
 -12.45155 -12.45155
 -12.53417 -12.53417 -12.53417 -12.53417 -12.53417 -12.53417 -12.53417 -12.53417
 -12.53417 -12.53417 -12.53417 -12.53441 -12.53469 -12.53500 -12.53536 -12.53578
 -12.53626 -12.53683 -12.53751 -12.53751 -12.53831 -12.53929 -12.53929 -12.54050
 -12.54050 -12.54202
 -12.62749 -12.62749 -12.62749 -12.62749 -12.62749 -12.62749 -12.62749 -12.62749
 -12.62749 -12.62749 -12.62749 -12.62772 -12.62797 -12.62826 -12.62859 -12.62897
 -12.62941 -12.62993 -12.62993 -12.63055 -12.63129 -12.63219 -12.63219 -12.63330
 -12.63330 -12.63470
 -12.72293 -12.72293 -12.72293 -12.72293 -12.72293 -12.72293 -12.72293 -12.72293
 -12.72293 -12.72293 -12.72293 -12.72314 -12.72337 -12.72363 -12.72393 -12.72428
 -12.72469 -12.72469 -12.72517 -12.72574 -12.72642 -12.72642 -12.72725 -12.72828
 -12.72828 -12.72957
 -12.82047 -12.82047 -12.82047 -12.82047 -12.82047 -12.82047 -12.82047 -12.82047
 -12.82047 -12.82047 -12.82047 -12.82047 -12.82087 -12.82111 -12.82139 -12.82171
 -12.82171 -12.82209 -12.82253 -12.82305 -12.82368 -12.82368 -12.82445 -12.82445
 -12.82540 -12.82659
 -12.92011 -12.92011 -12.92011 -12.92011 -12.92011 -12.92011 -12.92011 -12.92011
 -12.92011 -12.92011 -12.92011 -12.92011 -12.92028 -12.92048 -12.92070 -12.92096
 -12.92126 -12.92160 -12.92201 -12.92250 -12.92250 -12.92308 -12.92379 -12.92379
 -12.92467 -12.92467
 -13.02188 -13.02188 -13.02188 -13.02188 -13.02188 -13.02188 -13.02188 -13.02188
 -13.02188 -13.02188 -13.02188 -13.02188 -13.02204 -13.02222 -13.02243 -13.02267
 -13.02294 -13.02326 -13.02364 -13.02364 -13.02409 -13.02464 -13.02530 -13.02530
 -13.02612 -13.02612
 -13.12580 -13.12580 -13.12580 -13.12580 -13.12580 -13.12580 -13.12580 -13.12580
 -13.12580 -13.12580 -13.12580 -13.12580 -13.12595 -13.12612 -13.12631 -13.12653
 -13.12679 -13.12709 -13.12709 -13.12744 -13.12786 -13.12837 -13.12837 -13.12899
 -13.12976 -13.12976
 -13.23190 -13.23190 -13.23190 -13.23190 -13.23190 -13.23190 -13.23190 -13.23190
 -13.23190 -13.23190 -13.23190 -13.23190 -13.23190 -13.23219 -13.23237 -13.23258
 -13.23282 -13.23282 -13.23310 -13.23343 -13.23382 -13.23430 -13.23430 -13.23488
 -13.23488 -13.23560
 -13.34016 -13.34016 -13.34016 -13.34016 -13.34016 -13.34016 -13.34016 -13.34016
 -13.34016 -13.34016 -13.34016 -13.34016 -13.34016 -13.34029 -13.34044 -13.34060
 -13.34080 -13.34102 -13.34128 -13.34159 -13.34196 -13.34196 -13.34241 -13.34296
 -13.34296 -13.34363
 -13.45056 -13.45056 -13.45056 -13.45056 -13.45056 -13.45056 -13.45056 -13.45056
 -13.45056 -13.45056 -13.45056 -13.45056 -13.45056 -13.45069 -13.45082 -13.45098
 -13.45117 -13.45138 -13.45162 -13.45192 -13.45192 -13.45227 -13.45269 -13.45320
 -13.45320 -13.45384
 -13.56306 -13.56306 -13.56306 -13.56306 -13.56306 -13.56306 -13.56306 -13.56306
 -13.56306 -13.56306 -13.56306 -13.56306 -13.56306 -13.56318 -13.56331 -13.56346
 -13.56363 -13.56383 -13.56406 -13.56406 -13.56434 -13.56467 -13.56507 -13.56507
 -13.56556 -13.56616
 -13.67757 -13.67757 -13.67757 -13.67757 -13.67757 -13.67757 -13.67757 -13.67757
 -13.67757 -13.67757 -13.67757 -13.67757 -13.67757 -13.67757 -13.67780 -13.67795
 -13.67811 -13.67830 -13.67830 -13.67852 -13.67879 -13.67910 -13.67948 -13.67948
 -13.67994 -13.67994
 -13.79401 -13.79401 -13.79401 -13.79401 -13.79401 -13.79401 -13.79401 -13.79401
 -13.79401 -13.79401 -13.79401 -13.79401 -13.79401 -13.79401 -13.79411 -13.79423
 -13.79436 -13.79452 -13.79470 -13.79491 -13.79516 -13.79546 -13.79546 -13.79582
 -13.79627 -13.79627
 -13.91226 -13.91226 -13.91226 -13.91226 -13.91226 -13.91226 -13.91226 -13.91226
 -13.91226 -13.91226 -13.91226 -13.91226 -13.91226 -13.91226 -13.91236 -13.91247
 -13.91260 -13.91275 -13.91292 -13.91313 -13.91337 -13.91337 -13.91365 -13.91400
 -13.91442 -13.91442
 -14.03222 -14.03222 -14.03222 -14.03222 -14.03222 -14.03222 -14.03222 -14.03222
 -14.03222 -14.03222 -14.03222 -14.03222 -14.03222 -14.03222 -14.03232 -14.03242
 -14.03255 -14.03269 -14.03286 -14.03305 -14.03305 -14.03328 -14.03355 -14.03389
 -14.03389 -14.03429
 -14.15377 -14.15377 -14.15377 -14.15377 -14.15377 -14.15377 -14.15377 -14.15377
 -14.15377 -14.15377 -14.15377 -14.15377 -14.15377 -14.15377 -14.15377 -14.15397
 -14.15409 -14.15422 -14.15438 -14.15438 -14.15457 -14.15479 -14.15505 -14.15537
 -14.15537 -14.15577
 -14.27680 -14.27680 -14.27680 -14.27680 -14.27680 -14.27680 -14.27680 -14.27680
 -14.27680 -14.27680 -14.27680 -14.27680 -14.27680 -14.27680 -14.27680 -14.27689
 -14.27699 -14.27710 -14.27724 -14.27739 -14.27757 -14.27778 -14.27804 -14.27804
 -14.27835 -14.27873
 -14.40120 -14.40120 -14.40120 -14.40120 -14.40120 -14.40120 -14.40120 -14.40120
 -14.40120 -14.40120 -14.40120 -14.40120 -14.40120 -14.40120 -14.40120 -14.40129
 -14.40138 -14.40149 -14.40162 -14.40177 -14.40194 -14.40215 -14.40215 -14.40240
 -14.40270 -14.40306
 -14.52687 -14.52687 -14.52687 -14.52687 -14.52687 -14.52687 -14.52687 -14.52687
 -14.52687 -14.52687 -14.52687 -14.52687 -14.52687 -14.52687 -14.52687 -14.52695
 -14.52704 -14.52715 -14.52727 -14.52742 -14.52759 -14.52759 -14.52779 -14.52803
 -14.52832 -14.52832
 -14.65370 -14.65370 -14.65370 -14.65370 -14.65370 -14.65370 -14.65370 -14.65370
 -14.65370 -14.65370 -14.65370 -14.65370 -14.65370 -14.65370 -14.65370 -14.65370
 -14.65387 -14.65398 -14.65410 -14.65424 -14.65424 -14.65440 -14.65460 -14.65483
 -14.65511 -14.65511
 -14.78162 -14.78162 -14.78162 -14.78162 -14.78162 -14.78162 -14.78162 -14.78162
 -14.78162 -14.78162 -14.78162 -14.78162 -14.78162 -14.78162 -14.78162 -14.78162
 -14.78170 -14.78179 -14.78189 -14.78201 -14.78214 -14.78230 -14.78249 -14.78272
 -14.78272 -14.78299
 
C---------------------------------------------------------------------------------
C ADAS ADF11 DATA - SCCS info: @(#)$Header: /home/adascvs/adas/adf11/acd89/acd89_c.dat,v 2.1 2004/07/07 00:00:57 whitefor Exp $ Date $Date: 2004/07/07 00:00:57 $
C---------------------------------------------------------------------------------
