    8   13   20    1    8     /OXYGEN             /DICKSON ET AL 1992
--------------------------------------------------------------------------------
    4    3    4    2    2    1    2    1    1
--------------------------------------------------------------------------------
   4.00000   5.00000   6.00000   7.00000   8.00000   9.00000  10.00000  11.00000
  12.00000  13.00000  14.00000  15.00000  16.00000
  -0.39982  -0.19995   0.00000   0.20036   0.39943   0.60018   0.80005   1.00000
   1.20036   1.39943   1.60018   1.80005   2.00000   2.20036   2.39943   2.60018
   2.80005   3.00000   3.20036   3.39943
---------------------/ IPRT= 1  / IGRD= 1  /--------/ Z1= 1   / DATE= 29/03/93
 -30.40258 -30.39822 -30.38450 -30.35823 -30.32465 -30.29108 -30.25056 -30.13894
 -29.87777 -29.44308 -29.02870 -28.88297 -29.11569
 -30.54272 -30.53997 -30.53035 -30.51159 -30.48887 -30.46924 -30.44825 -30.37539
 -30.18864 -29.87098 -29.58540 -29.53990 -29.81564
 -30.71213 -30.71181 -30.70632 -30.69398 -30.68002 -30.67139 -30.66572 -30.62332
 -30.49519 -30.26972 -30.08503 -30.11660 -30.42280
 -30.76679 -30.77243 -30.77426 -30.77085 -30.76768 -30.77193 -30.78280 -30.76757
 -30.68557 -30.52828 -30.41602 -30.50128 -30.82650
 -30.34131 -30.35770 -30.37150 -30.38086 -30.39169 -30.41182 -30.44163 -30.45171
 -30.40519 -30.29448 -30.22912 -30.34791 -30.68410
 -29.71353 -29.74015 -29.76506 -29.78567 -29.80830 -29.84149 -29.88637 -29.91445
 -29.88980 -29.80461 -29.76343 -29.89890 -30.24022
 -29.38783 -29.41725 -29.44516 -29.46857 -29.49393 -29.53005 -29.57826 -29.61012
 -29.58971 -29.50907 -29.47199 -29.61019 -29.95232
 -29.33324 -29.36169 -29.38864 -29.41110 -29.43541 -29.47027 -29.51694 -29.54688
 -29.52413 -29.44075 -29.40110 -29.53754 -29.87915
 -29.38890 -29.41710 -29.44399 -29.46673 -29.49155 -29.52698 -29.57412 -29.60443
 -29.58197 -29.49883 -29.45933 -29.59587 -29.93751
 -29.52707 -29.55491 -29.58152 -29.60413 -29.62900 -29.66465 -29.71216 -29.74286
 -29.72065 -29.63753 -29.59791 -29.73431 -30.07591
 -29.72895 -29.75615 -29.78216 -29.80429 -29.82881 -29.86426 -29.91169 -29.94230
 -29.91983 -29.83619 -29.79598 -29.93194 -30.27341
 -29.96461 -29.99089 -30.01625 -30.03815 -30.06270 -30.09818 -30.14548 -30.17589
 -30.15330 -30.06975 -30.02972 -30.16585 -30.50737
 -30.18153 -30.20510 -30.22774 -30.24714 -30.26939 -30.30269 -30.34787 -30.37649
 -30.35280 -30.26900 -30.22929 -30.36582 -30.70746
 -30.40024 -30.42060 -30.43963 -30.45530 -30.47385 -30.50365 -30.54572 -30.57182
 -30.54642 -30.46185 -30.42200 -30.55864 -30.90033
 -30.69595 -30.71620 -30.73509 -30.75061 -30.76903 -30.79869 -30.84064 -30.86664
 -30.84117 -30.75657 -30.71672 -30.85336 -31.19505
 -30.99707 -31.01732 -31.03622 -31.05173 -31.07015 -31.09981 -31.14176 -31.16777
 -31.14230 -31.05770 -31.01784 -31.15448 -31.49618
 -31.29687 -31.31712 -31.33602 -31.35154 -31.36995 -31.39962 -31.44156 -31.46757
 -31.44210 -31.35750 -31.31764 -31.45429 -31.79598
 -31.59679 -31.61704 -31.63594 -31.65146 -31.66987 -31.69954 -31.74148 -31.76749
 -31.74202 -31.65742 -31.61757 -31.75421 -32.09590
 -31.89733 -31.91758 -31.93648 -31.95200 -31.97041 -32.00008 -32.04202 -32.06803
 -32.04256 -31.95796 -31.91810 -32.05475 -32.39644
 -32.19595 -32.21620 -32.23509 -32.25061 -32.26903 -32.29869 -32.34064 -32.36664
 -32.34117 -32.25657 -32.21672 -32.35336 -32.69505
---------------------/ IPRT= 2  / IGRD= 1  /--------/ Z1= 1   / DATE= 29/03/93
 -30.35404 -30.35546 -30.34937 -30.33454 -30.32625 -30.34391 -30.39064 -30.40433
 -30.30656 -30.05926 -29.78566 -29.64932 -29.71656
 -30.45852 -30.45976 -30.45535 -30.44430 -30.43816 -30.45159 -30.48712 -30.49865
 -30.42795 -30.24976 -30.07082 -30.03089 -30.17557
 -30.56338 -30.56441 -30.56134 -30.55345 -30.54912 -30.55902 -30.58508 -30.59416
 -30.54440 -30.42090 -30.31658 -30.35137 -30.55402
 -30.66579 -30.66655 -30.66424 -30.65838 -30.65552 -30.66398 -30.68520 -30.69316
 -30.65496 -30.56176 -30.50092 -30.58382 -30.83081
 -30.75707 -30.75770 -30.75569 -30.75064 -30.74833 -30.75611 -30.77526 -30.78301
 -30.75053 -30.67212 -30.63446 -30.74736 -31.02803
 -30.82787 -30.82850 -30.82653 -30.82153 -30.81916 -30.82658 -30.84519 -30.85326
 -30.82329 -30.75098 -30.72475 -30.85622 -31.16229
 -30.86957 -30.87022 -30.86821 -30.86310 -30.86065 -30.86814 -30.88708 -30.89576
 -30.86670 -30.79608 -30.77475 -30.91722 -31.24125
 -30.90193 -30.90262 -30.90048 -30.89509 -30.89252 -30.90050 -30.92068 -30.93050
 -30.90132 -30.82897 -30.80712 -30.95389 -31.28879
 -30.93352 -30.93427 -30.93194 -30.92605 -30.92324 -30.93194 -30.95406 -30.96542
 -30.93533 -30.85857 -30.83184 -30.97730 -31.31693
 -30.94284 -30.94365 -30.94116 -30.93486 -30.93185 -30.94115 -30.96483 -30.97727
 -30.94592 -30.86454 -30.83227 -30.97453 -31.31546
 -30.94346 -30.94429 -30.94172 -30.93522 -30.93212 -30.94172 -30.96612 -30.97876
 -30.94588 -30.86063 -30.82380 -30.96309 -31.30413
 -30.94464 -30.94547 -30.94291 -30.93644 -30.93336 -30.94291 -30.96712 -30.97904
 -30.94445 -30.85639 -30.81669 -30.95439 -31.29596
 -30.82387 -30.82469 -30.82215 -30.81571 -30.81263 -30.82215 -30.84618 -30.85757
 -30.82188 -30.73203 -30.69052 -30.82721 -31.16910
 -30.73813 -30.73896 -30.73639 -30.72988 -30.72678 -30.73639 -30.76069 -30.77227
 -30.73636 -30.64574 -30.60320 -30.73905 -31.08061
 -31.02332 -31.02415 -31.02158 -31.01506 -31.01196 -31.02158 -31.04589 -31.05748
 -31.02158 -30.93094 -30.88836 -31.02419 -31.36572
 -31.32444 -31.32528 -31.32270 -31.31619 -31.31308 -31.32270 -31.34701 -31.35860
 -31.32270 -31.23206 -31.18949 -31.32531 -31.66685
 -31.62425 -31.62508 -31.62251 -31.61599 -31.61289 -31.62251 -31.64682 -31.65841
 -31.62251 -31.53186 -31.48929 -31.62511 -31.96665
 -31.92417 -31.92500 -31.92243 -31.91591 -31.91281 -31.92243 -31.94674 -31.95833
 -31.92243 -31.83178 -31.78921 -31.92503 -32.26657
 -32.22471 -32.22554 -32.22297 -32.21645 -32.21335 -32.22297 -32.24728 -32.25887
 -32.22297 -32.13232 -32.08975 -32.22557 -32.56711
 -32.52332 -32.52415 -32.52158 -32.51506 -32.51196 -32.52158 -32.54589 -32.55748
 -32.52158 -32.43094 -32.38836 -32.52419 -32.86572
---------------------/ IPRT= 3  / IGRD= 1  /--------/ Z1= 1   / DATE= 29/03/93
 -30.30424 -30.30578 -30.29965 -30.28456 -30.27623 -30.29464 -30.34306 -30.35807
 -30.25954 -30.00893 -29.73399 -29.60404 -29.68826
 -30.40947 -30.41039 -30.40575 -30.39473 -30.38898 -30.40329 -30.44006 -30.45225
 -30.38045 -30.19928 -30.01938 -29.98541 -30.14537
 -30.51442 -30.51496 -30.51158 -30.50377 -30.49993 -30.51070 -30.53781 -30.54739
 -30.49662 -30.37052 -30.26532 -30.30507 -30.52051
 -30.61768 -30.61839 -30.61598 -30.60998 -30.60712 -30.61591 -30.63785 -30.64633
 -30.60773 -30.51305 -30.45198 -30.53885 -30.79537
 -30.71689 -30.71766 -30.71563 -30.71034 -30.70782 -30.71574 -30.73553 -30.74374
 -30.71071 -30.63044 -30.59160 -30.70653 -30.99373
 -30.80821 -30.80889 -30.80682 -30.80156 -30.79905 -30.80684 -30.82639 -30.83493
 -30.80364 -30.72759 -30.69744 -30.82774 -31.13718
 -30.88413 -30.88482 -30.88263 -30.87712 -30.87449 -30.88262 -30.90311 -30.91261
 -30.88152 -30.80484 -30.77609 -30.91340 -31.23697
 -30.94305 -30.94379 -30.94149 -30.93567 -30.93290 -30.94150 -30.96325 -30.97367
 -30.94172 -30.86185 -30.83055 -30.96979 -31.30187
 -30.97804 -30.97882 -30.97641 -30.97030 -30.96739 -30.97641 -30.99919 -31.01007
 -30.97647 -30.89219 -30.85653 -30.99512 -31.33241
 -30.97666 -30.97747 -30.97496 -30.96863 -30.96562 -30.97496 -30.99858 -31.00982
 -30.97486 -30.88694 -30.84744 -30.98475 -31.32499
 -30.96154 -30.96236 -30.95980 -30.95333 -30.95024 -30.95980 -30.98397 -30.99548
 -30.95979 -30.86976 -30.82792 -30.96425 -31.30581
 -30.94990 -30.95073 -30.94816 -30.94165 -30.93855 -30.94816 -30.97244 -30.98402
 -30.94818 -30.85769 -30.81533 -30.95138 -31.29311
 -30.82251 -30.82334 -30.82077 -30.81427 -30.81117 -30.82077 -30.84504 -30.85660
 -30.82077 -30.73033 -30.68800 -30.82400 -31.16556
 -30.73554 -30.73637 -30.73380 -30.72728 -30.72418 -30.73380 -30.75811 -30.76970
 -30.73380 -30.64316 -30.60059 -30.73642 -31.07795
 -31.02073 -31.02156 -31.01899 -31.01247 -31.00937 -31.01899 -31.04330 -31.05489
 -31.01899 -30.92834 -30.88576 -31.02158 -31.36311
 -31.32185 -31.32268 -31.32011 -31.31359 -31.31049 -31.32011 -31.34442 -31.35601
 -31.32011 -31.22946 -31.18688 -31.32270 -31.66424
 -31.62165 -31.62249 -31.61991 -31.61340 -31.61029 -31.61991 -31.64423 -31.65582
 -31.61991 -31.52927 -31.48669 -31.62251 -31.96404
 -31.92157 -31.92241 -31.91983 -31.91332 -31.91021 -31.91983 -31.94415 -31.95574
 -31.91983 -31.82919 -31.78661 -31.92243 -32.26396
 -32.22211 -32.22295 -32.22037 -32.21386 -32.21075 -32.22037 -32.24469 -32.25628
 -32.22037 -32.12973 -32.08715 -32.22297 -32.56450
 -32.52073 -32.52156 -32.51899 -32.51247 -32.50937 -32.51899 -32.54330 -32.55489
 -32.51899 -32.42834 -32.38576 -32.52158 -32.86311
---------------------/ IPRT= 2  / IGRD= 2  /--------/ Z1= 1   / DATE= 29/03/93
 -30.89530 -30.89589 -30.88817 -30.87032 -30.85591 -30.86234 -30.89054 -30.87556
 -30.73596 -30.42990 -30.07396 -29.82431 -29.75022
 -31.00042 -31.00108 -30.99533 -30.98184 -30.97167 -30.97901 -31.00493 -30.99809
 -30.89406 -30.66281 -30.41188 -30.28326 -30.32958
 -31.10530 -31.10583 -31.10156 -31.09152 -31.08439 -31.09123 -31.11308 -31.11081
 -31.03527 -30.86657 -30.70190 -30.66771 -30.80110
 -31.20611 -31.20677 -31.20364 -31.19593 -31.19079 -31.19733 -31.21666 -31.21771
 -31.16139 -31.03460 -30.92826 -30.95928 -31.15465
 -31.29484 -31.29537 -31.29268 -31.28615 -31.28219 -31.28895 -31.30765 -31.31178
 -31.26790 -31.16703 -31.09795 -31.17390 -31.41660
 -31.35214 -31.35250 -31.34989 -31.34388 -31.34058 -31.34773 -31.36674 -31.37351
 -31.33760 -31.25251 -31.20743 -31.31549 -31.59612
 -31.35915 -31.35967 -31.35734 -31.35173 -31.34880 -31.35610 -31.37518 -31.38350
 -31.35250 -31.27741 -31.24850 -31.37984 -31.68972
 -31.35317 -31.35390 -31.35178 -31.34629 -31.34343 -31.35082 -31.37013 -31.37942
 -31.35079 -31.28031 -31.25972 -31.40471 -31.73353
 -31.36373 -31.36447 -31.36222 -31.35649 -31.35350 -31.36120 -31.38141 -31.39158
 -31.36305 -31.29166 -31.27123 -31.42007 -31.75767
 -31.37511 -31.37584 -31.37350 -31.36757 -31.36460 -31.37286 -31.39424 -31.40498
 -31.37495 -31.29927 -31.27427 -31.42158 -31.76270
 -31.39106 -31.39183 -31.38945 -31.38342 -31.38054 -31.38938 -31.41183 -31.42284
 -31.39065 -31.30960 -31.27845 -31.42210 -31.76417
 -31.40644 -31.40723 -31.40479 -31.39861 -31.39568 -31.40485 -31.42800 -31.43908
 -31.40510 -31.31975 -31.28357 -31.42379 -31.76563
 -31.29553 -31.29635 -31.29382 -31.28743 -31.28438 -31.29380 -31.31765 -31.32904
 -31.29392 -31.20541 -31.16539 -31.30290 -31.64444
 -31.21486 -31.21570 -31.21311 -31.20655 -31.20343 -31.21311 -31.23760 -31.24945
 -31.21386 -31.12352 -31.08119 -31.21716 -31.55873
 -31.50019 -31.50103 -31.49844 -31.49188 -31.48875 -31.49844 -31.52295 -31.53483
 -31.49922 -31.40882 -31.36643 -31.50236 -31.84392
 -31.80132 -31.80216 -31.79956 -31.79300 -31.78988 -31.79956 -31.82408 -31.83595
 -31.80034 -31.70995 -31.66755 -31.80348 -32.14504
 -32.10112 -32.10196 -32.09937 -32.09281 -32.08968 -32.09937 -32.12388 -32.13575
 -32.10015 -32.00975 -31.96736 -32.10328 -32.44485
 -32.40104 -32.40188 -32.39929 -32.39273 -32.38960 -32.39929 -32.42380 -32.43567
 -32.40007 -32.30967 -32.26728 -32.40320 -32.74477
 -32.70158 -32.70242 -32.69983 -32.69327 -32.69014 -32.69983 -32.72434 -32.73621
 -32.70061 -32.61021 -32.56782 -32.70374 -33.04531
 -33.00019 -33.00103 -32.99844 -32.99188 -32.98875 -32.99844 -33.02295 -33.03483
 -32.99922 -32.90882 -32.86643 -33.00236 -33.34392
---------------------/ IPRT= 1  / IGRD= 4  /--------/ Z1= 1   / DATE= 29/03/93
 -30.66174 -30.65821 -30.65227 -30.64215 -30.62240 -30.58668 -30.52759 -30.43367
 -30.29241 -30.11539 -30.01063 -30.11019 -30.44064
 -30.80419 -30.80229 -30.79769 -30.78919 -30.77660 -30.75999 -30.73622 -30.68926
 -30.59989 -30.47286 -30.40900 -30.53313 -30.86784
 -30.92262 -30.92323 -30.92067 -30.91406 -30.90725 -30.90530 -30.90804 -30.89450
 -30.83850 -30.73889 -30.69459 -30.82958 -31.16656
 -30.84442 -30.84973 -30.85153 -30.84889 -30.84846 -30.85878 -30.88154 -30.89097
 -30.85440 -30.76596 -30.72675 -30.86467 -31.20538
 -30.27122 -30.28122 -30.28775 -30.28953 -30.29402 -30.31088 -30.34229 -30.36039
 -30.32982 -30.24290 -30.20262 -30.33965 -30.68167
 -29.53753 -29.55073 -29.56068 -29.56566 -29.57285 -29.59166 -29.62403 -29.64204
 -29.61033 -29.52132 -29.47871 -29.61398 -29.95537
 -29.18837 -29.20243 -29.21325 -29.21895 -29.22662 -29.24564 -29.27790 -29.29555
 -29.26326 -29.17354 -29.13021 -29.26493 -29.60606
 -29.14420 -29.15795 -29.16845 -29.17384 -29.18129 -29.20026 -29.23270 -29.25065
 -29.21869 -29.12923 -29.08610 -29.22096 -29.56220
 -29.19790 -29.21135 -29.22167 -29.22708 -29.23466 -29.25376 -29.28623 -29.30412
 -29.27203 -29.18241 -29.13911 -29.27386 -29.61506
 -29.33392 -29.34703 -29.35708 -29.36234 -29.36992 -29.38912 -29.42177 -29.43982
 -29.40777 -29.31799 -29.27446 -29.40901 -29.75013
 -29.53644 -29.54936 -29.55931 -29.56455 -29.57214 -29.59139 -29.62413 -29.64231
 -29.61042 -29.52082 -29.47744 -29.61210 -29.95326
 -29.77259 -29.78558 -29.79586 -29.80151 -29.80940 -29.82866 -29.86101 -29.87873
 -29.84672 -29.75763 -29.71508 -29.85042 -30.19179
 -29.98884 -30.00069 -30.00993 -30.01473 -30.02192 -30.04050 -30.07213 -30.08920
 -30.05678 -29.96762 -29.92521 -30.06071 -30.40212
 -30.20652 -30.21649 -30.22368 -30.22666 -30.23240 -30.24997 -30.28108 -30.29784
 -30.26504 -30.17519 -30.13200 -30.26693 -30.60818
 -30.50220 -30.51209 -30.51920 -30.52210 -30.52779 -30.54532 -30.57641 -30.59317
 -30.56035 -30.47048 -30.42725 -30.56215 -30.90339
 -30.80332 -30.81322 -30.82032 -30.82323 -30.82891 -30.84645 -30.87753 -30.89429
 -30.86147 -30.77160 -30.72837 -30.86327 -31.20451
 -31.10312 -31.11302 -31.12013 -31.12303 -31.12871 -31.14625 -31.17734 -31.19410
 -31.16127 -31.07140 -31.02818 -31.16308 -31.50432
 -31.40304 -31.41294 -31.42005 -31.42295 -31.42863 -31.44617 -31.47726 -31.49402
 -31.46119 -31.37132 -31.32810 -31.46300 -31.80424
 -31.70358 -31.71348 -31.72059 -31.72349 -31.72917 -31.74671 -31.77780 -31.79456
 -31.76173 -31.67186 -31.62864 -31.76354 -32.10478
 -32.00220 -32.01209 -32.01920 -32.02210 -32.02779 -32.04532 -32.07641 -32.09317
 -32.06035 -31.97048 -31.92725 -32.06215 -32.40339
---------------------/ IPRT= 1  / IGRD= 1  /--------/ Z1= 2   / DATE= 29/03/93
 -28.98716 -28.98041 -28.96904 -28.94868 -28.91393 -28.85705 -28.75697 -28.58809
 -28.32175 -27.91234 -27.30843 -26.50247 -25.72947
 -29.12668 -29.12355 -29.11840 -29.10658 -29.08222 -29.03904 -28.96860 -28.86172
 -28.70097 -28.42325 -27.94978 -27.24881 -26.54869
 -29.33280 -29.33002 -29.32609 -29.31706 -29.29781 -29.26374 -29.21328 -29.14591
 -29.05137 -28.86573 -28.50664 -27.93588 -27.35958
 -29.39480 -29.39615 -29.39760 -29.39591 -29.38685 -29.36709 -29.33814 -29.30325
 -29.25696 -29.14602 -28.90070 -28.48823 -28.08013
 -29.05501 -29.07207 -29.09290 -29.11360 -29.12899 -29.13544 -29.13785 -29.14406
 -29.15459 -29.12950 -29.01489 -28.78517 -28.57104
 -28.54743 -28.57767 -28.61505 -28.65497 -28.69121 -28.71954 -28.74673 -28.78332
 -28.83359 -28.86730 -28.84234 -28.73868 -28.65843
 -28.18564 -28.21612 -28.25465 -28.29695 -28.33716 -28.37122 -28.40487 -28.44723
 -28.50195 -28.54248 -28.53190 -28.45350 -28.40256
 -28.02671 -28.05546 -28.09272 -28.13448 -28.17521 -28.21094 -28.24669 -28.29054
 -28.34536 -28.38514 -28.37398 -28.29599 -28.24613
 -28.03341 -28.06144 -28.09849 -28.14063 -28.18233 -28.21963 -28.25750 -28.30399
 -28.36182 -28.40453 -28.39556 -28.31856 -28.26879
 -28.13918 -28.16635 -28.20278 -28.24469 -28.28666 -28.32485 -28.36407 -28.41210
 -28.47144 -28.51541 -28.50728 -28.43057 -28.38070
 -28.31236 -28.33860 -28.37424 -28.41557 -28.45722 -28.49536 -28.53478 -28.58317
 -28.64299 -28.68740 -28.67951 -28.60271 -28.55255
 -28.52894 -28.55433 -28.58927 -28.62999 -28.67097 -28.70829 -28.74700 -28.79519
 -28.85555 -28.90088 -28.89372 -28.81698 -28.76641
 -28.76585 -28.78994 -28.82342 -28.86264 -28.90228 -28.93857 -28.97650 -29.02407
 -29.08389 -29.12877 -29.12128 -29.04440 -28.99380
 -29.01916 -29.04162 -29.07296 -29.10983 -29.14729 -29.18190 -29.21843 -29.26451
 -29.32247 -29.36546 -29.35660 -29.27925 -29.22886
 -29.27885 -29.29944 -29.32814 -29.36179 -29.39575 -29.42684 -29.45991 -29.50258
 -29.55725 -29.59737 -29.58646 -29.50821 -29.45773
 -29.45800 -29.47400 -29.49653 -29.52271 -29.54829 -29.57052 -29.59464 -29.62867
 -29.67543 -29.70887 -29.69301 -29.61189 -29.56020
 -29.60232 -29.61297 -29.62853 -29.64641 -29.66280 -29.67538 -29.68979 -29.71444
 -29.75253 -29.77855 -29.75709 -29.67259 -29.61930
 -29.89576 -29.90618 -29.92146 -29.93900 -29.95502 -29.96721 -29.98123 -30.00549
 -30.04324 -30.06896 -30.04727 -29.96263 -29.90928
 -30.19630 -30.20672 -30.22200 -30.23954 -30.25556 -30.26775 -30.28176 -30.30603
 -30.34378 -30.36950 -30.34781 -30.26317 -30.20982
 -30.49491 -30.50533 -30.52062 -30.53815 -30.55418 -30.56636 -30.58038 -30.60465
 -30.64239 -30.66811 -30.64642 -30.56178 -30.50843
---------------------/ IPRT= 4  / IGRD= 1  /--------/ Z1= 2   / DATE= 29/03/93
 -29.58229 -29.58302 -29.58620 -29.58691 -29.57835 -29.55689 -29.53652 -29.53730
 -29.56482 -29.54490 -29.37593 -28.98282 -28.43735
 -29.68434 -29.68544 -29.68881 -29.68993 -29.68252 -29.66350 -29.64740 -29.65477
 -29.69234 -29.69032 -29.55257 -29.20999 -28.74299
 -29.78707 -29.78823 -29.79153 -29.79306 -29.78740 -29.77190 -29.75931 -29.76763
 -29.80331 -29.80864 -29.70392 -29.43353 -29.07529
 -29.89034 -29.89128 -29.89412 -29.89584 -29.89221 -29.88106 -29.87185 -29.87799
 -29.90456 -29.91039 -29.83843 -29.65070 -29.41467
 -29.99256 -29.99319 -29.99514 -29.99634 -29.99386 -29.98623 -29.98006 -29.98472
 -30.00381 -30.00897 -29.96085 -29.83545 -29.69369
 -30.09350 -30.09393 -30.09523 -30.09592 -30.09397 -30.08840 -30.08424 -30.08858
 -30.10415 -30.10971 -30.07579 -29.98672 -29.90333
 -30.18937 -30.18978 -30.19105 -30.19182 -30.19020 -30.18528 -30.18178 -30.18632
 -30.20162 -30.20885 -30.18180 -30.10827 -30.05379
 -30.27733 -30.27777 -30.27915 -30.28003 -30.27842 -30.27338 -30.26990 -30.27499
 -30.29172 -30.30115 -30.27681 -30.20730 -30.16454
 -30.35227 -30.35273 -30.35417 -30.35507 -30.35330 -30.34792 -30.34434 -30.35022
 -30.36892 -30.38032 -30.35621 -30.28468 -30.24410
 -30.40810 -30.40859 -30.41006 -30.41097 -30.40913 -30.40360 -30.40012 -30.40678
 -30.42714 -30.43972 -30.41441 -30.33856 -30.29584
 -30.44334 -30.44385 -30.44541 -30.44639 -30.44446 -30.43861 -30.43495 -30.44206
 -30.46370 -30.47716 -30.45061 -30.37049 -30.32440
 -30.45167 -30.45223 -30.45393 -30.45499 -30.45289 -30.44647 -30.44227 -30.44942
 -30.47205 -30.48640 -30.45917 -30.37592 -30.32679
 -30.42440 -30.42497 -30.42670 -30.42778 -30.42563 -30.41911 -30.41487 -30.42226
 -30.44546 -30.46011 -30.43204 -30.34636 -30.29477
 -30.38697 -30.38752 -30.38921 -30.39026 -30.38817 -30.38185 -30.37791 -30.38564
 -30.40911 -30.42367 -30.39477 -30.30734 -30.25400
 -30.35967 -30.36022 -30.36190 -30.36295 -30.36087 -30.35457 -30.35069 -30.35854
 -30.38219 -30.39679 -30.36755 -30.27925 -30.22494
 -30.21967 -30.22023 -30.22193 -30.22299 -30.22089 -30.21452 -30.21057 -30.21841
 -30.24216 -30.25686 -30.22757 -30.13898 -30.08430
 -30.11878 -30.11933 -30.12103 -30.12209 -30.11999 -30.11362 -30.10968 -30.11753
 -30.14130 -30.15600 -30.12668 -30.03801 -29.98328
 -30.40314 -30.40369 -30.40540 -30.40645 -30.40435 -30.39798 -30.39404 -30.40190
 -30.42566 -30.44037 -30.41105 -30.32237 -30.26764
 -30.70368 -30.70423 -30.70594 -30.70699 -30.70489 -30.69852 -30.69458 -30.70244
 -30.72620 -30.74091 -30.71159 -30.62291 -30.56818
 -31.00229 -31.00285 -31.00455 -31.00561 -31.00350 -30.99714 -30.99320 -31.00105
 -31.02482 -31.03952 -31.01020 -30.92153 -30.86679
---------------------/ IPRT= 1  / IGRD= 2  /--------/ Z1= 2   / DATE= 29/03/93
 -29.33512 -29.32897 -29.31751 -29.29679 -29.26213 -29.20623 -29.10706 -28.93755
 -28.66829 -28.25692 -27.65668 -26.86329 -26.10768
 -29.47510 -29.47228 -29.46711 -29.45524 -29.43117 -29.38887 -29.31912 -29.21161
 -29.04840 -28.76921 -28.29921 -27.60945 -26.92487
 -29.68788 -29.68477 -29.68075 -29.67190 -29.65307 -29.61958 -29.56930 -29.50101
 -29.40419 -29.21708 -28.86027 -28.29769 -27.73282
 -29.75897 -29.75932 -29.76031 -29.75863 -29.74985 -29.73037 -29.70130 -29.66533
 -29.61683 -29.50398 -29.25908 -28.85081 -28.44903
 -29.42353 -29.43922 -29.45895 -29.47893 -29.49408 -29.50074 -29.50326 -29.50875
 -29.51727 -29.48981 -29.37395 -29.14519 -28.93342
 -28.91366 -28.94249 -28.97838 -29.01690 -29.05214 -29.08006 -29.10695 -29.14265
 -29.19094 -29.22221 -29.19533 -29.09108 -29.01124
 -28.54559 -28.57488 -28.61198 -28.65265 -28.69115 -28.72350 -28.75537 -28.79574
 -28.84820 -28.88656 -28.87440 -28.79538 -28.74454
 -28.38233 -28.41004 -28.44592 -28.48594 -28.52454 -28.55779 -28.59086 -28.63203
 -28.68437 -28.72210 -28.70951 -28.63087 -28.58093
 -28.38704 -28.41413 -28.44986 -28.49022 -28.52958 -28.56397 -28.59867 -28.64216
 -28.69756 -28.73839 -28.72802 -28.64999 -28.59953
 -28.49129 -28.51763 -28.55296 -28.59324 -28.63268 -28.66725 -28.70241 -28.74694
 -28.80409 -28.84682 -28.83763 -28.75943 -28.70790
 -28.66309 -28.68868 -28.72328 -28.76294 -28.80200 -28.83650 -28.87183 -28.91661
 -28.97399 -29.01684 -29.00765 -28.92929 -28.87753
 -28.87845 -28.90339 -28.93711 -28.97590 -29.01446 -29.04909 -29.08487 -29.12991
 -29.18695 -29.22921 -29.21971 -29.14180 -29.09093
 -29.11365 -29.13739 -29.16982 -29.20734 -29.24481 -29.27861 -29.31373 -29.35807
 -29.41427 -29.45571 -29.44570 -29.36777 -29.31721
 -29.36457 -29.38666 -29.41726 -29.45284 -29.48835 -29.52025 -29.55351 -29.59605
 -29.65051 -29.69040 -29.67923 -29.60066 -29.54988
 -29.62086 -29.64101 -29.66886 -29.70117 -29.73329 -29.76205 -29.79232 -29.83174
 -29.88280 -29.91947 -29.90588 -29.82621 -29.77533
 -29.79268 -29.80814 -29.82961 -29.85421 -29.87787 -29.89794 -29.91964 -29.95092
 -29.99457 -30.02502 -30.00692 -29.92478 -29.87301
 -29.92914 -29.93923 -29.95371 -29.96996 -29.98422 -29.99420 -30.00585 -30.02792
 -30.06393 -30.08844 -30.06608 -29.98128 -29.92809
 -30.22225 -30.23212 -30.24633 -30.26224 -30.27611 -30.28568 -30.29692 -30.31862
 -30.35432 -30.37860 -30.35607 -30.27116 -30.21791
 -30.52279 -30.53266 -30.54687 -30.56278 -30.57665 -30.58622 -30.59746 -30.61916
 -30.65486 -30.67914 -30.65661 -30.57170 -30.51845
 -30.82140 -30.83128 -30.84548 -30.86139 -30.87526 -30.88484 -30.89608 -30.91777
 -30.95347 -30.97775 -30.95522 -30.87031 -30.81706
---------------------/ IPRT= 2  / IGRD= 2  /--------/ Z1= 2   / DATE= 29/03/93
 -29.13220 -29.13401 -29.13989 -29.14274 -29.13264 -29.10480 -29.08270 -29.09955
 -29.16311 -29.14044 -28.85024 -28.16975 -27.30014
 -29.23982 -29.24184 -29.24805 -29.25136 -29.24192 -29.21511 -29.19543 -29.21737
 -29.29156 -29.29646 -29.06514 -28.48499 -27.74386
 -29.35140 -29.35327 -29.35888 -29.36208 -29.35426 -29.33146 -29.31529 -29.33620
 -29.40486 -29.42262 -29.25328 -28.80584 -28.23949
 -29.46189 -29.46335 -29.46780 -29.47053 -29.46494 -29.44794 -29.43598 -29.45217
 -29.50541 -29.52579 -29.41633 -29.11362 -28.74010
 -29.55339 -29.55441 -29.55757 -29.55959 -29.55586 -29.54423 -29.53603 -29.54721
 -29.58451 -29.60355 -29.54237 -29.36232 -29.15354
 -29.54843 -29.54906 -29.55098 -29.55212 -29.54957 -29.54202 -29.53687 -29.54451
 -29.56986 -29.58757 -29.56188 -29.47306 -29.39005
 -29.44077 -29.44112 -29.44216 -29.44258 -29.44056 -29.43535 -29.43218 -29.43833
 -29.45776 -29.47608 -29.47257 -29.43908 -29.43671
 -29.37235 -29.37269 -29.37372 -29.37417 -29.37232 -29.36746 -29.36462 -29.37082
 -29.39018 -29.41083 -29.41541 -29.39892 -29.42468
 -29.38802 -29.38850 -29.38997 -29.39085 -29.38898 -29.38339 -29.37995 -29.38688
 -29.40899 -29.43221 -29.43601 -29.41365 -29.43475
 -29.47922 -29.47976 -29.48142 -29.48247 -29.48049 -29.47440 -29.47061 -29.47809
 -29.50197 -29.52620 -29.52747 -29.49736 -29.50985
 -29.61624 -29.61678 -29.61843 -29.61946 -29.61739 -29.61116 -29.60731 -29.61501
 -29.63934 -29.66282 -29.66023 -29.62203 -29.62538
 -29.75222 -29.75276 -29.75444 -29.75547 -29.75340 -29.74712 -29.74324 -29.75099
 -29.77524 -29.79679 -29.78816 -29.73846 -29.72879
 -29.84259 -29.84313 -29.84482 -29.84587 -29.84379 -29.83751 -29.83361 -29.84137
 -29.86538 -29.88463 -29.86926 -29.80700 -29.78291
 -29.89470 -29.89525 -29.89694 -29.89798 -29.89590 -29.88960 -29.88570 -29.89347
 -29.91731 -29.93454 -29.91319 -29.83973 -29.80267
 -29.92059 -29.92115 -29.92284 -29.92389 -29.92180 -29.91545 -29.91153 -29.91936
 -29.94320 -29.95918 -29.93378 -29.85253 -29.80644
 -29.80804 -29.80859 -29.81029 -29.81134 -29.80924 -29.80290 -29.79898 -29.80680
 -29.83053 -29.84566 -29.81785 -29.73217 -29.68100
 -29.71863 -29.71918 -29.72086 -29.72190 -29.71983 -29.71354 -29.70965 -29.71741
 -29.74087 -29.75540 -29.72650 -29.63916 -29.58620
 -30.00332 -30.00387 -30.00555 -30.00659 -30.00452 -29.99823 -29.99435 -30.00210
 -30.02555 -30.04006 -30.01112 -29.92375 -29.87073
 -30.30386 -30.30441 -30.30609 -30.30713 -30.30506 -30.29877 -30.29489 -30.30264
 -30.32609 -30.34060 -30.31166 -30.22429 -30.17127
 -30.60247 -30.60302 -30.60470 -30.60574 -30.60367 -30.59739 -30.59350 -30.60125
 -30.62470 -30.63921 -30.61028 -30.52290 -30.46989
---------------------/ IPRT= 3  / IGRD= 2  /--------/ Z1= 2   / DATE= 29/03/93
 -29.25558 -29.25622 -29.25920 -29.25996 -29.25210 -29.23218 -29.21296 -29.21279
 -29.23665 -29.21558 -29.05520 -28.68498 -28.16631
 -29.35696 -29.35777 -29.36115 -29.36267 -29.35610 -29.33829 -29.32279 -29.32897
 -29.36319 -29.36010 -29.22973 -28.90682 -28.46307
 -29.45985 -29.46064 -29.46354 -29.46488 -29.45957 -29.44513 -29.43341 -29.44123
 -29.47449 -29.47892 -29.37951 -29.12368 -28.78264
 -29.56260 -29.56327 -29.56532 -29.56621 -29.56240 -29.55222 -29.54426 -29.55066
 -29.57576 -29.58076 -29.51201 -29.33372 -29.10881
 -29.66037 -29.66095 -29.66268 -29.66367 -29.66132 -29.65433 -29.64876 -29.65323
 -29.67093 -29.67531 -29.62956 -29.51133 -29.37822
 -29.74474 -29.74513 -29.74633 -29.74698 -29.74521 -29.74010 -29.73624 -29.74006
 -29.75406 -29.75887 -29.72761 -29.64636 -29.57303
 -29.81177 -29.81188 -29.81215 -29.81176 -29.80962 -29.80541 -29.80298 -29.80767
 -29.82145 -29.82785 -29.80408 -29.74035 -29.69911
 -29.87367 -29.87381 -29.87417 -29.87392 -29.87192 -29.86782 -29.86565 -29.87094
 -29.88588 -29.89419 -29.87326 -29.81445 -29.78664
 -29.93526 -29.93562 -29.93674 -29.93738 -29.93583 -29.93134 -29.92861 -29.93419
 -29.95094 -29.96119 -29.94023 -29.87872 -29.85228
 -29.99532 -29.99579 -29.99723 -29.99819 -29.99658 -29.99150 -29.98831 -29.99453
 -30.01354 -30.02567 -30.00331 -29.93558 -29.90394
 -30.04195 -30.04243 -30.04391 -30.04481 -30.04294 -30.03733 -30.03387 -30.04081
 -30.06181 -30.07529 -30.05099 -29.97644 -29.93765
 -30.05829 -30.05880 -30.06038 -30.06136 -30.05939 -30.05346 -30.04979 -30.05711
 -30.07930 -30.09338 -30.06715 -29.98698 -29.94203
 -30.03584 -30.03638 -30.03803 -30.03906 -30.03705 -30.03091 -30.02711 -30.03467
 -30.05759 -30.07191 -30.04413 -29.95981 -29.91014
 -29.99983 -30.00037 -30.00204 -30.00308 -30.00102 -29.99477 -29.99091 -29.99861
 -30.02193 -30.03637 -30.00764 -29.92085 -29.86828
 -29.97015 -29.97070 -29.97238 -29.97342 -29.97134 -29.96506 -29.96117 -29.96892
 -29.99238 -30.00687 -29.97789 -29.89038 -29.83697
 -29.82667 -29.82722 -29.82890 -29.82995 -29.82787 -29.82157 -29.81768 -29.82544
 -29.84895 -29.86350 -29.83450 -29.74689 -29.69335
 -29.72405 -29.72460 -29.72629 -29.72734 -29.72526 -29.71894 -29.71504 -29.72283
 -29.74639 -29.76097 -29.73190 -29.64402 -29.59019
 -30.00837 -30.00892 -30.01061 -30.01165 -30.00957 -30.00326 -29.99935 -30.00714
 -30.03071 -30.04529 -30.01621 -29.92832 -29.87448
 -30.30891 -30.30946 -30.31115 -30.31219 -30.31011 -30.30380 -30.29989 -30.30768
 -30.33125 -30.34583 -30.31675 -30.22886 -30.17502
 -30.60752 -30.60807 -30.60976 -30.61081 -30.60872 -30.60241 -30.59850 -30.60629
 -30.62986 -30.64444 -30.61536 -30.52748 -30.47363
---------------------/ IPRT= 1  / IGRD= 1  /--------/ Z1= 3   / DATE= 29/03/93
 -28.32541 -28.31971 -28.30658 -28.28115 -28.23782 -28.17039 -28.06972 -27.89219
 -27.57146 -27.04733 -26.33692 -25.50812 -24.63677
 -28.42814 -28.42513 -28.41783 -28.40234 -28.37556 -28.33455 -28.27397 -28.16006
 -27.94038 -27.56549 -27.02543 -26.33616 -25.52582
 -28.55552 -28.55341 -28.54811 -28.53798 -28.52122 -28.49609 -28.45925 -28.38858
 -28.24961 -28.00783 -27.63042 -27.08575 -26.35769
 -28.61039 -28.61002 -28.60867 -28.60565 -28.59901 -28.58588 -28.56287 -28.52014
 -28.44361 -28.31662 -28.09262 -27.70546 -27.10598
 -28.44528 -28.45572 -28.46876 -28.48414 -28.49886 -28.50802 -28.50706 -28.49567
 -28.47635 -28.44780 -28.36254 -28.14283 -27.72671
 -28.11591 -28.13793 -28.16619 -28.20079 -28.23785 -28.27082 -28.29397 -28.31173
 -28.33517 -28.37167 -28.38296 -28.30087 -28.06988
 -27.75183 -27.77754 -27.81178 -27.85518 -27.90383 -27.95091 -27.99036 -28.02597
 -28.06804 -28.12423 -28.16965 -28.15804 -28.05240
 -27.54216 -27.56747 -27.60212 -27.64714 -27.69900 -27.75117 -27.79779 -27.84138
 -27.88999 -27.94970 -28.00191 -28.01180 -27.95228
 -27.52355 -27.54776 -27.58135 -27.62551 -27.67696 -27.72942 -27.77726 -27.82297
 -27.87439 -27.93730 -27.99203 -28.00217 -27.93921
 -27.60274 -27.62582 -27.65840 -27.70179 -27.75271 -27.80487 -27.85264 -27.89855
 -27.95051 -28.01437 -28.07005 -28.08052 -28.01669
 -27.75049 -27.77220 -27.80348 -27.84579 -27.89589 -27.94749 -27.99492 -28.04066
 -28.09258 -28.15647 -28.21268 -28.22486 -28.16451
 -27.94884 -27.96885 -27.99816 -28.03855 -28.08706 -28.13755 -28.18450 -28.23033
 -28.28267 -28.34710 -28.40392 -28.41683 -28.35738
 -28.18040 -28.19875 -28.22621 -28.26484 -28.31181 -28.36108 -28.40721 -28.45256
 -28.50464 -28.56892 -28.62562 -28.63835 -28.57863
 -28.42596 -28.44294 -28.46880 -28.50558 -28.55051 -28.59768 -28.64180 -28.68524
 -28.73548 -28.79795 -28.85301 -28.86450 -28.80415
 -28.66751 -28.68326 -28.70708 -28.74068 -28.78153 -28.82428 -28.86412 -28.90358
 -28.94999 -29.00868 -29.06018 -29.06876 -29.00647
 -28.90945 -28.92318 -28.94376 -28.97262 -29.00742 -29.04337 -29.07623 -29.10880
 -29.14852 -29.20082 -29.24654 -29.25037 -29.18479
 -29.11686 -29.12705 -29.14271 -29.16510 -29.19201 -29.21894 -29.24196 -29.26434
 -29.29410 -29.33727 -29.37512 -29.37273 -29.30286
 -29.15789 -29.16350 -29.17265 -29.18634 -29.20263 -29.21765 -29.22812 -29.23798
 -29.25593 -29.28866 -29.31786 -29.30883 -29.23458
 -29.26432 -29.26746 -29.27295 -29.28161 -29.29172 -29.29992 -29.30342 -29.30655
 -29.31832 -29.34570 -29.37056 -29.35828 -29.28192
 -29.56293 -29.56607 -29.57157 -29.58022 -29.59033 -29.59853 -29.60203 -29.60517
 -29.61693 -29.64431 -29.66917 -29.65689 -29.58053
---------------------/ IPRT= 2  / IGRD= 1  /--------/ Z1= 3   / DATE= 29/03/93
 -29.05934 -29.05718 -29.05663 -29.05918 -29.05892 -29.04504 -29.00830 -28.95934
 -28.92272 -28.91325 -28.84537 -28.56747 -27.94469
 -29.12957 -29.12792 -29.12789 -29.13086 -29.13188 -29.12184 -29.09311 -29.05653
 -29.03774 -29.05073 -29.02198 -28.81998 -28.32692
 -29.19424 -29.19303 -29.19348 -29.19692 -29.19934 -29.19328 -29.17264 -29.14862
 -29.14258 -29.17141 -29.17197 -29.02880 -28.63815
 -29.27472 -29.27352 -29.27391 -29.27721 -29.27989 -29.27522 -29.25777 -29.23816
 -29.23760 -29.27159 -29.28687 -29.18504 -28.87798
 -29.35441 -29.35326 -29.35336 -29.35583 -29.35801 -29.35476 -29.34194 -29.32775
 -29.32891 -29.35727 -29.37374 -29.30569 -29.08859
 -29.43339 -29.43250 -29.43245 -29.43404 -29.43557 -29.43371 -29.42577 -29.41709
 -29.41827 -29.43727 -29.44922 -29.40767 -29.27222
 -29.50468 -29.50424 -29.50438 -29.50561 -29.50680 -29.50574 -29.50065 -29.49508
 -29.49603 -29.50890 -29.51800 -29.49387 -29.41191
 -29.53714 -29.53693 -29.53718 -29.53823 -29.53921 -29.53847 -29.53468 -29.53062
 -29.53177 -29.54234 -29.55132 -29.53769 -29.48508
 -29.54406 -29.54383 -29.54400 -29.54487 -29.54569 -29.54503 -29.54175 -29.53844
 -29.54014 -29.55083 -29.56120 -29.55324 -29.51381
 -29.57248 -29.57225 -29.57240 -29.57323 -29.57403 -29.57338 -29.57019 -29.56713
 -29.56931 -29.58081 -29.59255 -29.58681 -29.55105
 -29.63517 -29.63494 -29.63512 -29.63603 -29.63689 -29.63620 -29.63279 -29.62957
 -29.63216 -29.64499 -29.65822 -29.65258 -29.61436
 -29.72798 -29.72772 -29.72792 -29.72897 -29.72995 -29.72917 -29.72527 -29.72159
 -29.72455 -29.73924 -29.75430 -29.74760 -29.70298
 -29.82129 -29.82099 -29.82123 -29.82241 -29.82352 -29.82263 -29.81821 -29.81403
 -29.81736 -29.83393 -29.85053 -29.84151 -29.78769
 -29.88074 -29.88041 -29.88067 -29.88195 -29.88317 -29.88220 -29.87738 -29.87283
 -29.87647 -29.89451 -29.91199 -29.90005 -29.83675
 -29.88756 -29.88722 -29.88749 -29.88884 -29.89012 -29.88910 -29.88403 -29.87924
 -29.88307 -29.90203 -29.91995 -29.90585 -29.83592
 -29.87545 -29.87509 -29.87537 -29.87680 -29.87814 -29.87707 -29.87174 -29.86671
 -29.87073 -29.89063 -29.90941 -29.89443 -29.82046
 -29.84498 -29.84460 -29.84490 -29.84641 -29.84784 -29.84669 -29.84104 -29.83571
 -29.83998 -29.86110 -29.88136 -29.86664 -29.79038
 -29.67258 -29.67219 -29.67249 -29.67402 -29.67546 -29.67431 -29.66859 -29.66319
 -29.66751 -29.68889 -29.70932 -29.69414 -29.61631
 -29.67957 -29.67919 -29.67949 -29.68099 -29.68242 -29.68128 -29.67564 -29.67032
 -29.67458 -29.69563 -29.71548 -29.69959 -29.62105
 -29.97819 -29.97780 -29.97810 -29.97961 -29.98103 -29.97989 -29.97425 -29.96894
 -29.97319 -29.99424 -30.01409 -29.99820 -29.91967
---------------------/ IPRT= 1  / IGRD= 2  /--------/ Z1= 3   / DATE= 29/03/93
 -28.90763 -28.90254 -28.89010 -28.86521 -28.82212 -28.75460 -28.65354 -28.47522
 -28.15321 -27.62732 -26.91600 -26.08936 -25.22516
 -29.02683 -29.02497 -29.01782 -29.00149 -28.97286 -28.92930 -28.86583 -28.74894
 -28.52640 -28.14903 -27.60781 -26.92006 -26.11509
 -29.17525 -29.17316 -29.16763 -29.15649 -29.13782 -29.10987 -29.06931 -28.99407
 -28.84976 -28.60203 -28.21949 -27.67267 -26.94741
 -29.23499 -29.23419 -29.23255 -29.22960 -29.22299 -29.20909 -29.18374 -29.13675
 -29.05391 -28.91865 -28.68640 -28.29425 -27.69595
 -29.03864 -29.04818 -29.06119 -29.07793 -29.09481 -29.10577 -29.10513 -29.09236
 -29.07036 -29.03823 -28.94978 -28.72907 -28.31572
 -28.67553 -28.69623 -28.72438 -28.76038 -28.79985 -28.83529 -28.86005 -28.87868
 -28.90305 -28.94125 -28.95525 -28.87665 -28.64976
 -28.30553 -28.32987 -28.36322 -28.40630 -28.45507 -28.50234 -28.54172 -28.57722
 -28.61964 -28.67710 -28.72461 -28.71542 -28.61203
 -28.09457 -28.11884 -28.15249 -28.19665 -28.24769 -28.29888 -28.34416 -28.38618
 -28.43331 -28.49195 -28.54361 -28.55351 -28.49454
 -28.06661 -28.09025 -28.12351 -28.16779 -28.21955 -28.27194 -28.31879 -28.36262
 -28.41161 -28.47191 -28.52436 -28.53317 -28.47038
 -28.13400 -28.15679 -28.18946 -28.23358 -28.28556 -28.33844 -28.38591 -28.43034
 -28.47979 -28.54028 -28.59250 -28.60052 -28.53629
 -28.27036 -28.29207 -28.32371 -28.36696 -28.41834 -28.47096 -28.51858 -28.56340
 -28.61312 -28.67347 -28.72559 -28.73448 -28.67286
 -28.45974 -28.48029 -28.51041 -28.55196 -28.60173 -28.65318 -28.70040 -28.74552
 -28.79592 -28.85702 -28.90977 -28.91904 -28.85747
 -28.68463 -28.70448 -28.73378 -28.77415 -28.82249 -28.87259 -28.91885 -28.96347
 -29.01375 -29.07500 -29.12796 -29.13723 -29.07518
 -28.92645 -28.94551 -28.97401 -29.01324 -29.06006 -29.10839 -29.15278 -29.19555
 -29.24417 -29.30412 -29.35616 -29.36487 -29.30261
 -29.16841 -29.18545 -29.21137 -29.24770 -29.29142 -29.33645 -29.37736 -29.41664
 -29.46197 -29.51904 -29.56872 -29.57555 -29.51188
 -29.41516 -29.42938 -29.45138 -29.48297 -29.52135 -29.56069 -29.59577 -29.62922
 -29.66877 -29.72023 -29.76477 -29.76747 -29.70112
 -29.63231 -29.64338 -29.66068 -29.68575 -29.71608 -29.74653 -29.77253 -29.79695
 -29.82754 -29.87011 -29.90651 -29.90284 -29.83286
 -29.68981 -29.69664 -29.70755 -29.72358 -29.74252 -29.76006 -29.77247 -29.78357
 -29.80211 -29.83485 -29.86376 -29.85451 -29.78042
 -29.80656 -29.81084 -29.81795 -29.82867 -29.84093 -29.85083 -29.85506 -29.85819
 -29.86991 -29.89786 -29.92378 -29.91241 -29.83622
 -30.10517 -30.10945 -30.11656 -30.12728 -30.13955 -30.14944 -30.15367 -30.15680
 -30.16853 -30.19648 -30.22239 -30.21102 -30.13483
---------------------/ IPRT= 1  / IGRD= 3  /--------/ Z1= 3   / DATE= 29/03/93
 -29.58282 -29.57708 -29.56385 -29.53856 -29.49555 -29.42843 -29.32788 -29.15002
 -28.82825 -28.30218 -27.59032 -26.76291 -25.89791
 -29.70095 -29.69821 -29.69061 -29.67484 -29.64752 -29.60517 -29.54198 -29.42451
 -29.20114 -28.82327 -28.28194 -27.59422 -26.78916
 -29.84813 -29.84576 -29.84020 -29.82945 -29.81146 -29.78416 -29.74392 -29.66864
 -29.52406 -29.27598 -28.89312 -28.34611 -27.62086
 -29.90730 -29.90702 -29.90562 -29.90229 -29.89492 -29.88055 -29.85563 -29.80970
 -29.72781 -29.59263 -29.35971 -28.96678 -28.36819
 -29.71201 -29.72177 -29.73478 -29.75118 -29.76757 -29.77822 -29.77778 -29.76562
 -29.74420 -29.71227 -29.62363 -29.40254 -28.98885
 -29.34977 -29.37019 -29.39806 -29.43410 -29.47387 -29.50961 -29.53441 -29.55286
 -29.57702 -29.61521 -29.62934 -29.55081 -29.32374
 -28.97912 -29.00329 -29.03649 -29.07968 -29.12877 -29.17640 -29.21599 -29.25149
 -29.29370 -29.35079 -29.39788 -29.38839 -29.28500
 -28.76804 -28.79219 -28.82578 -28.87016 -28.92165 -28.97326 -29.01870 -29.06058
 -29.10734 -29.16547 -29.21665 -29.22627 -29.16738
 -28.74063 -28.76394 -28.79703 -28.84169 -28.89418 -28.94711 -28.99381 -29.03693
 -29.08519 -29.14527 -29.19796 -29.20708 -29.14430
 -28.80767 -28.83007 -28.86259 -28.90694 -28.95936 -29.01249 -29.05967 -29.10345
 -29.15245 -29.21320 -29.26620 -29.27486 -29.21051
 -28.94349 -28.96503 -28.99667 -29.04000 -29.09142 -29.14397 -29.19134 -29.23586
 -29.28550 -29.34622 -29.39899 -29.40835 -29.34664
 -29.13301 -29.15362 -29.18392 -29.22567 -29.27557 -29.32705 -29.37417 -29.41906
 -29.46919 -29.53007 -29.58270 -29.59199 -29.53062
 -29.35859 -29.37770 -29.40651 -29.44720 -29.49645 -29.54733 -29.59357 -29.63744
 -29.68679 -29.74749 -29.80040 -29.80996 -29.74840
 -29.60078 -29.61808 -29.64528 -29.68484 -29.73323 -29.78302 -29.82747 -29.86905
 -29.91633 -29.97579 -30.02827 -30.03773 -29.97596
 -29.84200 -29.85790 -29.88304 -29.91965 -29.96444 -30.01051 -30.05163 -30.09032
 -30.13481 -30.19134 -30.24088 -30.24781 -30.18431
 -30.08783 -30.10213 -30.12436 -30.15623 -30.19484 -30.23431 -30.26938 -30.30267
 -30.34197 -30.39311 -30.43736 -30.43980 -30.37332
 -30.30495 -30.31653 -30.33445 -30.35984 -30.39009 -30.42012 -30.44543 -30.46917
 -30.49946 -30.54245 -30.57972 -30.57673 -30.50664
 -30.36328 -30.37021 -30.38125 -30.39725 -30.41599 -30.43323 -30.44532 -30.45621
 -30.47480 -30.50798 -30.53752 -30.52869 -30.45444
 -30.48064 -30.48463 -30.49138 -30.50172 -30.51370 -30.52357 -30.52817 -30.53192
 -30.54415 -30.57217 -30.59776 -30.58595 -30.50948
 -30.77926 -30.78324 -30.78999 -30.80033 -30.81231 -30.82218 -30.82679 -30.83053
 -30.84277 -30.87078 -30.89637 -30.88456 -30.80809
---------------------/ IPRT= 2  / IGRD= 4  /--------/ Z1= 3   / DATE= 29/03/93
 -28.79892 -28.79797 -28.79350 -28.78334 -28.76766 -28.74810 -28.72430 -28.67160
 -28.55148 -28.32003 -27.88628 -27.12817 -25.95330
 -28.86766 -28.86641 -28.86407 -28.86017 -28.85280 -28.83911 -28.81567 -28.77240
 -28.70098 -28.58214 -28.30831 -27.71321 -26.66244
 -28.92738 -28.92597 -28.92570 -28.92766 -28.92793 -28.91939 -28.89577 -28.86182
 -28.82671 -28.79171 -28.64343 -28.19356 -27.28570
 -29.00682 -29.00555 -29.00570 -29.00841 -29.00960 -29.00173 -28.97854 -28.94967
 -28.93537 -28.94628 -28.87755 -28.54852 -27.80751
 -29.09661 -29.09549 -29.09580 -29.09872 -29.10053 -29.09436 -29.07458 -29.05151
 -29.04690 -29.07383 -29.04685 -28.81567 -28.25405
 -29.17783 -29.17681 -29.17718 -29.18012 -29.18256 -29.17867 -29.16373 -29.14686
 -29.14623 -29.17394 -29.16767 -29.01629 -28.62703
 -29.21710 -29.21617 -29.21641 -29.21882 -29.22106 -29.21865 -29.20795 -29.19630
 -29.19805 -29.22338 -29.23020 -29.14213 -28.89622
 -29.15609 -29.15546 -29.15564 -29.15731 -29.15891 -29.15734 -29.15015 -29.14266
 -29.14532 -29.16586 -29.17893 -29.13741 -29.00361
 -29.05176 -29.05148 -29.05170 -29.05282 -29.05379 -29.05268 -29.04798 -29.04334
 -29.04587 -29.06109 -29.07537 -29.06246 -29.00279
 -29.03185 -29.03168 -29.03188 -29.03271 -29.03338 -29.03244 -29.02874 -29.02530
 -29.02782 -29.04094 -29.05571 -29.05428 -29.02435
 -29.09747 -29.09726 -29.09742 -29.09822 -29.09891 -29.09802 -29.09443 -29.09112
 -29.09381 -29.10714 -29.12273 -29.12363 -29.09831
 -29.21983 -29.21958 -29.21977 -29.22074 -29.22164 -29.22083 -29.21704 -29.21349
 -29.21635 -29.23069 -29.24752 -29.24870 -29.22159
 -29.36590 -29.36562 -29.36584 -29.36697 -29.36804 -29.36722 -29.36307 -29.35915
 -29.36228 -29.37800 -29.39595 -29.39533 -29.36117
 -29.49273 -29.49242 -29.49266 -29.49388 -29.49503 -29.49411 -29.48954 -29.48522
 -29.48868 -29.50592 -29.52456 -29.52015 -29.47454
 -29.56469 -29.56436 -29.56462 -29.56593 -29.56718 -29.56617 -29.56122 -29.55655
 -29.56029 -29.57889 -29.59792 -29.58926 -29.53161
 -29.60368 -29.60332 -29.60360 -29.60500 -29.60633 -29.60527 -29.60001 -29.59505
 -29.59902 -29.61871 -29.63802 -29.62584 -29.55827
 -29.60218 -29.60181 -29.60210 -29.60355 -29.60494 -29.60383 -29.59837 -29.59321
 -29.59734 -29.61777 -29.63738 -29.62320 -29.54970
 -29.44459 -29.44421 -29.44451 -29.44600 -29.44741 -29.44628 -29.44070 -29.43544
 -29.43965 -29.46048 -29.48024 -29.46490 -29.38802
 -29.45652 -29.45614 -29.45644 -29.45793 -29.45935 -29.45822 -29.45261 -29.44732
 -29.45155 -29.47250 -29.49225 -29.47644 -29.39830
 -29.75513 -29.75475 -29.75505 -29.75655 -29.75796 -29.75683 -29.75122 -29.74593
 -29.75016 -29.77111 -29.79086 -29.77505 -29.69691
---------------------/ IPRT= 1  / IGRD= 1  /--------/ Z1= 4   / DATE= 29/03/93
 -27.77805 -27.77488 -27.76614 -27.74569 -27.70680 -27.63855 -27.52803 -27.35655
 -27.06076 -26.55645 -25.77849 -24.81045 -23.80526
 -27.89505 -27.89251 -27.88583 -27.87012 -27.84025 -27.78914 -27.70879 -27.58583
 -27.36556 -26.97395 -26.35117 -25.54811 -24.66732
 -28.00988 -28.00812 -28.00363 -27.99279 -27.97203 -27.93792 -27.88715 -27.81154
 -27.66539 -27.38545 -26.91772 -26.28045 -25.52560
 -28.10352 -28.10390 -28.10297 -28.09821 -28.08722 -28.06881 -28.04231 -28.00330
 -27.91835 -27.74045 -27.42630 -26.96193 -26.34701
 -28.08366 -28.08942 -28.09585 -28.10124 -28.10392 -28.10253 -28.09585 -28.08079
 -28.03975 -27.94838 -27.78044 -27.49539 -27.04601
 -27.79147 -27.80746 -27.82781 -27.85154 -27.87746 -27.90253 -27.92288 -27.93470
 -27.93478 -27.92019 -27.88250 -27.77081 -27.51438
 -27.40788 -27.43394 -27.46821 -27.51021 -27.55902 -27.60996 -27.65662 -27.69393
 -27.72724 -27.76680 -27.81641 -27.83004 -27.73833
 -27.22527 -27.25474 -27.29413 -27.34303 -27.40051 -27.46173 -27.51999 -27.57003
 -27.61778 -27.67434 -27.74576 -27.79849 -27.78048
 -27.23262 -27.26154 -27.30075 -27.34962 -27.40708 -27.46882 -27.52900 -27.58286
 -27.63401 -27.68999 -27.75469 -27.80372 -27.79949
 -27.33009 -27.35855 -27.39751 -27.44624 -27.50360 -27.56547 -27.62634 -27.68168
 -27.73479 -27.79258 -27.85850 -27.90898 -27.90784
 -27.49720 -27.52478 -27.56265 -27.61036 -27.66700 -27.72837 -27.78874 -27.84342
 -27.89600 -27.95390 -28.02097 -28.07317 -28.07343
 -27.71034 -27.73652 -27.77259 -27.81850 -27.87367 -27.93375 -27.99260 -28.04522
 -28.09545 -28.15123 -28.21693 -28.26874 -28.26975
 -27.94670 -27.97119 -28.00543 -28.04943 -28.10269 -28.16079 -28.21746 -28.26761
 -28.31522 -28.36851 -28.43209 -28.48244 -28.48291
 -28.19503 -28.21761 -28.24970 -28.29109 -28.34112 -28.39548 -28.44810 -28.49411
 -28.53769 -28.58727 -28.64763 -28.69542 -28.69408
 -28.43599 -28.45606 -28.48478 -28.52173 -28.56607 -28.61374 -28.65920 -28.69802
 -28.73472 -28.77796 -28.83280 -28.87610 -28.87157
 -28.64130 -28.65739 -28.68047 -28.71013 -28.74556 -28.78320 -28.81819 -28.84675
 -28.87365 -28.90762 -28.95382 -28.98972 -28.97982
 -28.80362 -28.81484 -28.83086 -28.85162 -28.87669 -28.90301 -28.92628 -28.94324
 -28.95903 -28.98268 -29.01967 -29.04793 -29.03255
 -28.91694 -28.92356 -28.93266 -28.94492 -28.96061 -28.97696 -28.98979 -28.99604
 -29.00159 -29.01643 -29.04690 -29.07079 -29.05250
 -28.86475 -28.86788 -28.87186 -28.87763 -28.88576 -28.89400 -28.89880 -28.89769
 -28.89685 -28.90643 -28.93292 -28.95396 -28.93370
 -28.79891 -28.80039 -28.80218 -28.80485 -28.80871 -28.81217 -28.81276 -28.80893
 -28.80649 -28.81465 -28.83910 -28.85774 -28.83556
---------------------/ IPRT= 2  / IGRD= 1  /--------/ Z1= 4   / DATE= 29/03/93
 -28.52699 -28.52480 -28.52270 -28.52380 -28.52971 -28.53047 -28.51075 -28.45960
 -28.40037 -28.37241 -28.34238 -28.12989 -27.48722
 -28.62693 -28.62474 -28.62264 -28.62374 -28.62964 -28.63041 -28.61069 -28.55954
 -28.50030 -28.47234 -28.48300 -28.35855 -27.84097
 -28.68733 -28.68480 -28.68238 -28.68364 -28.69062 -28.69332 -28.67612 -28.62824
 -28.57641 -28.56486 -28.62290 -28.58379 -28.18902
 -28.72439 -28.72163 -28.71909 -28.72078 -28.72919 -28.73464 -28.72181 -28.68071
 -28.64297 -28.65965 -28.75610 -28.77736 -28.48440
 -28.83004 -28.82796 -28.82624 -28.82823 -28.83591 -28.84072 -28.82919 -28.79277
 -28.76128 -28.78242 -28.88239 -28.92656 -28.70525
 -28.96611 -28.96451 -28.96330 -28.96517 -28.97170 -28.97577 -28.96622 -28.93600
 -28.91010 -28.92842 -29.01519 -29.06311 -28.90342
 -29.08241 -29.08105 -29.07997 -29.08141 -29.08674 -29.09044 -29.08382 -29.06133
 -29.04218 -29.05711 -29.12472 -29.16753 -29.06323
 -29.13957 -29.13858 -29.13778 -29.13876 -29.14253 -29.14528 -29.14100 -29.12585
 -29.11315 -29.12420 -29.17202 -29.20657 -29.14843
 -29.14497 -29.14433 -29.14382 -29.14449 -29.14699 -29.14882 -29.14598 -29.13597
 -29.12777 -29.13574 -29.16919 -29.19780 -29.17276
 -29.14189 -29.14137 -29.14095 -29.14150 -29.14353 -29.14508 -29.14298 -29.13524
 -29.12899 -29.13559 -29.16279 -29.19008 -29.18374
 -29.19058 -29.19009 -29.18970 -29.19020 -29.19210 -29.19357 -29.19171 -29.18470
 -29.17908 -29.18532 -29.21073 -29.23847 -29.24037
 -29.28873 -29.28826 -29.28788 -29.28837 -29.29021 -29.29163 -29.28977 -29.28287
 -29.27742 -29.28379 -29.30927 -29.33732 -29.34025
 -29.40560 -29.40513 -29.40476 -29.40524 -29.40705 -29.40842 -29.40659 -29.39982
 -29.39459 -29.40120 -29.42681 -29.45396 -29.45371
 -29.51252 -29.51207 -29.51170 -29.51217 -29.51393 -29.51528 -29.51350 -29.50692
 -29.50190 -29.50859 -29.53384 -29.55894 -29.55322
 -29.58131 -29.58087 -29.58052 -29.58097 -29.58270 -29.58402 -29.58228 -29.57583
 -29.57091 -29.57743 -29.60191 -29.62439 -29.61259
 -29.59224 -29.59182 -29.59147 -29.59191 -29.59358 -29.59486 -29.59317 -29.58694
 -29.58217 -29.58844 -29.61188 -29.63174 -29.61477
 -29.57206 -29.57164 -29.57131 -29.57174 -29.57335 -29.57459 -29.57296 -29.56691
 -29.56229 -29.56839 -29.59104 -29.60906 -29.58867
 -29.54932 -29.54891 -29.54857 -29.54900 -29.55062 -29.55186 -29.55022 -29.54417
 -29.53955 -29.54566 -29.56829 -29.58585 -29.56394
 -29.40916 -29.40874 -29.40840 -29.40884 -29.41048 -29.41173 -29.41008 -29.40394
 -29.39926 -29.40545 -29.42835 -29.44606 -29.42369
 -29.30184 -29.30141 -29.30107 -29.30151 -29.30315 -29.30441 -29.30275 -29.29661
 -29.29191 -29.29811 -29.32107 -29.33878 -29.31620
---------------------/ IPRT= 2  / IGRD= 2  /--------/ Z1= 4   / DATE= 29/03/93
 -28.21353 -28.21839 -28.22096 -28.21077 -28.18068 -28.14939 -28.14762 -28.19094
 -28.17685 -27.87707 -27.08091 -25.92287 -24.64393
 -28.31347 -28.31833 -28.32089 -28.31070 -28.28062 -28.24932 -28.24756 -28.29088
 -28.27678 -28.03626 -27.42285 -26.50079 -25.42378
 -28.38187 -28.38609 -28.38845 -28.38025 -28.35560 -28.33046 -28.33101 -28.37072
 -28.36437 -28.19419 -27.76107 -27.07261 -26.19673
 -28.43139 -28.43402 -28.43565 -28.43139 -28.41802 -28.40516 -28.40848 -28.43629
 -28.43987 -28.34055 -28.06460 -27.58745 -26.90491
 -28.53789 -28.53922 -28.53997 -28.53759 -28.53036 -28.52328 -28.52449 -28.53807
 -28.53667 -28.47712 -28.31539 -28.00462 -27.49574
 -28.67564 -28.67633 -28.67672 -28.67541 -28.67142 -28.66703 -28.66600 -28.67005
 -28.66463 -28.62922 -28.54028 -28.34651 -27.98486
 -28.78024 -28.78065 -28.78097 -28.78048 -28.77863 -28.77616 -28.77440 -28.77384
 -28.76848 -28.74951 -28.70437 -28.59046 -28.35141
 -28.79089 -28.79088 -28.79089 -28.79096 -28.79108 -28.79078 -28.78935 -28.78615
 -28.78104 -28.77381 -28.76060 -28.70971 -28.57629
 -28.73905 -28.73871 -28.73844 -28.73877 -28.74005 -28.74110 -28.74005 -28.73557
 -28.73074 -28.73071 -28.73755 -28.72898 -28.67139
 -28.69896 -28.69864 -28.69837 -28.69870 -28.69996 -28.70094 -28.69975 -28.69515
 -28.69111 -28.69409 -28.70803 -28.71747 -28.69788
 -28.73668 -28.73637 -28.73612 -28.73645 -28.73767 -28.73858 -28.73728 -28.73258
 -28.72890 -28.73323 -28.75030 -28.76742 -28.76374
 -28.84436 -28.84402 -28.84374 -28.84410 -28.84545 -28.84649 -28.84513 -28.84010
 -28.83624 -28.84131 -28.86067 -28.88133 -28.88169
 -28.98182 -28.98147 -28.98118 -28.98155 -28.98292 -28.98391 -28.98234 -28.97685
 -28.97270 -28.97822 -28.99918 -29.02123 -29.02067
 -29.11760 -29.11723 -29.11694 -29.11732 -29.11872 -29.11971 -29.11799 -29.11219
 -29.10783 -29.11366 -29.13562 -29.15760 -29.15324
 -29.21935 -29.21895 -29.21863 -29.21904 -29.22060 -29.22178 -29.22016 -29.21424
 -29.20974 -29.21573 -29.23821 -29.25908 -29.24905
 -29.25815 -29.25772 -29.25738 -29.25782 -29.25948 -29.26078 -29.25916 -29.25305
 -29.24830 -29.25424 -29.27688 -29.29647 -29.28122
 -29.25663 -29.25620 -29.25586 -29.25630 -29.25798 -29.25927 -29.25758 -29.25131
 -29.24637 -29.25223 -29.27486 -29.29339 -29.27438
 -29.24331 -29.24289 -29.24255 -29.24299 -29.24463 -29.24588 -29.24422 -29.23805
 -29.23327 -29.23925 -29.26187 -29.27968 -29.25848
 -29.10717 -29.10675 -29.10642 -29.10685 -29.10846 -29.10970 -29.10807 -29.10203
 -29.09744 -29.10357 -29.12620 -29.14361 -29.12129
 -29.00170 -29.00129 -29.00095 -29.00138 -29.00300 -29.00424 -29.00261 -28.99655
 -28.99192 -28.99804 -29.02067 -29.03796 -29.01514
---------------------/ IPRT= 1  / IGRD= 1  /--------/ Z1= 5   / DATE= 29/03/93
 -27.99655 -27.99479 -27.99196 -27.98442 -27.96797 -27.90666 -27.79743 -27.61966
 -27.33495 -26.86395 -26.11994 -25.08245 -23.92366
 -28.09649 -28.09473 -28.09190 -28.08435 -28.06790 -28.02088 -27.93814 -27.80484
 -27.58961 -27.21858 -26.61028 -25.73761 -24.73167
 -28.19646 -28.19470 -28.19187 -28.18432 -28.16788 -28.13515 -28.07890 -27.99010
 -27.84436 -27.57335 -27.10080 -26.39301 -25.54000
 -28.25068 -28.25573 -28.25998 -28.26005 -28.25222 -28.23594 -28.20693 -28.16263
 -28.08558 -27.91393 -27.57782 -27.03759 -26.34143
 -28.12570 -28.14862 -28.17276 -28.19503 -28.21250 -28.22246 -28.22626 -28.22531
 -28.20846 -28.12828 -27.93078 -27.57614 -27.06563
 -27.87387 -27.91411 -27.95906 -28.00573 -28.05161 -28.09454 -28.13436 -28.17107
 -28.19829 -28.19111 -28.12130 -27.95672 -27.65392
 -27.74895 -27.79783 -27.85333 -27.91328 -27.97622 -28.04070 -28.10366 -28.16204
 -28.21158 -28.24437 -28.25182 -28.21230 -28.06607
 -27.77706 -27.82750 -27.88509 -27.94862 -28.01776 -28.09112 -28.16385 -28.23055
 -28.28738 -28.33502 -28.37493 -28.39478 -28.34195
 -27.88924 -27.93885 -27.99608 -28.05988 -28.13003 -28.20499 -28.27960 -28.34802
 -28.40671 -28.45883 -28.50880 -28.54976 -28.54225
 -28.04380 -28.09072 -28.14538 -28.20650 -28.27353 -28.34476 -28.41514 -28.47906
 -28.53355 -28.58350 -28.63519 -28.68504 -28.70076
 -28.22793 -28.27025 -28.31974 -28.37509 -28.43564 -28.49951 -28.56143 -28.61549
 -28.65950 -28.70202 -28.75354 -28.81330 -28.84776
 -28.43736 -28.47456 -28.51822 -28.56710 -28.62050 -28.67646 -28.72950 -28.77348
 -28.80679 -28.84097 -28.88992 -28.95482 -28.99992
 -28.61729 -28.64734 -28.68271 -28.72239 -28.76573 -28.81093 -28.85276 -28.88542
 -28.90781 -28.93260 -28.97494 -29.03687 -29.08234
 -28.70451 -28.72363 -28.74614 -28.77140 -28.79906 -28.82775 -28.85334 -28.87115
 -28.88075 -28.89402 -28.92503 -28.97554 -29.01143
 -28.73566 -28.74513 -28.75642 -28.76924 -28.78348 -28.79822 -28.81042 -28.81663
 -28.81696 -28.82190 -28.84381 -28.88372 -28.90970
 -28.77388 -28.77863 -28.78455 -28.79161 -28.79985 -28.80862 -28.81538 -28.81727
 -28.81460 -28.81705 -28.83594 -28.87180 -28.89366
 -28.85324 -28.85604 -28.85928 -28.86329 -28.86851 -28.87464 -28.87922 -28.87943
 -28.87551 -28.87676 -28.89405 -28.92771 -28.94720
 -28.97209 -28.97405 -28.97578 -28.97794 -28.98134 -28.98598 -28.98935 -28.98849
 -28.98356 -28.98360 -28.99931 -29.03090 -29.04813
 -29.09735 -29.09855 -29.09951 -29.10084 -29.10335 -29.10699 -29.10937 -29.10766
 -29.10198 -29.10117 -29.11557 -29.14522 -29.16002
 -29.08775 -29.08824 -29.08861 -29.08938 -29.09121 -29.09399 -29.09549 -29.09310
 -29.08701 -29.08564 -29.09889 -29.12645 -29.13844
---------------------/ IPRT= 1  / IGRD= 2  /--------/ Z1= 5   / DATE= 29/03/93
 -27.56246 -27.56096 -27.55802 -27.55019 -27.53139 -27.46458 -27.35358 -27.17373
 -26.88677 -26.41489 -25.67322 -24.64242 -23.49384
 -27.66240 -27.66090 -27.65795 -27.65013 -27.63234 -27.58240 -27.49884 -27.36458
 -27.14824 -26.77678 -26.16968 -25.30068 -24.30146
 -27.76237 -27.76087 -27.75793 -27.75010 -27.73332 -27.70028 -27.64416 -27.55551
 -27.40982 -27.13882 -26.66633 -25.95920 -25.10939
 -27.81836 -27.82252 -27.82621 -27.82607 -27.81861 -27.80336 -27.77524 -27.73203
 -27.65605 -27.48486 -27.14792 -26.60587 -25.91001
 -27.69270 -27.71237 -27.73423 -27.75511 -27.77176 -27.78124 -27.78511 -27.78472
 -27.76885 -27.68961 -27.49250 -27.13796 -26.62995
 -27.43550 -27.47095 -27.51142 -27.55410 -27.59651 -27.63651 -27.67408 -27.70928
 -27.73593 -27.72964 -27.66272 -27.50366 -27.20982
 -27.31265 -27.35599 -27.40626 -27.46149 -27.52028 -27.58117 -27.64092 -27.69641
 -27.74356 -27.77546 -27.78466 -27.75049 -27.61380
 -27.34704 -27.39176 -27.44458 -27.50425 -27.57012 -27.64045 -27.71019 -27.77372
 -27.82720 -27.87207 -27.91066 -27.93163 -27.88380
 -27.46199 -27.50613 -27.55924 -27.61999 -27.68751 -27.75978 -27.83168 -27.89747
 -27.95366 -28.00339 -28.05099 -28.09000 -28.08272
 -27.62387 -27.66610 -27.71730 -27.77602 -27.84125 -27.91102 -27.98042 -28.04407
 -28.09888 -28.14857 -28.19805 -28.24333 -28.25442
 -27.82247 -27.86122 -27.90795 -27.96162 -28.02159 -28.08606 -28.14977 -28.20686
 -28.25456 -28.29904 -28.34812 -28.39994 -28.42461
 -28.04014 -28.07448 -28.11615 -28.16395 -28.21700 -28.27337 -28.32800 -28.37531
 -28.41324 -28.45014 -28.49617 -28.55091 -28.58296
 -28.22872 -28.25667 -28.29097 -28.33018 -28.37306 -28.41757 -28.45942 -28.49391
 -28.51995 -28.54696 -28.58626 -28.63807 -28.67037
 -28.33751 -28.35607 -28.37858 -28.40416 -28.43204 -28.46075 -28.48671 -28.50599
 -28.51811 -28.53274 -28.56135 -28.60442 -28.63041
 -28.39579 -28.40599 -28.41799 -28.43156 -28.44660 -28.46230 -28.47568 -28.48338
 -28.48528 -28.49079 -28.51100 -28.54629 -28.56587
 -28.45249 -28.45821 -28.46488 -28.47255 -28.48138 -28.49086 -28.49845 -28.50125
 -28.49939 -28.50187 -28.51923 -28.55156 -28.56841
 -28.52950 -28.53292 -28.53672 -28.54122 -28.54686 -28.55338 -28.55839 -28.55910
 -28.55567 -28.55675 -28.57250 -28.60279 -28.61750
 -28.62707 -28.62910 -28.63120 -28.63386 -28.63769 -28.64253 -28.64602 -28.64540
 -28.64077 -28.64060 -28.65485 -28.68328 -28.69600
 -28.71909 -28.71990 -28.72110 -28.72299 -28.72588 -28.72947 -28.73154 -28.72957
 -28.72381 -28.72265 -28.73594 -28.76335 -28.77490
 -28.66908 -28.66918 -28.66980 -28.67109 -28.67318 -28.67566 -28.67660 -28.67375
 -28.66754 -28.66601 -28.67862 -28.70476 -28.71470
---------------------/ IPRT= 1  / IGRD= 1  /--------/ Z1= 6   / DATE= 29/03/93
 -27.08746 -27.08414 -27.07752 -27.06431 -27.03930 -26.99652 -26.91671 -26.76900
 -26.52043 -26.10624 -25.43397 -24.42011 -23.15986
 -27.21993 -27.21714 -27.21200 -27.20161 -27.18110 -27.14504 -27.07829 -26.95727
 -26.75637 -26.41759 -25.85480 -24.98922 -23.89294
 -27.35246 -27.35020 -27.34654 -27.33896 -27.32296 -27.29361 -27.23993 -27.14562
 -26.99239 -26.72907 -26.27580 -25.55856 -24.62631
 -27.48526 -27.48353 -27.48135 -27.47660 -27.46511 -27.44249 -27.40191 -27.33435
 -27.22890 -27.04118 -26.69766 -26.12907 -25.36119
 -27.61736 -27.61618 -27.61533 -27.61310 -27.60582 -27.58979 -27.56187 -27.51946
 -27.45818 -27.34100 -27.10253 -26.68002 -26.07680
 -27.75150 -27.75100 -27.75070 -27.74951 -27.74507 -27.73505 -27.71805 -27.69341
 -27.65918 -27.58895 -27.43502 -27.15063 -26.71954
 -27.88784 -27.88782 -27.88742 -27.88614 -27.88323 -27.87795 -27.86880 -27.85366
 -27.82974 -27.78225 -27.68597 -27.51517 -27.24173
 -28.02693 -28.02683 -28.02635 -28.02537 -28.02379 -28.02148 -28.01697 -28.00763
 -27.99060 -27.95875 -27.90128 -27.80634 -27.64489
 -28.15882 -28.15854 -28.15809 -28.15751 -28.15687 -28.15615 -28.15413 -28.14851
 -28.13692 -28.11656 -28.08422 -28.03560 -27.94669
 -28.28215 -28.28204 -28.28166 -28.28114 -28.28079 -28.28086 -28.28034 -28.27707
 -28.26899 -28.25586 -28.23902 -28.21881 -28.17623
 -28.43248 -28.43250 -28.43219 -28.43173 -28.43160 -28.43223 -28.43267 -28.43077
 -28.42452 -28.41544 -28.40813 -28.40619 -28.39372
 -28.48686 -28.48684 -28.48656 -28.48623 -28.48639 -28.48751 -28.48859 -28.48738
 -28.48182 -28.47479 -28.47344 -28.48392 -28.49152
 -28.27498 -28.27494 -28.27462 -28.27426 -28.27450 -28.27589 -28.27738 -28.27654
 -28.27121 -28.26529 -28.26798 -28.28739 -28.30905
 -27.97023 -27.97021 -27.96985 -27.96942 -27.96961 -27.97105 -27.97264 -27.97187
 -27.96651 -27.96110 -27.96605 -27.99063 -28.02019
 -27.77972 -27.77970 -27.77935 -27.77893 -27.77911 -27.78049 -27.78200 -27.78111
 -27.77564 -27.77028 -27.77572 -27.80150 -27.83289
 -27.73870 -27.73867 -27.73823 -27.73772 -27.73796 -27.73970 -27.74178 -27.74134
 -27.73589 -27.73012 -27.73498 -27.76030 -27.79142
 -27.81080 -27.81077 -27.81022 -27.80958 -27.80987 -27.81206 -27.81486 -27.81504
 -27.80974 -27.80362 -27.80791 -27.83269 -27.86345
 -27.93421 -27.93418 -27.93370 -27.93313 -27.93339 -27.93531 -27.93769 -27.93759
 -27.93239 -27.92666 -27.93120 -27.95569 -27.98560
 -28.08841 -28.08839 -28.08801 -28.08756 -28.08777 -28.08928 -28.09103 -28.09046
 -28.08531 -28.08002 -28.08481 -28.10879 -28.13737
 -28.22619 -28.22617 -28.22578 -28.22532 -28.22553 -28.22708 -28.22890 -28.22838
 -28.22325 -28.21781 -28.22205 -28.24488 -28.27172
---------------------/ IPRT= 2  / IGRD= 1  /--------/ Z1= 6   / DATE= 29/03/93
 -28.07113 -28.05883 -28.03959 -28.00265 -27.92856 -27.79864 -27.61365 -27.39130
 -27.14660 -26.83568 -26.36338 -25.63813 -24.66431
 -28.18098 -28.17084 -28.15492 -28.12434 -28.06313 -27.95586 -27.80112 -27.60980
 -27.39075 -27.10939 -26.69323 -26.07210 -25.23999
 -28.29087 -28.28290 -28.27029 -28.24608 -28.19776 -28.11313 -27.98866 -27.82838
 -27.63500 -27.38320 -27.02322 -26.50624 -25.81590
 -28.40099 -28.39519 -28.38591 -28.36807 -28.33267 -28.27074 -28.17659 -28.04741
 -27.87975 -27.65759 -27.35388 -26.94128 -26.39299
 -28.51025 -28.50653 -28.50039 -28.48860 -28.46544 -28.42506 -28.35990 -28.26094
 -28.11919 -27.92702 -27.67805 -27.36437 -26.95055
 -28.61963 -28.61751 -28.61375 -28.60649 -28.59257 -28.56859 -28.52652 -28.45438
 -28.34048 -28.18149 -27.98134 -27.74214 -27.42848
 -28.72700 -28.72595 -28.72368 -28.71915 -28.71078 -28.69672 -28.67004 -28.61940
 -28.53375 -28.40979 -28.25099 -28.05940 -27.80723
 -28.83200 -28.83167 -28.83043 -28.82764 -28.82262 -28.81439 -28.79775 -28.76372
 -28.70347 -28.61265 -28.49082 -28.33658 -28.12923
 -28.93306 -28.93302 -28.93232 -28.93060 -28.92755 -28.92271 -28.91253 -28.89081
 -28.85129 -28.78893 -28.69969 -28.57895 -28.41032
 -29.02704 -29.02685 -29.02626 -29.02510 -29.02328 -29.02058 -29.01468 -29.00147
 -28.97675 -28.93591 -28.87402 -28.78558 -28.65531
 -29.11157 -29.11136 -29.11088 -29.11010 -29.10907 -29.10777 -29.10466 -29.09685
 -29.08145 -29.05538 -29.01542 -28.95771 -28.86609
 -29.18146 -29.18145 -29.18119 -29.18072 -29.18025 -29.17993 -29.17856 -29.17381
 -29.16337 -29.14624 -29.12254 -29.09151 -29.03572
 -29.23315 -29.23318 -29.23302 -29.23277 -29.23274 -29.23318 -29.23301 -29.22999
 -29.22201 -29.21001 -29.19760 -29.18734 -29.16127
 -29.26297 -29.26295 -29.26271 -29.26243 -29.26255 -29.26346 -29.26410 -29.26214
 -29.25547 -29.24644 -29.24128 -29.24510 -29.24050
 -29.26861 -29.26858 -29.26815 -29.26757 -29.26750 -29.26853 -29.26965 -29.26848
 -29.26285 -29.25578 -29.25476 -29.26622 -29.27400
 -29.25239 -29.25237 -29.25193 -29.25133 -29.25127 -29.25235 -29.25362 -29.25271
 -29.24752 -29.24143 -29.24256 -29.25799 -29.27259
 -29.21060 -29.21058 -29.21028 -29.20992 -29.21010 -29.21130 -29.21256 -29.21157
 -29.20633 -29.20048 -29.20260 -29.22020 -29.23857
 -29.14275 -29.14273 -29.14243 -29.14211 -29.14234 -29.14365 -29.14503 -29.14415
 -29.13895 -29.13320 -29.13578 -29.15448 -29.17472
 -29.08324 -29.08322 -29.08287 -29.08246 -29.08265 -29.08402 -29.08556 -29.08483
 -29.07968 -29.07394 -29.07670 -29.09596 -29.11710
 -29.02912 -29.02910 -29.02874 -29.02832 -29.02850 -29.02991 -29.03148 -29.03075
 -29.02551 -29.01969 -29.02251 -29.04209 -29.06381
---------------------/ IPRT= 1  / IGRD= 1  /--------/ Z1= 7   / DATE= 29/03/93
 -26.75892 -26.75551 -26.74856 -26.73604 -26.71287 -26.67342 -26.60488 -26.47222
 -26.23609 -25.85008 -25.24588 -24.35092 -23.14149
 -26.88750 -26.88463 -26.87885 -26.86843 -26.84901 -26.81573 -26.75777 -26.64584
 -26.44707 -26.12154 -25.60745 -24.83880 -23.78821
 -27.01614 -27.01381 -27.00918 -27.00087 -26.98521 -26.95811 -26.91073 -26.81954
 -26.65813 -26.39309 -25.96916 -25.32686 -24.43518
 -27.14503 -27.14325 -27.13978 -27.13358 -27.12168 -27.10077 -27.06400 -26.99359
 -26.86963 -26.66521 -26.33162 -25.81593 -25.08349
 -27.27312 -27.27188 -27.26956 -27.26544 -27.25728 -27.24251 -27.21626 -27.16645
 -27.07959 -26.93523 -26.69122 -26.30118 -25.72690
 -27.40321 -27.40239 -27.40097 -27.39853 -27.39362 -27.38458 -27.36832 -27.33723
 -27.28282 -27.19065 -27.02771 -26.75738 -26.34040
 -27.53558 -27.53491 -27.53368 -27.53174 -27.52865 -27.52394 -27.51567 -27.49728
 -27.46131 -27.39787 -27.28934 -27.11666 -26.84649
 -27.67176 -27.67130 -27.67017 -27.66824 -27.66597 -27.66392 -27.66089 -27.65021
 -27.62416 -27.57601 -27.50220 -27.39975 -27.24408
 -27.80960 -27.80959 -27.80885 -27.80715 -27.80537 -27.80462 -27.80426 -27.79835
 -27.77990 -27.74448 -27.69561 -27.63831 -27.55513
 -27.94192 -27.94215 -27.94171 -27.94037 -27.93909 -27.93908 -27.94003 -27.93686
 -27.92357 -27.89738 -27.86551 -27.83711 -27.80013
 -28.08108 -28.08122 -28.08087 -28.07988 -28.07916 -28.07980 -28.08157 -28.07997
 -28.06972 -28.04922 -28.02832 -28.01910 -28.01353
 -28.22875 -28.22885 -28.22855 -28.22779 -28.22743 -28.22847 -28.23074 -28.23026
 -28.22233 -28.20605 -28.19232 -28.19434 -28.20708
 -28.21683 -28.21693 -28.21667 -28.21600 -28.21576 -28.21696 -28.21958 -28.22038
 -28.21550 -28.20469 -28.19884 -28.21098 -28.23863
 -27.99820 -27.99830 -27.99803 -27.99737 -27.99713 -27.99831 -28.00111 -28.00330
 -28.00214 -27.99813 -28.00178 -28.02552 -28.06905
 -27.79153 -27.79162 -27.79138 -27.79075 -27.79051 -27.79158 -27.79428 -27.79708
 -27.79807 -27.79826 -27.80785 -27.83878 -27.89195
 -27.72487 -27.72496 -27.72472 -27.72411 -27.72387 -27.72493 -27.72760 -27.73044
 -27.73163 -27.73230 -27.74272 -27.77493 -27.83022
 -27.78023 -27.78032 -27.77997 -27.77914 -27.77880 -27.78015 -27.78360 -27.78722
 -27.78862 -27.78864 -27.79824 -27.83031 -27.88669
 -27.91027 -27.91045 -27.91017 -27.90937 -27.90910 -27.91062 -27.91437 -27.91821
 -27.91951 -27.91899 -27.92789 -27.95948 -28.01585
 -28.08100 -28.08133 -28.08136 -28.08097 -28.08095 -28.08226 -28.08519 -28.08799
 -28.08848 -28.08761 -28.09610 -28.12651 -28.18050
 -28.28133 -28.28164 -28.28168 -28.28135 -28.28129 -28.28231 -28.28465 -28.28667
 -28.28641 -28.28485 -28.29216 -28.32031 -28.37057
---------------------/ IPRT= 1  / IGRD= 2  /--------/ Z1= 7   / DATE= 29/03/93
 -27.02754 -27.01684 -27.00401 -26.99048 -26.97070 -26.93775 -26.87764 -26.75424
 -26.52711 -26.14511 -25.52375 -24.57206 -23.27974
 -27.15743 -27.14888 -27.13863 -27.12770 -27.11110 -27.08267 -27.03076 -26.92647
 -26.73760 -26.42043 -25.89544 -25.07619 -23.94593
 -27.28737 -27.28097 -27.27330 -27.26497 -27.25155 -27.22765 -27.18393 -27.09877
 -26.94817 -26.69585 -26.26728 -25.58052 -24.61239
 -27.41758 -27.41333 -27.40825 -27.40253 -27.39230 -27.37293 -27.33741 -27.27142
 -27.15918 -26.97185 -26.63988 -26.08589 -25.28021
 -27.54699 -27.54486 -27.54234 -27.53919 -27.53212 -27.51725 -27.48989 -27.44291
 -27.36866 -27.24568 -27.00950 -26.58728 -25.94303
 -27.67885 -27.67831 -27.67771 -27.67657 -27.67229 -27.66184 -27.64257 -27.61285
 -27.57127 -27.50325 -27.35310 -27.05722 -26.57641
 -27.81394 -27.81354 -27.81312 -27.81240 -27.80978 -27.80334 -27.79149 -27.77350
 -27.74881 -27.70792 -27.61354 -27.42300 -27.10271
 -27.95122 -27.95083 -27.95034 -27.94963 -27.94798 -27.94453 -27.93823 -27.92744
 -27.91039 -27.88112 -27.82064 -27.70741 -27.51737
 -28.08723 -28.08735 -28.08735 -28.08706 -28.08622 -28.08460 -28.08156 -28.07538
 -28.06412 -28.04424 -28.00732 -27.94396 -27.83815
 -28.21660 -28.21622 -28.21588 -28.21570 -28.21556 -28.21530 -28.21440 -28.21118
 -28.20378 -28.19020 -28.16821 -28.13550 -28.08235
 -28.34626 -28.34476 -28.34345 -28.34298 -28.34328 -28.34413 -28.34489 -28.34370
 -28.33847 -28.32812 -28.31482 -28.30136 -28.28261
 -28.47121 -28.47044 -28.46969 -28.46933 -28.46961 -28.47074 -28.47241 -28.47258
 -28.46887 -28.46071 -28.45302 -28.45180 -28.45473
 -28.46739 -28.46767 -28.46777 -28.46763 -28.46773 -28.46871 -28.47053 -28.47116
 -28.46819 -28.46143 -28.45768 -28.46508 -28.48286
 -28.30335 -28.30358 -28.30362 -28.30340 -28.30339 -28.30418 -28.30576 -28.30619
 -28.30317 -28.29695 -28.29577 -28.30939 -28.33798
 -28.14567 -28.14569 -28.14544 -28.14487 -28.14457 -28.14524 -28.14691 -28.14752
 -28.14462 -28.13856 -28.13838 -28.15486 -28.18865
 -28.09518 -28.09529 -28.09495 -28.09405 -28.09342 -28.09408 -28.09624 -28.09750
 -28.09501 -28.08888 -28.08851 -28.10510 -28.13959
 -28.14324 -28.14336 -28.14308 -28.14231 -28.14187 -28.14273 -28.14503 -28.14630
 -28.14358 -28.13696 -28.13611 -28.15255 -28.18737
 -28.24059 -28.24066 -28.24045 -28.23992 -28.23977 -28.24082 -28.24311 -28.24417
 -28.24107 -28.23395 -28.23249 -28.24826 -28.28233
 -28.34587 -28.34594 -28.34573 -28.34522 -28.34507 -28.34612 -28.34839 -28.34944
 -28.34636 -28.33919 -28.33720 -28.35145 -28.38282
 -28.44181 -28.44188 -28.44168 -28.44113 -28.44089 -28.44170 -28.44361 -28.44442
 -28.44150 -28.43492 -28.43313 -28.44621 -28.47454
---------------------/ IPRT= 1  / IGRD= 1  /--------/ Z1= 8   / DATE= 29/03/93
 -25.90646 -25.90348 -25.89694 -25.88574 -25.86731 -25.83812 -25.79223 -25.69676
 -25.50200 -25.15678 -24.59671 -23.74915 -22.55482
 -26.03161 -26.02906 -26.02353 -26.01413 -25.99853 -25.97352 -25.93384 -25.85179
 -25.68567 -25.39219 -24.91307 -24.18065 -23.13823
 -26.15681 -26.15469 -26.15017 -26.14256 -26.12981 -26.10897 -26.07550 -26.00688
 -25.86942 -25.62770 -25.22955 -24.61233 -23.72187
 -26.28227 -26.28058 -26.27707 -26.27126 -26.26136 -26.24471 -26.21745 -26.16230
 -26.05354 -25.86369 -25.54669 -25.04489 -24.30671
 -26.40692 -26.40566 -26.40316 -26.39914 -26.39206 -26.37957 -26.35849 -26.31671
 -26.23648 -26.09817 -25.86179 -25.47468 -24.88780
 -26.53266 -26.53184 -26.53034 -26.52805 -26.52373 -26.51536 -26.50050 -26.47201
 -26.41982 -26.33188 -26.17470 -25.90143 -25.46635
 -26.65823 -26.65793 -26.65726 -26.65608 -26.65358 -26.64862 -26.63977 -26.62279
 -26.59167 -26.53893 -26.44096 -26.26402 -25.97274
 -26.78512 -26.78530 -26.78514 -26.78417 -26.78230 -26.77965 -26.77598 -26.76729
 -26.74717 -26.70886 -26.64174 -26.53280 -26.36458
 -26.91490 -26.91511 -26.91496 -26.91401 -26.91258 -26.91143 -26.91097 -26.90723
 -26.89354 -26.86362 -26.81604 -26.75243 -26.66868
 -27.04555 -27.04557 -27.04526 -27.04436 -27.04333 -27.04306 -27.04407 -27.04289
 -27.03348 -27.01056 -26.97734 -26.94237 -26.90852
 -27.17714 -27.17722 -27.17700 -27.17617 -27.17528 -27.17534 -27.17707 -27.17737
 -27.17079 -27.15278 -27.12910 -27.11198 -27.10838
 -27.30707 -27.30728 -27.30721 -27.30648 -27.30566 -27.30590 -27.30801 -27.30925
 -27.30461 -27.29004 -27.27244 -27.26555 -27.27839
 -27.43520 -27.43536 -27.43529 -27.43469 -27.43410 -27.43454 -27.43677 -27.43840
 -27.43511 -27.42342 -27.41018 -27.40867 -27.42817
 -27.56028 -27.56038 -27.56031 -27.55986 -27.55945 -27.55988 -27.56172 -27.56304
 -27.56036 -27.55097 -27.54115 -27.54282 -27.56458
 -27.67799 -27.67808 -27.67803 -27.67767 -27.67732 -27.67763 -27.67903 -27.67997
 -27.67759 -27.66977 -27.66221 -27.66558 -27.68771
 -27.78600 -27.78610 -27.78605 -27.78565 -27.78525 -27.78557 -27.78713 -27.78841
 -27.78661 -27.77959 -27.77278 -27.77639 -27.79805
 -27.87959 -27.87971 -27.87965 -27.87920 -27.87876 -27.87913 -27.88091 -27.88257
 -27.88127 -27.87478 -27.86841 -27.87212 -27.89351
 -27.95156 -27.95166 -27.95161 -27.95120 -27.95081 -27.95114 -27.95273 -27.95421
 -27.95298 -27.94709 -27.94162 -27.94609 -27.96772
 -27.98977 -27.98987 -27.98982 -27.98944 -27.98907 -27.98938 -27.99087 -27.99222
 -27.99099 -27.98531 -27.98020 -27.98496 -28.00665
 -28.01212 -28.01222 -28.01217 -28.01178 -28.01140 -28.01172 -28.01324 -28.01464
 -28.01343 -28.00770 -28.00247 -28.00705 -28.02852
--------------------------------------------------------------------------------
C
C
C     RADIATED POWERS IN UNITS OF W CM**3
C     -----------------------------------
C
C     PREPARED USING CODE JETXLE.IONBAL.FORT(WJD404R)
C
C           WILLIAM J. DICKSON   29/03/93
C-------------------------------------------------------------------------------
 
C---------------------------------------------------------------------------------
C ADAS ADF11 DATA - SCCS info: @(#)$Header: /home/adascvs/adas/adf11/prb93r/prb93r_o.dat,v 2.1 2004/07/07 00:08:02 whitefor Exp $ Date $Date: 2004/07/07 00:08:02 $
C---------------------------------------------------------------------------------
