    5   26   48    1    5     /BORON              /ABELS-VAN MAANEN 1985   ADF11
 -------------------------------------------------------------------------------
  10.00000  10.20000  10.40000  10.60000  10.80000  11.00000  11.20000  11.40000
  11.60000  11.80000  12.00000  12.20000  12.40000  12.60000  12.80000  13.00000
  13.20000  13.40000  13.60000  13.80000  14.00000  14.20000  14.40000  14.60000
  14.80000  15.00000
   0.00000   0.10000   0.20000   0.30000   0.40000   0.50000   0.60000   0.70000
   0.80000   0.90000   1.00000   1.10000   1.20000   1.30000   1.40000   1.50000
   1.60000   1.70000   1.80000   1.90000   2.00000   2.10000   2.20000   2.30000
   2.40000   2.50000   2.60000   2.70000   2.80000   2.90000   3.00000   3.10000
   3.20000   3.30000   3.40000   3.50000   3.60000   3.70000   3.80000   3.90000
   4.00000   4.10000   4.20000   4.30000   4.40000   4.50000   4.60000   4.70000
 ------------------------------------------/--------/ Z1= 1   / DATE= 09.12.92
 -30.01797 -30.04256 -30.05766 -30.07240 -30.10071 -30.11511 -30.12912 -30.16422
 -30.17809 -30.19154 -30.20457 -30.25345 -30.26672 -30.27957 -30.29199 -30.30399
 -30.31555 -30.39827 -30.41095 -30.42319 -30.43500 -30.44637 -30.45731 -30.46783
 -30.66048 -30.67532
 -29.83832 -29.86372 -29.88414 -29.90430 -29.93176 -29.95169 -29.97131 -30.00266
 -30.02217 -30.04137 -30.06020 -30.07867 -30.11871 -30.13737 -30.15567 -30.17357
 -30.19107 -30.25148 -30.26996 -30.28802 -30.30569 -30.32295 -30.33980 -30.35620
 -30.48244 -30.50256
 -29.64999 -29.67346 -29.69949 -29.72282 -29.75000 -29.77324 -29.79630 -29.81917
 -29.84863 -29.87144 -29.89404 -29.91641 -29.95068 -29.97318 -29.99541 -30.01738
 -30.03906 -30.08508 -30.10744 -30.12950 -30.15128 -30.17276 -30.19391 -30.21474
 -30.23521 -30.32184
 -29.47905 -29.50407 -29.53049 -29.55550 -29.58044 -29.60757 -29.63251 -29.65733
 -29.68578 -29.71059 -29.73529 -29.75986 -29.79108 -29.81573 -29.84024 -29.86459
 -29.88876 -29.92679 -29.95137 -29.97577 -30.00000 -30.02402 -30.04782 -30.07140
 -30.09474 -30.15648
 -29.33960 -29.36540 -29.39203 -29.41789 -29.44374 -29.47087 -29.49675 -29.52260
 -29.55055 -29.57643 -29.60225 -29.62799 -29.65765 -29.68347 -29.70921 -29.73485
 -29.76039 -29.78581 -29.82001 -29.84570 -29.87128 -29.89671 -29.92201 -29.94717
 -29.97215 -30.02051
 -29.23802 -29.26424 -29.29097 -29.31726 -29.34358 -29.37070 -29.39708 -29.42346
 -29.45117 -29.47758 -29.50400 -29.53036 -29.55670 -29.58566 -29.61205 -29.63838
 -29.66466 -29.69086 -29.72270 -29.74907 -29.77538 -29.80159 -29.82771 -29.85373
 -29.87964 -29.92078
 -29.17497 -29.20137 -29.22783 -29.25467 -29.28123 -29.30835 -29.33498 -29.36163
 -29.38829 -29.41591 -29.44263 -29.46933 -29.49600 -29.52449 -29.55122 -29.57794
 -29.60460 -29.63121 -29.66174 -29.68849 -29.71518 -29.74181 -29.76837 -29.79485
 -29.82124 -29.84753
 -29.14754 -29.17404 -29.20059 -29.22745 -29.25412 -29.28082 -29.30798 -29.33476
 -29.36157 -29.38908 -29.41595 -29.44283 -29.46968 -29.49788 -29.52480 -29.55168
 -29.57855 -29.60538 -29.63512 -29.66205 -29.68893 -29.71576 -29.74254 -29.76924
 -29.79588 -29.82245
 -29.15112 -29.17776 -29.20436 -29.23120 -29.25792 -29.28468 -29.31178 -29.33862
 -29.36549 -29.39293 -29.41986 -29.44679 -29.47372 -29.50171 -29.52869 -29.55565
 -29.58260 -29.60951 -29.63640 -29.66573 -29.69267 -29.71959 -29.74643 -29.77322
 -29.79996 -29.82661
 -29.18112 -29.20773 -29.23431 -29.26112 -29.28783 -29.31459 -29.34163 -29.36847
 -29.39534 -29.42267 -29.44960 -29.47653 -29.50346 -29.53040 -29.55824 -29.58521
 -29.61215 -29.63905 -29.66594 -29.69485 -29.72177 -29.74866 -29.77547 -29.80223
 -29.82893 -29.85556
 -29.23277 -29.25932 -29.28587 -29.31247 -29.33926 -29.36597 -29.39294 -29.41972
 -29.44655 -29.47337 -29.50063 -29.52750 -29.55437 -29.58124 -29.60889 -29.63577
 -29.66263 -29.68945 -29.71623 -29.74480 -29.77161 -29.79836 -29.82504 -29.85167
 -29.87822 -29.90469
 -29.30197 -29.32843 -29.35489 -29.38141 -29.40810 -29.43472 -29.46136 -29.48825
 -29.51495 -29.54169 -29.56877 -29.59552 -29.62227 -29.64899 -29.67642 -29.70314
 -29.72983 -29.75648 -29.78308 -29.81128 -29.83786 -29.86438 -29.89084 -29.91721
 -29.94348 -29.96967
 -29.38513 -29.41141 -29.43781 -29.46419 -29.49072 -29.51720 -29.54369 -29.57039
 -29.59692 -29.62347 -29.65034 -29.67690 -29.70341 -29.72992 -29.75706 -29.78352
 -29.80995 -29.83632 -29.86263 -29.88885 -29.91661 -29.94276 -29.96884 -29.99481
 -30.02066 -30.04639
 -29.47917 -29.50525 -29.53146 -29.55765 -29.58397 -29.61021 -29.63647 -29.66292
 -29.68919 -29.71547 -29.74203 -29.76828 -29.79448 -29.82065 -29.84676 -29.87346
 -29.89949 -29.92543 -29.95128 -29.97704 -30.00418 -30.02980 -30.05530 -30.08067
 -30.10590 -30.13097
 -29.58133 -29.60715 -29.63307 -29.65897 -29.68488 -29.71091 -29.73682 -29.76289
 -29.78880 -29.81467 -29.84050 -29.86658 -29.89232 -29.91798 -29.94356 -29.96967
 -29.99510 -30.02042 -30.04561 -30.07066 -30.09700 -30.12186 -30.14653 -30.17104
 -30.19536 -30.21947
 -29.68910 -29.71455 -29.74007 -29.76553 -29.79100 -29.81654 -29.84198 -29.86736
 -29.89287 -29.91815 -29.94336 -29.96878 -29.99384 -30.01877 -30.04359 -30.06886
 -30.09344 -30.11787 -30.14214 -30.16620 -30.19142 -30.21518 -30.23872 -30.26202
 -30.28510 -30.30789
 -29.80002 -29.82491 -29.84979 -29.87471 -29.89954 -29.92441 -29.94911 -29.97375
 -29.99846 -30.02290 -30.04724 -30.07172 -30.09579 -30.11972 -30.14346 -30.16759
 -30.19098 -30.21416 -30.23712 -30.25984 -30.28232 -30.30583 -30.32782 -30.34952
 -30.37091 -30.39197
 -29.91144 -29.93559 -29.95964 -29.98369 -30.00760 -30.03151 -30.05521 -30.07878
 -30.10237 -30.12566 -30.14876 -30.17195 -30.19469 -30.21719 -30.23947 -30.26151
 -30.28383 -30.30534 -30.32657 -30.34750 -30.36810 -30.38959 -30.40956 -30.42918
 -30.44844 -30.46732
 -30.02052 -30.04358 -30.06648 -30.08932 -30.11197 -30.13445 -30.15685 -30.17897
 -30.20103 -30.22273 -30.24419 -30.26540 -30.28659 -30.30725 -30.32761 -30.34764
 -30.36786 -30.38724 -30.40628 -30.42494 -30.44324 -30.46219 -30.47974 -30.49686
 -30.51357 -30.52985
 -30.12390 -30.14545 -30.16679 -30.18799 -30.20894 -30.22964 -30.25020 -30.27042
 -30.29036 -30.31013 -30.32948 -30.34851 -30.36742 -30.38576 -30.40373 -30.42133
 -30.43898 -30.45581 -30.47224 -30.48825 -30.50385 -30.51991 -30.53468 -30.54900
 -30.56288 -30.57632
 -30.21779 -30.23737 -30.25668 -30.27573 -30.29456 -30.31303 -30.33128 -30.34912
 -30.36662 -30.38390 -30.40070 -30.41710 -30.43333 -30.44896 -30.46420 -30.47902
 -30.49377 -30.50777 -30.52133 -30.53447 -30.54718 -30.55945 -30.57207 -30.58350
 -30.59451 -30.60510
 -30.29823 -30.31537 -30.33224 -30.34877 -30.36499 -30.38083 -30.39638 -30.41148
 -30.42622 -30.44066 -30.45461 -30.46815 -30.48146 -30.49420 -30.50652 -30.51843
 -30.52994 -30.54132 -30.55200 -30.56229 -30.57217 -30.58165 -30.59134 -30.60007
 -30.60841 -30.61639
 -30.36172 -30.37613 -30.39021 -30.40392 -30.41730 -30.43027 -30.44286 -30.45512
 -30.46695 -30.47847 -30.48952 -30.50018 -30.51047 -30.52048 -30.53000 -30.53914
 -30.54790 -30.55653 -30.56458 -30.57227 -30.57962 -30.58664 -30.59377 -30.60016
 -30.60623 -30.61200
 -30.40598 -30.41751 -30.42873 -30.43956 -30.45007 -30.46019 -30.46997 -30.47942
 -30.48848 -30.49718 -30.50560 -30.51363 -30.52130 -30.52875 -30.53578 -30.54250
 -30.54890 -30.55518 -30.56099 -30.56653 -30.57178 -30.57678 -30.58185 -30.58635
 -30.59062 -30.59467
 -30.43050 -30.43932 -30.44783 -30.45601 -30.46387 -30.47144 -30.47868 -30.48566
 -30.49231 -30.49866 -30.50476 -30.51056 -30.51607 -30.52139 -30.52640 -30.53114
 -30.53566 -30.54007 -30.54413 -30.54799 -30.55164 -30.55510 -30.55836 -30.56169
 -30.56461 -30.56737
 -30.43671 -30.44316 -30.44934 -30.45528 -30.46094 -30.46637 -30.47154 -30.47649
 -30.48119 -30.48566 -30.48994 -30.49397 -30.49782 -30.50151 -30.50496 -30.50822
 -30.51132 -30.51425 -30.51711 -30.51973 -30.52220 -30.52454 -30.52673 -30.52898
 -30.53093 -30.53278
 -30.42738 -30.43193 -30.43628 -30.44043 -30.44437 -30.44814 -30.45172 -30.45511
 -30.45834 -30.46141 -30.46432 -30.46709 -30.46968 -30.47215 -30.47450 -30.47672
 -30.47879 -30.48076 -30.48267 -30.48441 -30.48605 -30.48761 -30.48907 -30.49055
 -30.49185 -30.49307
 -30.40584 -30.40895 -30.41193 -30.41475 -30.41742 -30.41997 -30.42239 -30.42467
 -30.42685 -30.42891 -30.43085 -30.43269 -30.43443 -30.43607 -30.43764 -30.43909
 -30.44048 -30.44177 -30.44302 -30.44418 -30.44527 -30.44629 -30.44725 -30.44821
 -30.44907 -30.44986
 -30.37521 -30.37730 -30.37929 -30.38118 -30.38297 -30.38466 -30.38626 -30.38779
 -30.38922 -30.39058 -30.39186 -30.39308 -30.39421 -30.39529 -30.39632 -30.39728
 -30.39818 -30.39903 -30.39986 -30.40060 -30.40131 -30.40198 -30.40260 -30.40320
 -30.40379 -30.40431
 -30.33817 -30.33955 -30.34087 -30.34210 -30.34328 -30.34439 -30.34544 -30.34644
 -30.34738 -30.34827 -30.34911 -30.34990 -30.35065 -30.35135 -30.35202 -30.35265
 -30.35323 -30.35378 -30.35429 -30.35480 -30.35526 -30.35570 -30.35609 -30.35648
 -30.35687 -30.35721
 -30.29671 -30.29762 -30.29848 -30.29929 -30.30005 -30.30077 -30.30145 -30.30211
 -30.30272 -30.30330 -30.30383 -30.30435 -30.30484 -30.30528 -30.30573 -30.30612
 -30.30650 -30.30687 -30.30721 -30.30753 -30.30782 -30.30811 -30.30836 -30.30861
 -30.30885 -30.30908
 -30.25229 -30.25288 -30.25343 -30.25395 -30.25446 -30.25493 -30.25537 -30.25578
 -30.25618 -30.25656 -30.25691 -30.25723 -30.25755 -30.25784 -30.25812 -30.25839
 -30.25864 -30.25887 -30.25908 -30.25929 -30.25948 -30.25966 -30.25983 -30.25998
 -30.26015 -30.26028
 -30.20592 -30.20630 -30.20665 -30.20699 -30.20731 -30.20761 -30.20790 -30.20818
 -30.20842 -30.20866 -30.20889 -30.20911 -30.20930 -30.20950 -30.20967 -30.20984
 -30.21001 -30.21014 -30.21030 -30.21042 -30.21056 -30.21066 -30.21077 -30.21088
 -30.21097 -30.21107
 -30.15826 -30.15851 -30.15874 -30.15895 -30.15915 -30.15935 -30.15953 -30.15971
 -30.15987 -30.16003 -30.16017 -30.16031 -30.16045 -30.16057 -30.16068 -30.16078
 -30.16089 -30.16098 -30.16107 -30.16116 -30.16124 -30.16132 -30.16138 -30.16145
 -30.16151 -30.16158
 -30.10977 -30.10992 -30.11008 -30.11021 -30.11035 -30.11047 -30.11058 -30.11070
 -30.11081 -30.11090 -30.11099 -30.11108 -30.11118 -30.11125 -30.11133 -30.11139
 -30.11145 -30.11151 -30.11157 -30.11163 -30.11168 -30.11172 -30.11177 -30.11182
 -30.11186 -30.11189
 -30.06075 -30.06084 -30.06093 -30.06102 -30.06111 -30.06119 -30.06126 -30.06134
 -30.06140 -30.06146 -30.06152 -30.06158 -30.06165 -30.06169 -30.06174 -30.06178
 -30.06183 -30.06186 -30.06190 -30.06194 -30.06197 -30.06200 -30.06203 -30.06206
 -30.06207 -30.06210
 -30.01137 -30.01143 -30.01149 -30.01155 -30.01160 -30.01166 -30.01170 -30.01175
 -30.01180 -30.01183 -30.01187 -30.01190 -30.01193 -30.01198 -30.01201 -30.01202
 -30.01205 -30.01208 -30.01210 -30.01213 -30.01215 -30.01218 -30.01219 -30.01221
 -30.01222 -30.01224
 -29.96176 -29.96181 -29.96184 -29.96188 -29.96191 -29.96194 -29.96198 -29.96201
 -29.96204 -29.96207 -29.96208 -29.96211 -29.96213 -29.96216 -29.96217 -29.96219
 -29.96220 -29.96222 -29.96223 -29.96225 -29.96227 -29.96228 -29.96230 -29.96231
 -29.96231 -29.96233
 -29.91202 -29.91205 -29.91208 -29.91209 -29.91212 -29.91214 -29.91216 -29.91217
 -29.91220 -29.91222 -29.91223 -29.91225 -29.91226 -29.91228 -29.91228 -29.91229
 -29.91231 -29.91232 -29.91232 -29.91234 -29.91234 -29.91235 -29.91235 -29.91237
 -29.91237 -29.91238
 -29.86218 -29.86220 -29.86221 -29.86223 -29.86224 -29.86226 -29.86227 -29.86229
 -29.86230 -29.86230 -29.86232 -29.86234 -29.86234 -29.86235 -29.86235 -29.86237
 -29.86237 -29.86238 -29.86238 -29.86238 -29.86240 -29.86240 -29.86240 -29.86241
 -29.86241 -29.86241
 -29.81229 -29.81230 -29.81232 -29.81232 -29.81233 -29.81233 -29.81235 -29.81236
 -29.81236 -29.81236 -29.81238 -29.81238 -29.81239 -29.81239 -29.81239 -29.81241
 -29.81241 -29.81241 -29.81241 -29.81242 -29.81242 -29.81242 -29.81242 -29.81244
 -29.81244 -29.81244
 -29.76236 -29.76236 -29.76237 -29.76237 -29.76239 -29.76239 -29.76239 -29.76241
 -29.76241 -29.76241 -29.76241 -29.76242 -29.76242 -29.76242 -29.76242 -29.76244
 -29.76244 -29.76244 -29.76244 -29.76244 -29.76245 -29.76245 -29.76245 -29.76245
 -29.76245 -29.76245
 -29.71240 -29.71240 -29.71242 -29.71242 -29.71242 -29.71242 -29.71242 -29.71243
 -29.71243 -29.71243 -29.71243 -29.71243 -29.71245 -29.71245 -29.71245 -29.71245
 -29.71245 -29.71245 -29.71245 -29.71245 -29.71246 -29.71246 -29.71246 -29.71246
 -29.71246 -29.71246
 -29.66243 -29.66243 -29.66243 -29.66245 -29.66245 -29.66245 -29.66245 -29.66245
 -29.66245 -29.66245 -29.66245 -29.66246 -29.66246 -29.66246 -29.66246 -29.66246
 -29.66246 -29.66246 -29.66246 -29.66246 -29.66246 -29.66246 -29.66246 -29.66246
 -29.66248 -29.66248
 -29.61244 -29.61244 -29.61246 -29.61246 -29.61246 -29.61246 -29.61246 -29.61246
 -29.61246 -29.61246 -29.61246 -29.61246 -29.61246 -29.61246 -29.61247 -29.61247
 -29.61247 -29.61247 -29.61247 -29.61247 -29.61247 -29.61247 -29.61247 -29.61247
 -29.61247 -29.61247
 -29.56245 -29.56245 -29.56245 -29.56247 -29.56247 -29.56247 -29.56247 -29.56247
 -29.56247 -29.56247 -29.56247 -29.56247 -29.56247 -29.56247 -29.56247 -29.56247
 -29.56247 -29.56247 -29.56247 -29.56247 -29.56247 -29.56247 -29.56247 -29.56247
 -29.56247 -29.56247
 -29.51247 -29.51247 -29.51247 -29.51247 -29.51247 -29.51247 -29.51247 -29.51247
 -29.51247 -29.51247 -29.51247 -29.51247 -29.51247 -29.51247 -29.51247 -29.51248
 -29.51248 -29.51248 -29.51248 -29.51248 -29.51248 -29.51248 -29.51248 -29.51248
 -29.51248 -29.51248
 -29.46246 -29.46248 -29.46248 -29.46248 -29.46248 -29.46248 -29.46248 -29.46248
 -29.46248 -29.46248 -29.46248 -29.46248 -29.46248 -29.46248 -29.46248 -29.46248
 -29.46248 -29.46248 -29.46248 -29.46248 -29.46248 -29.46248 -29.46248 -29.46248
 -29.46248 -29.46248
 ------------------------------------------/--------/ Z1= 2   / DATE= 09.12.92
 -28.99103 -28.99622 -29.01051 -29.02670 -29.03148 -29.05020 -29.05470 -29.05899
 -29.08131 -29.08536 -29.11308 -29.11696 -29.12064 -29.15671 -29.16028 -29.16367
 -29.21356 -29.21695 -29.22015 -29.22319 -29.29852 -29.30174 -29.30478 -29.30766
 -29.31038 -29.31294
 -28.92198 -28.93282 -28.94984 -28.96019 -28.97841 -28.98827 -29.00826 -29.01767
 -29.04036 -29.04936 -29.07614 -29.08484 -29.09319 -29.12653 -29.13467 -29.14247
 -29.14995 -29.19475 -29.20219 -29.20932 -29.21613 -29.28230 -29.28940 -29.29617
 -29.30264 -29.30879
 -28.80881 -28.82802 -28.84784 -28.86337 -28.88390 -28.89899 -28.92065 -28.93527
 -28.95874 -28.97293 -28.98677 -29.01306 -29.02652 -29.05751 -29.07072 -29.08353
 -29.09595 -29.13548 -29.14784 -29.15979 -29.17134 -29.22725 -29.23915 -29.25064
 -29.26170 -29.27235
 -28.70209 -28.72345 -28.74521 -28.76427 -28.78650 -28.80524 -28.82823 -28.84662
 -28.87080 -28.88887 -28.90662 -28.93274 -28.95016 -28.96724 -28.99675 -29.01360
 -29.03006 -29.06563 -29.08203 -29.09805 -29.11366 -29.16133 -29.17728 -29.19281
 -29.20792 -29.22260
 -28.62132 -28.64389 -28.66505 -28.68790 -28.71114 -28.73206 -28.75584 -28.77655
 -28.79706 -28.82170 -28.84195 -28.86801 -28.88803 -28.90778 -28.93629 -28.95586
 -28.97511 -29.00810 -29.02731 -29.04619 -29.06471 -29.10677 -29.12558 -29.14401
 -29.16206 -29.17973
 -28.57101 -28.59410 -28.61626 -28.63960 -28.66167 -28.68535 -28.70732 -28.73146
 -28.75331 -28.77818 -28.79991 -28.82590 -28.84752 -28.86894 -28.89688 -28.91823
 -28.93936 -28.96024 -28.99191 -29.01277 -29.03337 -29.05365 -29.09270 -29.11322
 -29.13342 -29.15326
 -28.54405 -28.56628 -28.58928 -28.61249 -28.63483 -28.65840 -28.68079 -28.70485
 -28.72729 -28.75204 -28.77455 -28.79701 -28.82294 -28.84547 -28.87303 -28.89566
 -28.91820 -28.94060 -28.97141 -28.99393 -29.01625 -29.03835 -29.07524 -29.09760
 -29.11967 -29.14145
 -28.52945 -28.55098 -28.57310 -28.59549 -28.61729 -28.64014 -28.66219 -28.68562
 -28.70798 -28.73222 -28.75496 -28.77782 -28.80347 -28.82672 -28.85011 -28.87770
 -28.90149 -28.92532 -28.95581 -28.98000 -29.00414 -29.02818 -29.06403 -29.08842
 -29.11261 -29.13655
 -28.51927 -28.53969 -28.56032 -28.58073 -28.60188 -28.62340 -28.64452 -28.66685
 -28.68860 -28.71066 -28.73445 -28.75731 -28.78252 -28.80621 -28.83028 -28.85780
 -28.88271 -28.90791 -28.93846 -28.96440 -28.99048 -29.01665 -29.05223 -29.07895
 -29.10558 -29.13205
 -28.51366 -28.53221 -28.55104 -28.56984 -28.58932 -28.60876 -28.62914 -28.64943
 -28.67094 -28.69228 -28.71519 -28.73773 -28.76236 -28.78622 -28.81070 -28.83813
 -28.86394 -28.89029 -28.91713 -28.94856 -28.97646 -29.00465 -29.03307 -29.06943
 -29.09853 -29.12758
 -28.51674 -28.53346 -28.55028 -28.56769 -28.58556 -28.60358 -28.62253 -28.64168
 -28.66200 -28.68250 -28.70451 -28.72658 -28.74947 -28.77435 -28.79898 -28.82622
 -28.85260 -28.87976 -28.90764 -28.93938 -28.96872 -28.99855 -29.02879 -29.06554
 -29.09673 -29.12804
 -28.53351 -28.54863 -28.56396 -28.57990 -28.59634 -28.61313 -28.63083 -28.64891
 -28.66818 -28.68787 -28.70903 -28.73055 -28.75304 -28.77744 -28.80199 -28.82755
 -28.85558 -28.88318 -28.91168 -28.94357 -28.97385 -29.00481 -29.03635 -29.07336
 -29.10609 -29.13910
 -28.56679 -28.58051 -28.59473 -28.60944 -28.62454 -28.64044 -28.65710 -28.67427
 -28.69263 -28.71155 -28.73145 -28.75288 -28.77492 -28.79881 -28.82312 -28.84856
 -28.87633 -28.90405 -28.93283 -28.96466 -28.99545 -29.02707 -29.05939 -29.09647
 -29.13019 -29.16428
 -28.61691 -28.62968 -28.64290 -28.65663 -28.67081 -28.68581 -28.70137 -28.71796
 -28.73523 -28.75375 -28.77303 -28.79382 -28.81535 -28.83868 -28.86264 -28.88780
 -28.91519 -28.94281 -28.97156 -29.00139 -29.03410 -29.06596 -29.09863 -29.13197
 -29.16974 -29.20439
 -28.68279 -28.69472 -28.70711 -28.71994 -28.73346 -28.74770 -28.76253 -28.77840
 -28.79500 -28.81285 -28.83151 -28.85167 -28.87267 -28.89488 -28.91891 -28.94368
 -28.97058 -28.99789 -29.02640 -29.05603 -29.08838 -29.12015 -29.15279 -29.18616
 -29.22356 -29.25830
 -28.76222 -28.77347 -28.78519 -28.79733 -28.81020 -28.82376 -28.83795 -28.85316
 -28.86914 -28.88635 -28.90440 -28.92393 -28.94435 -28.96600 -28.98943 -29.01367
 -29.03918 -29.06680 -29.09485 -29.12405 -29.15582 -29.18721 -29.21948 -29.25252
 -29.28926 -29.32367
 -28.85278 -28.86343 -28.87448 -28.88611 -28.89838 -28.91121 -28.92493 -28.93951
 -28.95486 -28.97144 -28.98888 -29.00743 -29.02751 -29.04852 -29.07126 -29.09485
 -29.11971 -29.14659 -29.17398 -29.20251 -29.23349 -29.26419 -29.29578 -29.32811
 -29.36388 -29.39754
 -28.95186 -28.96191 -28.97247 -28.98357 -28.99525 -29.00751 -29.02063 -29.03445
 -29.04933 -29.06503 -29.08199 -29.09985 -29.11919 -29.13945 -29.16138 -29.18416
 -29.20819 -29.23416 -29.26065 -29.28827 -29.31693 -29.34787 -29.37840 -29.40965
 -29.44147 -29.47647
 -29.05681 -29.06636 -29.07639 -29.08693 -29.09796 -29.10971 -29.12221 -29.13538
 -29.14957 -29.16455 -29.18074 -29.19781 -29.21628 -29.23566 -29.25623 -29.27841
 -29.30141 -29.32622 -29.35155 -29.37793 -29.40529 -29.43477 -29.46384 -29.49355
 -29.52373 -29.55678
 -29.16478 -29.17386 -29.18333 -29.19328 -29.20372 -29.21483 -29.22662 -29.23909
 -29.25249 -29.26665 -29.28195 -29.29808 -29.31554 -29.33383 -29.35326 -29.37419
 -29.39586 -29.41862 -29.44305 -29.46785 -29.49350 -29.52107 -29.54822 -29.57587
 -29.60387 -29.63438
 -29.27280 -29.28130 -29.29016 -29.29941 -29.30922 -29.31958 -29.33051 -29.34222
 -29.35472 -29.36790 -29.38216 -29.39716 -29.41313 -29.43036 -29.44836 -29.46776
 -29.48779 -29.50880 -29.53130 -29.55408 -29.57758 -29.60274 -29.62743 -29.65248
 -29.67775 -29.70512
 -29.37732 -29.38513 -29.39325 -29.40181 -29.41080 -29.42032 -29.43031 -29.44104
 -29.45233 -29.46449 -29.47731 -29.49112 -29.50563 -29.52126 -29.53754 -29.55505
 -29.57309 -29.59195 -29.61209 -29.63242 -29.65329 -29.67465 -29.69731 -29.71925
 -29.74126 -29.76317
 -29.47437 -29.48140 -29.48869 -29.49635 -29.50441 -29.51285 -29.52184 -29.53139
 -29.54143 -29.55220 -29.56355 -29.57574 -29.58853 -29.60226 -29.61653 -29.63153
 -29.64754 -29.66389 -29.68130 -29.69878 -29.71664 -29.73483 -29.75401 -29.77248
 -29.79088 -29.80908
 -29.55965 -29.56578 -29.57216 -29.57881 -29.58578 -29.59308 -29.60081 -29.60902
 -29.61763 -29.62685 -29.63652 -29.64690 -29.65773 -29.66934 -29.68135 -29.69394
 -29.70732 -29.72093 -29.73495 -29.74976 -29.76440 -29.77922 -29.79477 -29.80963
 -29.82434 -29.83879
 -29.62920 -29.63432 -29.63965 -29.64520 -29.65096 -29.65703 -29.66342 -29.67012
 -29.67725 -29.68480 -29.69270 -29.70114 -29.70992 -29.71915 -29.72897 -29.73906
 -29.74974 -29.76056 -29.77165 -29.78329 -29.79475 -29.80629 -29.81833 -29.82976
 -29.84100 -29.85197
 -29.67995 -29.68405 -29.68829 -29.69267 -29.69727 -29.70207 -29.70711 -29.71237
 -29.71796 -29.72379 -29.73000 -29.73645 -29.74333 -29.75043 -29.75797 -29.76569
 -29.77382 -29.78201 -29.79039 -29.79915 -29.80772 -29.81630 -29.82483 -29.83365
 -29.84187 -29.84988
 -29.71066 -29.71379 -29.71703 -29.72034 -29.72382 -29.72743 -29.73119 -29.73515
 -29.73932 -29.74365 -29.74826 -29.75304 -29.75812 -29.76334 -29.76886 -29.77449
 -29.78030 -29.78638 -29.79243 -29.79874 -29.80490 -29.81104 -29.81711 -29.82336
 -29.82919 -29.83482
 -29.72218 -29.72446 -29.72679 -29.72920 -29.73170 -29.73431 -29.73701 -29.73985
 -29.74283 -29.74593 -29.74919 -29.75259 -29.75618 -29.75986 -29.76375 -29.76772
 -29.77177 -29.77602 -29.78024 -29.78450 -29.78891 -29.79315 -29.79735 -29.80167
 -29.80566 -29.80952
 -29.71700 -29.71858 -29.72021 -29.72189 -29.72363 -29.72543 -29.72731 -29.72926
 -29.73129 -29.73344 -29.73569 -29.73801 -29.74046 -29.74298 -29.74557 -29.74832
 -29.75108 -29.75395 -29.75682 -29.75970 -29.76268 -29.76553 -29.76836 -29.77127
 -29.77396 -29.77654
 -29.69843 -29.69951 -29.70061 -29.70174 -29.70291 -29.70412 -29.70538 -29.70670
 -29.70805 -29.70949 -29.71097 -29.71252 -29.71414 -29.71584 -29.71756 -29.71938
 -29.72121 -29.72311 -29.72502 -29.72691 -29.72890 -29.73079 -29.73265 -29.73448
 -29.73634 -29.73807
 -29.66983 -29.67055 -29.67128 -29.67203 -29.67279 -29.67358 -29.67442 -29.67528
 -29.67616 -29.67711 -29.67807 -29.67909 -29.68015 -29.68124 -29.68237 -29.68356
 -29.68475 -29.68597 -29.68724 -29.68848 -29.68977 -29.69101 -29.69221 -29.69342
 -29.69464 -29.69576
 -29.63409 -29.63457 -29.63504 -29.63553 -29.63603 -29.63654 -29.63707 -29.63763
 -29.63820 -29.63881 -29.63943 -29.64009 -29.64076 -29.64148 -29.64220 -29.64296
 -29.64374 -29.64452 -29.64534 -29.64613 -29.64694 -29.64777 -29.64856 -29.64932
 -29.65012 -29.65085
 -29.59346 -29.59377 -29.59407 -29.59438 -29.59470 -29.59503 -29.59537 -29.59573
 -29.59610 -29.59648 -29.59688 -29.59731 -29.59773 -29.59819 -29.59865 -29.59912
 -29.59962 -29.60013 -29.60065 -29.60117 -29.60167 -29.60220 -29.60271 -29.60321
 -29.60371 -29.60419
 -29.54955 -29.54974 -29.54994 -29.55014 -29.55034 -29.55055 -29.55077 -29.55099
 -29.55122 -29.55147 -29.55171 -29.55199 -29.55226 -29.55254 -29.55284 -29.55315
 -29.55345 -29.55377 -29.55411 -29.55443 -29.55476 -29.55510 -29.55542 -29.55574
 -29.55605 -29.55637
 -29.50346 -29.50359 -29.50371 -29.50385 -29.50397 -29.50410 -29.50424 -29.50438
 -29.50453 -29.50468 -29.50484 -29.50500 -29.50519 -29.50536 -29.50555 -29.50574
 -29.50594 -29.50613 -29.50635 -29.50656 -29.50677 -29.50699 -29.50719 -29.50739
 -29.50758 -29.50780
 -29.45599 -29.45607 -29.45615 -29.45622 -29.45630 -29.45639 -29.45647 -29.45656
 -29.45665 -29.45676 -29.45685 -29.45695 -29.45706 -29.45718 -29.45729 -29.45741
 -29.45755 -29.45767 -29.45779 -29.45793 -29.45807 -29.45819 -29.45833 -29.45847
 -29.45859 -29.45872
 -29.40759 -29.40764 -29.40770 -29.40775 -29.40779 -29.40785 -29.40790 -29.40796
 -29.40802 -29.40808 -29.40814 -29.40820 -29.40828 -29.40834 -29.40842 -29.40849
 -29.40857 -29.40866 -29.40874 -29.40881 -29.40891 -29.40898 -29.40907 -29.40915
 -29.40924 -29.40932
 -29.35863 -29.35866 -29.35869 -29.35872 -29.35875 -29.35878 -29.35881 -29.35886
 -29.35889 -29.35892 -29.35896 -29.35901 -29.35905 -29.35909 -29.35913 -29.35919
 -29.35924 -29.35928 -29.35934 -29.35939 -29.35945 -29.35950 -29.35956 -29.35960
 -29.35965 -29.35971
 -29.30928 -29.30930 -29.30931 -29.30934 -29.30936 -29.30937 -29.30940 -29.30942
 -29.30945 -29.30946 -29.30949 -29.30951 -29.30954 -29.30957 -29.30960 -29.30963
 -29.30966 -29.30969 -29.30972 -29.30975 -29.30980 -29.30983 -29.30986 -29.30989
 -29.30992 -29.30995
 -29.25969 -29.25970 -29.25972 -29.25974 -29.25974 -29.25975 -29.25977 -29.25978
 -29.25980 -29.25981 -29.25983 -29.25984 -29.25986 -29.25987 -29.25990 -29.25992
 -29.25993 -29.25995 -29.25998 -29.25999 -29.26001 -29.26004 -29.26006 -29.26009
 -29.26010 -29.26012
 -29.20996 -29.20996 -29.20998 -29.20998 -29.20999 -29.20999 -29.21001 -29.21001
 -29.21002 -29.21004 -29.21004 -29.21005 -29.21007 -29.21007 -29.21008 -29.21010
 -29.21011 -29.21011 -29.21013 -29.21014 -29.21016 -29.21017 -29.21019 -29.21021
 -29.21022 -29.21022
 -29.16013 -29.16013 -29.16014 -29.16014 -29.16014 -29.16016 -29.16016 -29.16016
 -29.16017 -29.16017 -29.16017 -29.16019 -29.16019 -29.16020 -29.16020 -29.16022
 -29.16022 -29.16023 -29.16023 -29.16025 -29.16025 -29.16026 -29.16026 -29.16028
 -29.16029 -29.16029
 -29.11023 -29.11023 -29.11024 -29.11024 -29.11024 -29.11024 -29.11024 -29.11026
 -29.11026 -29.11026 -29.11026 -29.11028 -29.11028 -29.11028 -29.11028 -29.11029
 -29.11029 -29.11029 -29.11031 -29.11031 -29.11031 -29.11032 -29.11032 -29.11034
 -29.11034 -29.11034
 -29.06030 -29.06030 -29.06030 -29.06030 -29.06030 -29.06032 -29.06032 -29.06032
 -29.06032 -29.06032 -29.06032 -29.06032 -29.06033 -29.06033 -29.06033 -29.06033
 -29.06033 -29.06035 -29.06035 -29.06035 -29.06035 -29.06035 -29.06036 -29.06036
 -29.06036 -29.06036
 -29.01035 -29.01035 -29.01035 -29.01035 -29.01035 -29.01035 -29.01035 -29.01035
 -29.01036 -29.01036 -29.01036 -29.01036 -29.01036 -29.01036 -29.01036 -29.01036
 -29.01036 -29.01038 -29.01038 -29.01038 -29.01038 -29.01038 -29.01038 -29.01038
 -29.01039 -29.01039
 -28.96037 -28.96037 -28.96037 -28.96037 -28.96037 -28.96037 -28.96037 -28.96037
 -28.96037 -28.96037 -28.96037 -28.96037 -28.96039 -28.96039 -28.96039 -28.96039
 -28.96039 -28.96039 -28.96039 -28.96039 -28.96039 -28.96039 -28.96039 -28.96039
 -28.96040 -28.96040
 -28.91039 -28.91039 -28.91039 -28.91039 -28.91039 -28.91039 -28.91039 -28.91039
 -28.91040 -28.91040 -28.91040 -28.91040 -28.91040 -28.91040 -28.91040 -28.91040
 -28.91040 -28.91040 -28.91040 -28.91040 -28.91040 -28.91040 -28.91040 -28.91040
 -28.91040 -28.91040
 -28.86040 -28.86040 -28.86040 -28.86040 -28.86040 -28.86040 -28.86040 -28.86040
 -28.86040 -28.86040 -28.86040 -28.86040 -28.86040 -28.86041 -28.86041 -28.86041
 -28.86041 -28.86041 -28.86041 -28.86041 -28.86041 -28.86041 -28.86041 -28.86041
 -28.86041 -28.86041
 ------------------------------------------/--------/ Z1= 3   / DATE= 09.12.92
 -28.45668 -28.46411 -28.46411 -28.47260 -28.48241 -28.49384 -28.49384 -28.50734
 -28.50734 -28.52347 -28.52347 -28.54311 -28.54311 -28.56750 -28.56750 -28.59862
 -28.59862 -28.59862 -28.63968 -28.63968 -28.63968 -28.63968 -28.69661 -28.69661
 -28.69661 -28.69661
 -28.52287 -28.52287 -28.52986 -28.53787 -28.54715 -28.54715 -28.55800 -28.57082
 -28.57082 -28.58621 -28.58621 -28.60500 -28.60500 -28.62842 -28.62842 -28.62842
 -28.65842 -28.65842 -28.69823 -28.69823 -28.69823 -28.69823 -28.75372 -28.75372
 -28.75372 -28.75372
 -28.58487 -28.59062 -28.59718 -28.60472 -28.61346 -28.61346 -28.62372 -28.63589
 -28.63589 -28.65053 -28.65053 -28.66846 -28.66846 -28.69089 -28.69089 -28.69089
 -28.71974 -28.71974 -28.71974 -28.75819 -28.75819 -28.75819 -28.81210 -28.81210
 -28.81210 -28.81210
 -28.65454 -28.65991 -28.66606 -28.67314 -28.67314 -28.68138 -28.69106 -28.69106
 -28.70256 -28.71646 -28.71646 -28.73352 -28.73352 -28.73352 -28.75496 -28.75496
 -28.78262 -28.78262 -28.78262 -28.81966 -28.81966 -28.81966 -28.87186 -28.87186
 -28.87186 -28.87186
 -28.72575 -28.73076 -28.73650 -28.73650 -28.74313 -28.75085 -28.75996 -28.75996
 -28.77084 -28.77084 -28.78400 -28.78400 -28.80020 -28.80020 -28.82063 -28.82063
 -28.84709 -28.84709 -28.84709 -28.88266 -28.88266 -28.88266 -28.88266 -28.93303
 -28.93303 -28.93303
 -28.79846 -28.80310 -28.80310 -28.80846 -28.81465 -28.82188 -28.82188 -28.83043
 -28.84067 -28.84067 -28.85309 -28.85309 -28.86845 -28.86845 -28.88786 -28.88786
 -28.88786 -28.91312 -28.91312 -28.94719 -28.94719 -28.94719 -28.94719 -28.99567
 -28.99567 -28.99567
 -28.87254 -28.87254 -28.87685 -28.88182 -28.88759 -28.89433 -28.89433 -28.90234
 -28.91196 -28.91196 -28.92366 -28.92366 -28.93817 -28.93817 -28.95659 -28.95659
 -28.95659 -28.98061 -28.98061 -28.98061 -29.01317 -29.01317 -29.01317 -29.05966
 -29.05966 -29.05966
 -28.94438 -28.94786 -28.95184 -28.95644 -28.96179 -28.96179 -28.96808 -28.97554
 -28.97554 -28.98454 -28.99553 -28.99553 -29.00920 -29.00920 -29.00920 -29.02661
 -29.02661 -29.04941 -29.04941 -29.04941 -29.08041 -29.08041 -29.08041 -29.12486
 -29.12486 -29.12486
 -29.02095 -29.02414 -29.02782 -29.03206 -29.03206 -29.03700 -29.04283 -29.04977
 -29.04977 -29.05817 -29.05817 -29.06844 -29.06844 -29.08127 -29.08127 -29.09767
 -29.09767 -29.11922 -29.11922 -29.11922 -29.14864 -29.14864 -29.14864 -29.14864
 -29.19098 -29.19098
 -29.09811 -29.10104 -29.10440 -29.10440 -29.10831 -29.11287 -29.11824 -29.11824
 -29.12468 -29.13246 -29.13246 -29.14203 -29.14203 -29.15402 -29.15402 -29.16939
 -29.16939 -29.16939 -29.18965 -29.18965 -29.21744 -29.21744 -29.21744 -29.21744
 -29.25758 -29.25758
 -29.17535 -29.17802 -29.17802 -29.18109 -29.18466 -29.18884 -29.19379 -29.19379
 -29.19971 -29.20689 -29.20689 -29.21574 -29.21574 -29.22688 -29.22688 -29.24120
 -29.24120 -29.24120 -29.26016 -29.26016 -29.26016 -29.28625 -29.28625 -29.28625
 -29.32407 -29.32407
 -29.24968 -29.25180 -29.25421 -29.25700 -29.26025 -29.26405 -29.26405 -29.26857
 -29.27399 -29.27399 -29.28058 -29.28873 -29.28873 -29.29900 -29.29900 -29.29900
 -29.31224 -29.31226 -29.32985 -29.32985 -29.32986 -29.35416 -29.35416 -29.35417
 -29.38951 -29.38951
 -29.32135 -29.32326 -29.32544 -29.32796 -29.33089 -29.33092 -29.33437 -29.33846
 -29.34337 -29.34341 -29.34941 -29.34947 -29.35690 -29.35698 -29.36636 -29.36646
 -29.37860 -29.37871 -29.39487 -29.39500 -29.39513 -29.41751 -29.41766 -29.41782
 -29.41798 -29.45064
 -29.35640 -29.35814 -29.36012 -29.36241 -29.36269 -29.36539 -29.36856 -29.37230
 -29.37274 -29.37727 -29.38275 -29.38339 -29.39020 -29.39098 -29.39958 -29.40053
 -29.41164 -29.41277 -29.41396 -29.42880 -29.43019 -29.45055 -29.45213 -29.45375
 -29.45541 -29.48508
 -29.24484 -29.24658 -29.24855 -29.24962 -29.25201 -29.25478 -29.25795 -29.26166
 -29.26361 -29.26817 -29.27354 -29.27629 -29.28299 -29.28638 -29.29482 -29.29897
 -29.30966 -29.31465 -29.32005 -29.33435 -29.34067 -29.34737 -29.36668 -29.37428
 -29.38217 -29.40898
 -28.94189 -28.94368 -28.94571 -28.94803 -28.95065 -28.95364 -28.95705 -28.96021
 -28.96449 -28.96939 -28.97388 -28.98001 -28.98705 -28.99332 -29.00212 -29.00986
 -29.01840 -29.03027 -29.04060 -29.05533 -29.06763 -29.08089 -29.10031 -29.11568
 -29.13197 -29.15744
 -28.60019 -28.60205 -28.60416 -28.60655 -28.60927 -28.61235 -28.61563 -28.61954
 -28.62398 -28.62901 -28.63431 -28.64066 -28.64732 -28.65527 -28.66359 -28.67351
 -28.68378 -28.69601 -28.70854 -28.72353 -28.73860 -28.75499 -28.77464 -28.79388
 -28.81451 -28.83653
 -28.31865 -28.32050 -28.32259 -28.32497 -28.32767 -28.33066 -28.33411 -28.33801
 -28.34242 -28.34729 -28.35289 -28.35921 -28.36610 -28.37404 -28.38268 -28.39256
 -28.40327 -28.41548 -28.42859 -28.44301 -28.45935 -28.47664 -28.49623 -28.51665
 -28.53867 -28.56229
 -28.11385 -28.11565 -28.11771 -28.12003 -28.12263 -28.12563 -28.12901 -28.13284
 -28.13716 -28.14200 -28.14749 -28.15369 -28.16055 -28.16833 -28.17694 -28.18666
 -28.19736 -28.20937 -28.22249 -28.23694 -28.25307 -28.27046 -28.28943 -28.31039
 -28.33267 -28.35664
 -27.97780 -27.97955 -27.98155 -27.98383 -27.98639 -27.98930 -27.99260 -27.99632
 -28.00052 -28.00526 -28.01064 -28.01663 -28.02341 -28.03101 -28.03946 -28.04897
 -28.05946 -28.07114 -28.08415 -28.09842 -28.11424 -28.13144 -28.15022 -28.17085
 -28.19298 -28.21684
 -27.89874 -27.90045 -27.90239 -27.90459 -27.90707 -27.90990 -27.91310 -27.91672
 -27.92081 -27.92543 -27.93063 -27.93648 -27.94308 -27.95045 -27.95874 -27.96796
 -27.97827 -27.98969 -28.00240 -28.01637 -28.03186 -28.04875 -28.06721 -28.08745
 -28.10925 -28.13280
 -27.86569 -27.86734 -27.86922 -27.87135 -27.87376 -27.87651 -27.87959 -27.88312
 -27.88708 -27.89157 -27.89661 -27.90231 -27.90871 -27.91588 -27.92393 -27.93292
 -27.94296 -27.95409 -27.96649 -27.98013 -27.99519 -28.01178 -28.02988 -28.04968
 -28.07108 -28.09422
 -27.86942 -27.87100 -27.87282 -27.87488 -27.87723 -27.87987 -27.88287 -27.88628
 -27.89012 -27.89447 -27.89935 -27.90488 -27.91110 -27.91806 -27.92587 -27.93460
 -27.94437 -27.95520 -27.96725 -27.98056 -27.99524 -28.01143 -28.02910 -28.04837
 -28.06940 -28.09207
 -27.90231 -27.90385 -27.90561 -27.90759 -27.90985 -27.91241 -27.91533 -27.91861
 -27.92233 -27.92653 -27.93127 -27.93661 -27.94263 -27.94939 -27.95695 -27.96542
 -27.97490 -27.98541 -27.99710 -28.01007 -28.02435 -28.04010 -28.05733 -28.07614
 -28.09665 -28.11880
 -27.95816 -27.95966 -27.96135 -27.96327 -27.96545 -27.96793 -27.97072 -27.97389
 -27.97748 -27.98154 -27.98613 -27.99129 -27.99710 -28.00363 -28.01096 -28.01915
 -28.02831 -28.03851 -28.04985 -28.06242 -28.07629 -28.09158 -28.10834 -28.12663
 -28.14659 -28.16817
 -28.03186 -28.03329 -28.03491 -28.03676 -28.03886 -28.04124 -28.04395 -28.04700
 -28.05045 -28.05435 -28.05878 -28.06375 -28.06935 -28.07565 -28.08272 -28.09064
 -28.09947 -28.10933 -28.12029 -28.13245 -28.14586 -28.16064 -28.17688 -28.19463
 -28.21397 -28.23492
 -28.11903 -28.12041 -28.12198 -28.12375 -28.12576 -28.12804 -28.13063 -28.13356
 -28.13687 -28.14063 -28.14487 -28.14964 -28.15501 -28.16107 -28.16786 -28.17548
 -28.18398 -28.19345 -28.20399 -28.21570 -28.22862 -28.24286 -28.25853 -28.27563
 -28.29427 -28.31451
 -28.21591 -28.21722 -28.21872 -28.22041 -28.22232 -28.22450 -28.22697 -28.22977
 -28.23294 -28.23651 -28.24055 -28.24512 -28.25026 -28.25604 -28.26253 -28.26981
 -28.27792 -28.28699 -28.29707 -28.30826 -28.32063 -28.33427 -28.34926 -28.36565
 -28.38348 -28.40289
 -28.31895 -28.32019 -28.32159 -28.32320 -28.32501 -28.32707 -28.32941 -28.33206
 -28.33505 -28.33844 -28.34227 -28.34660 -28.35147 -28.35693 -28.36308 -28.36996
 -28.37767 -28.38626 -28.39583 -28.40643 -28.41817 -28.43109 -28.44530 -28.46083
 -28.47774 -28.49612
 -28.42461 -28.42577 -28.42708 -28.42857 -28.43027 -28.43221 -28.43439 -28.43687
 -28.43967 -28.44284 -28.44643 -28.45047 -28.45502 -28.46014 -28.46590 -28.47234
 -28.47955 -28.48758 -28.49654 -28.50644 -28.51743 -28.52951 -28.54277 -28.55728
 -28.57307 -28.59023
 -28.52908 -28.53015 -28.53137 -28.53275 -28.53432 -28.53609 -28.53810 -28.54037
 -28.54295 -28.54587 -28.54918 -28.55289 -28.55708 -28.56178 -28.56708 -28.57300
 -28.57962 -28.58701 -28.59521 -28.60432 -28.61440 -28.62546 -28.63762 -28.65089
 -28.66533 -28.68095
 -28.62827 -28.62923 -28.63031 -28.63155 -28.63295 -28.63455 -28.63635 -28.63841
 -28.64073 -28.64336 -28.64632 -28.64964 -28.65341 -28.65764 -28.66237 -28.66769
 -28.67363 -28.68024 -28.68759 -28.69572 -28.70471 -28.71460 -28.72543 -28.73726
 -28.75008 -28.76393
 -28.71762 -28.71846 -28.71941 -28.72049 -28.72171 -28.72310 -28.72467 -28.72646
 -28.72849 -28.73076 -28.73334 -28.73624 -28.73950 -28.74318 -28.74730 -28.75191
 -28.75705 -28.76277 -28.76913 -28.77617 -28.78392 -28.79245 -28.80177 -28.81192
 -28.82291 -28.83473
 -28.79272 -28.79343 -28.79422 -28.79512 -28.79614 -28.79730 -28.79863 -28.80013
 -28.80180 -28.80371 -28.80586 -28.80829 -28.81102 -28.81407 -28.81750 -28.82135
 -28.82562 -28.83038 -28.83566 -28.84149 -28.84790 -28.85495 -28.86263 -28.87097
 -28.87999 -28.88966
 -28.84990 -28.85045 -28.85109 -28.85181 -28.85263 -28.85356 -28.85461 -28.85580
 -28.85715 -28.85866 -28.86038 -28.86230 -28.86447 -28.86691 -28.86964 -28.87270
 -28.87608 -28.87985 -28.88403 -28.88864 -28.89371 -28.89925 -28.90527 -28.91182
 -28.91887 -28.92642
 -28.88710 -28.88753 -28.88802 -28.88857 -28.88918 -28.88989 -28.89069 -28.89159
 -28.89261 -28.89377 -28.89507 -28.89653 -28.89816 -28.90001 -28.90207 -28.90437
 -28.90694 -28.90977 -28.91292 -28.91640 -28.92020 -28.92435 -28.92886 -28.93375
 -28.93900 -28.94461
 -28.90448 -28.90479 -28.90514 -28.90553 -28.90598 -28.90649 -28.90706 -28.90771
 -28.90845 -28.90929 -28.91022 -28.91129 -28.91246 -28.91379 -28.91528 -28.91693
 -28.91878 -28.92082 -28.92308 -28.92557 -28.92830 -28.93127 -28.93451 -28.93799
 -28.94174 -28.94572
 -28.90407 -28.90428 -28.90451 -28.90479 -28.90511 -28.90546 -28.90585 -28.90631
 -28.90681 -28.90739 -28.90804 -28.90877 -28.90959 -28.91051 -28.91153 -28.91267
 -28.91396 -28.91536 -28.91693 -28.91864 -28.92052 -28.92256 -28.92479 -28.92719
 -28.92975 -28.93250
 -28.88908 -28.88924 -28.88939 -28.88957 -28.88979 -28.89001 -28.89029 -28.89058
 -28.89093 -28.89131 -28.89174 -28.89223 -28.89278 -28.89339 -28.89407 -28.89484
 -28.89569 -28.89664 -28.89767 -28.89882 -28.90007 -28.90144 -28.90292 -28.90453
 -28.90623 -28.90807
 -28.86304 -28.86313 -28.86324 -28.86334 -28.86348 -28.86363 -28.86382 -28.86400
 -28.86423 -28.86447 -28.86476 -28.86508 -28.86543 -28.86583 -28.86627 -28.86678
 -28.86732 -28.86794 -28.86862 -28.86937 -28.87018 -28.87108 -28.87204 -28.87308
 -28.87419 -28.87538
 -28.82901 -28.82907 -28.82913 -28.82921 -28.82930 -28.82939 -28.82950 -28.82962
 -28.82977 -28.82993 -28.83011 -28.83031 -28.83054 -28.83080 -28.83107 -28.83139
 -28.83174 -28.83214 -28.83258 -28.83305 -28.83357 -28.83414 -28.83476 -28.83543
 -28.83615 -28.83691
 -28.78947 -28.78952 -28.78955 -28.78960 -28.78966 -28.78972 -28.78979 -28.78987
 -28.78996 -28.79005 -28.79018 -28.79030 -28.79044 -28.79060 -28.79079 -28.79099
 -28.79120 -28.79146 -28.79173 -28.79202 -28.79236 -28.79272 -28.79311 -28.79353
 -28.79399 -28.79448
 -28.74626 -28.74628 -28.74631 -28.74634 -28.74637 -28.74641 -28.74646 -28.74651
 -28.74655 -28.74663 -28.74669 -28.74677 -28.74686 -28.74696 -28.74707 -28.74719
 -28.74734 -28.74750 -28.74767 -28.74785 -28.74806 -28.74829 -28.74854 -28.74879
 -28.74908 -28.74939
 -28.70062 -28.70064 -28.70065 -28.70067 -28.70068 -28.70071 -28.70074 -28.70078
 -28.70081 -28.70084 -28.70088 -28.70093 -28.70099 -28.70105 -28.70113 -28.70120
 -28.70129 -28.70139 -28.70149 -28.70161 -28.70174 -28.70187 -28.70203 -28.70219
 -28.70238 -28.70258
 -28.65340 -28.65341 -28.65343 -28.65343 -28.65344 -28.65346 -28.65347 -28.65349
 -28.65352 -28.65353 -28.65356 -28.65359 -28.65363 -28.65367 -28.65372 -28.65376
 -28.65381 -28.65387 -28.65395 -28.65401 -28.65410 -28.65417 -28.65428 -28.65439
 -28.65450 -28.65462
 -28.60518 -28.60518 -28.60518 -28.60519 -28.60519 -28.60521 -28.60522 -28.60522
 -28.60524 -28.60526 -28.60527 -28.60529 -28.60532 -28.60533 -28.60536 -28.60539
 -28.60542 -28.60547 -28.60550 -28.60555 -28.60561 -28.60565 -28.60571 -28.60577
 -28.60585 -28.60593
 -28.55630 -28.55630 -28.55630 -28.55630 -28.55632 -28.55632 -28.55632 -28.55634
 -28.55634 -28.55635 -28.55637 -28.55637 -28.55638 -28.55640 -28.55641 -28.55643
 -28.55646 -28.55647 -28.55650 -28.55653 -28.55656 -28.55659 -28.55663 -28.55667
 -28.55672 -28.55676
 -28.50700 -28.50702 -28.50702 -28.50702 -28.50702 -28.50702 -28.50703 -28.50703
 -28.50703 -28.50705 -28.50705 -28.50705 -28.50706 -28.50708 -28.50708 -28.50710
 -28.50711 -28.50713 -28.50714 -28.50716 -28.50717 -28.50719 -28.50722 -28.50725
 -28.50726 -28.50729
 ------------------------------------------/--------/ Z1= 4   / DATE= 09.12.92
 -27.21310 -27.21744 -27.22221 -27.22754 -27.23349 -27.24019 -27.24777 -27.24777
 -27.25644 -27.26639 -27.26639 -27.27798 -27.29160 -27.29160 -27.30783 -27.30783
 -27.30783 -27.32753 -27.32753 -27.35188 -27.35188 -27.35188 -27.38287 -27.38287
 -27.38287 -27.42375
 -27.27458 -27.27861 -27.28310 -27.28809 -27.29369 -27.30000 -27.30000 -27.30716
 -27.31537 -27.32483 -27.32483 -27.33588 -27.33588 -27.34891 -27.34891 -27.36450
 -27.36450 -27.38350 -27.38350 -27.40712 -27.40712 -27.40712 -27.43732 -27.43732
 -27.43732 -27.43732
 -27.33720 -27.34097 -27.34515 -27.34982 -27.35507 -27.35507 -27.36099 -27.36774
 -27.37549 -27.37549 -27.38445 -27.39493 -27.39493 -27.40735 -27.40735 -27.42227
 -27.42227 -27.44052 -27.44052 -27.44052 -27.46333 -27.46333 -27.49266 -27.49266
 -27.49266 -27.49266
 -27.40106 -27.40456 -27.40845 -27.41280 -27.41280 -27.41769 -27.42325 -27.42958
 -27.43686 -27.43686 -27.44531 -27.45525 -27.45525 -27.46704 -27.46704 -27.48126
 -27.48126 -27.49873 -27.49873 -27.49873 -27.52068 -27.52068 -27.52068 -27.54904
 -27.54904 -27.54904
 -27.46326 -27.46616 -27.46939 -27.47299 -27.47704 -27.48160 -27.48679 -27.49271
 -27.49271 -27.49954 -27.50751 -27.50751 -27.51688 -27.52803 -27.52803 -27.54155
 -27.54155 -27.54155 -27.55821 -27.55821 -27.57924 -27.57924 -27.57924 -27.60658
 -27.60658 -27.60658
 -27.52989 -27.53256 -27.53554 -27.53886 -27.54262 -27.54684 -27.55168 -27.55168
 -27.55721 -27.56360 -27.57106 -27.57106 -27.57988 -27.57988 -27.59042 -27.59042
 -27.60323 -27.60323 -27.61906 -27.61906 -27.63916 -27.63916 -27.63916 -27.66539
 -27.66539 -27.66539
 -27.59784 -27.60030 -27.60303 -27.60609 -27.60956 -27.61348 -27.61348 -27.61795
 -27.62309 -27.62906 -27.62906 -27.63605 -27.64432 -27.64432 -27.65424 -27.65424
 -27.66634 -27.66634 -27.68137 -27.68137 -27.68137 -27.70050 -27.70050 -27.72560
 -27.72560 -27.72560
 -27.66513 -27.66939 -27.67191 -27.67473 -27.67790 -27.67790 -27.68152 -27.68567
 -27.69043 -27.69598 -27.69598 -27.70250 -27.71025 -27.71025 -27.71956 -27.71956
 -27.73096 -27.73096 -27.74518 -27.74518 -27.74518 -27.76334 -27.76334 -27.76334
 -27.78731 -27.78731
 -27.73601 -27.73784 -27.73990 -27.74219 -27.74477 -27.74770 -27.75102 -27.75484
 -27.75926 -27.75926 -27.76440 -27.77048 -27.77048 -27.77769 -27.78642 -27.78642
 -27.79713 -27.79713 -27.79713 -27.81055 -27.81055 -27.82776 -27.82776 -27.82776
 -27.85057 -27.85057
 -27.80827 -27.80995 -27.81181 -27.81390 -27.81627 -27.81894 -27.82201 -27.82552
 -27.82552 -27.82959 -27.83435 -27.83998 -27.83998 -27.84671 -27.84671 -27.85486
 -27.85486 -27.86490 -27.86490 -27.87753 -27.87753 -27.89380 -27.89380 -27.89380
 -27.91547 -27.91547
 -27.88194 -27.88345 -27.88515 -27.88705 -27.88921 -27.89166 -27.89445 -27.89445
 -27.89769 -27.90144 -27.90584 -27.90584 -27.91104 -27.91730 -27.91730 -27.92488
 -27.92488 -27.93428 -27.93428 -27.94614 -27.94614 -27.94614 -27.96149 -27.96149
 -27.98201 -27.98201
 -27.95700 -27.95700 -27.95992 -27.96164 -27.96361 -27.96584 -27.96584 -27.96840
 -27.97136 -27.97479 -27.97885 -27.97885 -27.98366 -27.98944 -27.98944 -27.99651
 -27.99651 -28.00526 -28.00526 -28.01637 -28.01637 -28.01637 -28.03082 -28.03082
 -28.03082 -28.05023
 -28.03339 -28.03339 -28.03462 -28.03603 -28.03760 -28.03937 -28.04141 -28.04375
 -28.04645 -28.04961 -28.04961 -28.05333 -28.05775 -28.05775 -28.06311 -28.06966
 -28.06966 -28.07780 -28.07780 -28.07780 -28.08820 -28.08820 -28.10175 -28.10175
 -28.10175 -28.12006
 -28.11049 -28.11049 -28.11162 -28.11288 -28.11430 -28.11594 -28.11778 -28.11990
 -28.12238 -28.12238 -28.12526 -28.12868 -28.13275 -28.13275 -28.13768 -28.13770
 -28.14375 -28.14375 -28.15132 -28.15134 -28.16101 -28.16103 -28.17371 -28.17372
 -28.17375 -28.19096
 -28.18341 -28.18343 -28.18445 -28.18559 -28.18687 -28.18834 -28.19003 -28.19196
 -28.19199 -28.19424 -28.19688 -28.20000 -28.20004 -28.20378 -28.20831 -28.20839
 -28.21397 -28.21407 -28.22107 -28.22119 -28.23018 -28.23032 -28.23045 -28.24231
 -28.24248 -28.25862
 -28.22887 -28.22894 -28.22902 -28.23090 -28.23206 -28.23340 -28.23492 -28.23508
 -28.23686 -28.23892 -28.24135 -28.24420 -28.24449 -28.24794 -28.25211 -28.25252
 -28.25768 -28.25821 -28.26469 -28.26535 -28.27370 -28.27451 -28.27538 -28.28645
 -28.28751 -28.28862
 -28.19565 -28.19589 -28.19615 -28.19704 -28.19803 -28.19917 -28.20045 -28.20193
 -28.20363 -28.20558 -28.20786 -28.20869 -28.21147 -28.21474 -28.21594 -28.21999
 -28.22484 -28.22655 -28.23268 -28.23480 -28.23717 -28.24530 -28.24818 -28.25874
 -28.26222 -28.26599
 -28.06284 -28.06326 -28.06375 -28.06464 -28.06563 -28.06677 -28.06805 -28.06953
 -28.07121 -28.07315 -28.07452 -28.07692 -28.07970 -28.08292 -28.08516 -28.08919
 -28.09203 -28.09711 -28.10068 -28.10709 -28.11154 -28.11967 -28.12517 -28.13554
 -28.14224 -28.14955
 -27.88803 -27.88860 -27.88922 -27.89011 -27.89111 -27.89226 -27.89355 -27.89503
 -27.89673 -27.89828 -27.90042 -27.90286 -27.90565 -27.90822 -27.91174 -27.91580
 -27.91949 -27.92462 -27.92928 -27.93576 -27.94160 -27.94978 -27.95705 -27.96507
 -27.97626 -27.98605
 -27.73267 -27.73328 -27.73398 -27.73477 -27.73584 -27.73698 -27.73827 -27.73973
 -27.74124 -27.74312 -27.74525 -27.74768 -27.75044 -27.75327 -27.75679 -27.76080
 -27.76488 -27.76996 -27.77512 -27.78156 -27.78804 -27.79616 -27.80421 -27.81319
 -27.82436 -27.83533
 -27.62080 -27.62143 -27.62215 -27.62296 -27.62393 -27.62503 -27.62628 -27.62772
 -27.62933 -27.63118 -27.63329 -27.63568 -27.63823 -27.64128 -27.64476 -27.64845
 -27.65288 -27.65788 -27.66318 -27.66953 -27.67619 -27.68365 -27.69252 -27.70180
 -27.71283 -27.72423
 -27.55467 -27.55530 -27.55602 -27.55682 -27.55777 -27.55885 -27.56007 -27.56148
 -27.56306 -27.56487 -27.56691 -27.56917 -27.57179 -27.57478 -27.57817 -27.58186
 -27.58618 -27.59088 -27.59637 -27.60231 -27.60924 -27.61671 -27.62541 -27.63472
 -27.64554 -27.65700
 -27.52916 -27.52977 -27.53047 -27.53127 -27.53218 -27.53323 -27.53442 -27.53578
 -27.53734 -27.53909 -27.54103 -27.54329 -27.54585 -27.54877 -27.55197 -27.55569
 -27.55989 -27.56453 -27.56987 -27.57573 -27.58249 -27.58986 -27.59834 -27.60754
 -27.61777 -27.62947
 -27.53757 -27.53816 -27.53885 -27.53961 -27.54050 -27.54153 -27.54269 -27.54401
 -27.54550 -27.54718 -27.54910 -27.55130 -27.55379 -27.55661 -27.55974 -27.56335
 -27.56743 -27.57195 -27.57715 -27.58289 -27.58945 -27.59666 -27.60493 -27.61394
 -27.62398 -27.63538
 -27.57353 -27.57411 -27.57477 -27.57552 -27.57637 -27.57736 -27.57848 -27.57974
 -27.58119 -27.58284 -27.58470 -27.58682 -27.58923 -27.59192 -27.59502 -27.59851
 -27.60240 -27.60686 -27.61189 -27.61748 -27.62386 -27.63087 -27.63875 -27.64769
 -27.65749 -27.66858
 -27.63148 -27.63203 -27.63268 -27.63341 -27.63423 -27.63518 -27.63626 -27.63748
 -27.63889 -27.64047 -27.64227 -27.64432 -27.64661 -27.64925 -27.65222 -27.65561
 -27.65938 -27.66368 -27.66849 -27.67397 -27.68004 -27.68695 -27.69460 -27.70326
 -27.71277 -27.72353
 -27.70665 -27.70718 -27.70779 -27.70850 -27.70929 -27.71021 -27.71124 -27.71242
 -27.71376 -27.71529 -27.71703 -27.71898 -27.72121 -27.72375 -27.72662 -27.72984
 -27.73352 -27.73767 -27.74231 -27.74759 -27.75346 -27.76013 -27.76752 -27.77589
 -27.78510 -27.79533
 -27.79492 -27.79544 -27.79602 -27.79669 -27.79745 -27.79832 -27.79933 -27.80046
 -27.80174 -27.80322 -27.80487 -27.80675 -27.80890 -27.81133 -27.81409 -27.81718
 -27.82071 -27.82471 -27.82915 -27.83423 -27.83987 -27.84628 -27.85339 -27.86145
 -27.87032 -27.88017
 -27.89267 -27.89316 -27.89372 -27.89436 -27.89510 -27.89592 -27.89687 -27.89795
 -27.89917 -27.90057 -27.90216 -27.90396 -27.90601 -27.90833 -27.91093 -27.91391
 -27.91728 -27.92105 -27.92535 -27.93021 -27.93559 -27.94173 -27.94852 -27.95613
 -27.96471 -27.97415
 -27.99649 -27.99696 -27.99750 -27.99809 -27.99878 -27.99957 -28.00046 -28.00150
 -28.00266 -28.00397 -28.00548 -28.00719 -28.00912 -28.01131 -28.01379 -28.01662
 -28.01981 -28.02338 -28.02745 -28.03200 -28.03716 -28.04291 -28.04941 -28.05663
 -28.06476 -28.07372
 -28.10297 -28.10341 -28.10391 -28.10448 -28.10512 -28.10585 -28.10669 -28.10765
 -28.10873 -28.10997 -28.11139 -28.11299 -28.11478 -28.11684 -28.11917 -28.12181
 -28.12477 -28.12814 -28.13196 -28.13622 -28.14105 -28.14644 -28.15253 -28.15929
 -28.16690 -28.17529
 -28.20847 -28.20888 -28.20934 -28.20985 -28.21045 -28.21112 -28.21190 -28.21278
 -28.21379 -28.21492 -28.21622 -28.21768 -28.21935 -28.22125 -28.22339 -28.22583
 -28.22856 -28.23166 -28.23518 -28.23911 -28.24355 -28.24850 -28.25412 -28.26033
 -28.26735 -28.27505
 -28.30896 -28.30931 -28.30972 -28.31020 -28.31073 -28.31134 -28.31204 -28.31284
 -28.31374 -28.31476 -28.31593 -28.31725 -28.31876 -28.32047 -28.32240 -28.32457
 -28.32704 -28.32983 -28.33298 -28.33653 -28.34053 -28.34499 -28.35004 -28.35561
 -28.36183 -28.36884
 -28.40002 -28.40034 -28.40070 -28.40111 -28.40158 -28.40211 -28.40271 -28.40341
 -28.40421 -28.40509 -28.40611 -28.40727 -28.40858 -28.41008 -28.41174 -28.41367
 -28.41582 -28.41826 -28.42099 -28.42409 -28.42755 -28.43146 -28.43581 -28.44070
 -28.44612 -28.45219
 -28.47725 -28.47752 -28.47781 -28.47816 -28.47856 -28.47900 -28.47952 -28.48010
 -28.48076 -28.48152 -28.48238 -28.48334 -28.48445 -28.48569 -28.48711 -28.48871
 -28.49052 -28.49255 -28.49486 -28.49745 -28.50035 -28.50362 -28.50725 -28.51135
 -28.51587 -28.52094
 -28.53688 -28.53709 -28.53734 -28.53761 -28.53793 -28.53828 -28.53870 -28.53917
 -28.53970 -28.54031 -28.54100 -28.54178 -28.54265 -28.54366 -28.54478 -28.54607
 -28.54753 -28.54915 -28.55099 -28.55307 -28.55539 -28.55800 -28.56090 -28.56416
 -28.56776 -28.57179
 -28.57669 -28.57686 -28.57704 -28.57726 -28.57748 -28.57776 -28.57808 -28.57843
 -28.57884 -28.57930 -28.57982 -28.58041 -28.58109 -28.58186 -28.58272 -28.58369
 -28.58479 -28.58604 -28.58745 -28.58902 -28.59079 -28.59277 -28.59499 -28.59746
 -28.60019 -28.60320
 -28.59654 -28.59665 -28.59679 -28.59694 -28.59712 -28.59732 -28.59755 -28.59781
 -28.59810 -28.59843 -28.59882 -28.59924 -28.59973 -28.60030 -28.60092 -28.60162
 -28.60243 -28.60333 -28.60435 -28.60548 -28.60677 -28.60820 -28.60980 -28.61157
 -28.61357 -28.61574
 -28.59828 -28.59836 -28.59845 -28.59856 -28.59868 -28.59882 -28.59898 -28.59915
 -28.59937 -28.59959 -28.59985 -28.60016 -28.60049 -28.60089 -28.60132 -28.60181
 -28.60237 -28.60300 -28.60370 -28.60449 -28.60539 -28.60638 -28.60750 -28.60872
 -28.61011 -28.61160
 -28.58504 -28.58508 -28.58514 -28.58522 -28.58530 -28.58539 -28.58549 -28.58562
 -28.58575 -28.58591 -28.58609 -28.58629 -28.58652 -28.58678 -28.58707 -28.58740
 -28.58777 -28.58820 -28.58867 -28.58920 -28.58980 -28.59045 -28.59120 -28.59203
 -28.59296 -28.59396
 -28.56027 -28.56032 -28.56035 -28.56039 -28.56046 -28.56052 -28.56058 -28.56065
 -28.56075 -28.56085 -28.56097 -28.56110 -28.56125 -28.56142 -28.56160 -28.56183
 -28.56207 -28.56233 -28.56265 -28.56299 -28.56339 -28.56381 -28.56430 -28.56485
 -28.56544 -28.56610
 -28.52719 -28.52721 -28.52724 -28.52727 -28.52730 -28.52734 -28.52737 -28.52744
 -28.52748 -28.52756 -28.52763 -28.52771 -28.52780 -28.52791 -28.52803 -28.52817
 -28.52832 -28.52850 -28.52870 -28.52892 -28.52917 -28.52945 -28.52975 -28.53011
 -28.53049 -28.53091
 -28.48831 -28.48833 -28.48834 -28.48836 -28.48837 -28.48840 -28.48843 -28.48846
 -28.48849 -28.48854 -28.48859 -28.48863 -28.48869 -28.48877 -28.48885 -28.48892
 -28.48903 -28.48914 -28.48926 -28.48940 -28.48956 -28.48973 -28.48993 -28.49014
 -28.49039 -28.49066
 -28.44553 -28.44554 -28.44556 -28.44556 -28.44557 -28.44559 -28.44560 -28.44563
 -28.44565 -28.44568 -28.44571 -28.44574 -28.44577 -28.44582 -28.44586 -28.44592
 -28.44598 -28.44604 -28.44612 -28.44621 -28.44630 -28.44643 -28.44655 -28.44669
 -28.44684 -28.44701
 -28.40018 -28.40019 -28.40019 -28.40021 -28.40021 -28.40022 -28.40022 -28.40024
 -28.40025 -28.40027 -28.40028 -28.40031 -28.40033 -28.40036 -28.40039 -28.40042
 -28.40047 -28.40050 -28.40054 -28.40060 -28.40067 -28.40073 -28.40082 -28.40089
 -28.40099 -28.40109
 -28.35316 -28.35316 -28.35316 -28.35316 -28.35318 -28.35318 -28.35320 -28.35320
 -28.35321 -28.35321 -28.35323 -28.35324 -28.35326 -28.35327 -28.35329 -28.35330
 -28.35333 -28.35336 -28.35339 -28.35342 -28.35345 -28.35350 -28.35355 -28.35361
 -28.35365 -28.35373
 -28.30505 -28.30505 -28.30507 -28.30507 -28.30507 -28.30507 -28.30507 -28.30508
 -28.30508 -28.30510 -28.30510 -28.30510 -28.30511 -28.30513 -28.30513 -28.30515
 -28.30516 -28.30518 -28.30519 -28.30522 -28.30524 -28.30527 -28.30530 -28.30533
 -28.30537 -28.30540
 -28.25627 -28.25627 -28.25627 -28.25627 -28.25627 -28.25627 -28.25627 -28.25629
 -28.25629 -28.25629 -28.25629 -28.25630 -28.25630 -28.25630 -28.25632 -28.25632
 -28.25633 -28.25635 -28.25635 -28.25636 -28.25638 -28.25639 -28.25641 -28.25644
 -28.25645 -28.25648
 ------------------------------------------/--------/ Z1= 5   / DATE= 09.12.92
 -26.83321 -26.83321 -26.83690 -26.84094 -26.84538 -26.85028 -26.85568 -26.86171
 -26.86844 -26.87601 -26.87601 -26.88457 -26.89435 -26.89435 -26.90561 -26.91872
 -26.91872 -26.93416 -26.93416 -26.93416 -26.95262 -26.95262 -26.97513 -26.97513
 -26.97513 -27.00327
 -26.89221 -26.89221 -26.89568 -26.89946 -26.90363 -26.90823 -26.91333 -26.91902
 -26.92538 -26.93259 -26.93259 -26.94075 -26.95010 -26.95010 -26.96091 -26.96091
 -26.97353 -26.97353 -26.98846 -26.98846 -27.00641 -27.00641 -27.02838 -27.02838
 -27.02838 -27.05597
 -26.95218 -26.95218 -26.95540 -26.95894 -26.96284 -26.96715 -26.97194 -26.97729
 -26.98331 -26.98331 -26.99011 -26.99786 -26.99786 -27.00676 -27.01709 -27.01709
 -27.02919 -27.02919 -27.04358 -27.04358 -27.06093 -27.06093 -27.08229 -27.08229
 -27.08229 -27.10924
 -27.01314 -27.01314 -27.01613 -27.01942 -27.02306 -27.02708 -27.03156 -27.03658
 -27.03658 -27.04224 -27.04865 -27.05597 -27.05597 -27.06441 -27.07423 -27.07423
 -27.08578 -27.08578 -27.09956 -27.09956 -27.11629 -27.11629 -27.11629 -27.13696
 -27.13696 -27.13696
 -27.07512 -27.07512 -27.07512 -27.07790 -27.08095 -27.08432 -27.08806 -27.09224
 -27.09694 -27.10223 -27.10826 -27.10826 -27.11516 -27.12312 -27.12312 -27.13242
 -27.14340 -27.14340 -27.15657 -27.15657 -27.15657 -27.17259 -27.17259 -27.19252
 -27.19252 -27.19252
 -27.13818 -27.13818 -27.13818 -27.14073 -27.14355 -27.14667 -27.15015 -27.15402
 -27.15840 -27.16335 -27.16898 -27.16898 -27.17545 -27.18295 -27.18295 -27.19173
 -27.19173 -27.20213 -27.20213 -27.21465 -27.21465 -27.22995 -27.22995 -27.24907
 -27.24907 -27.24907
 -27.20233 -27.20233 -27.20233 -27.20467 -27.20726 -27.21014 -27.21335 -27.21695
 -27.22099 -27.22560 -27.22560 -27.23085 -27.23691 -27.23691 -27.24394 -27.25220
 -27.25220 -27.26202 -27.26202 -27.27388 -27.27388 -27.28844 -27.28844 -27.30672
 -27.30672 -27.30672
 -27.26759 -27.26759 -27.26759 -27.26973 -27.27211 -27.27475 -27.27771 -27.28102
 -27.28477 -27.28477 -27.28905 -27.29393 -27.29958 -27.29958 -27.30615 -27.31389
 -27.31389 -27.32314 -27.32314 -27.33432 -27.33432 -27.34813 -27.34813 -27.34813
 -27.36554 -27.36554
 -27.33400 -27.33400 -27.33400 -27.33400 -27.33595 -27.33812 -27.34055 -27.34325
 -27.34630 -27.34976 -27.35370 -27.35823 -27.35823 -27.36346 -27.36960 -27.36960
 -27.37685 -27.38551 -27.38551 -27.39604 -27.39604 -27.39604 -27.40909 -27.40909
 -27.42560 -27.42560
 -27.40158 -27.40158 -27.40158 -27.40158 -27.40335 -27.40533 -27.40753 -27.41002
 -27.41281 -27.41599 -27.41962 -27.42380 -27.42380 -27.42865 -27.43436 -27.43436
 -27.44110 -27.44110 -27.44920 -27.44920 -27.45909 -27.45909 -27.47137 -27.47137
 -27.48701 -27.48701
 -27.47035 -27.47035 -27.47035 -27.47035 -27.47195 -27.47375 -27.47575 -27.47801
 -27.48058 -27.48347 -27.48682 -27.48682 -27.49066 -27.49515 -27.49515 -27.50041
 -27.50668 -27.50668 -27.51425 -27.51425 -27.52350 -27.52350 -27.53503 -27.53503
 -27.54979 -27.54979
 -27.54031 -27.54031 -27.54031 -27.54031 -27.54178 -27.54340 -27.54523 -27.54727
 -27.54961 -27.55226 -27.55226 -27.55531 -27.55884 -27.56296 -27.56296 -27.56783
 -27.57364 -27.57364 -27.58066 -27.58066 -27.58929 -27.58929 -27.60011 -27.60011
 -27.60011 -27.61398
 -27.61150 -27.61150 -27.61150 -27.61150 -27.61150 -27.61281 -27.61427 -27.61592
 -27.61778 -27.61990 -27.62231 -27.62511 -27.62833 -27.62833 -27.63211 -27.63660
 -27.63660 -27.64195 -27.64847 -27.64847 -27.65649 -27.65649 -27.65649 -27.66660
 -27.66660 -27.67963
 -27.68387 -27.68387 -27.68387 -27.68387 -27.68387 -27.68504 -27.68637 -27.68785
 -27.68954 -27.69145 -27.69365 -27.69618 -27.69914 -27.69914 -27.70261 -27.70671
 -27.70671 -27.71165 -27.71165 -27.71767 -27.71767 -27.72511 -27.72511 -27.73453
 -27.73453 -27.74670
 -27.75740 -27.75740 -27.75740 -27.75740 -27.75740 -27.75845 -27.75964 -27.76099
 -27.76251 -27.76425 -27.76624 -27.76854 -27.76854 -27.77122 -27.77438 -27.77438
 -27.77815 -27.78268 -27.78268 -27.78822 -27.78822 -27.79510 -27.79510 -27.80385
 -27.80385 -27.81522
 -27.83203 -27.83203 -27.83203 -27.83203 -27.83203 -27.83299 -27.83406 -27.83527
 -27.83664 -27.83821 -27.84001 -27.84001 -27.84210 -27.84453 -27.84741 -27.84741
 -27.85085 -27.85500 -27.85500 -27.86009 -27.86009 -27.86644 -27.86644 -27.87453
 -27.87453 -27.87453
 -27.90768 -27.90768 -27.90768 -27.90768 -27.90768 -27.90768 -27.90854 -27.90950
 -27.91060 -27.91182 -27.91324 -27.91487 -27.91675 -27.91896 -27.91896 -27.92159
 -27.92471 -27.92471 -27.92850 -27.93317 -27.93317 -27.93900 -27.93900 -27.93900
 -27.94646 -27.94646
 -27.98421 -27.98421 -27.98421 -27.98421 -27.98421 -27.98421 -27.98497 -27.98582
 -27.98680 -27.98792 -27.98920 -27.99066 -27.99236 -27.99435 -27.99435 -27.99673
 -27.99957 -27.99957 -28.00302 -28.00302 -28.00728 -28.00728 -28.01263 -28.01263
 -28.01950 -28.01950
 -28.06136 -28.06136 -28.06136 -28.06136 -28.06136 -28.06136 -28.06204 -28.06282
 -28.06369 -28.06468 -28.06583 -28.06715 -28.06868 -28.06868 -28.07050 -28.07263
 -28.07263 -28.07521 -28.07834 -28.07834 -28.08223 -28.08223 -28.08711 -28.08711
 -28.09340 -28.09340
 -28.13884 -28.13884 -28.13884 -28.13884 -28.13884 -28.13884 -28.13945 -28.14014
 -28.14091 -28.14182 -28.14284 -28.14401 -28.14401 -28.14540 -28.14702 -28.14896
 -28.14896 -28.15128 -28.15411 -28.15411 -28.15764 -28.15764 -28.16209 -28.16209
 -28.16783 -28.16783
 -28.21619 -28.21619 -28.21619 -28.21619 -28.21619 -28.21619 -28.21619 -28.21672
 -28.21735 -28.21803 -28.21883 -28.21974 -28.22081 -28.22205 -28.22350 -28.22350
 -28.22523 -28.22733 -28.22733 -28.22989 -28.23306 -28.23306 -28.23709 -28.23709
 -28.23709 -28.24232
 -28.29277 -28.29277 -28.29277 -28.29277 -28.29277 -28.29277 -28.29277 -28.29324
 -28.29379 -28.29442 -28.29512 -28.29593 -28.29688 -28.29797 -28.29929 -28.29929
 -28.30083 -28.30270 -28.30270 -28.30501 -28.30501 -28.30786 -28.30786 -28.31149
 -28.31149 -28.31621
 -28.36774 -28.36774 -28.36774 -28.36774 -28.36774 -28.36774 -28.36774 -28.36816
 -28.36864 -28.36919 -28.36981 -28.37053 -28.37137 -28.37234 -28.37234 -28.37349
 -28.37488 -28.37488 -28.37654 -28.37859 -28.37859 -28.38113 -28.38113 -28.38438
 -28.38438 -28.38861
 -28.43996 -28.43996 -28.43996 -28.43996 -28.43996 -28.43996 -28.43996 -28.44032
 -28.44075 -28.44122 -28.44177 -28.44240 -28.44313 -28.44313 -28.44398 -28.44501
 -28.44621 -28.44621 -28.44769 -28.44949 -28.44949 -28.45175 -28.45175 -28.45462
 -28.45462 -28.45839
 -28.50800 -28.50800 -28.50800 -28.50800 -28.50800 -28.50800 -28.50800 -28.50800
 -28.50833 -28.50868 -28.50911 -28.50958 -28.51012 -28.51076 -28.51151 -28.51239
 -28.51239 -28.51344 -28.51471 -28.51471 -28.51630 -28.51826 -28.51826 -28.52078
 -28.52078 -28.52078
 -28.57018 -28.57018 -28.57018 -28.57018 -28.57018 -28.57018 -28.57018 -28.57018
 -28.57045 -28.57076 -28.57111 -28.57152 -28.57198 -28.57253 -28.57315 -28.57391
 -28.57391 -28.57481 -28.57591 -28.57591 -28.57726 -28.57726 -28.57895 -28.57895
 -28.58112 -28.58112
 -28.62459 -28.62459 -28.62459 -28.62459 -28.62459 -28.62459 -28.62459 -28.62459
 -28.62482 -28.62508 -28.62537 -28.62570 -28.62610 -28.62654 -28.62708 -28.62708
 -28.62772 -28.62846 -28.62846 -28.62939 -28.63052 -28.63052 -28.63194 -28.63194
 -28.63377 -28.63377
 -28.66937 -28.66937 -28.66937 -28.66937 -28.66937 -28.66937 -28.66937 -28.66937
 -28.66957 -28.66977 -28.67001 -28.67029 -28.67061 -28.67097 -28.67097 -28.67142
 -28.67194 -28.67255 -28.67255 -28.67331 -28.67424 -28.67424 -28.67542 -28.67542
 -28.67691 -28.67691
 -28.70299 -28.70299 -28.70299 -28.70299 -28.70299 -28.70299 -28.70299 -28.70299
 -28.70299 -28.70314 -28.70331 -28.70351 -28.70372 -28.70396 -28.70427 -28.70462
 -28.70503 -28.70503 -28.70552 -28.70612 -28.70612 -28.70686 -28.70781 -28.70781
 -28.70900 -28.70900
 -28.72446 -28.72446 -28.72446 -28.72446 -28.72446 -28.72446 -28.72446 -28.72446
 -28.72446 -28.72456 -28.72470 -28.72484 -28.72501 -28.72520 -28.72543 -28.72571
 -28.72601 -28.72601 -28.72641 -28.72687 -28.72687 -28.72745 -28.72745 -28.72816
 -28.72816 -28.72911
 -28.73354 -28.73354 -28.73354 -28.73354 -28.73354 -28.73354 -28.73354 -28.73354
 -28.73354 -28.73361 -28.73372 -28.73383 -28.73395 -28.73410 -28.73427 -28.73447
 -28.73447 -28.73471 -28.73500 -28.73500 -28.73535 -28.73578 -28.73578 -28.73633
 -28.73633 -28.73703
 -28.73082 -28.73082 -28.73082 -28.73082 -28.73082 -28.73082 -28.73082 -28.73082
 -28.73082 -28.73088 -28.73096 -28.73103 -28.73112 -28.73123 -28.73135 -28.73135
 -28.73151 -28.73167 -28.73189 -28.73189 -28.73215 -28.73247 -28.73247 -28.73286
 -28.73286 -28.73338
 -28.71753 -28.71753 -28.71753 -28.71753 -28.71753 -28.71753 -28.71753 -28.71753
 -28.71753 -28.71753 -28.71758 -28.71762 -28.71768 -28.71774 -28.71782 -28.71791
 -28.71802 -28.71814 -28.71814 -28.71829 -28.71848 -28.71848 -28.71869 -28.71898
 -28.71898 -28.71935
 -28.69525 -28.69525 -28.69525 -28.69525 -28.69525 -28.69525 -28.69525 -28.69525
 -28.69525 -28.69525 -28.69528 -28.69533 -28.69536 -28.69540 -28.69547 -28.69553
 -28.69559 -28.69568 -28.69568 -28.69579 -28.69591 -28.69591 -28.69606 -28.69606
 -28.69627 -28.69627
 -28.66571 -28.66571 -28.66571 -28.66571 -28.66571 -28.66571 -28.66571 -28.66571
 -28.66571 -28.66571 -28.66574 -28.66576 -28.66579 -28.66582 -28.66585 -28.66589
 -28.66594 -28.66594 -28.66600 -28.66608 -28.66608 -28.66615 -28.66626 -28.66626
 -28.66640 -28.66640
 -28.63051 -28.63051 -28.63051 -28.63051 -28.63051 -28.63051 -28.63051 -28.63051
 -28.63051 -28.63051 -28.63052 -28.63054 -28.63055 -28.63058 -28.63060 -28.63063
 -28.63063 -28.63066 -28.63071 -28.63075 -28.63075 -28.63081 -28.63089 -28.63089
 -28.63098 -28.63098
 -28.59105 -28.59105 -28.59105 -28.59105 -28.59105 -28.59105 -28.59105 -28.59105
 -28.59105 -28.59105 -28.59105 -28.59105 -28.59106 -28.59108 -28.59109 -28.59111
 -28.59113 -28.59114 -28.59117 -28.59117 -28.59120 -28.59125 -28.59125 -28.59129
 -28.59135 -28.59135
 -28.54843 -28.54843 -28.54843 -28.54843 -28.54843 -28.54843 -28.54843 -28.54843
 -28.54843 -28.54843 -28.54843 -28.54845 -28.54845 -28.54846 -28.54846 -28.54848
 -28.54849 -28.54851 -28.54852 -28.54852 -28.54854 -28.54857 -28.54857 -28.54860
 -28.54860 -28.54865
 -28.50359 -28.50359 -28.50359 -28.50359 -28.50359 -28.50359 -28.50359 -28.50359
 -28.50359 -28.50359 -28.50359 -28.50359 -28.50359 -28.50359 -28.50360 -28.50360
 -28.50362 -28.50362 -28.50362 -28.50363 -28.50365 -28.50365 -28.50366 -28.50369
 -28.50369 -28.50371
 -28.45712 -28.45712 -28.45712 -28.45712 -28.45712 -28.45712 -28.45712 -28.45712
 -28.45712 -28.45712 -28.45712 -28.45712 -28.45712 -28.45712 -28.45714 -28.45714
 -28.45714 -28.45714 -28.45715 -28.45715 -28.45717 -28.45717 -28.45717 -28.45718
 -28.45718 -28.45721
 -28.40953 -28.40953 -28.40953 -28.40953 -28.40953 -28.40953 -28.40953 -28.40953
 -28.40953 -28.40953 -28.40953 -28.40953 -28.40955 -28.40955 -28.40955 -28.40955
 -28.40955 -28.40955 -28.40956 -28.40956 -28.40956 -28.40956 -28.40958 -28.40958
 -28.40959 -28.40959
 -28.36118 -28.36118 -28.36118 -28.36118 -28.36118 -28.36118 -28.36118 -28.36118
 -28.36118 -28.36118 -28.36118 -28.36118 -28.36119 -28.36119 -28.36119 -28.36119
 -28.36119 -28.36119 -28.36119 -28.36119 -28.36119 -28.36121 -28.36121 -28.36121
 -28.36121 -28.36121
 -28.31230 -28.31230 -28.31230 -28.31230 -28.31230 -28.31230 -28.31230 -28.31230
 -28.31230 -28.31230 -28.31230 -28.31230 -28.31230 -28.31230 -28.31230 -28.31230
 -28.31230 -28.31230 -28.31230 -28.31230 -28.31230 -28.31230 -28.31230 -28.31232
 -28.31232 -28.31232
 -28.26305 -28.26305 -28.26305 -28.26305 -28.26305 -28.26305 -28.26305 -28.26305
 -28.26305 -28.26305 -28.26305 -28.26305 -28.26305 -28.26305 -28.26305 -28.26305
 -28.26305 -28.26305 -28.26305 -28.26305 -28.26305 -28.26305 -28.26305 -28.26305
 -28.26306 -28.26306
 -28.21355 -28.21355 -28.21355 -28.21355 -28.21355 -28.21355 -28.21355 -28.21355
 -28.21355 -28.21355 -28.21355 -28.21355 -28.21355 -28.21355 -28.21355 -28.21355
 -28.21355 -28.21355 -28.21355 -28.21355 -28.21355 -28.21355 -28.21355 -28.21355
 -28.21355 -28.21355
 -28.16388 -28.16388 -28.16388 -28.16388 -28.16388 -28.16388 -28.16388 -28.16388
 -28.16388 -28.16388 -28.16388 -28.16388 -28.16388 -28.16388 -28.16388 -28.16388
 -28.16388 -28.16388 -28.16388 -28.16388 -28.16388 -28.16388 -28.16388 -28.16388
 -28.16388 -28.16388
 -28.11411 -28.11411 -28.11411 -28.11411 -28.11411 -28.11411 -28.11411 -28.11411
 -28.11411 -28.11411 -28.11411 -28.11411 -28.11411 -28.11411 -28.11411 -28.11411
 -28.11411 -28.11411 -28.11411 -28.11411 -28.11411 -28.11411 -28.11411 -28.11411
 -28.11411 -28.11411
 -28.06425 -28.06425 -28.06425 -28.06425 -28.06425 -28.06425 -28.06425 -28.06425
 -28.06425 -28.06425 -28.06425 -28.06425 -28.06425 -28.06425 -28.06425 -28.06425
 -28.06425 -28.06425 -28.06425 -28.06425 -28.06425 -28.06425 -28.06425 -28.06425
 -28.06425 -28.06425
 
C---------------------------------------------------------------------------------
C ADAS ADF11 DATA - SCCS info: @(#)$Header: /home/adascvs/adas/adf11/prb89/prb89_b.dat,v 2.1 2004/07/07 00:06:54 whitefor Exp $ Date $Date: 2004/07/07 00:06:54 $
C---------------------------------------------------------------------------------
