    6   26   48    1    6     /CARBON             / ABEL-VAN-MEINNEN 1982
 -------------------------------------------------------------------------------
  10.00000  10.20000  10.40000  10.60000  10.80000  11.00000  11.20000  11.40000
  11.60000  11.80000  12.00000  12.20000  12.40000  12.60000  12.80000  13.00000
  13.20000  13.40000  13.60000  13.80000  14.00000  14.20000  14.40000  14.60000
  14.80000  15.00000
   0.00000   0.10000   0.20000   0.30000   0.40000   0.50000   0.60000   0.70000
   0.80000   0.90000   1.00000   1.10000   1.20000   1.30000   1.40000   1.50000
   1.60000   1.70000   1.80000   1.90000   2.00000   2.10000   2.20000   2.30000
   2.40000   2.50000   2.60000   2.70000   2.80000   2.90000   3.00000   3.10000
   3.20000   3.30000   3.40000   3.50000   3.60000   3.70000   3.80000   3.90000
   4.00000   4.10000   4.20000   4.30000   4.40000   4.50000   4.60000   4.70000
 ---------------------------------------------------/ Z1= 1   / DATE= 29.03.90
 -30.46736 -30.48570 -30.48637 -30.48701 -30.51183 -30.51242 -30.51299 -30.54843
 -30.54897 -30.54947 -30.54996 -30.60466 -30.60513 -30.60559 -30.60602 -30.60641
 -30.60680 -30.70259 -30.70300 -30.70338 -30.70375 -30.70410 -30.70442 -30.70471
 -30.92255 -30.92299
 -30.48427 -30.50247 -30.50607 -30.50948 -30.53307 -30.53627 -30.53932 -30.57199
 -30.57492 -30.57768 -30.58031 -30.58278 -30.63242 -30.63487 -30.63721 -30.63939
 -30.64146 -30.72751 -30.72975 -30.73186 -30.73384 -30.73570 -30.73747 -30.73914
 -30.93224 -30.93452
 -30.39529 -30.40599 -30.42596 -30.43614 -30.45966 -30.46941 -30.47878 -30.48778
 -30.51762 -30.52632 -30.53467 -30.54266 -30.58501 -30.59293 -30.60049 -30.60773
 -30.61462 -30.68492 -30.69218 -30.69911 -30.70570 -30.71199 -30.71797 -30.72365
 -30.72905 -30.88356
 -30.19310 -30.21130 -30.23409 -30.25183 -30.26924 -30.29373 -30.31071 -30.32732
 -30.35524 -30.37151 -30.38737 -30.40283 -30.43805 -30.45337 -30.46828 -30.48276
 -30.49681 -30.54936 -30.56380 -30.57779 -30.59134 -30.60446 -30.61713 -30.62936
 -30.64114 -30.74861
 -29.95494 -29.97758 -30.00230 -30.02472 -30.04694 -30.07246 -30.09445 -30.11620
 -30.14340 -30.16492 -30.18617 -30.20715 -30.23808 -30.25894 -30.27950 -30.29971
 -30.31960 -30.33913 -30.37999 -30.39977 -30.41917 -30.43822 -30.45686 -30.47511
 -30.49295 -30.56448
 -29.74420 -29.76889 -29.79459 -29.81921 -29.84375 -29.86992 -29.89435 -29.91869
 -29.94572 -29.96994 -29.99402 -30.01793 -30.04166 -30.07076 -30.09441 -30.11786
 -30.14108 -30.16408 -30.19841 -30.22153 -30.24442 -30.26703 -30.28937 -30.31143
 -30.33318 -30.38454
 -29.58293 -29.60852 -29.63412 -29.66032 -29.68593 -29.71242 -29.73801 -29.76355
 -29.78902 -29.81607 -29.84149 -29.86684 -29.89206 -29.92029 -29.94547 -29.97054
 -29.99545 -30.02023 -30.05147 -30.07629 -30.10097 -30.12546 -30.14977 -30.17387
 -30.19777 -30.22144
 -29.47279 -29.49881 -29.52486 -29.55128 -29.57738 -29.60349 -29.63017 -29.65628
 -29.68237 -29.70943 -29.73550 -29.76154 -29.78749 -29.81531 -29.84125 -29.86711
 -29.89287 -29.91855 -29.94824 -29.97392 -29.99950 -30.02495 -30.05026 -30.07542
 -30.10042 -30.12526
 -29.40843 -29.43480 -29.46104 -29.48758 -29.51392 -29.54025 -29.56702 -29.59340
 -29.61978 -29.64682 -29.67320 -29.69955 -29.72589 -29.75345 -29.77975 -29.80600
 -29.83218 -29.85829 -29.88431 -29.91324 -29.93925 -29.96516 -29.99097 -30.01665
 -30.04219 -30.06760
 -29.38335 -29.40973 -29.43607 -29.46262 -29.48904 -29.51549 -29.54224 -29.56874
 -29.59523 -29.62222 -29.64873 -29.67523 -29.70171 -29.72813 -29.75552 -29.78194
 -29.80829 -29.83458 -29.86079 -29.88914 -29.91533 -29.94142 -29.96741 -29.99329
 -30.01906 -30.04469
 -29.39055 -29.41690 -29.44324 -29.46962 -29.49617 -29.52263 -29.54933 -29.57584
 -29.60234 -29.62886 -29.65576 -29.68227 -29.70874 -29.73520 -29.76239 -29.78880
 -29.81517 -29.84146 -29.86769 -29.89560 -29.92177 -29.94785 -29.97382 -29.99969
 -30.02544 -30.05107
 -29.42398 -29.45027 -29.47653 -29.50285 -29.52931 -29.55571 -29.58211 -29.60872
 -29.63516 -29.66159 -29.68834 -29.71475 -29.74113 -29.76749 -29.79445 -29.82074
 -29.84697 -29.87314 -29.89923 -29.92670 -29.95270 -29.97861 -30.00439 -30.03008
 -30.05562 -30.08102
 -29.47841 -29.50450 -29.53072 -29.55690 -29.58321 -29.60947 -29.63571 -29.66214
 -29.68842 -29.71466 -29.74118 -29.76741 -29.79359 -29.81973 -29.84636 -29.87242
 -29.89839 -29.92429 -29.95009 -29.97580 -30.00273 -30.02827 -30.05370 -30.07899
 -30.10413 -30.12910
 -29.54933 -29.57524 -29.60124 -29.62723 -29.65331 -29.67932 -29.70534 -29.73149
 -29.75749 -29.78346 -29.80965 -29.83556 -29.86140 -29.88718 -29.91289 -29.93904
 -29.96460 -29.99005 -30.01538 -30.04060 -30.06686 -30.09186 -30.11670 -30.14137
 -30.16586 -30.19017
 -29.63287 -29.65849 -29.68419 -29.70985 -29.73553 -29.76128 -29.78693 -29.81267
 -29.83827 -29.86382 -29.88930 -29.91495 -29.94029 -29.96555 -29.99069 -30.01619
 -30.04112 -30.06592 -30.09056 -30.11505 -30.14043 -30.16461 -30.18860 -30.21237
 -30.23593 -30.25926
 -29.72552 -29.75075 -29.77600 -29.80122 -29.82640 -29.85164 -29.87675 -29.90182
 -29.92694 -29.95186 -29.97668 -30.00162 -30.02623 -30.05072 -30.07506 -30.09967
 -30.12370 -30.14755 -30.17122 -30.19467 -30.21887 -30.24191 -30.26471 -30.28725
 -30.30951 -30.33148
 -29.82407 -29.84869 -29.87329 -29.89789 -29.92239 -29.94690 -29.97125 -29.99551
 -30.01978 -30.04381 -30.06769 -30.09163 -30.11522 -30.13863 -30.16183 -30.18523
 -30.20802 -30.23058 -30.25288 -30.27492 -30.29669 -30.31908 -30.34029 -30.36116
 -30.38171 -30.40192
 -29.92519 -29.94901 -29.97273 -29.99640 -30.01994 -30.04343 -30.06671 -30.08984
 -30.11293 -30.13573 -30.15834 -30.18091 -30.20309 -30.22504 -30.24672 -30.26813
 -30.28963 -30.31047 -30.33099 -30.35120 -30.37105 -30.39137 -30.41054 -30.42934
 -30.44774 -30.46574
 -30.02553 -30.04819 -30.07069 -30.09309 -30.11530 -30.13733 -30.15921 -30.18085
 -30.20233 -30.22350 -30.24438 -30.26500 -30.28551 -30.30554 -30.32524 -30.34462
 -30.36397 -30.38266 -30.40096 -30.41887 -30.43640 -30.45422 -30.47096 -30.48727
 -30.50314 -30.51859
 -30.12128 -30.14236 -30.16324 -30.18394 -30.20439 -30.22458 -30.24457 -30.26424
 -30.28360 -30.30273 -30.32147 -30.33986 -30.35806 -30.37573 -30.39304 -30.40996
 -30.42676 -30.44289 -30.45859 -30.47388 -30.48872 -30.50375 -30.51776 -30.53133
 -30.54445 -30.55713
 -30.20834 -30.22742 -30.24622 -30.26472 -30.28299 -30.30090 -30.31854 -30.33580
 -30.35271 -30.36932 -30.38548 -30.40126 -30.41678 -30.43176 -30.44635 -30.46051
 -30.47449 -30.48781 -30.50070 -30.51317 -30.52521 -30.53683 -30.54852 -30.55931
 -30.56967 -30.57964
 -30.28262 -30.29924 -30.31555 -30.33151 -30.34717 -30.36243 -30.37738 -30.39189
 -30.40604 -30.41985 -30.43320 -30.44615 -30.45880 -30.47093 -30.48267 -30.49399
 -30.50491 -30.51561 -30.52573 -30.53545 -30.54477 -30.55371 -30.56265 -30.57086
 -30.57869 -30.58618
 -30.34059 -30.35446 -30.36800 -30.38116 -30.39398 -30.40642 -30.41847 -30.43018
 -30.44147 -30.45242 -30.46295 -30.47308 -30.48285 -30.49232 -30.50134 -30.50998
 -30.51828 -30.52635 -30.53394 -30.54118 -30.54811 -30.55470 -30.56128 -30.56726
 -30.57295 -30.57837
 -30.38002 -30.39107 -30.40178 -30.41214 -30.42216 -30.43181 -30.44112 -30.45010
 -30.45871 -30.46696 -30.47493 -30.48253 -30.48981 -30.49681 -30.50345 -30.50978
 -30.51582 -30.52168 -30.52716 -30.53236 -30.53731 -30.54199 -30.54666 -30.55087
 -30.55489 -30.55867
 -30.40054 -30.40894 -30.41704 -30.42482 -30.43230 -30.43948 -30.44635 -30.45294
 -30.45924 -30.46524 -30.47101 -30.47647 -30.48169 -30.48668 -30.49139 -30.49588
 -30.50012 -30.50424 -30.50806 -30.51169 -30.51511 -30.51836 -30.52142 -30.52446
 -30.52721 -30.52979
 -30.40361 -30.40973 -30.41560 -30.42122 -30.42659 -30.43172 -30.43661 -30.44128
 -30.44572 -30.44994 -30.45396 -30.45778 -30.46140 -30.46486 -30.46811 -30.47119
 -30.47411 -30.47685 -30.47951 -30.48198 -30.48430 -30.48650 -30.48856 -30.49062
 -30.49245 -30.49419
 -30.39195 -30.39626 -30.40036 -30.40428 -30.40802 -30.41158 -30.41495 -30.41815
 -30.42120 -30.42409 -30.42685 -30.42943 -30.43188 -30.43420 -30.43642 -30.43849
 -30.44044 -30.44229 -30.44408 -30.44571 -30.44727 -30.44872 -30.45010 -30.45146
 -30.45267 -30.45383
 -30.36874 -30.37169 -30.37450 -30.37715 -30.37968 -30.38210 -30.38437 -30.38654
 -30.38858 -30.39052 -30.39235 -30.39407 -30.39572 -30.39726 -30.39873 -30.40010
 -30.40140 -30.40262 -30.40379 -30.40488 -30.40590 -30.40686 -30.40776 -30.40865
 -30.40945 -30.41020
 -30.33699 -30.33896 -30.34084 -30.34262 -30.34430 -30.34590 -30.34741 -30.34885
 -30.35020 -30.35149 -30.35269 -30.35384 -30.35490 -30.35593 -30.35689 -30.35779
 -30.35864 -30.35944 -30.36020 -30.36092 -30.36157 -30.36220 -30.36279 -30.36334
 -30.36389 -30.36438
 -30.29919 -30.30049 -30.30173 -30.30290 -30.30400 -30.30505 -30.30605 -30.30699
 -30.30788 -30.30872 -30.30949 -30.31026 -30.31096 -30.31161 -30.31224 -30.31284
 -30.31339 -30.31390 -30.31439 -30.31487 -30.31529 -30.31570 -30.31609 -30.31644
 -30.31679 -30.31711
 -30.25723 -30.25809 -30.25890 -30.25966 -30.26038 -30.26106 -30.26172 -30.26233
 -30.26289 -30.26344 -30.26396 -30.26443 -30.26489 -30.26532 -30.26573 -30.26611
 -30.26646 -30.26682 -30.26712 -30.26743 -30.26772 -30.26797 -30.26822 -30.26845
 -30.26868 -30.26889
 -30.21249 -30.21304 -30.21358 -30.21407 -30.21454 -30.21498 -30.21539 -30.21579
 -30.21617 -30.21652 -30.21684 -30.21716 -30.21745 -30.21773 -30.21800 -30.21825
 -30.21848 -30.21869 -30.21890 -30.21909 -30.21927 -30.21944 -30.21960 -30.21976
 -30.21989 -30.22003
 -30.16591 -30.16628 -30.16661 -30.16693 -30.16724 -30.16751 -30.16779 -30.16805
 -30.16829 -30.16850 -30.16872 -30.16893 -30.16911 -30.16930 -30.16946 -30.16962
 -30.16977 -30.16991 -30.17004 -30.17017 -30.17029 -30.17039 -30.17050 -30.17059
 -30.17068 -30.17078
 -30.11812 -30.11835 -30.11858 -30.11877 -30.11897 -30.11916 -30.11932 -30.11949
 -30.11964 -30.11980 -30.11993 -30.12006 -30.12018 -30.12030 -30.12041 -30.12051
 -30.12061 -30.12070 -30.12077 -30.12086 -30.12094 -30.12100 -30.12108 -30.12114
 -30.12119 -30.12125
 -30.06955 -30.06970 -30.06984 -30.06998 -30.07010 -30.07021 -30.07033 -30.07043
 -30.07053 -30.07062 -30.07071 -30.07080 -30.07088 -30.07095 -30.07101 -30.07108
 -30.07115 -30.07120 -30.07126 -30.07130 -30.07135 -30.07140 -30.07144 -30.07149
 -30.07152 -30.07156
 -30.02046 -30.02057 -30.02065 -30.02074 -30.02081 -30.02089 -30.02097 -30.02103
 -30.02110 -30.02116 -30.02121 -30.02127 -30.02132 -30.02136 -30.02141 -30.02145
 -30.02148 -30.02153 -30.02156 -30.02159 -30.02162 -30.02165 -30.02168 -30.02171
 -30.02173 -30.02176
 -29.97105 -29.97112 -29.97118 -29.97124 -29.97128 -29.97133 -29.97137 -29.97142
 -29.97147 -29.97150 -29.97154 -29.97157 -29.97160 -29.97163 -29.97166 -29.97169
 -29.97171 -29.97174 -29.97176 -29.97179 -29.97180 -29.97182 -29.97183 -29.97185
 -29.97186 -29.97188
 -29.92143 -29.92148 -29.92151 -29.92154 -29.92159 -29.92162 -29.92165 -29.92166
 -29.92169 -29.92172 -29.92174 -29.92177 -29.92178 -29.92180 -29.92183 -29.92184
 -29.92186 -29.92188 -29.92189 -29.92191 -29.92191 -29.92192 -29.92194 -29.92195
 -29.92195 -29.92197
 -29.87167 -29.87170 -29.87173 -29.87175 -29.87177 -29.87180 -29.87181 -29.87183
 -29.87184 -29.87186 -29.87187 -29.87189 -29.87190 -29.87192 -29.87193 -29.87193
 -29.87195 -29.87196 -29.87196 -29.87198 -29.87198 -29.87199 -29.87199 -29.87201
 -29.87201 -29.87202
 -29.82184 -29.82185 -29.82187 -29.82188 -29.82190 -29.82190 -29.82191 -29.82193
 -29.82195 -29.82195 -29.82196 -29.82198 -29.82198 -29.82199 -29.82199 -29.82201
 -29.82201 -29.82201 -29.82202 -29.82202 -29.82204 -29.82204 -29.82204 -29.82204
 -29.82205 -29.82205
 -29.77194 -29.77194 -29.77196 -29.77196 -29.77197 -29.77199 -29.77199 -29.77199
 -29.77200 -29.77200 -29.77202 -29.77202 -29.77203 -29.77203 -29.77203 -29.77203
 -29.77205 -29.77205 -29.77205 -29.77205 -29.77206 -29.77206 -29.77206 -29.77206
 -29.77206 -29.77208
 -29.72200 -29.72200 -29.72202 -29.72202 -29.72203 -29.72203 -29.72203 -29.72203
 -29.72205 -29.72205 -29.72205 -29.72206 -29.72206 -29.72206 -29.72206 -29.72206
 -29.72208 -29.72208 -29.72208 -29.72208 -29.72208 -29.72208 -29.72208 -29.72209
 -29.72209 -29.72209
 -29.67204 -29.67204 -29.67204 -29.67206 -29.67206 -29.67206 -29.67206 -29.67206
 -29.67207 -29.67207 -29.67207 -29.67207 -29.67207 -29.67207 -29.67209 -29.67209
 -29.67209 -29.67209 -29.67209 -29.67209 -29.67209 -29.67209 -29.67209 -29.67209
 -29.67209 -29.67210
 -29.62207 -29.62207 -29.62207 -29.62207 -29.62207 -29.62209 -29.62209 -29.62209
 -29.62209 -29.62209 -29.62209 -29.62209 -29.62209 -29.62209 -29.62209 -29.62210
 -29.62210 -29.62210 -29.62210 -29.62210 -29.62210 -29.62210 -29.62210 -29.62210
 -29.62210 -29.62210
 -29.57208 -29.57208 -29.57208 -29.57208 -29.57208 -29.57210 -29.57210 -29.57210
 -29.57210 -29.57210 -29.57210 -29.57210 -29.57210 -29.57210 -29.57210 -29.57210
 -29.57210 -29.57210 -29.57210 -29.57210 -29.57210 -29.57210 -29.57210 -29.57211
 -29.57211 -29.57211
 -29.52209 -29.52209 -29.52209 -29.52209 -29.52209 -29.52209 -29.52209 -29.52209
 -29.52209 -29.52209 -29.52209 -29.52211 -29.52211 -29.52211 -29.52211 -29.52211
 -29.52211 -29.52211 -29.52211 -29.52211 -29.52211 -29.52211 -29.52211 -29.52211
 -29.52211 -29.52211
 -29.47211 -29.47211 -29.47211 -29.47211 -29.47211 -29.47211 -29.47211 -29.47211
 -29.47211 -29.47211 -29.47211 -29.47211 -29.47211 -29.47211 -29.47211 -29.47211
 -29.47211 -29.47211 -29.47211 -29.47211 -29.47211 -29.47211 -29.47211 -29.47211
 -29.47211 -29.47211
 -29.42210 -29.42210 -29.42210 -29.42210 -29.42210 -29.42210 -29.42210 -29.42210
 -29.42210 -29.42210 -29.42210 -29.42210 -29.42210 -29.42210 -29.42210 -29.42210
 -29.42210 -29.42210 -29.42210 -29.42210 -29.42210 -29.42210 -29.42210 -29.42210
 -29.42210 -29.42210
 ---------------------------------------------------/ Z1= 2   / DATE= 29.03.90
 -29.35370 -29.35374 -29.36392 -29.37621 -29.37624 -29.39128 -29.39133 -29.39136
 -29.41019 -29.41022 -29.43443 -29.43446 -29.43449 -29.46671 -29.46674 -29.46677
 -29.51173 -29.51176 -29.51178 -29.51181 -29.57912 -29.57915 -29.57916 -29.57918
 -29.57921 -29.57922
 -29.41287 -29.41339 -29.42323 -29.42371 -29.43550 -29.43593 -29.45032 -29.45071
 -29.46866 -29.46904 -29.49210 -29.49245 -29.49278 -29.52348 -29.52380 -29.52409
 -29.52438 -29.56735 -29.56761 -29.56787 -29.56812 -29.63271 -29.63295 -29.63318
 -29.63339 -29.63361
 -29.42569 -29.43539 -29.44632 -29.44926 -29.46175 -29.46448 -29.47913 -29.48166
 -29.49939 -29.50174 -29.50398 -29.52618 -29.52829 -29.55737 -29.55937 -29.56126
 -29.56305 -29.60335 -29.60509 -29.60674 -29.60828 -29.66862 -29.67020 -29.67168
 -29.67308 -29.67439
 -29.34108 -29.35526 -29.37018 -29.37962 -29.39540 -29.40434 -29.42146 -29.42993
 -29.44914 -29.45717 -29.46487 -29.48726 -29.49460 -29.50162 -29.52922 -29.53596
 -29.54240 -29.57889 -29.58516 -29.59116 -29.59685 -29.64980 -29.65555 -29.66104
 -29.66624 -29.67120
 -29.14676 -29.16609 -29.18304 -29.20256 -29.22263 -29.23897 -29.25967 -29.27556
 -29.29109 -29.31279 -29.32785 -29.35144 -29.36606 -29.38029 -29.40706 -29.42091
 -29.43437 -29.46686 -29.48009 -29.49290 -29.50531 -29.54900 -29.56145 -29.57349
 -29.58510 -29.59628
 -28.92635 -28.94868 -28.96992 -28.99243 -29.01349 -29.03622 -29.05707 -29.08018
 -29.10075 -29.12450 -29.14481 -29.16959 -29.18962 -29.20938 -29.23595 -29.25546
 -29.27467 -29.29356 -29.32359 -29.34229 -29.36064 -29.37862 -29.41565 -29.43365
 -29.45128 -29.46849
 -28.73759 -28.76057 -28.78412 -28.80785 -28.83089 -28.85486 -28.87790 -28.90219
 -28.92522 -28.94997 -28.97296 -28.99586 -29.02136 -29.04420 -29.07083 -29.09364
 -29.11630 -29.13879 -29.16760 -29.19005 -29.21227 -29.23425 -29.26735 -29.28938
 -29.31113 -29.33257
 -28.59204 -28.61525 -28.63885 -28.66263 -28.68611 -28.71021 -28.73387 -28.75835
 -28.78223 -28.80719 -28.83130 -28.85547 -28.88126 -28.90565 -28.93011 -28.95700
 -28.98166 -29.00632 -29.03482 -29.05965 -29.08440 -29.10907 -29.14053 -29.16533
 -29.18996 -29.21439
 -28.48337 -28.50600 -28.52879 -28.55157 -28.57474 -28.59816 -28.62148 -28.64542
 -28.66917 -28.69318 -28.71805 -28.74258 -28.76830 -28.79341 -28.81877 -28.84584
 -28.87177 -28.89789 -28.92661 -28.95322 -28.97992 -29.00670 -29.03793 -29.06500
 -29.09204 -29.11897
 -28.40466 -28.42592 -28.44737 -28.46892 -28.49084 -28.51289 -28.53545 -28.55812
 -28.58144 -28.60489 -28.62917 -28.65349 -28.67888 -28.70419 -28.72997 -28.75716
 -28.78392 -28.81111 -28.83870 -28.86830 -28.89665 -28.92526 -28.95407 -28.98616
 -29.01540 -29.04468
 -28.35220 -28.37184 -28.39165 -28.41177 -28.43225 -28.45296 -28.47421 -28.49579
 -28.51804 -28.54065 -28.56413 -28.58797 -28.61246 -28.63805 -28.66393 -28.69110
 -28.71837 -28.74629 -28.77481 -28.80504 -28.83472 -28.86484 -28.89532 -28.92833
 -28.95953 -28.99089
 -28.32510 -28.34315 -28.36142 -28.38007 -28.39909 -28.41849 -28.43846 -28.45889
 -28.48006 -28.50177 -28.52440 -28.54762 -28.57166 -28.59682 -28.62256 -28.64917
 -28.67712 -28.70546 -28.73459 -28.76529 -28.79591 -28.82716 -28.85898 -28.89284
 -28.92560 -28.95866
 -28.32280 -28.33942 -28.35637 -28.37369 -28.39139 -28.40962 -28.42845 -28.44783
 -28.46800 -28.48886 -28.51054 -28.53325 -28.55675 -28.58145 -28.60692 -28.63341
 -28.66125 -28.68976 -28.71919 -28.75017 -28.78140 -28.81340 -28.84610 -28.88062
 -28.91452 -28.94884
 -28.34390 -28.35938 -28.37517 -28.39137 -28.40800 -28.42522 -28.44299 -28.46150
 -28.48073 -28.50087 -28.52184 -28.54388 -28.56685 -28.59103 -28.61615 -28.64240
 -28.67001 -28.69847 -28.72798 -28.75853 -28.79054 -28.82297 -28.85619 -28.89012
 -28.92572 -28.96086
 -28.38620 -28.40070 -28.41554 -28.43079 -28.44656 -28.46289 -28.47984 -28.49756
 -28.51602 -28.53545 -28.55576 -28.57716 -28.59958 -28.62311 -28.64795 -28.67384
 -28.70114 -28.72939 -28.75879 -28.78931 -28.82129 -28.85384 -28.88727 -28.92151
 -28.95732 -28.99289
 -28.44687 -28.46057 -28.47462 -28.48911 -28.50412 -28.51971 -28.53595 -28.55296
 -28.57076 -28.58952 -28.60921 -28.63004 -28.65189 -28.67491 -28.69925 -28.72472
 -28.75140 -28.77953 -28.80865 -28.83894 -28.87070 -28.90315 -28.93654 -28.97078
 -29.00653 -29.04219
 -28.52295 -28.53600 -28.54938 -28.56323 -28.57759 -28.59251 -28.60814 -28.62453
 -28.64171 -28.65985 -28.67896 -28.69911 -28.72047 -28.74295 -28.76675 -28.79172
 -28.81793 -28.84558 -28.87430 -28.90419 -28.93556 -28.96767 -29.00076 -29.03473
 -29.07016 -29.10561
 -28.61157 -28.62402 -28.63687 -28.65013 -28.66393 -28.67827 -28.69331 -28.70909
 -28.72572 -28.74323 -28.76178 -28.78134 -28.80211 -28.82399 -28.84720 -28.87157
 -28.89720 -28.92427 -28.95241 -28.98175 -29.01222 -29.04410 -29.07664 -29.11008
 -29.14426 -29.17978
 -28.70998 -28.72194 -28.73425 -28.74701 -28.76024 -28.77406 -28.78856 -28.80376
 -28.81979 -28.83672 -28.85464 -28.87358 -28.89371 -28.91493 -28.93736 -28.96112
 -28.98605 -29.01237 -29.03978 -29.06836 -29.09807 -29.12910 -29.16083 -29.19341
 -29.22670 -29.26123
 -28.81555 -28.82704 -28.83887 -28.85110 -28.86382 -28.87711 -28.89102 -28.90564
 -28.92107 -28.93735 -28.95462 -28.97285 -28.99225 -29.01270 -29.03433 -29.05727
 -29.08131 -29.10658 -29.13316 -29.16075 -29.18941 -29.21933 -29.24989 -29.28123
 -29.31325 -29.34637
 -28.92570 -28.93671 -28.94803 -28.95973 -28.97191 -28.98462 -28.99791 -29.01190
 -29.02666 -29.04222 -29.05873 -29.07617 -29.09464 -29.11424 -29.13492 -29.15681
 -29.17978 -29.20387 -29.22923 -29.25551 -29.28278 -29.31122 -29.34021 -29.36989
 -29.40013 -29.43132
 -29.03770 -29.04817 -29.05893 -29.07007 -29.08162 -29.09369 -29.10629 -29.11955
 -29.13350 -29.14824 -29.16382 -29.18033 -29.19777 -29.21626 -29.23573 -29.25636
 -29.27795 -29.30060 -29.32437 -29.34897 -29.37445 -29.40071 -29.42789 -29.45538
 -29.48331 -29.51149
 -29.14850 -29.15836 -29.16847 -29.17894 -29.18977 -29.20105 -29.21286 -29.22525
 -29.23825 -29.25200 -29.26648 -29.28181 -29.29799 -29.31512 -29.33313 -29.35208
 -29.37206 -29.39285 -29.41466 -29.43713 -29.46036 -29.48419 -29.50877 -29.53354
 -29.55856 -29.58368
 -29.25462 -29.26375 -29.27310 -29.28275 -29.29271 -29.30307 -29.31389 -29.32521
 -29.33710 -29.34961 -29.36278 -29.37669 -29.39133 -29.40680 -29.42302 -29.44005
 -29.45793 -29.47650 -29.49579 -29.51582 -29.53630 -29.55724 -29.57872 -29.60023
 -29.62184 -29.64340
 -29.35213 -29.36035 -29.36877 -29.37743 -29.38635 -29.39561 -29.40526 -29.41530
 -29.42584 -29.43690 -29.44852 -29.46074 -29.47357 -29.48705 -29.50121 -29.51598
 -29.53143 -29.54741 -29.56392 -29.58101 -29.59839 -29.61604 -29.63406 -29.65199
 -29.66988 -29.68759
 -29.43677 -29.44394 -29.45126 -29.45876 -29.46649 -29.47447 -29.48274 -29.49136
 -29.50035 -29.50975 -29.51961 -29.52991 -29.54073 -29.55202 -29.56384 -29.57613
 -29.58893 -29.60210 -29.61565 -29.62958 -29.64366 -29.65791 -29.67221 -29.68661
 -29.70074 -29.71466
 -29.50465 -29.51065 -29.51675 -29.52299 -29.52939 -29.53598 -29.54277 -29.54984
 -29.55717 -29.56482 -29.57280 -29.58112 -29.58981 -29.59885 -29.60828 -29.61803
 -29.62808 -29.63849 -29.64908 -29.65993 -29.67082 -29.68178 -29.69272 -29.70367
 -29.71436 -29.72479
 -29.55304 -29.55783 -29.56268 -29.56763 -29.57268 -29.57785 -29.58318 -29.58868
 -29.59441 -29.60031 -29.60648 -29.61287 -29.61954 -29.62643 -29.63359 -29.64096
 -29.64854 -29.65634 -29.66425 -29.67226 -29.68037 -29.68845 -29.69646 -29.70444
 -29.71217 -29.71971
 -29.58109 -29.58473 -29.58841 -29.59213 -29.59593 -29.59981 -29.60379 -29.60789
 -29.61212 -29.61650 -29.62103 -29.62573 -29.63060 -29.63562 -29.64081 -29.64615
 -29.65163 -29.65723 -29.66289 -29.66861 -29.67438 -29.68008 -29.68573 -29.69135
 -29.69676 -29.70203
 -29.59001 -29.59265 -29.59531 -29.59801 -29.60074 -29.60352 -29.60637 -29.60928
 -29.61229 -29.61540 -29.61859 -29.62190 -29.62532 -29.62885 -29.63246 -29.63618
 -29.63998 -29.64388 -29.64780 -29.65173 -29.65570 -29.65962 -29.66348 -29.66728
 -29.67102 -29.67459
 -29.58257 -29.58441 -29.58627 -29.58813 -29.59003 -29.59196 -29.59392 -29.59593
 -29.59799 -29.60011 -29.60229 -29.60455 -29.60687 -29.60927 -29.61172 -29.61424
 -29.61681 -29.61940 -29.62206 -29.62469 -29.62737 -29.62999 -29.63258 -29.63512
 -29.63760 -29.63998
 -29.56221 -29.56346 -29.56471 -29.56598 -29.56726 -29.56856 -29.56987 -29.57121
 -29.57259 -29.57401 -29.57545 -29.57695 -29.57849 -29.58008 -29.58170 -29.58336
 -29.58505 -29.58678 -29.58852 -29.59026 -29.59201 -29.59375 -29.59544 -29.59712
 -29.59875 -29.60033
 -29.53229 -29.53313 -29.53395 -29.53479 -29.53563 -29.53648 -29.53734 -29.53822
 -29.53912 -29.54005 -29.54100 -29.54198 -29.54298 -29.54401 -29.54506 -29.54614
 -29.54724 -29.54837 -29.54950 -29.55063 -29.55176 -29.55290 -29.55400 -29.55508
 -29.55615 -29.55717
 -29.49562 -29.49617 -29.49670 -29.49725 -29.49779 -29.49834 -29.49890 -29.49948
 -29.50006 -29.50066 -29.50127 -29.50189 -29.50253 -29.50320 -29.50388 -29.50458
 -29.50528 -29.50600 -29.50673 -29.50746 -29.50819 -29.50891 -29.50963 -29.51033
 -29.51102 -29.51169
 -29.45435 -29.45470 -29.45505 -29.45538 -29.45573 -29.45610 -29.45645 -29.45682
 -29.45718 -29.45757 -29.45796 -29.45836 -29.45877 -29.45920 -29.45963 -29.46007
 -29.46053 -29.46098 -29.46144 -29.46191 -29.46239 -29.46284 -29.46330 -29.46376
 -29.46420 -29.46463
 -29.40999 -29.41022 -29.41045 -29.41066 -29.41089 -29.41112 -29.41135 -29.41158
 -29.41180 -29.41205 -29.41231 -29.41255 -29.41281 -29.41309 -29.41336 -29.41364
 -29.41393 -29.41422 -29.41451 -29.41481 -29.41512 -29.41541 -29.41570 -29.41599
 -29.41626 -29.41655
 -29.36363 -29.36377 -29.36391 -29.36406 -29.36420 -29.36433 -29.36449 -29.36464
 -29.36478 -29.36493 -29.36510 -29.36525 -29.36542 -29.36559 -29.36577 -29.36594
 -29.36612 -29.36630 -29.36649 -29.36668 -29.36687 -29.36707 -29.36725 -29.36743
 -29.36761 -29.36778
 -29.31596 -29.31606 -29.31613 -29.31622 -29.31631 -29.31641 -29.31650 -29.31659
 -29.31670 -29.31679 -29.31688 -29.31699 -29.31709 -29.31720 -29.31731 -29.31741
 -29.31754 -29.31764 -29.31776 -29.31789 -29.31801 -29.31813 -29.31825 -29.31836
 -29.31848 -29.31859
 -29.26744 -29.26750 -29.26756 -29.26762 -29.26767 -29.26773 -29.26779 -29.26785
 -29.26791 -29.26797 -29.26804 -29.26810 -29.26816 -29.26823 -29.26830 -29.26837
 -29.26843 -29.26851 -29.26859 -29.26866 -29.26874 -29.26881 -29.26889 -29.26897
 -29.26904 -29.26910
 -29.21840 -29.21843 -29.21846 -29.21851 -29.21854 -29.21858 -29.21861 -29.21864
 -29.21869 -29.21872 -29.21877 -29.21881 -29.21884 -29.21889 -29.21893 -29.21898
 -29.21902 -29.21907 -29.21912 -29.21916 -29.21921 -29.21925 -29.21930 -29.21936
 -29.21941 -29.21944
 -29.16899 -29.16902 -29.16905 -29.16907 -29.16910 -29.16911 -29.16914 -29.16916
 -29.16919 -29.16920 -29.16924 -29.16925 -29.16928 -29.16931 -29.16934 -29.16936
 -29.16939 -29.16942 -29.16945 -29.16948 -29.16951 -29.16954 -29.16957 -29.16960
 -29.16963 -29.16966
 -29.11938 -29.11940 -29.11942 -29.11943 -29.11945 -29.11946 -29.11948 -29.11949
 -29.11951 -29.11952 -29.11954 -29.11955 -29.11957 -29.11958 -29.11960 -29.11961
 -29.11963 -29.11964 -29.11967 -29.11969 -29.11971 -29.11972 -29.11975 -29.11977
 -29.11978 -29.11980
 -29.06963 -29.06964 -29.06964 -29.06966 -29.06967 -29.06967 -29.06969 -29.06969
 -29.06970 -29.06972 -29.06972 -29.06973 -29.06975 -29.06975 -29.06976 -29.06978
 -29.06978 -29.06979 -29.06981 -29.06982 -29.06982 -29.06984 -29.06985 -29.06987
 -29.06989 -29.06989
 -29.01979 -29.01979 -29.01979 -29.01981 -29.01981 -29.01981 -29.01982 -29.01982
 -29.01984 -29.01984 -29.01984 -29.01985 -29.01985 -29.01987 -29.01987 -29.01987
 -29.01988 -29.01988 -29.01990 -29.01990 -29.01991 -29.01991 -29.01993 -29.01993
 -29.01994 -29.01994
 -28.96988 -28.96988 -28.96989 -28.96989 -28.96989 -28.96989 -28.96991 -28.96991
 -28.96991 -28.96991 -28.96992 -28.96992 -28.96992 -28.96992 -28.96994 -28.96994
 -28.96994 -28.96996 -28.96996 -28.96996 -28.96996 -28.96997 -28.96997 -28.96997
 -28.96999 -28.96999
 -28.91994 -28.91995 -28.91995 -28.91995 -28.91995 -28.91995 -28.91995 -28.91997
 -28.91997 -28.91997 -28.91997 -28.91997 -28.91997 -28.91997 -28.91998 -28.91998
 -28.91998 -28.91998 -28.91998 -28.92000 -28.92000 -28.92000 -28.92000 -28.92000
 -28.92001 -28.92001
 -28.86998 -28.86998 -28.86998 -28.87000 -28.87000 -28.87000 -28.87000 -28.87000
 -28.87000 -28.87000 -28.87000 -28.87000 -28.87000 -28.87001 -28.87001 -28.87001
 -28.87001 -28.87001 -28.87001 -28.87001 -28.87001 -28.87003 -28.87003 -28.87003
 -28.87003 -28.87003
 -28.82001 -28.82001 -28.82001 -28.82001 -28.82001 -28.82001 -28.82002 -28.82002
 -28.82002 -28.82002 -28.82002 -28.82002 -28.82002 -28.82002 -28.82002 -28.82002
 -28.82002 -28.82002 -28.82002 -28.82002 -28.82002 -28.82004 -28.82004 -28.82004
 -28.82004 -28.82004
 ---------------------------------------------------/ Z1= 3   / DATE= 29.03.90
 -28.58595 -28.59357 -28.59480 -28.60323 -28.61275 -28.62361 -28.62468 -28.63722
 -28.63821 -28.65292 -28.65384 -28.67143 -28.67229 -28.69380 -28.69460 -28.72159
 -28.72235 -28.72305 -28.75809 -28.75877 -28.75941 -28.76003 -28.80760 -28.80820
 -28.80876 -28.80930
 -28.58463 -28.58917 -28.59872 -28.60895 -28.62003 -28.62404 -28.63609 -28.64958
 -28.65323 -28.66850 -28.67191 -28.68964 -28.69283 -28.71397 -28.71698 -28.71982
 -28.74588 -28.74858 -28.78197 -28.78456 -28.78702 -28.78934 -28.83440 -28.83669
 -28.83885 -28.84090
 -28.51114 -28.52419 -28.53752 -28.55127 -28.56557 -28.57471 -28.58955 -28.60542
 -28.61392 -28.63101 -28.63907 -28.65797 -28.66560 -28.68713 -28.69441 -28.70139
 -28.72681 -28.73346 -28.73984 -28.77136 -28.77751 -28.78340 -28.82483 -28.83061
 -28.83614 -28.84138
 -28.39511 -28.41211 -28.42928 -28.44667 -28.46123 -28.47878 -28.49680 -28.51070
 -28.52919 -28.54860 -28.56186 -28.58246 -28.59521 -28.60764 -28.62996 -28.64191
 -28.66710 -28.67865 -28.68983 -28.71960 -28.73048 -28.74097 -28.77846 -28.78882
 -28.79878 -28.80836
 -28.27769 -28.29736 -28.31717 -28.33546 -28.35533 -28.37540 -28.39578 -28.41353
 -28.43422 -28.45157 -28.47275 -28.48970 -28.51166 -28.52817 -28.55141 -28.56749
 -28.59273 -28.60844 -28.62378 -28.65231 -28.66734 -28.68199 -28.69623 -28.73074
 -28.74483 -28.75850
 -28.18750 -28.20869 -28.22913 -28.25043 -28.27187 -28.29347 -28.31364 -28.33540
 -28.35748 -28.37732 -28.39975 -28.41930 -28.44228 -28.46150 -28.48538 -28.50426
 -28.52284 -28.54816 -28.56641 -28.59415 -28.61214 -28.62976 -28.64703 -28.67929
 -28.69641 -28.71313
 -28.13237 -28.15385 -28.17587 -28.19801 -28.22029 -28.24271 -28.26414 -28.28673
 -28.30956 -28.33080 -28.35393 -28.37497 -28.39853 -28.41934 -28.44357 -28.46414
 -28.48447 -28.50981 -28.52988 -28.54968 -28.57695 -28.59653 -28.61578 -28.64655
 -28.66568 -28.68448
 -28.10753 -28.12967 -28.15192 -28.17427 -28.19675 -28.21864 -28.24126 -28.26402
 -28.28584 -28.30881 -28.33203 -28.35371 -28.37732 -28.39886 -28.42027 -28.44444
 -28.46567 -28.49080 -28.51189 -28.53278 -28.55954 -28.58032 -28.60088 -28.63057
 -28.65108 -28.67134
 -28.10153 -28.12309 -28.14474 -28.16649 -28.18788 -28.20972 -28.23167 -28.25377
 -28.27513 -28.29739 -28.31873 -28.34123 -28.36252 -28.38542 -28.40668 -28.43016
 -28.45145 -28.47586 -28.49721 -28.51854 -28.54457 -28.56604 -28.58746 -28.60881
 -28.63788 -28.65942
 -28.09854 -28.11847 -28.13843 -28.15817 -28.17818 -28.19824 -28.21838 -28.23810
 -28.25835 -28.27876 -28.29854 -28.31924 -28.33913 -28.36031 -28.38040 -28.40228
 -28.42271 -28.44331 -28.46655 -28.48766 -28.51254 -28.53429 -28.55626 -28.57846
 -28.60678 -28.62970
 -28.08841 -28.10574 -28.12291 -28.14021 -28.15752 -28.17487 -28.19226 -28.20937
 -28.22691 -28.24463 -28.26196 -28.28009 -28.29774 -28.31651 -28.33470 -28.35440
 -28.37332 -28.39267 -28.41422 -28.43460 -28.45554 -28.47969 -28.50191 -28.52470
 -28.55231 -28.57649
 -28.07259 -28.08701 -28.10138 -28.11575 -28.13013 -28.14453 -28.15880 -28.17336
 -28.18808 -28.20267 -28.21780 -28.23331 -28.24869 -28.26503 -28.28123 -28.29796
 -28.31610 -28.33408 -28.35396 -28.37346 -28.39377 -28.41678 -28.43895 -28.46204
 -28.48894 -28.51401
 -28.06087 -28.07268 -28.08447 -28.09627 -28.10811 -28.11987 -28.13187 -28.14401
 -28.15637 -28.16878 -28.18172 -28.19476 -28.20856 -28.22252 -28.23750 -28.25272
 -28.26926 -28.28604 -28.30453 -28.32318 -28.34286 -28.36488 -28.38680 -28.40987
 -28.43407 -28.46161
 -28.06250 -28.07228 -28.08208 -28.09190 -28.10172 -28.11169 -28.12183 -28.13217
 -28.14262 -28.15353 -28.16484 -28.17638 -28.18867 -28.20131 -28.21492 -28.22897
 -28.24429 -28.26012 -28.27692 -28.29544 -28.31450 -28.33569 -28.35724 -28.38008
 -28.40422 -28.43129
 -28.08253 -28.09084 -28.09915 -28.10748 -28.11597 -28.12457 -28.13338 -28.14243
 -28.15164 -28.16133 -28.17145 -28.18190 -28.19308 -28.20473 -28.21733 -28.23050
 -28.24489 -28.25992 -28.27602 -28.29376 -28.31223 -28.33199 -28.35382 -28.37631
 -28.40019 -28.42674
 -28.12201 -28.12921 -28.13647 -28.14381 -28.15128 -28.15891 -28.16675 -28.17477
 -28.18318 -28.19197 -28.20110 -28.21085 -28.22122 -28.23210 -28.24391 -28.25638
 -28.26974 -28.28441 -28.29990 -28.31694 -28.33487 -28.35410 -28.37532 -28.39738
 -28.42088 -28.44688
 -28.17961 -28.18604 -28.19252 -28.19910 -28.20583 -28.21272 -28.21979 -28.22719
 -28.23491 -28.24303 -28.25151 -28.26060 -28.27020 -28.28059 -28.29161 -28.30365
 -28.31644 -28.33049 -28.34540 -28.36185 -28.37921 -28.39792 -28.41853 -28.44009
 -28.46312 -28.48763
 -28.25285 -28.25868 -28.26459 -28.27060 -28.27676 -28.28307 -28.28964 -28.29649
 -28.30368 -28.31119 -28.31923 -28.32780 -28.33688 -28.34674 -28.35724 -28.36873
 -28.38098 -28.39447 -28.40884 -28.42439 -28.44151 -28.45966 -28.47964 -28.50064
 -28.52309 -28.54703
 -28.33891 -28.34428 -28.34973 -28.35530 -28.36099 -28.36690 -28.37303 -28.37944
 -28.38618 -28.39326 -28.40085 -28.40897 -28.41759 -28.42697 -28.43700 -28.44798
 -28.45973 -28.47267 -28.48650 -28.50148 -28.51799 -28.53552 -28.55443 -28.57520
 -28.59698 -28.62024
 -28.43488 -28.43988 -28.44496 -28.45016 -28.45551 -28.46104 -28.46680 -28.47284
 -28.47916 -28.48589 -28.49307 -28.50070 -28.50896 -28.51790 -28.52745 -28.53793
 -28.54918 -28.56137 -28.57481 -28.58919 -28.60504 -28.62190 -28.64011 -28.66008
 -28.68108 -28.70351
 -28.53792 -28.54259 -28.54736 -28.55223 -28.55725 -28.56245 -28.56789 -28.57353
 -28.57953 -28.58589 -28.59268 -28.59990 -28.60774 -28.61612 -28.62529 -28.63513
 -28.64595 -28.65756 -28.67036 -28.68407 -28.69919 -28.71527 -28.73264 -28.75171
 -28.77177 -28.79318
 -28.64503 -28.64943 -28.65388 -28.65846 -28.66318 -28.66806 -28.67311 -28.67845
 -28.68410 -28.69008 -28.69643 -28.70326 -28.71065 -28.71855 -28.72719 -28.73647
 -28.74666 -28.75763 -28.76970 -28.78264 -28.79666 -28.81207 -28.82846 -28.84645
 -28.86536 -28.88553
 -28.75308 -28.75719 -28.76135 -28.76561 -28.77000 -28.77452 -28.77927 -28.78424
 -28.78949 -28.79507 -28.80098 -28.80736 -28.81422 -28.82158 -28.82962 -28.83826
 -28.84775 -28.85794 -28.86917 -28.88120 -28.89423 -28.90855 -28.92375 -28.94009
 -28.95793 -28.97661
 -28.85855 -28.86230 -28.86613 -28.87006 -28.87410 -28.87828 -28.88263 -28.88719
 -28.89201 -28.89709 -28.90254 -28.90837 -28.91461 -28.92139 -28.92874 -28.93663
 -28.94528 -28.95459 -28.96468 -28.97575 -28.98761 -29.00061 -29.01440 -29.02919
 -29.04533 -29.06216
 -28.95741 -28.96082 -28.96426 -28.96780 -28.97144 -28.97519 -28.97911 -28.98320
 -28.98749 -28.99207 -28.99693 -29.00215 -29.00772 -29.01376 -29.02023 -29.02733
 -29.03493 -29.04326 -29.05220 -29.06201 -29.07246 -29.08394 -29.09605 -29.10904
 -29.12317 -29.13786
 -29.04535 -29.04834 -29.05136 -29.05446 -29.05763 -29.06091 -29.06432 -29.06786
 -29.07161 -29.07558 -29.07979 -29.08426 -29.08910 -29.09431 -29.09988 -29.10597
 -29.11249 -29.11963 -29.12726 -29.13562 -29.14452 -29.15408 -29.16452 -29.17548
 -29.18738 -29.19969
 -29.11813 -29.12065 -29.12321 -29.12582 -29.12849 -29.13124 -29.13408 -29.13705
 -29.14018 -29.14349 -29.14700 -29.15071 -29.15471 -29.15903 -29.16362 -29.16862
 -29.17398 -29.17984 -29.18608 -29.19290 -29.20015 -29.20792 -29.21637 -29.22520
 -29.23457 -29.24466
 -29.17247 -29.17450 -29.17656 -29.17865 -29.18080 -29.18300 -29.18529 -29.18767
 -29.19016 -29.19278 -29.19554 -29.19850 -29.20166 -29.20503 -29.20868 -29.21262
 -29.21680 -29.22137 -29.22624 -29.23148 -29.23718 -29.24319 -29.24971 -29.25652
 -29.26370 -29.27142
 -29.20671 -29.20827 -29.20985 -29.21146 -29.21310 -29.21478 -29.21652 -29.21834
 -29.22023 -29.22220 -29.22430 -29.22653 -29.22891 -29.23145 -29.23418 -29.23709
 -29.24025 -29.24361 -29.24727 -29.25116 -29.25537 -29.25981 -29.26462 -29.26961
 -29.27487 -29.28052
 -29.22134 -29.22250 -29.22366 -29.22484 -29.22603 -29.22726 -29.22853 -29.22984
 -29.23120 -29.23265 -29.23416 -29.23576 -29.23747 -29.23929 -29.24126 -29.24333
 -29.24559 -29.24799 -29.25060 -29.25334 -29.25633 -29.25948 -29.26280 -29.26639
 -29.27010 -29.27405
 -29.21869 -29.21950 -29.22031 -29.22115 -29.22198 -29.22285 -29.22374 -29.22464
 -29.22560 -29.22659 -29.22765 -29.22876 -29.22993 -29.23120 -29.23254 -29.23398
 -29.23553 -29.23717 -29.23895 -29.24084 -29.24289 -29.24503 -29.24730 -29.24974
 -29.25226 -29.25488
 -29.20201 -29.20256 -29.20313 -29.20369 -29.20425 -29.20485 -29.20544 -29.20607
 -29.20671 -29.20738 -29.20808 -29.20883 -29.20963 -29.21046 -29.21136 -29.21233
 -29.21336 -29.21445 -29.21564 -29.21689 -29.21823 -29.21968 -29.22118 -29.22281
 -29.22447 -29.22621
 -29.17476 -29.17513 -29.17551 -29.17587 -29.17625 -29.17665 -29.17705 -29.17744
 -29.17787 -29.17831 -29.17877 -29.17928 -29.17979 -29.18034 -29.18092 -29.18155
 -29.18222 -29.18294 -29.18370 -29.18452 -29.18539 -29.18634 -29.18732 -29.18837
 -29.18945 -29.19060
 -29.13994 -29.14018 -29.14043 -29.14067 -29.14091 -29.14117 -29.14143 -29.14169
 -29.14197 -29.14226 -29.14255 -29.14287 -29.14320 -29.14355 -29.14394 -29.14433
 -29.14476 -29.14523 -29.14572 -29.14624 -29.14680 -29.14740 -29.14804 -29.14870
 -29.14941 -29.15013
 -29.09990 -29.10005 -29.10022 -29.10037 -29.10052 -29.10069 -29.10086 -29.10103
 -29.10121 -29.10139 -29.10158 -29.10178 -29.10199 -29.10222 -29.10246 -29.10272
 -29.10298 -29.10329 -29.10359 -29.10393 -29.10428 -29.10466 -29.10506 -29.10548
 -29.10594 -29.10640
 -29.05637 -29.05647 -29.05656 -29.05667 -29.05676 -29.05687 -29.05698 -29.05708
 -29.05721 -29.05731 -29.05743 -29.05757 -29.05769 -29.05785 -29.05800 -29.05815
 -29.05832 -29.05850 -29.05870 -29.05891 -29.05914 -29.05937 -29.05963 -29.05991
 -29.06018 -29.06047
 -29.01053 -29.01059 -29.01065 -29.01073 -29.01079 -29.01085 -29.01093 -29.01099
 -29.01106 -29.01112 -29.01120 -29.01129 -29.01137 -29.01146 -29.01155 -29.01166
 -29.01176 -29.01189 -29.01201 -29.01213 -29.01228 -29.01242 -29.01259 -29.01276
 -29.01294 -29.01312
 -28.96320 -28.96324 -28.96327 -28.96332 -28.96336 -28.96339 -28.96344 -28.96349
 -28.96353 -28.96358 -28.96362 -28.96367 -28.96373 -28.96379 -28.96384 -28.96391
 -28.96397 -28.96405 -28.96413 -28.96420 -28.96429 -28.96439 -28.96449 -28.96458
 -28.96471 -28.96481
 -28.91490 -28.91492 -28.91495 -28.91498 -28.91501 -28.91502 -28.91505 -28.91508
 -28.91512 -28.91515 -28.91516 -28.91521 -28.91524 -28.91527 -28.91530 -28.91534
 -28.91539 -28.91544 -28.91548 -28.91553 -28.91559 -28.91565 -28.91571 -28.91577
 -28.91585 -28.91591
 -28.86598 -28.86600 -28.86601 -28.86603 -28.86604 -28.86606 -28.86609 -28.86610
 -28.86612 -28.86613 -28.86615 -28.86618 -28.86620 -28.86621 -28.86624 -28.86626
 -28.86629 -28.86632 -28.86635 -28.86638 -28.86641 -28.86646 -28.86649 -28.86653
 -28.86658 -28.86662
 -28.81667 -28.81668 -28.81670 -28.81670 -28.81671 -28.81673 -28.81674 -28.81674
 -28.81676 -28.81677 -28.81677 -28.81679 -28.81680 -28.81682 -28.81683 -28.81685
 -28.81686 -28.81688 -28.81689 -28.81693 -28.81694 -28.81697 -28.81699 -28.81702
 -28.81705 -28.81708
 -28.76711 -28.76712 -28.76712 -28.76714 -28.76714 -28.76715 -28.76715 -28.76715
 -28.76717 -28.76717 -28.76718 -28.76718 -28.76720 -28.76720 -28.76721 -28.76723
 -28.76723 -28.76724 -28.76726 -28.76727 -28.76727 -28.76729 -28.76730 -28.76732
 -28.76733 -28.76736
 -28.71739 -28.71739 -28.71739 -28.71741 -28.71741 -28.71741 -28.71741 -28.71742
 -28.71742 -28.71742 -28.71744 -28.71744 -28.71744 -28.71745 -28.71745 -28.71745
 -28.71747 -28.71747 -28.71748 -28.71748 -28.71750 -28.71750 -28.71751 -28.71753
 -28.71753 -28.71754
 -28.66757 -28.66757 -28.66757 -28.66757 -28.66757 -28.66757 -28.66759 -28.66759
 -28.66759 -28.66759 -28.66759 -28.66760 -28.66760 -28.66760 -28.66760 -28.66760
 -28.66762 -28.66762 -28.66762 -28.66763 -28.66763 -28.66763 -28.66765 -28.66765
 -28.66765 -28.66766
 -28.61768 -28.61768 -28.61768 -28.61768 -28.61769 -28.61769 -28.61769 -28.61769
 -28.61769 -28.61769 -28.61769 -28.61769 -28.61769 -28.61771 -28.61771 -28.61771
 -28.61771 -28.61771 -28.61771 -28.61772 -28.61772 -28.61772 -28.61772 -28.61772
 -28.61774 -28.61774
 -28.56775 -28.56775 -28.56775 -28.56775 -28.56775 -28.56775 -28.56775 -28.56775
 -28.56775 -28.56776 -28.56776 -28.56776 -28.56776 -28.56776 -28.56776 -28.56776
 -28.56776 -28.56776 -28.56776 -28.56776 -28.56778 -28.56778 -28.56778 -28.56778
 -28.56778 -28.56778
 -28.51779 -28.51779 -28.51779 -28.51779 -28.51779 -28.51779 -28.51779 -28.51779
 -28.51779 -28.51779 -28.51781 -28.51781 -28.51781 -28.51781 -28.51781 -28.51781
 -28.51781 -28.51781 -28.51781 -28.51781 -28.51781 -28.51781 -28.51781 -28.51781
 -28.51782 -28.51782
 -28.46782 -28.46782 -28.46782 -28.46782 -28.46782 -28.46782 -28.46782 -28.46782
 -28.46782 -28.46782 -28.46782 -28.46782 -28.46782 -28.46783 -28.46783 -28.46783
 -28.46783 -28.46783 -28.46783 -28.46783 -28.46783 -28.46783 -28.46783 -28.46783
 -28.46783 -28.46783
 ---------------------------------------------------/ Z1= 4   / DATE= 29.03.90
 -28.16360 -28.16841 -28.17374 -28.17967 -28.18631 -28.19380 -28.20230 -28.20230
 -28.21201 -28.22324 -28.22324 -28.23631 -28.25175 -28.25175 -28.27025 -28.27025
 -28.27025 -28.29280 -28.29280 -28.32094 -28.32094 -28.32094 -28.35707 -28.35707
 -28.35707 -28.40544
 -28.22585 -28.23035 -28.23534 -28.24091 -28.24716 -28.25424 -28.25424 -28.26227
 -28.27150 -28.28217 -28.28217 -28.29465 -28.29465 -28.30943 -28.30943 -28.32721
 -28.32721 -28.34898 -28.34898 -28.37627 -28.37627 -28.37627 -28.41150 -28.41150
 -28.41150 -28.41150
 -28.28928 -28.29347 -28.29814 -28.30336 -28.30923 -28.30923 -28.31587 -28.32346
 -28.33217 -28.33217 -28.34229 -28.35416 -28.35416 -28.36826 -28.36826 -28.38528
 -28.38528 -28.40622 -28.40622 -28.40622 -28.43257 -28.43257 -28.46678 -28.46678
 -28.46678 -28.46678
 -28.35388 -28.35779 -28.36214 -28.36700 -28.36700 -28.37250 -28.37874 -28.38586
 -28.39407 -28.39407 -28.40363 -28.41487 -28.41487 -28.42827 -28.42827 -28.44452
 -28.44452 -28.46457 -28.46457 -28.46457 -28.48991 -28.48991 -28.48991 -28.52301
 -28.52301 -28.52301
 -28.41641 -28.41966 -28.42328 -28.42732 -28.43185 -28.43698 -28.44281 -28.44948
 -28.44948 -28.45720 -28.46619 -28.46619 -28.47681 -28.48950 -28.48950 -28.50494
 -28.50494 -28.50494 -28.52408 -28.52408 -28.54837 -28.54837 -28.54837 -28.58023
 -28.58023 -28.58023
 -28.48360 -28.48659 -28.48993 -28.49367 -28.49788 -28.50264 -28.50806 -28.50806
 -28.51430 -28.52151 -28.52997 -28.52997 -28.53996 -28.53996 -28.55196 -28.55196
 -28.56657 -28.56657 -28.58476 -28.58476 -28.60796 -28.60796 -28.60796 -28.63852
 -28.63852 -28.63852
 -28.55185 -28.55461 -28.55768 -28.56111 -28.56500 -28.56941 -28.56941 -28.57445
 -28.58025 -28.58699 -28.58699 -28.59489 -28.60428 -28.60428 -28.61555 -28.61555
 -28.62936 -28.62936 -28.64659 -28.64659 -28.64659 -28.66866 -28.66866 -28.69785
 -28.69785 -28.69785
 -28.61882 -28.62360 -28.62640 -28.62956 -28.63315 -28.63315 -28.63721 -28.64186
 -28.64725 -28.65350 -28.65350 -28.66087 -28.66965 -28.66965 -28.68022 -28.68022
 -28.69321 -28.69321 -28.70947 -28.70947 -28.70947 -28.73038 -28.73038 -28.73038
 -28.75815 -28.75815
 -28.68904 -28.69110 -28.69339 -28.69595 -28.69885 -28.70213 -28.70586 -28.71014
 -28.71512 -28.71512 -28.72092 -28.72775 -28.72775 -28.73592 -28.74579 -28.74579
 -28.75797 -28.75797 -28.75797 -28.77325 -28.77325 -28.79298 -28.79298 -28.79298
 -28.81931 -28.81931
 -28.75981 -28.76167 -28.76375 -28.76608 -28.76872 -28.77171 -28.77513 -28.77905
 -28.77905 -28.78362 -28.78896 -28.79527 -28.79527 -28.80284 -28.80284 -28.81203
 -28.81203 -28.82338 -28.82338 -28.83769 -28.83769 -28.85623 -28.85623 -28.85623
 -28.88106 -28.88106
 -28.83076 -28.83244 -28.83434 -28.83644 -28.83882 -28.84154 -28.84465 -28.84465
 -28.84824 -28.85240 -28.85730 -28.85730 -28.86310 -28.87007 -28.87007 -28.87857
 -28.87857 -28.88910 -28.88910 -28.90242 -28.90242 -28.90242 -28.91974 -28.91974
 -28.94304 -28.94304
 -28.90009 -28.90143 -28.90463 -28.90652 -28.90868 -28.91113 -28.91113 -28.91394
 -28.91719 -28.92097 -28.92543 -28.92543 -28.93073 -28.93712 -28.93712 -28.94492
 -28.94492 -28.95462 -28.95462 -28.96695 -28.96695 -28.96695 -28.98303 -28.98303
 -28.98303 -29.00473
 -28.96992 -28.97113 -28.97246 -28.97397 -28.97566 -28.97760 -28.97980 -28.98232
 -28.98524 -28.98866 -28.98866 -28.99268 -28.99748 -28.99748 -29.00328 -29.01039
 -29.01039 -29.01926 -29.01926 -29.01926 -29.03056 -29.03056 -29.04536 -29.04536
 -29.04536 -29.06543
 -29.03749 -29.03856 -29.03975 -29.04108 -29.04259 -29.04430 -29.04625 -29.04849
 -29.05110 -29.05110 -29.05415 -29.05775 -29.06206 -29.06207 -29.06728 -29.06729
 -29.07370 -29.07370 -29.08173 -29.08174 -29.09200 -29.09201 -29.10550 -29.10551
 -29.10551 -29.12386
 -29.09535 -29.09628 -29.09732 -29.09850 -29.09981 -29.10130 -29.10303 -29.10500
 -29.10504 -29.10733 -29.11003 -29.11322 -29.11328 -29.11710 -29.12172 -29.12181
 -29.12752 -29.12762 -29.13480 -29.13492 -29.14412 -29.14427 -29.14445 -29.15659
 -29.15678 -29.17331
 -29.09712 -29.09724 -29.09805 -29.09984 -29.10100 -29.10229 -29.10379 -29.10405
 -29.10580 -29.10783 -29.11021 -29.11301 -29.11348 -29.11687 -29.12096 -29.12161
 -29.12668 -29.12750 -29.13388 -29.13490 -29.14308 -29.14435 -29.14574 -29.15662
 -29.15828 -29.16006
 -28.93245 -28.93283 -28.93361 -28.93449 -28.93550 -28.93663 -28.93793 -28.93941
 -28.94109 -28.94302 -28.94527 -28.94661 -28.94939 -28.95261 -28.95454 -28.95857
 -28.96330 -28.96606 -28.97205 -28.97549 -28.97934 -28.98738 -28.99210 -29.00240
 -29.00810 -29.01431
 -28.61548 -28.61606 -28.61685 -28.61777 -28.61879 -28.61996 -28.62129 -28.62280
 -28.62453 -28.62650 -28.62834 -28.63084 -28.63368 -28.63693 -28.63998 -28.64410
 -28.64798 -28.65318 -28.65808 -28.66464 -28.67078 -28.67903 -28.68663 -28.69699
 -28.70630 -28.71652
 -28.29434 -28.29501 -28.29581 -28.29672 -28.29774 -28.29892 -28.30026 -28.30179
 -28.30351 -28.30536 -28.30757 -28.31009 -28.31296 -28.31601 -28.31966 -28.32379
 -28.32819 -28.33345 -28.33900 -28.34564 -28.35263 -28.36098 -28.36967 -28.37935
 -28.39081 -28.40265
 -28.03925 -28.03992 -28.04068 -28.04158 -28.04262 -28.04378 -28.04509 -28.04659
 -28.04825 -28.05017 -28.05237 -28.05486 -28.05768 -28.06079 -28.06439 -28.06848
 -28.07298 -28.07817 -28.08386 -28.09044 -28.09761 -28.10587 -28.11482 -28.12479
 -28.13617 -28.14844
 -27.85776 -27.85841 -27.85918 -27.86005 -27.86104 -27.86217 -27.86345 -27.86491
 -27.86656 -27.86845 -27.87059 -27.87302 -27.87575 -27.87886 -27.88239 -27.88632
 -27.89082 -27.89590 -27.90155 -27.90799 -27.91512 -27.92308 -27.93210 -27.94203
 -27.95322 -27.96545
 -27.74075 -27.74141 -27.74214 -27.74300 -27.74396 -27.74506 -27.74631 -27.74773
 -27.74934 -27.75117 -27.75325 -27.75560 -27.75827 -27.76131 -27.76474 -27.76859
 -27.77298 -27.77788 -27.78345 -27.78967 -27.79671 -27.80452 -27.81334 -27.82309
 -27.83403 -27.84605
 -27.67688 -27.67751 -27.67822 -27.67905 -27.67998 -27.68105 -27.68225 -27.68364
 -27.68520 -27.68698 -27.68898 -27.69127 -27.69386 -27.69681 -27.70012 -27.70389
 -27.70815 -27.71292 -27.71834 -27.72440 -27.73123 -27.73886 -27.74745 -27.75697
 -27.76758 -27.77940
 -27.65579 -27.65640 -27.65709 -27.65788 -27.65878 -27.65982 -27.66100 -27.66232
 -27.66383 -27.66554 -27.66750 -27.66972 -27.67223 -27.67508 -27.67830 -27.68195
 -27.68607 -27.69070 -27.69595 -27.70184 -27.70848 -27.71590 -27.72423 -27.73351
 -27.74382 -27.75534
 -27.66878 -27.66937 -27.67004 -27.67081 -27.67169 -27.67268 -27.67381 -27.67509
 -27.67656 -27.67822 -27.68010 -27.68224 -27.68468 -27.68742 -27.69054 -27.69406
 -27.69804 -27.70255 -27.70763 -27.71333 -27.71976 -27.72694 -27.73500 -27.74403
 -27.75406 -27.76524
 -27.70868 -27.70926 -27.70990 -27.71063 -27.71149 -27.71243 -27.71353 -27.71477
 -27.71617 -27.71777 -27.71959 -27.72166 -27.72400 -27.72665 -27.72966 -27.73306
 -27.73691 -27.74126 -27.74615 -27.75168 -27.75787 -27.76485 -27.77263 -27.78136
 -27.79108 -27.80191
 -27.76953 -27.77008 -27.77071 -27.77142 -27.77223 -27.77315 -27.77420 -27.77539
 -27.77673 -27.77827 -27.78003 -27.78201 -27.78426 -27.78682 -27.78970 -27.79298
 -27.79668 -27.80087 -27.80559 -27.81090 -27.81688 -27.82359 -27.83110 -27.83952
 -27.84891 -27.85933
 -27.84633 -27.84685 -27.84744 -27.84813 -27.84889 -27.84978 -27.85078 -27.85193
 -27.85323 -27.85469 -27.85637 -27.85826 -27.86043 -27.86287 -27.86565 -27.86877
 -27.87233 -27.87634 -27.88086 -27.88597 -27.89169 -27.89815 -27.90535 -27.91344
 -27.92244 -27.93246
 -27.93468 -27.93518 -27.93575 -27.93639 -27.93712 -27.93796 -27.93892 -27.94000
 -27.94124 -27.94264 -27.94423 -27.94604 -27.94810 -27.95042 -27.95306 -27.95605
 -27.95944 -27.96326 -27.96758 -27.97243 -27.97789 -27.98404 -27.99092 -27.99863
 -28.00723 -28.01680
 -28.03055 -28.03102 -28.03156 -28.03217 -28.03287 -28.03365 -28.03455 -28.03558
 -28.03674 -28.03807 -28.03957 -28.04128 -28.04323 -28.04543 -28.04791 -28.05074
 -28.05394 -28.05754 -28.06161 -28.06621 -28.07137 -28.07716 -28.08368 -28.09096
 -28.09909 -28.10814
 -28.12999 -28.13043 -28.13092 -28.13150 -28.13214 -28.13287 -28.13371 -28.13467
 -28.13576 -28.13699 -28.13840 -28.14000 -28.14180 -28.14386 -28.14618 -28.14882
 -28.15179 -28.15515 -28.15895 -28.16324 -28.16806 -28.17346 -28.17953 -28.18631
 -28.19389 -28.20233
 -28.22885 -28.22925 -28.22971 -28.23022 -28.23082 -28.23149 -28.23227 -28.23314
 -28.23415 -28.23528 -28.23656 -28.23802 -28.23967 -28.24155 -28.24368 -28.24609
 -28.24883 -28.25191 -28.25539 -28.25929 -28.26370 -28.26866 -28.27422 -28.28041
 -28.28735 -28.29504
 -28.32268 -28.32304 -28.32344 -28.32391 -28.32445 -28.32504 -28.32573 -28.32652
 -28.32741 -28.32841 -28.32957 -28.33087 -28.33235 -28.33403 -28.33594 -28.33809
 -28.34053 -28.34328 -28.34637 -28.34987 -28.35381 -28.35822 -28.36317 -28.36870
 -28.37486 -28.38171
 -28.40678 -28.40710 -28.40746 -28.40785 -28.40831 -28.40884 -28.40944 -28.41011
 -28.41087 -28.41176 -28.41275 -28.41388 -28.41516 -28.41661 -28.41824 -28.42010
 -28.42221 -28.42459 -28.42726 -28.43028 -28.43367 -28.43748 -28.44173 -28.44649
 -28.45180 -28.45769
 -28.47668 -28.47694 -28.47723 -28.47757 -28.47795 -28.47838 -28.47888 -28.47945
 -28.48009 -28.48080 -28.48163 -28.48257 -28.48363 -28.48483 -28.48619 -28.48773
 -28.48949 -28.49144 -28.49367 -28.49615 -28.49896 -28.50211 -28.50562 -28.50955
 -28.51392 -28.51877
 -28.52881 -28.52902 -28.52925 -28.52951 -28.52982 -28.53017 -28.53055 -28.53101
 -28.53151 -28.53207 -28.53273 -28.53348 -28.53432 -28.53526 -28.53635 -28.53757
 -28.53894 -28.54050 -28.54224 -28.54420 -28.54642 -28.54890 -28.55167 -28.55475
 -28.55818 -28.56198
 -28.56140 -28.56155 -28.56174 -28.56194 -28.56216 -28.56242 -28.56271 -28.56305
 -28.56343 -28.56386 -28.56435 -28.56491 -28.56554 -28.56625 -28.56706 -28.56798
 -28.56902 -28.57019 -28.57150 -28.57298 -28.57463 -28.57649 -28.57857 -28.58087
 -28.58344 -28.58627
 -28.57480 -28.57492 -28.57504 -28.57518 -28.57535 -28.57553 -28.57574 -28.57599
 -28.57626 -28.57657 -28.57692 -28.57732 -28.57777 -28.57829 -28.57887 -28.57953
 -28.58026 -28.58110 -28.58205 -28.58310 -28.58429 -28.58562 -28.58710 -28.58875
 -28.59058 -28.59261
 -28.57121 -28.57129 -28.57138 -28.57149 -28.57159 -28.57172 -28.57187 -28.57204
 -28.57222 -28.57243 -28.57268 -28.57295 -28.57326 -28.57362 -28.57402 -28.57446
 -28.57498 -28.57556 -28.57620 -28.57693 -28.57774 -28.57866 -28.57967 -28.58081
 -28.58206 -28.58345
 -28.55386 -28.55392 -28.55397 -28.55405 -28.55412 -28.55420 -28.55429 -28.55441
 -28.55453 -28.55467 -28.55484 -28.55502 -28.55522 -28.55547 -28.55573 -28.55603
 -28.55637 -28.55675 -28.55717 -28.55766 -28.55821 -28.55881 -28.55949 -28.56024
 -28.56108 -28.56200
 -28.52612 -28.52615 -28.52618 -28.52623 -28.52628 -28.52634 -28.52640 -28.52647
 -28.52655 -28.52664 -28.52675 -28.52687 -28.52699 -28.52715 -28.52733 -28.52751
 -28.52774 -28.52798 -28.52826 -28.52858 -28.52893 -28.52933 -28.52977 -28.53026
 -28.53079 -28.53140
 -28.49094 -28.49095 -28.49098 -28.49101 -28.49104 -28.49107 -28.49110 -28.49115
 -28.49121 -28.49127 -28.49133 -28.49141 -28.49150 -28.49159 -28.49170 -28.49182
 -28.49196 -28.49213 -28.49229 -28.49251 -28.49272 -28.49298 -28.49326 -28.49356
 -28.49391 -28.49429
 -28.45064 -28.45065 -28.45067 -28.45068 -28.45070 -28.45071 -28.45074 -28.45078
 -28.45081 -28.45085 -28.45088 -28.45093 -28.45099 -28.45105 -28.45111 -28.45120
 -28.45128 -28.45139 -28.45149 -28.45161 -28.45177 -28.45192 -28.45210 -28.45229
 -28.45251 -28.45276
 -28.40692 -28.40692 -28.40694 -28.40694 -28.40695 -28.40697 -28.40698 -28.40700
 -28.40703 -28.40704 -28.40707 -28.40710 -28.40714 -28.40717 -28.40721 -28.40726
 -28.40732 -28.40738 -28.40746 -28.40753 -28.40762 -28.40771 -28.40782 -28.40794
 -28.40808 -28.40823
 -28.36095 -28.36095 -28.36096 -28.36096 -28.36098 -28.36098 -28.36099 -28.36099
 -28.36101 -28.36102 -28.36104 -28.36105 -28.36108 -28.36110 -28.36113 -28.36116
 -28.36119 -28.36124 -28.36128 -28.36133 -28.36137 -28.36143 -28.36151 -28.36159
 -28.36166 -28.36177
 -28.31352 -28.31352 -28.31352 -28.31354 -28.31354 -28.31354 -28.31355 -28.31355
 -28.31357 -28.31357 -28.31358 -28.31360 -28.31360 -28.31361 -28.31363 -28.31366
 -28.31367 -28.31371 -28.31372 -28.31375 -28.31378 -28.31383 -28.31387 -28.31392
 -28.31396 -28.31403
 -28.26517 -28.26517 -28.26517 -28.26517 -28.26517 -28.26517 -28.26518 -28.26518
 -28.26518 -28.26520 -28.26520 -28.26520 -28.26521 -28.26521 -28.26523 -28.26524
 -28.26526 -28.26527 -28.26529 -28.26530 -28.26532 -28.26535 -28.26538 -28.26540
 -28.26544 -28.26547
 -28.21620 -28.21620 -28.21620 -28.21620 -28.21620 -28.21620 -28.21622 -28.21622
 -28.21622 -28.21622 -28.21622 -28.21623 -28.21623 -28.21623 -28.21625 -28.21625
 -28.21626 -28.21626 -28.21628 -28.21629 -28.21631 -28.21631 -28.21634 -28.21635
 -28.21637 -28.21638
 ---------------------------------------------------/ Z1= 5   / DATE= 29.03.90
 -27.07231 -27.07231 -27.07600 -27.08005 -27.08449 -27.08939 -27.09479 -27.10080
 -27.10753 -27.11510 -27.11510 -27.12366 -27.13344 -27.13344 -27.14470 -27.15781
 -27.15781 -27.17323 -27.17323 -27.17323 -27.19170 -27.19170 -27.21420 -27.21420
 -27.21420 -27.24232
 -27.13126 -27.13126 -27.13472 -27.13850 -27.14267 -27.14726 -27.15237 -27.15805
 -27.16443 -27.17162 -27.17162 -27.17978 -27.18912 -27.18912 -27.19992 -27.19992
 -27.21254 -27.21254 -27.22746 -27.22746 -27.24541 -27.24541 -27.26736 -27.26736
 -27.26736 -27.29494
 -27.19116 -27.19116 -27.19438 -27.19792 -27.20183 -27.20613 -27.21092 -27.21628
 -27.22229 -27.22229 -27.22908 -27.23683 -27.23683 -27.24573 -27.25604 -27.25604
 -27.26814 -27.26814 -27.28252 -27.28252 -27.29987 -27.29987 -27.32120 -27.32120
 -27.32120 -27.34814
 -27.25206 -27.25206 -27.25505 -27.25835 -27.26198 -27.26599 -27.27048 -27.27550
 -27.27550 -27.28114 -27.28755 -27.29488 -27.29488 -27.30330 -27.31311 -27.31311
 -27.32466 -27.32466 -27.33844 -27.33844 -27.35515 -27.35515 -27.35515 -27.37579
 -27.37579 -27.37579
 -27.31396 -27.31396 -27.31396 -27.31674 -27.31979 -27.32315 -27.32690 -27.33109
 -27.33577 -27.34106 -27.34708 -27.34708 -27.35396 -27.36192 -27.36192 -27.37122
 -27.38219 -27.38219 -27.39534 -27.39534 -27.39534 -27.41135 -27.41135 -27.43126
 -27.43126 -27.43126
 -27.37692 -27.37692 -27.37692 -27.37947 -27.38229 -27.38541 -27.38889 -27.39276
 -27.39713 -27.40207 -27.40770 -27.40770 -27.41415 -27.42165 -27.42165 -27.43042
 -27.43042 -27.44081 -27.44081 -27.45331 -27.45331 -27.46860 -27.46860 -27.48769
 -27.48769 -27.48769
 -27.44093 -27.44093 -27.44093 -27.44327 -27.44586 -27.44873 -27.45193 -27.45552
 -27.45958 -27.46417 -27.46417 -27.46942 -27.47546 -27.47546 -27.48248 -27.49074
 -27.49074 -27.50053 -27.50053 -27.51237 -27.51237 -27.52690 -27.52690 -27.54515
 -27.54515 -27.54515
 -27.50601 -27.50601 -27.50601 -27.50816 -27.51053 -27.51317 -27.51611 -27.51942
 -27.52316 -27.52316 -27.52742 -27.53230 -27.53793 -27.53793 -27.54449 -27.55223
 -27.55223 -27.56145 -27.56145 -27.57262 -27.57262 -27.58640 -27.58640 -27.58640
 -27.60376 -27.60376
 -27.57219 -27.57219 -27.57219 -27.57219 -27.57414 -27.57631 -27.57872 -27.58142
 -27.58446 -27.58792 -27.59184 -27.59636 -27.59636 -27.60159 -27.60771 -27.60771
 -27.61493 -27.62358 -27.62358 -27.63408 -27.63408 -27.63408 -27.64708 -27.64708
 -27.66356 -27.66356
 -27.63945 -27.63945 -27.63945 -27.63945 -27.64122 -27.64320 -27.64540 -27.64787
 -27.65065 -27.65382 -27.65744 -27.66161 -27.66161 -27.66644 -27.67212 -27.67212
 -27.67885 -27.67885 -27.68692 -27.68692 -27.69678 -27.69678 -27.70901 -27.70901
 -27.72459 -27.72459
 -27.70781 -27.70781 -27.70781 -27.70781 -27.70941 -27.71120 -27.71320 -27.71544
 -27.71799 -27.72089 -27.72420 -27.72420 -27.72804 -27.73250 -27.73250 -27.73775
 -27.74399 -27.74399 -27.75151 -27.75151 -27.76073 -27.76073 -27.77222 -27.77222
 -27.78690 -27.78690
 -27.77722 -27.77722 -27.77722 -27.77722 -27.77867 -27.78029 -27.78210 -27.78415
 -27.78645 -27.78909 -27.78909 -27.79213 -27.79564 -27.79974 -27.79974 -27.80458
 -27.81036 -27.81036 -27.81735 -27.81735 -27.82593 -27.82593 -27.83669 -27.83669
 -27.83669 -27.85046
 -27.84767 -27.84767 -27.84767 -27.84767 -27.84767 -27.84898 -27.85043 -27.85207
 -27.85393 -27.85602 -27.85843 -27.86119 -27.86440 -27.86440 -27.86815 -27.87260
 -27.87260 -27.87793 -27.88438 -27.88438 -27.89235 -27.89235 -27.89235 -27.90237
 -27.90237 -27.91530
 -27.91908 -27.91908 -27.91908 -27.91908 -27.91908 -27.92024 -27.92155 -27.92303
 -27.92470 -27.92661 -27.92877 -27.93129 -27.93420 -27.93420 -27.93764 -27.94171
 -27.94171 -27.94661 -27.94661 -27.95256 -27.95256 -27.95993 -27.95993 -27.96924
 -27.96924 -27.98129
 -27.99120 -27.99120 -27.99120 -27.99120 -27.99120 -27.99225 -27.99342 -27.99475
 -27.99625 -27.99796 -27.99992 -28.00220 -28.00220 -28.00485 -28.00798 -28.00798
 -28.01169 -28.01616 -28.01617 -28.02164 -28.02164 -28.02843 -28.02844 -28.03706
 -28.03706 -28.04826
 -28.06207 -28.06207 -28.06209 -28.06209 -28.06209 -28.06302 -28.06407 -28.06526
 -28.06662 -28.06815 -28.06992 -28.06993 -28.07198 -28.07437 -28.07721 -28.07722
 -28.08060 -28.08467 -28.08469 -28.08969 -28.08971 -28.09595 -28.09596 -28.10391
 -28.10394 -28.10399
 -28.11963 -28.11964 -28.11966 -28.11969 -28.11971 -28.11974 -28.12056 -28.12151
 -28.12256 -28.12376 -28.12514 -28.12672 -28.12856 -28.13071 -28.13078 -28.13333
 -28.13638 -28.13651 -28.14018 -28.14471 -28.14488 -28.15056 -28.15077 -28.15102
 -28.15829 -28.15858
 -28.12415 -28.12422 -28.12430 -28.12437 -28.12447 -28.12459 -28.12532 -28.12614
 -28.12709 -28.12816 -28.12938 -28.13080 -28.13242 -28.13432 -28.13467 -28.13696
 -28.13968 -28.14018 -28.14352 -28.14417 -28.14830 -28.14912 -28.15433 -28.15536
 -28.16203 -28.16331
 -28.02885 -28.02902 -28.02919 -28.02939 -28.02963 -28.02989 -28.03055 -28.03131
 -28.03217 -28.03314 -28.03426 -28.03552 -28.03700 -28.03773 -28.03954 -28.04164
 -28.04271 -28.04530 -28.04837 -28.04993 -28.05377 -28.05574 -28.06061 -28.06310
 -28.06932 -28.07243
 -27.85869 -27.85892 -27.85918 -27.85948 -27.85982 -27.86021 -27.86084 -27.86156
 -27.86237 -27.86330 -27.86435 -27.86555 -27.86652 -27.86803 -27.86977 -27.87177
 -27.87337 -27.87589 -27.87880 -27.88112 -27.88483 -27.88777 -27.89249 -27.89622
 -27.90222 -27.90692
 -27.68448 -27.68475 -27.68506 -27.68541 -27.68581 -27.68626 -27.68677 -27.68745
 -27.68823 -27.68910 -27.69011 -27.69125 -27.69255 -27.69403 -27.69572 -27.69737
 -27.69952 -27.70200 -27.70439 -27.70753 -27.71115 -27.71460 -27.71921 -27.72359
 -27.72852 -27.73497
 -27.54735 -27.54764 -27.54796 -27.54832 -27.54874 -27.54921 -27.54974 -27.55042
 -27.55118 -27.55203 -27.55302 -27.55414 -27.55542 -27.55687 -27.55852 -27.56024
 -27.56236 -27.56477 -27.56729 -27.57037 -27.57359 -27.57755 -27.58163 -27.58665
 -27.59186 -27.59821
 -27.45712 -27.45740 -27.45772 -27.45808 -27.45851 -27.45898 -27.45953 -27.46017
 -27.46092 -27.46176 -27.46272 -27.46381 -27.46504 -27.46646 -27.46799 -27.46980
 -27.47188 -27.47411 -27.47676 -27.47977 -27.48302 -27.48686 -27.49100 -27.49591
 -27.50116 -27.50737
 -27.41080 -27.41107 -27.41139 -27.41176 -27.41217 -27.41264 -27.41318 -27.41380
 -27.41452 -27.41534 -27.41628 -27.41733 -27.41853 -27.41986 -27.42142 -27.42319
 -27.42519 -27.42740 -27.42998 -27.43291 -27.43611 -27.43985 -27.44394 -27.44872
 -27.45392 -27.45998
 -27.40192 -27.40218 -27.40250 -27.40285 -27.40324 -27.40370 -27.40424 -27.40483
 -27.40552 -27.40631 -27.40721 -27.40823 -27.40939 -27.41072 -27.41222 -27.41394
 -27.41583 -27.41803 -27.42053 -27.42331 -27.42651 -27.43015 -27.43414 -27.43878
 -27.44388 -27.44960
 -27.42368 -27.42393 -27.42424 -27.42459 -27.42497 -27.42542 -27.42593 -27.42651
 -27.42717 -27.42793 -27.42880 -27.42979 -27.43092 -27.43221 -27.43365 -27.43530
 -27.43715 -27.43929 -27.44170 -27.44440 -27.44749 -27.45094 -27.45491 -27.45930
 -27.46436 -27.46992
 -27.46997 -27.47023 -27.47052 -27.47086 -27.47124 -27.47166 -27.47215 -27.47272
 -27.47336 -27.47409 -27.47493 -27.47588 -27.47696 -27.47820 -27.47960 -27.48117
 -27.48299 -27.48503 -27.48734 -27.48997 -27.49297 -27.49631 -27.50014 -27.50439
 -27.50926 -27.51466
 -27.53549 -27.53574 -27.53603 -27.53635 -27.53671 -27.53712 -27.53760 -27.53813
 -27.53876 -27.53946 -27.54027 -27.54118 -27.54222 -27.54341 -27.54474 -27.54626
 -27.54800 -27.54997 -27.55219 -27.55473 -27.55760 -27.56082 -27.56451 -27.56860
 -27.57330 -27.57852
 -27.61563 -27.61586 -27.61613 -27.61644 -27.61679 -27.61719 -27.61763 -27.61815
 -27.61873 -27.61942 -27.62018 -27.62105 -27.62206 -27.62318 -27.62447 -27.62593
 -27.62759 -27.62947 -27.63161 -27.63403 -27.63676 -27.63988 -27.64340 -27.64734
 -27.65184 -27.65683
 -27.70625 -27.70648 -27.70673 -27.70702 -27.70735 -27.70773 -27.70816 -27.70865
 -27.70921 -27.70985 -27.71057 -27.71141 -27.71236 -27.71342 -27.71466 -27.71605
 -27.71764 -27.71941 -27.72145 -27.72375 -27.72635 -27.72931 -27.73262 -27.73642
 -27.74065 -27.74545
 -27.80350 -27.80370 -27.80394 -27.80421 -27.80452 -27.80489 -27.80528 -27.80576
 -27.80627 -27.80688 -27.80757 -27.80835 -27.80923 -27.81026 -27.81140 -27.81271
 -27.81419 -27.81589 -27.81781 -27.81996 -27.82243 -27.82523 -27.82835 -27.83192
 -27.83591 -27.84044
 -27.90347 -27.90367 -27.90390 -27.90414 -27.90443 -27.90477 -27.90515 -27.90558
 -27.90607 -27.90663 -27.90727 -27.90799 -27.90883 -27.90977 -27.91084 -27.91205
 -27.91344 -27.91501 -27.91679 -27.91879 -27.92108 -27.92369 -27.92659 -27.92992
 -27.93362 -27.93784
 -28.00212 -28.00230 -28.00250 -28.00273 -28.00301 -28.00331 -28.00365 -28.00404
 -28.00449 -28.00499 -28.00558 -28.00624 -28.00700 -28.00786 -28.00883 -28.00995
 -28.01122 -28.01265 -28.01425 -28.01610 -28.01820 -28.02054 -28.02322 -28.02625
 -28.02963 -28.03348
 -28.09502 -28.09517 -28.09535 -28.09555 -28.09579 -28.09607 -28.09637 -28.09671
 -28.09711 -28.09756 -28.09808 -28.09868 -28.09935 -28.10011 -28.10098 -28.10197
 -28.10309 -28.10437 -28.10580 -28.10745 -28.10931 -28.11139 -28.11377 -28.11644
 -28.11946 -28.12285
 -28.17752 -28.17766 -28.17781 -28.17799 -28.17819 -28.17842 -28.17870 -28.17899
 -28.17934 -28.17972 -28.18016 -28.18068 -28.18126 -28.18192 -28.18266 -28.18350
 -28.18448 -28.18556 -28.18680 -28.18822 -28.18980 -28.19160 -28.19365 -28.19594
 -28.19853 -28.20143
 -28.24530 -28.24542 -28.24554 -28.24570 -28.24586 -28.24605 -28.24626 -28.24651
 -28.24680 -28.24712 -28.24748 -28.24791 -28.24838 -28.24892 -28.24954 -28.25024
 -28.25104 -28.25194 -28.25296 -28.25412 -28.25542 -28.25691 -28.25859 -28.26047
 -28.26262 -28.26500
 -28.29504 -28.29514 -28.29523 -28.29535 -28.29549 -28.29562 -28.29581 -28.29599
 -28.29622 -28.29646 -28.29675 -28.29709 -28.29745 -28.29788 -28.29837 -28.29892
 -28.29955 -28.30026 -28.30106 -28.30197 -28.30299 -28.30417 -28.30548 -28.30696
 -28.30864 -28.31050
 -28.32524 -28.32530 -28.32538 -28.32547 -28.32556 -28.32568 -28.32581 -28.32596
 -28.32613 -28.32631 -28.32652 -28.32677 -28.32706 -28.32736 -28.32773 -28.32814
 -28.32861 -28.32915 -28.32974 -28.33041 -28.33119 -28.33206 -28.33304 -28.33415
 -28.33539 -28.33679
 -28.33652 -28.33656 -28.33661 -28.33667 -28.33675 -28.33682 -28.33691 -28.33702
 -28.33714 -28.33728 -28.33743 -28.33760 -28.33780 -28.33803 -28.33829 -28.33858
 -28.33891 -28.33929 -28.33972 -28.34021 -28.34076 -28.34137 -28.34207 -28.34286
 -28.34375 -28.34476
 -28.33121 -28.33124 -28.33127 -28.33131 -28.33136 -28.33142 -28.33148 -28.33156
 -28.33163 -28.33173 -28.33183 -28.33195 -28.33209 -28.33224 -28.33243 -28.33263
 -28.33286 -28.33311 -28.33340 -28.33374 -28.33411 -28.33453 -28.33501 -28.33556
 -28.33617 -28.33684
 -28.31256 -28.31259 -28.31261 -28.31264 -28.31267 -28.31270 -28.31274 -28.31279
 -28.31285 -28.31291 -28.31297 -28.31306 -28.31316 -28.31325 -28.31337 -28.31351
 -28.31366 -28.31383 -28.31403 -28.31424 -28.31448 -28.31477 -28.31509 -28.31544
 -28.31584 -28.31630
 -28.28392 -28.28392 -28.28394 -28.28397 -28.28398 -28.28401 -28.28403 -28.28406
 -28.28410 -28.28413 -28.28418 -28.28423 -28.28429 -28.28436 -28.28444 -28.28452
 -28.28462 -28.28473 -28.28485 -28.28500 -28.28516 -28.28534 -28.28555 -28.28578
 -28.28604 -28.28633
 -28.24812 -28.24814 -28.24814 -28.24815 -28.24817 -28.24818 -28.24820 -28.24821
 -28.24825 -28.24826 -28.24829 -28.24832 -28.24837 -28.24841 -28.24846 -28.24850
 -28.24858 -28.24864 -28.24872 -28.24881 -28.24892 -28.24904 -28.24916 -28.24931
 -28.24948 -28.24966
 -28.20744 -28.20744 -28.20744 -28.20746 -28.20746 -28.20747 -28.20749 -28.20750
 -28.20750 -28.20752 -28.20755 -28.20757 -28.20760 -28.20761 -28.20764 -28.20769
 -28.20772 -28.20776 -28.20781 -28.20787 -28.20793 -28.20801 -28.20808 -28.20818
 -28.20828 -28.20840
 -28.16347 -28.16348 -28.16348 -28.16348 -28.16348 -28.16350 -28.16350 -28.16351
 -28.16351 -28.16353 -28.16354 -28.16354 -28.16356 -28.16359 -28.16360 -28.16362
 -28.16365 -28.16368 -28.16371 -28.16374 -28.16379 -28.16382 -28.16388 -28.16394
 -28.16400 -28.16408
 -28.11736 -28.11736 -28.11736 -28.11736 -28.11736 -28.11737 -28.11737 -28.11737
 -28.11739 -28.11739 -28.11740 -28.11740 -28.11742 -28.11742 -28.11743 -28.11745
 -28.11746 -28.11748 -28.11749 -28.11752 -28.11754 -28.11757 -28.11760 -28.11765
 -28.11768 -28.11772
 -28.06984 -28.06984 -28.06984 -28.06984 -28.06984 -28.06984 -28.06984 -28.06985
 -28.06985 -28.06985 -28.06985 -28.06987 -28.06987 -28.06989 -28.06989 -28.06990
 -28.06990 -28.06992 -28.06993 -28.06993 -28.06995 -28.06998 -28.06999 -28.07001
 -28.07004 -28.07007
 -28.02142 -28.02142 -28.02142 -28.02142 -28.02142 -28.02142 -28.02142 -28.02142
 -28.02142 -28.02144 -28.02144 -28.02144 -28.02144 -28.02144 -28.02145 -28.02145
 -28.02145 -28.02147 -28.02147 -28.02148 -28.02148 -28.02150 -28.02151 -28.02153
 -28.02155 -28.02156
 ---------------------------------------------------/ Z1= 6   / DATE= 29.03.90
 -26.73564 -26.73564 -26.73564 -26.73564 -26.73912 -26.74290 -26.74704 -26.75157
 -26.75655 -26.76205 -26.76817 -26.76817 -26.77501 -26.78268 -26.79137 -26.79137
 -26.80125 -26.80125 -26.81264 -26.81264 -26.82590 -26.82590 -26.84152 -26.84152
 -26.86029 -26.86029
 -26.79201 -26.79201 -26.79201 -26.79201 -26.79527 -26.79883 -26.80273 -26.80701
 -26.81174 -26.81696 -26.81696 -26.82278 -26.82932 -26.83665 -26.83665 -26.84500
 -26.85455 -26.85455 -26.86559 -26.86559 -26.87846 -26.87846 -26.89372 -26.89372
 -26.89372 -26.91212
 -26.84921 -26.84921 -26.84921 -26.84921 -26.84921 -26.85561 -26.85925 -26.86328
 -26.86774 -26.86774 -26.87268 -26.87819 -26.88440 -26.89140 -26.89140 -26.89938
 -26.89938 -26.90855 -26.91919 -26.91919 -26.93166 -26.93166 -26.94650 -26.94650
 -26.94650 -26.96448
 -26.90718 -26.90718 -26.90718 -26.90718 -26.90718 -26.91002 -26.91313 -26.91655
 -26.92032 -26.92450 -26.92914 -26.93436 -26.94022 -26.94022 -26.94687 -26.95447
 -26.95447 -26.96323 -26.96323 -26.97342 -26.98544 -26.98544 -26.98544 -26.99982
 -26.99982 -27.01730
 -26.96594 -26.96594 -26.96594 -26.96594 -26.96594 -26.96858 -26.97147 -26.97464
 -26.97816 -26.98206 -26.98642 -26.99130 -26.99130 -26.99683 -27.00311 -27.01031
 -27.01031 -27.01865 -27.01865 -27.02838 -27.02838 -27.03990 -27.03990 -27.05376
 -27.05376 -27.07068
 -27.02554 -27.02554 -27.02554 -27.02554 -27.02554 -27.02797 -27.03064 -27.03358
 -27.03685 -27.04048 -27.04456 -27.04456 -27.04912 -27.05429 -27.06021 -27.06021
 -27.06700 -27.07487 -27.07487 -27.08414 -27.08414 -27.09514 -27.09514 -27.10841
 -27.10841 -27.10841
 -27.08598 -27.08598 -27.08598 -27.08598 -27.08598 -27.08598 -27.09067 -27.09340
 -27.09641 -27.09978 -27.09978 -27.10356 -27.10782 -27.11266 -27.11818 -27.11818
 -27.12456 -27.12456 -27.13199 -27.14075 -27.14075 -27.15120 -27.15120 -27.16386
 -27.16386 -27.16386
 -27.14726 -27.14726 -27.14726 -27.14726 -27.14726 -27.14726 -27.14931 -27.15157
 -27.15407 -27.15685 -27.15996 -27.16345 -27.16740 -27.17191 -27.17191 -27.17706
 -27.18304 -27.18304 -27.19002 -27.19002 -27.19826 -27.20815 -27.20815 -27.20815
 -27.22017 -27.22017
 -27.20943 -27.20943 -27.20943 -27.20943 -27.20943 -27.20943 -27.21129 -27.21335
 -27.21564 -27.21819 -27.22105 -27.22427 -27.22792 -27.22792 -27.23210 -27.23689
 -27.24245 -27.24245 -27.24898 -27.24898 -27.25671 -27.25671 -27.26602 -27.26602
 -27.27740 -27.27740
 -27.27245 -27.27245 -27.27245 -27.27245 -27.27245 -27.27245 -27.27414 -27.27602
 -27.27811 -27.28044 -27.28305 -27.28601 -27.28601 -27.28938 -27.29323 -27.29767
 -27.29767 -27.30283 -27.30891 -27.30891 -27.31615 -27.31615 -27.32487 -27.32487
 -27.33560 -27.33560
 -27.33636 -27.33636 -27.33636 -27.33636 -27.33636 -27.33636 -27.33636 -27.33958
 -27.34148 -27.34360 -27.34599 -27.34599 -27.34869 -27.35178 -27.35532 -27.35942
 -27.35942 -27.36420 -27.36420 -27.36984 -27.37657 -27.37657 -27.38474 -27.38474
 -27.39481 -27.39481
 -27.40114 -27.40114 -27.40114 -27.40114 -27.40114 -27.40114 -27.40114 -27.40253
 -27.40405 -27.40576 -27.40770 -27.40987 -27.41232 -27.41515 -27.41838 -27.41838
 -27.42215 -27.42654 -27.42654 -27.43176 -27.43176 -27.43802 -27.44562 -27.44562
 -27.44562 -27.45503
 -27.46680 -27.46680 -27.46680 -27.46680 -27.46680 -27.46680 -27.46680 -27.46805
 -27.46942 -27.47096 -27.47270 -27.47467 -27.47690 -27.47946 -27.47946 -27.48242
 -27.48586 -27.48990 -27.48990 -27.49471 -27.49471 -27.50049 -27.50049 -27.50754
 -27.50754 -27.51631
 -27.53333 -27.53333 -27.53333 -27.53333 -27.53333 -27.53333 -27.53333 -27.53442
 -27.53566 -27.53705 -27.53862 -27.54039 -27.54240 -27.54240 -27.54472 -27.54741
 -27.55055 -27.55055 -27.55424 -27.55865 -27.55865 -27.56396 -27.56396 -27.57050
 -27.57050 -27.57864
 -27.60066 -27.60066 -27.60066 -27.60066 -27.60066 -27.60066 -27.60066 -27.60066
 -27.60275 -27.60400 -27.60539 -27.60699 -27.60699 -27.60881 -27.61090 -27.61334
 -27.61618 -27.61618 -27.61955 -27.61955 -27.62358 -27.62846 -27.62846 -27.63446
 -27.63446 -27.64200
 -27.66879 -27.66879 -27.66879 -27.66879 -27.66879 -27.66879 -27.66879 -27.66879
 -27.66966 -27.67065 -27.67177 -27.67302 -27.67444 -27.67609 -27.67796 -27.68016
 -27.68016 -27.68274 -27.68579 -27.68579 -27.68945 -27.68945 -27.69391 -27.69942
 -27.69942 -27.69942
 -27.73763 -27.73763 -27.73763 -27.73763 -27.73763 -27.73763 -27.73763 -27.73763
 -27.73840 -27.73929 -27.74028 -27.74139 -27.74268 -27.74414 -27.74582 -27.74582
 -27.74780 -27.75012 -27.75288 -27.75288 -27.75621 -27.75621 -27.76025 -27.76025
 -27.76529 -27.76529
 -27.80707 -27.80707 -27.80707 -27.80707 -27.80707 -27.80707 -27.80707 -27.80707
 -27.80777 -27.80855 -27.80942 -27.81041 -27.81155 -27.81287 -27.81287 -27.81438
 -27.81615 -27.81822 -27.81822 -27.82071 -27.82372 -27.82372 -27.82739 -27.82739
 -27.83197 -27.83197
 -27.87697 -27.87697 -27.87697 -27.87697 -27.87697 -27.87697 -27.87697 -27.87697
 -27.87697 -27.87827 -27.87904 -27.87993 -27.88094 -27.88094 -27.88210 -27.88345
 -27.88503 -27.88689 -27.88689 -27.88913 -27.88913 -27.89183 -27.89514 -27.89514
 -27.89929 -27.89929
 -27.94707 -27.94707 -27.94707 -27.94707 -27.94707 -27.94707 -27.94707 -27.94707
 -27.94707 -27.94760 -27.94821 -27.94890 -27.94968 -27.95058 -27.95160 -27.95280
 -27.95421 -27.95421 -27.95587 -27.95787 -27.95787 -27.96030 -27.96030 -27.96327
 -27.96703 -27.96703
 -28.01704 -28.01704 -28.01704 -28.01704 -28.01704 -28.01704 -28.01704 -28.01704
 -28.01704 -28.01752 -28.01805 -28.01865 -28.01933 -28.02013 -28.02104 -28.02211
 -28.02211 -28.02335 -28.02483 -28.02661 -28.02661 -28.02876 -28.02876 -28.03143
 -28.03143 -28.03479
 -28.08643 -28.08643 -28.08643 -28.08643 -28.08643 -28.08643 -28.08643 -28.08643
 -28.08643 -28.08684 -28.08730 -28.08783 -28.08844 -28.08913 -28.08994 -28.08994
 -28.09087 -28.09196 -28.09328 -28.09328 -28.09485 -28.09677 -28.09677 -28.09915
 -28.09915 -28.10214
 -28.15454 -28.15454 -28.15454 -28.15454 -28.15454 -28.15454 -28.15454 -28.15454
 -28.15454 -28.15454 -28.15532 -28.15578 -28.15631 -28.15691 -28.15691 -28.15761
 -28.15843 -28.15939 -28.16055 -28.16055 -28.16194 -28.16194 -28.16362 -28.16573
 -28.16573 -28.16838
 -28.22055 -28.22055 -28.22055 -28.22055 -28.22055 -28.22055 -28.22055 -28.22055
 -28.22055 -28.22055 -28.22086 -28.22121 -28.22162 -28.22208 -28.22260 -28.22321
 -28.22392 -28.22476 -28.22476 -28.22577 -28.22697 -28.22697 -28.22845 -28.22845
 -28.23029 -28.23262
 -28.28328 -28.28328 -28.28328 -28.28328 -28.28328 -28.28328 -28.28328 -28.28328
 -28.28328 -28.28328 -28.28355 -28.28384 -28.28419 -28.28459 -28.28503 -28.28557
 -28.28618 -28.28618 -28.28690 -28.28777 -28.28880 -28.28880 -28.29008 -28.29008
 -28.29169 -28.29169
 -28.34134 -28.34134 -28.34134 -28.34134 -28.34134 -28.34134 -28.34134 -28.34134
 -28.34134 -28.34134 -28.34157 -28.34183 -28.34212 -28.34244 -28.34282 -28.34328
 -28.34328 -28.34380 -28.34441 -28.34514 -28.34514 -28.34604 -28.34712 -28.34712
 -28.34850 -28.34850
 -28.39311 -28.39311 -28.39311 -28.39311 -28.39311 -28.39311 -28.39311 -28.39311
 -28.39311 -28.39311 -28.39311 -28.39351 -28.39375 -28.39403 -28.39435 -28.39435
 -28.39471 -28.39516 -28.39568 -28.39629 -28.39629 -28.39703 -28.39703 -28.39795
 -28.39909 -28.39909
 -28.43690 -28.43690 -28.43690 -28.43690 -28.43690 -28.43690 -28.43690 -28.43690
 -28.43690 -28.43690 -28.43690 -28.43706 -28.43724 -28.43744 -28.43765 -28.43793
 -28.43822 -28.43858 -28.43900 -28.43900 -28.43951 -28.44012 -28.44012 -28.44087
 -28.44087 -28.44182
 -28.47119 -28.47119 -28.47119 -28.47119 -28.47119 -28.47119 -28.47119 -28.47119
 -28.47119 -28.47119 -28.47119 -28.47131 -28.47145 -28.47160 -28.47179 -28.47200
 -28.47224 -28.47252 -28.47252 -28.47285 -28.47327 -28.47375 -28.47375 -28.47437
 -28.47437 -28.47513
 -28.49478 -28.49478 -28.49478 -28.49478 -28.49478 -28.49478 -28.49478 -28.49478
 -28.49478 -28.49478 -28.49478 -28.49487 -28.49498 -28.49510 -28.49525 -28.49541
 -28.49561 -28.49561 -28.49582 -28.49608 -28.49640 -28.49640 -28.49678 -28.49725
 -28.49725 -28.49785
 -28.50713 -28.50713 -28.50713 -28.50713 -28.50713 -28.50713 -28.50713 -28.50713
 -28.50713 -28.50713 -28.50713 -28.50713 -28.50728 -28.50737 -28.50748 -28.50760
 -28.50760 -28.50774 -28.50790 -28.50810 -28.50835 -28.50835 -28.50864 -28.50864
 -28.50900 -28.50945
 -28.50832 -28.50832 -28.50832 -28.50832 -28.50832 -28.50832 -28.50832 -28.50832
 -28.50832 -28.50832 -28.50832 -28.50832 -28.50838 -28.50844 -28.50850 -28.50858
 -28.50867 -28.50877 -28.50890 -28.50905 -28.50905 -28.50922 -28.50945 -28.50945
 -28.50970 -28.50970
 -28.49915 -28.49915 -28.49915 -28.49915 -28.49915 -28.49915 -28.49915 -28.49915
 -28.49915 -28.49915 -28.49915 -28.49915 -28.49918 -28.49922 -28.49927 -28.49933
 -28.49939 -28.49947 -28.49956 -28.49956 -28.49966 -28.49979 -28.49994 -28.49994
 -28.50014 -28.50014
 -28.48080 -28.48080 -28.48080 -28.48080 -28.48080 -28.48080 -28.48080 -28.48080
 -28.48080 -28.48080 -28.48080 -28.48080 -28.48082 -28.48085 -28.48090 -28.48093
 -28.48097 -28.48103 -28.48103 -28.48109 -28.48117 -28.48125 -28.48125 -28.48137
 -28.48151 -28.48151
 -28.45476 -28.45476 -28.45476 -28.45476 -28.45476 -28.45476 -28.45476 -28.45476
 -28.45476 -28.45476 -28.45476 -28.45476 -28.45476 -28.45480 -28.45482 -28.45485
 -28.45488 -28.45488 -28.45491 -28.45496 -28.45502 -28.45508 -28.45508 -28.45515
 -28.45515 -28.45525
 -28.42252 -28.42252 -28.42252 -28.42252 -28.42252 -28.42252 -28.42252 -28.42252
 -28.42252 -28.42252 -28.42252 -28.42252 -28.42252 -28.42252 -28.42253 -28.42255
 -28.42258 -28.42259 -28.42262 -28.42265 -28.42268 -28.42268 -28.42273 -28.42278
 -28.42278 -28.42284
 -28.38542 -28.38542 -28.38542 -28.38542 -28.38542 -28.38542 -28.38542 -28.38542
 -28.38542 -28.38542 -28.38542 -28.38542 -28.38542 -28.38544 -28.38545 -28.38545
 -28.38547 -28.38548 -28.38550 -28.38551 -28.38551 -28.38554 -28.38557 -28.38560
 -28.38560 -28.38565
 -28.34468 -28.34468 -28.34468 -28.34468 -28.34468 -28.34468 -28.34468 -28.34468
 -28.34468 -28.34468 -28.34468 -28.34468 -28.34468 -28.34470 -28.34470 -28.34470
 -28.34471 -28.34473 -28.34473 -28.34473 -28.34474 -28.34476 -28.34479 -28.34479
 -28.34480 -28.34483
 -28.30124 -28.30124 -28.30124 -28.30124 -28.30124 -28.30124 -28.30124 -28.30124
 -28.30124 -28.30124 -28.30124 -28.30124 -28.30124 -28.30124 -28.30124 -28.30125
 -28.30125 -28.30125 -28.30125 -28.30127 -28.30127 -28.30128 -28.30130 -28.30130
 -28.30132 -28.30132
 -28.25583 -28.25583 -28.25583 -28.25583 -28.25583 -28.25583 -28.25583 -28.25583
 -28.25583 -28.25583 -28.25583 -28.25583 -28.25583 -28.25583 -28.25583 -28.25583
 -28.25583 -28.25583 -28.25584 -28.25584 -28.25584 -28.25586 -28.25586 -28.25586
 -28.25587 -28.25587
 -28.20900 -28.20900 -28.20900 -28.20900 -28.20900 -28.20900 -28.20900 -28.20900
 -28.20900 -28.20900 -28.20900 -28.20900 -28.20900 -28.20900 -28.20900 -28.20901
 -28.20901 -28.20901 -28.20901 -28.20901 -28.20903 -28.20903 -28.20903 -28.20903
 -28.20905 -28.20905
 -28.16119 -28.16119 -28.16119 -28.16119 -28.16119 -28.16119 -28.16119 -28.16119
 -28.16119 -28.16119 -28.16119 -28.16119 -28.16119 -28.16119 -28.16119 -28.16119
 -28.16121 -28.16121 -28.16121 -28.16121 -28.16121 -28.16121 -28.16121 -28.16121
 -28.16121 -28.16122
 -28.11270 -28.11270 -28.11270 -28.11270 -28.11270 -28.11270 -28.11270 -28.11270
 -28.11270 -28.11270 -28.11270 -28.11270 -28.11270 -28.11270 -28.11270 -28.11270
 -28.11270 -28.11270 -28.11270 -28.11270 -28.11270 -28.11270 -28.11270 -28.11272
 -28.11272 -28.11272
 -28.06372 -28.06372 -28.06372 -28.06372 -28.06372 -28.06372 -28.06372 -28.06372
 -28.06372 -28.06372 -28.06372 -28.06372 -28.06372 -28.06372 -28.06372 -28.06372
 -28.06372 -28.06372 -28.06372 -28.06372 -28.06372 -28.06372 -28.06372 -28.06372
 -28.06372 -28.06372
 -28.01440 -28.01440 -28.01440 -28.01440 -28.01440 -28.01440 -28.01440 -28.01440
 -28.01440 -28.01440 -28.01440 -28.01440 -28.01440 -28.01440 -28.01440 -28.01440
 -28.01440 -28.01440 -28.01440 -28.01440 -28.01440 -28.01442 -28.01442 -28.01442
 -28.01442 -28.01442
 -27.96487 -27.96487 -27.96487 -27.96487 -27.96487 -27.96487 -27.96487 -27.96487
 -27.96487 -27.96487 -27.96487 -27.96487 -27.96487 -27.96487 -27.96487 -27.96487
 -27.96487 -27.96487 -27.96487 -27.96487 -27.96487 -27.96487 -27.96487 -27.96487
 -27.96487 -27.96487
 -27.91519 -27.91519 -27.91519 -27.91519 -27.91519 -27.91519 -27.91519 -27.91519
 -27.91519 -27.91519 -27.91519 -27.91519 -27.91519 -27.91519 -27.91519 -27.91519
 -27.91519 -27.91519 -27.91519 -27.91519 -27.91519 -27.91519 -27.91519 -27.91519
 -27.91519 -27.91519
 -27.86540 -27.86540 -27.86540 -27.86540 -27.86540 -27.86540 -27.86540 -27.86540
 -27.86540 -27.86540 -27.86540 -27.86540 -27.86540 -27.86540 -27.86540 -27.86540
 -27.86540 -27.86540 -27.86540 -27.86540 -27.86540 -27.86540 -27.86540 -27.86540
 -27.86540 -27.86540
 
C---------------------------------------------------------------------------------
C ADAS ADF11 DATA - SCCS info: @(#)$Header: /home/adascvs/adas/adf11/prb89/prb89_c.dat,v 2.1 2004/07/07 00:06:59 whitefor Exp $ Date $Date: 2004/07/07 00:06:59 $
C---------------------------------------------------------------------------------
