    3   26   48    1    3     /LITHIUM            /ABELS-VAN MAANEN 1985   ADF11
 -------------------------------------------------------------------------------
   8.00000   8.28000   8.56000   8.84000   9.12000   9.40000   9.68000   9.96000
  10.24000  10.52000  10.80000  11.08000  11.36000  11.64000  11.92000  12.20000
  12.48000  12.76000  13.04000  13.32000  13.60000  13.88000  14.16000  14.44000
  14.72000  15.00000
   0.00000   0.09998   0.19996   0.29993   0.39991   0.49989   0.59987   0.69985
   0.79982   0.89980   0.99978   1.09976   1.19974   1.29972   1.39969   1.49967
   1.59965   1.69963   1.79961   1.89958   1.99956   2.09954   2.19952   2.29950
   2.39947   2.49945   2.59943   2.69941   2.79939   2.89936   2.99934   3.09932
   3.19930   3.29928   3.39925   3.49923   3.59921   3.69919   3.79917   3.89915
   3.99912   4.09910   4.19908   4.29906   4.39904   4.49901   4.59899   4.69897
 --------------------/ IPRT= 1  / IGRD= 1  /PRB CALC/ Z1= 1   / DATE= 07.11.02
 -30.87609 -30.87671 -30.87751 -30.87853 -30.87853 -30.87991 -30.88180 -30.88180
 -30.88451 -30.88451 -30.88858 -30.88858 -30.89513 -30.89513 -30.89513 -30.90669
 -30.90669 -30.90669 -30.90669 -30.93018 -30.93018 -30.93018 -30.93018 -30.93018
 -30.93018 -30.99155
 -30.90888 -30.90948 -30.91024 -30.91123 -30.91123 -30.91255 -30.91437 -30.91437
 -30.91697 -30.91697 -30.92088 -30.92088 -30.92088 -30.92717 -30.92717 -30.92717
 -30.93825 -30.93825 -30.93825 -30.96074 -30.96074 -30.96074 -30.96074 -30.96074
 -30.96074 -31.01923
 -30.93751 -30.93808 -30.93880 -30.93880 -30.93975 -30.94100 -30.94100 -30.94273
 -30.94521 -30.94521 -30.94893 -30.94893 -30.94893 -30.95490 -30.95490 -30.95490
 -30.96542 -30.96542 -30.96542 -30.96542 -30.98674 -30.98674 -30.98674 -30.98674
 -30.98674 -31.04187
 -30.96213 -30.96267 -30.96267 -30.96335 -30.96424 -30.96542 -30.96542 -30.96705
 -30.96705 -30.96938 -30.96938 -30.97289 -30.97289 -30.97851 -30.97851 -30.97851
 -30.98841 -30.98841 -30.98841 -30.98841 -31.00841 -31.00841 -31.00841 -31.00841
 -31.00841 -31.05985
 -30.98161 -30.98201 -30.98251 -30.98315 -30.98397 -30.98508 -30.98508 -30.98660
 -30.98660 -30.98877 -30.98877 -30.99204 -30.99204 -30.99727 -30.99727 -30.99727
 -31.00647 -31.00647 -31.00647 -31.00647 -31.02503 -31.02503 -31.02503 -31.02503
 -31.02503 -31.07245
 -30.99603 -30.99640 -30.99686 -30.99745 -30.99822 -30.99822 -30.99924 -31.00065
 -31.00065 -31.00265 -31.00266 -31.00566 -31.00567 -31.01048 -31.01048 -31.01049
 -31.01893 -31.01894 -31.01894 -31.01894 -31.03592 -31.03592 -31.03593 -31.03593
 -31.03593 -31.07906
 -31.00241 -31.00285 -31.00339 -31.00404 -31.00487 -31.00500 -31.00606 -31.00747
 -31.00761 -31.00956 -31.00968 -31.01253 -31.01264 -31.01274 -31.01719 -31.01727
 -31.02499 -31.02505 -31.02511 -31.02516 -31.04053 -31.04057 -31.04060 -31.04063
 -31.04065 -31.04067
 -30.96859 -30.97058 -30.97279 -30.97525 -30.97738 -30.98019 -30.98326 -30.98557
 -30.98896 -30.99276 -30.99493 -30.99933 -31.00125 -31.00302 -31.00843 -31.00988
 -31.01116 -31.01902 -31.02002 -31.02088 -31.03515 -31.03581 -31.03637 -31.03685
 -31.03725 -31.03759
 -30.73852 -30.74772 -30.75800 -30.76934 -30.78141 -30.79468 -30.80882 -30.82306
 -30.83833 -30.85405 -30.86867 -30.88454 -30.89827 -30.91127 -30.92619 -30.93739
 -30.94757 -30.96197 -30.97019 -30.97743 -30.98375 -31.00039 -31.00524 -31.00940
 -31.01294 -31.01596
 -30.25608 -30.27206 -30.29016 -30.31058 -30.33336 -30.35853 -30.38603 -30.41555
 -30.44725 -30.48037 -30.51518 -30.55048 -30.58691 -30.62259 -30.65908 -30.69331
 -30.72614 -30.76017 -30.78942 -30.81646 -30.84116 -30.87090 -30.89123 -30.90927
 -30.92514 -30.93901
 -29.76118 -29.77912 -29.79963 -29.82291 -29.84914 -29.87842 -29.91082 -29.94628
 -29.98483 -30.02617 -30.07025 -30.11651 -30.16495 -30.21468 -30.26594 -30.31733
 -30.36875 -30.42093 -30.47109 -30.51983 -30.56672 -30.61505 -30.65751 -30.69716
 -30.73382 -30.76739
 -29.36483 -29.38298 -29.40380 -29.42751 -29.45432 -29.48438 -29.51778 -29.55462
 -29.59486 -29.63838 -29.68509 -29.73470 -29.78704 -29.84162 -29.89834 -29.95646
 -30.01572 -30.07618 -30.13650 -30.19666 -30.25623 -30.31642 -30.37374 -30.42923
 -30.48252 -30.53326
 -29.07184 -29.08976 -29.11035 -29.13383 -29.16044 -29.19034 -29.22367 -29.26052
 -29.30091 -29.34475 -29.39197 -29.44235 -29.49572 -29.55172 -29.61006 -29.67052
 -29.73255 -29.79588 -29.86039 -29.92522 -29.99024 -30.05587 -30.12025 -30.18370
 -30.24587 -30.30637
 -28.86663 -28.88418 -28.90437 -28.92743 -28.95361 -28.98307 -29.01599 -29.05245
 -29.09248 -29.13607 -29.18311 -29.23344 -29.28687 -29.34312 -29.40191 -29.46299
 -29.52593 -29.59044 -29.65634 -29.72303 -29.79028 -29.85778 -29.92573 -29.99282
 -30.05917 -30.12446
 -28.73271 -28.74985 -28.76959 -28.79217 -28.81783 -28.84677 -28.87914 -28.91506
 -28.95457 -28.99767 -29.04426 -29.09422 -29.14734 -29.20340 -29.26210 -29.32319
 -29.38630 -29.45114 -29.51747 -29.58482 -29.65294 -29.72153 -29.79063 -29.85931
 -29.92754 -29.99502
 -28.65599 -28.67270 -28.69197 -28.71404 -28.73915 -28.76751 -28.79929 -28.83460
 -28.87351 -28.91601 -28.96204 -29.01148 -29.06413 -29.11978 -29.17814 -29.23896
 -29.30189 -29.36662 -29.43293 -29.50037 -29.56869 -29.63759 -29.70702 -29.77623
 -29.84514 -29.91345
 -28.62491 -28.64119 -28.65998 -28.68153 -28.70608 -28.73384 -28.76499 -28.79966
 -28.83792 -28.87977 -28.92517 -28.97399 -29.02607 -29.08118 -29.13905 -29.19943
 -29.26196 -29.32636 -29.39236 -29.45954 -29.52765 -29.59639 -29.66565 -29.73475
 -29.80359 -29.87186
 -28.63016 -28.64601 -28.66432 -28.68534 -28.70931 -28.73646 -28.76697 -28.80096
 -28.83853 -28.87969 -28.92440 -28.97255 -29.02397 -29.07845 -29.13572 -29.19551
 -29.25749 -29.32136 -29.38683 -29.45351 -29.52110 -29.58931 -29.65799 -29.72650
 -29.79470 -29.86227
 -28.66425 -28.67967 -28.69749 -28.71798 -28.74137 -28.76789 -28.79773 -28.83103
 -28.86788 -28.90830 -28.95227 -28.99968 -29.05036 -29.10411 -29.16066 -29.21973
 -29.28102 -29.34417 -29.40886 -29.47482 -29.54160 -29.60893 -29.67664 -29.74410
 -29.81111 -29.87735
 -28.72117 -28.73615 -28.75348 -28.77342 -28.79622 -28.82210 -28.85124 -28.88381
 -28.91990 -28.95953 -29.00270 -29.04929 -29.09914 -29.15206 -29.20776 -29.26597
 -29.32637 -29.38859 -29.45230 -29.51720 -29.58283 -29.64889 -29.71501 -29.78105
 -29.84628 -29.91052
 -28.79603 -28.81056 -28.82739 -28.84678 -28.86896 -28.89416 -28.92259 -28.95438
 -28.98965 -29.02844 -29.07071 -29.11638 -29.16530 -29.21723 -29.27193 -29.32908
 -29.38836 -29.44938 -29.51180 -29.57527 -29.63933 -29.70363 -29.76779 -29.83161
 -29.89436 -29.95582
 -28.88484 -28.89891 -28.91523 -28.93403 -28.95557 -28.98007 -29.00772 -29.03869
 -29.07307 -29.11091 -29.15219 -29.19682 -29.24463 -29.29540 -29.34887 -29.40470
 -29.46257 -29.52204 -29.58276 -29.64435 -29.70630 -29.76825 -29.82976 -29.89063
 -29.95007 -30.00787
 -28.98427 -28.99787 -29.01364 -29.03183 -29.05268 -29.07641 -29.10323 -29.13328
 -29.16667 -29.20345 -29.24359 -29.28699 -29.33349 -29.38285 -29.43480 -29.48897
 -29.54501 -29.60249 -29.66097 -29.72009 -29.77927 -29.83811 -29.89617 -29.95320
 -30.00842 -30.06160
 -29.09139 -29.10447 -29.11966 -29.13718 -29.15728 -29.18017 -29.20605 -29.23507
 -29.26732 -29.30286 -29.34165 -29.38357 -29.42847 -29.47607 -29.52609 -29.57814
 -29.63181 -29.68670 -29.74227 -29.79815 -29.85372 -29.90856 -29.96221 -30.01443
 -30.06443 -30.11201
 -29.20353 -29.21604 -29.23057 -29.24735 -29.26660 -29.28853 -29.31334 -29.34115
 -29.37207 -29.40613 -29.44327 -29.48339 -29.52628 -29.57168 -29.61925 -29.66857
 -29.71922 -29.77074 -29.82258 -29.87426 -29.92536 -29.97522 -30.02348 -30.06993
 -30.11379 -30.15498
 -29.31803 -29.32990 -29.34369 -29.35961 -29.37788 -29.39870 -29.42223 -29.44862
 -29.47793 -29.51018 -29.54531 -29.58318 -29.62357 -29.66618 -29.71063 -29.75653
 -29.80336 -29.85066 -29.89786 -29.94447 -29.99007 -30.03404 -30.07606 -30.11576
 -30.15310 -30.18745
 -29.43205 -29.44318 -29.45610 -29.47102 -29.48813 -29.50762 -29.52963 -29.55429
 -29.58164 -29.61169 -29.64433 -29.67942 -29.71669 -29.75584 -29.79644 -29.83808
 -29.88023 -29.92243 -29.96410 -30.00478 -30.04410 -30.08150 -30.11673 -30.14953
 -30.17995 -30.20748
 -29.54244 -29.55269 -29.56459 -29.57832 -29.59405 -29.61194 -29.63213 -29.65470
 -29.67968 -29.70704 -29.73666 -29.76837 -29.80186 -29.83683 -29.87283 -29.90944
 -29.94614 -29.98249 -30.01796 -30.05214 -30.08475 -30.11531 -30.14368 -30.16972
 -30.19355 -30.21478
 -29.64549 -29.65471 -29.66540 -29.67771 -29.69181 -29.70782 -29.72584 -29.74593
 -29.76810 -29.79227 -29.81833 -29.84606 -29.87516 -29.90531 -29.93607 -29.96705
 -29.99777 -30.02785 -30.05682 -30.08437 -30.11030 -30.13426 -30.15620 -30.17607
 -30.19404 -30.20984
 -29.73719 -29.74521 -29.75451 -29.76521 -29.77742 -29.79126 -29.80680 -29.82406
 -29.84302 -29.86360 -29.88565 -29.90897 -29.93325 -29.95819 -29.98340 -30.00852
 -30.03315 -30.05695 -30.07965 -30.10094 -30.12067 -30.13880 -30.15513 -30.16976
 -30.18287 -30.19427
 -29.81365 -29.82037 -29.82814 -29.83706 -29.84723 -29.85871 -29.87155 -29.88576
 -29.90130 -29.91808 -29.93595 -29.95470 -29.97409 -29.99382 -30.01358 -30.03308
 -30.05199 -30.07007 -30.08713 -30.10295 -30.11745 -30.13066 -30.14243 -30.15288
 -30.16206 -30.17021
 -29.87199 -29.87737 -29.88357 -29.89068 -29.89876 -29.90786 -29.91800 -29.92917
 -29.94134 -29.95441 -29.96824 -29.98266 -29.99746 -30.01240 -30.02725 -30.04176
 -30.05573 -30.06896 -30.08133 -30.09270 -30.10305 -30.11240 -30.12067 -30.12796
 -30.13434 -30.13998
 -29.91068 -29.91478 -29.91950 -29.92490 -29.93102 -29.93789 -29.94553 -29.95393
 -29.96302 -29.97275 -29.98300 -29.99362 -30.00446 -30.01533 -30.02607 -30.03648
 -30.04645 -30.05582 -30.06454 -30.07250 -30.07969 -30.08617 -30.09187 -30.09686
 -30.10121 -30.10507
 -29.92991 -29.93289 -29.93632 -29.94023 -29.94466 -29.94963 -29.95514 -29.96117
 -29.96769 -29.97464 -29.98193 -29.98946 -29.99712 -30.00476 -30.01227 -30.01953
 -30.02644 -30.03291 -30.03891 -30.04435 -30.04926 -30.05367 -30.05753 -30.06091
 -30.06384 -30.06644
 -29.93174 -29.93382 -29.93621 -29.93894 -29.94202 -29.94547 -29.94929 -29.95347
 -29.95798 -29.96278 -29.96780 -29.97297 -29.97822 -29.98344 -29.98856 -29.99350
 -29.99819 -30.00256 -30.00660 -30.01028 -30.01358 -30.01654 -30.01913 -30.02138
 -30.02334 -30.02509
 -29.91936 -29.92076 -29.92237 -29.92421 -29.92629 -29.92861 -29.93118 -29.93399
 -29.93702 -29.94024 -29.94361 -29.94708 -29.95060 -29.95409 -29.95752 -29.96081
 -29.96395 -29.96686 -29.96955 -29.97200 -29.97419 -29.97614 -29.97788 -29.97938
 -29.98068 -29.98184
 -29.89623 -29.89716 -29.89822 -29.89942 -29.90079 -29.90232 -29.90401 -29.90586
 -29.90785 -29.90997 -29.91219 -29.91448 -29.91679 -29.91910 -29.92136 -29.92353
 -29.92560 -29.92752 -29.92929 -29.93091 -29.93236 -29.93365 -29.93480 -29.93579
 -29.93664 -29.93738
 -29.86522 -29.86581 -29.86649 -29.86727 -29.86816 -29.86914 -29.87024 -29.87144
 -29.87273 -29.87410 -29.87555 -29.87703 -29.87854 -29.88004 -29.88151 -29.88294
 -29.88428 -29.88555 -29.88671 -29.88777 -29.88872 -29.88957 -29.89033 -29.89098
 -29.89154 -29.89203
 -29.82849 -29.82886 -29.82930 -29.82979 -29.83036 -29.83099 -29.83169 -29.83245
 -29.83328 -29.83416 -29.83509 -29.83605 -29.83702 -29.83799 -29.83895 -29.83987
 -29.84074 -29.84157 -29.84232 -29.84302 -29.84364 -29.84419 -29.84469 -29.84512
 -29.84549 -29.84581
 -29.78776 -29.78800 -29.78827 -29.78859 -29.78894 -29.78934 -29.78978 -29.79027
 -29.79080 -29.79136 -29.79195 -29.79256 -29.79319 -29.79381 -29.79442 -29.79502
 -29.79559 -29.79612 -29.79661 -29.79706 -29.79747 -29.79783 -29.79816 -29.79843
 -29.79867 -29.79888
 -29.74433 -29.74448 -29.74465 -29.74484 -29.74507 -29.74532 -29.74560 -29.74590
 -29.74624 -29.74659 -29.74697 -29.74736 -29.74775 -29.74815 -29.74855 -29.74893
 -29.74930 -29.74964 -29.74996 -29.75025 -29.75051 -29.75075 -29.75096 -29.75114
 -29.75130 -29.75144
 -29.69915 -29.69925 -29.69935 -29.69948 -29.69962 -29.69977 -29.69995 -29.70014
 -29.70035 -29.70057 -29.70081 -29.70106 -29.70131 -29.70157 -29.70182 -29.70206
 -29.70230 -29.70252 -29.70273 -29.70291 -29.70309 -29.70324 -29.70337 -29.70350
 -29.70360 -29.70369
 -29.65272 -29.65278 -29.65284 -29.65292 -29.65301 -29.65310 -29.65321 -29.65333
 -29.65347 -29.65361 -29.65376 -29.65391 -29.65407 -29.65424 -29.65440 -29.65455
 -29.65470 -29.65485 -29.65498 -29.65510 -29.65521 -29.65531 -29.65540 -29.65548
 -29.65555 -29.65561
 -29.60561 -29.60565 -29.60569 -29.60574 -29.60579 -29.60585 -29.60592 -29.60600
 -29.60608 -29.60617 -29.60626 -29.60636 -29.60646 -29.60656 -29.60667 -29.60677
 -29.60686 -29.60695 -29.60704 -29.60712 -29.60719 -29.60726 -29.60731 -29.60737
 -29.60741 -29.60745
 -29.55802 -29.55805 -29.55807 -29.55810 -29.55813 -29.55817 -29.55821 -29.55826
 -29.55831 -29.55837 -29.55843 -29.55849 -29.55856 -29.55862 -29.55869 -29.55875
 -29.55881 -29.55887 -29.55893 -29.55898 -29.55902 -29.55907 -29.55910 -29.55914
 -29.55917 -29.55919
 -29.51007 -29.51008 -29.51010 -29.51012 -29.51014 -29.51016 -29.51019 -29.51022
 -29.51025 -29.51028 -29.51032 -29.51036 -29.51040 -29.51044 -29.51048 -29.51052
 -29.51056 -29.51060 -29.51064 -29.51067 -29.51070 -29.51073 -29.51075 -29.51077
 -29.51079 -29.51081
 -29.46185 -29.46186 -29.46187 -29.46188 -29.46189 -29.46191 -29.46192 -29.46194
 -29.46196 -29.46198 -29.46201 -29.46203 -29.46206 -29.46208 -29.46211 -29.46213
 -29.46216 -29.46218 -29.46221 -29.46223 -29.46225 -29.46227 -29.46228 -29.46229
 -29.46231 -29.46232
 -29.41344 -29.41344 -29.41345 -29.41346 -29.41346 -29.41347 -29.41348 -29.41350
 -29.41351 -29.41352 -29.41354 -29.41355 -29.41357 -29.41358 -29.41360 -29.41362
 -29.41363 -29.41365 -29.41366 -29.41368 -29.41369 -29.41370 -29.41371 -29.41372
 -29.41373 -29.41374
 --------------------/ IPRT= 1  / IGRD= 1  /PRB CALC/ Z1= 2   / DATE= 07.11.02
 -29.21733 -29.21744 -29.21751 -29.21759 -29.21781 -29.21795 -29.21812 -29.21834
 -29.21834 -29.21862 -29.21898 -29.21946 -29.21946 -29.22012 -29.22107 -29.22107
 -29.22248 -29.22248 -29.22248 -29.22473 -29.22473 -29.22473 -29.22864 -29.22864
 -29.22864 -29.22864
 -29.26594 -29.26605 -29.26612 -29.26620 -29.26630 -29.26642 -29.26673 -29.26673
 -29.26695 -29.26723 -29.26759 -29.26807 -29.26807 -29.26873 -29.26873 -29.26966
 -29.26966 -29.27107 -29.27107 -29.27331 -29.27331 -29.27331 -29.27721 -29.27721
 -29.27721 -29.27721
 -29.31418 -29.31423 -29.31436 -29.31444 -29.31454 -29.31465 -29.31479 -29.31497
 -29.31519 -29.31546 -29.31582 -29.31582 -29.31630 -29.31695 -29.31695 -29.31789
 -29.31789 -29.31929 -29.31929 -29.32152 -29.32152 -29.32152 -29.32541 -29.32541
 -29.32541 -29.32541
 -29.36190 -29.36199 -29.36205 -29.36220 -29.36230 -29.36242 -29.36256 -29.36273
 -29.36294 -29.36322 -29.36358 -29.36358 -29.36405 -29.36470 -29.36470 -29.36563
 -29.36563 -29.36703 -29.36703 -29.36925 -29.36925 -29.36925 -29.37311 -29.37311
 -29.37311 -29.37311
 -29.40906 -29.40915 -29.40921 -29.40936 -29.40946 -29.40957 -29.40971 -29.40988
 -29.41010 -29.41037 -29.41073 -29.41073 -29.41120 -29.41185 -29.41185 -29.41277
 -29.41277 -29.41415 -29.41415 -29.41415 -29.41636 -29.41636 -29.41636 -29.42020
 -29.42020 -29.42020
 -29.45545 -29.45549 -29.45560 -29.45567 -29.45584 -29.45596 -29.45610 -29.45627
 -29.45648 -29.45675 -29.45675 -29.45710 -29.45757 -29.45757 -29.45821 -29.45913
 -29.45913 -29.46050 -29.46050 -29.46050 -29.46269 -29.46269 -29.46269 -29.46650
 -29.46650 -29.46650
 -29.50085 -29.50089 -29.50100 -29.50107 -29.50114 -29.50135 -29.50149 -29.50166
 -29.50187 -29.50187 -29.50213 -29.50248 -29.50294 -29.50294 -29.50358 -29.50358
 -29.50449 -29.50449 -29.50585 -29.50585 -29.50801 -29.50801 -29.50801 -29.51178
 -29.51178 -29.51178
 -29.54495 -29.54499 -29.54504 -29.54517 -29.54524 -29.54534 -29.54545 -29.54558
 -29.54575 -29.54596 -29.54622 -29.54657 -29.54703 -29.54703 -29.54766 -29.54766
 -29.54855 -29.54856 -29.54990 -29.54990 -29.55203 -29.55204 -29.55204 -29.55575
 -29.55575 -29.55576
 -29.58652 -29.58657 -29.58663 -29.58676 -29.58685 -29.58696 -29.58708 -29.58723
 -29.58742 -29.58765 -29.58794 -29.58830 -29.58834 -29.58883 -29.58948 -29.58953
 -29.59045 -29.59049 -29.59186 -29.59190 -29.59404 -29.59409 -29.59413 -29.59781
 -29.59785 -29.59788
 -29.61399 -29.61410 -29.61431 -29.61452 -29.61483 -29.61512 -29.61547 -29.61587
 -29.61635 -29.61691 -29.61757 -29.61835 -29.61886 -29.61984 -29.62103 -29.62166
 -29.62317 -29.62385 -29.62581 -29.62649 -29.62716 -29.62983 -29.63044 -29.63455
 -29.63507 -29.63555
 -29.56161 -29.56231 -29.56321 -29.56423 -29.56543 -29.56692 -29.56858 -29.57052
 -29.57276 -29.57535 -29.57831 -29.58142 -29.58515 -29.58932 -29.59397 -29.59842
 -29.60385 -29.60874 -29.61485 -29.61990 -29.62489 -29.63157 -29.63623 -29.64063
 -29.64796 -29.65173
 -29.32537 -29.32721 -29.32940 -29.33203 -29.33511 -29.33875 -29.34307 -29.34809
 -29.35394 -29.36072 -29.36853 -29.37732 -29.38742 -29.39879 -29.41119 -29.42507
 -29.44024 -29.45597 -29.47324 -29.49043 -29.50798 -29.52687 -29.54433 -29.56132
 -29.58006 -29.59550
 -28.97708 -28.97961 -28.98263 -28.98623 -28.99049 -28.99554 -29.00149 -29.00853
 -29.01675 -29.02635 -29.03744 -29.05029 -29.06503 -29.08180 -29.10061 -29.12176
 -29.14501 -29.17065 -29.19814 -29.22786 -29.25883 -29.29170 -29.32480 -29.35830
 -29.39317 -29.42619
 -28.65624 -28.65898 -28.66225 -28.66614 -28.67076 -28.67625 -28.68273 -28.69039
 -28.69938 -28.70991 -28.72218 -28.73640 -28.75280 -28.77157 -28.79286 -28.81691
 -28.84372 -28.87348 -28.90601 -28.94144 -28.97929 -29.01977 -29.06194 -29.10570
 -29.15132 -29.19693
 -28.40960 -28.41236 -28.41565 -28.41957 -28.42423 -28.42977 -28.43632 -28.44406
 -28.45317 -28.46385 -28.47633 -28.49082 -28.50757 -28.52678 -28.54871 -28.57354
 -28.60139 -28.63243 -28.66661 -28.70404 -28.74444 -28.78789 -28.83381 -28.88204
 -28.93259 -28.98429
 -28.23704 -28.23975 -28.24299 -28.24685 -28.25144 -28.25690 -28.26336 -28.27100
 -28.28000 -28.29056 -28.30291 -28.31728 -28.33391 -28.35304 -28.37491 -28.39973
 -28.42766 -28.45887 -28.49338 -28.53129 -28.57243 -28.61671 -28.66405 -28.71397
 -28.76624 -28.82077
 -28.12776 -28.13041 -28.13357 -28.13733 -28.14182 -28.14714 -28.15346 -28.16093
 -28.16973 -28.18008 -28.19219 -28.20629 -28.22263 -28.24145 -28.26301 -28.28751
 -28.31515 -28.34610 -28.38041 -28.41817 -28.45929 -28.50369 -28.55128 -28.60168
 -28.65466 -28.71008
 -28.07024 -28.07281 -28.07588 -28.07954 -28.08390 -28.08908 -28.09523 -28.10250
 -28.11108 -28.12117 -28.13298 -28.14675 -28.16273 -28.18117 -28.20230 -28.22635
 -28.25354 -28.28402 -28.31788 -28.35520 -28.39599 -28.44009 -28.48746 -28.53776
 -28.59077 -28.64633
 -28.05437 -28.05686 -28.05984 -28.06339 -28.06762 -28.07265 -28.07861 -28.08568
 -28.09402 -28.10383 -28.11532 -28.12874 -28.14432 -28.16232 -28.18297 -28.20651
 -28.23315 -28.26306 -28.29637 -28.33312 -28.37335 -28.41694 -28.46382 -28.51371
 -28.56638 -28.62165
 -28.07175 -28.07417 -28.07705 -28.08049 -28.08458 -28.08945 -28.09524 -28.10209
 -28.11018 -28.11970 -28.13087 -28.14392 -28.15908 -28.17661 -28.19674 -28.21973
 -28.24578 -28.27505 -28.30771 -28.34379 -28.38335 -28.42627 -28.47250 -28.52176
 -28.57383 -28.62853
 -28.11553 -28.11786 -28.12064 -28.12397 -28.12793 -28.13264 -28.13824 -28.14487
 -28.15271 -28.16194 -28.17277 -28.18543 -28.20016 -28.21720 -28.23680 -28.25920
 -28.28460 -28.31319 -28.34513 -28.38045 -28.41923 -28.46136 -28.50679 -28.55524
 -28.60650 -28.66038
 -28.18008 -28.18233 -28.18502 -28.18823 -28.19205 -28.19661 -28.20201 -28.20842
 -28.21600 -28.22493 -28.23541 -28.24768 -28.26195 -28.27848 -28.29751 -28.31928
 -28.34400 -28.37185 -28.40299 -28.43747 -28.47537 -28.51657 -28.56099 -28.60849
 -28.65872 -28.71141
 -28.26080 -28.26296 -28.26555 -28.26864 -28.27232 -28.27671 -28.28192 -28.28810
 -28.29541 -28.30403 -28.31415 -28.32600 -28.33980 -28.35579 -28.37422 -28.39531
 -28.41928 -28.44632 -28.47657 -28.51011 -28.54699 -28.58711 -28.63038 -28.67666
 -28.72559 -28.77690
 -28.35379 -28.35587 -28.35836 -28.36132 -28.36486 -28.36907 -28.37408 -28.38002
 -28.38705 -28.39533 -28.40507 -28.41648 -28.42977 -28.44518 -28.46295 -28.48331
 -28.50646 -28.53259 -28.56183 -28.59429 -28.62996 -28.66882 -28.71071 -28.75549
 -28.80280 -28.85234
 -28.45571 -28.45770 -28.46007 -28.46291 -28.46629 -28.47032 -28.47511 -28.48079
 -28.48751 -28.49544 -28.50477 -28.51569 -28.52843 -28.54320 -28.56025 -28.57978
 -28.60200 -28.62710 -28.65519 -28.68638 -28.72064 -28.75797 -28.79816 -28.84109
 -28.88636 -28.93366
 -28.56347 -28.56536 -28.56761 -28.57030 -28.57352 -28.57734 -28.58189 -28.58729
 -28.59368 -28.60122 -28.61008 -28.62047 -28.63258 -28.64664 -28.66286 -28.68145
 -28.70261 -28.72650 -28.75324 -28.78291 -28.81549 -28.85094 -28.88905 -28.92968
 -28.97240 -29.01688
 -28.67406 -28.67584 -28.67796 -28.68049 -28.68351 -28.68711 -28.69139 -28.69647
 -28.70248 -28.70958 -28.71792 -28.72770 -28.73911 -28.75234 -28.76761 -28.78510
 -28.80500 -28.82747 -28.85259 -28.88044 -28.91097 -28.94413 -28.97968 -29.01740
 -29.05703 -29.09802
 -28.78440 -28.78605 -28.78802 -28.79037 -28.79317 -28.79652 -28.80049 -28.80521
 -28.81079 -28.81737 -28.82512 -28.83419 -28.84477 -28.85704 -28.87119 -28.88739
 -28.90582 -28.92657 -28.94977 -28.97544 -29.00350 -29.03389 -29.06636 -29.10064
 -29.13647 -29.17329
 -28.89112 -28.89262 -28.89441 -28.89656 -28.89911 -28.90216 -28.90578 -28.91007
 -28.91516 -28.92115 -28.92820 -28.93645 -28.94607 -28.95722 -28.97006 -28.98476
 -29.00144 -29.02020 -29.04112 -29.06420 -29.08935 -29.11648 -29.14531 -29.17558
 -29.20702 -29.23906
 -28.99032 -28.99166 -28.99325 -28.99515 -28.99742 -29.00013 -29.00334 -29.00716
 -29.01167 -29.01698 -29.02323 -29.03054 -29.03905 -29.04890 -29.06024 -29.07319
 -29.08786 -29.10431 -29.12261 -29.14270 -29.16454 -29.18792 -29.21270 -29.23849
 -29.26509 -29.29194
 -29.07803 -29.07918 -29.08055 -29.08218 -29.08413 -29.08646 -29.08922 -29.09249
 -29.09636 -29.10092 -29.10627 -29.11253 -29.11980 -29.12821 -29.13787 -29.14888
 -29.16131 -29.17523 -29.19065 -29.20750 -29.22573 -29.24513 -29.26557 -29.28668
 -29.30828 -29.32987
 -29.15060 -29.15155 -29.15268 -29.15403 -29.15564 -29.15756 -29.15984 -29.16254
 -29.16573 -29.16948 -29.17388 -29.17902 -29.18499 -29.19188 -29.19978 -29.20876
 -29.21886 -29.23015 -29.24260 -29.25614 -29.27072 -29.28615 -29.30230 -29.31885
 -29.33568 -29.35234
 -29.20522 -29.20596 -29.20686 -29.20793 -29.20920 -29.21071 -29.21251 -29.21463
 -29.21715 -29.22010 -29.22356 -29.22760 -29.23228 -29.23767 -29.24384 -29.25084
 -29.25869 -29.26744 -29.27705 -29.28746 -29.29862 -29.31036 -29.32259 -29.33504
 -29.34755 -29.35999
 -29.24083 -29.24139 -29.24206 -29.24287 -29.24382 -29.24496 -29.24631 -29.24792
 -29.24980 -29.25202 -29.25462 -29.25765 -29.26115 -29.26518 -29.26979 -29.27500
 -29.28084 -29.28733 -29.29442 -29.30211 -29.31031 -29.31889 -29.32780 -29.33681
 -29.34583 -29.35476
 -29.25784 -29.25824 -29.25873 -29.25931 -29.26000 -29.26082 -29.26179 -29.26294
 -29.26430 -29.26589 -29.26776 -29.26993 -29.27244 -29.27533 -29.27862 -29.28235
 -29.28652 -29.29114 -29.29618 -29.30163 -29.30741 -29.31349 -29.31972 -29.32608
 -29.33238 -29.33861
 -29.25838 -29.25866 -29.25899 -29.25939 -29.25987 -29.26044 -29.26111 -29.26191
 -29.26285 -29.26395 -29.26524 -29.26674 -29.26847 -29.27047 -29.27274 -29.27531
 -29.27818 -29.28136 -29.28483 -29.28857 -29.29254 -29.29670 -29.30097 -29.30531
 -29.30961 -29.31385
 -29.24559 -29.24578 -29.24601 -29.24628 -29.24660 -29.24697 -29.24743 -29.24796
 -29.24859 -29.24933 -29.25019 -29.25120 -29.25236 -29.25370 -29.25522 -29.25694
 -29.25887 -29.26099 -29.26332 -29.26583 -29.26849 -29.27128 -29.27413 -29.27705
 -29.27992 -29.28277
 -29.22297 -29.22310 -29.22324 -29.22342 -29.22363 -29.22388 -29.22417 -29.22452
 -29.22493 -29.22542 -29.22598 -29.22664 -29.22741 -29.22828 -29.22928 -29.23041
 -29.23168 -29.23308 -29.23461 -29.23626 -29.23801 -29.23985 -29.24173 -29.24366
 -29.24556 -29.24741
 -29.19309 -29.19317 -29.19326 -29.19337 -29.19351 -29.19367 -29.19386 -29.19408
 -29.19435 -29.19466 -29.19502 -29.19545 -29.19594 -29.19651 -29.19715 -29.19789
 -29.19870 -29.19961 -29.20060 -29.20168 -29.20282 -29.20402 -29.20524 -29.20650
 -29.20774 -29.20896
 -29.15775 -29.15780 -29.15786 -29.15793 -29.15801 -29.15812 -29.15824 -29.15838
 -29.15855 -29.15875 -29.15898 -29.15925 -29.15956 -29.15993 -29.16034 -29.16081
 -29.16133 -29.16191 -29.16255 -29.16323 -29.16397 -29.16475 -29.16554 -29.16636
 -29.16716 -29.16795
 -29.11852 -29.11856 -29.11859 -29.11864 -29.11869 -29.11876 -29.11883 -29.11892
 -29.11903 -29.11915 -29.11930 -29.11947 -29.11967 -29.11990 -29.12016 -29.12045
 -29.12079 -29.12116 -29.12156 -29.12200 -29.12247 -29.12296 -29.12348 -29.12400
 -29.12453 -29.12504
 -29.07666 -29.07668 -29.07671 -29.07673 -29.07677 -29.07681 -29.07685 -29.07691
 -29.07698 -29.07706 -29.07715 -29.07725 -29.07738 -29.07752 -29.07769 -29.07787
 -29.07808 -29.07832 -29.07858 -29.07885 -29.07916 -29.07947 -29.07980 -29.08013
 -29.08047 -29.08080
 -29.03315 -29.03316 -29.03318 -29.03320 -29.03322 -29.03324 -29.03327 -29.03331
 -29.03335 -29.03340 -29.03345 -29.03352 -29.03360 -29.03369 -29.03379 -29.03391
 -29.03404 -29.03419 -29.03435 -29.03453 -29.03472 -29.03492 -29.03513 -29.03534
 -29.03556 -29.03577
 -28.98840 -28.98841 -28.98842 -28.98843 -28.98844 -28.98845 -28.98847 -28.98849
 -28.98852 -28.98855 -28.98859 -28.98863 -28.98868 -28.98873 -28.98880 -28.98887
 -28.98895 -28.98905 -28.98915 -28.98926 -28.98938 -28.98951 -28.98964 -28.98978
 -28.98992 -28.99005
 -28.94260 -28.94260 -28.94261 -28.94261 -28.94262 -28.94263 -28.94264 -28.94266
 -28.94267 -28.94269 -28.94271 -28.94274 -28.94277 -28.94281 -28.94285 -28.94289
 -28.94294 -28.94300 -28.94307 -28.94314 -28.94321 -28.94329 -28.94338 -28.94346
 -28.94356 -28.94364
 -28.89597 -28.89597 -28.89597 -28.89598 -28.89598 -28.89599 -28.89600 -28.89600
 -28.89601 -28.89603 -28.89604 -28.89606 -28.89607 -28.89610 -28.89612 -28.89615
 -28.89618 -28.89622 -28.89626 -28.89630 -28.89635 -28.89640 -28.89646 -28.89651
 -28.89657 -28.89663
 -28.84873 -28.84873 -28.84874 -28.84874 -28.84874 -28.84874 -28.84875 -28.84875
 -28.84876 -28.84877 -28.84878 -28.84879 -28.84880 -28.84881 -28.84883 -28.84884
 -28.84886 -28.84889 -28.84891 -28.84894 -28.84897 -28.84900 -28.84904 -28.84907
 -28.84911 -28.84915
 -28.80114 -28.80114 -28.80114 -28.80114 -28.80114 -28.80114 -28.80115 -28.80115
 -28.80115 -28.80116 -28.80116 -28.80117 -28.80118 -28.80119 -28.80120 -28.80121
 -28.80122 -28.80123 -28.80125 -28.80127 -28.80129 -28.80131 -28.80133 -28.80135
 -28.80137 -28.80140
 --------------------/ IPRT= 1  / IGRD= 1  /PRB CALC/ Z1= 3   / DATE= 07.11.02
 -28.38921 -28.38921 -28.38921 -28.38921 -28.38929 -28.38933 -28.38938 -28.38952
 -28.38961 -28.38971 -28.38984 -28.39001 -28.39022 -28.39022 -28.39049 -28.39085
 -28.39135 -28.39135 -28.39205 -28.39205 -28.39311 -28.39311 -28.39311 -28.39480
 -28.39480 -28.39480
 -28.43876 -28.43876 -28.43876 -28.43876 -28.43879 -28.43887 -28.43893 -28.43899
 -28.43915 -28.43926 -28.43939 -28.43955 -28.43976 -28.43976 -28.44003 -28.44039
 -28.44039 -28.44089 -28.44159 -28.44159 -28.44265 -28.44265 -28.44265 -28.44434
 -28.44434 -28.44434
 -28.48818 -28.48818 -28.48818 -28.48818 -28.48821 -28.48830 -28.48835 -28.48841
 -28.48849 -28.48868 -28.48881 -28.48897 -28.48897 -28.48918 -28.48945 -28.48981
 -28.48981 -28.49031 -28.49031 -28.49101 -28.49101 -28.49207 -28.49207 -28.49375
 -28.49375 -28.49375
 -28.53745 -28.53745 -28.53745 -28.53745 -28.53749 -28.53753 -28.53762 -28.53768
 -28.53776 -28.53784 -28.53795 -28.53808 -28.53825 -28.53845 -28.53872 -28.53908
 -28.53908 -28.53958 -28.53958 -28.54028 -28.54028 -28.54134 -28.54134 -28.54302
 -28.54302 -28.54302
 -28.58653 -28.58653 -28.58653 -28.58653 -28.58656 -28.58660 -28.58670 -28.58676
 -28.58683 -28.58692 -28.58703 -28.58716 -28.58732 -28.58753 -28.58780 -28.58780
 -28.58816 -28.58865 -28.58865 -28.58936 -28.58936 -28.59041 -28.59041 -28.59208
 -28.59208 -28.59208
 -28.63536 -28.63536 -28.63536 -28.63536 -28.63536 -28.63544 -28.63548 -28.63559
 -28.63567 -28.63575 -28.63586 -28.63599 -28.63615 -28.63636 -28.63663 -28.63663
 -28.63699 -28.63748 -28.63748 -28.63818 -28.63818 -28.63923 -28.63923 -28.63923
 -28.64090 -28.64090
 -28.68388 -28.68388 -28.68388 -28.68388 -28.68388 -28.68395 -28.68400 -28.68405
 -28.68418 -28.68427 -28.68438 -28.68451 -28.68467 -28.68487 -28.68487 -28.68514
 -28.68550 -28.68550 -28.68599 -28.68669 -28.68669 -28.68773 -28.68773 -28.68773
 -28.68940 -28.68940
 -28.73200 -28.73200 -28.73200 -28.73200 -28.73200 -28.73203 -28.73211 -28.73217
 -28.73223 -28.73239 -28.73249 -28.73262 -28.73278 -28.73278 -28.73299 -28.73325
 -28.73361 -28.73361 -28.73410 -28.73479 -28.73479 -28.73479 -28.73583 -28.73583
 -28.73749 -28.73749
 -28.77960 -28.77960 -28.77960 -28.77960 -28.77960 -28.77963 -28.77972 -28.77977
 -28.77983 -28.77990 -28.77999 -28.78009 -28.78022 -28.78038 -28.78058 -28.78085
 -28.78120 -28.78120 -28.78169 -28.78169 -28.78238 -28.78238 -28.78342 -28.78342
 -28.78506 -28.78506
 -28.82654 -28.82654 -28.82654 -28.82654 -28.82654 -28.82658 -28.82661 -28.82671
 -28.82677 -28.82684 -28.82693 -28.82703 -28.82716 -28.82732 -28.82752 -28.82778
 -28.82778 -28.82813 -28.82862 -28.82862 -28.82930 -28.82930 -28.83033 -28.83033
 -28.83197 -28.83197
 -28.87264 -28.87264 -28.87264 -28.87264 -28.87264 -28.87264 -28.87271 -28.87275
 -28.87286 -28.87293 -28.87302 -28.87312 -28.87325 -28.87341 -28.87361 -28.87387
 -28.87387 -28.87422 -28.87469 -28.87469 -28.87537 -28.87537 -28.87639 -28.87639
 -28.87801 -28.87801
 -28.91764 -28.91764 -28.91764 -28.91764 -28.91764 -28.91764 -28.91771 -28.91775
 -28.91780 -28.91793 -28.91801 -28.91811 -28.91824 -28.91840 -28.91859 -28.91885
 -28.91885 -28.91920 -28.91967 -28.91967 -28.92034 -28.92034 -28.92135 -28.92135
 -28.92135 -28.92295
 -28.96129 -28.96129 -28.96129 -28.96129 -28.96129 -28.96129 -28.96132 -28.96140
 -28.96145 -28.96158 -28.96166 -28.96176 -28.96188 -28.96204 -28.96223 -28.96223
 -28.96249 -28.96282 -28.96282 -28.96329 -28.96395 -28.96395 -28.96495 -28.96495
 -28.96495 -28.96653
 -29.00351 -29.00351 -29.00351 -29.00351 -29.00351 -29.00351 -29.00354 -29.00362
 -29.00366 -29.00372 -29.00379 -29.00397 -29.00409 -29.00424 -29.00424 -29.00443
 -29.00468 -29.00501 -29.00501 -29.00547 -29.00547 -29.00612 -29.00612 -29.00710
 -29.00710 -29.00865
 -29.04380 -29.04380 -29.04380 -29.04380 -29.04380 -29.04380 -29.04383 -29.04386
 -29.04395 -29.04400 -29.04407 -29.04415 -29.04425 -29.04436 -29.04451 -29.04470
 -29.04495 -29.04527 -29.04527 -29.04572 -29.04572 -29.04635 -29.04635 -29.04731
 -29.04731 -29.04882
 -29.08174 -29.08174 -29.08174 -29.08174 -29.08174 -29.08174 -29.08177 -29.08180
 -29.08189 -29.08194 -29.08201 -29.08208 -29.08218 -29.08229 -29.08244 -29.08262
 -29.08286 -29.08286 -29.08317 -29.08361 -29.08361 -29.08423 -29.08423 -29.08516
 -29.08516 -29.08663
 -29.11686 -29.11686 -29.11686 -29.11686 -29.11686 -29.11686 -29.11686 -29.11693
 -29.11696 -29.11706 -29.11712 -29.11720 -29.11729 -29.11740 -29.11754 -29.11772
 -29.11795 -29.11795 -29.11825 -29.11867 -29.11867 -29.11927 -29.11927 -29.12016
 -29.12016 -29.12016
 -29.14866 -29.14866 -29.14866 -29.14866 -29.14866 -29.14866 -29.14866 -29.14872
 -29.14875 -29.14880 -29.14891 -29.14898 -29.14906 -29.14917 -29.14930 -29.14947
 -29.14947 -29.14969 -29.14999 -29.14999 -29.15039 -29.15096 -29.15096 -29.15182
 -29.15182 -29.15182
 -29.17663 -29.17663 -29.17663 -29.17663 -29.17663 -29.17663 -29.17663 -29.17665
 -29.17672 -29.17676 -29.17681 -29.17693 -29.17701 -29.17711 -29.17724 -29.17740
 -29.17740 -29.17761 -29.17789 -29.17789 -29.17827 -29.17882 -29.17882 -29.17963
 -29.17963 -29.17963
 -29.20020 -29.20020 -29.20020 -29.20020 -29.20020 -29.20020 -29.20020 -29.20023
 -29.20029 -29.20033 -29.20037 -29.20042 -29.20057 -29.20066 -29.20066 -29.20078
 -29.20093 -29.20113 -29.20139 -29.20139 -29.20175 -29.20175 -29.20226 -29.20226
 -29.20303 -29.20303
 -29.21912 -29.21912 -29.21912 -29.21912 -29.21912 -29.21912 -29.21912 -29.21914
 -29.21917 -29.21924 -29.21928 -29.21933 -29.21939 -29.21946 -29.21955 -29.21966
 -29.21980 -29.21998 -29.22023 -29.22023 -29.22056 -29.22056 -29.22104 -29.22104
 -29.22175 -29.22175
 -29.23306 -29.23306 -29.23306 -29.23306 -29.23306 -29.23306 -29.23306 -29.23306
 -29.23310 -29.23313 -29.23320 -29.23325 -29.23330 -29.23337 -29.23345 -29.23355
 -29.23368 -29.23385 -29.23385 -29.23408 -29.23439 -29.23439 -29.23482 -29.23482
 -29.23548 -29.23548
 -29.24171 -29.24171 -29.24171 -29.24171 -29.24171 -29.24171 -29.24171 -29.24171
 -29.24175 -29.24177 -29.24184 -29.24188 -29.24193 -29.24199 -29.24207 -29.24216
 -29.24228 -29.24243 -29.24243 -29.24263 -29.24291 -29.24291 -29.24331 -29.24331
 -29.24391 -29.24391
 -29.24487 -29.24487 -29.24487 -29.24487 -29.24487 -29.24487 -29.24487 -29.24487
 -29.24489 -29.24493 -29.24495 -29.24502 -29.24507 -29.24512 -29.24519 -29.24527
 -29.24538 -29.24538 -29.24552 -29.24570 -29.24570 -29.24595 -29.24631 -29.24631
 -29.24684 -29.24684
 -29.24260 -29.24260 -29.24260 -29.24260 -29.24260 -29.24260 -29.24260 -29.24260
 -29.24262 -29.24266 -29.24268 -29.24271 -29.24278 -29.24283 -29.24289 -29.24296
 -29.24296 -29.24306 -29.24318 -29.24334 -29.24334 -29.24356 -29.24356 -29.24388
 -29.24388 -29.24436
 -29.23485 -29.23485 -29.23485 -29.23485 -29.23485 -29.23485 -29.23485 -29.23485
 -29.23486 -29.23488 -29.23492 -29.23494 -29.23497 -29.23500 -29.23505 -29.23510
 -29.23516 -29.23525 -29.23535 -29.23549 -29.23549 -29.23569 -29.23569 -29.23597
 -29.23597 -29.23638
 -29.22184 -29.22184 -29.22184 -29.22184 -29.22184 -29.22184 -29.22184 -29.22184
 -29.22185 -29.22187 -29.22190 -29.22192 -29.22195 -29.22198 -29.22201 -29.22206
 -29.22211 -29.22218 -29.22228 -29.22228 -29.22240 -29.22257 -29.22257 -29.22281
 -29.22281 -29.22317
 -29.20410 -29.20410 -29.20410 -29.20410 -29.20410 -29.20410 -29.20410 -29.20410
 -29.20410 -29.20412 -29.20414 -29.20417 -29.20419 -29.20422 -29.20425 -29.20429
 -29.20433 -29.20439 -29.20447 -29.20447 -29.20458 -29.20472 -29.20472 -29.20493
 -29.20493 -29.20524
 -29.18245 -29.18245 -29.18245 -29.18245 -29.18245 -29.18245 -29.18245 -29.18245
 -29.18245 -29.18246 -29.18248 -29.18249 -29.18252 -29.18254 -29.18257 -29.18260
 -29.18264 -29.18269 -29.18269 -29.18276 -29.18285 -29.18297 -29.18297 -29.18315
 -29.18315 -29.18341
 -29.15729 -29.15729 -29.15729 -29.15729 -29.15729 -29.15729 -29.15729 -29.15729
 -29.15729 -29.15729 -29.15731 -29.15732 -29.15733 -29.15737 -29.15739 -29.15742
 -29.15745 -29.15749 -29.15749 -29.15755 -29.15763 -29.15763 -29.15773 -29.15787
 -29.15787 -29.15809
 -29.12948 -29.12948 -29.12948 -29.12948 -29.12948 -29.12948 -29.12948 -29.12948
 -29.12948 -29.12949 -29.12950 -29.12951 -29.12952 -29.12953 -29.12957 -29.12959
 -29.12962 -29.12962 -29.12965 -29.12970 -29.12976 -29.12976 -29.12985 -29.12985
 -29.12997 -29.12997
 -29.09963 -29.09963 -29.09963 -29.09963 -29.09963 -29.09963 -29.09963 -29.09963
 -29.09963 -29.09964 -29.09964 -29.09966 -29.09967 -29.09968 -29.09969 -29.09971
 -29.09972 -29.09975 -29.09978 -29.09982 -29.09987 -29.09987 -29.09994 -29.09994
 -29.10004 -29.10004
 -29.06794 -29.06794 -29.06794 -29.06794 -29.06794 -29.06794 -29.06794 -29.06794
 -29.06794 -29.06795 -29.06795 -29.06796 -29.06797 -29.06798 -29.06799 -29.06800
 -29.06802 -29.06804 -29.06806 -29.06810 -29.06810 -29.06814 -29.06820 -29.06820
 -29.06828 -29.06828
 -29.03377 -29.03377 -29.03377 -29.03377 -29.03377 -29.03377 -29.03377 -29.03377
 -29.03377 -29.03377 -29.03378 -29.03378 -29.03379 -29.03380 -29.03381 -29.03382
 -29.03383 -29.03385 -29.03387 -29.03390 -29.03390 -29.03393 -29.03398 -29.03398
 -29.03405 -29.03405
 -28.99798 -28.99798 -28.99798 -28.99798 -28.99798 -28.99798 -28.99798 -28.99798
 -28.99798 -28.99798 -28.99799 -28.99799 -28.99800 -28.99801 -28.99801 -28.99802
 -28.99803 -28.99805 -28.99806 -28.99806 -28.99809 -28.99812 -28.99812 -28.99816
 -28.99821 -28.99821
 -28.96065 -28.96065 -28.96065 -28.96065 -28.96065 -28.96065 -28.96065 -28.96065
 -28.96065 -28.96065 -28.96066 -28.96066 -28.96067 -28.96067 -28.96068 -28.96069
 -28.96070 -28.96071 -28.96071 -28.96072 -28.96074 -28.96076 -28.96076 -28.96080
 -28.96084 -28.96084
 -28.92203 -28.92203 -28.92203 -28.92203 -28.92203 -28.92203 -28.92203 -28.92203
 -28.92203 -28.92203 -28.92203 -28.92203 -28.92204 -28.92204 -28.92204 -28.92205
 -28.92205 -28.92206 -28.92207 -28.92208 -28.92210 -28.92212 -28.92212 -28.92214
 -28.92214 -28.92218
 -28.88225 -28.88225 -28.88225 -28.88225 -28.88225 -28.88225 -28.88225 -28.88225
 -28.88225 -28.88225 -28.88225 -28.88225 -28.88226 -28.88226 -28.88226 -28.88227
 -28.88227 -28.88228 -28.88229 -28.88230 -28.88231 -28.88231 -28.88232 -28.88234
 -28.88234 -28.88238
 -28.84102 -28.84102 -28.84102 -28.84102 -28.84102 -28.84102 -28.84102 -28.84102
 -28.84102 -28.84102 -28.84102 -28.84102 -28.84102 -28.84102 -28.84103 -28.84103
 -28.84103 -28.84104 -28.84104 -28.84105 -28.84106 -28.84106 -28.84107 -28.84109
 -28.84109 -28.84112
 -28.79869 -28.79869 -28.79869 -28.79869 -28.79869 -28.79869 -28.79869 -28.79869
 -28.79869 -28.79869 -28.79869 -28.79869 -28.79870 -28.79870 -28.79870 -28.79870
 -28.79871 -28.79871 -28.79872 -28.79872 -28.79873 -28.79873 -28.79874 -28.79875
 -28.79875 -28.79877
 -28.75579 -28.75579 -28.75579 -28.75579 -28.75579 -28.75579 -28.75579 -28.75579
 -28.75579 -28.75579 -28.75579 -28.75579 -28.75579 -28.75580 -28.75580 -28.75580
 -28.75580 -28.75581 -28.75581 -28.75581 -28.75581 -28.75582 -28.75583 -28.75583
 -28.75584 -28.75586
 -28.71245 -28.71245 -28.71245 -28.71245 -28.71245 -28.71245 -28.71245 -28.71245
 -28.71245 -28.71245 -28.71245 -28.71245 -28.71245 -28.71245 -28.71245 -28.71245
 -28.71246 -28.71246 -28.71246 -28.71246 -28.71247 -28.71247 -28.71248 -28.71248
 -28.71249 -28.71249
 -28.66856 -28.66856 -28.66856 -28.66856 -28.66856 -28.66856 -28.66856 -28.66856
 -28.66856 -28.66856 -28.66856 -28.66856 -28.66856 -28.66856 -28.66856 -28.66856
 -28.66856 -28.66857 -28.66857 -28.66857 -28.66857 -28.66858 -28.66858 -28.66858
 -28.66859 -28.66859
 -28.62381 -28.62381 -28.62381 -28.62381 -28.62381 -28.62381 -28.62381 -28.62381
 -28.62381 -28.62381 -28.62381 -28.62381 -28.62382 -28.62382 -28.62382 -28.62382
 -28.62382 -28.62382 -28.62382 -28.62382 -28.62383 -28.62383 -28.62383 -28.62383
 -28.62384 -28.62384
 -28.57845 -28.57845 -28.57845 -28.57845 -28.57845 -28.57845 -28.57845 -28.57845
 -28.57845 -28.57845 -28.57845 -28.57845 -28.57845 -28.57845 -28.57845 -28.57845
 -28.57845 -28.57845 -28.57845 -28.57845 -28.57846 -28.57846 -28.57846 -28.57846
 -28.57847 -28.57847
 -28.53271 -28.53271 -28.53271 -28.53271 -28.53271 -28.53271 -28.53271 -28.53271
 -28.53271 -28.53271 -28.53271 -28.53271 -28.53271 -28.53271 -28.53271 -28.53271
 -28.53271 -28.53271 -28.53271 -28.53271 -28.53271 -28.53271 -28.53272 -28.53272
 -28.53272 -28.53272
 -28.48664 -28.48664 -28.48664 -28.48664 -28.48664 -28.48664 -28.48664 -28.48664
 -28.48664 -28.48664 -28.48664 -28.48664 -28.48664 -28.48664 -28.48664 -28.48664
 -28.48664 -28.48664 -28.48664 -28.48664 -28.48665 -28.48665 -28.48665 -28.48665
 -28.48665 -28.48665
 -28.44019 -28.44019 -28.44019 -28.44019 -28.44019 -28.44019 -28.44019 -28.44019
 -28.44019 -28.44019 -28.44019 -28.44019 -28.44019 -28.44019 -28.44019 -28.44019
 -28.44019 -28.44019 -28.44019 -28.44019 -28.44019 -28.44019 -28.44019 -28.44019
 -28.44019 -28.44020
 
C---------------------------------------------------------------------------------
C ADAS ADF11 DATA - SCCS info: @(#)$Header: /home/adascvs/adas/adf11/prb89/prb89_li.dat,v 2.1 2004/07/07 00:07:23 whitefor Exp $ Date $Date: 2004/07/07 00:07:23 $
C---------------------------------------------------------------------------------
