   32    /B + 4 PHOTON EMISSIVITY COEFFICIENTS/
    41.0 A   8  11 /FILMEM = MOM93#B /TYPE = EXCIT    /INDM = 1/ISEL =    1
 7.81E+01 7.81E+04 7.81E+07 7.81E+10 7.81E+13 7.81E+16 7.81E+19 7.81E+22
 2.15E+00 4.31E+00 1.08E+01 2.15E+01 4.31E+01 1.08E+02 2.15E+02 4.31E+02
 1.08E+03 2.15E+03 4.31E+03
 1.00E-74 4.25E-45 5.11E-27 4.47E-21 3.54E-18 1.53E-16 4.51E-16 6.72E-16
 6.89E-16 5.87E-16 4.66E-16
 1.00E-74 4.25E-45 5.11E-27 4.47E-21 3.54E-18 1.53E-16 4.51E-16 6.72E-16
 6.89E-16 5.87E-16 4.66E-16
 1.00E-74 4.25E-45 5.11E-27 4.47E-21 3.54E-18 1.53E-16 4.51E-16 6.72E-16
 6.89E-16 5.87E-16 4.66E-16
 1.00E-74 4.25E-45 5.11E-27 4.47E-21 3.54E-18 1.53E-16 4.51E-16 6.72E-16
 6.89E-16 5.87E-16 4.66E-16
 1.00E-74 4.27E-45 5.13E-27 4.48E-21 3.55E-18 1.53E-16 4.52E-16 6.73E-16
 6.90E-16 5.87E-16 4.66E-16
 1.00E-74 1.30E-44 1.40E-26 1.12E-20 8.01E-18 3.04E-16 8.21E-16 1.14E-15
 1.07E-15 8.61E-16 6.51E-16
 1.78E-74 4.19E-44 5.36E-26 3.62E-20 1.49E-17 3.26E-16 7.73E-16 1.12E-15
 1.31E-15 1.33E-15 1.31E-15
 1.00E-74 1.93E-46 3.59E-28 1.86E-22 3.59E-20 5.45E-19 1.20E-18 1.71E-18
 2.06E-18 2.20E-18 2.32E-18
    38.9 A   8  11 /FILMEM = MOM93#B /TYPE = EXCIT    /INDM = 1/ISEL =    2
 7.81E+01 7.81E+04 7.81E+07 7.81E+10 7.81E+13 7.81E+16 7.81E+19 7.81E+22
 2.15E+00 4.31E+00 1.08E+01 2.15E+01 4.31E+01 1.08E+02 2.15E+02 4.31E+02
 1.08E+03 2.15E+03 4.31E+03
 1.00E-74 4.59E-47 5.62E-28 1.06E-21 1.24E-18 6.73E-17 2.14E-16 3.30E-16
 3.45E-16 2.95E-16 2.34E-16
 1.00E-74 4.59E-47 5.62E-28 1.06E-21 1.24E-18 6.73E-17 2.14E-16 3.30E-16
 3.45E-16 2.95E-16 2.34E-16
 1.00E-74 4.59E-47 5.62E-28 1.06E-21 1.24E-18 6.73E-17 2.14E-16 3.30E-16
 3.45E-16 2.95E-16 2.34E-16
 1.00E-74 4.59E-47 5.62E-28 1.06E-21 1.24E-18 6.73E-17 2.14E-16 3.30E-16
 3.45E-16 2.95E-16 2.34E-16
 1.00E-74 4.63E-47 5.65E-28 1.07E-21 1.24E-18 6.75E-17 2.15E-16 3.31E-16
 3.45E-16 2.95E-16 2.34E-16
 1.00E-74 8.25E-47 8.91E-28 1.58E-21 1.76E-18 9.26E-17 2.90E-16 4.43E-16
 4.58E-16 3.90E-16 3.09E-16
 1.00E-74 4.95E-46 6.22E-27 8.62E-21 4.88E-18 1.25E-16 3.07E-16 4.54E-16
 5.43E-16 5.63E-16 5.68E-16
 1.00E-74 2.28E-48 4.18E-29 4.46E-23 1.18E-20 2.10E-19 4.78E-19 6.95E-19
 8.55E-19 9.30E-19 1.00E-18
    48.6 A   8  11 /FILMEM = MOM93#B /TYPE = EXCIT    /INDM = 1/ISEL =    3
 7.81E+01 7.81E+04 7.81E+07 7.81E+10 7.81E+13 7.81E+16 7.81E+19 7.81E+22
 2.15E+00 4.31E+00 1.08E+01 2.15E+01 4.31E+01 1.08E+02 2.15E+02 4.31E+02
 1.08E+03 2.15E+03 4.31E+03
 2.21E-60 8.27E-35 1.43E-19 1.43E-14 3.86E-12 9.09E-11 2.26E-10 3.23E-10
 3.42E-10 3.07E-10 2.60E-10
 2.21E-60 8.27E-35 1.43E-19 1.43E-14 3.86E-12 9.09E-11 2.26E-10 3.23E-10
 3.42E-10 3.07E-10 2.60E-10
 2.21E-60 8.27E-35 1.43E-19 1.43E-14 3.86E-12 9.09E-11 2.26E-10 3.23E-10
 3.42E-10 3.07E-10 2.60E-10
 2.21E-60 8.27E-35 1.43E-19 1.43E-14 3.86E-12 9.09E-11 2.26E-10 3.23E-10
 3.42E-10 3.07E-10 2.60E-10
 2.21E-60 8.27E-35 1.43E-19 1.43E-14 3.86E-12 9.08E-11 2.26E-10 3.23E-10
 3.42E-10 3.07E-10 2.60E-10
 2.21E-60 8.27E-35 1.43E-19 1.43E-14 3.86E-12 9.03E-11 2.24E-10 3.19E-10
 3.38E-10 3.03E-10 2.57E-10
 1.56E-60 6.41E-35 1.20E-19 1.14E-14 2.28E-12 3.81E-11 8.49E-11 1.19E-10
 1.33E-10 1.29E-10 1.19E-10
 5.35E-63 2.83E-37 7.58E-22 5.55E-17 5.35E-15 6.38E-14 1.33E-13 1.84E-13
 2.12E-13 2.14E-13 2.11E-13
    41.0 A   8  11 /FILMEM = MOM93#B /TYPE = EXCIT    /INDM = 1/ISEL =    4
 7.81E+01 7.81E+04 7.81E+07 7.81E+10 7.81E+13 7.81E+16 7.81E+19 7.81E+22
 2.15E+00 4.31E+00 1.08E+01 2.15E+01 4.31E+01 1.08E+02 2.15E+02 4.31E+02
 1.08E+03 2.15E+03 4.31E+03
 1.00E-74 2.20E-40 2.74E-22 2.46E-16 1.98E-13 8.78E-12 2.68E-11 4.23E-11
 4.72E-11 4.29E-11 3.64E-11
 1.01E-70 2.20E-40 2.74E-22 2.46E-16 1.98E-13 8.78E-12 2.68E-11 4.23E-11
 4.72E-11 4.29E-11 3.64E-11
 1.01E-70 2.20E-40 2.74E-22 2.46E-16 1.98E-13 8.78E-12 2.68E-11 4.23E-11
 4.72E-11 4.29E-11 3.64E-11
 1.01E-70 2.20E-40 2.74E-22 2.46E-16 1.98E-13 8.78E-12 2.68E-11 4.23E-11
 4.72E-11 4.29E-11 3.64E-11
 1.04E-70 2.25E-40 2.79E-22 2.49E-16 2.00E-13 8.84E-12 2.69E-11 4.24E-11
 4.73E-11 4.30E-11 3.65E-11
 9.25E-71 2.05E-40 2.66E-22 2.45E-16 2.01E-13 9.13E-12 2.81E-11 4.46E-11
 4.99E-11 4.53E-11 3.84E-11
 1.21E-70 2.84E-40 3.64E-22 2.45E-16 1.01E-13 2.20E-12 5.24E-12 7.63E-12
 8.95E-12 9.11E-12 8.96E-12
 4.27E-73 1.31E-42 2.43E-24 1.26E-18 2.42E-16 3.66E-15 8.03E-15 1.15E-14
 1.38E-14 1.47E-14 1.54E-14
    38.9 A   8  11 /FILMEM = MOM93#B /TYPE = EXCIT    /INDM = 1/ISEL =    5
 7.81E+01 7.81E+04 7.81E+07 7.81E+10 7.81E+13 7.81E+16 7.81E+19 7.81E+22
 2.15E+00 4.31E+00 1.08E+01 2.15E+01 4.31E+01 1.08E+02 2.15E+02 4.31E+02
 1.08E+03 2.15E+03 4.31E+03
 1.00E-74 1.65E-42 2.05E-23 3.93E-17 4.59E-14 2.54E-12 8.33E-12 1.35E-11
 1.51E-11 1.36E-11 1.14E-11
 1.00E-74 1.65E-42 2.05E-23 3.93E-17 4.59E-14 2.54E-12 8.33E-12 1.35E-11
 1.51E-11 1.36E-11 1.14E-11
 1.62E-74 1.65E-42 2.05E-23 3.93E-17 4.59E-14 2.54E-12 8.33E-12 1.35E-11
 1.51E-11 1.36E-11 1.14E-11
 1.64E-74 1.65E-42 2.05E-23 3.93E-17 4.59E-14 2.54E-12 8.33E-12 1.35E-11
 1.51E-11 1.36E-11 1.14E-11
 1.64E-74 1.65E-42 2.05E-23 3.93E-17 4.60E-14 2.54E-12 8.33E-12 1.35E-11
 1.51E-11 1.36E-11 1.14E-11
 1.64E-74 1.66E-42 2.05E-23 3.92E-17 4.58E-14 2.53E-12 8.31E-12 1.35E-11
 1.51E-11 1.37E-11 1.15E-11
 2.24E-74 2.42E-42 2.80E-23 3.32E-17 1.71E-14 4.60E-13 1.22E-12 1.93E-12
 2.45E-12 2.63E-12 2.71E-12
 1.00E-74 1.14E-44 1.92E-25 1.70E-19 3.96E-17 7.16E-16 1.75E-15 2.69E-15
 3.51E-15 3.94E-15 4.36E-15
   262.3 A   8  11 /FILMEM = MOM93#B /TYPE = EXCIT    /INDM = 1/ISEL =    6
 7.81E+01 7.81E+04 7.81E+07 7.81E+10 7.81E+13 7.81E+16 7.81E+19 7.81E+22
 2.15E+00 4.31E+00 1.08E+01 2.15E+01 4.31E+01 1.08E+02 2.15E+02 4.31E+02
 1.08E+03 2.15E+03 4.31E+03
 1.00E-74 2.93E-41 3.66E-23 3.28E-17 2.64E-14 1.17E-12 3.57E-12 5.64E-12
 6.29E-12 5.72E-12 4.86E-12
 1.35E-71 2.93E-41 3.66E-23 3.28E-17 2.64E-14 1.17E-12 3.57E-12 5.64E-12
 6.29E-12 5.72E-12 4.86E-12
 1.35E-71 2.93E-41 3.66E-23 3.28E-17 2.64E-14 1.17E-12 3.57E-12 5.64E-12
 6.29E-12 5.72E-12 4.86E-12
 1.35E-71 2.93E-41 3.66E-23 3.28E-17 2.64E-14 1.17E-12 3.57E-12 5.64E-12
 6.29E-12 5.72E-12 4.86E-12
 1.39E-71 3.00E-41 3.72E-23 3.33E-17 2.67E-14 1.18E-12 3.59E-12 5.66E-12
 6.30E-12 5.73E-12 4.86E-12
 1.23E-71 2.74E-41 3.55E-23 3.27E-17 2.69E-14 1.22E-12 3.75E-12 5.94E-12
 6.65E-12 6.05E-12 5.12E-12
 1.62E-71 3.79E-41 4.85E-23 3.27E-17 1.34E-14 2.94E-13 6.98E-13 1.02E-12
 1.19E-12 1.21E-12 1.19E-12
 5.70E-74 1.75E-43 3.25E-25 1.68E-19 3.23E-17 4.88E-16 1.07E-15 1.53E-15
 1.84E-15 1.95E-15 2.05E-15
   194.3 A   8  11 /FILMEM = MOM93#B /TYPE = EXCIT    /INDM = 1/ISEL =    7
 7.81E+01 7.81E+04 7.81E+07 7.81E+10 7.81E+13 7.81E+16 7.81E+19 7.81E+22
 2.15E+00 4.31E+00 1.08E+01 2.15E+01 4.31E+01 1.08E+02 2.15E+02 4.31E+02
 1.08E+03 2.15E+03 4.31E+03
 1.00E-74 2.35E-43 2.91E-24 5.58E-18 6.53E-15 3.61E-13 1.18E-12 1.91E-12
 2.14E-12 1.93E-12 1.61E-12
 1.00E-74 2.35E-43 2.91E-24 5.58E-18 6.53E-15 3.61E-13 1.18E-12 1.91E-12
 2.14E-12 1.93E-12 1.61E-12
 1.00E-74 2.35E-43 2.91E-24 5.58E-18 6.53E-15 3.61E-13 1.18E-12 1.91E-12
 2.14E-12 1.93E-12 1.61E-12
 1.00E-74 2.35E-43 2.91E-24 5.58E-18 6.53E-15 3.61E-13 1.18E-12 1.91E-12
 2.14E-12 1.93E-12 1.61E-12
 1.00E-74 2.35E-43 2.91E-24 5.58E-18 6.53E-15 3.61E-13 1.18E-12 1.91E-12
 2.14E-12 1.93E-12 1.61E-12
 1.00E-74 2.35E-43 2.91E-24 5.57E-18 6.50E-15 3.59E-13 1.18E-12 1.91E-12
 2.15E-12 1.94E-12 1.63E-12
 1.00E-74 3.43E-43 3.98E-24 4.71E-18 2.43E-15 6.53E-14 1.74E-13 2.74E-13
 3.48E-13 3.73E-13 3.85E-13
 1.00E-74 1.62E-45 2.73E-26 2.42E-20 5.62E-18 1.02E-16 2.48E-16 3.82E-16
 4.98E-16 5.60E-16 6.20E-16
   262.4 A   8  11 /FILMEM = MOM93#B /TYPE = EXCIT    /INDM = 1/ISEL =    8
 7.81E+01 7.81E+04 7.81E+07 7.81E+10 7.81E+13 7.81E+16 7.81E+19 7.81E+22
 2.15E+00 4.31E+00 1.08E+01 2.15E+01 4.31E+01 1.08E+02 2.15E+02 4.31E+02
 1.08E+03 2.15E+03 4.31E+03
 1.72E-71 4.00E-41 5.00E-23 4.51E-17 3.63E-14 1.59E-12 4.67E-12 6.85E-12
 6.87E-12 5.76E-12 4.50E-12
 1.85E-71 4.00E-41 5.00E-23 4.51E-17 3.63E-14 1.59E-12 4.67E-12 6.85E-12
 6.87E-12 5.76E-12 4.50E-12
 1.85E-71 4.00E-41 5.00E-23 4.51E-17 3.63E-14 1.59E-12 4.67E-12 6.85E-12
 6.87E-12 5.76E-12 4.50E-12
 1.85E-71 3.99E-41 5.00E-23 4.51E-17 3.63E-14 1.59E-12 4.67E-12 6.85E-12
 6.87E-12 5.76E-12 4.50E-12
 1.52E-71 3.41E-41 4.45E-23 4.11E-17 3.38E-14 1.51E-12 4.49E-12 6.66E-12
 6.74E-12 5.67E-12 4.45E-12
 4.67E-73 1.08E-42 1.50E-24 1.48E-18 1.32E-15 6.77E-14 2.30E-13 4.02E-13
 5.14E-13 5.20E-13 4.94E-13
 5.10E-73 1.19E-42 1.53E-24 1.03E-18 4.21E-16 9.19E-15 2.18E-14 3.17E-14
 3.71E-14 3.77E-14 3.70E-14
 1.00E-74 5.50E-45 1.02E-26 5.28E-21 1.01E-18 1.52E-17 3.34E-17 4.75E-17
 5.69E-17 6.04E-17 6.33E-17
   749.4 A   8  11 /FILMEM = MOM93#B /TYPE = EXCIT    /INDM = 1/ISEL =    9
 7.81E+01 7.81E+04 7.81E+07 7.81E+10 7.81E+13 7.81E+16 7.81E+19 7.81E+22
 2.15E+00 4.31E+00 1.08E+01 2.15E+01 4.31E+01 1.08E+02 2.15E+02 4.31E+02
 1.08E+03 2.15E+03 4.31E+03
 1.00E-74 7.45E-44 9.23E-25 1.77E-18 2.07E-15 1.14E-13 3.76E-13 6.07E-13
 6.79E-13 6.12E-13 5.12E-13
 1.00E-74 7.45E-44 9.23E-25 1.77E-18 2.07E-15 1.14E-13 3.76E-13 6.07E-13
 6.79E-13 6.12E-13 5.12E-13
 1.00E-74 7.45E-44 9.23E-25 1.77E-18 2.07E-15 1.14E-13 3.76E-13 6.07E-13
 6.79E-13 6.12E-13 5.12E-13
 1.00E-74 7.45E-44 9.23E-25 1.77E-18 2.07E-15 1.14E-13 3.76E-13 6.07E-13
 6.79E-13 6.12E-13 5.12E-13
 1.00E-74 7.46E-44 9.23E-25 1.77E-18 2.07E-15 1.15E-13 3.76E-13 6.07E-13
 6.79E-13 6.12E-13 5.12E-13
 1.00E-74 7.46E-44 9.23E-25 1.77E-18 2.06E-15 1.14E-13 3.74E-13 6.07E-13
 6.81E-13 6.16E-13 5.18E-13
 1.00E-74 1.09E-43 1.26E-24 1.50E-18 7.71E-16 2.07E-14 5.52E-14 8.69E-14
 1.11E-13 1.19E-13 1.22E-13
 1.00E-74 5.14E-46 8.66E-27 7.68E-21 1.78E-18 3.23E-17 7.88E-17 1.21E-16
 1.58E-16 1.78E-16 1.97E-16
   262.4 A   8  11 /FILMEM = MOM93#B /TYPE = EXCIT    /INDM = 1/ISEL =   10
 7.81E+01 7.81E+04 7.81E+07 7.81E+10 7.81E+13 7.81E+16 7.81E+19 7.81E+22
 2.15E+00 4.31E+00 1.08E+01 2.15E+01 4.31E+01 1.08E+02 2.15E+02 4.31E+02
 1.08E+03 2.15E+03 4.31E+03
 1.00E-74 3.09E-41 3.71E-23 3.24E-17 2.57E-14 1.11E-12 3.28E-12 4.88E-12
 5.00E-12 4.26E-12 3.38E-12
 1.47E-71 3.09E-41 3.71E-23 3.24E-17 2.57E-14 1.11E-12 3.28E-12 4.88E-12
 5.00E-12 4.26E-12 3.38E-12
 1.47E-71 3.09E-41 3.71E-23 3.24E-17 2.57E-14 1.11E-12 3.28E-12 4.88E-12
 5.00E-12 4.26E-12 3.38E-12
 1.47E-71 3.09E-41 3.71E-23 3.24E-17 2.57E-14 1.11E-12 3.28E-12 4.88E-12
 5.00E-12 4.26E-12 3.38E-12
 1.48E-71 3.10E-41 3.73E-23 3.26E-17 2.58E-14 1.11E-12 3.28E-12 4.89E-12
 5.01E-12 4.27E-12 3.39E-12
 4.84E-71 9.46E-41 1.02E-22 8.14E-17 5.82E-14 2.21E-12 5.96E-12 8.25E-12
 7.77E-12 6.26E-12 4.73E-12
 1.30E-70 3.04E-40 3.89E-22 2.63E-16 1.08E-13 2.37E-12 5.61E-12 8.15E-12
 9.53E-12 9.68E-12 9.53E-12
 4.56E-73 1.40E-42 2.60E-24 1.35E-18 2.61E-16 3.96E-15 8.69E-15 1.24E-14
 1.50E-14 1.60E-14 1.68E-14
   749.9 A   8  11 /FILMEM = MOM93#B /TYPE = EXCIT    /INDM = 1/ISEL =   11
 7.81E+01 7.81E+04 7.81E+07 7.81E+10 7.81E+13 7.81E+16 7.81E+19 7.81E+22
 2.15E+00 4.31E+00 1.08E+01 2.15E+01 4.31E+01 1.08E+02 2.15E+02 4.31E+02
 1.08E+03 2.15E+03 4.31E+03
 1.00E-74 8.46E-45 1.05E-25 2.01E-19 2.35E-16 1.30E-14 4.26E-14 6.90E-14
 7.70E-14 6.94E-14 5.82E-14
 1.00E-74 8.46E-45 1.05E-25 2.01E-19 2.35E-16 1.30E-14 4.26E-14 6.90E-14
 7.70E-14 6.94E-14 5.82E-14
 1.00E-74 8.46E-45 1.05E-25 2.01E-19 2.35E-16 1.30E-14 4.26E-14 6.90E-14
 7.70E-14 6.94E-14 5.82E-14
 1.00E-74 8.46E-45 1.05E-25 2.01E-19 2.35E-16 1.30E-14 4.26E-14 6.90E-14
 7.70E-14 6.94E-14 5.82E-14
 1.00E-74 8.47E-45 1.05E-25 2.01E-19 2.35E-16 1.30E-14 4.26E-14 6.90E-14
 7.71E-14 6.95E-14 5.82E-14
 1.00E-74 8.47E-45 1.05E-25 2.01E-19 2.34E-16 1.29E-14 4.25E-14 6.89E-14
 7.73E-14 6.99E-14 5.88E-14
 1.00E-74 1.24E-44 1.43E-25 1.70E-19 8.75E-17 2.35E-15 6.27E-15 9.87E-15
 1.25E-14 1.35E-14 1.39E-14
 1.00E-74 5.84E-47 9.83E-28 8.72E-22 2.03E-19 3.66E-18 8.94E-18 1.38E-17
 1.79E-17 2.02E-17 2.23E-17
   749.8 A   8  11 /FILMEM = MOM93#B /TYPE = EXCIT    /INDM = 1/ISEL =   12
 7.81E+01 7.81E+04 7.81E+07 7.81E+10 7.81E+13 7.81E+16 7.81E+19 7.81E+22
 2.15E+00 4.31E+00 1.08E+01 2.15E+01 4.31E+01 1.08E+02 2.15E+02 4.31E+02
 1.08E+03 2.15E+03 4.31E+03
 1.00E-74 8.86E-59 7.28E-40 1.10E-33 1.08E-30 5.02E-29 1.43E-28 1.95E-28
 1.72E-28 1.30E-28 9.08E-29
 1.00E-74 8.86E-56 7.28E-37 1.10E-30 1.08E-27 5.02E-26 1.43E-25 1.95E-25
 1.72E-25 1.30E-25 9.08E-26
 1.00E-74 8.86E-53 7.28E-34 1.10E-27 1.08E-24 5.02E-23 1.43E-22 1.95E-22
 1.72E-22 1.30E-22 9.08E-23
 1.00E-74 8.86E-50 7.28E-31 1.10E-24 1.08E-21 5.02E-20 1.43E-19 1.95E-19
 1.72E-19 1.30E-19 9.08E-20
 1.00E-74 8.90E-47 7.31E-28 1.10E-21 1.08E-18 5.04E-17 1.43E-16 1.95E-16
 1.72E-16 1.30E-16 9.08E-17
 1.00E-74 1.56E-43 1.32E-24 1.92E-18 1.76E-15 7.35E-14 1.95E-13 2.54E-13
 2.14E-13 1.57E-13 1.07E-13
 1.07E-74 1.17E-42 1.48E-23 2.06E-17 1.17E-14 2.98E-13 7.38E-13 1.10E-12
 1.32E-12 1.37E-12 1.38E-12
 1.00E-74 5.40E-45 9.90E-26 1.06E-19 2.82E-17 5.00E-16 1.15E-15 1.68E-15
 2.08E-15 2.27E-15 2.46E-15
   194.4 A   8  11 /FILMEM = MOM93#B /TYPE = EXCIT    /INDM = 1/ISEL =   13
 7.81E+01 7.81E+04 7.81E+07 7.81E+10 7.81E+13 7.81E+16 7.81E+19 7.81E+22
 2.15E+00 4.31E+00 1.08E+01 2.15E+01 4.31E+01 1.08E+02 2.15E+02 4.31E+02
 1.08E+03 2.15E+03 4.31E+03
 1.00E-74 1.82E-43 2.25E-24 4.30E-18 4.99E-15 2.70E-13 8.47E-13 1.28E-12
 1.31E-12 1.10E-12 8.58E-13
 1.00E-74 1.82E-43 2.25E-24 4.30E-18 4.99E-15 2.70E-13 8.47E-13 1.28E-12
 1.31E-12 1.10E-12 8.58E-13
 1.00E-74 1.82E-43 2.25E-24 4.30E-18 4.99E-15 2.70E-13 8.47E-13 1.28E-12
 1.31E-12 1.10E-12 8.58E-13
 1.00E-74 1.82E-43 2.25E-24 4.30E-18 4.99E-15 2.70E-13 8.47E-13 1.28E-12
 1.31E-12 1.10E-12 8.58E-13
 1.00E-74 1.82E-43 2.25E-24 4.30E-18 4.98E-15 2.70E-13 8.47E-13 1.28E-12
 1.31E-12 1.10E-12 8.57E-13
 1.00E-74 5.20E-44 8.17E-25 1.73E-18 2.10E-15 1.18E-13 3.89E-13 6.32E-13
 7.20E-13 6.61E-13 5.62E-13
 1.00E-74 1.05E-44 1.31E-25 1.74E-19 9.21E-17 2.19E-15 5.23E-15 7.49E-15
 8.68E-15 8.90E-15 8.94E-15
 1.00E-74 4.82E-47 8.68E-28 8.80E-22 2.16E-19 3.52E-18 7.68E-18 1.07E-17
 1.26E-17 1.34E-17 1.43E-17
   749.8 A   8  11 /FILMEM = MOM93#B /TYPE = EXCIT    /INDM = 1/ISEL =   14
 7.81E+01 7.81E+04 7.81E+07 7.81E+10 7.81E+13 7.81E+16 7.81E+19 7.81E+22
 2.15E+00 4.31E+00 1.08E+01 2.15E+01 4.31E+01 1.08E+02 2.15E+02 4.31E+02
 1.08E+03 2.15E+03 4.31E+03
 1.00E-74 1.30E-43 1.60E-24 3.06E-18 3.55E-15 1.92E-13 6.03E-13 9.14E-13
 9.31E-13 7.83E-13 6.11E-13
 1.00E-74 1.30E-43 1.60E-24 3.06E-18 3.55E-15 1.92E-13 6.03E-13 9.14E-13
 9.31E-13 7.83E-13 6.11E-13
 1.00E-74 1.30E-43 1.60E-24 3.06E-18 3.55E-15 1.92E-13 6.03E-13 9.14E-13
 9.31E-13 7.83E-13 6.11E-13
 1.00E-74 1.30E-43 1.60E-24 3.06E-18 3.55E-15 1.92E-13 6.03E-13 9.14E-13
 9.31E-13 7.83E-13 6.11E-13
 1.00E-74 1.30E-43 1.60E-24 3.06E-18 3.55E-15 1.92E-13 6.03E-13 9.14E-13
 9.31E-13 7.83E-13 6.11E-13
 1.00E-74 3.70E-44 5.82E-25 1.23E-18 1.49E-15 8.42E-14 2.77E-13 4.50E-13
 5.13E-13 4.71E-13 4.00E-13
 1.00E-74 7.51E-45 9.33E-26 1.24E-19 6.56E-17 1.56E-15 3.72E-15 5.33E-15
 6.19E-15 6.34E-15 6.37E-15
 1.00E-74 3.44E-47 6.18E-28 6.27E-22 1.54E-19 2.51E-18 5.47E-18 7.64E-18
 8.99E-18 9.58E-18 1.02E-17
   194.4 A   8  11 /FILMEM = MOM93#B /TYPE = EXCIT    /INDM = 1/ISEL =   15
 7.81E+01 7.81E+04 7.81E+07 7.81E+10 7.81E+13 7.81E+16 7.81E+19 7.81E+22
 2.15E+00 4.31E+00 1.08E+01 2.15E+01 4.31E+01 1.08E+02 2.15E+02 4.31E+02
 1.08E+03 2.15E+03 4.31E+03
 1.00E-74 1.93E-43 2.36E-24 4.48E-18 5.20E-15 2.83E-13 9.02E-13 1.39E-12
 1.45E-12 1.24E-12 9.85E-13
 1.00E-74 1.93E-43 2.36E-24 4.47E-18 5.20E-15 2.83E-13 9.02E-13 1.39E-12
 1.45E-12 1.24E-12 9.85E-13
 1.00E-74 1.93E-43 2.36E-24 4.48E-18 5.20E-15 2.83E-13 9.02E-13 1.39E-12
 1.45E-12 1.24E-12 9.85E-13
 1.00E-74 1.93E-43 2.36E-24 4.48E-18 5.20E-15 2.83E-13 9.02E-13 1.39E-12
 1.45E-12 1.24E-12 9.85E-13
 1.00E-74 1.95E-43 2.38E-24 4.50E-18 5.22E-15 2.84E-13 9.03E-13 1.39E-12
 1.45E-12 1.24E-12 9.86E-13
 1.00E-74 3.47E-43 3.75E-24 6.65E-18 7.40E-15 3.90E-13 1.22E-12 1.86E-12
 1.93E-12 1.64E-12 1.30E-12
 1.91E-74 2.08E-42 2.62E-23 3.63E-17 2.05E-14 5.24E-13 1.29E-12 1.91E-12
 2.28E-12 2.37E-12 2.39E-12
 1.00E-74 9.61E-45 1.76E-25 1.88E-19 4.98E-17 8.82E-16 2.01E-15 2.92E-15
 3.60E-15 3.91E-15 4.22E-15
   749.6 A   8  11 /FILMEM = MOM93#B /TYPE = EXCIT    /INDM = 1/ISEL =   16
 7.81E+01 7.81E+04 7.81E+07 7.81E+10 7.81E+13 7.81E+16 7.81E+19 7.81E+22
 2.15E+00 4.31E+00 1.08E+01 2.15E+01 4.31E+01 1.08E+02 2.15E+02 4.31E+02
 1.08E+03 2.15E+03 4.31E+03
 1.00E-74 6.60E-44 8.07E-25 1.53E-18 1.78E-15 9.67E-14 3.08E-13 4.75E-13
 4.95E-13 4.23E-13 3.36E-13
 1.00E-74 6.60E-44 8.07E-25 1.53E-18 1.78E-15 9.67E-14 3.08E-13 4.75E-13
 4.95E-13 4.23E-13 3.36E-13
 1.00E-74 6.60E-44 8.07E-25 1.53E-18 1.78E-15 9.67E-14 3.08E-13 4.75E-13
 4.95E-13 4.23E-13 3.36E-13
 1.00E-74 6.60E-44 8.07E-25 1.53E-18 1.78E-15 9.67E-14 3.08E-13 4.75E-13
 4.95E-13 4.23E-13 3.36E-13
 1.00E-74 6.65E-44 8.11E-25 1.53E-18 1.78E-15 9.69E-14 3.08E-13 4.75E-13
 4.96E-13 4.24E-13 3.37E-13
 1.00E-74 1.19E-43 1.28E-24 2.27E-18 2.53E-15 1.33E-13 4.17E-13 6.37E-13
 6.58E-13 5.60E-13 4.43E-13
 1.00E-74 7.10E-43 8.93E-24 1.24E-17 7.01E-15 1.79E-13 4.41E-13 6.52E-13
 7.80E-13 8.09E-13 8.16E-13
 1.00E-74 3.28E-45 6.00E-26 6.40E-20 1.70E-17 3.01E-16 6.87E-16 9.98E-16
 1.23E-15 1.34E-15 1.44E-15
    41.0 A   8  11 /FILMEM = MOM93#B /TYPE = RECOM    /INDM =+1/ISEL =   17
 7.81E+01 7.81E+04 7.81E+07 7.81E+10 7.81E+13 7.81E+16 7.81E+19 7.81E+22
 2.15E+00 4.31E+00 1.08E+01 2.15E+01 4.31E+01 1.08E+02 2.15E+02 4.31E+02
 1.08E+03 2.15E+03 4.31E+03
 8.42E-17 5.47E-17 2.84E-17 1.60E-17 8.25E-18 3.06E-18 1.33E-18 5.48E-19
 1.71E-19 7.23E-20 3.12E-20
 8.42E-17 5.47E-17 2.84E-17 1.60E-17 8.25E-18 3.06E-18 1.33E-18 5.48E-19
 1.71E-19 7.23E-20 3.12E-20
 8.42E-17 5.47E-17 2.84E-17 1.60E-17 8.25E-18 3.06E-18 1.33E-18 5.48E-19
 1.71E-19 7.23E-20 3.12E-20
 8.42E-17 5.47E-17 2.84E-17 1.60E-17 8.25E-18 3.06E-18 1.33E-18 5.48E-19
 1.71E-19 7.23E-20 3.12E-20
 8.43E-17 5.48E-17 2.85E-17 1.60E-17 8.26E-18 3.06E-18 1.33E-18 5.49E-19
 1.71E-19 7.24E-20 3.12E-20
 1.12E-16 6.89E-17 3.44E-17 1.90E-17 9.80E-18 3.66E-18 1.60E-18 6.68E-19
 2.11E-19 9.01E-20 3.93E-20
 1.50E-15 9.72E-16 4.93E-16 2.53E-16 8.46E-17 1.67E-17 5.33E-18 1.80E-18
 4.64E-19 1.76E-19 7.15E-20
 1.58E-15 1.04E-15 7.13E-16 5.36E-16 1.22E-16 1.92E-17 5.74E-18 1.87E-18
 4.48E-19 1.56E-19 5.46E-20
    38.9 A   8  11 /FILMEM = MOM93#B /TYPE = RECOM    /INDM =+1/ISEL =   18
 7.81E+01 7.81E+04 7.81E+07 7.81E+10 7.81E+13 7.81E+16 7.81E+19 7.81E+22
 2.15E+00 4.31E+00 1.08E+01 2.15E+01 4.31E+01 1.08E+02 2.15E+02 4.31E+02
 1.08E+03 2.15E+03 4.31E+03
 4.87E-17 3.24E-17 1.73E-17 9.87E-18 5.16E-18 1.92E-18 8.16E-19 3.37E-19
 1.04E-19 4.30E-20 1.78E-20
 4.87E-17 3.24E-17 1.73E-17 9.87E-18 5.16E-18 1.92E-18 8.16E-19 3.37E-19
 1.04E-19 4.30E-20 1.78E-20
 4.87E-17 3.24E-17 1.73E-17 9.87E-18 5.16E-18 1.92E-18 8.16E-19 3.37E-19
 1.04E-19 4.30E-20 1.78E-20
 4.87E-17 3.24E-17 1.73E-17 9.87E-18 5.16E-18 1.92E-18 8.16E-19 3.37E-19
 1.04E-19 4.30E-20 1.78E-20
 4.87E-17 3.24E-17 1.73E-17 9.88E-18 5.16E-18 1.92E-18 8.17E-19 3.37E-19
 1.04E-19 4.31E-20 1.79E-20
 5.93E-17 3.76E-17 1.95E-17 1.10E-17 5.69E-18 2.11E-18 9.06E-19 3.77E-19
 1.19E-19 5.03E-20 2.15E-20
 1.07E-16 8.00E-17 8.86E-17 7.47E-17 3.37E-17 8.10E-18 2.75E-18 9.59E-19
 2.49E-19 9.35E-20 3.74E-20
 1.07E-16 8.11E-17 1.15E-16 1.43E-16 4.60E-17 9.10E-18 2.93E-18 9.90E-19
 2.43E-19 8.52E-20 3.00E-20
    48.6 A   8  11 /FILMEM = MOM93#B /TYPE = RECOM    /INDM =+1/ISEL =   19
 7.81E+01 7.81E+04 7.81E+07 7.81E+10 7.81E+13 7.81E+16 7.81E+19 7.81E+22
 2.15E+00 4.31E+00 1.08E+01 2.15E+01 4.31E+01 1.08E+02 2.15E+02 4.31E+02
 1.08E+03 2.15E+03 4.31E+03
 2.47E-12 1.68E-12 9.71E-13 6.14E-13 3.69E-13 1.73E-13 9.13E-14 4.56E-14
 1.84E-14 9.39E-15 4.87E-15
 2.47E-12 1.68E-12 9.71E-13 6.14E-13 3.69E-13 1.73E-13 9.13E-14 4.56E-14
 1.84E-14 9.39E-15 4.87E-15
 2.47E-12 1.68E-12 9.71E-13 6.14E-13 3.69E-13 1.73E-13 9.13E-14 4.56E-14
 1.84E-14 9.39E-15 4.87E-15
 2.47E-12 1.68E-12 9.71E-13 6.14E-13 3.69E-13 1.73E-13 9.13E-14 4.56E-14
 1.84E-14 9.39E-15 4.87E-15
 2.45E-12 1.67E-12 9.66E-13 6.10E-13 3.67E-13 1.73E-13 9.10E-14 4.55E-14
 1.83E-14 9.37E-15 4.86E-15
 2.65E-12 1.74E-12 9.75E-13 6.03E-13 3.55E-13 1.63E-13 8.41E-14 4.12E-14
 1.62E-14 8.18E-15 4.19E-15
 3.54E-10 1.81E-10 6.43E-11 1.99E-11 3.90E-12 5.26E-13 1.52E-13 5.08E-14
 1.41E-14 5.93E-15 2.72E-15
 1.23E-09 8.21E-10 4.19E-10 9.71E-11 8.58E-12 7.32E-13 1.78E-13 5.19E-14
 1.17E-14 3.99E-15 1.39E-15
    41.0 A   8  11 /FILMEM = MOM93#B /TYPE = RECOM    /INDM =+1/ISEL =   20
 7.81E+01 7.81E+04 7.81E+07 7.81E+10 7.81E+13 7.81E+16 7.81E+19 7.81E+22
 2.15E+00 4.31E+00 1.08E+01 2.15E+01 4.31E+01 1.08E+02 2.15E+02 4.31E+02
 1.08E+03 2.15E+03 4.31E+03
 4.26E-13 2.93E-13 1.72E-13 1.10E-13 6.62E-14 3.05E-14 1.56E-14 7.52E-15
 2.90E-15 1.45E-15 7.47E-16
 4.26E-13 2.93E-13 1.72E-13 1.10E-13 6.62E-14 3.05E-14 1.56E-14 7.52E-15
 2.90E-15 1.45E-15 7.47E-16
 4.26E-13 2.93E-13 1.72E-13 1.10E-13 6.62E-14 3.05E-14 1.56E-14 7.52E-15
 2.90E-15 1.45E-15 7.47E-16
 4.26E-13 2.93E-13 1.72E-13 1.10E-13 6.63E-14 3.05E-14 1.56E-14 7.52E-15
 2.90E-15 1.45E-15 7.47E-16
 4.48E-13 3.06E-13 1.78E-13 1.13E-13 6.79E-14 3.12E-14 1.59E-14 7.65E-15
 2.94E-15 1.47E-15 7.55E-16
 6.94E-13 4.43E-13 2.42E-13 1.49E-13 8.89E-14 4.19E-14 2.23E-14 1.13E-14
 4.68E-15 2.45E-15 1.30E-15
 1.04E-11 6.69E-12 3.39E-12 1.73E-12 5.76E-13 1.14E-13 3.62E-14 1.23E-14
 3.17E-15 1.21E-15 4.98E-16
 1.09E-11 7.19E-12 4.89E-12 3.65E-12 8.26E-13 1.31E-13 3.90E-14 1.27E-14
 3.04E-15 1.06E-15 3.71E-16
    38.9 A   8  11 /FILMEM = MOM93#B /TYPE = RECOM    /INDM =+1/ISEL =   21
 7.81E+01 7.81E+04 7.81E+07 7.81E+10 7.81E+13 7.81E+16 7.81E+19 7.81E+22
 2.15E+00 4.31E+00 1.08E+01 2.15E+01 4.31E+01 1.08E+02 2.15E+02 4.31E+02
 1.08E+03 2.15E+03 4.31E+03
 1.59E-13 1.10E-13 6.52E-14 4.15E-14 2.47E-14 1.14E-14 5.59E-15 2.66E-15
 1.00E-15 4.84E-16 2.36E-16
 1.59E-13 1.10E-13 6.52E-14 4.15E-14 2.47E-14 1.14E-14 5.59E-15 2.66E-15
 1.00E-15 4.84E-16 2.36E-16
 1.59E-13 1.10E-13 6.52E-14 4.15E-14 2.47E-14 1.14E-14 5.59E-15 2.66E-15
 1.00E-15 4.84E-16 2.36E-16
 1.59E-13 1.10E-13 6.52E-14 4.15E-14 2.47E-14 1.14E-14 5.59E-15 2.66E-15
 1.00E-15 4.84E-16 2.36E-16
 1.59E-13 1.10E-13 6.52E-14 4.15E-14 2.48E-14 1.14E-14 5.59E-15 2.67E-15
 1.00E-15 4.85E-16 2.37E-16
 2.21E-13 1.39E-13 7.55E-14 4.59E-14 2.65E-14 1.19E-14 5.84E-15 2.80E-15
 1.07E-15 5.32E-16 2.69E-16
 2.80E-12 1.83E-12 1.03E-12 5.25E-13 1.88E-13 4.16E-14 1.39E-14 4.79E-15
 1.23E-15 4.62E-16 1.84E-16
 2.91E-12 1.93E-12 1.22E-12 8.13E-13 2.35E-13 4.57E-14 1.47E-14 4.96E-15
 1.22E-15 4.26E-16 1.50E-16
   262.3 A   8  11 /FILMEM = MOM93#B /TYPE = RECOM    /INDM =+1/ISEL =   22
 7.81E+01 7.81E+04 7.81E+07 7.81E+10 7.81E+13 7.81E+16 7.81E+19 7.81E+22
 2.15E+00 4.31E+00 1.08E+01 2.15E+01 4.31E+01 1.08E+02 2.15E+02 4.31E+02
 1.08E+03 2.15E+03 4.31E+03
 5.69E-14 3.91E-14 2.30E-14 1.46E-14 8.83E-15 4.07E-15 2.08E-15 1.00E-15
 3.86E-16 1.93E-16 9.96E-17
 5.69E-14 3.91E-14 2.30E-14 1.46E-14 8.83E-15 4.07E-15 2.08E-15 1.00E-15
 3.86E-16 1.93E-16 9.96E-17
 5.69E-14 3.91E-14 2.30E-14 1.46E-14 8.83E-15 4.07E-15 2.08E-15 1.00E-15
 3.86E-16 1.93E-16 9.96E-17
 5.69E-14 3.91E-14 2.30E-14 1.46E-14 8.83E-15 4.07E-15 2.08E-15 1.00E-15
 3.87E-16 1.93E-16 9.96E-17
 5.97E-14 4.08E-14 2.37E-14 1.50E-14 9.05E-15 4.16E-15 2.12E-15 1.02E-15
 3.92E-16 1.96E-16 1.01E-16
 9.25E-14 5.90E-14 3.22E-14 1.98E-14 1.19E-14 5.59E-15 2.97E-15 1.51E-15
 6.24E-16 3.26E-16 1.74E-16
 1.38E-12 8.92E-13 4.52E-13 2.31E-13 7.68E-14 1.52E-14 4.83E-15 1.64E-15
 4.23E-16 1.62E-16 6.65E-17
 1.46E-12 9.59E-13 6.52E-13 4.87E-13 1.10E-13 1.74E-14 5.20E-15 1.69E-15
 4.06E-16 1.41E-16 4.95E-17
   194.3 A   8  11 /FILMEM = MOM93#B /TYPE = RECOM    /INDM =+1/ISEL =   23
 7.81E+01 7.81E+04 7.81E+07 7.81E+10 7.81E+13 7.81E+16 7.81E+19 7.81E+22
 2.15E+00 4.31E+00 1.08E+01 2.15E+01 4.31E+01 1.08E+02 2.15E+02 4.31E+02
 1.08E+03 2.15E+03 4.31E+03
 2.25E-14 1.56E-14 9.26E-15 5.89E-15 3.51E-15 1.61E-15 7.94E-16 3.78E-16
 1.43E-16 6.87E-17 3.35E-17
 2.25E-14 1.56E-14 9.26E-15 5.89E-15 3.51E-15 1.61E-15 7.94E-16 3.78E-16
 1.43E-16 6.87E-17 3.35E-17
 2.25E-14 1.56E-14 9.26E-15 5.89E-15 3.51E-15 1.61E-15 7.94E-16 3.78E-16
 1.43E-16 6.87E-17 3.35E-17
 2.25E-14 1.56E-14 9.26E-15 5.89E-15 3.51E-15 1.61E-15 7.94E-16 3.78E-16
 1.43E-16 6.87E-17 3.35E-17
 2.25E-14 1.56E-14 9.26E-15 5.89E-15 3.52E-15 1.61E-15 7.94E-16 3.79E-16
 1.43E-16 6.89E-17 3.36E-17
 3.13E-14 1.98E-14 1.07E-14 6.51E-15 3.77E-15 1.69E-15 8.30E-16 3.97E-16
 1.53E-16 7.55E-17 3.82E-17
 3.97E-13 2.60E-13 1.46E-13 7.45E-14 2.67E-14 5.90E-15 1.97E-15 6.80E-16
 1.75E-16 6.56E-17 2.62E-17
 4.13E-13 2.75E-13 1.73E-13 1.16E-13 3.34E-14 6.49E-15 2.09E-15 7.04E-16
 1.73E-16 6.06E-17 2.13E-17
   262.4 A   8  11 /FILMEM = MOM93#B /TYPE = RECOM    /INDM =+1/ISEL =   24
 7.81E+01 7.81E+04 7.81E+07 7.81E+10 7.81E+13 7.81E+16 7.81E+19 7.81E+22
 2.15E+00 4.31E+00 1.08E+01 2.15E+01 4.31E+01 1.08E+02 2.15E+02 4.31E+02
 1.08E+03 2.15E+03 4.31E+03
 1.35E-13 9.50E-14 5.95E-14 4.12E-14 2.80E-14 1.57E-14 9.55E-15 5.45E-15
 2.54E-15 1.43E-15 8.05E-16
 1.35E-13 9.50E-14 5.95E-14 4.12E-14 2.80E-14 1.57E-14 9.55E-15 5.45E-15
 2.54E-15 1.43E-15 8.05E-16
 1.35E-13 9.50E-14 5.95E-14 4.12E-14 2.80E-14 1.57E-14 9.55E-15 5.45E-15
 2.54E-15 1.43E-15 8.05E-16
 1.35E-13 9.49E-14 5.95E-14 4.12E-14 2.80E-14 1.57E-14 9.55E-15 5.44E-15
 2.54E-15 1.43E-15 8.05E-16
 1.11E-13 8.09E-14 5.29E-14 3.76E-14 2.61E-14 1.50E-14 9.19E-15 5.29E-15
 2.49E-15 1.41E-15 7.96E-16
 3.80E-15 2.60E-15 1.60E-15 1.12E-15 7.85E-16 4.92E-16 3.39E-16 2.29E-16
 1.39E-16 9.75E-17 6.87E-17
 4.38E-14 2.82E-14 1.43E-14 7.27E-15 2.42E-15 4.77E-16 1.52E-16 5.17E-17
 1.34E-17 5.16E-18 2.14E-18
 4.61E-14 3.03E-14 2.06E-14 1.53E-14 3.46E-15 5.47E-16 1.63E-16 5.31E-17
 1.28E-17 4.43E-18 1.55E-18
   749.4 A   8  11 /FILMEM = MOM93#B /TYPE = RECOM    /INDM =+1/ISEL =   25
 7.81E+01 7.81E+04 7.81E+07 7.81E+10 7.81E+13 7.81E+16 7.81E+19 7.81E+22
 2.15E+00 4.31E+00 1.08E+01 2.15E+01 4.31E+01 1.08E+02 2.15E+02 4.31E+02
 1.08E+03 2.15E+03 4.31E+03
 7.14E-15 4.95E-15 2.94E-15 1.87E-15 1.12E-15 5.12E-16 2.52E-16 1.20E-16
 4.52E-17 2.18E-17 1.06E-17
 7.14E-15 4.95E-15 2.94E-15 1.87E-15 1.12E-15 5.12E-16 2.52E-16 1.20E-16
 4.52E-17 2.18E-17 1.06E-17
 7.14E-15 4.95E-15 2.94E-15 1.87E-15 1.12E-15 5.12E-16 2.52E-16 1.20E-16
 4.52E-17 2.18E-17 1.06E-17
 7.14E-15 4.95E-15 2.94E-15 1.87E-15 1.12E-15 5.12E-16 2.52E-16 1.20E-16
 4.52E-17 2.18E-17 1.06E-17
 7.15E-15 4.95E-15 2.94E-15 1.87E-15 1.12E-15 5.12E-16 2.52E-16 1.20E-16
 4.53E-17 2.19E-17 1.07E-17
 9.94E-15 6.27E-15 3.40E-15 2.07E-15 1.20E-15 5.36E-16 2.63E-16 1.26E-16
 4.84E-17 2.40E-17 1.21E-17
 1.26E-13 8.24E-14 4.62E-14 2.36E-14 8.46E-15 1.87E-15 6.24E-16 2.16E-16
 5.55E-17 2.08E-17 8.31E-18
 1.31E-13 8.72E-14 5.48E-14 3.67E-14 1.06E-14 2.06E-15 6.63E-16 2.23E-16
 5.49E-17 1.92E-17 6.76E-18
   262.4 A   8  11 /FILMEM = MOM93#B /TYPE = RECOM    /INDM =+1/ISEL =   26
 7.81E+01 7.81E+04 7.81E+07 7.81E+10 7.81E+13 7.81E+16 7.81E+19 7.81E+22
 2.15E+00 4.31E+00 1.08E+01 2.15E+01 4.31E+01 1.08E+02 2.15E+02 4.31E+02
 1.08E+03 2.15E+03 4.31E+03
 6.12E-13 3.98E-13 2.07E-13 1.16E-13 5.99E-14 2.22E-14 9.63E-15 3.98E-15
 1.24E-15 5.25E-16 2.26E-16
 6.12E-13 3.98E-13 2.07E-13 1.16E-13 5.99E-14 2.22E-14 9.63E-15 3.98E-15
 1.24E-15 5.25E-16 2.26E-16
 6.12E-13 3.98E-13 2.07E-13 1.16E-13 5.99E-14 2.22E-14 9.63E-15 3.98E-15
 1.24E-15 5.25E-16 2.26E-16
 6.12E-13 3.98E-13 2.07E-13 1.16E-13 5.99E-14 2.22E-14 9.63E-15 3.98E-15
 1.24E-15 5.25E-16 2.26E-16
 6.12E-13 3.98E-13 2.07E-13 1.16E-13 6.00E-14 2.22E-14 9.64E-15 3.99E-15
 1.25E-15 5.26E-16 2.27E-16
 8.13E-13 5.01E-13 2.50E-13 1.38E-13 7.12E-14 2.66E-14 1.16E-14 4.85E-15
 1.53E-15 6.55E-16 2.86E-16
 1.09E-11 7.06E-12 3.58E-12 1.84E-12 6.15E-13 1.22E-13 3.87E-14 1.31E-14
 3.37E-15 1.28E-15 5.19E-16
 1.15E-11 7.58E-12 5.18E-12 3.90E-12 8.83E-13 1.40E-13 4.17E-14 1.35E-14
 3.26E-15 1.13E-15 3.97E-16
   749.9 A   8  11 /FILMEM = MOM93#B /TYPE = RECOM    /INDM =+1/ISEL =   27
 7.81E+01 7.81E+04 7.81E+07 7.81E+10 7.81E+13 7.81E+16 7.81E+19 7.81E+22
 2.15E+00 4.31E+00 1.08E+01 2.15E+01 4.31E+01 1.08E+02 2.15E+02 4.31E+02
 1.08E+03 2.15E+03 4.31E+03
 8.11E-16 5.62E-16 3.34E-16 2.12E-16 1.27E-16 5.81E-17 2.86E-17 1.36E-17
 5.14E-18 2.48E-18 1.21E-18
 8.11E-16 5.62E-16 3.34E-16 2.12E-16 1.27E-16 5.81E-17 2.86E-17 1.36E-17
 5.14E-18 2.48E-18 1.21E-18
 8.11E-16 5.62E-16 3.34E-16 2.12E-16 1.27E-16 5.81E-17 2.86E-17 1.36E-17
 5.14E-18 2.48E-18 1.21E-18
 8.11E-16 5.62E-16 3.34E-16 2.12E-16 1.27E-16 5.81E-17 2.86E-17 1.36E-17
 5.14E-18 2.48E-18 1.21E-18
 8.12E-16 5.62E-16 3.34E-16 2.12E-16 1.27E-16 5.82E-17 2.86E-17 1.36E-17
 5.14E-18 2.48E-18 1.21E-18
 1.13E-15 7.12E-16 3.86E-16 2.35E-16 1.36E-16 6.09E-17 2.99E-17 1.43E-17
 5.50E-18 2.72E-18 1.38E-18
 1.43E-14 9.35E-15 5.25E-15 2.68E-15 9.61E-16 2.13E-16 7.09E-17 2.45E-17
 6.30E-18 2.36E-18 9.43E-19
 1.49E-14 9.90E-15 6.22E-15 4.16E-15 1.20E-15 2.34E-16 7.53E-17 2.54E-17
 6.23E-18 2.18E-18 7.68E-19
   749.8 A   8  11 /FILMEM = MOM93#B /TYPE = RECOM    /INDM =+1/ISEL =   28
 7.81E+01 7.81E+04 7.81E+07 7.81E+10 7.81E+13 7.81E+16 7.81E+19 7.81E+22
 2.15E+00 4.31E+00 1.08E+01 2.15E+01 4.31E+01 1.08E+02 2.15E+02 4.31E+02
 1.08E+03 2.15E+03 4.31E+03
 1.83E-13 1.14E-13 5.41E-14 2.76E-14 1.28E-14 4.07E-15 1.59E-15 5.98E-16
 1.63E-16 6.07E-17 2.27E-17
 1.83E-13 1.14E-13 5.41E-14 2.76E-14 1.28E-14 4.07E-15 1.59E-15 5.98E-16
 1.63E-16 6.07E-17 2.27E-17
 1.83E-13 1.14E-13 5.41E-14 2.76E-14 1.28E-14 4.07E-15 1.59E-15 5.98E-16
 1.63E-16 6.07E-17 2.27E-17
 1.83E-13 1.14E-13 5.41E-14 2.76E-14 1.28E-14 4.07E-15 1.59E-15 5.98E-16
 1.63E-16 6.07E-17 2.27E-17
 1.83E-13 1.14E-13 5.41E-14 2.76E-14 1.28E-14 4.07E-15 1.59E-15 5.98E-16
 1.63E-16 6.08E-17 2.27E-17
 1.82E-13 1.16E-13 5.90E-14 3.16E-14 1.51E-14 4.90E-15 1.93E-15 7.27E-16
 1.97E-16 7.36E-17 2.76E-17
 1.83E-13 1.45E-13 1.95E-13 1.74E-13 7.95E-14 1.92E-14 6.52E-15 2.27E-15
 5.89E-16 2.21E-16 8.84E-17
 1.83E-13 1.47E-13 2.56E-13 3.36E-13 1.09E-13 2.15E-14 6.93E-15 2.34E-15
 5.75E-16 2.01E-16 7.08E-17
   194.4 A   8  11 /FILMEM = MOM93#B /TYPE = RECOM    /INDM =+1/ISEL =   29
 7.81E+01 7.81E+04 7.81E+07 7.81E+10 7.81E+13 7.81E+16 7.81E+19 7.81E+22
 2.15E+00 4.31E+00 1.08E+01 2.15E+01 4.31E+01 1.08E+02 2.15E+02 4.31E+02
 1.08E+03 2.15E+03 4.31E+03
 3.54E-14 2.51E-14 1.57E-14 1.07E-14 7.09E-15 4.00E-15 2.34E-15 1.36E-15
 6.67E-16 3.90E-16 2.27E-16
 3.54E-14 2.51E-14 1.57E-14 1.07E-14 7.09E-15 4.00E-15 2.34E-15 1.36E-15
 6.67E-16 3.90E-16 2.27E-16
 3.54E-14 2.51E-14 1.57E-14 1.07E-14 7.09E-15 4.00E-15 2.34E-15 1.36E-15
 6.67E-16 3.90E-16 2.27E-16
 3.54E-14 2.51E-14 1.57E-14 1.07E-14 7.09E-15 4.00E-15 2.34E-15 1.36E-15
 6.67E-16 3.90E-16 2.27E-16
 3.53E-14 2.50E-14 1.56E-14 1.07E-14 7.09E-15 4.00E-15 2.34E-15 1.36E-15
 6.67E-16 3.89E-16 2.27E-16
 9.81E-15 8.09E-15 6.06E-15 4.47E-15 3.03E-15 1.75E-15 1.06E-15 6.58E-16
 3.60E-16 2.30E-16 1.46E-16
 3.73E-15 2.67E-15 2.41E-15 1.80E-15 7.66E-16 1.80E-16 6.15E-17 2.18E-17
 6.00E-18 2.46E-18 1.13E-18
 3.72E-15 2.68E-15 2.93E-15 3.13E-15 9.80E-16 1.93E-16 6.20E-17 2.09E-17
 5.14E-18 1.80E-18 6.34E-19
   749.8 A   8  11 /FILMEM = MOM93#B /TYPE = RECOM    /INDM =+1/ISEL =   30
 7.81E+01 7.81E+04 7.81E+07 7.81E+10 7.81E+13 7.81E+16 7.81E+19 7.81E+22
 2.15E+00 4.31E+00 1.08E+01 2.15E+01 4.31E+01 1.08E+02 2.15E+02 4.31E+02
 1.08E+03 2.15E+03 4.31E+03
 2.53E-14 1.79E-14 1.12E-14 7.62E-15 5.05E-15 2.85E-15 1.67E-15 9.68E-16
 4.76E-16 2.78E-16 1.62E-16
 2.53E-14 1.79E-14 1.12E-14 7.62E-15 5.05E-15 2.85E-15 1.67E-15 9.68E-16
 4.76E-16 2.78E-16 1.62E-16
 2.53E-14 1.79E-14 1.12E-14 7.62E-15 5.05E-15 2.85E-15 1.67E-15 9.68E-16
 4.76E-16 2.78E-16 1.62E-16
 2.53E-14 1.79E-14 1.12E-14 7.62E-15 5.05E-15 2.85E-15 1.67E-15 9.68E-16
 4.76E-16 2.78E-16 1.62E-16
 2.52E-14 1.78E-14 1.11E-14 7.61E-15 5.05E-15 2.85E-15 1.66E-15 9.68E-16
 4.75E-16 2.77E-16 1.62E-16
 6.99E-15 5.77E-15 4.32E-15 3.18E-15 2.16E-15 1.24E-15 7.56E-16 4.69E-16
 2.57E-16 1.64E-16 1.04E-16
 2.65E-15 1.90E-15 1.72E-15 1.28E-15 5.46E-16 1.29E-16 4.38E-17 1.55E-17
 4.27E-18 1.75E-18 8.06E-19
 2.65E-15 1.91E-15 2.09E-15 2.23E-15 6.98E-16 1.37E-16 4.42E-17 1.49E-17
 3.66E-18 1.28E-18 4.51E-19
   194.4 A   8  11 /FILMEM = MOM93#B /TYPE = RECOM    /INDM =+1/ISEL =   31
 7.81E+01 7.81E+04 7.81E+07 7.81E+10 7.81E+13 7.81E+16 7.81E+19 7.81E+22
 2.15E+00 4.31E+00 1.08E+01 2.15E+01 4.31E+01 1.08E+02 2.15E+02 4.31E+02
 1.08E+03 2.15E+03 4.31E+03
 2.05E-13 1.36E-13 7.30E-14 4.15E-14 2.17E-14 8.07E-15 3.43E-15 1.42E-15
 4.38E-16 1.81E-16 7.51E-17
 2.05E-13 1.36E-13 7.30E-14 4.15E-14 2.17E-14 8.07E-15 3.43E-15 1.42E-15
 4.38E-16 1.81E-16 7.51E-17
 2.05E-13 1.36E-13 7.30E-14 4.15E-14 2.17E-14 8.07E-15 3.43E-15 1.42E-15
 4.38E-16 1.81E-16 7.51E-17
 2.05E-13 1.36E-13 7.30E-14 4.15E-14 2.17E-14 8.07E-15 3.43E-15 1.42E-15
 4.38E-16 1.81E-16 7.51E-17
 2.05E-13 1.36E-13 7.30E-14 4.16E-14 2.17E-14 8.08E-15 3.44E-15 1.42E-15
 4.39E-16 1.81E-16 7.52E-17
 2.49E-13 1.58E-13 8.21E-14 4.62E-14 2.40E-14 8.89E-15 3.81E-15 1.59E-15
 5.01E-16 2.12E-16 9.06E-17
 4.50E-13 3.37E-13 3.73E-13 3.14E-13 1.42E-13 3.41E-14 1.16E-14 4.04E-15
 1.05E-15 3.93E-16 1.57E-16
 4.51E-13 3.41E-13 4.82E-13 6.01E-13 1.94E-13 3.83E-14 1.23E-14 4.16E-15
 1.02E-15 3.59E-16 1.26E-16
   749.6 A   8  11 /FILMEM = MOM93#B /TYPE = RECOM    /INDM =+1/ISEL =   32
 7.81E+01 7.81E+04 7.81E+07 7.81E+10 7.81E+13 7.81E+16 7.81E+19 7.81E+22
 2.15E+00 4.31E+00 1.08E+01 2.15E+01 4.31E+01 1.08E+02 2.15E+02 4.31E+02
 1.08E+03 2.15E+03 4.31E+03
 7.00E-14 4.66E-14 2.49E-14 1.42E-14 7.41E-15 2.76E-15 1.17E-15 4.83E-16
 1.50E-16 6.18E-17 2.56E-17
 7.00E-14 4.66E-14 2.49E-14 1.42E-14 7.41E-15 2.76E-15 1.17E-15 4.83E-16
 1.50E-16 6.18E-17 2.56E-17
 7.00E-14 4.66E-14 2.49E-14 1.42E-14 7.41E-15 2.76E-15 1.17E-15 4.83E-16
 1.50E-16 6.18E-17 2.56E-17
 7.00E-14 4.66E-14 2.49E-14 1.42E-14 7.41E-15 2.76E-15 1.17E-15 4.83E-16
 1.50E-16 6.18E-17 2.56E-17
 7.00E-14 4.66E-14 2.49E-14 1.42E-14 7.41E-15 2.76E-15 1.17E-15 4.84E-16
 1.50E-16 6.19E-17 2.57E-17
 8.51E-14 5.41E-14 2.80E-14 1.58E-14 8.18E-15 3.03E-15 1.30E-15 5.42E-16
 1.71E-16 7.23E-17 3.09E-17
 1.54E-13 1.15E-13 1.27E-13 1.07E-13 4.84E-14 1.16E-14 3.95E-15 1.38E-15
 3.57E-16 1.34E-16 5.38E-17
 1.54E-13 1.17E-13 1.65E-13 2.05E-13 6.61E-14 1.31E-14 4.22E-15 1.42E-15
 3.50E-16 1.22E-16 4.31E-17
C-----------------------------------------------------------------------
C
C  PHOTON EMISSIVITY COEFFICIENTS:
C
C  SOURCE SPECIFIC ION   FILE:/JETXLE.HLIKE.DATA(MOM93#B)
C  SOURCE IONIS. COEFFT. FILE:
C  META. ION. COEFF. SELECTOR:  0(1,1)
C  POPULATION PROCESSING CODE:  ADAS208
C
C  ISEL  WAVELENGTH      TRANSITION            TYPE    METASTABLE  IMET NMET  IP
C  ----  ----------  ------------------------  -----  ------------ ---- ----  --
C   1.      41.0     6(2)2( 4.5)- 1(2)0( 0.5)  EXCIT   1(2)0( 0.5)   1     1
C   2.      38.9     9(2)2( 4.5)- 1(2)0( 0.5)  EXCIT   1(2)0( 0.5)   1     1
C   3.      48.6     3(2)1( 2.5)- 1(2)0( 0.5)  EXCIT   1(2)0( 0.5)   1     1
C   4.      41.0     5(2)1( 2.5)- 1(2)0( 0.5)  EXCIT   1(2)0( 0.5)   1     1
C   5.      38.9     8(2)1( 2.5)- 1(2)0( 0.5)  EXCIT   1(2)0( 0.5)   1     1
C   6.     262.3     5(2)1( 2.5)- 2(2)0( 0.5)  EXCIT   1(2)0( 0.5)   1     1
C   7.     194.3     8(2)1( 2.5)- 2(2)0( 0.5)  EXCIT   1(2)0( 0.5)   1     1
C   8.     262.4     4(2)0( 0.5)- 3(2)1( 2.5)  EXCIT   1(2)0( 0.5)   1     1
C   9.     749.4     8(2)1( 2.5)- 4(2)0( 0.5)  EXCIT   1(2)0( 0.5)   1     1
C  10.     262.4     6(2)2( 4.5)- 3(2)1( 2.5)  EXCIT   1(2)0( 0.5)   1     1
C  11.     749.9     8(2)1( 2.5)- 6(2)2( 4.5)  EXCIT   1(2)0( 0.5)   1     1
C  12.     749.8    10(2)3( 6.5)- 6(2)2( 4.5)  EXCIT   1(2)0( 0.5)   1     1
C  13.     194.4     7(2)0( 0.5)- 3(2)1( 2.5)  EXCIT   1(2)0( 0.5)   1     1
C  14.     749.8     7(2)0( 0.5)- 5(2)1( 2.5)  EXCIT   1(2)0( 0.5)   1     1
C  15.     194.4     9(2)2( 4.5)- 3(2)1( 2.5)  EXCIT   1(2)0( 0.5)   1     1
C  16.     749.6     9(2)2( 4.5)- 5(2)1( 2.5)  EXCIT   1(2)0( 0.5)   1     1
C  17.      41.0     6(2)2( 4.5)- 1(2)0( 0.5)  RECOM  SEE MOM93#B             +1
C  18.      38.9     9(2)2( 4.5)- 1(2)0( 0.5)  RECOM  SEE MOM93#B             +1
C  19.      48.6     3(2)1( 2.5)- 1(2)0( 0.5)  RECOM  SEE MOM93#B             +1
C  20.      41.0     5(2)1( 2.5)- 1(2)0( 0.5)  RECOM  SEE MOM93#B             +1
C  21.      38.9     8(2)1( 2.5)- 1(2)0( 0.5)  RECOM  SEE MOM93#B             +1
C  22.     262.3     5(2)1( 2.5)- 2(2)0( 0.5)  RECOM  SEE MOM93#B             +1
C  23.     194.3     8(2)1( 2.5)- 2(2)0( 0.5)  RECOM  SEE MOM93#B             +1
C  24.     262.4     4(2)0( 0.5)- 3(2)1( 2.5)  RECOM  SEE MOM93#B             +1
C  25.     749.4     8(2)1( 2.5)- 4(2)0( 0.5)  RECOM  SEE MOM93#B             +1
C  26.     262.4     6(2)2( 4.5)- 3(2)1( 2.5)  RECOM  SEE MOM93#B             +1
C  27.     749.9     8(2)1( 2.5)- 6(2)2( 4.5)  RECOM  SEE MOM93#B             +1
C  28.     749.8    10(2)3( 6.5)- 6(2)2( 4.5)  RECOM  SEE MOM93#B             +1
C  29.     194.4     7(2)0( 0.5)- 3(2)1( 2.5)  RECOM  SEE MOM93#B             +1
C  30.     749.8     7(2)0( 0.5)- 5(2)1( 2.5)  RECOM  SEE MOM93#B             +1
C  31.     194.4     9(2)2( 4.5)- 3(2)1( 2.5)  RECOM  SEE MOM93#B             +1
C  32.     749.6     9(2)2( 4.5)- 5(2)1( 2.5)  RECOM  SEE MOM93#B             +1
C
C   NOTES:  PROCESSED 25/02/94
C
C-------------------------------------------------------------------------------
 
C---------------------------------------------------------------------------------
C ADAS ADF15 DATA - SCCS info: @(#)$Header: /home/adascvs/adas/adf15/pec93#b/pec93#b_llr#b4.dat,v 2.1 2004/07/07 00:24:22 whitefor Exp $ Date $Date: 2004/07/07 00:24:22 $
C---------------------------------------------------------------------------------
