   30    /B + 2 PHOTON EMISSIVITY COEFFICIENTS/
  2066.8 A   8  11 /FILMEM = MOM93#B /TYPE = EXCIT    /INDM = T/ISEL =    1
 1.28E-01 1.28E+02 1.28E+05 1.28E+08 1.28E+11 1.28E+14 1.28E+17 1.28E+20
 3.45E-01 6.89E-01 1.72E+00 3.45E+00 6.89E+00 1.72E+01 3.45E+01 6.89E+01
 1.72E+02 3.45E+02 6.89E+02
 3.19E-14 1.37E-10 1.63E-08 6.74E-08 1.20E-07 1.48E-07 1.43E-07 1.27E-07
 1.01E-07 8.29E-08 6.71E-08
 3.19E-14 1.37E-10 1.63E-08 6.74E-08 1.20E-07 1.48E-07 1.43E-07 1.27E-07
 1.01E-07 8.29E-08 6.71E-08
 3.19E-14 1.37E-10 1.63E-08 6.74E-08 1.20E-07 1.48E-07 1.43E-07 1.27E-07
 1.01E-07 8.29E-08 6.71E-08
 3.19E-14 1.37E-10 1.63E-08 6.74E-08 1.20E-07 1.48E-07 1.43E-07 1.27E-07
 1.01E-07 8.29E-08 6.71E-08
 3.19E-14 1.37E-10 1.63E-08 6.74E-08 1.20E-07 1.48E-07 1.43E-07 1.27E-07
 1.01E-07 8.28E-08 6.71E-08
 2.54E-14 1.16E-10 1.44E-08 5.96E-08 1.05E-07 1.29E-07 1.26E-07 1.14E-07
 9.28E-08 7.72E-08 6.33E-08
 1.24E-16 7.44E-13 1.26E-10 5.12E-10 7.57E-10 6.15E-10 5.04E-10 4.59E-10
 4.51E-10 4.66E-10 4.90E-10
 1.24E-19 7.48E-16 1.27E-13 5.13E-13 6.40E-13 2.69E-13 1.56E-13 1.15E-13
 9.54E-14 8.95E-14 8.67E-14
   518.2 A   8  11 /FILMEM = MOM93#B /TYPE = EXCIT    /INDM = T/ISEL =    2
 1.28E-01 1.28E+02 1.28E+05 1.28E+08 1.28E+11 1.28E+14 1.28E+17 1.28E+20
 3.45E-01 6.89E-01 1.72E+00 3.45E+00 6.89E+00 1.72E+01 3.45E+01 6.89E+01
 1.72E+02 3.45E+02 6.89E+02
 1.23E-38 1.04E-23 7.42E-15 5.92E-12 1.57E-10 1.00E-09 1.73E-09 2.20E-09
 2.47E-09 2.50E-09 2.47E-09
 1.23E-38 1.04E-23 7.42E-15 5.92E-12 1.57E-10 1.00E-09 1.73E-09 2.20E-09
 2.47E-09 2.50E-09 2.47E-09
 1.23E-38 1.04E-23 7.42E-15 5.92E-12 1.57E-10 1.00E-09 1.73E-09 2.20E-09
 2.47E-09 2.50E-09 2.47E-09
 1.23E-38 1.04E-23 7.42E-15 5.92E-12 1.57E-10 1.00E-09 1.73E-09 2.20E-09
 2.47E-09 2.50E-09 2.47E-09
 1.24E-38 1.04E-23 7.43E-15 5.92E-12 1.57E-10 1.00E-09 1.73E-09 2.20E-09
 2.47E-09 2.50E-09 2.47E-09
 4.42E-38 2.76E-23 1.40E-14 9.09E-12 2.03E-10 1.13E-09 1.84E-09 2.25E-09
 2.45E-09 2.45E-09 2.41E-09
 1.96E-38 1.88E-23 1.36E-14 8.03E-12 1.27E-10 3.67E-10 4.21E-10 4.30E-10
 4.25E-10 4.16E-10 4.05E-10
 2.16E-41 2.54E-26 2.57E-17 1.88E-14 3.16E-13 6.33E-13 6.17E-13 5.90E-13
 5.70E-13 5.63E-13 5.59E-13
   411.8 A   8  11 /FILMEM = MOM93#B /TYPE = EXCIT    /INDM = T/ISEL =    3
 1.28E-01 1.28E+02 1.28E+05 1.28E+08 1.28E+11 1.28E+14 1.28E+17 1.28E+20
 3.45E-01 6.89E-01 1.72E+00 3.45E+00 6.89E+00 1.72E+01 3.45E+01 6.89E+01
 1.72E+02 3.45E+02 6.89E+02
 5.26E-47 3.48E-28 5.56E-17 2.62E-13 1.57E-11 1.53E-10 3.00E-10 4.04E-10
 4.73E-10 4.86E-10 4.81E-10
 5.26E-47 3.48E-28 5.56E-17 2.62E-13 1.57E-11 1.53E-10 3.00E-10 4.04E-10
 4.73E-10 4.86E-10 4.81E-10
 5.26E-47 3.48E-28 5.56E-17 2.62E-13 1.57E-11 1.53E-10 3.00E-10 4.04E-10
 4.73E-10 4.86E-10 4.81E-10
 5.26E-47 3.48E-28 5.56E-17 2.62E-13 1.57E-11 1.53E-10 3.00E-10 4.04E-10
 4.73E-10 4.86E-10 4.81E-10
 5.31E-47 3.50E-28 5.58E-17 2.62E-13 1.57E-11 1.53E-10 3.00E-10 4.04E-10
 4.73E-10 4.86E-10 4.81E-10
 1.52E-46 6.42E-28 7.51E-17 3.04E-13 1.66E-11 1.53E-10 2.92E-10 3.81E-10
 4.29E-10 4.33E-10 4.26E-10
 1.58E-46 1.18E-27 1.84E-16 6.44E-13 2.45E-11 1.19E-10 1.61E-10 1.76E-10
 1.78E-10 1.73E-10 1.66E-10
 1.79E-49 1.66E-30 3.64E-19 1.60E-15 6.61E-14 2.27E-13 2.64E-13 2.76E-13
 2.82E-13 2.83E-13 2.84E-13
   376.3 A   8  11 /FILMEM = MOM93#B /TYPE = EXCIT    /INDM = T/ISEL =    4
 1.28E-01 1.28E+02 1.28E+05 1.28E+08 1.28E+11 1.28E+14 1.28E+17 1.28E+20
 3.45E-01 6.89E-01 1.72E+00 3.45E+00 6.89E+00 1.72E+01 3.45E+01 6.89E+01
 1.72E+02 3.45E+02 6.89E+02
 5.66E-51 2.29E-30 4.13E-18 4.18E-14 3.60E-12 4.35E-11 9.18E-11 1.30E-10
 1.58E-10 1.65E-10 1.64E-10
 5.66E-51 2.29E-30 4.13E-18 4.18E-14 3.60E-12 4.35E-11 9.18E-11 1.30E-10
 1.58E-10 1.65E-10 1.64E-10
 5.66E-51 2.29E-30 4.13E-18 4.18E-14 3.60E-12 4.35E-11 9.18E-11 1.30E-10
 1.58E-10 1.65E-10 1.64E-10
 5.66E-51 2.29E-30 4.13E-18 4.18E-14 3.60E-12 4.35E-11 9.18E-11 1.30E-10
 1.58E-10 1.65E-10 1.64E-10
 5.81E-51 2.33E-30 4.19E-18 4.24E-14 3.63E-12 4.38E-11 9.22E-11 1.30E-10
 1.58E-10 1.65E-10 1.64E-10
 9.21E-51 2.68E-30 3.91E-18 3.56E-14 2.87E-12 3.35E-11 6.86E-11 9.31E-11
 1.08E-10 1.10E-10 1.10E-10
 2.26E-50 1.04E-29 1.91E-17 1.52E-13 8.70E-12 5.39E-11 7.88E-11 8.98E-11
 9.28E-11 9.07E-11 8.66E-11
 2.57E-53 1.46E-32 3.80E-20 3.81E-16 2.37E-14 1.04E-13 1.32E-13 1.44E-13
 1.50E-13 1.52E-13 1.53E-13
   758.6 A   8  11 /FILMEM = MOM93#B /TYPE = EXCIT    /INDM = T/ISEL =    5
 1.28E-01 1.28E+02 1.28E+05 1.28E+08 1.28E+11 1.28E+14 1.28E+17 1.28E+20
 3.45E-01 6.89E-01 1.72E+00 3.45E+00 6.89E+00 1.72E+01 3.45E+01 6.89E+01
 1.72E+02 3.45E+02 6.89E+02
 1.00E-74 2.33E-22 4.13E-14 1.93E-11 3.55E-10 1.64E-09 2.33E-09 2.42E-09
 2.03E-09 1.65E-09 1.30E-09
 2.77E-36 2.33E-22 4.13E-14 1.93E-11 3.55E-10 1.64E-09 2.33E-09 2.42E-09
 2.03E-09 1.65E-09 1.30E-09
 2.77E-36 2.33E-22 4.13E-14 1.93E-11 3.55E-10 1.64E-09 2.33E-09 2.42E-09
 2.03E-09 1.65E-09 1.30E-09
 2.77E-36 2.33E-22 4.13E-14 1.93E-11 3.55E-10 1.64E-09 2.33E-09 2.42E-09
 2.03E-09 1.65E-09 1.30E-09
 2.77E-36 2.33E-22 4.13E-14 1.93E-11 3.55E-10 1.64E-09 2.33E-09 2.42E-09
 2.03E-09 1.65E-09 1.30E-09
 3.15E-36 2.39E-22 3.51E-14 1.48E-11 2.61E-10 1.21E-09 1.79E-09 1.94E-09
 1.72E-09 1.45E-09 1.18E-09
 2.85E-37 2.77E-23 5.02E-15 1.87E-12 2.35E-11 5.94E-11 6.53E-11 6.54E-11
 6.44E-11 6.34E-11 6.24E-11
 3.07E-40 3.65E-26 9.31E-18 4.31E-15 5.76E-14 1.00E-13 9.36E-14 8.74E-14
 8.33E-14 8.19E-14 8.11E-14
  7838.8 A   8  11 /FILMEM = MOM93#B /TYPE = EXCIT    /INDM = T/ISEL =    6
 1.28E-01 1.28E+02 1.28E+05 1.28E+08 1.28E+11 1.28E+14 1.28E+17 1.28E+20
 3.45E-01 6.89E-01 1.72E+00 3.45E+00 6.89E+00 1.72E+01 3.45E+01 6.89E+01
 1.72E+02 3.45E+02 6.89E+02
 2.15E-40 1.81E-25 1.29E-16 1.03E-13 2.74E-12 1.75E-11 3.01E-11 3.84E-11
 4.30E-11 4.36E-11 4.30E-11
 2.15E-40 1.81E-25 1.29E-16 1.03E-13 2.74E-12 1.75E-11 3.01E-11 3.84E-11
 4.30E-11 4.36E-11 4.30E-11
 2.15E-40 1.81E-25 1.29E-16 1.03E-13 2.74E-12 1.75E-11 3.01E-11 3.84E-11
 4.30E-11 4.36E-11 4.30E-11
 2.15E-40 1.81E-25 1.29E-16 1.03E-13 2.74E-12 1.75E-11 3.01E-11 3.84E-11
 4.30E-11 4.36E-11 4.30E-11
 2.15E-40 1.81E-25 1.29E-16 1.03E-13 2.74E-12 1.75E-11 3.01E-11 3.84E-11
 4.30E-11 4.36E-11 4.30E-11
 7.69E-40 4.81E-25 2.45E-16 1.58E-13 3.54E-12 1.98E-11 3.21E-11 3.93E-11
 4.27E-11 4.27E-11 4.20E-11
 3.42E-40 3.28E-25 2.37E-16 1.40E-13 2.21E-12 6.40E-12 7.34E-12 7.49E-12
 7.40E-12 7.25E-12 7.06E-12
 3.76E-43 4.43E-28 4.48E-19 3.28E-16 5.51E-15 1.10E-14 1.08E-14 1.03E-14
 9.93E-15 9.80E-15 9.74E-15
  1596.7 A   8  11 /FILMEM = MOM93#B /TYPE = EXCIT    /INDM = T/ISEL =    7
 1.28E-01 1.28E+02 1.28E+05 1.28E+08 1.28E+11 1.28E+14 1.28E+17 1.28E+20
 3.45E-01 6.89E-01 1.72E+00 3.45E+00 6.89E+00 1.72E+01 3.45E+01 6.89E+01
 1.72E+02 3.45E+02 6.89E+02
 1.02E-47 6.74E-29 1.08E-17 5.07E-14 3.03E-12 2.96E-11 5.81E-11 7.81E-11
 9.16E-11 9.41E-11 9.31E-11
 1.02E-47 6.74E-29 1.08E-17 5.07E-14 3.03E-12 2.96E-11 5.81E-11 7.81E-11
 9.16E-11 9.41E-11 9.31E-11
 1.02E-47 6.74E-29 1.08E-17 5.07E-14 3.03E-12 2.96E-11 5.81E-11 7.81E-11
 9.16E-11 9.41E-11 9.31E-11
 1.02E-47 6.74E-29 1.08E-17 5.07E-14 3.03E-12 2.96E-11 5.81E-11 7.81E-11
 9.16E-11 9.41E-11 9.31E-11
 1.03E-47 6.78E-29 1.08E-17 5.08E-14 3.04E-12 2.97E-11 5.81E-11 7.81E-11
 9.16E-11 9.41E-11 9.31E-11
 2.95E-47 1.24E-28 1.45E-17 5.88E-14 3.21E-12 2.97E-11 5.65E-11 7.37E-11
 8.30E-11 8.39E-11 8.25E-11
 3.06E-47 2.29E-28 3.56E-17 1.25E-13 4.75E-12 2.30E-11 3.11E-11 3.40E-11
 3.45E-11 3.35E-11 3.21E-11
 3.46E-50 3.21E-31 7.05E-20 3.11E-16 1.28E-14 4.39E-14 5.12E-14 5.35E-14
 5.45E-14 5.48E-14 5.50E-14
  1169.3 A   8  11 /FILMEM = MOM93#B /TYPE = EXCIT    /INDM = T/ISEL =    8
 1.28E-01 1.28E+02 1.28E+05 1.28E+08 1.28E+11 1.28E+14 1.28E+17 1.28E+20
 3.45E-01 6.89E-01 1.72E+00 3.45E+00 6.89E+00 1.72E+01 3.45E+01 6.89E+01
 1.72E+02 3.45E+02 6.89E+02
 1.32E-51 5.34E-31 9.65E-19 9.77E-15 8.40E-13 1.02E-11 2.14E-11 3.03E-11
 3.70E-11 3.85E-11 3.82E-11
 1.32E-51 5.34E-31 9.65E-19 9.77E-15 8.40E-13 1.02E-11 2.14E-11 3.03E-11
 3.70E-11 3.85E-11 3.82E-11
 1.32E-51 5.34E-31 9.65E-19 9.77E-15 8.40E-13 1.02E-11 2.14E-11 3.03E-11
 3.70E-11 3.85E-11 3.82E-11
 1.32E-51 5.34E-31 9.65E-19 9.77E-15 8.40E-13 1.02E-11 2.14E-11 3.03E-11
 3.70E-11 3.85E-11 3.82E-11
 1.36E-51 5.45E-31 9.79E-19 9.89E-15 8.49E-13 1.02E-11 2.15E-11 3.04E-11
 3.70E-11 3.85E-11 3.82E-11
 2.15E-51 6.25E-31 9.12E-19 8.32E-15 6.71E-13 7.81E-12 1.60E-11 2.17E-11
 2.51E-11 2.57E-11 2.57E-11
 5.28E-51 2.42E-30 4.45E-18 3.54E-14 2.03E-12 1.26E-11 1.84E-11 2.10E-11
 2.17E-11 2.12E-11 2.02E-11
 6.01E-54 3.41E-33 8.87E-21 8.90E-17 5.54E-15 2.43E-14 3.08E-14 3.35E-14
 3.50E-14 3.55E-14 3.57E-14
   677.1 A   8  11 /FILMEM = MOM93#B /TYPE = EXCIT    /INDM = T/ISEL =    9
 1.28E-01 1.28E+02 1.28E+05 1.28E+08 1.28E+11 1.28E+14 1.28E+17 1.28E+20
 3.45E-01 6.89E-01 1.72E+00 3.45E+00 6.89E+00 1.72E+01 3.45E+01 6.89E+01
 1.72E+02 3.45E+02 6.89E+02
 2.29E-38 3.34E-23 3.27E-14 2.68E-11 6.55E-10 3.51E-09 5.21E-09 5.48E-09
 4.54E-09 3.60E-09 2.76E-09
 2.29E-38 3.34E-23 3.27E-14 2.68E-11 6.55E-10 3.51E-09 5.21E-09 5.48E-09
 4.54E-09 3.60E-09 2.76E-09
 2.29E-38 3.34E-23 3.27E-14 2.68E-11 6.55E-10 3.51E-09 5.21E-09 5.48E-09
 4.54E-09 3.60E-09 2.76E-09
 2.29E-38 3.34E-23 3.27E-14 2.68E-11 6.55E-10 3.51E-09 5.21E-09 5.48E-09
 4.54E-09 3.60E-09 2.76E-09
 2.30E-38 3.35E-23 3.27E-14 2.69E-11 6.55E-10 3.51E-09 5.21E-09 5.49E-09
 4.55E-09 3.61E-09 2.76E-09
 6.41E-38 7.77E-23 6.11E-14 4.32E-11 9.39E-10 4.66E-09 6.75E-09 7.05E-09
 5.85E-09 4.65E-09 3.56E-09
 7.99E-38 1.35E-22 1.37E-13 9.07E-11 1.51E-09 4.53E-09 5.25E-09 5.37E-09
 5.31E-09 5.20E-09 5.05E-09
 8.93E-41 1.84E-25 2.60E-16 2.14E-13 3.79E-12 7.85E-12 7.74E-12 7.44E-12
 7.21E-12 7.13E-12 7.09E-12
  2138.5 A   8  11 /FILMEM = MOM93#B /TYPE = EXCIT    /INDM = T/ISEL =   10
 1.28E-01 1.28E+02 1.28E+05 1.28E+08 1.28E+11 1.28E+14 1.28E+17 1.28E+20
 3.45E-01 6.89E-01 1.72E+00 3.45E+00 6.89E+00 1.72E+01 3.45E+01 6.89E+01
 1.72E+02 3.45E+02 6.89E+02
 3.41E-48 2.25E-29 3.60E-18 1.70E-14 1.01E-12 9.92E-12 1.94E-11 2.61E-11
 3.06E-11 3.15E-11 3.12E-11
 3.41E-48 2.25E-29 3.60E-18 1.70E-14 1.01E-12 9.92E-12 1.94E-11 2.61E-11
 3.06E-11 3.15E-11 3.12E-11
 3.41E-48 2.25E-29 3.60E-18 1.70E-14 1.01E-12 9.92E-12 1.94E-11 2.61E-11
 3.06E-11 3.15E-11 3.12E-11
 3.41E-48 2.25E-29 3.60E-18 1.70E-14 1.01E-12 9.92E-12 1.94E-11 2.61E-11
 3.06E-11 3.15E-11 3.12E-11
 3.44E-48 2.27E-29 3.62E-18 1.70E-14 1.02E-12 9.93E-12 1.94E-11 2.61E-11
 3.06E-11 3.15E-11 3.12E-11
 9.86E-48 4.16E-29 4.87E-18 1.97E-14 1.07E-12 9.94E-12 1.89E-11 2.47E-11
 2.78E-11 2.81E-11 2.76E-11
 1.02E-47 7.66E-29 1.19E-17 4.17E-14 1.59E-12 7.71E-12 1.04E-11 1.14E-11
 1.15E-11 1.12E-11 1.07E-11
 1.16E-50 1.07E-31 2.36E-20 1.04E-16 4.28E-15 1.47E-14 1.71E-14 1.79E-14
 1.83E-14 1.83E-14 1.84E-14
  2077.8 A   8  11 /FILMEM = MOM93#B /TYPE = EXCIT    /INDM = T/ISEL =   11
 1.28E-01 1.28E+02 1.28E+05 1.28E+08 1.28E+11 1.28E+14 1.28E+17 1.28E+20
 3.45E-01 6.89E-01 1.72E+00 3.45E+00 6.89E+00 1.72E+01 3.45E+01 6.89E+01
 1.72E+02 3.45E+02 6.89E+02
 2.88E-53 1.32E-32 2.57E-20 2.63E-16 2.24E-14 2.54E-13 4.76E-13 5.52E-13
 4.79E-13 3.82E-13 2.91E-13
 2.88E-53 1.32E-32 2.57E-20 2.63E-16 2.24E-14 2.54E-13 4.76E-13 5.52E-13
 4.79E-13 3.82E-13 2.91E-13
 2.89E-53 1.32E-32 2.57E-20 2.63E-16 2.24E-14 2.54E-13 4.76E-13 5.52E-13
 4.79E-13 3.82E-13 2.91E-13
 1.31E-52 1.39E-32 2.58E-20 2.64E-16 2.24E-14 2.54E-13 4.77E-13 5.52E-13
 4.79E-13 3.82E-13 2.91E-13
 1.02E-49 6.81E-31 1.11E-19 5.75E-16 3.63E-14 3.43E-13 5.96E-13 6.56E-13
 5.42E-13 4.20E-13 3.13E-13
 1.26E-46 6.90E-28 8.13E-17 2.87E-13 1.28E-11 8.52E-11 1.20E-10 1.10E-10
 7.18E-11 4.60E-11 2.81E-11
 3.92E-46 3.75E-27 6.77E-16 2.49E-12 9.71E-11 4.79E-10 6.50E-10 7.15E-10
 7.27E-10 7.09E-10 6.80E-10
 4.44E-49 5.25E-30 1.34E-18 6.20E-15 2.62E-13 9.10E-13 1.07E-12 1.12E-12
 1.14E-12 1.15E-12 1.15E-12
  1435.8 A   8  11 /FILMEM = MOM93#B /TYPE = EXCIT    /INDM = T/ISEL =   12
 1.28E-01 1.28E+02 1.28E+05 1.28E+08 1.28E+11 1.28E+14 1.28E+17 1.28E+20
 3.45E-01 6.89E-01 1.72E+00 3.45E+00 6.89E+00 1.72E+01 3.45E+01 6.89E+01
 1.72E+02 3.45E+02 6.89E+02
 2.89E-52 1.17E-31 2.11E-19 2.13E-15 1.83E-13 2.22E-12 4.68E-12 6.62E-12
 8.07E-12 8.40E-12 8.34E-12
 2.89E-52 1.17E-31 2.11E-19 2.13E-15 1.83E-13 2.22E-12 4.68E-12 6.62E-12
 8.07E-12 8.40E-12 8.34E-12
 2.89E-52 1.17E-31 2.11E-19 2.13E-15 1.83E-13 2.22E-12 4.68E-12 6.62E-12
 8.07E-12 8.40E-12 8.34E-12
 2.89E-52 1.17E-31 2.11E-19 2.13E-15 1.83E-13 2.22E-12 4.68E-12 6.62E-12
 8.07E-12 8.40E-12 8.34E-12
 2.96E-52 1.19E-31 2.14E-19 2.16E-15 1.85E-13 2.23E-12 4.70E-12 6.64E-12
 8.08E-12 8.41E-12 8.34E-12
 4.70E-52 1.37E-31 1.99E-19 1.82E-15 1.47E-13 1.71E-12 3.50E-12 4.75E-12
 5.48E-12 5.62E-12 5.61E-12
 1.15E-51 5.29E-31 9.71E-19 7.73E-15 4.43E-13 2.75E-12 4.02E-12 4.58E-12
 4.73E-12 4.62E-12 4.42E-12
 1.31E-54 7.45E-34 1.94E-21 1.94E-17 1.21E-15 5.30E-15 6.72E-15 7.32E-15
 7.65E-15 7.75E-15 7.80E-15
  1421.6 A   8  11 /FILMEM = MOM93#B /TYPE = EXCIT    /INDM = T/ISEL =   13
 1.28E-01 1.28E+02 1.28E+05 1.28E+08 1.28E+11 1.28E+14 1.28E+17 1.28E+20
 3.45E-01 6.89E-01 1.72E+00 3.45E+00 6.89E+00 1.72E+01 3.45E+01 6.89E+01
 1.72E+02 3.45E+02 6.89E+02
 5.91E-65 2.10E-44 2.91E-32 2.29E-28 1.49E-26 1.18E-25 1.69E-25 1.48E-25
 8.92E-26 5.40E-26 3.12E-26
 5.91E-62 2.10E-41 2.91E-29 2.29E-25 1.49E-23 1.18E-22 1.69E-22 1.48E-22
 8.92E-23 5.40E-23 3.12E-23
 5.91E-59 2.10E-38 2.91E-26 2.29E-22 1.49E-20 1.18E-19 1.69E-19 1.48E-19
 8.92E-20 5.40E-20 3.12E-20
 5.91E-56 2.10E-35 2.91E-23 2.29E-19 1.49E-17 1.18E-16 1.69E-16 1.48E-16
 8.92E-17 5.40E-17 3.12E-17
 5.86E-53 2.09E-32 2.90E-20 2.28E-16 1.49E-14 1.18E-13 1.68E-13 1.48E-13
 8.92E-14 5.40E-14 3.12E-14
 1.40E-50 4.56E-30 6.68E-18 5.74E-14 4.21E-12 4.13E-11 7.13E-11 7.72E-11
 6.07E-11 4.41E-11 3.00E-11
 4.36E-50 2.27E-29 4.49E-17 3.66E-13 2.13E-11 1.33E-10 1.95E-10 2.22E-10
 2.30E-10 2.25E-10 2.15E-10
 4.96E-53 3.20E-32 8.95E-20 9.21E-16 5.80E-14 2.56E-13 3.26E-13 3.55E-13
 3.71E-13 3.77E-13 3.79E-13
   528.2 A   8  11 /FILMEM = MOM93#B /TYPE = EXCIT    /INDM = T/ISEL =   14
 1.28E-01 1.28E+02 1.28E+05 1.28E+08 1.28E+11 1.28E+14 1.28E+17 1.28E+20
 3.45E-01 6.89E-01 1.72E+00 3.45E+00 6.89E+00 1.72E+01 3.45E+01 6.89E+01
 1.72E+02 3.45E+02 6.89E+02
 3.57E-46 9.39E-28 8.30E-17 3.05E-13 1.57E-11 1.32E-10 2.26E-10 2.56E-10
 2.22E-10 1.79E-10 1.39E-10
 3.57E-46 9.39E-28 8.30E-17 3.05E-13 1.57E-11 1.32E-10 2.26E-10 2.56E-10
 2.22E-10 1.79E-10 1.39E-10
 3.57E-46 9.39E-28 8.30E-17 3.05E-13 1.57E-11 1.32E-10 2.26E-10 2.56E-10
 2.22E-10 1.79E-10 1.39E-10
 3.57E-46 9.39E-28 8.30E-17 3.05E-13 1.57E-11 1.32E-10 2.26E-10 2.56E-10
 2.22E-10 1.79E-10 1.39E-10
 3.56E-46 9.37E-28 8.28E-17 3.04E-13 1.56E-11 1.32E-10 2.26E-10 2.55E-10
 2.22E-10 1.79E-10 1.39E-10
 2.59E-46 4.42E-28 3.04E-17 1.05E-13 5.41E-12 4.96E-11 9.39E-11 1.20E-10
 1.23E-10 1.12E-10 9.70E-11
 1.02E-46 3.03E-28 2.71E-17 7.88E-14 2.74E-12 1.26E-11 1.67E-11 1.81E-11
 1.82E-11 1.77E-11 1.70E-11
 1.15E-49 4.24E-31 5.35E-20 1.96E-16 7.37E-15 2.39E-14 2.74E-14 2.84E-14
 2.87E-14 2.88E-14 2.89E-14
  2235.3 A   8  11 /FILMEM = MOM93#B /TYPE = EXCIT    /INDM = T/ISEL =   15
 1.28E-01 1.28E+02 1.28E+05 1.28E+08 1.28E+11 1.28E+14 1.28E+17 1.28E+20
 3.45E-01 6.89E-01 1.72E+00 3.45E+00 6.89E+00 1.72E+01 3.45E+01 6.89E+01
 1.72E+02 3.45E+02 6.89E+02
 2.41E-46 6.34E-28 5.60E-17 2.06E-13 1.06E-11 8.92E-11 1.52E-10 1.73E-10
 1.50E-10 1.21E-10 9.41E-11
 2.41E-46 6.34E-28 5.60E-17 2.06E-13 1.06E-11 8.92E-11 1.52E-10 1.73E-10
 1.50E-10 1.21E-10 9.41E-11
 2.41E-46 6.34E-28 5.60E-17 2.06E-13 1.06E-11 8.92E-11 1.52E-10 1.73E-10
 1.50E-10 1.21E-10 9.41E-11
 2.41E-46 6.34E-28 5.60E-17 2.06E-13 1.06E-11 8.92E-11 1.52E-10 1.73E-10
 1.50E-10 1.21E-10 9.41E-11
 2.40E-46 6.32E-28 5.59E-17 2.05E-13 1.05E-11 8.90E-11 1.52E-10 1.72E-10
 1.50E-10 1.21E-10 9.40E-11
 1.75E-46 2.99E-28 2.06E-17 7.09E-14 3.65E-12 3.35E-11 6.34E-11 8.08E-11
 8.31E-11 7.57E-11 6.55E-11
 6.91E-47 2.05E-28 1.83E-17 5.32E-14 1.85E-12 8.48E-12 1.12E-11 1.22E-11
 1.23E-11 1.20E-11 1.15E-11
 7.78E-50 2.86E-31 3.61E-20 1.32E-16 4.97E-15 1.61E-14 1.85E-14 1.91E-14
 1.94E-14 1.95E-14 1.95E-14
 19467.0 A   8  11 /FILMEM = MOM93#B /TYPE = EXCIT    /INDM = T/ISEL =   16
 1.28E-01 1.28E+02 1.28E+05 1.28E+08 1.28E+11 1.28E+14 1.28E+17 1.28E+20
 3.45E-01 6.89E-01 1.72E+00 3.45E+00 6.89E+00 1.72E+01 3.45E+01 6.89E+01
 1.72E+02 3.45E+02 6.89E+02
 3.97E-49 2.63E-30 4.20E-19 1.97E-15 1.18E-13 1.16E-12 2.26E-12 3.05E-12
 3.57E-12 3.67E-12 3.63E-12
 3.97E-49 2.63E-30 4.20E-19 1.97E-15 1.18E-13 1.16E-12 2.26E-12 3.05E-12
 3.57E-12 3.67E-12 3.63E-12
 3.97E-49 2.63E-30 4.20E-19 1.97E-15 1.18E-13 1.16E-12 2.26E-12 3.05E-12
 3.57E-12 3.67E-12 3.63E-12
 3.97E-49 2.63E-30 4.20E-19 1.97E-15 1.18E-13 1.16E-12 2.26E-12 3.05E-12
 3.57E-12 3.67E-12 3.63E-12
 4.00E-49 2.64E-30 4.21E-19 1.98E-15 1.18E-13 1.16E-12 2.27E-12 3.05E-12
 3.57E-12 3.67E-12 3.63E-12
 1.15E-48 4.85E-30 5.67E-19 2.29E-15 1.25E-13 1.16E-12 2.20E-12 2.87E-12
 3.23E-12 3.27E-12 3.22E-12
 1.19E-48 8.92E-30 1.39E-18 4.86E-15 1.85E-13 8.97E-13 1.21E-12 1.33E-12
 1.34E-12 1.31E-12 1.25E-12
 1.35E-51 1.25E-32 2.75E-21 1.21E-17 4.99E-16 1.71E-15 1.99E-15 2.09E-15
 2.13E-15 2.14E-15 2.14E-15
  3568.3 A   8  11 /FILMEM = MOM93#B /TYPE = EXCIT    /INDM = T/ISEL =   17
 1.28E-01 1.28E+02 1.28E+05 1.28E+08 1.28E+11 1.28E+14 1.28E+17 1.28E+20
 3.45E-01 6.89E-01 1.72E+00 3.45E+00 6.89E+00 1.72E+01 3.45E+01 6.89E+01
 1.72E+02 3.45E+02 6.89E+02
 4.13E-52 1.67E-31 3.01E-19 3.05E-15 2.62E-13 3.17E-12 6.70E-12 9.48E-12
 1.16E-11 1.20E-11 1.19E-11
 4.13E-52 1.67E-31 3.01E-19 3.05E-15 2.62E-13 3.17E-12 6.70E-12 9.48E-12
 1.16E-11 1.20E-11 1.19E-11
 4.13E-52 1.67E-31 3.01E-19 3.05E-15 2.62E-13 3.17E-12 6.70E-12 9.48E-12
 1.16E-11 1.20E-11 1.19E-11
 4.13E-52 1.67E-31 3.01E-19 3.05E-15 2.62E-13 3.17E-12 6.70E-12 9.48E-12
 1.16E-11 1.20E-11 1.19E-11
 4.24E-52 1.70E-31 3.06E-19 3.09E-15 2.65E-13 3.20E-12 6.73E-12 9.50E-12
 1.16E-11 1.20E-11 1.19E-11
 6.72E-52 1.95E-31 2.85E-19 2.60E-15 2.10E-13 2.44E-12 5.01E-12 6.79E-12
 7.84E-12 8.04E-12 8.03E-12
 1.65E-51 7.56E-31 1.39E-18 1.11E-14 6.34E-13 3.93E-12 5.75E-12 6.55E-12
 6.77E-12 6.61E-12 6.32E-12
 1.88E-54 1.07E-33 2.77E-21 2.78E-17 1.73E-15 7.59E-15 9.61E-15 1.05E-14
 1.09E-14 1.11E-14 1.12E-14
   510.8 A   8  11 /FILMEM = MOM93#B /TYPE = EXCIT    /INDM = T/ISEL =   18
 1.28E-01 1.28E+02 1.28E+05 1.28E+08 1.28E+11 1.28E+14 1.28E+17 1.28E+20
 3.45E-01 6.89E-01 1.72E+00 3.45E+00 6.89E+00 1.72E+01 3.45E+01 6.89E+01
 1.72E+02 3.45E+02 6.89E+02
 1.24E-46 1.03E-27 1.80E-16 8.33E-13 4.77E-11 4.28E-10 7.42E-10 8.36E-10
 7.14E-10 5.67E-10 4.32E-10
 1.24E-46 1.03E-27 1.80E-16 8.33E-13 4.77E-11 4.28E-10 7.42E-10 8.36E-10
 7.14E-10 5.67E-10 4.32E-10
 1.24E-46 1.03E-27 1.80E-16 8.33E-13 4.77E-11 4.28E-10 7.42E-10 8.36E-10
 7.14E-10 5.67E-10 4.32E-10
 1.24E-46 1.03E-27 1.80E-16 8.33E-13 4.77E-11 4.28E-10 7.42E-10 8.36E-10
 7.14E-10 5.67E-10 4.32E-10
 1.24E-46 1.03E-27 1.80E-16 8.33E-13 4.77E-11 4.28E-10 7.42E-10 8.36E-10
 7.14E-10 5.68E-10 4.32E-10
 4.11E-46 2.44E-27 3.30E-16 1.32E-12 6.82E-11 5.68E-10 9.69E-10 1.09E-09
 9.51E-10 7.65E-10 5.89E-10
 8.20E-46 7.76E-27 1.39E-15 5.10E-12 1.99E-10 9.79E-10 1.33E-09 1.46E-09
 1.48E-09 1.44E-09 1.38E-09
 9.29E-49 1.09E-29 2.75E-18 1.27E-14 5.37E-13 1.86E-12 2.19E-12 2.29E-12
 2.34E-12 2.35E-12 2.36E-12
  1953.9 A   8  11 /FILMEM = MOM93#B /TYPE = EXCIT    /INDM = T/ISEL =   19
 1.28E-01 1.28E+02 1.28E+05 1.28E+08 1.28E+11 1.28E+14 1.28E+17 1.28E+20
 3.45E-01 6.89E-01 1.72E+00 3.45E+00 6.89E+00 1.72E+01 3.45E+01 6.89E+01
 1.72E+02 3.45E+02 6.89E+02
 3.57E-47 2.96E-28 5.17E-17 2.39E-13 1.37E-11 1.23E-10 2.13E-10 2.40E-10
 2.05E-10 1.63E-10 1.24E-10
 3.57E-47 2.96E-28 5.17E-17 2.39E-13 1.37E-11 1.23E-10 2.13E-10 2.40E-10
 2.05E-10 1.63E-10 1.24E-10
 3.57E-47 2.96E-28 5.17E-17 2.39E-13 1.37E-11 1.23E-10 2.13E-10 2.40E-10
 2.05E-10 1.63E-10 1.24E-10
 3.57E-47 2.96E-28 5.17E-17 2.39E-13 1.37E-11 1.23E-10 2.13E-10 2.40E-10
 2.05E-10 1.63E-10 1.24E-10
 3.57E-47 2.96E-28 5.18E-17 2.39E-13 1.37E-11 1.23E-10 2.13E-10 2.40E-10
 2.05E-10 1.63E-10 1.24E-10
 1.18E-46 7.00E-28 9.47E-17 3.80E-13 1.96E-11 1.63E-10 2.78E-10 3.14E-10
 2.73E-10 2.20E-10 1.69E-10
 2.36E-46 2.23E-27 4.00E-16 1.47E-12 5.71E-11 2.81E-10 3.81E-10 4.19E-10
 4.25E-10 4.13E-10 3.95E-10
 2.67E-49 3.12E-30 7.91E-19 3.65E-15 1.54E-13 5.35E-13 6.28E-13 6.58E-13
 6.71E-13 6.75E-13 6.77E-13
  4633.7 A   8  11 /FILMEM = MOM93#B /TYPE = EXCIT    /INDM = T/ISEL =   20
 1.28E-01 1.28E+02 1.28E+05 1.28E+08 1.28E+11 1.28E+14 1.28E+17 1.28E+20
 3.45E-01 6.89E-01 1.72E+00 3.45E+00 6.89E+00 1.72E+01 3.45E+01 6.89E+01
 1.72E+02 3.45E+02 6.89E+02
 3.51E-52 1.42E-31 2.56E-19 2.59E-15 2.23E-13 2.70E-12 5.69E-12 8.05E-12
 9.81E-12 1.02E-11 1.01E-11
 3.51E-52 1.42E-31 2.56E-19 2.59E-15 2.23E-13 2.70E-12 5.69E-12 8.05E-12
 9.81E-12 1.02E-11 1.01E-11
 3.51E-52 1.42E-31 2.56E-19 2.59E-15 2.23E-13 2.70E-12 5.69E-12 8.05E-12
 9.81E-12 1.02E-11 1.01E-11
 3.51E-52 1.42E-31 2.56E-19 2.59E-15 2.23E-13 2.70E-12 5.69E-12 8.05E-12
 9.81E-12 1.02E-11 1.01E-11
 3.60E-52 1.45E-31 2.60E-19 2.63E-15 2.25E-13 2.72E-12 5.72E-12 8.07E-12
 9.82E-12 1.02E-11 1.01E-11
 5.71E-52 1.66E-31 2.42E-19 2.21E-15 1.78E-13 2.07E-12 4.25E-12 5.77E-12
 6.66E-12 6.83E-12 6.82E-12
 1.40E-51 6.42E-31 1.18E-18 9.39E-15 5.39E-13 3.34E-12 4.88E-12 5.56E-12
 5.75E-12 5.62E-12 5.37E-12
 1.59E-54 9.06E-34 2.35E-21 2.36E-17 1.47E-15 6.44E-15 8.16E-15 8.90E-15
 9.29E-15 9.42E-15 9.48E-15
  4488.8 A   8  11 /FILMEM = MOM93#B /TYPE = EXCIT    /INDM = T/ISEL =   21
 1.28E-01 1.28E+02 1.28E+05 1.28E+08 1.28E+11 1.28E+14 1.28E+17 1.28E+20
 3.45E-01 6.89E-01 1.72E+00 3.45E+00 6.89E+00 1.72E+01 3.45E+01 6.89E+01
 1.72E+02 3.45E+02 6.89E+02
 3.33E-65 1.18E-44 1.64E-32 1.29E-28 8.39E-27 6.64E-26 9.48E-26 8.34E-26
 5.02E-26 3.04E-26 1.76E-26
 3.33E-62 1.18E-41 1.64E-29 1.29E-25 8.39E-24 6.64E-23 9.48E-23 8.34E-23
 5.02E-23 3.04E-23 1.76E-23
 3.33E-59 1.18E-38 1.64E-26 1.29E-22 8.39E-21 6.64E-20 9.48E-20 8.34E-20
 5.02E-20 3.04E-20 1.76E-20
 3.33E-56 1.18E-35 1.64E-23 1.29E-19 8.39E-18 6.64E-17 9.48E-17 8.34E-17
 5.02E-17 3.04E-17 1.76E-17
 3.29E-53 1.17E-32 1.63E-20 1.28E-16 8.36E-15 6.63E-14 9.47E-14 8.34E-14
 5.02E-14 3.04E-14 1.76E-14
 7.89E-51 2.57E-30 3.76E-18 3.23E-14 2.37E-12 2.32E-11 4.01E-11 4.34E-11
 3.41E-11 2.48E-11 1.69E-11
 2.45E-50 1.27E-29 2.53E-17 2.06E-13 1.20E-11 7.47E-11 1.10E-10 1.25E-10
 1.29E-10 1.26E-10 1.21E-10
 2.79E-53 1.80E-32 5.03E-20 5.18E-16 3.26E-14 1.44E-13 1.83E-13 2.00E-13
 2.09E-13 2.12E-13 2.13E-13
   465.6 A   8  11 /FILMEM = MOM93#B /TYPE = EXCIT    /INDM = T/ISEL =   22
 1.28E-01 1.28E+02 1.28E+05 1.28E+08 1.28E+11 1.28E+14 1.28E+17 1.28E+20
 3.45E-01 6.89E-01 1.72E+00 3.45E+00 6.89E+00 1.72E+01 3.45E+01 6.89E+01
 1.72E+02 3.45E+02 6.89E+02
 1.20E-50 3.04E-30 4.14E-18 3.79E-14 3.06E-12 3.37E-11 6.27E-11 7.36E-11
 6.48E-11 5.22E-11 4.02E-11
 1.20E-50 3.04E-30 4.14E-18 3.79E-14 3.06E-12 3.37E-11 6.27E-11 7.36E-11
 6.48E-11 5.22E-11 4.02E-11
 1.20E-50 3.04E-30 4.14E-18 3.79E-14 3.06E-12 3.37E-11 6.27E-11 7.36E-11
 6.48E-11 5.22E-11 4.02E-11
 1.20E-50 3.04E-30 4.14E-18 3.79E-14 3.06E-12 3.37E-11 6.27E-11 7.36E-11
 6.48E-11 5.22E-11 4.02E-11
 1.18E-50 3.00E-30 4.08E-18 3.73E-14 3.02E-12 3.34E-11 6.22E-11 7.32E-11
 6.46E-11 5.21E-11 4.01E-11
 3.17E-51 5.71E-31 6.53E-19 5.68E-15 4.61E-13 5.58E-12 1.18E-11 1.62E-11
 1.84E-11 1.81E-11 1.70E-11
 5.09E-51 1.47E-30 2.05E-18 1.49E-14 8.15E-13 4.91E-12 7.12E-12 8.07E-12
 8.33E-12 8.13E-12 7.77E-12
 5.79E-54 2.07E-33 4.09E-21 3.74E-17 2.22E-15 9.48E-15 1.19E-14 1.29E-14
 1.34E-14 1.36E-14 1.37E-14
  1424.6 A   8  11 /FILMEM = MOM93#B /TYPE = EXCIT    /INDM = T/ISEL =   23
 1.28E-01 1.28E+02 1.28E+05 1.28E+08 1.28E+11 1.28E+14 1.28E+17 1.28E+20
 3.45E-01 6.89E-01 1.72E+00 3.45E+00 6.89E+00 1.72E+01 3.45E+01 6.89E+01
 1.72E+02 3.45E+02 6.89E+02
 7.50E-51 1.90E-30 2.59E-18 2.37E-14 1.91E-12 2.11E-11 3.92E-11 4.60E-11
 4.05E-11 3.27E-11 2.51E-11
 7.50E-51 1.90E-30 2.59E-18 2.37E-14 1.91E-12 2.11E-11 3.92E-11 4.60E-11
 4.05E-11 3.27E-11 2.51E-11
 7.50E-51 1.90E-30 2.59E-18 2.37E-14 1.91E-12 2.11E-11 3.92E-11 4.60E-11
 4.05E-11 3.27E-11 2.51E-11
 7.50E-51 1.90E-30 2.59E-18 2.37E-14 1.91E-12 2.11E-11 3.92E-11 4.60E-11
 4.05E-11 3.27E-11 2.51E-11
 7.41E-51 1.87E-30 2.55E-18 2.34E-14 1.89E-12 2.09E-11 3.89E-11 4.58E-11
 4.04E-11 3.26E-11 2.51E-11
 1.98E-51 3.57E-31 4.09E-19 3.55E-15 2.88E-13 3.49E-12 7.37E-12 1.01E-11
 1.15E-11 1.13E-11 1.07E-11
 3.19E-51 9.20E-31 1.28E-18 9.31E-15 5.10E-13 3.07E-12 4.45E-12 5.05E-12
 5.21E-12 5.08E-12 4.86E-12
 3.62E-54 1.30E-33 2.56E-21 2.34E-17 1.39E-15 5.93E-15 7.44E-15 8.07E-15
 8.41E-15 8.51E-15 8.57E-15
  4920.3 A   8  11 /FILMEM = MOM93#B /TYPE = EXCIT    /INDM = T/ISEL =   24
 1.28E-01 1.28E+02 1.28E+05 1.28E+08 1.28E+11 1.28E+14 1.28E+17 1.28E+20
 3.45E-01 6.89E-01 1.72E+00 3.45E+00 6.89E+00 1.72E+01 3.45E+01 6.89E+01
 1.72E+02 3.45E+02 6.89E+02
 5.42E-51 1.38E-30 1.87E-18 1.71E-14 1.38E-12 1.52E-11 2.84E-11 3.33E-11
 2.93E-11 2.36E-11 1.82E-11
 5.42E-51 1.38E-30 1.87E-18 1.71E-14 1.38E-12 1.52E-11 2.84E-11 3.33E-11
 2.93E-11 2.36E-11 1.82E-11
 5.42E-51 1.38E-30 1.87E-18 1.71E-14 1.38E-12 1.52E-11 2.84E-11 3.33E-11
 2.93E-11 2.36E-11 1.82E-11
 5.42E-51 1.38E-30 1.87E-18 1.71E-14 1.38E-12 1.52E-11 2.84E-11 3.33E-11
 2.93E-11 2.36E-11 1.82E-11
 5.36E-51 1.35E-30 1.84E-18 1.69E-14 1.37E-12 1.51E-11 2.81E-11 3.31E-11
 2.92E-11 2.36E-11 1.81E-11
 1.44E-51 2.58E-31 2.95E-19 2.57E-15 2.09E-13 2.52E-12 5.33E-12 7.34E-12
 8.32E-12 8.20E-12 7.71E-12
 2.30E-51 6.65E-31 9.28E-19 6.73E-15 3.69E-13 2.22E-12 3.22E-12 3.65E-12
 3.77E-12 3.68E-12 3.51E-12
 2.62E-54 9.38E-34 1.85E-21 1.69E-17 1.00E-15 4.29E-15 5.38E-15 5.84E-15
 6.08E-15 6.16E-15 6.19E-15
 39009.2 A   8  11 /FILMEM = MOM93#B /TYPE = EXCIT    /INDM = T/ISEL =   25
 1.28E-01 1.28E+02 1.28E+05 1.28E+08 1.28E+11 1.28E+14 1.28E+17 1.28E+20
 3.45E-01 6.89E-01 1.72E+00 3.45E+00 6.89E+00 1.72E+01 3.45E+01 6.89E+01
 1.72E+02 3.45E+02 6.89E+02
 2.49E-53 1.00E-32 1.82E-20 1.84E-16 1.58E-14 1.91E-13 4.03E-13 5.71E-13
 6.96E-13 7.24E-13 7.19E-13
 2.49E-53 1.00E-32 1.82E-20 1.84E-16 1.58E-14 1.91E-13 4.03E-13 5.71E-13
 6.96E-13 7.24E-13 7.19E-13
 2.49E-53 1.00E-32 1.82E-20 1.84E-16 1.58E-14 1.91E-13 4.03E-13 5.71E-13
 6.96E-13 7.24E-13 7.19E-13
 2.49E-53 1.00E-32 1.82E-20 1.84E-16 1.58E-14 1.91E-13 4.03E-13 5.71E-13
 6.96E-13 7.24E-13 7.19E-13
 2.55E-53 1.02E-32 1.84E-20 1.86E-16 1.60E-14 1.93E-13 4.05E-13 5.72E-13
 6.96E-13 7.24E-13 7.19E-13
 4.05E-53 1.18E-32 1.72E-20 1.57E-16 1.26E-14 1.47E-13 3.02E-13 4.09E-13
 4.72E-13 4.85E-13 4.84E-13
 9.94E-53 4.56E-32 8.37E-20 6.66E-16 3.82E-14 2.37E-13 3.46E-13 3.94E-13
 4.08E-13 3.98E-13 3.81E-13
 1.13E-55 6.42E-35 1.67E-22 1.68E-18 1.04E-16 4.57E-16 5.79E-16 6.31E-16
 6.59E-16 6.68E-16 6.72E-16
   458.7 A   8  11 /FILMEM = MOM93#B /TYPE = EXCIT    /INDM = T/ISEL =   26
 1.28E-01 1.28E+02 1.28E+05 1.28E+08 1.28E+11 1.28E+14 1.28E+17 1.28E+20
 3.45E-01 6.89E-01 1.72E+00 3.45E+00 6.89E+00 1.72E+01 3.45E+01 6.89E+01
 1.72E+02 3.45E+02 6.89E+02
 1.43E-50 6.57E-30 1.28E-17 1.31E-13 1.12E-11 1.26E-10 2.37E-10 2.75E-10
 2.39E-10 1.90E-10 1.45E-10
 1.43E-50 6.57E-30 1.28E-17 1.31E-13 1.12E-11 1.26E-10 2.37E-10 2.75E-10
 2.39E-10 1.90E-10 1.45E-10
 1.43E-50 6.57E-30 1.28E-17 1.31E-13 1.12E-11 1.26E-10 2.37E-10 2.75E-10
 2.39E-10 1.90E-10 1.45E-10
 1.43E-50 6.57E-30 1.28E-17 1.31E-13 1.12E-11 1.26E-10 2.37E-10 2.75E-10
 2.39E-10 1.90E-10 1.45E-10
 1.44E-50 6.58E-30 1.28E-17 1.31E-13 1.12E-11 1.27E-10 2.38E-10 2.75E-10
 2.39E-10 1.91E-10 1.45E-10
 4.38E-50 1.45E-29 2.21E-17 1.97E-13 1.52E-11 1.62E-10 3.03E-10 3.62E-10
 3.35E-10 2.81E-10 2.26E-10
 1.27E-49 6.56E-29 1.30E-16 1.06E-12 6.13E-11 3.83E-10 5.61E-10 6.40E-10
 6.62E-10 6.47E-10 6.18E-10
 1.44E-52 9.25E-32 2.58E-19 2.66E-15 1.67E-13 7.39E-13 9.38E-13 1.02E-12
 1.07E-12 1.08E-12 1.09E-12
  1361.8 A   8  11 /FILMEM = MOM93#B /TYPE = EXCIT    /INDM = T/ISEL =   27
 1.28E-01 1.28E+02 1.28E+05 1.28E+08 1.28E+11 1.28E+14 1.28E+17 1.28E+20
 3.45E-01 6.89E-01 1.72E+00 3.45E+00 6.89E+00 1.72E+01 3.45E+01 6.89E+01
 1.72E+02 3.45E+02 6.89E+02
 4.50E-51 2.06E-30 4.02E-18 4.12E-14 3.51E-12 3.97E-11 7.45E-11 8.64E-11
 7.50E-11 5.98E-11 4.54E-11
 4.50E-51 2.06E-30 4.02E-18 4.12E-14 3.51E-12 3.97E-11 7.45E-11 8.64E-11
 7.50E-11 5.98E-11 4.54E-11
 4.50E-51 2.06E-30 4.02E-18 4.12E-14 3.51E-12 3.97E-11 7.45E-11 8.64E-11
 7.50E-11 5.98E-11 4.54E-11
 4.50E-51 2.06E-30 4.02E-18 4.12E-14 3.51E-12 3.97E-11 7.45E-11 8.64E-11
 7.50E-11 5.98E-11 4.54E-11
 4.51E-51 2.07E-30 4.02E-18 4.12E-14 3.51E-12 3.97E-11 7.45E-11 8.64E-11
 7.50E-11 5.98E-11 4.55E-11
 1.38E-50 4.56E-30 6.92E-18 6.18E-14 4.76E-12 5.07E-11 9.50E-11 1.14E-10
 1.05E-10 8.83E-11 7.09E-11
 3.98E-50 2.06E-29 4.07E-17 3.31E-13 1.92E-11 1.20E-10 1.76E-10 2.01E-10
 2.08E-10 2.03E-10 1.94E-10
 4.53E-53 2.90E-32 8.10E-20 8.33E-16 5.25E-14 2.32E-13 2.94E-13 3.21E-13
 3.36E-13 3.40E-13 3.43E-13
  4245.0 A   8  11 /FILMEM = MOM93#B /TYPE = EXCIT    /INDM = T/ISEL =   28
 1.28E-01 1.28E+02 1.28E+05 1.28E+08 1.28E+11 1.28E+14 1.28E+17 1.28E+20
 3.45E-01 6.89E-01 1.72E+00 3.45E+00 6.89E+00 1.72E+01 3.45E+01 6.89E+01
 1.72E+02 3.45E+02 6.89E+02
 1.77E-51 8.13E-31 1.58E-18 1.62E-14 1.38E-12 1.56E-11 2.94E-11 3.40E-11
 2.95E-11 2.36E-11 1.79E-11
 1.77E-51 8.13E-31 1.58E-18 1.62E-14 1.38E-12 1.56E-11 2.94E-11 3.40E-11
 2.95E-11 2.36E-11 1.79E-11
 1.77E-51 8.13E-31 1.58E-18 1.62E-14 1.38E-12 1.56E-11 2.94E-11 3.40E-11
 2.95E-11 2.36E-11 1.79E-11
 1.77E-51 8.13E-31 1.58E-18 1.62E-14 1.38E-12 1.56E-11 2.94E-11 3.40E-11
 2.95E-11 2.36E-11 1.79E-11
 1.78E-51 8.14E-31 1.59E-18 1.62E-14 1.38E-12 1.57E-11 2.94E-11 3.41E-11
 2.96E-11 2.36E-11 1.79E-11
 5.42E-51 1.80E-30 2.73E-18 2.44E-14 1.88E-12 2.00E-11 3.74E-11 4.47E-11
 4.14E-11 3.48E-11 2.79E-11
 1.57E-50 8.11E-30 1.60E-17 1.31E-13 7.58E-12 4.73E-11 6.94E-11 7.91E-11
 8.19E-11 8.00E-11 7.65E-11
 1.78E-53 1.14E-32 3.19E-20 3.28E-16 2.07E-14 9.13E-14 1.16E-13 1.27E-13
 1.32E-13 1.34E-13 1.35E-13
  4506.5 A   8  11 /FILMEM = MOM93#B /TYPE = EXCIT    /INDM = T/ISEL =   29
 1.28E-01 1.28E+02 1.28E+05 1.28E+08 1.28E+11 1.28E+14 1.28E+17 1.28E+20
 3.45E-01 6.89E-01 1.72E+00 3.45E+00 6.89E+00 1.72E+01 3.45E+01 6.89E+01
 1.72E+02 3.45E+02 6.89E+02
 2.88E-53 1.32E-32 2.57E-20 2.63E-16 2.24E-14 2.54E-13 4.76E-13 5.52E-13
 4.79E-13 3.82E-13 2.91E-13
 2.88E-53 1.32E-32 2.57E-20 2.63E-16 2.24E-14 2.54E-13 4.76E-13 5.52E-13
 4.79E-13 3.82E-13 2.91E-13
 2.88E-53 1.32E-32 2.57E-20 2.63E-16 2.24E-14 2.54E-13 4.76E-13 5.52E-13
 4.79E-13 3.82E-13 2.91E-13
 2.88E-53 1.32E-32 2.57E-20 2.63E-16 2.24E-14 2.54E-13 4.76E-13 5.52E-13
 4.79E-13 3.82E-13 2.91E-13
 2.89E-53 1.32E-32 2.57E-20 2.64E-16 2.24E-14 2.54E-13 4.77E-13 5.53E-13
 4.80E-13 3.83E-13 2.91E-13
 8.80E-53 2.91E-32 4.43E-20 3.95E-16 3.04E-14 3.24E-13 6.07E-13 7.26E-13
 6.71E-13 5.65E-13 4.53E-13
 2.55E-52 1.32E-31 2.60E-19 2.12E-15 1.23E-13 7.68E-13 1.13E-12 1.28E-12
 1.33E-12 1.30E-12 1.24E-12
 2.90E-55 1.86E-34 5.18E-22 5.33E-18 3.35E-16 1.48E-15 1.88E-15 2.05E-15
 2.15E-15 2.18E-15 2.19E-15
  4498.8 A   8  11 /FILMEM = MOM93#B /TYPE = EXCIT    /INDM = T/ISEL =   30
 1.28E-01 1.28E+02 1.28E+05 1.28E+08 1.28E+11 1.28E+14 1.28E+17 1.28E+20
 3.45E-01 6.89E-01 1.72E+00 3.45E+00 6.89E+00 1.72E+01 3.45E+01 6.89E+01
 1.72E+02 3.45E+02 6.89E+02
 3.68E-66 1.24E-45 1.60E-33 1.21E-29 7.63E-28 5.80E-27 8.04E-27 6.85E-27
 3.90E-27 2.26E-27 1.25E-27
 3.68E-63 1.24E-42 1.60E-30 1.21E-26 7.63E-25 5.80E-24 8.04E-24 6.85E-24
 3.90E-24 2.26E-24 1.25E-24
 3.68E-60 1.24E-39 1.60E-27 1.21E-23 7.63E-22 5.80E-21 8.04E-21 6.85E-21
 3.90E-21 2.26E-21 1.25E-21
 3.68E-57 1.24E-36 1.60E-24 1.21E-20 7.63E-19 5.80E-18 8.04E-18 6.85E-18
 3.90E-18 2.26E-18 1.25E-18
 3.70E-54 1.24E-33 1.61E-21 1.21E-17 7.64E-16 5.81E-15 8.05E-15 6.86E-15
 3.91E-15 2.26E-15 1.25E-15
 1.22E-50 3.25E-30 3.58E-18 2.49E-14 1.50E-12 1.14E-11 1.61E-11 1.42E-11
 8.38E-12 4.94E-12 2.77E-12
 6.60E-50 3.44E-29 6.83E-17 5.58E-13 3.25E-11 2.03E-10 2.99E-10 3.41E-10
 3.55E-10 3.49E-10 3.35E-10
 7.48E-53 4.83E-32 1.35E-19 1.39E-15 8.78E-14 3.88E-13 4.93E-13 5.38E-13
 5.62E-13 5.70E-13 5.74E-13
C-----------------------------------------------------------------------
C
C  PHOTON EMISSIVITY COEFFICIENTS:
C
C  SOURCE SPECIFIC ION   FILE:/JETXLE.LILIKE.DATA(MOM93#B)
C  SOURCE IONIS. COEFFT. FILE:
C  META. ION. COEFF. SELECTOR:
C  POPULATION PROCESSING CODE:  ADAS208
C
C  ISEL  WAVELENGTH      TRANSITION            TYPE    METASTABLE  IMET NMET  IP
C  ----  ----------  ------------------------  -----  ------------ ---- ----  --
C   1.    2066.8     2(2)1( 2.5)- 1(2)0( 0.5)  EXCIT                 T     1
C   2.     518.2     4(2)1( 2.5)- 1(2)0( 0.5)  EXCIT                 T     1
C   3.     411.8     7(2)1( 2.5)- 1(2)0( 0.5)  EXCIT                 T     1
C   4.     376.3    11(2)1( 2.5)- 1(2)0( 0.5)  EXCIT                 T     1
C   5.     758.6     3(2)0( 0.5)- 2(2)1( 2.5)  EXCIT                 T     1
C   6.    7838.8     4(2)1( 2.5)- 3(2)0( 0.5)  EXCIT                 T     1
C   7.    1596.7     7(2)1( 2.5)- 3(2)0( 0.5)  EXCIT                 T     1
C   8.    1169.3    11(2)1( 2.5)- 3(2)0( 0.5)  EXCIT                 T     1
C   9.     677.1     5(2)2( 4.5)- 2(2)1( 2.5)  EXCIT                 T     1
C  10.    2138.5     7(2)1( 2.5)- 5(2)2( 4.5)  EXCIT                 T     1
C  11.    2077.8     9(2)3( 6.5)- 5(2)2( 4.5)  EXCIT                 T     1
C  12.    1435.8    11(2)1( 2.5)- 5(2)2( 4.5)  EXCIT                 T     1
C  13.    1421.6    13(2)3( 6.5)- 5(2)2( 4.5)  EXCIT                 T     1
C  14.     528.2     6(2)0( 0.5)- 2(2)1( 2.5)  EXCIT                 T     1
C  15.    2235.3     6(2)0( 0.5)- 4(2)1( 2.5)  EXCIT                 T     1
C  16.   19467.0     7(2)1( 2.5)- 6(2)0( 0.5)  EXCIT                 T     1
C  17.    3568.3    11(2)1( 2.5)- 6(2)0( 0.5)  EXCIT                 T     1
C  18.     510.8     8(2)2( 4.5)- 2(2)1( 2.5)  EXCIT                 T     1
C  19.    1953.9     8(2)2( 4.5)- 4(2)1( 2.5)  EXCIT                 T     1
C  20.    4633.7    11(2)1( 2.5)- 8(2)2( 4.5)  EXCIT                 T     1
C  21.    4488.8    13(2)3( 6.5)- 8(2)2( 4.5)  EXCIT                 T     1
C  22.     465.6    10(2)0( 0.5)- 2(2)1( 2.5)  EXCIT                 T     1
C  23.    1424.6    10(2)0( 0.5)- 4(2)1( 2.5)  EXCIT                 T     1
C  24.    4920.3    10(2)0( 0.5)- 7(2)1( 2.5)  EXCIT                 T     1
C  25.   39009.2    11(2)1( 2.5)-10(2)0( 0.5)  EXCIT                 T     1
C  26.     458.7    12(2)2( 4.5)- 2(2)1( 2.5)  EXCIT                 T     1
C  27.    1361.8    12(2)2( 4.5)- 4(2)1( 2.5)  EXCIT                 T     1
C  28.    4245.0    12(2)2( 4.5)- 7(2)1( 2.5)  EXCIT                 T     1
C  29.    4506.5    12(2)2( 4.5)- 9(2)3( 6.5)  EXCIT                 T     1
C  30.    4498.8    14(2)4( 8.5)- 9(2)3( 6.5)  EXCIT                 T     1
C
C   NOTES:  PROCESSED 18/11/93
C
C-------------------------------------------------------------------------------
 
C---------------------------------------------------------------------------------
C ADAS ADF15 DATA - SCCS info: @(#)$Header: /home/adascvs/adas/adf15/pec93#b/pec93#b_llu#b2.dat,v 2.1 2004/07/07 00:24:28 whitefor Exp $ Date $Date: 2004/07/07 00:24:28 $
C---------------------------------------------------------------------------------
