   42    /BE+ 1 PHOTON EMISSIVITY COEFFICIENTS/
  3131.5 A   8  11 /FILMEM = WJD91#BE/TYPE = EXCIT    /INDM = 1/ISEL =    1
 1.28E-01 1.28E+02 1.28E+05 1.28E+08 1.28E+11 1.28E+14 1.28E+17 1.28E+20
 3.45E-01 6.89E-01 1.72E+00 3.45E+00 6.89E+00 1.72E+01 3.45E+01 6.89E+01
 1.72E+02 3.45E+02 6.89E+02
 9.14E-12 2.27E-09 5.25E-08 1.36E-07 2.15E-07 2.62E-07 2.66E-07 2.48E-07
 2.08E-07 1.75E-07 1.46E-07
 9.14E-12 2.27E-09 5.25E-08 1.36E-07 2.15E-07 2.62E-07 2.66E-07 2.48E-07
 2.08E-07 1.75E-07 1.46E-07
 9.14E-12 2.27E-09 5.25E-08 1.36E-07 2.15E-07 2.62E-07 2.66E-07 2.48E-07
 2.08E-07 1.75E-07 1.46E-07
 9.14E-12 2.27E-09 5.25E-08 1.36E-07 2.15E-07 2.62E-07 2.66E-07 2.47E-07
 2.08E-07 1.75E-07 1.46E-07
 9.14E-12 2.27E-09 5.25E-08 1.36E-07 2.15E-07 2.62E-07 2.66E-07 2.47E-07
 2.08E-07 1.75E-07 1.45E-07
 6.87E-12 1.80E-09 4.40E-08 1.17E-07 1.87E-07 2.29E-07 2.32E-07 2.17E-07
 1.86E-07 1.59E-07 1.35E-07
 2.76E-14 8.60E-12 2.68E-10 7.94E-10 1.19E-09 1.24E-09 1.16E-09 1.07E-09
 9.98E-10 9.69E-10 9.52E-10
 2.77E-17 8.64E-15 2.70E-13 7.97E-13 1.19E-12 1.24E-12 1.16E-12 1.07E-12
 9.97E-13 9.68E-13 9.50E-13
  1036.3 A   8  11 /FILMEM = WJD91#BE/TYPE = EXCIT    /INDM = 1/ISEL =    2
 1.28E-01 1.28E+02 1.28E+05 1.28E+08 1.28E+11 1.28E+14 1.28E+17 1.28E+20
 3.45E-01 6.89E-01 1.72E+00 3.45E+00 6.89E+00 1.72E+01 3.45E+01 6.89E+01
 1.72E+02 3.45E+02 6.89E+02
 3.37E-23 7.17E-16 1.33E-11 2.86E-10 1.14E-09 2.98E-09 3.55E-09 4.37E-09
 4.44E-09 3.93E-09 3.40E-09
 3.37E-23 7.17E-16 1.33E-11 2.86E-10 1.14E-09 2.98E-09 3.55E-09 4.37E-09
 4.44E-09 3.93E-09 3.40E-09
 3.37E-23 7.17E-16 1.33E-11 2.86E-10 1.14E-09 2.98E-09 3.55E-09 4.37E-09
 4.44E-09 3.93E-09 3.40E-09
 3.37E-23 7.17E-16 1.33E-11 2.85E-10 1.14E-09 2.97E-09 3.54E-09 4.36E-09
 4.43E-09 3.92E-09 3.39E-09
 3.38E-23 7.18E-16 1.33E-11 2.84E-10 1.12E-09 2.91E-09 3.46E-09 4.28E-09
 4.37E-09 3.87E-09 3.35E-09
 6.07E-23 1.08E-15 1.64E-11 3.17E-10 1.30E-09 3.02E-09 3.62E-09 3.96E-09
 3.69E-09 3.17E-09 2.70E-09
 3.21E-24 1.07E-16 1.84E-12 2.10E-11 5.32E-11 7.94E-11 8.57E-11 8.79E-11
 8.66E-11 8.63E-11 8.78E-11
 3.28E-27 1.12E-19 1.92E-15 2.16E-14 5.41E-14 8.03E-14 8.66E-14 8.87E-14
 8.75E-14 8.73E-14 8.91E-14
   842.0 A   8  11 /FILMEM = WJD91#BE/TYPE = EXCIT    /INDM = 1/ISEL =    3
 1.28E-01 1.28E+02 1.28E+05 1.28E+08 1.28E+11 1.28E+14 1.28E+17 1.28E+20
 3.45E-01 6.89E-01 1.72E+00 3.45E+00 6.89E+00 1.72E+01 3.45E+01 6.89E+01
 1.72E+02 3.45E+02 6.89E+02
 2.48E-27 3.05E-18 6.75E-13 3.39E-11 2.08E-10 5.69E-10 8.21E-10 1.05E-09
 1.19E-09 1.10E-09 9.56E-10
 2.48E-27 3.05E-18 6.75E-13 3.39E-11 2.08E-10 5.69E-10 8.21E-10 1.05E-09
 1.19E-09 1.10E-09 9.56E-10
 2.48E-27 3.05E-18 6.74E-13 3.39E-11 2.07E-10 5.69E-10 8.20E-10 1.05E-09
 1.19E-09 1.09E-09 9.56E-10
 2.48E-27 3.05E-18 6.74E-13 3.38E-11 2.06E-10 5.66E-10 8.16E-10 1.04E-09
 1.19E-09 1.09E-09 9.54E-10
 2.42E-27 2.99E-18 6.59E-13 3.28E-11 1.99E-10 5.42E-10 7.85E-10 1.01E-09
 1.16E-09 1.07E-09 9.37E-10
 3.12E-27 3.21E-18 5.67E-13 2.45E-11 1.43E-10 3.79E-10 4.87E-10 5.21E-10
 5.07E-10 4.47E-10 3.89E-10
 6.17E-28 9.26E-19 1.01E-13 1.90E-12 5.94E-12 9.58E-12 1.02E-11 1.01E-11
 9.93E-12 9.71E-12 9.78E-12
 6.34E-31 9.71E-22 1.06E-16 1.95E-15 6.04E-15 9.69E-15 1.03E-14 1.02E-14
 1.00E-14 9.82E-15 9.91E-15
  1776.3 A   8  11 /FILMEM = WJD91#BE/TYPE = EXCIT    /INDM = 1/ISEL =    4
 1.28E-01 1.28E+02 1.28E+05 1.28E+08 1.28E+11 1.28E+14 1.28E+17 1.28E+20
 3.45E-01 6.89E-01 1.72E+00 3.45E+00 6.89E+00 1.72E+01 3.45E+01 6.89E+01
 1.72E+02 3.45E+02 6.89E+02
 1.21E-21 5.37E-15 3.51E-11 5.12E-10 1.88E-09 4.04E-09 5.16E-09 5.43E-09
 4.73E-09 3.81E-09 2.98E-09
 1.21E-21 5.37E-15 3.51E-11 5.12E-10 1.88E-09 4.04E-09 5.16E-09 5.43E-09
 4.73E-09 3.81E-09 2.98E-09
 1.21E-21 5.37E-15 3.51E-11 5.12E-10 1.88E-09 4.04E-09 5.16E-09 5.43E-09
 4.73E-09 3.81E-09 2.98E-09
 1.21E-21 5.37E-15 3.51E-11 5.12E-10 1.88E-09 4.04E-09 5.16E-09 5.43E-09
 4.73E-09 3.81E-09 2.98E-09
 1.21E-21 5.37E-15 3.51E-11 5.11E-10 1.87E-09 4.02E-09 5.13E-09 5.39E-09
 4.70E-09 3.79E-09 2.97E-09
 1.87E-21 7.59E-15 4.31E-11 5.76E-10 1.96E-09 4.01E-09 5.04E-09 5.34E-09
 4.81E-09 3.95E-09 3.15E-09
 5.34E-23 4.03E-16 2.92E-12 2.56E-11 5.67E-11 7.88E-11 8.52E-11 8.74E-11
 8.74E-11 8.72E-11 8.84E-11
 5.43E-26 4.19E-19 3.05E-15 2.63E-14 5.76E-14 7.96E-14 8.59E-14 8.81E-14
 8.82E-14 8.81E-14 8.95E-14
  1512.4 A   8  11 /FILMEM = WJD91#BE/TYPE = EXCIT    /INDM = 1/ISEL =    5
 1.28E-01 1.28E+02 1.28E+05 1.28E+08 1.28E+11 1.28E+14 1.28E+17 1.28E+20
 3.45E-01 6.89E-01 1.72E+00 3.45E+00 6.89E+00 1.72E+01 3.45E+01 6.89E+01
 1.72E+02 3.45E+02 6.89E+02
 4.31E-23 1.36E-15 3.40E-11 8.71E-10 4.31E-09 1.11E-08 1.30E-08 1.31E-08
 1.08E-08 8.45E-09 6.46E-09
 4.31E-23 1.36E-15 3.40E-11 8.71E-10 4.31E-09 1.11E-08 1.30E-08 1.31E-08
 1.08E-08 8.45E-09 6.46E-09
 4.31E-23 1.36E-15 3.40E-11 8.70E-10 4.31E-09 1.11E-08 1.30E-08 1.31E-08
 1.08E-08 8.45E-09 6.46E-09
 4.31E-23 1.36E-15 3.40E-11 8.70E-10 4.31E-09 1.11E-08 1.30E-08 1.30E-08
 1.07E-08 8.43E-09 6.45E-09
 4.33E-23 1.36E-15 3.40E-11 8.68E-10 4.27E-09 1.10E-08 1.29E-08 1.29E-08
 1.06E-08 8.32E-09 6.37E-09
 2.03E-22 5.02E-15 9.69E-11 2.10E-09 9.47E-09 2.31E-08 2.80E-08 2.89E-08
 2.43E-08 1.89E-08 1.43E-08
 2.10E-23 9.24E-16 1.87E-11 2.26E-10 5.98E-10 9.33E-10 1.03E-09 1.09E-09
 1.09E-09 1.10E-09 1.14E-09
 2.14E-26 9.65E-19 1.96E-14 2.33E-13 6.08E-13 9.44E-13 1.04E-12 1.10E-12
 1.10E-12 1.12E-12 1.15E-12
  1197.1 A   8  11 /FILMEM = WJD91#BE/TYPE = EXCIT    /INDM = 1/ISEL =    6
 1.28E-01 1.28E+02 1.28E+05 1.28E+08 1.28E+11 1.28E+14 1.28E+17 1.28E+20
 3.45E-01 6.89E-01 1.72E+00 3.45E+00 6.89E+00 1.72E+01 3.45E+01 6.89E+01
 1.72E+02 3.45E+02 6.89E+02
 7.11E-27 4.72E-18 6.78E-13 2.83E-11 1.60E-10 4.65E-10 6.57E-10 7.00E-10
 6.53E-10 5.32E-10 4.14E-10
 7.11E-27 4.72E-18 6.78E-13 2.83E-11 1.60E-10 4.65E-10 6.57E-10 7.00E-10
 6.53E-10 5.32E-10 4.14E-10
 7.11E-27 4.72E-18 6.77E-13 2.83E-11 1.60E-10 4.65E-10 6.57E-10 6.99E-10
 6.53E-10 5.32E-10 4.14E-10
 7.11E-27 4.72E-18 6.77E-13 2.83E-11 1.59E-10 4.64E-10 6.56E-10 6.98E-10
 6.52E-10 5.31E-10 4.13E-10
 7.10E-27 4.70E-18 6.74E-13 2.80E-11 1.58E-10 4.58E-10 6.48E-10 6.90E-10
 6.46E-10 5.26E-10 4.10E-10
 6.53E-27 3.55E-18 4.28E-13 1.62E-11 8.84E-11 2.33E-10 3.08E-10 3.36E-10
 3.33E-10 2.96E-10 2.55E-10
 9.81E-28 8.14E-19 6.25E-14 1.04E-12 3.09E-12 4.84E-12 5.15E-12 5.10E-12
 5.04E-12 4.94E-12 4.98E-12
 1.01E-30 8.53E-22 6.56E-17 1.07E-15 3.14E-15 4.89E-15 5.19E-15 5.14E-15
 5.09E-15 5.00E-15 5.04E-15
  1143.0 A   8  11 /FILMEM = WJD91#BE/TYPE = EXCIT    /INDM = 1/ISEL =    7
 1.28E-01 1.28E+02 1.28E+05 1.28E+08 1.28E+11 1.28E+14 1.28E+17 1.28E+20
 3.45E-01 6.89E-01 1.72E+00 3.45E+00 6.89E+00 1.72E+01 3.45E+01 6.89E+01
 1.72E+02 3.45E+02 6.89E+02
 2.24E-27 3.68E-18 1.07E-12 6.40E-11 4.68E-10 1.45E-09 1.92E-09 1.97E-09
 1.70E-09 1.36E-09 1.06E-09
 2.24E-27 3.68E-18 1.07E-12 6.40E-11 4.68E-10 1.45E-09 1.92E-09 1.97E-09
 1.70E-09 1.36E-09 1.06E-09
 2.24E-27 3.68E-18 1.07E-12 6.39E-11 4.68E-10 1.45E-09 1.92E-09 1.97E-09
 1.70E-09 1.36E-09 1.06E-09
 2.24E-27 3.68E-18 1.07E-12 6.38E-11 4.66E-10 1.44E-09 1.91E-09 1.97E-09
 1.69E-09 1.36E-09 1.05E-09
 2.32E-27 3.77E-18 1.08E-12 6.35E-11 4.60E-10 1.42E-09 1.88E-09 1.93E-09
 1.67E-09 1.34E-09 1.04E-09
 1.51E-26 1.74E-17 3.28E-12 1.45E-10 8.63E-10 2.31E-09 2.92E-09 3.00E-09
 2.69E-09 2.22E-09 1.77E-09
 3.21E-27 5.43E-18 6.42E-13 1.24E-11 3.97E-11 6.58E-11 7.12E-11 7.18E-11
 7.15E-11 7.08E-11 7.21E-11
 3.30E-30 5.69E-21 6.74E-16 1.27E-14 4.04E-14 6.65E-14 7.18E-14 7.24E-14
 7.22E-14 7.16E-14 7.31E-14
 12097.2 A   8  11 /FILMEM = WJD91#BE/TYPE = EXCIT    /INDM = 1/ISEL =    8
 1.28E-01 1.28E+02 1.28E+05 1.28E+08 1.28E+11 1.28E+14 1.28E+17 1.28E+20
 3.45E-01 6.89E-01 1.72E+00 3.45E+00 6.89E+00 1.72E+01 3.45E+01 6.89E+01
 1.72E+02 3.45E+02 6.89E+02
 2.58E-24 5.49E-17 1.02E-12 2.19E-11 8.71E-11 2.28E-10 2.72E-10 3.35E-10
 3.40E-10 3.01E-10 2.60E-10
 2.58E-24 5.49E-17 1.02E-12 2.19E-11 8.71E-11 2.28E-10 2.72E-10 3.35E-10
 3.40E-10 3.01E-10 2.60E-10
 2.58E-24 5.49E-17 1.02E-12 2.19E-11 8.71E-11 2.28E-10 2.71E-10 3.34E-10
 3.40E-10 3.01E-10 2.60E-10
 2.58E-24 5.49E-17 1.02E-12 2.18E-11 8.69E-11 2.27E-10 2.70E-10 3.34E-10
 3.39E-10 3.00E-10 2.59E-10
 2.58E-24 5.49E-17 1.02E-12 2.17E-11 8.57E-11 2.23E-10 2.65E-10 3.28E-10
 3.34E-10 2.96E-10 2.56E-10
 4.64E-24 8.23E-17 1.25E-12 2.43E-11 9.93E-11 2.31E-10 2.77E-10 3.03E-10
 2.82E-10 2.42E-10 2.07E-10
 2.46E-25 8.19E-18 1.40E-13 1.61E-12 4.07E-12 6.07E-12 6.56E-12 6.72E-12
 6.63E-12 6.60E-12 6.72E-12
 2.51E-28 8.53E-21 1.47E-16 1.65E-15 4.14E-15 6.14E-15 6.62E-15 6.78E-15
 6.70E-15 6.68E-15 6.82E-15
  3275.6 A   8  11 /FILMEM = WJD91#BE/TYPE = EXCIT    /INDM = 1/ISEL =    9
 1.28E-01 1.28E+02 1.28E+05 1.28E+08 1.28E+11 1.28E+14 1.28E+17 1.28E+20
 3.45E-01 6.89E-01 1.72E+00 3.45E+00 6.89E+00 1.72E+01 3.45E+01 6.89E+01
 1.72E+02 3.45E+02 6.89E+02
 3.69E-28 4.55E-19 1.00E-13 5.05E-12 3.09E-11 8.48E-11 1.22E-10 1.56E-10
 1.78E-10 1.63E-10 1.42E-10
 3.69E-28 4.55E-19 1.00E-13 5.05E-12 3.09E-11 8.48E-11 1.22E-10 1.56E-10
 1.78E-10 1.63E-10 1.42E-10
 3.69E-28 4.55E-19 1.00E-13 5.05E-12 3.09E-11 8.47E-11 1.22E-10 1.56E-10
 1.78E-10 1.63E-10 1.42E-10
 3.69E-28 4.55E-19 1.00E-13 5.04E-12 3.08E-11 8.42E-11 1.22E-10 1.55E-10
 1.77E-10 1.63E-10 1.42E-10
 3.61E-28 4.46E-19 9.82E-14 4.89E-12 2.96E-11 8.08E-11 1.17E-10 1.50E-10
 1.73E-10 1.59E-10 1.40E-10
 4.64E-28 4.78E-19 8.44E-14 3.64E-12 2.13E-11 5.65E-11 7.26E-11 7.76E-11
 7.55E-11 6.65E-11 5.79E-11
 9.19E-29 1.38E-19 1.51E-14 2.83E-13 8.85E-13 1.43E-12 1.52E-12 1.50E-12
 1.48E-12 1.45E-12 1.46E-12
 9.45E-32 1.45E-22 1.59E-17 2.91E-16 9.00E-16 1.44E-15 1.53E-15 1.52E-15
 1.49E-15 1.46E-15 1.48E-15
  5272.2 A   8  11 /FILMEM = WJD91#BE/TYPE = EXCIT    /INDM = 1/ISEL =   10
 1.28E-01 1.28E+02 1.28E+05 1.28E+08 1.28E+11 1.28E+14 1.28E+17 1.28E+20
 3.45E-01 6.89E-01 1.72E+00 3.45E+00 6.89E+00 1.72E+01 3.45E+01 6.89E+01
 1.72E+02 3.45E+02 6.89E+02
 4.92E-27 3.26E-18 4.69E-13 1.96E-11 1.11E-10 3.22E-10 4.55E-10 4.84E-10
 4.52E-10 3.68E-10 2.86E-10
 4.92E-27 3.26E-18 4.69E-13 1.96E-11 1.11E-10 3.22E-10 4.55E-10 4.84E-10
 4.52E-10 3.68E-10 2.86E-10
 4.92E-27 3.26E-18 4.69E-13 1.96E-11 1.11E-10 3.22E-10 4.55E-10 4.84E-10
 4.52E-10 3.68E-10 2.86E-10
 4.92E-27 3.26E-18 4.69E-13 1.96E-11 1.10E-10 3.21E-10 4.54E-10 4.83E-10
 4.51E-10 3.68E-10 2.86E-10
 4.92E-27 3.26E-18 4.67E-13 1.94E-11 1.09E-10 3.17E-10 4.48E-10 4.78E-10
 4.47E-10 3.64E-10 2.84E-10
 4.52E-27 2.46E-18 2.96E-13 1.12E-11 6.12E-11 1.61E-10 2.13E-10 2.33E-10
 2.31E-10 2.05E-10 1.76E-10
 6.79E-28 5.64E-19 4.32E-14 7.21E-13 2.14E-12 3.35E-12 3.56E-12 3.53E-12
 3.49E-12 3.42E-12 3.44E-12
 6.98E-31 5.90E-22 4.54E-17 7.41E-16 2.17E-15 3.39E-15 3.59E-15 3.56E-15
 3.52E-15 3.46E-15 3.49E-15
  4362.2 A   8  11 /FILMEM = WJD91#BE/TYPE = EXCIT    /INDM = 1/ISEL =   11
 1.28E-01 1.28E+02 1.28E+05 1.28E+08 1.28E+11 1.28E+14 1.28E+17 1.28E+20
 3.45E-01 6.89E-01 1.72E+00 3.45E+00 6.89E+00 1.72E+01 3.45E+01 6.89E+01
 1.72E+02 3.45E+02 6.89E+02
 6.43E-28 1.05E-18 3.08E-13 1.83E-11 1.34E-10 4.15E-10 5.51E-10 5.66E-10
 4.88E-10 3.91E-10 3.03E-10
 6.43E-28 1.05E-18 3.08E-13 1.83E-11 1.34E-10 4.15E-10 5.51E-10 5.66E-10
 4.88E-10 3.91E-10 3.03E-10
 6.43E-28 1.05E-18 3.08E-13 1.83E-11 1.34E-10 4.15E-10 5.51E-10 5.66E-10
 4.87E-10 3.91E-10 3.03E-10
 6.43E-28 1.05E-18 3.08E-13 1.83E-11 1.34E-10 4.13E-10 5.49E-10 5.64E-10
 4.86E-10 3.90E-10 3.02E-10
 6.66E-28 1.08E-18 3.10E-13 1.82E-11 1.32E-10 4.06E-10 5.39E-10 5.54E-10
 4.78E-10 3.83E-10 2.97E-10
 4.32E-27 5.00E-18 9.41E-13 4.15E-11 2.48E-10 6.63E-10 8.38E-10 8.62E-10
 7.73E-10 6.35E-10 5.09E-10
 9.20E-28 1.56E-18 1.84E-13 3.56E-12 1.14E-11 1.89E-11 2.04E-11 2.06E-11
 2.05E-11 2.03E-11 2.07E-11
 9.46E-31 1.63E-21 1.93E-16 3.65E-15 1.16E-14 1.91E-14 2.06E-14 2.08E-14
 2.07E-14 2.05E-14 2.10E-14
  4829.3 A   8  11 /FILMEM = WJD91#BE/TYPE = EXCIT    /INDM = 1/ISEL =   12
 1.28E-01 1.28E+02 1.28E+05 1.28E+08 1.28E+11 1.28E+14 1.28E+17 1.28E+20
 3.45E-01 6.89E-01 1.72E+00 3.45E+00 6.89E+00 1.72E+01 3.45E+01 6.89E+01
 1.72E+02 3.45E+02 6.89E+02
 1.31E-28 1.62E-19 3.57E-14 1.79E-12 1.10E-11 3.01E-11 4.34E-11 5.54E-11
 6.31E-11 5.80E-11 5.06E-11
 1.31E-28 1.62E-19 3.57E-14 1.79E-12 1.10E-11 3.01E-11 4.34E-11 5.54E-11
 6.31E-11 5.80E-11 5.06E-11
 1.31E-28 1.62E-19 3.57E-14 1.79E-12 1.10E-11 3.01E-11 4.34E-11 5.54E-11
 6.31E-11 5.79E-11 5.06E-11
 1.31E-28 1.62E-19 3.57E-14 1.79E-12 1.09E-11 2.99E-11 4.32E-11 5.52E-11
 6.29E-11 5.78E-11 5.05E-11
 1.28E-28 1.58E-19 3.49E-14 1.74E-12 1.05E-11 2.87E-11 4.16E-11 5.34E-11
 6.14E-11 5.66E-11 4.96E-11
 1.65E-28 1.70E-19 3.00E-14 1.29E-12 7.57E-12 2.01E-11 2.58E-11 2.76E-11
 2.68E-11 2.36E-11 2.06E-11
 3.26E-29 4.90E-20 5.37E-15 1.00E-13 3.15E-13 5.07E-13 5.40E-13 5.34E-13
 5.25E-13 5.14E-13 5.17E-13
 3.36E-32 5.14E-23 5.63E-18 1.03E-16 3.20E-16 5.13E-16 5.45E-16 5.39E-16
 5.30E-16 5.20E-16 5.24E-16
  4674.7 A   8  11 /FILMEM = WJD91#BE/TYPE = EXCIT    /INDM = 1/ISEL =   13
 1.28E-01 1.28E+02 1.28E+05 1.28E+08 1.28E+11 1.28E+14 1.28E+17 1.28E+20
 3.45E-01 6.89E-01 1.72E+00 3.45E+00 6.89E+00 1.72E+01 3.45E+01 6.89E+01
 1.72E+02 3.45E+02 6.89E+02
 2.37E-27 3.71E-18 1.06E-12 6.23E-11 4.37E-10 1.20E-09 1.44E-09 1.30E-09
 1.05E-09 8.31E-10 6.37E-10
 2.37E-27 3.71E-18 1.06E-12 6.23E-11 4.37E-10 1.20E-09 1.44E-09 1.30E-09
 1.05E-09 8.31E-10 6.37E-10
 2.37E-27 3.71E-18 1.06E-12 6.22E-11 4.37E-10 1.20E-09 1.44E-09 1.30E-09
 1.05E-09 8.30E-10 6.36E-10
 2.37E-27 3.71E-18 1.05E-12 6.19E-11 4.34E-10 1.19E-09 1.43E-09 1.29E-09
 1.04E-09 8.22E-10 6.31E-10
 2.37E-27 3.71E-18 1.04E-12 6.04E-11 4.17E-10 1.14E-09 1.35E-09 1.21E-09
 9.82E-10 7.74E-10 5.94E-10
 1.22E-26 1.42E-17 2.67E-12 1.17E-10 6.96E-10 1.83E-09 2.22E-09 2.16E-09
 1.78E-09 1.36E-09 1.00E-09
 2.60E-27 4.43E-18 5.27E-13 1.03E-11 3.32E-11 5.59E-11 6.11E-11 6.23E-11
 6.27E-11 6.26E-11 6.42E-11
 2.67E-30 4.64E-21 5.53E-16 1.05E-14 3.37E-14 5.65E-14 6.17E-14 6.29E-14
 6.34E-14 6.33E-14 6.51E-14
 30349.0 A   8  11 /FILMEM = WJD91#BE/TYPE = EXCIT    /INDM = 1/ISEL =   14
 1.28E-01 1.28E+02 1.28E+05 1.28E+08 1.28E+11 1.28E+14 1.28E+17 1.28E+20
 3.45E-01 6.89E-01 1.72E+00 3.45E+00 6.89E+00 1.72E+01 3.45E+01 6.89E+01
 1.72E+02 3.45E+02 6.89E+02
 7.28E-29 8.97E-20 1.98E-14 9.96E-13 6.10E-12 1.67E-11 2.41E-11 3.08E-11
 3.50E-11 3.22E-11 2.81E-11
 7.28E-29 8.97E-20 1.98E-14 9.96E-13 6.10E-12 1.67E-11 2.41E-11 3.08E-11
 3.50E-11 3.22E-11 2.81E-11
 7.28E-29 8.97E-20 1.98E-14 9.96E-13 6.09E-12 1.67E-11 2.41E-11 3.07E-11
 3.50E-11 3.22E-11 2.81E-11
 7.28E-29 8.97E-20 1.98E-14 9.93E-13 6.06E-12 1.66E-11 2.40E-11 3.06E-11
 3.49E-11 3.21E-11 2.80E-11
 7.12E-29 8.79E-20 1.94E-14 9.65E-13 5.84E-12 1.59E-11 2.31E-11 2.97E-11
 3.41E-11 3.14E-11 2.75E-11
 9.16E-29 9.43E-20 1.66E-14 7.19E-13 4.20E-12 1.11E-11 1.43E-11 1.53E-11
 1.49E-11 1.31E-11 1.14E-11
 1.81E-29 2.72E-20 2.98E-15 5.58E-14 1.75E-13 2.82E-13 3.00E-13 2.97E-13
 2.92E-13 2.85E-13 2.87E-13
 1.86E-32 2.85E-23 3.13E-18 5.73E-17 1.77E-16 2.85E-16 3.02E-16 2.99E-16
 2.94E-16 2.88E-16 2.91E-16
  3131.5 A   8  11 /FILMEM = WJD91#BE/TYPE = RECOM    /INDM =+1/ISEL =   15
 1.28E-01 1.28E+02 1.28E+05 1.28E+08 1.28E+11 1.28E+14 1.28E+17 1.28E+20
 3.45E-01 6.89E-01 1.72E+00 3.45E+00 6.89E+00 1.72E+01 3.45E+01 6.89E+01
 1.72E+02 3.45E+02 6.89E+02
 2.38E-12 1.39E-12 6.71E-13 3.84E-13 2.13E-13 1.07E-13 1.97E-13 3.16E-13
 2.16E-13 1.07E-13 4.82E-14
 2.39E-12 1.39E-12 6.72E-13 3.84E-13 2.13E-13 1.07E-13 1.97E-13 3.16E-13
 2.15E-13 1.07E-13 4.81E-14
 2.45E-12 1.41E-12 6.75E-13 3.85E-13 2.13E-13 1.06E-13 1.96E-13 3.12E-13
 2.13E-13 1.06E-13 4.77E-14
 2.90E-12 1.54E-12 6.98E-13 3.91E-13 2.14E-13 1.06E-13 1.88E-13 2.96E-13
 2.02E-13 1.00E-13 4.56E-14
 6.73E-12 2.43E-12 8.46E-13 4.28E-13 2.23E-13 1.06E-13 1.76E-13 2.72E-13
 1.84E-13 9.10E-14 4.16E-14
 1.73E-10 1.79E-11 2.13E-12 6.89E-13 2.77E-13 1.08E-13 1.58E-13 2.35E-13
 1.59E-13 8.03E-14 3.79E-14
 4.59E-10 2.83E-11 9.37E-13 8.64E-14 1.34E-14 2.11E-15 8.37E-16 5.67E-16
 3.15E-16 1.68E-16 8.96E-17
 4.58E-10 2.82E-11 8.86E-13 7.57E-14 1.10E-14 1.56E-15 4.45E-16 1.43E-16
 3.44E-17 1.20E-17 4.25E-18
  1036.3 A   8  11 /FILMEM = WJD91#BE/TYPE = RECOM    /INDM =+1/ISEL =   16
 1.28E-01 1.28E+02 1.28E+05 1.28E+08 1.28E+11 1.28E+14 1.28E+17 1.28E+20
 3.45E-01 6.89E-01 1.72E+00 3.45E+00 6.89E+00 1.72E+01 3.45E+01 6.89E+01
 1.72E+02 3.45E+02 6.89E+02
 4.29E-13 2.59E-13 1.31E-13 7.82E-14 4.53E-14 2.44E-14 5.29E-14 8.79E-14
 6.03E-14 2.99E-14 1.37E-14
 4.30E-13 2.59E-13 1.31E-13 7.83E-14 4.53E-14 2.44E-14 5.28E-14 8.78E-14
 6.03E-14 2.99E-14 1.37E-14
 4.40E-13 2.62E-13 1.31E-13 7.84E-14 4.53E-14 2.44E-14 5.26E-14 8.73E-14
 6.00E-14 2.97E-14 1.36E-14
 5.09E-13 2.81E-13 1.35E-13 7.92E-14 4.55E-14 2.43E-14 5.14E-14 8.48E-14
 5.82E-14 2.89E-14 1.33E-14
 1.11E-12 4.21E-13 1.58E-13 8.49E-14 4.67E-14 2.42E-14 4.95E-14 8.09E-14
 5.53E-14 2.74E-14 1.27E-14
 1.82E-11 1.59E-12 1.75E-13 5.66E-14 2.39E-14 1.07E-14 2.08E-14 3.55E-14
 2.67E-14 1.44E-14 7.37E-15
 2.27E-10 2.54E-11 1.22E-12 1.25E-13 2.06E-14 3.22E-15 1.06E-15 4.97E-16
 2.20E-16 1.12E-16 5.81E-17
 2.31E-10 2.64E-11 1.27E-12 1.27E-13 2.06E-14 3.17E-15 9.46E-16 3.07E-16
 7.40E-17 2.57E-17 9.04E-18
   842.0 A   8  11 /FILMEM = WJD91#BE/TYPE = RECOM    /INDM =+1/ISEL =   17
 1.28E-01 1.28E+02 1.28E+05 1.28E+08 1.28E+11 1.28E+14 1.28E+17 1.28E+20
 3.45E-01 6.89E-01 1.72E+00 3.45E+00 6.89E+00 1.72E+01 3.45E+01 6.89E+01
 1.72E+02 3.45E+02 6.89E+02
 1.53E-13 9.31E-14 4.74E-14 2.84E-14 1.63E-14 8.87E-15 2.15E-14 3.78E-14
 2.66E-14 1.33E-14 6.22E-15
 1.54E-13 9.32E-14 4.74E-14 2.84E-14 1.63E-14 8.87E-15 2.15E-14 3.78E-14
 2.65E-14 1.33E-14 6.21E-15
 1.57E-13 9.42E-14 4.76E-14 2.84E-14 1.63E-14 8.86E-15 2.14E-14 3.76E-14
 2.64E-14 1.33E-14 6.19E-15
 1.82E-13 1.01E-13 4.88E-14 2.87E-14 1.64E-14 8.83E-15 2.10E-14 3.67E-14
 2.58E-14 1.30E-14 6.08E-15
 3.86E-13 1.47E-13 5.57E-14 3.01E-14 1.65E-14 8.67E-15 2.01E-14 3.49E-14
 2.46E-14 1.24E-14 5.82E-15
 8.11E-12 7.19E-13 6.94E-14 1.93E-14 6.84E-15 2.35E-15 3.42E-15 5.73E-15
 4.44E-15 2.50E-15 1.34E-15
 8.94E-11 4.53E-12 2.30E-13 3.76E-14 8.48E-15 1.62E-15 5.32E-16 1.99E-16
 6.19E-17 2.61E-17 1.16E-17
 9.02E-11 4.56E-12 2.33E-13 3.79E-14 8.49E-15 1.61E-15 5.18E-16 1.74E-16
 4.29E-17 1.50E-17 5.28E-18
  1776.3 A   8  11 /FILMEM = WJD91#BE/TYPE = RECOM    /INDM =+1/ISEL =   18
 1.28E-01 1.28E+02 1.28E+05 1.28E+08 1.28E+11 1.28E+14 1.28E+17 1.28E+20
 3.45E-01 6.89E-01 1.72E+00 3.45E+00 6.89E+00 1.72E+01 3.45E+01 6.89E+01
 1.72E+02 3.45E+02 6.89E+02
 1.40E-13 8.59E-14 4.51E-14 2.81E-14 1.78E-14 1.06E-14 1.48E-14 2.10E-14
 1.42E-14 7.13E-15 3.28E-15
 1.40E-13 8.61E-14 4.51E-14 2.81E-14 1.78E-14 1.06E-14 1.48E-14 2.10E-14
 1.41E-14 7.12E-15 3.28E-15
 1.45E-13 8.73E-14 4.53E-14 2.81E-14 1.78E-14 1.06E-14 1.47E-14 2.08E-14
 1.40E-14 7.05E-15 3.25E-15
 1.73E-13 9.53E-14 4.68E-14 2.85E-14 1.79E-14 1.06E-14 1.42E-14 1.98E-14
 1.33E-14 6.71E-15 3.12E-15
 4.19E-13 1.53E-13 5.61E-14 3.08E-14 1.83E-14 1.05E-14 1.34E-14 1.81E-14
 1.21E-14 6.09E-15 2.85E-15
 2.17E-11 1.75E-12 1.57E-13 4.66E-14 1.95E-14 8.91E-15 1.20E-14 1.68E-14
 1.14E-14 5.72E-15 2.71E-15
 1.45E-09 7.86E-11 1.80E-12 1.40E-13 2.00E-14 2.88E-15 9.21E-16 4.19E-16
 1.82E-16 9.13E-17 4.74E-17
 1.49E-09 8.19E-11 1.87E-12 1.42E-13 2.00E-14 2.83E-15 8.21E-16 2.63E-16
 6.28E-17 2.18E-17 7.64E-18
  1512.4 A   8  11 /FILMEM = WJD91#BE/TYPE = RECOM    /INDM =+1/ISEL =   19
 1.28E-01 1.28E+02 1.28E+05 1.28E+08 1.28E+11 1.28E+14 1.28E+17 1.28E+20
 3.45E-01 6.89E-01 1.72E+00 3.45E+00 6.89E+00 1.72E+01 3.45E+01 6.89E+01
 1.72E+02 3.45E+02 6.89E+02
 8.41E-13 4.68E-13 2.09E-13 1.10E-13 5.47E-14 2.69E-14 8.70E-14 1.58E-13
 1.12E-13 5.57E-14 2.53E-14
 8.45E-13 4.69E-13 2.09E-13 1.10E-13 5.47E-14 2.69E-14 8.69E-14 1.58E-13
 1.12E-13 5.56E-14 2.52E-14
 8.70E-13 4.76E-13 2.10E-13 1.10E-13 5.47E-14 2.68E-14 8.62E-14 1.57E-13
 1.11E-13 5.52E-14 2.51E-14
 1.04E-12 5.24E-13 2.18E-13 1.13E-13 5.52E-14 2.66E-14 8.33E-14 1.51E-13
 1.07E-13 5.32E-14 2.43E-14
 2.50E-12 8.65E-13 2.75E-13 1.27E-13 5.83E-14 2.65E-14 7.88E-14 1.42E-13
 9.96E-14 4.96E-14 2.27E-14
 9.11E-11 9.44E-12 1.06E-12 3.22E-13 1.22E-13 4.71E-14 9.84E-14 1.64E-13
 1.12E-13 5.48E-14 2.51E-14
 1.65E-09 2.26E-10 1.26E-11 1.36E-12 2.29E-13 3.63E-14 1.20E-14 5.57E-15
 2.44E-15 1.23E-15 6.36E-16
 1.68E-09 2.35E-10 1.31E-11 1.38E-12 2.29E-13 3.58E-14 1.08E-14 3.50E-15
 8.44E-16 2.94E-16 1.03E-16
  1197.1 A   8  11 /FILMEM = WJD91#BE/TYPE = RECOM    /INDM =+1/ISEL =   20
 1.28E-01 1.28E+02 1.28E+05 1.28E+08 1.28E+11 1.28E+14 1.28E+17 1.28E+20
 3.45E-01 6.89E-01 1.72E+00 3.45E+00 6.89E+00 1.72E+01 3.45E+01 6.89E+01
 1.72E+02 3.45E+02 6.89E+02
 2.73E-14 1.68E-14 8.77E-15 5.44E-15 3.46E-15 2.06E-15 2.33E-15 2.97E-15
 1.97E-15 1.00E-15 4.56E-16
 2.74E-14 1.68E-14 8.78E-15 5.44E-15 3.46E-15 2.06E-15 2.33E-15 2.96E-15
 1.97E-15 1.00E-15 4.55E-16
 2.84E-14 1.71E-14 8.82E-15 5.45E-15 3.46E-15 2.05E-15 2.31E-15 2.92E-15
 1.94E-15 9.88E-16 4.49E-16
 3.46E-14 1.88E-14 9.14E-15 5.53E-15 3.48E-15 2.05E-15 2.20E-15 2.70E-15
 1.78E-15 9.13E-16 4.20E-16
 9.07E-14 3.19E-14 1.13E-14 6.11E-15 3.61E-15 2.05E-15 2.06E-15 2.40E-15
 1.55E-15 7.91E-16 3.67E-16
 1.03E-11 5.78E-13 4.16E-14 1.05E-14 3.61E-15 1.26E-15 1.60E-15 2.42E-15
 1.79E-15 9.62E-16 4.86E-16
 1.37E-10 3.91E-12 1.41E-13 2.05E-14 4.35E-15 8.04E-16 2.61E-16 9.69E-17
 3.00E-17 1.26E-17 5.57E-18
 1.38E-10 3.95E-12 1.43E-13 2.06E-14 4.36E-15 8.00E-16 2.54E-16 8.51E-17
 2.09E-17 7.29E-18 2.57E-18
  1143.0 A   8  11 /FILMEM = WJD91#BE/TYPE = RECOM    /INDM =+1/ISEL =   21
 1.28E-01 1.28E+02 1.28E+05 1.28E+08 1.28E+11 1.28E+14 1.28E+17 1.28E+20
 3.45E-01 6.89E-01 1.72E+00 3.45E+00 6.89E+00 1.72E+01 3.45E+01 6.89E+01
 1.72E+02 3.45E+02 6.89E+02
 2.30E-13 1.31E-13 6.01E-14 3.26E-14 1.65E-14 6.78E-15 1.14E-14 1.91E-14
 1.34E-14 6.70E-15 2.98E-15
 2.31E-13 1.31E-13 6.01E-14 3.26E-14 1.65E-14 6.78E-15 1.13E-14 1.91E-14
 1.34E-14 6.69E-15 2.98E-15
 2.36E-13 1.32E-13 6.04E-14 3.27E-14 1.65E-14 6.77E-15 1.12E-14 1.88E-14
 1.32E-14 6.60E-15 2.95E-15
 2.75E-13 1.43E-13 6.24E-14 3.31E-14 1.66E-14 6.72E-15 1.05E-14 1.74E-14
 1.22E-14 6.14E-15 2.76E-15
 6.34E-13 2.28E-13 7.69E-14 3.70E-14 1.76E-14 6.80E-15 9.72E-15 1.55E-14
 1.08E-14 5.37E-15 2.43E-15
 4.16E-11 4.07E-12 4.13E-13 1.14E-13 3.95E-14 1.25E-14 1.57E-14 2.40E-14
 1.70E-14 8.69E-15 4.14E-15
 4.66E-10 2.65E-11 1.45E-12 2.43E-13 5.53E-14 1.06E-14 3.50E-15 1.31E-15
 4.05E-16 1.70E-16 7.53E-17
 4.70E-10 2.67E-11 1.47E-12 2.44E-13 5.53E-14 1.06E-14 3.41E-15 1.15E-15
 2.83E-16 9.90E-17 3.48E-17
 12097.2 A   8  11 /FILMEM = WJD91#BE/TYPE = RECOM    /INDM =+1/ISEL =   22
 1.28E-01 1.28E+02 1.28E+05 1.28E+08 1.28E+11 1.28E+14 1.28E+17 1.28E+20
 3.45E-01 6.89E-01 1.72E+00 3.45E+00 6.89E+00 1.72E+01 3.45E+01 6.89E+01
 1.72E+02 3.45E+02 6.89E+02
 3.28E-14 1.98E-14 1.00E-14 5.99E-15 3.47E-15 1.87E-15 4.04E-15 6.72E-15
 4.62E-15 2.29E-15 1.05E-15
 3.29E-14 1.98E-14 1.00E-14 5.99E-15 3.47E-15 1.86E-15 4.04E-15 6.72E-15
 4.61E-15 2.28E-15 1.05E-15
 3.37E-14 2.00E-14 1.01E-14 6.00E-15 3.47E-15 1.86E-15 4.02E-15 6.68E-15
 4.59E-15 2.27E-15 1.04E-15
 3.90E-14 2.15E-14 1.03E-14 6.06E-15 3.48E-15 1.86E-15 3.93E-15 6.49E-15
 4.46E-15 2.21E-15 1.02E-15
 8.49E-14 3.22E-14 1.21E-14 6.50E-15 3.58E-15 1.85E-15 3.79E-15 6.19E-15
 4.23E-15 2.10E-15 9.70E-16
 1.39E-12 1.21E-13 1.34E-14 4.33E-15 1.82E-15 8.21E-16 1.59E-15 2.72E-15
 2.04E-15 1.10E-15 5.64E-16
 1.74E-11 1.94E-12 9.36E-14 9.57E-15 1.57E-15 2.46E-16 8.11E-17 3.80E-17
 1.68E-17 8.53E-18 4.45E-18
 1.77E-11 2.02E-12 9.73E-14 9.71E-15 1.58E-15 2.42E-16 7.24E-17 2.35E-17
 5.66E-18 1.97E-18 6.92E-19
  3275.6 A   8  11 /FILMEM = WJD91#BE/TYPE = RECOM    /INDM =+1/ISEL =   23
 1.28E-01 1.28E+02 1.28E+05 1.28E+08 1.28E+11 1.28E+14 1.28E+17 1.28E+20
 3.45E-01 6.89E-01 1.72E+00 3.45E+00 6.89E+00 1.72E+01 3.45E+01 6.89E+01
 1.72E+02 3.45E+02 6.89E+02
 2.28E-14 1.39E-14 7.06E-15 4.22E-15 2.43E-15 1.32E-15 3.21E-15 5.63E-15
 3.96E-15 1.99E-15 9.26E-16
 2.29E-14 1.39E-14 7.06E-15 4.22E-15 2.43E-15 1.32E-15 3.21E-15 5.62E-15
 3.95E-15 1.98E-15 9.26E-16
 2.34E-14 1.40E-14 7.09E-15 4.23E-15 2.43E-15 1.32E-15 3.19E-15 5.60E-15
 3.94E-15 1.98E-15 9.22E-16
 2.71E-14 1.51E-14 7.27E-15 4.28E-15 2.44E-15 1.32E-15 3.13E-15 5.47E-15
 3.85E-15 1.93E-15 9.05E-16
 5.74E-14 2.19E-14 8.30E-15 4.49E-15 2.46E-15 1.29E-15 2.99E-15 5.20E-15
 3.66E-15 1.84E-15 8.67E-16
 1.21E-12 1.07E-13 1.03E-14 2.87E-15 1.02E-15 3.50E-16 5.09E-16 8.53E-16
 6.62E-16 3.73E-16 2.00E-16
 1.33E-11 6.74E-13 3.43E-14 5.61E-15 1.26E-15 2.41E-16 7.93E-17 2.96E-17
 9.23E-18 3.89E-18 1.73E-18
 1.34E-11 6.80E-13 3.48E-14 5.64E-15 1.26E-15 2.40E-16 7.71E-17 2.60E-17
 6.38E-18 2.24E-18 7.87E-19
  5272.2 A   8  11 /FILMEM = WJD91#BE/TYPE = RECOM    /INDM =+1/ISEL =   24
 1.28E-01 1.28E+02 1.28E+05 1.28E+08 1.28E+11 1.28E+14 1.28E+17 1.28E+20
 3.45E-01 6.89E-01 1.72E+00 3.45E+00 6.89E+00 1.72E+01 3.45E+01 6.89E+01
 1.72E+02 3.45E+02 6.89E+02
 1.89E-14 1.16E-14 6.07E-15 3.77E-15 2.39E-15 1.42E-15 1.61E-15 2.06E-15
 1.36E-15 6.95E-16 3.15E-16
 1.90E-14 1.16E-14 6.07E-15 3.77E-15 2.39E-15 1.42E-15 1.61E-15 2.05E-15
 1.36E-15 6.94E-16 3.15E-16
 1.96E-14 1.18E-14 6.11E-15 3.77E-15 2.39E-15 1.42E-15 1.60E-15 2.02E-15
 1.34E-15 6.84E-16 3.11E-16
 2.40E-14 1.30E-14 6.32E-15 3.83E-15 2.41E-15 1.42E-15 1.52E-15 1.87E-15
 1.23E-15 6.32E-16 2.91E-16
 6.28E-14 2.21E-14 7.85E-15 4.23E-15 2.50E-15 1.42E-15 1.43E-15 1.66E-15
 1.07E-15 5.47E-16 2.54E-16
 7.11E-12 4.00E-13 2.88E-14 7.26E-15 2.50E-15 8.75E-16 1.11E-15 1.67E-15
 1.24E-15 6.66E-16 3.36E-16
 9.45E-11 2.71E-12 9.73E-14 1.42E-14 3.01E-15 5.56E-16 1.81E-16 6.70E-17
 2.07E-17 8.71E-18 3.85E-18
 9.53E-11 2.73E-12 9.87E-14 1.43E-14 3.02E-15 5.54E-16 1.76E-16 5.89E-17
 1.44E-17 5.05E-18 1.78E-18
  4362.2 A   8  11 /FILMEM = WJD91#BE/TYPE = RECOM    /INDM =+1/ISEL =   25
 1.28E-01 1.28E+02 1.28E+05 1.28E+08 1.28E+11 1.28E+14 1.28E+17 1.28E+20
 3.45E-01 6.89E-01 1.72E+00 3.45E+00 6.89E+00 1.72E+01 3.45E+01 6.89E+01
 1.72E+02 3.45E+02 6.89E+02
 6.59E-14 3.75E-14 1.72E-14 9.35E-15 4.74E-15 1.95E-15 3.26E-15 5.48E-15
 3.84E-15 1.92E-15 8.56E-16
 6.61E-14 3.75E-14 1.72E-14 9.35E-15 4.74E-15 1.95E-15 3.25E-15 5.47E-15
 3.84E-15 1.92E-15 8.55E-16
 6.78E-14 3.80E-14 1.73E-14 9.37E-15 4.74E-15 1.94E-15 3.21E-15 5.38E-15
 3.78E-15 1.89E-15 8.45E-16
 7.88E-14 4.11E-14 1.79E-14 9.51E-15 4.77E-15 1.93E-15 3.02E-15 4.99E-15
 3.51E-15 1.76E-15 7.92E-16
 1.82E-13 6.55E-14 2.21E-14 1.06E-14 5.06E-15 1.95E-15 2.79E-15 4.45E-15
 3.09E-15 1.54E-15 6.98E-16
 1.19E-11 1.17E-12 1.18E-13 3.28E-14 1.13E-14 3.58E-15 4.50E-15 6.89E-15
 4.87E-15 2.49E-15 1.19E-15
 1.34E-10 7.59E-12 4.15E-13 6.96E-14 1.59E-14 3.05E-15 1.00E-15 3.75E-16
 1.16E-16 4.88E-17 2.16E-17
 1.35E-10 7.66E-12 4.21E-13 7.00E-14 1.59E-14 3.04E-15 9.77E-16 3.30E-16
 8.10E-17 2.84E-17 9.99E-18
  4829.3 A   8  11 /FILMEM = WJD91#BE/TYPE = RECOM    /INDM =+1/ISEL =   26
 1.28E-01 1.28E+02 1.28E+05 1.28E+08 1.28E+11 1.28E+14 1.28E+17 1.28E+20
 3.45E-01 6.89E-01 1.72E+00 3.45E+00 6.89E+00 1.72E+01 3.45E+01 6.89E+01
 1.72E+02 3.45E+02 6.89E+02
 8.11E-15 4.93E-15 2.51E-15 1.50E-15 8.64E-16 4.69E-16 1.14E-15 2.00E-15
 1.41E-15 7.05E-16 3.29E-16
 8.14E-15 4.93E-15 2.51E-15 1.50E-15 8.64E-16 4.69E-16 1.14E-15 2.00E-15
 1.40E-15 7.05E-16 3.29E-16
 8.33E-15 4.99E-15 2.52E-15 1.50E-15 8.64E-16 4.69E-16 1.13E-15 1.99E-15
 1.40E-15 7.02E-16 3.28E-16
 9.62E-15 5.35E-15 2.58E-15 1.52E-15 8.68E-16 4.67E-16 1.11E-15 1.94E-15
 1.37E-15 6.87E-16 3.22E-16
 2.04E-14 7.79E-15 2.95E-15 1.59E-15 8.75E-16 4.59E-16 1.06E-15 1.85E-15
 1.30E-15 6.54E-16 3.08E-16
 4.29E-13 3.80E-14 3.67E-15 1.02E-15 3.62E-16 1.24E-16 1.81E-16 3.03E-16
 2.35E-16 1.32E-16 7.10E-17
 4.73E-12 2.40E-13 1.22E-14 1.99E-15 4.49E-16 8.57E-17 2.82E-17 1.05E-17
 3.28E-18 1.38E-18 6.14E-19
 4.77E-12 2.42E-13 1.23E-14 2.00E-15 4.49E-16 8.54E-17 2.74E-17 9.23E-18
 2.27E-18 7.94E-19 2.80E-19
  4674.7 A   8  11 /FILMEM = WJD91#BE/TYPE = RECOM    /INDM =+1/ISEL =   27
 1.28E-01 1.28E+02 1.28E+05 1.28E+08 1.28E+11 1.28E+14 1.28E+17 1.28E+20
 3.45E-01 6.89E-01 1.72E+00 3.45E+00 6.89E+00 1.72E+01 3.45E+01 6.89E+01
 1.72E+02 3.45E+02 6.89E+02
 3.25E-13 1.76E-13 7.54E-14 3.83E-14 1.84E-14 7.49E-15 1.55E-14 2.75E-14
 1.96E-14 9.82E-15 4.30E-15
 3.27E-13 1.77E-13 7.54E-14 3.83E-14 1.84E-14 7.49E-15 1.55E-14 2.75E-14
 1.96E-14 9.80E-15 4.29E-15
 3.37E-13 1.80E-13 7.59E-14 3.84E-14 1.84E-14 7.47E-15 1.52E-14 2.70E-14
 1.92E-14 9.64E-15 4.23E-15
 4.07E-13 1.99E-13 7.95E-14 3.93E-14 1.86E-14 7.38E-15 1.40E-14 2.45E-14
 1.75E-14 8.81E-15 3.90E-15
 1.01E-12 3.40E-13 1.03E-13 4.51E-14 1.99E-14 7.31E-15 1.22E-14 2.05E-14
 1.45E-14 7.31E-15 3.26E-15
 3.42E-11 3.37E-12 3.42E-13 9.45E-14 3.23E-14 9.86E-15 1.18E-14 1.75E-14
 1.19E-14 5.95E-15 2.75E-15
 3.77E-10 2.15E-11 1.18E-12 1.98E-13 4.52E-14 8.69E-15 2.87E-15 1.07E-15
 3.36E-16 1.42E-16 6.33E-17
 3.80E-10 2.17E-11 1.20E-12 1.99E-13 4.52E-14 8.66E-15 2.79E-15 9.40E-16
 2.31E-16 8.09E-17 2.85E-17
 30349.0 A   8  11 /FILMEM = WJD91#BE/TYPE = RECOM    /INDM =+1/ISEL =   28
 1.28E-01 1.28E+02 1.28E+05 1.28E+08 1.28E+11 1.28E+14 1.28E+17 1.28E+20
 3.45E-01 6.89E-01 1.72E+00 3.45E+00 6.89E+00 1.72E+01 3.45E+01 6.89E+01
 1.72E+02 3.45E+02 6.89E+02
 4.50E-15 2.73E-15 1.39E-15 8.33E-16 4.80E-16 2.61E-16 6.33E-16 1.11E-15
 7.80E-16 3.92E-16 1.83E-16
 4.52E-15 2.74E-15 1.39E-15 8.33E-16 4.80E-16 2.61E-16 6.32E-16 1.11E-15
 7.80E-16 3.91E-16 1.83E-16
 4.62E-15 2.77E-15 1.40E-15 8.34E-16 4.80E-16 2.60E-16 6.30E-16 1.10E-15
 7.76E-16 3.90E-16 1.82E-16
 5.34E-15 2.97E-15 1.43E-15 8.43E-16 4.82E-16 2.59E-16 6.17E-16 1.08E-15
 7.59E-16 3.81E-16 1.79E-16
 1.13E-14 4.32E-15 1.64E-15 8.85E-16 4.86E-16 2.55E-16 5.90E-16 1.03E-15
 7.22E-16 3.63E-16 1.71E-16
 2.38E-13 2.11E-14 2.04E-15 5.66E-16 2.01E-16 6.91E-17 1.00E-16 1.68E-16
 1.31E-16 7.35E-17 3.94E-17
 2.63E-12 1.33E-13 6.76E-15 1.11E-15 2.49E-16 4.76E-17 1.56E-17 5.84E-18
 1.82E-18 7.67E-19 3.41E-19
 2.65E-12 1.34E-13 6.85E-15 1.11E-15 2.49E-16 4.74E-17 1.52E-17 5.12E-18
 1.26E-18 4.41E-19 1.55E-19
  3131.5 A   8  11 /FILMEM = WJD91#BE/TYPE = RECOM    /INDM =+2/ISEL =   29
 1.28E-01 1.28E+02 1.28E+05 1.28E+08 1.28E+11 1.28E+14 1.28E+17 1.28E+20
 3.45E-01 6.89E-01 1.72E+00 3.45E+00 6.89E+00 1.72E+01 3.45E+01 6.89E+01
 1.72E+02 3.45E+02 6.89E+02
 1.55E-10 8.88E-11 4.32E-11 2.39E-11 1.06E-11 3.08E-12 1.14E-12 4.12E-13
 1.06E-13 3.75E-14 1.33E-14
 1.55E-10 8.88E-11 4.32E-11 2.39E-11 1.06E-11 3.08E-12 1.14E-12 4.12E-13
 1.06E-13 3.75E-14 1.33E-14
 1.55E-10 8.88E-11 4.32E-11 2.39E-11 1.06E-11 3.08E-12 1.14E-12 4.12E-13
 1.06E-13 3.75E-14 1.33E-14
 1.55E-10 8.88E-11 4.32E-11 2.39E-11 1.06E-11 3.08E-12 1.14E-12 4.12E-13
 1.06E-13 3.75E-14 1.33E-14
 1.55E-10 8.90E-11 4.33E-11 2.40E-11 1.06E-11 3.08E-12 1.14E-12 4.12E-13
 1.06E-13 3.75E-14 1.33E-14
 1.40E-10 8.31E-11 3.89E-11 2.00E-11 8.16E-12 2.18E-12 7.83E-13 2.84E-13
 7.63E-14 2.86E-14 1.08E-14
 5.08E-13 3.11E-13 6.82E-14 1.44E-14 3.37E-15 6.33E-16 2.01E-16 7.03E-17
 1.99E-17 8.26E-18 3.57E-18
 5.07E-16 3.10E-16 6.52E-17 1.32E-17 3.05E-18 5.79E-19 1.84E-19 6.44E-20
 1.81E-20 7.37E-21 3.12E-21
  1036.3 A   8  11 /FILMEM = WJD91#BE/TYPE = RECOM    /INDM =+2/ISEL =   30
 1.28E-01 1.28E+02 1.28E+05 1.28E+08 1.28E+11 1.28E+14 1.28E+17 1.28E+20
 3.45E-01 6.89E-01 1.72E+00 3.45E+00 6.89E+00 1.72E+01 3.45E+01 6.89E+01
 1.72E+02 3.45E+02 6.89E+02
 3.24E-11 1.70E-11 7.39E-12 3.82E-12 1.64E-12 4.66E-13 1.71E-13 6.18E-14
 1.58E-14 5.61E-15 1.99E-15
 3.24E-11 1.70E-11 7.39E-12 3.82E-12 1.64E-12 4.66E-13 1.71E-13 6.18E-14
 1.58E-14 5.61E-15 1.99E-15
 3.24E-11 1.70E-11 7.39E-12 3.82E-12 1.64E-12 4.66E-13 1.71E-13 6.18E-14
 1.58E-14 5.61E-15 1.99E-15
 3.24E-11 1.70E-11 7.39E-12 3.82E-12 1.64E-12 4.66E-13 1.71E-13 6.18E-14
 1.58E-14 5.61E-15 1.99E-15
 3.27E-11 1.71E-11 7.43E-12 3.83E-12 1.64E-12 4.67E-13 1.72E-13 6.18E-14
 1.58E-14 5.61E-15 1.99E-15
 1.58E-11 7.72E-12 3.27E-12 1.66E-12 6.94E-13 1.97E-13 7.39E-14 2.82E-14
 8.02E-15 3.14E-15 1.24E-15
 2.48E-13 2.74E-13 8.53E-14 1.82E-14 4.00E-15 7.02E-16 2.20E-16 7.66E-17
 2.16E-17 8.90E-18 3.82E-18
 2.52E-16 2.86E-16 8.89E-17 1.86E-17 4.03E-18 7.04E-19 2.21E-19 7.66E-20
 2.17E-20 8.90E-21 3.83E-21
   842.0 A   8  11 /FILMEM = WJD91#BE/TYPE = RECOM    /INDM =+2/ISEL =   31
 1.28E-01 1.28E+02 1.28E+05 1.28E+08 1.28E+11 1.28E+14 1.28E+17 1.28E+20
 3.45E-01 6.89E-01 1.72E+00 3.45E+00 6.89E+00 1.72E+01 3.45E+01 6.89E+01
 1.72E+02 3.45E+02 6.89E+02
 2.88E-11 1.59E-11 7.29E-12 3.84E-12 1.66E-12 4.73E-13 1.74E-13 6.27E-14
 1.61E-14 5.69E-15 2.01E-15
 2.88E-11 1.59E-11 7.29E-12 3.84E-12 1.66E-12 4.73E-13 1.74E-13 6.27E-14
 1.61E-14 5.69E-15 2.01E-15
 2.88E-11 1.59E-11 7.29E-12 3.84E-12 1.66E-12 4.73E-13 1.74E-13 6.27E-14
 1.61E-14 5.69E-15 2.01E-15
 2.88E-11 1.59E-11 7.29E-12 3.84E-12 1.66E-12 4.73E-13 1.74E-13 6.27E-14
 1.61E-14 5.69E-15 2.01E-15
 2.81E-11 1.56E-11 7.16E-12 3.79E-12 1.64E-12 4.68E-13 1.73E-13 6.23E-14
 1.60E-14 5.67E-15 2.01E-15
 1.28E-11 7.15E-12 3.11E-12 1.55E-12 6.31E-13 1.71E-13 6.25E-14 2.31E-14
 6.33E-15 2.42E-15 9.32E-16
 1.10E-13 5.56E-14 1.85E-14 6.60E-15 2.04E-15 4.52E-16 1.55E-16 5.65E-17
 1.64E-17 6.82E-18 2.95E-18
 1.11E-16 5.60E-17 1.88E-17 6.64E-18 2.05E-18 4.53E-19 1.56E-19 5.66E-20
 1.64E-20 6.83E-21 2.95E-21
  1776.3 A   8  11 /FILMEM = WJD91#BE/TYPE = RECOM    /INDM =+2/ISEL =   32
 1.28E-01 1.28E+02 1.28E+05 1.28E+08 1.28E+11 1.28E+14 1.28E+17 1.28E+20
 3.45E-01 6.89E-01 1.72E+00 3.45E+00 6.89E+00 1.72E+01 3.45E+01 6.89E+01
 1.72E+02 3.45E+02 6.89E+02
 6.77E-12 3.68E-12 1.65E-12 8.64E-13 3.72E-13 1.06E-13 3.90E-14 1.41E-14
 3.61E-15 1.28E-15 4.52E-16
 6.77E-12 3.68E-12 1.65E-12 8.64E-13 3.72E-13 1.06E-13 3.90E-14 1.41E-14
 3.61E-15 1.28E-15 4.52E-16
 6.77E-12 3.68E-12 1.65E-12 8.64E-13 3.72E-13 1.06E-13 3.90E-14 1.41E-14
 3.61E-15 1.28E-15 4.52E-16
 6.77E-12 3.68E-12 1.65E-12 8.64E-13 3.72E-13 1.06E-13 3.90E-14 1.41E-14
 3.61E-15 1.28E-15 4.52E-16
 6.71E-12 3.64E-12 1.64E-12 8.60E-13 3.71E-13 1.06E-13 3.89E-14 1.41E-14
 3.60E-15 1.28E-15 4.52E-16
 1.45E-11 6.44E-12 2.22E-12 1.02E-12 4.09E-13 1.10E-13 3.99E-14 1.45E-14
 3.84E-15 1.40E-15 5.07E-16
 1.58E-12 8.48E-13 1.25E-13 2.02E-14 3.83E-15 6.13E-16 1.86E-16 6.33E-17
 1.76E-17 7.20E-18 3.09E-18
 1.62E-15 8.85E-16 1.31E-16 2.07E-17 3.87E-18 6.15E-19 1.86E-19 6.34E-20
 1.76E-20 7.20E-21 3.09E-21
  1512.4 A   8  11 /FILMEM = WJD91#BE/TYPE = RECOM    /INDM =+2/ISEL =   33
 1.28E-01 1.28E+02 1.28E+05 1.28E+08 1.28E+11 1.28E+14 1.28E+17 1.28E+20
 3.45E-01 6.89E-01 1.72E+00 3.45E+00 6.89E+00 1.72E+01 3.45E+01 6.89E+01
 1.72E+02 3.45E+02 6.89E+02
 7.59E-11 4.54E-11 2.30E-11 1.30E-11 5.82E-12 1.69E-12 6.28E-13 2.27E-13
 5.83E-14 2.07E-14 7.33E-15
 7.59E-11 4.54E-11 2.30E-11 1.30E-11 5.82E-12 1.69E-12 6.28E-13 2.27E-13
 5.83E-14 2.07E-14 7.33E-15
 7.59E-11 4.54E-11 2.30E-11 1.30E-11 5.82E-12 1.69E-12 6.28E-13 2.27E-13
 5.83E-14 2.07E-14 7.33E-15
 7.59E-11 4.54E-11 2.30E-11 1.30E-11 5.82E-12 1.69E-12 6.28E-13 2.27E-13
 5.83E-14 2.07E-14 7.33E-15
 7.47E-11 4.49E-11 2.28E-11 1.29E-11 5.79E-12 1.69E-12 6.27E-13 2.27E-13
 5.83E-14 2.07E-14 7.33E-15
 7.73E-11 4.76E-11 2.21E-11 1.13E-11 4.65E-12 1.28E-12 4.67E-13 1.69E-13
 4.45E-14 1.62E-14 5.94E-15
 1.81E-12 2.45E-12 8.80E-13 1.98E-13 4.47E-14 8.01E-15 2.54E-15 8.86E-16
 2.52E-16 1.04E-16 4.46E-17
 1.84E-15 2.55E-15 9.18E-16 2.03E-16 4.51E-17 8.04E-18 2.55E-18 8.88E-19
 2.52E-19 1.04E-19 4.47E-20
  1197.1 A   8  11 /FILMEM = WJD91#BE/TYPE = RECOM    /INDM =+2/ISEL =   34
 1.28E-01 1.28E+02 1.28E+05 1.28E+08 1.28E+11 1.28E+14 1.28E+17 1.28E+20
 3.45E-01 6.89E-01 1.72E+00 3.45E+00 6.89E+00 1.72E+01 3.45E+01 6.89E+01
 1.72E+02 3.45E+02 6.89E+02
 3.66E-11 1.79E-11 6.98E-12 3.31E-12 1.35E-12 3.73E-13 1.36E-13 4.87E-14
 1.25E-14 4.41E-15 1.56E-15
 3.66E-11 1.79E-11 6.98E-12 3.31E-12 1.35E-12 3.73E-13 1.36E-13 4.87E-14
 1.25E-14 4.41E-15 1.56E-15
 3.66E-11 1.79E-11 6.98E-12 3.31E-12 1.35E-12 3.73E-13 1.36E-13 4.87E-14
 1.25E-14 4.41E-15 1.56E-15
 3.66E-11 1.79E-11 6.98E-12 3.31E-12 1.35E-12 3.73E-13 1.36E-13 4.87E-14
 1.25E-14 4.41E-15 1.56E-15
 3.66E-11 1.79E-11 6.96E-12 3.29E-12 1.35E-12 3.72E-13 1.36E-13 4.86E-14
 1.24E-14 4.40E-15 1.56E-15
 2.35E-11 8.05E-12 2.52E-12 1.11E-12 4.28E-13 1.15E-13 4.24E-14 1.60E-14
 4.54E-15 1.79E-15 7.14E-16
 1.78E-13 5.08E-14 1.21E-14 3.89E-15 1.16E-15 2.58E-16 8.94E-17 3.31E-17
 9.73E-18 4.10E-18 1.79E-18
 1.79E-16 5.12E-17 1.22E-17 3.92E-18 1.17E-18 2.58E-19 8.95E-20 3.31E-20
 9.74E-21 4.11E-21 1.79E-21
  1143.0 A   8  11 /FILMEM = WJD91#BE/TYPE = RECOM    /INDM =+2/ISEL =   35
 1.28E-01 1.28E+02 1.28E+05 1.28E+08 1.28E+11 1.28E+14 1.28E+17 1.28E+20
 3.45E-01 6.89E-01 1.72E+00 3.45E+00 6.89E+00 1.72E+01 3.45E+01 6.89E+01
 1.72E+02 3.45E+02 6.89E+02
 3.31E-11 2.05E-11 1.09E-11 6.35E-12 2.88E-12 8.47E-13 3.15E-13 1.14E-13
 2.93E-14 1.04E-14 3.70E-15
 3.31E-11 2.05E-11 1.09E-11 6.35E-12 2.88E-12 8.47E-13 3.15E-13 1.14E-13
 2.93E-14 1.04E-14 3.70E-15
 3.31E-11 2.05E-11 1.09E-11 6.35E-12 2.88E-12 8.47E-13 3.15E-13 1.14E-13
 2.93E-14 1.04E-14 3.70E-15
 3.31E-11 2.05E-11 1.09E-11 6.35E-12 2.88E-12 8.47E-13 3.15E-13 1.14E-13
 2.93E-14 1.04E-14 3.70E-15
 3.48E-11 2.13E-11 1.12E-11 6.46E-12 2.92E-12 8.56E-13 3.17E-13 1.15E-13
 2.94E-14 1.04E-14 3.71E-15
 6.33E-11 3.90E-11 1.79E-11 9.08E-12 3.68E-12 9.82E-13 3.52E-13 1.26E-13
 3.32E-14 1.22E-14 4.45E-15
 5.71E-13 3.23E-13 1.15E-13 4.20E-14 1.31E-14 2.91E-15 9.97E-16 3.61E-16
 1.04E-16 4.34E-17 1.88E-17
 5.76E-16 3.26E-16 1.17E-16 4.23E-17 1.32E-17 2.92E-18 9.99E-19 3.62E-19
 1.05E-19 4.35E-20 1.88E-20
 12097.2 A   8  11 /FILMEM = WJD91#BE/TYPE = RECOM    /INDM =+2/ISEL =   36
 1.28E-01 1.28E+02 1.28E+05 1.28E+08 1.28E+11 1.28E+14 1.28E+17 1.28E+20
 3.45E-01 6.89E-01 1.72E+00 3.45E+00 6.89E+00 1.72E+01 3.45E+01 6.89E+01
 1.72E+02 3.45E+02 6.89E+02
 2.48E-12 1.30E-12 5.65E-13 2.92E-13 1.25E-13 3.56E-14 1.31E-14 4.73E-15
 1.21E-15 4.29E-16 1.52E-16
 2.48E-12 1.30E-12 5.65E-13 2.92E-13 1.25E-13 3.56E-14 1.31E-14 4.73E-15
 1.21E-15 4.29E-16 1.52E-16
 2.48E-12 1.30E-12 5.65E-13 2.92E-13 1.25E-13 3.56E-14 1.31E-14 4.73E-15
 1.21E-15 4.29E-16 1.52E-16
 2.48E-12 1.30E-12 5.65E-13 2.92E-13 1.25E-13 3.56E-14 1.31E-14 4.73E-15
 1.21E-15 4.29E-16 1.52E-16
 2.50E-12 1.31E-12 5.69E-13 2.93E-13 1.26E-13 3.57E-14 1.31E-14 4.73E-15
 1.21E-15 4.29E-16 1.52E-16
 1.21E-12 5.90E-13 2.50E-13 1.27E-13 5.31E-14 1.50E-14 5.65E-15 2.16E-15
 6.14E-16 2.40E-16 9.46E-17
 1.90E-14 2.10E-14 6.52E-15 1.40E-15 3.06E-16 5.37E-17 1.69E-17 5.86E-18
 1.66E-18 6.81E-19 2.93E-19
 1.93E-17 2.18E-17 6.80E-18 1.42E-18 3.08E-19 5.39E-20 1.69E-20 5.86E-21
 1.66E-21 6.81E-22 2.93E-22
  3275.6 A   8  11 /FILMEM = WJD91#BE/TYPE = RECOM    /INDM =+2/ISEL =   37
 1.28E-01 1.28E+02 1.28E+05 1.28E+08 1.28E+11 1.28E+14 1.28E+17 1.28E+20
 3.45E-01 6.89E-01 1.72E+00 3.45E+00 6.89E+00 1.72E+01 3.45E+01 6.89E+01
 1.72E+02 3.45E+02 6.89E+02
 4.29E-12 2.37E-12 1.09E-12 5.72E-13 2.47E-13 7.04E-14 2.59E-14 9.34E-15
 2.40E-15 8.48E-16 3.00E-16
 4.29E-12 2.37E-12 1.09E-12 5.72E-13 2.47E-13 7.04E-14 2.59E-14 9.34E-15
 2.40E-15 8.48E-16 3.00E-16
 4.29E-12 2.37E-12 1.09E-12 5.72E-13 2.47E-13 7.04E-14 2.59E-14 9.34E-15
 2.40E-15 8.48E-16 3.00E-16
 4.29E-12 2.37E-12 1.09E-12 5.72E-13 2.47E-13 7.04E-14 2.59E-14 9.34E-15
 2.40E-15 8.48E-16 3.00E-16
 4.18E-12 2.32E-12 1.07E-12 5.64E-13 2.44E-13 6.98E-14 2.57E-14 9.28E-15
 2.38E-15 8.45E-16 2.99E-16
 1.91E-12 1.06E-12 4.63E-13 2.32E-13 9.40E-14 2.54E-14 9.31E-15 3.43E-15
 9.43E-16 3.60E-16 1.39E-16
 1.64E-14 8.27E-15 2.76E-15 9.82E-16 3.04E-16 6.74E-17 2.31E-17 8.41E-18
 2.44E-18 1.02E-18 4.39E-19
 1.66E-17 8.34E-18 2.80E-18 9.89E-19 3.05E-19 6.75E-20 2.32E-20 8.42E-21
 2.44E-21 1.02E-21 4.40E-22
  5272.2 A   8  11 /FILMEM = WJD91#BE/TYPE = RECOM    /INDM =+2/ISEL =   38
 1.28E-01 1.28E+02 1.28E+05 1.28E+08 1.28E+11 1.28E+14 1.28E+17 1.28E+20
 3.45E-01 6.89E-01 1.72E+00 3.45E+00 6.89E+00 1.72E+01 3.45E+01 6.89E+01
 1.72E+02 3.45E+02 6.89E+02
 2.54E-11 1.24E-11 4.83E-12 2.29E-12 9.36E-13 2.58E-13 9.41E-14 3.37E-14
 8.62E-15 3.05E-15 1.08E-15
 2.54E-11 1.24E-11 4.83E-12 2.29E-12 9.36E-13 2.58E-13 9.41E-14 3.37E-14
 8.62E-15 3.05E-15 1.08E-15
 2.54E-11 1.24E-11 4.83E-12 2.29E-12 9.36E-13 2.58E-13 9.41E-14 3.37E-14
 8.62E-15 3.05E-15 1.08E-15
 2.54E-11 1.24E-11 4.83E-12 2.29E-12 9.36E-13 2.58E-13 9.41E-14 3.37E-14
 8.62E-15 3.05E-15 1.08E-15
 2.53E-11 1.24E-11 4.82E-12 2.28E-12 9.33E-13 2.57E-13 9.39E-14 3.36E-14
 8.60E-15 3.05E-15 1.08E-15
 1.62E-11 5.57E-12 1.74E-12 7.68E-13 2.96E-13 7.93E-14 2.93E-14 1.11E-14
 3.14E-15 1.24E-15 4.94E-16
 1.23E-13 3.52E-14 8.35E-15 2.69E-15 8.05E-16 1.78E-16 6.19E-17 2.29E-17
 6.73E-18 2.84E-18 1.24E-18
 1.24E-16 3.54E-17 8.46E-18 2.71E-18 8.08E-19 1.79E-19 6.20E-20 2.29E-20
 6.74E-21 2.84E-21 1.24E-21
  4362.2 A   8  11 /FILMEM = WJD91#BE/TYPE = RECOM    /INDM =+2/ISEL =   39
 1.28E-01 1.28E+02 1.28E+05 1.28E+08 1.28E+11 1.28E+14 1.28E+17 1.28E+20
 3.45E-01 6.89E-01 1.72E+00 3.45E+00 6.89E+00 1.72E+01 3.45E+01 6.89E+01
 1.72E+02 3.45E+02 6.89E+02
 9.50E-12 5.88E-12 3.12E-12 1.82E-12 8.27E-13 2.43E-13 9.03E-14 3.28E-14
 8.40E-15 2.99E-15 1.06E-15
 9.50E-12 5.88E-12 3.12E-12 1.82E-12 8.27E-13 2.43E-13 9.03E-14 3.28E-14
 8.40E-15 2.99E-15 1.06E-15
 9.50E-12 5.88E-12 3.12E-12 1.82E-12 8.27E-13 2.43E-13 9.03E-14 3.28E-14
 8.40E-15 2.99E-15 1.06E-15
 9.50E-12 5.88E-12 3.12E-12 1.82E-12 8.27E-13 2.43E-13 9.03E-14 3.28E-14
 8.40E-15 2.99E-15 1.06E-15
 9.97E-12 6.10E-12 3.20E-12 1.85E-12 8.39E-13 2.45E-13 9.10E-14 3.30E-14
 8.44E-15 3.00E-15 1.06E-15
 1.82E-11 1.12E-11 5.13E-12 2.60E-12 1.06E-12 2.82E-13 1.01E-13 3.62E-14
 9.52E-15 3.49E-15 1.28E-15
 1.64E-13 9.26E-14 3.31E-14 1.21E-14 3.76E-15 8.35E-16 2.86E-16 1.04E-16
 2.99E-17 1.25E-17 5.38E-18
 1.65E-16 9.34E-17 3.36E-17 1.21E-17 3.77E-18 8.37E-19 2.87E-19 1.04E-19
 3.00E-20 1.25E-20 5.39E-21
  4829.3 A   8  11 /FILMEM = WJD91#BE/TYPE = RECOM    /INDM =+2/ISEL =   40
 1.28E-01 1.28E+02 1.28E+05 1.28E+08 1.28E+11 1.28E+14 1.28E+17 1.28E+20
 3.45E-01 6.89E-01 1.72E+00 3.45E+00 6.89E+00 1.72E+01 3.45E+01 6.89E+01
 1.72E+02 3.45E+02 6.89E+02
 1.53E-12 8.44E-13 3.86E-13 2.03E-13 8.77E-14 2.50E-14 9.20E-15 3.32E-15
 8.51E-16 3.01E-16 1.07E-16
 1.53E-12 8.44E-13 3.86E-13 2.03E-13 8.77E-14 2.50E-14 9.20E-15 3.32E-15
 8.51E-16 3.01E-16 1.07E-16
 1.53E-12 8.44E-13 3.86E-13 2.03E-13 8.77E-14 2.50E-14 9.20E-15 3.32E-15
 8.51E-16 3.01E-16 1.07E-16
 1.53E-12 8.44E-13 3.86E-13 2.03E-13 8.77E-14 2.50E-14 9.20E-15 3.32E-15
 8.51E-16 3.01E-16 1.07E-16
 1.49E-12 8.25E-13 3.79E-13 2.00E-13 8.66E-14 2.48E-14 9.13E-15 3.30E-15
 8.47E-16 3.00E-16 1.06E-16
 6.77E-13 3.78E-13 1.64E-13 8.23E-14 3.34E-14 9.04E-15 3.31E-15 1.22E-15
 3.35E-16 1.28E-16 4.93E-17
 5.84E-15 2.94E-15 9.79E-16 3.49E-16 1.08E-16 2.39E-17 8.22E-18 2.99E-18
 8.66E-19 3.61E-19 1.56E-19
 5.88E-18 2.96E-18 9.93E-19 3.51E-19 1.08E-19 2.40E-20 8.23E-21 2.99E-21
 8.67E-22 3.61E-22 1.56E-22
  4674.7 A   8  11 /FILMEM = WJD91#BE/TYPE = RECOM    /INDM =+2/ISEL =   41
 1.28E-01 1.28E+02 1.28E+05 1.28E+08 1.28E+11 1.28E+14 1.28E+17 1.28E+20
 3.45E-01 6.89E-01 1.72E+00 3.45E+00 6.89E+00 1.72E+01 3.45E+01 6.89E+01
 1.72E+02 3.45E+02 6.89E+02
 7.44E-11 4.45E-11 2.26E-11 1.28E-11 5.73E-12 1.67E-12 6.19E-13 2.24E-13
 5.75E-14 2.04E-14 7.23E-15
 7.44E-11 4.45E-11 2.26E-11 1.28E-11 5.73E-12 1.67E-12 6.19E-13 2.24E-13
 5.75E-14 2.04E-14 7.23E-15
 7.44E-11 4.45E-11 2.26E-11 1.28E-11 5.73E-12 1.67E-12 6.19E-13 2.24E-13
 5.75E-14 2.04E-14 7.23E-15
 7.44E-11 4.45E-11 2.26E-11 1.28E-11 5.73E-12 1.67E-12 6.19E-13 2.24E-13
 5.75E-14 2.04E-14 7.23E-15
 7.32E-11 4.40E-11 2.24E-11 1.27E-11 5.70E-12 1.66E-12 6.17E-13 2.23E-13
 5.74E-14 2.04E-14 7.22E-15
 5.19E-11 3.21E-11 1.48E-11 7.57E-12 3.09E-12 8.34E-13 3.03E-13 1.10E-13
 2.99E-14 1.13E-14 4.30E-15
 4.62E-13 2.62E-13 9.40E-14 3.43E-14 1.07E-14 2.37E-15 8.11E-16 2.94E-16
 8.47E-17 3.52E-17 1.52E-17
 4.66E-16 2.64E-16 9.53E-17 3.45E-17 1.07E-17 2.37E-18 8.12E-19 2.94E-19
 8.49E-20 3.53E-20 1.53E-20
 30349.0 A   8  11 /FILMEM = WJD91#BE/TYPE = RECOM    /INDM =+2/ISEL =   42
 1.28E-01 1.28E+02 1.28E+05 1.28E+08 1.28E+11 1.28E+14 1.28E+17 1.28E+20
 3.45E-01 6.89E-01 1.72E+00 3.45E+00 6.89E+00 1.72E+01 3.45E+01 6.89E+01
 1.72E+02 3.45E+02 6.89E+02
 8.47E-13 4.68E-13 2.14E-13 1.13E-13 4.87E-14 1.39E-14 5.11E-15 1.84E-15
 4.72E-16 1.67E-16 5.91E-17
 8.47E-13 4.68E-13 2.14E-13 1.13E-13 4.87E-14 1.39E-14 5.11E-15 1.84E-15
 4.72E-16 1.67E-16 5.91E-17
 8.47E-13 4.68E-13 2.14E-13 1.13E-13 4.87E-14 1.39E-14 5.11E-15 1.84E-15
 4.72E-16 1.67E-16 5.91E-17
 8.47E-13 4.68E-13 2.14E-13 1.13E-13 4.87E-14 1.39E-14 5.11E-15 1.84E-15
 4.72E-16 1.67E-16 5.91E-17
 8.25E-13 4.58E-13 2.10E-13 1.11E-13 4.81E-14 1.38E-14 5.07E-15 1.83E-15
 4.70E-16 1.67E-16 5.90E-17
 3.76E-13 2.10E-13 9.13E-14 4.57E-14 1.85E-14 5.02E-15 1.84E-15 6.77E-16
 1.86E-16 7.11E-17 2.74E-17
 3.24E-15 1.63E-15 5.44E-16 1.94E-16 5.99E-17 1.33E-17 4.56E-18 1.66E-18
 4.81E-19 2.00E-19 8.66E-20
 3.26E-18 1.65E-18 5.51E-19 1.95E-19 6.01E-20 1.33E-20 4.57E-21 1.66E-21
 4.82E-22 2.01E-22 8.68E-23
C-----------------------------------------------------------------------
C
C  PHOTON EMISSIVITY COEFFICIENTS:
C
C  SOURCE SPECIFIC ION   FILE:/JETXLE.LILIKE.DATA(WJD91#BE)
C  SOURCE IONIS. COEFFT. FILE:/JETXLE.IONELEC.DATA(SZD#BE)
C  META. ION. COEFF. SELECTOR:  4(1,1)    5(1,2)
C  POPULATION PROCESSING CODE:  ADAS208
C
C  ISEL  WAVELENGTH      TRANSITION            TYPE    METASTABLE  IMET NMET  IP
C  ----  ----------  ------------------------  -----  ------------ ---- ----  --
C   1.    3131.5     2(2)1( 2.5)- 1(2)0( 0.5)  EXCIT   1(2)0( 0.5)   1     1
C   2.    1036.3     4(2)1( 2.5)- 1(2)0( 0.5)  EXCIT   1(2)0( 0.5)   1     1
C   3.     842.0     7(2)1( 2.5)- 1(2)0( 0.5)  EXCIT   1(2)0( 0.5)   1     1
C   4.    1776.3     3(2)0( 0.5)- 2(2)1( 2.5)  EXCIT   1(2)0( 0.5)   1     1
C   5.    1512.4     5(2)2( 4.5)- 2(2)1( 2.5)  EXCIT   1(2)0( 0.5)   1     1
C   6.    1197.1     6(2)0( 0.5)- 2(2)1( 2.5)  EXCIT   1(2)0( 0.5)   1     1
C   7.    1143.0     8(2)2( 4.5)- 2(2)1( 2.5)  EXCIT   1(2)0( 0.5)   1     1
C   8.   12097.2     4(2)1( 2.5)- 3(2)0( 0.5)  EXCIT   1(2)0( 0.5)   1     1
C   9.    3275.6     7(2)1( 2.5)- 3(2)0( 0.5)  EXCIT   1(2)0( 0.5)   1     1
C  10.    5272.2     6(2)0( 0.5)- 4(2)1( 2.5)  EXCIT   1(2)0( 0.5)   1     1
C  11.    4362.2     8(2)2( 4.5)- 4(2)1( 2.5)  EXCIT   1(2)0( 0.5)   1     1
C  12.    4829.3     7(2)1( 2.5)- 5(2)2( 4.5)  EXCIT   1(2)0( 0.5)   1     1
C  13.    4674.7     9(2)3( 6.5)- 5(2)2( 4.5)  EXCIT   1(2)0( 0.5)   1     1
C  14.   30349.0     7(2)1( 2.5)- 6(2)0( 0.5)  EXCIT   1(2)0( 0.5)   1     1
C  15.    3131.5     2(2)1( 2.5)- 1(2)0( 0.5)  RECOM  SEE WJD91#BE            +1
C  16.    1036.3     4(2)1( 2.5)- 1(2)0( 0.5)  RECOM  SEE WJD91#BE            +1
C  17.     842.0     7(2)1( 2.5)- 1(2)0( 0.5)  RECOM  SEE WJD91#BE            +1
C  18.    1776.3     3(2)0( 0.5)- 2(2)1( 2.5)  RECOM  SEE WJD91#BE            +1
C  19.    1512.4     5(2)2( 4.5)- 2(2)1( 2.5)  RECOM  SEE WJD91#BE            +1
C  20.    1197.1     6(2)0( 0.5)- 2(2)1( 2.5)  RECOM  SEE WJD91#BE            +1
C  21.    1143.0     8(2)2( 4.5)- 2(2)1( 2.5)  RECOM  SEE WJD91#BE            +1
C  22.   12097.2     4(2)1( 2.5)- 3(2)0( 0.5)  RECOM  SEE WJD91#BE            +1
C  23.    3275.6     7(2)1( 2.5)- 3(2)0( 0.5)  RECOM  SEE WJD91#BE            +1
C  24.    5272.2     6(2)0( 0.5)- 4(2)1( 2.5)  RECOM  SEE WJD91#BE            +1
C  25.    4362.2     8(2)2( 4.5)- 4(2)1( 2.5)  RECOM  SEE WJD91#BE            +1
C  26.    4829.3     7(2)1( 2.5)- 5(2)2( 4.5)  RECOM  SEE WJD91#BE            +1
C  27.    4674.7     9(2)3( 6.5)- 5(2)2( 4.5)  RECOM  SEE WJD91#BE            +1
C  28.   30349.0     7(2)1( 2.5)- 6(2)0( 0.5)  RECOM  SEE WJD91#BE            +1
C  29.    3131.5     2(2)1( 2.5)- 1(2)0( 0.5)  RECOM  SEE WJD91#BE            +2
C  30.    1036.3     4(2)1( 2.5)- 1(2)0( 0.5)  RECOM  SEE WJD91#BE            +2
C  31.     842.0     7(2)1( 2.5)- 1(2)0( 0.5)  RECOM  SEE WJD91#BE            +2
C  32.    1776.3     3(2)0( 0.5)- 2(2)1( 2.5)  RECOM  SEE WJD91#BE            +2
C  33.    1512.4     5(2)2( 4.5)- 2(2)1( 2.5)  RECOM  SEE WJD91#BE            +2
C  34.    1197.1     6(2)0( 0.5)- 2(2)1( 2.5)  RECOM  SEE WJD91#BE            +2
C  35.    1143.0     8(2)2( 4.5)- 2(2)1( 2.5)  RECOM  SEE WJD91#BE            +2
C  36.   12097.2     4(2)1( 2.5)- 3(2)0( 0.5)  RECOM  SEE WJD91#BE            +2
C  37.    3275.6     7(2)1( 2.5)- 3(2)0( 0.5)  RECOM  SEE WJD91#BE            +2
C  38.    5272.2     6(2)0( 0.5)- 4(2)1( 2.5)  RECOM  SEE WJD91#BE            +2
C  39.    4362.2     8(2)2( 4.5)- 4(2)1( 2.5)  RECOM  SEE WJD91#BE            +2
C  40.    4829.3     7(2)1( 2.5)- 5(2)2( 4.5)  RECOM  SEE WJD91#BE            +2
C  41.    4674.7     9(2)3( 6.5)- 5(2)2( 4.5)  RECOM  SEE WJD91#BE            +2
C  42.   30349.0     7(2)1( 2.5)- 6(2)0( 0.5)  RECOM  SEE WJD91#BE            +2
C
C   NOTES:  PROCESSED 15/11/93
C
C-------------------------------------------------------------------------------
 
C---------------------------------------------------------------------------------
C ADAS ADF15 DATA - SCCS info: @(#)$Header: /home/adascvs/adas/adf15/pec93#be/pec93#be_pjr#be1.dat,v 2.1 2004/07/07 00:24:40 whitefor Exp $ Date $Date: 2004/07/07 00:24:40 $
C---------------------------------------------------------------------------------
