   50    /BE+ 0 PHOTON EMISSIVITY COEFFICIENTS/
  2349.3 A  12  10 /FILMEM = WJD91#BE/TYPE = EXCIT    /INDM = T/ISEL =    1
 1.00E+11 2.00E+11 5.00E+11 1.00E+12 2.00E+12 5.00E+12 1.00E+13 2.00E+13
 5.00E+13 1.00E+14 2.00E+14 5.00E+14
 1.00E+00 2.00E+00 5.00E+00 1.00E+01 2.00E+01 3.00E+01 4.00E+01 5.00E+01
 6.50E+01 8.00E+01
 2.24E-09 1.35E-08 4.91E-08 1.20E-07 2.14E-07 2.67E-07 2.96E-07 3.12E-07
 3.21E-07 3.23E-07
 2.24E-09 1.35E-08 4.91E-08 1.20E-07 2.14E-07 2.66E-07 2.96E-07 3.11E-07
 3.20E-07 3.22E-07
 2.23E-09 1.35E-08 4.90E-08 1.20E-07 2.13E-07 2.66E-07 2.95E-07 3.10E-07
 3.20E-07 3.21E-07
 2.23E-09 1.34E-08 4.90E-08 1.20E-07 2.13E-07 2.65E-07 2.94E-07 3.09E-07
 3.18E-07 3.20E-07
 2.23E-09 1.34E-08 4.89E-08 1.20E-07 2.12E-07 2.64E-07 2.92E-07 3.07E-07
 3.16E-07 3.18E-07
 2.21E-09 1.32E-08 4.84E-08 1.19E-07 2.09E-07 2.59E-07 2.87E-07 3.01E-07
 3.09E-07 3.11E-07
 2.19E-09 1.30E-08 4.76E-08 1.17E-07 2.04E-07 2.51E-07 2.77E-07 2.91E-07
 2.99E-07 3.01E-07
 2.15E-09 1.25E-08 4.63E-08 1.13E-07 1.94E-07 2.37E-07 2.61E-07 2.74E-07
 2.82E-07 2.84E-07
 2.07E-09 1.17E-08 4.36E-08 1.04E-07 1.71E-07 2.06E-07 2.26E-07 2.36E-07
 2.42E-07 2.45E-07
 1.99E-09 1.09E-08 4.05E-08 9.29E-08 1.45E-07 1.71E-07 1.86E-07 1.93E-07
 1.99E-07 2.01E-07
 1.88E-09 1.00E-08 3.61E-08 7.76E-08 1.13E-07 1.29E-07 1.38E-07 1.43E-07
 1.47E-07 1.48E-07
 1.64E-09 8.44E-09 2.77E-08 5.31E-08 6.96E-08 7.63E-08 7.97E-08 8.15E-08
 8.26E-08 8.32E-08
  1661.5 A  12  10 /FILMEM = WJD91#BE/TYPE = EXCIT    /INDM = T/ISEL =    2
 1.00E+11 2.00E+11 5.00E+11 1.00E+12 2.00E+12 5.00E+12 1.00E+13 2.00E+13
 5.00E+13 1.00E+14 2.00E+14 5.00E+14
 1.00E+00 2.00E+00 5.00E+00 1.00E+01 2.00E+01 3.00E+01 4.00E+01 5.00E+01
 6.50E+01 8.00E+01
 4.08E-11 4.95E-10 1.84E-09 4.23E-09 7.47E-09 9.13E-09 9.99E-09 1.04E-08
 1.07E-08 1.08E-08
 4.06E-11 4.90E-10 1.81E-09 4.16E-09 7.36E-09 9.00E-09 9.86E-09 1.03E-08
 1.06E-08 1.07E-08
 3.98E-11 4.76E-10 1.74E-09 4.00E-09 7.06E-09 8.64E-09 9.48E-09 9.93E-09
 1.02E-08 1.03E-08
 3.87E-11 4.56E-10 1.64E-09 3.77E-09 6.64E-09 8.15E-09 8.95E-09 9.38E-09
 9.66E-09 9.75E-09
 3.66E-11 4.22E-10 1.49E-09 3.41E-09 5.99E-09 7.36E-09 8.10E-09 8.49E-09
 8.76E-09 8.85E-09
 3.18E-11 3.49E-10 1.19E-09 2.70E-09 4.69E-09 5.77E-09 6.37E-09 6.70E-09
 6.92E-09 7.01E-09
 2.65E-11 2.75E-10 9.04E-10 2.03E-09 3.48E-09 4.28E-09 4.74E-09 4.99E-09
 5.17E-09 5.25E-09
 2.04E-11 1.97E-10 6.19E-10 1.37E-09 2.32E-09 2.85E-09 3.16E-09 3.34E-09
 3.47E-09 3.54E-09
 1.25E-11 1.09E-10 3.27E-10 7.21E-10 1.20E-09 1.46E-09 1.62E-09 1.71E-09
 1.79E-09 1.83E-09
 7.84E-12 6.43E-11 1.92E-10 4.21E-10 6.86E-10 8.32E-10 9.19E-10 9.70E-10
 1.01E-09 1.04E-09
 4.71E-12 3.69E-11 1.12E-10 2.45E-10 3.88E-10 4.64E-10 5.09E-10 5.34E-10
 5.56E-10 5.70E-10
 2.39E-12 1.80E-11 5.57E-11 1.20E-10 1.81E-10 2.10E-10 2.27E-10 2.36E-10
 2.43E-10 2.48E-10
  3322.1 A  12  10 /FILMEM = WJD91#BE/TYPE = EXCIT    /INDM = T/ISEL =    3
 1.00E+11 2.00E+11 5.00E+11 1.00E+12 2.00E+12 5.00E+12 1.00E+13 2.00E+13
 5.00E+13 1.00E+14 2.00E+14 5.00E+14
 1.00E+00 2.00E+00 5.00E+00 1.00E+01 2.00E+01 3.00E+01 4.00E+01 5.00E+01
 6.50E+01 8.00E+01
 2.56E-10 2.49E-09 8.25E-09 1.01E-08 9.03E-09 7.11E-09 5.42E-09 4.10E-09
 2.76E-09 1.96E-09
 2.55E-10 2.46E-09 8.08E-09 9.80E-09 8.81E-09 6.94E-09 5.30E-09 4.02E-09
 2.71E-09 1.93E-09
 2.53E-10 2.40E-09 7.67E-09 9.22E-09 8.28E-09 6.54E-09 5.01E-09 3.81E-09
 2.58E-09 1.84E-09
 2.50E-10 2.32E-09 7.20E-09 8.53E-09 7.65E-09 6.06E-09 4.65E-09 3.54E-09
 2.41E-09 1.72E-09
 2.45E-10 2.22E-09 6.60E-09 7.67E-09 6.84E-09 5.42E-09 4.17E-09 3.19E-09
 2.18E-09 1.57E-09
 2.36E-10 2.04E-09 5.69E-09 6.39E-09 5.61E-09 4.43E-09 3.41E-09 2.61E-09
 1.80E-09 1.30E-09
 2.26E-10 1.87E-09 4.94E-09 5.35E-09 4.58E-09 3.60E-09 2.77E-09 2.12E-09
 1.47E-09 1.06E-09
 2.12E-10 1.66E-09 4.07E-09 4.19E-09 3.47E-09 2.70E-09 2.07E-09 1.59E-09
 1.10E-09 8.06E-10
 1.81E-10 1.27E-09 2.74E-09 2.60E-09 2.02E-09 1.54E-09 1.18E-09 9.05E-10
 6.32E-10 4.65E-10
 1.47E-10 9.19E-10 1.78E-09 1.58E-09 1.16E-09 8.67E-10 6.58E-10 5.06E-10
 3.55E-10 2.63E-10
 1.07E-10 5.94E-10 1.05E-09 8.68E-10 6.02E-10 4.42E-10 3.33E-10 2.55E-10
 1.79E-10 1.32E-10
 5.93E-11 2.89E-10 4.59E-10 3.57E-10 2.34E-10 1.68E-10 1.25E-10 9.48E-11
 6.60E-11 4.88E-11
  2651.4 A  12  10 /FILMEM = WJD91#BE/TYPE = EXCIT    /INDM = T/ISEL =    4
 1.00E+11 2.00E+11 5.00E+11 1.00E+12 2.00E+12 5.00E+12 1.00E+13 2.00E+13
 5.00E+13 1.00E+14 2.00E+14 5.00E+14
 1.00E+00 2.00E+00 5.00E+00 1.00E+01 2.00E+01 3.00E+01 4.00E+01 5.00E+01
 6.50E+01 8.00E+01
 9.20E-11 1.75E-09 1.26E-08 2.17E-08 2.20E-08 1.80E-08 1.40E-08 1.06E-08
 7.16E-09 5.08E-09
 9.20E-11 1.74E-09 1.26E-08 2.17E-08 2.20E-08 1.80E-08 1.39E-08 1.06E-08
 7.13E-09 5.06E-09
 9.20E-11 1.74E-09 1.25E-08 2.15E-08 2.18E-08 1.78E-08 1.38E-08 1.05E-08
 7.06E-09 5.01E-09
 9.20E-11 1.74E-09 1.25E-08 2.13E-08 2.14E-08 1.75E-08 1.35E-08 1.03E-08
 6.95E-09 4.93E-09
 9.20E-11 1.74E-09 1.24E-08 2.09E-08 2.09E-08 1.70E-08 1.31E-08 9.98E-09
 6.74E-09 4.79E-09
 9.20E-11 1.74E-09 1.21E-08 2.00E-08 1.96E-08 1.59E-08 1.22E-08 9.30E-09
 6.29E-09 4.48E-09
 9.20E-11 1.73E-09 1.18E-08 1.90E-08 1.83E-08 1.47E-08 1.13E-08 8.54E-09
 5.78E-09 4.13E-09
 9.19E-11 1.72E-09 1.14E-08 1.78E-08 1.66E-08 1.31E-08 1.00E-08 7.58E-09
 5.14E-09 3.67E-09
 9.18E-11 1.70E-09 1.07E-08 1.57E-08 1.39E-08 1.07E-08 8.09E-09 6.11E-09
 4.14E-09 2.97E-09
 9.15E-11 1.68E-09 1.01E-08 1.41E-08 1.19E-08 8.96E-09 6.70E-09 5.03E-09
 3.41E-09 2.45E-09
 9.09E-11 1.65E-09 9.54E-09 1.26E-08 1.01E-08 7.46E-09 5.51E-09 4.12E-09
 2.78E-09 1.99E-09
 8.94E-11 1.60E-09 8.73E-09 1.07E-08 8.13E-09 5.84E-09 4.25E-09 3.15E-09
 2.12E-09 1.51E-09
  2495.4 A  12  10 /FILMEM = WJD91#BE/TYPE = EXCIT    /INDM = T/ISEL =    5
 1.00E+11 2.00E+11 5.00E+11 1.00E+12 2.00E+12 5.00E+12 1.00E+13 2.00E+13
 5.00E+13 1.00E+14 2.00E+14 5.00E+14
 1.00E+00 2.00E+00 5.00E+00 1.00E+01 2.00E+01 3.00E+01 4.00E+01 5.00E+01
 6.50E+01 8.00E+01
 3.94E-11 9.50E-10 7.04E-09 1.12E-08 1.05E-08 8.62E-09 6.76E-09 5.18E-09
 3.51E-09 2.49E-09
 3.98E-11 9.60E-10 7.11E-09 1.13E-08 1.06E-08 8.68E-09 6.81E-09 5.21E-09
 3.53E-09 2.50E-09
 4.12E-11 9.97E-10 7.33E-09 1.15E-08 1.08E-08 8.83E-09 6.91E-09 5.28E-09
 3.57E-09 2.53E-09
 4.32E-11 1.05E-09 7.58E-09 1.18E-08 1.09E-08 8.93E-09 6.98E-09 5.33E-09
 3.60E-09 2.55E-09
 4.63E-11 1.11E-09 7.81E-09 1.19E-08 1.10E-08 8.90E-09 6.94E-09 5.29E-09
 3.57E-09 2.53E-09
 5.14E-11 1.18E-09 7.82E-09 1.16E-08 1.04E-08 8.36E-09 6.50E-09 4.96E-09
 3.35E-09 2.38E-09
 5.52E-11 1.20E-09 7.43E-09 1.06E-08 9.26E-09 7.41E-09 5.75E-09 4.39E-09
 2.97E-09 2.12E-09
 5.82E-11 1.16E-09 6.59E-09 8.92E-09 7.52E-09 5.95E-09 4.61E-09 3.52E-09
 2.40E-09 1.72E-09
 5.86E-11 9.91E-10 4.79E-09 5.95E-09 4.69E-09 3.64E-09 2.81E-09 2.15E-09
 1.48E-09 1.07E-09
 5.35E-11 7.72E-10 3.26E-09 3.76E-09 2.79E-09 2.13E-09 1.63E-09 1.25E-09
 8.63E-10 6.28E-10
 4.29E-11 5.26E-10 1.97E-09 2.12E-09 1.49E-09 1.11E-09 8.45E-10 6.46E-10
 4.46E-10 3.26E-10
 2.57E-11 2.66E-10 8.82E-10 8.89E-10 5.88E-10 4.29E-10 3.22E-10 2.45E-10
 1.68E-10 1.23E-10
  2351.5 A  12  10 /FILMEM = WJD91#BE/TYPE = EXCIT    /INDM = T/ISEL =    6
 1.00E+11 2.00E+11 5.00E+11 1.00E+12 2.00E+12 5.00E+12 1.00E+13 2.00E+13
 5.00E+13 1.00E+14 2.00E+14 5.00E+14
 1.00E+00 2.00E+00 5.00E+00 1.00E+01 2.00E+01 3.00E+01 4.00E+01 5.00E+01
 6.50E+01 8.00E+01
 2.05E-12 6.39E-11 4.17E-10 5.65E-10 4.84E-10 3.58E-10 2.63E-10 1.96E-10
 1.33E-10 9.52E-11
 1.97E-12 6.04E-11 3.93E-10 5.35E-10 4.63E-10 3.45E-10 2.55E-10 1.91E-10
 1.29E-10 9.25E-11
 1.93E-12 5.70E-11 3.63E-10 4.92E-10 4.33E-10 3.25E-10 2.42E-10 1.81E-10
 1.23E-10 8.83E-11
 2.00E-12 5.51E-11 3.36E-10 4.49E-10 3.98E-10 3.02E-10 2.25E-10 1.70E-10
 1.15E-10 8.30E-11
 2.09E-12 5.22E-11 2.96E-10 3.85E-10 3.42E-10 2.61E-10 1.96E-10 1.49E-10
 1.02E-10 7.35E-11
 2.09E-12 4.39E-11 2.19E-10 2.72E-10 2.40E-10 1.85E-10 1.40E-10 1.07E-10
 7.38E-11 5.38E-11
 1.93E-12 3.51E-11 1.59E-10 1.89E-10 1.65E-10 1.27E-10 9.68E-11 7.41E-11
 5.14E-11 3.77E-11
 1.69E-12 2.67E-11 1.08E-10 1.22E-10 1.05E-10 8.07E-11 6.16E-11 4.72E-11
 3.29E-11 2.42E-11
 1.37E-12 1.75E-11 6.04E-11 6.31E-11 5.18E-11 3.95E-11 3.00E-11 2.31E-11
 1.61E-11 1.19E-11
 1.11E-12 1.20E-11 3.63E-11 3.55E-11 2.78E-11 2.09E-11 1.58E-11 1.21E-11
 8.51E-12 6.31E-12
 8.26E-13 7.56E-12 2.04E-11 1.88E-11 1.40E-11 1.03E-11 7.76E-12 5.93E-12
 4.15E-12 3.08E-12
 4.69E-13 3.63E-12 8.75E-12 7.55E-12 5.34E-12 3.86E-12 2.86E-12 2.17E-12
 1.51E-12 1.12E-12
  2175.7 A  12  10 /FILMEM = WJD91#BE/TYPE = EXCIT    /INDM = T/ISEL =    7
 1.00E+11 2.00E+11 5.00E+11 1.00E+12 2.00E+12 5.00E+12 1.00E+13 2.00E+13
 5.00E+13 1.00E+14 2.00E+14 5.00E+14
 1.00E+00 2.00E+00 5.00E+00 1.00E+01 2.00E+01 3.00E+01 4.00E+01 5.00E+01
 6.50E+01 8.00E+01
 8.19E-12 2.74E-10 2.05E-09 3.09E-09 2.80E-09 2.17E-09 1.65E-09 1.25E-09
 8.52E-10 6.14E-10
 8.54E-12 2.83E-10 2.08E-09 3.09E-09 2.78E-09 2.15E-09 1.63E-09 1.23E-09
 8.42E-10 6.07E-10
 8.87E-12 2.87E-10 2.03E-09 2.97E-09 2.64E-09 2.03E-09 1.54E-09 1.17E-09
 8.00E-10 5.78E-10
 8.90E-12 2.79E-10 1.91E-09 2.74E-09 2.42E-09 1.86E-09 1.41E-09 1.07E-09
 7.35E-10 5.32E-10
 8.70E-12 2.61E-10 1.70E-09 2.37E-09 2.07E-09 1.59E-09 1.21E-09 9.22E-10
 6.34E-10 4.61E-10
 8.06E-12 2.19E-10 1.30E-09 1.72E-09 1.48E-09 1.14E-09 8.67E-10 6.63E-10
 4.58E-10 3.35E-10
 7.31E-12 1.78E-10 9.65E-10 1.23E-09 1.04E-09 7.96E-10 6.06E-10 4.64E-10
 3.22E-10 2.36E-10
 6.48E-12 1.38E-10 6.73E-10 8.13E-10 6.73E-10 5.13E-10 3.90E-10 2.99E-10
 2.07E-10 1.52E-10
 5.43E-12 9.24E-11 3.84E-10 4.29E-10 3.38E-10 2.55E-10 1.93E-10 1.47E-10
 1.02E-10 7.54E-11
 4.54E-12 6.41E-11 2.34E-10 2.44E-10 1.83E-10 1.36E-10 1.02E-10 7.80E-11
 5.42E-11 4.00E-11
 3.45E-12 4.09E-11 1.32E-10 1.30E-10 9.28E-11 6.76E-11 5.04E-11 3.83E-11
 2.66E-11 1.96E-11
 1.99E-12 1.97E-11 5.70E-11 5.24E-11 3.56E-11 2.54E-11 1.87E-11 1.41E-11
 9.72E-12 7.15E-12
  4573.9 A  12  10 /FILMEM = WJD91#BE/TYPE = EXCIT    /INDM = T/ISEL =    8
 1.00E+11 2.00E+11 5.00E+11 1.00E+12 2.00E+12 5.00E+12 1.00E+13 2.00E+13
 5.00E+13 1.00E+14 2.00E+14 5.00E+14
 1.00E+00 2.00E+00 5.00E+00 1.00E+01 2.00E+01 3.00E+01 4.00E+01 5.00E+01
 6.50E+01 8.00E+01
 3.68E-11 5.75E-10 1.93E-09 3.19E-09 4.49E-09 4.90E-09 4.96E-09 4.90E-09
 4.74E-09 4.57E-09
 3.68E-11 5.75E-10 1.91E-09 3.16E-09 4.50E-09 4.92E-09 4.99E-09 4.94E-09
 4.78E-09 4.61E-09
 3.70E-11 5.76E-10 1.91E-09 3.21E-09 4.65E-09 5.12E-09 5.21E-09 5.16E-09
 5.01E-09 4.83E-09
 3.72E-11 5.77E-10 1.92E-09 3.32E-09 4.92E-09 5.46E-09 5.57E-09 5.54E-09
 5.38E-09 5.20E-09
 3.74E-11 5.75E-10 1.93E-09 3.46E-09 5.28E-09 5.92E-09 6.09E-09 6.07E-09
 5.93E-09 5.74E-09
 3.70E-11 5.50E-10 1.85E-09 3.49E-09 5.50E-09 6.28E-09 6.55E-09 6.60E-09
 6.51E-09 6.36E-09
 3.52E-11 4.93E-10 1.63E-09 3.14E-09 5.04E-09 5.85E-09 6.18E-09 6.29E-09
 6.28E-09 6.20E-09
 3.09E-11 3.96E-10 1.26E-09 2.48E-09 4.03E-09 4.75E-09 5.08E-09 5.23E-09
 5.29E-09 5.28E-09
 2.19E-11 2.46E-10 7.57E-10 1.53E-09 2.52E-09 3.02E-09 3.29E-09 3.42E-09
 3.51E-09 3.55E-09
 1.50E-11 1.55E-10 4.79E-10 9.94E-10 1.65E-09 1.99E-09 2.18E-09 2.28E-09
 2.36E-09 2.40E-09
 9.58E-12 9.42E-11 3.00E-10 6.36E-10 1.04E-09 1.25E-09 1.37E-09 1.44E-09
 1.49E-09 1.52E-09
 5.24E-12 4.94E-11 1.64E-10 3.45E-10 5.42E-10 6.40E-10 6.94E-10 7.23E-10
 7.45E-10 7.58E-10
  8256.3 A  12  10 /FILMEM = WJD91#BE/TYPE = EXCIT    /INDM = T/ISEL =    9
 1.00E+11 2.00E+11 5.00E+11 1.00E+12 2.00E+12 5.00E+12 1.00E+13 2.00E+13
 5.00E+13 1.00E+14 2.00E+14 5.00E+14
 1.00E+00 2.00E+00 5.00E+00 1.00E+01 2.00E+01 3.00E+01 4.00E+01 5.00E+01
 6.50E+01 8.00E+01
 7.80E-11 7.86E-10 2.83E-09 6.62E-09 1.14E-08 1.37E-08 1.45E-08 1.47E-08
 1.44E-08 1.39E-08
 7.77E-11 7.80E-10 2.79E-09 6.49E-09 1.12E-08 1.34E-08 1.42E-08 1.44E-08
 1.41E-08 1.37E-08
 7.68E-11 7.64E-10 2.69E-09 6.23E-09 1.07E-08 1.28E-08 1.36E-08 1.38E-08
 1.36E-08 1.31E-08
 7.54E-11 7.39E-10 2.56E-09 5.87E-09 1.01E-08 1.20E-08 1.28E-08 1.30E-08
 1.28E-08 1.24E-08
 7.27E-11 6.96E-10 2.34E-09 5.31E-09 9.06E-09 1.08E-08 1.15E-08 1.17E-08
 1.16E-08 1.12E-08
 6.58E-11 5.93E-10 1.88E-09 4.16E-09 7.01E-09 8.36E-09 8.96E-09 9.15E-09
 9.09E-09 8.90E-09
 5.70E-11 4.79E-10 1.42E-09 3.08E-09 5.13E-09 6.12E-09 6.58E-09 6.76E-09
 6.76E-09 6.67E-09
 4.53E-11 3.48E-10 9.71E-10 2.06E-09 3.39E-09 4.05E-09 4.37E-09 4.50E-09
 4.54E-09 4.51E-09
 2.86E-11 1.96E-10 5.13E-10 1.08E-09 1.75E-09 2.08E-09 2.26E-09 2.34E-09
 2.39E-09 2.39E-09
 1.83E-11 1.17E-10 3.01E-10 6.32E-10 1.01E-09 1.20E-09 1.31E-09 1.36E-09
 1.39E-09 1.41E-09
 1.13E-11 6.80E-11 1.77E-10 3.70E-10 5.84E-10 6.86E-10 7.41E-10 7.70E-10
 7.92E-10 8.04E-10
 5.97E-12 3.41E-11 8.92E-11 1.84E-10 2.78E-10 3.19E-10 3.40E-10 3.52E-10
 3.60E-10 3.66E-10
  7210.8 A  12  10 /FILMEM = WJD91#BE/TYPE = EXCIT    /INDM = T/ISEL =   10
 1.00E+11 2.00E+11 5.00E+11 1.00E+12 2.00E+12 5.00E+12 1.00E+13 2.00E+13
 5.00E+13 1.00E+14 2.00E+14 5.00E+14
 1.00E+00 2.00E+00 5.00E+00 1.00E+01 2.00E+01 3.00E+01 4.00E+01 5.00E+01
 6.50E+01 8.00E+01
 2.55E-10 2.46E-09 6.84E-09 1.21E-08 1.84E-08 2.05E-08 2.10E-08 2.10E-08
 2.04E-08 1.97E-08
 2.54E-10 2.46E-09 6.83E-09 1.21E-08 1.84E-08 2.05E-08 2.10E-08 2.09E-08
 2.04E-08 1.97E-08
 2.52E-10 2.44E-09 6.81E-09 1.21E-08 1.84E-08 2.05E-08 2.10E-08 2.09E-08
 2.03E-08 1.96E-08
 2.49E-10 2.42E-09 6.77E-09 1.21E-08 1.84E-08 2.05E-08 2.10E-08 2.09E-08
 2.03E-08 1.96E-08
 2.43E-10 2.38E-09 6.69E-09 1.20E-08 1.83E-08 2.04E-08 2.08E-08 2.07E-08
 2.02E-08 1.95E-08
 2.25E-10 2.25E-09 6.46E-09 1.18E-08 1.80E-08 2.00E-08 2.05E-08 2.04E-08
 1.98E-08 1.92E-08
 2.01E-10 2.07E-09 6.12E-09 1.14E-08 1.75E-08 1.95E-08 1.99E-08 1.98E-08
 1.93E-08 1.87E-08
 1.66E-10 1.79E-09 5.54E-09 1.07E-08 1.65E-08 1.83E-08 1.88E-08 1.87E-08
 1.83E-08 1.77E-08
 1.09E-10 1.27E-09 4.34E-09 8.86E-09 1.38E-08 1.55E-08 1.60E-08 1.60E-08
 1.58E-08 1.54E-08
 7.04E-11 8.62E-10 3.21E-09 6.87E-09 1.08E-08 1.22E-08 1.27E-08 1.29E-08
 1.28E-08 1.26E-08
 4.19E-11 5.33E-10 2.14E-09 4.74E-09 7.54E-09 8.57E-09 9.00E-09 9.21E-09
 9.31E-09 9.29E-09
 2.00E-11 2.60E-10 1.10E-09 2.47E-09 3.92E-09 4.49E-09 4.77E-09 4.94E-09
 5.09E-09 5.15E-09
  2832.5 A  12  10 /FILMEM = WJD91#BE/TYPE = EXCIT    /INDM = T/ISEL =   11
 1.00E+11 2.00E+11 5.00E+11 1.00E+12 2.00E+12 5.00E+12 1.00E+13 2.00E+13
 5.00E+13 1.00E+14 2.00E+14 5.00E+14
 1.00E+00 2.00E+00 5.00E+00 1.00E+01 2.00E+01 3.00E+01 4.00E+01 5.00E+01
 6.50E+01 8.00E+01
 1.46E-12 4.91E-11 2.43E-10 5.17E-10 8.83E-10 1.00E-09 1.03E-09 1.03E-09
 1.03E-09 1.01E-09
 1.46E-12 4.91E-11 2.43E-10 5.17E-10 8.85E-10 1.00E-09 1.03E-09 1.04E-09
 1.03E-09 1.01E-09
 1.46E-12 4.90E-11 2.43E-10 5.18E-10 8.88E-10 1.01E-09 1.04E-09 1.04E-09
 1.03E-09 1.02E-09
 1.46E-12 4.90E-11 2.42E-10 5.20E-10 8.94E-10 1.01E-09 1.05E-09 1.05E-09
 1.04E-09 1.03E-09
 1.46E-12 4.90E-11 2.42E-10 5.23E-10 9.04E-10 1.03E-09 1.06E-09 1.07E-09
 1.06E-09 1.04E-09
 1.46E-12 4.89E-11 2.40E-10 5.31E-10 9.33E-10 1.07E-09 1.12E-09 1.13E-09
 1.12E-09 1.10E-09
 1.46E-12 4.87E-11 2.39E-10 5.42E-10 9.75E-10 1.14E-09 1.20E-09 1.22E-09
 1.21E-09 1.19E-09
 1.46E-12 4.85E-11 2.39E-10 5.63E-10 1.05E-09 1.25E-09 1.34E-09 1.37E-09
 1.37E-09 1.35E-09
 1.45E-12 4.81E-11 2.40E-10 6.17E-10 1.22E-09 1.52E-09 1.67E-09 1.73E-09
 1.75E-09 1.73E-09
 1.44E-12 4.77E-11 2.46E-10 6.90E-10 1.43E-09 1.83E-09 2.04E-09 2.13E-09
 2.16E-09 2.14E-09
 1.42E-12 4.72E-11 2.60E-10 7.95E-10 1.67E-09 2.15E-09 2.41E-09 2.52E-09
 2.56E-09 2.55E-09
 1.36E-12 4.63E-11 2.86E-10 9.32E-10 1.86E-09 2.35E-09 2.60E-09 2.70E-09
 2.74E-09 2.73E-09
  4409.2 A  12  10 /FILMEM = WJD91#BE/TYPE = EXCIT    /INDM = T/ISEL =   12
 1.00E+11 2.00E+11 5.00E+11 1.00E+12 2.00E+12 5.00E+12 1.00E+13 2.00E+13
 5.00E+13 1.00E+14 2.00E+14 5.00E+14
 1.00E+00 2.00E+00 5.00E+00 1.00E+01 2.00E+01 3.00E+01 4.00E+01 5.00E+01
 6.50E+01 8.00E+01
 1.88E-13 7.17E-12 1.14E-10 4.04E-10 7.93E-10 9.68E-10 1.04E-09 1.07E-09
 1.07E-09 1.05E-09
 2.48E-13 7.81E-12 1.13E-10 3.92E-10 7.67E-10 9.37E-10 1.01E-09 1.04E-09
 1.04E-09 1.03E-09
 3.82E-13 8.85E-12 1.04E-10 3.47E-10 6.77E-10 8.32E-10 9.03E-10 9.33E-10
 9.42E-10 9.35E-10
 5.26E-13 9.66E-12 9.08E-11 2.91E-10 5.68E-10 7.02E-10 7.67E-10 7.97E-10
 8.12E-10 8.11E-10
 6.73E-13 1.02E-11 7.47E-11 2.27E-10 4.41E-10 5.49E-10 6.04E-10 6.32E-10
 6.49E-10 6.53E-10
 7.88E-13 9.90E-12 5.33E-11 1.49E-10 2.87E-10 3.59E-10 3.97E-10 4.18E-10
 4.33E-10 4.39E-10
 7.70E-13 8.66E-12 3.88E-11 1.02E-10 1.93E-10 2.42E-10 2.69E-10 2.83E-10
 2.95E-10 3.01E-10
 6.66E-13 6.74E-12 2.62E-11 6.56E-11 1.22E-10 1.53E-10 1.70E-10 1.79E-10
 1.87E-10 1.91E-10
 4.55E-13 4.05E-12 1.40E-11 3.37E-11 6.11E-11 7.58E-11 8.40E-11 8.87E-11
 9.28E-11 9.53E-11
 3.01E-13 2.49E-12 8.35E-12 1.97E-11 3.48E-11 4.27E-11 4.71E-11 4.97E-11
 5.19E-11 5.34E-11
 1.88E-13 1.49E-12 4.96E-12 1.15E-11 1.96E-11 2.37E-11 2.59E-11 2.72E-11
 2.83E-11 2.91E-11
 9.97E-14 7.59E-13 2.55E-12 5.66E-12 9.13E-12 1.07E-11 1.16E-11 1.20E-11
 1.23E-11 1.26E-11
  3814.5 A  12  10 /FILMEM = WJD91#BE/TYPE = EXCIT    /INDM = T/ISEL =   13
 1.00E+11 2.00E+11 5.00E+11 1.00E+12 2.00E+12 5.00E+12 1.00E+13 2.00E+13
 5.00E+13 1.00E+14 2.00E+14 5.00E+14
 1.00E+00 2.00E+00 5.00E+00 1.00E+01 2.00E+01 3.00E+01 4.00E+01 5.00E+01
 6.50E+01 8.00E+01
 7.58E-13 3.40E-11 5.92E-10 2.03E-09 3.57E-09 4.01E-09 4.08E-09 4.04E-09
 3.90E-09 3.75E-09
 8.79E-13 3.64E-11 6.04E-10 2.06E-09 3.61E-09 4.05E-09 4.13E-09 4.08E-09
 3.95E-09 3.79E-09
 1.30E-12 4.34E-11 6.26E-10 2.08E-09 3.64E-09 4.08E-09 4.16E-09 4.12E-09
 3.99E-09 3.84E-09
 2.04E-12 5.48E-11 6.49E-10 2.09E-09 3.63E-09 4.07E-09 4.15E-09 4.11E-09
 3.99E-09 3.84E-09
 3.45E-12 7.49E-11 6.78E-10 2.08E-09 3.57E-09 4.00E-09 4.09E-09 4.06E-09
 3.94E-09 3.81E-09
 6.64E-12 1.15E-10 7.10E-10 1.99E-09 3.35E-09 3.76E-09 3.86E-09 3.85E-09
 3.76E-09 3.65E-09
 9.46E-12 1.41E-10 6.85E-10 1.79E-09 2.97E-09 3.36E-09 3.48E-09 3.49E-09
 3.44E-09 3.36E-09
 1.11E-11 1.44E-10 5.85E-10 1.45E-09 2.39E-09 2.75E-09 2.88E-09 2.92E-09
 2.91E-09 2.87E-09
 9.96E-12 1.09E-10 3.87E-10 9.34E-10 1.55E-09 1.82E-09 1.96E-09 2.01E-09
 2.04E-09 2.04E-09
 7.42E-12 7.41E-11 2.58E-10 6.24E-10 1.04E-09 1.24E-09 1.35E-09 1.40E-09
 1.44E-09 1.45E-09
 4.98E-12 4.71E-11 1.67E-10 4.08E-10 6.75E-10 8.07E-10 8.80E-10 9.19E-10
 9.46E-10 9.60E-10
 2.81E-12 2.56E-11 9.45E-11 2.25E-10 3.58E-10 4.22E-10 4.57E-10 4.75E-10
 4.88E-10 4.95E-10
 14647.7 A  12  10 /FILMEM = WJD91#BE/TYPE = EXCIT    /INDM = T/ISEL =   14
 1.00E+11 2.00E+11 5.00E+11 1.00E+12 2.00E+12 5.00E+12 1.00E+13 2.00E+13
 5.00E+13 1.00E+14 2.00E+14 5.00E+14
 1.00E+00 2.00E+00 5.00E+00 1.00E+01 2.00E+01 3.00E+01 4.00E+01 5.00E+01
 6.50E+01 8.00E+01
 3.27E-11 6.42E-10 3.42E-09 4.65E-09 4.13E-09 3.19E-09 2.41E-09 1.79E-09
 1.18E-09 8.15E-10
 3.20E-11 6.19E-10 3.26E-09 4.41E-09 3.92E-09 3.04E-09 2.30E-09 1.71E-09
 1.13E-09 7.84E-10
 3.00E-11 5.61E-10 2.87E-09 3.85E-09 3.42E-09 2.67E-09 2.03E-09 1.52E-09
 1.01E-09 7.05E-10
 2.73E-11 4.89E-10 2.41E-09 3.20E-09 2.85E-09 2.24E-09 1.71E-09 1.29E-09
 8.63E-10 6.07E-10
 2.35E-11 3.97E-10 1.87E-09 2.45E-09 2.18E-09 1.72E-09 1.32E-09 1.01E-09
 6.80E-10 4.82E-10
 1.76E-11 2.73E-10 1.21E-09 1.56E-09 1.37E-09 1.09E-09 8.44E-10 6.46E-10
 4.41E-10 3.16E-10
 1.36E-11 1.99E-10 8.49E-10 1.07E-09 9.27E-10 7.34E-10 5.70E-10 4.37E-10
 3.00E-10 2.16E-10
 1.07E-11 1.46E-10 5.93E-10 7.24E-10 6.08E-10 4.78E-10 3.70E-10 2.85E-10
 1.96E-10 1.42E-10
 8.00E-12 9.69E-11 3.53E-10 4.03E-10 3.18E-10 2.46E-10 1.89E-10 1.46E-10
 1.01E-10 7.33E-11
 6.30E-12 6.74E-11 2.21E-10 2.36E-10 1.76E-10 1.34E-10 1.02E-10 7.86E-11
 5.45E-11 3.98E-11
 4.59E-12 4.29E-11 1.27E-10 1.28E-10 8.99E-11 6.69E-11 5.08E-11 3.89E-11
 2.69E-11 1.97E-11
 2.58E-12 2.08E-11 5.54E-11 5.21E-11 3.46E-11 2.51E-11 1.88E-11 1.43E-11
 9.84E-12 7.18E-12
 18148.8 A  12  10 /FILMEM = WJD91#BE/TYPE = EXCIT    /INDM = T/ISEL =   15
 1.00E+11 2.00E+11 5.00E+11 1.00E+12 2.00E+12 5.00E+12 1.00E+13 2.00E+13
 5.00E+13 1.00E+14 2.00E+14 5.00E+14
 1.00E+00 2.00E+00 5.00E+00 1.00E+01 2.00E+01 3.00E+01 4.00E+01 5.00E+01
 6.50E+01 8.00E+01
 1.91E-11 2.31E-10 8.58E-10 1.98E-09 3.49E-09 4.27E-09 4.67E-09 4.88E-09
 5.02E-09 5.06E-09
 1.90E-11 2.29E-10 8.45E-10 1.95E-09 3.44E-09 4.21E-09 4.61E-09 4.82E-09
 4.96E-09 5.00E-09
 1.86E-11 2.23E-10 8.13E-10 1.87E-09 3.30E-09 4.04E-09 4.43E-09 4.64E-09
 4.78E-09 4.82E-09
 1.81E-11 2.13E-10 7.69E-10 1.76E-09 3.11E-09 3.81E-09 4.18E-09 4.38E-09
 4.52E-09 4.56E-09
 1.71E-11 1.97E-10 6.98E-10 1.60E-09 2.80E-09 3.44E-09 3.79E-09 3.97E-09
 4.09E-09 4.14E-09
 1.49E-11 1.63E-10 5.57E-10 1.26E-09 2.19E-09 2.70E-09 2.98E-09 3.13E-09
 3.24E-09 3.28E-09
 1.24E-11 1.29E-10 4.23E-10 9.49E-10 1.63E-09 2.00E-09 2.22E-09 2.33E-09
 2.42E-09 2.46E-09
 9.52E-12 9.21E-11 2.89E-10 6.42E-10 1.09E-09 1.33E-09 1.48E-09 1.56E-09
 1.62E-09 1.65E-09
 5.83E-12 5.10E-11 1.53E-10 3.37E-10 5.59E-10 6.83E-10 7.57E-10 8.00E-10
 8.35E-10 8.55E-10
 3.66E-12 3.01E-11 8.96E-11 1.97E-10 3.21E-10 3.89E-10 4.29E-10 4.53E-10
 4.73E-10 4.85E-10
 2.20E-12 1.73E-11 5.22E-11 1.14E-10 1.81E-10 2.17E-10 2.38E-10 2.50E-10
 2.60E-10 2.66E-10
 1.11E-12 8.40E-12 2.60E-11 5.60E-11 8.44E-11 9.84E-11 1.06E-10 1.10E-10
 1.14E-10 1.16E-10
 31786.4 A  12  10 /FILMEM = WJD91#BE/TYPE = EXCIT    /INDM = T/ISEL =   16
 1.00E+11 2.00E+11 5.00E+11 1.00E+12 2.00E+12 5.00E+12 1.00E+13 2.00E+13
 5.00E+13 1.00E+14 2.00E+14 5.00E+14
 1.00E+00 2.00E+00 5.00E+00 1.00E+01 2.00E+01 3.00E+01 4.00E+01 5.00E+01
 6.50E+01 8.00E+01
 5.31E-13 1.28E-11 9.46E-11 1.50E-10 1.41E-10 1.16E-10 9.10E-11 6.97E-11
 4.72E-11 3.35E-11
 5.36E-13 1.29E-11 9.56E-11 1.52E-10 1.42E-10 1.17E-10 9.16E-11 7.01E-11
 4.75E-11 3.37E-11
 5.54E-13 1.34E-11 9.86E-11 1.55E-10 1.45E-10 1.19E-10 9.29E-11 7.11E-11
 4.80E-11 3.40E-11
 5.82E-13 1.41E-11 1.02E-10 1.59E-10 1.47E-10 1.20E-10 9.38E-11 7.16E-11
 4.84E-11 3.43E-11
 6.23E-13 1.49E-11 1.05E-10 1.61E-10 1.47E-10 1.20E-10 9.33E-11 7.12E-11
 4.80E-11 3.40E-11
 6.91E-13 1.59E-11 1.05E-10 1.55E-10 1.40E-10 1.12E-10 8.74E-11 6.67E-11
 4.51E-11 3.20E-11
 7.43E-13 1.61E-11 1.00E-10 1.42E-10 1.25E-10 9.96E-11 7.73E-11 5.90E-11
 4.00E-11 2.85E-11
 7.83E-13 1.56E-11 8.86E-11 1.20E-10 1.01E-10 8.00E-11 6.20E-11 4.74E-11
 3.23E-11 2.31E-11
 7.88E-13 1.33E-11 6.45E-11 8.00E-11 6.31E-11 4.89E-11 3.77E-11 2.89E-11
 1.99E-11 1.44E-11
 7.20E-13 1.04E-11 4.38E-11 5.05E-11 3.76E-11 2.86E-11 2.19E-11 1.68E-11
 1.16E-11 8.44E-12
 5.77E-13 7.07E-12 2.64E-11 2.85E-11 2.00E-11 1.49E-11 1.14E-11 8.69E-12
 6.00E-12 4.38E-12
 3.46E-13 3.57E-12 1.19E-11 1.19E-11 7.91E-12 5.77E-12 4.34E-12 3.29E-12
 2.26E-12 1.65E-12
 23579.3 A  12  10 /FILMEM = WJD91#BE/TYPE = EXCIT    /INDM = T/ISEL =   17
 1.00E+11 2.00E+11 5.00E+11 1.00E+12 2.00E+12 5.00E+12 1.00E+13 2.00E+13
 5.00E+13 1.00E+14 2.00E+14 5.00E+14
 1.00E+00 2.00E+00 5.00E+00 1.00E+01 2.00E+01 3.00E+01 4.00E+01 5.00E+01
 6.50E+01 8.00E+01
 1.73E-12 2.70E-11 9.07E-11 1.50E-10 2.11E-10 2.30E-10 2.33E-10 2.30E-10
 2.23E-10 2.15E-10
 1.73E-12 2.70E-11 8.99E-11 1.49E-10 2.11E-10 2.31E-10 2.35E-10 2.32E-10
 2.25E-10 2.17E-10
 1.74E-12 2.71E-11 8.97E-11 1.51E-10 2.19E-10 2.41E-10 2.45E-10 2.43E-10
 2.35E-10 2.27E-10
 1.75E-12 2.71E-11 9.04E-11 1.56E-10 2.31E-10 2.56E-10 2.62E-10 2.60E-10
 2.53E-10 2.44E-10
 1.76E-12 2.70E-11 9.10E-11 1.63E-10 2.48E-10 2.78E-10 2.86E-10 2.85E-10
 2.79E-10 2.70E-10
 1.74E-12 2.59E-11 8.72E-11 1.64E-10 2.59E-10 2.95E-10 3.08E-10 3.10E-10
 3.06E-10 2.99E-10
 1.66E-12 2.32E-11 7.66E-11 1.48E-10 2.37E-10 2.75E-10 2.90E-10 2.96E-10
 2.95E-10 2.91E-10
 1.45E-12 1.86E-11 5.94E-11 1.17E-10 1.90E-10 2.23E-10 2.39E-10 2.46E-10
 2.49E-10 2.48E-10
 1.03E-12 1.16E-11 3.56E-11 7.20E-11 1.19E-10 1.42E-10 1.54E-10 1.61E-10
 1.65E-10 1.67E-10
 7.03E-13 7.29E-12 2.25E-11 4.67E-11 7.74E-11 9.33E-11 1.02E-10 1.07E-10
 1.11E-10 1.13E-10
 4.50E-13 4.43E-12 1.41E-11 2.99E-11 4.90E-11 5.89E-11 6.46E-11 6.77E-11
 7.02E-11 7.15E-11
 2.46E-13 2.32E-12 7.72E-12 1.62E-11 2.55E-11 3.01E-11 3.26E-11 3.40E-11
 3.50E-11 3.56E-11
 43365.1 A  12  10 /FILMEM = WJD91#BE/TYPE = EXCIT    /INDM = T/ISEL =   18
 1.00E+11 2.00E+11 5.00E+11 1.00E+12 2.00E+12 5.00E+12 1.00E+13 2.00E+13
 5.00E+13 1.00E+14 2.00E+14 5.00E+14
 1.00E+00 2.00E+00 5.00E+00 1.00E+01 2.00E+01 3.00E+01 4.00E+01 5.00E+01
 6.50E+01 8.00E+01
 1.23E-12 3.29E-11 1.82E-10 2.19E-10 1.68E-10 1.15E-10 8.14E-11 5.95E-11
 3.97E-11 2.84E-11
 9.59E-13 2.47E-11 1.35E-10 1.62E-10 1.27E-10 8.86E-11 6.32E-11 4.67E-11
 3.15E-11 2.26E-11
 6.14E-13 1.54E-11 8.36E-11 1.03E-10 8.26E-11 5.90E-11 4.28E-11 3.19E-11
 2.17E-11 1.57E-11
 4.24E-13 1.06E-11 5.82E-11 7.28E-11 5.95E-11 4.33E-11 3.18E-11 2.38E-11
 1.63E-11 1.18E-11
 3.02E-13 7.52E-12 4.14E-11 5.20E-11 4.30E-11 3.18E-11 2.35E-11 1.77E-11
 1.22E-11 8.82E-12
 2.11E-13 4.99E-12 2.63E-11 3.25E-11 2.69E-11 2.01E-11 1.51E-11 1.14E-11
 7.86E-12 5.73E-12
 1.69E-13 3.67E-12 1.80E-11 2.16E-11 1.78E-11 1.34E-11 1.01E-11 7.66E-12
 5.29E-12 3.87E-12
 1.39E-13 2.67E-12 1.20E-11 1.38E-11 1.12E-11 8.41E-12 6.34E-12 4.82E-12
 3.34E-12 2.45E-12
 1.10E-13 1.72E-12 6.64E-12 7.08E-12 5.51E-12 4.10E-12 3.08E-12 2.35E-12
 1.63E-12 1.20E-12
 8.99E-14 1.17E-12 3.98E-12 3.98E-12 2.96E-12 2.17E-12 1.63E-12 1.24E-12
 8.58E-13 6.33E-13
 6.75E-14 7.40E-13 2.24E-12 2.11E-12 1.49E-12 1.08E-12 7.99E-13 6.06E-13
 4.20E-13 3.09E-13
 3.87E-14 3.55E-13 9.59E-13 8.49E-13 5.70E-13 4.03E-13 2.96E-13 2.23E-13
 1.53E-13 1.13E-13
 17863.5 A  12  10 /FILMEM = WJD91#BE/TYPE = EXCIT    /INDM = T/ISEL =   19
 1.00E+11 2.00E+11 5.00E+11 1.00E+12 2.00E+12 5.00E+12 1.00E+13 2.00E+13
 5.00E+13 1.00E+14 2.00E+14 5.00E+14
 1.00E+00 2.00E+00 5.00E+00 1.00E+01 2.00E+01 3.00E+01 4.00E+01 5.00E+01
 6.50E+01 8.00E+01
 7.42E-13 2.31E-11 1.51E-10 2.04E-10 1.75E-10 1.29E-10 9.52E-11 7.11E-11
 4.80E-11 3.44E-11
 7.13E-13 2.19E-11 1.42E-10 1.93E-10 1.68E-10 1.25E-10 9.21E-11 6.90E-11
 4.66E-11 3.35E-11
 7.00E-13 2.06E-11 1.31E-10 1.78E-10 1.57E-10 1.18E-10 8.75E-11 6.56E-11
 4.45E-11 3.19E-11
 7.22E-13 2.00E-11 1.22E-10 1.63E-10 1.44E-10 1.09E-10 8.15E-11 6.14E-11
 4.17E-11 3.00E-11
 7.57E-13 1.89E-11 1.07E-10 1.39E-10 1.24E-10 9.45E-11 7.11E-11 5.38E-11
 3.68E-11 2.66E-11
 7.57E-13 1.59E-11 7.94E-11 9.85E-11 8.69E-11 6.69E-11 5.07E-11 3.87E-11
 2.67E-11 1.95E-11
 6.98E-13 1.27E-11 5.74E-11 6.82E-11 5.95E-11 4.60E-11 3.50E-11 2.68E-11
 1.86E-11 1.36E-11
 6.12E-13 9.65E-12 3.91E-11 4.42E-11 3.79E-11 2.92E-11 2.23E-11 1.71E-11
 1.19E-11 8.77E-12
 4.95E-13 6.34E-12 2.18E-11 2.28E-11 1.87E-11 1.43E-11 1.09E-11 8.35E-12
 5.84E-12 4.32E-12
 4.02E-13 4.34E-12 1.31E-11 1.28E-11 1.01E-11 7.57E-12 5.73E-12 4.39E-12
 3.08E-12 2.28E-12
 2.99E-13 2.74E-12 7.38E-12 6.79E-12 5.06E-12 3.74E-12 2.81E-12 2.15E-12
 1.50E-12 1.11E-12
 1.70E-13 1.31E-12 3.16E-12 2.73E-12 1.93E-12 1.40E-12 1.04E-12 7.86E-13
 5.46E-13 4.04E-13
 11069.3 A  12  10 /FILMEM = WJD91#BE/TYPE = EXCIT    /INDM = T/ISEL =   20
 1.00E+11 2.00E+11 5.00E+11 1.00E+12 2.00E+12 5.00E+12 1.00E+13 2.00E+13
 5.00E+13 1.00E+14 2.00E+14 5.00E+14
 1.00E+00 2.00E+00 5.00E+00 1.00E+01 2.00E+01 3.00E+01 4.00E+01 5.00E+01
 6.50E+01 8.00E+01
 3.16E-13 1.06E-11 7.90E-11 1.19E-10 1.08E-10 8.37E-11 6.35E-11 4.82E-11
 3.29E-11 2.37E-11
 3.30E-13 1.09E-11 8.00E-11 1.19E-10 1.07E-10 8.28E-11 6.27E-11 4.76E-11
 3.25E-11 2.34E-11
 3.42E-13 1.11E-11 7.84E-11 1.14E-10 1.02E-10 7.85E-11 5.94E-11 4.51E-11
 3.09E-11 2.23E-11
 3.43E-13 1.08E-11 7.38E-11 1.06E-10 9.32E-11 7.17E-11 5.44E-11 4.13E-11
 2.83E-11 2.05E-11
 3.36E-13 1.01E-11 6.57E-11 9.15E-11 8.00E-11 6.15E-11 4.67E-11 3.56E-11
 2.45E-11 1.78E-11
 3.11E-13 8.45E-12 5.02E-11 6.65E-11 5.72E-11 4.40E-11 3.34E-11 2.56E-11
 1.77E-11 1.29E-11
 2.82E-13 6.86E-12 3.72E-11 4.73E-11 4.00E-11 3.07E-11 2.34E-11 1.79E-11
 1.24E-11 9.10E-12
 2.50E-13 5.31E-12 2.59E-11 3.13E-11 2.60E-11 1.98E-11 1.51E-11 1.15E-11
 8.00E-12 5.88E-12
 2.09E-13 3.57E-12 1.48E-11 1.65E-11 1.31E-11 9.83E-12 7.43E-12 5.68E-12
 3.95E-12 2.91E-12
 1.75E-13 2.47E-12 9.01E-12 9.40E-12 7.08E-12 5.24E-12 3.94E-12 3.01E-12
 2.09E-12 1.54E-12
 1.33E-13 1.58E-12 5.10E-12 5.00E-12 3.58E-12 2.61E-12 1.94E-12 1.48E-12
 1.02E-12 7.56E-13
 7.70E-14 7.62E-13 2.20E-12 2.02E-12 1.37E-12 9.78E-13 7.21E-13 5.44E-13
 3.75E-13 2.76E-13
 19770.7 A  12  10 /FILMEM = WJD91#BE/TYPE = EXCIT    /INDM = T/ISEL =   21
 1.00E+11 2.00E+11 5.00E+11 1.00E+12 2.00E+12 5.00E+12 1.00E+13 2.00E+13
 5.00E+13 1.00E+14 2.00E+14 5.00E+14
 1.00E+00 2.00E+00 5.00E+00 1.00E+01 2.00E+01 3.00E+01 4.00E+01 5.00E+01
 6.50E+01 8.00E+01
 2.37E-13 9.05E-12 1.44E-10 5.09E-10 1.00E-09 1.22E-09 1.31E-09 1.35E-09
 1.35E-09 1.32E-09
 3.12E-13 9.85E-12 1.43E-10 4.94E-10 9.67E-10 1.18E-09 1.27E-09 1.31E-09
 1.31E-09 1.29E-09
 4.82E-13 1.12E-11 1.31E-10 4.38E-10 8.54E-10 1.05E-09 1.14E-09 1.18E-09
 1.19E-09 1.18E-09
 6.63E-13 1.22E-11 1.15E-10 3.67E-10 7.16E-10 8.86E-10 9.67E-10 1.01E-09
 1.02E-09 1.02E-09
 8.49E-13 1.29E-11 9.42E-11 2.86E-10 5.56E-10 6.93E-10 7.62E-10 7.97E-10
 8.18E-10 8.23E-10
 9.93E-13 1.25E-11 6.73E-11 1.88E-10 3.61E-10 4.53E-10 5.01E-10 5.27E-10
 5.46E-10 5.54E-10
 9.71E-13 1.09E-11 4.89E-11 1.28E-10 2.44E-10 3.06E-10 3.39E-10 3.57E-10
 3.72E-10 3.79E-10
 8.40E-13 8.50E-12 3.31E-11 8.27E-11 1.54E-10 1.93E-10 2.14E-10 2.26E-10
 2.36E-10 2.41E-10
 5.73E-13 5.11E-12 1.77E-11 4.25E-11 7.71E-11 9.55E-11 1.06E-10 1.12E-10
 1.17E-10 1.20E-10
 3.80E-13 3.15E-12 1.05E-11 2.48E-11 4.38E-11 5.38E-11 5.94E-11 6.26E-11
 6.55E-11 6.73E-11
 2.38E-13 1.87E-12 6.26E-12 1.45E-11 2.47E-11 2.99E-11 3.27E-11 3.43E-11
 3.57E-11 3.67E-11
 1.26E-13 9.57E-13 3.21E-12 7.14E-12 1.15E-11 1.35E-11 1.46E-11 1.51E-11
 1.56E-11 1.59E-11
 11636.0 A  12  10 /FILMEM = WJD91#BE/TYPE = EXCIT    /INDM = T/ISEL =   22
 1.00E+11 2.00E+11 5.00E+11 1.00E+12 2.00E+12 5.00E+12 1.00E+13 2.00E+13
 5.00E+13 1.00E+14 2.00E+14 5.00E+14
 1.00E+00 2.00E+00 5.00E+00 1.00E+01 2.00E+01 3.00E+01 4.00E+01 5.00E+01
 6.50E+01 8.00E+01
 2.63E-14 1.18E-12 2.05E-11 7.04E-11 1.24E-10 1.39E-10 1.42E-10 1.40E-10
 1.35E-10 1.30E-10
 3.05E-14 1.26E-12 2.09E-11 7.13E-11 1.25E-10 1.40E-10 1.43E-10 1.42E-10
 1.37E-10 1.32E-10
 4.49E-14 1.50E-12 2.17E-11 7.23E-11 1.26E-10 1.42E-10 1.44E-10 1.43E-10
 1.38E-10 1.33E-10
 7.07E-14 1.90E-12 2.25E-11 7.26E-11 1.26E-10 1.41E-10 1.44E-10 1.43E-10
 1.38E-10 1.33E-10
 1.20E-13 2.60E-12 2.35E-11 7.23E-11 1.24E-10 1.39E-10 1.42E-10 1.41E-10
 1.37E-10 1.32E-10
 2.30E-13 3.98E-12 2.46E-11 6.90E-11 1.16E-10 1.30E-10 1.34E-10 1.33E-10
 1.30E-10 1.26E-10
 3.28E-13 4.89E-12 2.37E-11 6.20E-11 1.03E-10 1.17E-10 1.21E-10 1.21E-10
 1.19E-10 1.16E-10
 3.86E-13 5.00E-12 2.03E-11 5.02E-11 8.29E-11 9.52E-11 9.98E-11 1.01E-10
 1.01E-10 9.95E-11
 3.45E-13 3.77E-12 1.34E-11 3.24E-11 5.38E-11 6.33E-11 6.78E-11 6.98E-11
 7.08E-11 7.09E-11
 2.57E-13 2.57E-12 8.93E-12 2.16E-11 3.61E-11 4.31E-11 4.68E-11 4.86E-11
 4.98E-11 5.03E-11
 1.73E-13 1.63E-12 5.81E-12 1.41E-11 2.34E-11 2.80E-11 3.05E-11 3.19E-11
 3.28E-11 3.33E-11
 9.73E-14 8.88E-13 3.28E-12 7.82E-12 1.24E-11 1.46E-11 1.58E-11 1.65E-11
 1.69E-11 1.72E-11
 21017.2 A  12  10 /FILMEM = WJD91#BE/TYPE = EXCIT    /INDM = T/ISEL =   23
 1.00E+11 2.00E+11 5.00E+11 1.00E+12 2.00E+12 5.00E+12 1.00E+13 2.00E+13
 5.00E+13 1.00E+14 2.00E+14 5.00E+14
 1.00E+00 2.00E+00 5.00E+00 1.00E+01 2.00E+01 3.00E+01 4.00E+01 5.00E+01
 6.50E+01 8.00E+01
 1.46E-12 3.90E-11 2.17E-10 2.60E-10 2.00E-10 1.37E-10 9.66E-11 7.07E-11
 4.72E-11 3.37E-11
 1.14E-12 2.93E-11 1.60E-10 1.93E-10 1.51E-10 1.05E-10 7.51E-11 5.54E-11
 3.74E-11 2.69E-11
 7.30E-13 1.83E-11 9.92E-11 1.22E-10 9.81E-11 7.01E-11 5.08E-11 3.79E-11
 2.58E-11 1.87E-11
 5.04E-13 1.26E-11 6.91E-11 8.65E-11 7.07E-11 5.14E-11 3.77E-11 2.83E-11
 1.93E-11 1.40E-11
 3.59E-13 8.94E-12 4.91E-11 6.18E-11 5.11E-11 3.77E-11 2.80E-11 2.11E-11
 1.44E-11 1.05E-11
 2.50E-13 5.93E-12 3.12E-11 3.86E-11 3.20E-11 2.39E-11 1.79E-11 1.36E-11
 9.34E-12 6.81E-12
 2.01E-13 4.36E-12 2.14E-11 2.57E-11 2.12E-11 1.59E-11 1.20E-11 9.10E-12
 6.28E-12 4.59E-12
 1.65E-13 3.17E-12 1.43E-11 1.64E-11 1.33E-11 9.99E-12 7.53E-12 5.73E-12
 3.96E-12 2.91E-12
 1.31E-13 2.04E-12 7.88E-12 8.41E-12 6.54E-12 4.87E-12 3.66E-12 2.79E-12
 1.93E-12 1.42E-12
 1.07E-13 1.39E-12 4.73E-12 4.73E-12 3.51E-12 2.58E-12 1.93E-12 1.47E-12
 1.02E-12 7.52E-13
 8.02E-14 8.79E-13 2.65E-12 2.50E-12 1.77E-12 1.28E-12 9.49E-13 7.19E-13
 4.98E-13 3.68E-13
 4.59E-14 4.22E-13 1.14E-12 1.01E-12 6.77E-13 4.79E-13 3.51E-13 2.64E-13
 1.82E-13 1.34E-13
 16162.5 A  12  10 /FILMEM = WJD91#BE/TYPE = EXCIT    /INDM = T/ISEL =   24
 1.00E+11 2.00E+11 5.00E+11 1.00E+12 2.00E+12 5.00E+12 1.00E+13 2.00E+13
 5.00E+13 1.00E+14 2.00E+14 5.00E+14
 1.00E+00 2.00E+00 5.00E+00 1.00E+01 2.00E+01 3.00E+01 4.00E+01 5.00E+01
 6.50E+01 8.00E+01
 1.41E-12 4.71E-11 3.05E-10 3.74E-10 2.84E-10 1.92E-10 1.33E-10 9.47E-11
 6.10E-11 4.23E-11
 1.51E-12 5.03E-11 3.30E-10 4.16E-10 3.24E-10 2.23E-10 1.56E-10 1.12E-10
 7.24E-11 5.01E-11
 1.71E-12 5.54E-11 3.65E-10 4.76E-10 3.83E-10 2.72E-10 1.94E-10 1.41E-10
 9.21E-11 6.42E-11
 1.84E-12 5.77E-11 3.75E-10 4.94E-10 4.06E-10 2.95E-10 2.15E-10 1.58E-10
 1.04E-10 7.32E-11
 1.90E-12 5.70E-11 3.57E-10 4.69E-10 3.91E-10 2.90E-10 2.14E-10 1.59E-10
 1.06E-10 7.55E-11
 1.85E-12 5.02E-11 2.91E-10 3.74E-10 3.15E-10 2.38E-10 1.78E-10 1.34E-10
 9.11E-11 6.54E-11
 1.73E-12 4.21E-11 2.25E-10 2.82E-10 2.38E-10 1.82E-10 1.38E-10 1.04E-10
 7.13E-11 5.16E-11
 1.57E-12 3.34E-11 1.64E-10 1.98E-10 1.66E-10 1.27E-10 9.67E-11 7.37E-11
 5.07E-11 3.69E-11
 1.35E-12 2.32E-11 9.80E-11 1.11E-10 8.96E-11 6.84E-11 5.22E-11 3.99E-11
 2.77E-11 2.03E-11
 1.14E-12 1.64E-11 6.10E-11 6.50E-11 5.02E-11 3.79E-11 2.88E-11 2.21E-11
 1.54E-11 1.13E-11
 8.75E-13 1.06E-11 3.50E-11 3.52E-11 2.59E-11 1.92E-11 1.45E-11 1.11E-11
 7.72E-12 5.70E-12
 5.08E-13 5.13E-12 1.52E-11 1.44E-11 1.01E-11 7.31E-12 5.46E-12 4.14E-12
 2.87E-12 2.11E-12
 26225.9 A  12  10 /FILMEM = WJD91#BE/TYPE = EXCIT    /INDM = T/ISEL =   25
 1.00E+11 2.00E+11 5.00E+11 1.00E+12 2.00E+12 5.00E+12 1.00E+13 2.00E+13
 5.00E+13 1.00E+14 2.00E+14 5.00E+14
 1.00E+00 2.00E+00 5.00E+00 1.00E+01 2.00E+01 3.00E+01 4.00E+01 5.00E+01
 6.50E+01 8.00E+01
 5.49E-13 1.56E-11 1.54E-10 3.76E-10 5.22E-10 5.58E-10 5.61E-10 5.51E-10
 5.28E-10 5.03E-10
 6.56E-13 1.61E-11 1.38E-10 3.30E-10 4.61E-10 4.95E-10 4.98E-10 4.91E-10
 4.71E-10 4.51E-10
 8.76E-13 1.79E-11 1.19E-10 2.71E-10 3.85E-10 4.16E-10 4.21E-10 4.16E-10
 4.01E-10 3.85E-10
 1.07E-12 1.98E-11 1.09E-10 2.38E-10 3.46E-10 3.77E-10 3.82E-10 3.78E-10
 3.65E-10 3.51E-10
 1.26E-12 2.17E-11 1.02E-10 2.19E-10 3.26E-10 3.60E-10 3.67E-10 3.63E-10
 3.52E-10 3.39E-10
 1.46E-12 2.31E-11 9.45E-11 2.00E-10 3.10E-10 3.48E-10 3.59E-10 3.58E-10
 3.50E-10 3.40E-10
 1.53E-12 2.22E-11 8.29E-11 1.75E-10 2.76E-10 3.15E-10 3.29E-10 3.32E-10
 3.28E-10 3.21E-10
 1.46E-12 1.89E-11 6.49E-11 1.37E-10 2.19E-10 2.54E-10 2.68E-10 2.73E-10
 2.73E-10 2.71E-10
 1.11E-12 1.24E-11 3.95E-11 8.46E-11 1.37E-10 1.61E-10 1.73E-10 1.79E-10
 1.81E-10 1.82E-10
 7.81E-13 7.98E-12 2.52E-11 5.50E-11 8.94E-11 1.06E-10 1.15E-10 1.19E-10
 1.22E-10 1.23E-10
 5.08E-13 4.91E-12 1.59E-11 3.53E-11 5.67E-11 6.71E-11 7.26E-11 7.53E-11
 7.71E-11 7.80E-11
 2.81E-13 2.61E-12 8.78E-12 1.92E-11 2.95E-11 3.43E-11 3.67E-11 3.78E-11
 3.85E-11 3.89E-11
  2349.3 A  12  10 /FILMEM = WJD91#BE/TYPE = RECOM    /INDM =+T/ISEL =   26
 1.00E+11 2.00E+11 5.00E+11 1.00E+12 2.00E+12 5.00E+12 1.00E+13 2.00E+13
 5.00E+13 1.00E+14 2.00E+14 5.00E+14
 1.00E+00 2.00E+00 5.00E+00 1.00E+01 2.00E+01 3.00E+01 4.00E+01 5.00E+01
 6.50E+01 8.00E+01
 8.06E-13 7.64E-13 4.15E-13 1.81E-13 7.48E-14 4.67E-14 3.37E-14 2.56E-14
 1.79E-14 1.33E-14
 8.02E-13 7.39E-13 3.97E-13 1.74E-13 7.22E-14 4.52E-14 3.27E-14 2.48E-14
 1.73E-14 1.29E-14
 8.00E-13 7.17E-13 3.79E-13 1.67E-13 6.95E-14 4.36E-14 3.16E-14 2.40E-14
 1.68E-14 1.25E-14
 8.03E-13 7.05E-13 3.68E-13 1.62E-13 6.76E-14 4.25E-14 3.08E-14 2.33E-14
 1.63E-14 1.21E-14
 8.10E-13 6.97E-13 3.58E-13 1.57E-13 6.57E-14 4.11E-14 2.97E-14 2.25E-14
 1.58E-14 1.17E-14
 8.30E-13 6.88E-13 3.43E-13 1.50E-13 6.24E-14 3.87E-14 2.78E-14 2.10E-14
 1.47E-14 1.10E-14
 8.54E-13 6.78E-13 3.28E-13 1.43E-13 5.91E-14 3.62E-14 2.57E-14 1.94E-14
 1.37E-14 1.02E-14
 8.85E-13 6.65E-13 3.11E-13 1.34E-13 5.54E-14 3.34E-14 2.34E-14 1.76E-14
 1.24E-14 9.35E-15
 9.32E-13 6.40E-13 2.85E-13 1.22E-13 4.98E-14 2.94E-14 2.03E-14 1.52E-14
 1.07E-14 8.11E-15
 9.72E-13 6.16E-13 2.63E-13 1.11E-13 4.47E-14 2.60E-14 1.78E-14 1.33E-14
 9.38E-15 7.12E-15
 1.02E-12 5.87E-13 2.37E-13 9.78E-14 3.82E-14 2.20E-14 1.49E-14 1.11E-14
 7.85E-15 5.98E-15
 1.09E-12 5.34E-13 1.93E-13 7.41E-14 2.75E-14 1.55E-14 1.04E-14 7.73E-15
 5.48E-15 4.20E-15
  1661.5 A  12  10 /FILMEM = WJD91#BE/TYPE = RECOM    /INDM =+T/ISEL =   27
 1.00E+11 2.00E+11 5.00E+11 1.00E+12 2.00E+12 5.00E+12 1.00E+13 2.00E+13
 5.00E+13 1.00E+14 2.00E+14 5.00E+14
 1.00E+00 2.00E+00 5.00E+00 1.00E+01 2.00E+01 3.00E+01 4.00E+01 5.00E+01
 6.50E+01 8.00E+01
 2.09E-14 2.55E-14 1.63E-14 6.95E-15 2.87E-15 1.90E-15 1.45E-15 1.16E-15
 8.71E-16 6.95E-16
 2.07E-14 2.40E-14 1.48E-14 6.36E-15 2.67E-15 1.79E-15 1.37E-15 1.10E-15
 8.31E-16 6.64E-16
 2.06E-14 2.22E-14 1.32E-14 5.66E-15 2.43E-15 1.65E-15 1.28E-15 1.03E-15
 7.78E-16 6.22E-16
 2.06E-14 2.07E-14 1.18E-14 5.08E-15 2.21E-15 1.53E-15 1.19E-15 9.62E-16
 7.27E-16 5.81E-16
 2.05E-14 1.90E-14 1.03E-14 4.38E-15 1.94E-15 1.37E-15 1.08E-15 8.68E-16
 6.56E-16 5.24E-16
 2.02E-14 1.59E-14 7.75E-15 3.28E-15 1.49E-15 1.07E-15 8.54E-16 6.93E-16
 5.23E-16 4.17E-16
 2.00E-14 1.33E-14 5.77E-15 2.41E-15 1.11E-15 8.08E-16 6.48E-16 5.27E-16
 3.98E-16 3.17E-16
 2.00E-14 1.06E-14 4.01E-15 1.65E-15 7.64E-16 5.56E-16 4.47E-16 3.63E-16
 2.75E-16 2.19E-16
 2.03E-14 7.56E-15 2.36E-15 9.48E-16 4.34E-16 3.10E-16 2.46E-16 1.99E-16
 1.50E-16 1.19E-16
 2.03E-14 5.95E-15 1.61E-15 6.36E-16 2.85E-16 1.97E-16 1.53E-16 1.23E-16
 9.19E-17 7.29E-17
 2.03E-14 4.91E-15 1.17E-15 4.50E-16 1.94E-16 1.29E-16 9.73E-17 7.69E-17
 5.70E-17 4.49E-17
 2.03E-14 4.13E-15 8.52E-16 3.09E-16 1.24E-16 7.73E-17 5.62E-17 4.34E-17
 3.16E-17 2.46E-17
  3322.1 A  12  10 /FILMEM = WJD91#BE/TYPE = RECOM    /INDM =+T/ISEL =   28
 1.00E+11 2.00E+11 5.00E+11 1.00E+12 2.00E+12 5.00E+12 1.00E+13 2.00E+13
 5.00E+13 1.00E+14 2.00E+14 5.00E+14
 1.00E+00 2.00E+00 5.00E+00 1.00E+01 2.00E+01 3.00E+01 4.00E+01 5.00E+01
 6.50E+01 8.00E+01
 1.17E-13 1.42E-13 1.18E-13 6.92E-14 3.66E-14 2.63E-14 2.14E-14 1.84E-14
 1.55E-14 1.37E-14
 1.14E-13 1.31E-13 1.05E-13 6.12E-14 3.27E-14 2.39E-14 1.96E-14 1.70E-14
 1.45E-14 1.29E-14
 1.10E-13 1.18E-13 9.05E-14 5.18E-14 2.81E-14 2.09E-14 1.74E-14 1.53E-14
 1.32E-14 1.18E-14
 1.06E-13 1.09E-13 7.92E-14 4.48E-14 2.44E-14 1.84E-14 1.56E-14 1.38E-14
 1.20E-14 1.08E-14
 1.02E-13 9.84E-14 6.79E-14 3.76E-14 2.07E-14 1.58E-14 1.35E-14 1.20E-14
 1.06E-14 9.60E-15
 9.84E-14 8.58E-14 5.39E-14 2.87E-14 1.58E-14 1.23E-14 1.06E-14 9.56E-15
 8.49E-15 7.77E-15
 1.00E-13 7.84E-14 4.45E-14 2.29E-14 1.24E-14 9.71E-15 8.47E-15 7.68E-15
 6.87E-15 6.32E-15
 1.11E-13 7.28E-14 3.60E-14 1.75E-14 9.33E-15 7.28E-15 6.37E-15 5.80E-15
 5.23E-15 4.84E-15
 1.46E-13 6.66E-14 2.54E-14 1.13E-14 5.70E-15 4.39E-15 3.84E-15 3.50E-15
 3.18E-15 2.96E-15
 1.94E-13 6.17E-14 1.85E-14 7.55E-15 3.63E-15 2.74E-15 2.37E-15 2.16E-15
 1.96E-15 1.83E-15
 2.54E-13 5.67E-14 1.32E-14 4.96E-15 2.24E-15 1.63E-15 1.39E-15 1.25E-15
 1.13E-15 1.05E-15
 3.32E-13 5.09E-14 8.87E-15 2.98E-15 1.22E-15 8.33E-16 6.80E-16 5.98E-16
 5.25E-16 4.82E-16
  2651.4 A  12  10 /FILMEM = WJD91#BE/TYPE = RECOM    /INDM =+T/ISEL =   29
 1.00E+11 2.00E+11 5.00E+11 1.00E+12 2.00E+12 5.00E+12 1.00E+13 2.00E+13
 5.00E+13 1.00E+14 2.00E+14 5.00E+14
 1.00E+00 2.00E+00 5.00E+00 1.00E+01 2.00E+01 3.00E+01 4.00E+01 5.00E+01
 6.50E+01 8.00E+01
 4.96E-15 4.19E-14 1.29E-13 1.20E-13 7.80E-14 6.21E-14 5.35E-14 4.74E-14
 4.07E-14 3.62E-14
 4.89E-15 3.91E-14 1.17E-13 1.08E-13 7.12E-14 5.77E-14 5.03E-14 4.49E-14
 3.90E-14 3.49E-14
 4.85E-15 3.66E-14 1.06E-13 9.68E-14 6.45E-14 5.31E-14 4.69E-14 4.23E-14
 3.71E-14 3.34E-14
 4.89E-15 3.53E-14 9.86E-14 8.95E-14 6.00E-14 4.99E-14 4.45E-14 4.04E-14
 3.57E-14 3.23E-14
 5.01E-15 3.45E-14 9.20E-14 8.22E-14 5.54E-14 4.66E-14 4.19E-14 3.83E-14
 3.40E-14 3.09E-14
 5.32E-15 3.37E-14 8.29E-14 7.19E-14 4.86E-14 4.14E-14 3.77E-14 3.47E-14
 3.11E-14 2.85E-14
 5.73E-15 3.33E-14 7.57E-14 6.37E-14 4.31E-14 3.71E-14 3.41E-14 3.16E-14
 2.85E-14 2.63E-14
 6.35E-15 3.32E-14 6.85E-14 5.57E-14 3.76E-14 3.27E-14 3.03E-14 2.82E-14
 2.57E-14 2.38E-14
 7.61E-15 3.35E-14 5.95E-14 4.59E-14 3.09E-14 2.71E-14 2.53E-14 2.38E-14
 2.19E-14 2.04E-14
 8.95E-15 3.40E-14 5.38E-14 4.00E-14 2.68E-14 2.37E-14 2.22E-14 2.10E-14
 1.94E-14 1.81E-14
 1.06E-14 3.48E-14 4.97E-14 3.57E-14 2.37E-14 2.10E-14 1.97E-14 1.87E-14
 1.73E-14 1.62E-14
 1.33E-14 3.73E-14 4.70E-14 3.19E-14 2.06E-14 1.81E-14 1.70E-14 1.61E-14
 1.49E-14 1.41E-14
  2495.4 A  12  10 /FILMEM = WJD91#BE/TYPE = RECOM    /INDM =+T/ISEL =   30
 1.00E+11 2.00E+11 5.00E+11 1.00E+12 2.00E+12 5.00E+12 1.00E+13 2.00E+13
 5.00E+13 1.00E+14 2.00E+14 5.00E+14
 1.00E+00 2.00E+00 5.00E+00 1.00E+01 2.00E+01 3.00E+01 4.00E+01 5.00E+01
 6.50E+01 8.00E+01
 1.30E-13 1.49E-13 1.34E-13 8.80E-14 4.70E-14 3.43E-14 2.81E-14 2.42E-14
 2.02E-14 1.76E-14
 1.25E-13 1.35E-13 1.20E-13 7.86E-14 4.24E-14 3.14E-14 2.61E-14 2.26E-14
 1.91E-14 1.67E-14
 1.23E-13 1.24E-13 1.08E-13 7.07E-14 3.85E-14 2.89E-14 2.43E-14 2.13E-14
 1.81E-14 1.60E-14
 1.29E-13 1.23E-13 1.04E-13 6.71E-14 3.66E-14 2.76E-14 2.34E-14 2.06E-14
 1.77E-14 1.57E-14
 1.44E-13 1.27E-13 1.03E-13 6.42E-14 3.48E-14 2.64E-14 2.24E-14 1.98E-14
 1.71E-14 1.53E-14
 1.82E-13 1.38E-13 9.92E-14 5.90E-14 3.15E-14 2.39E-14 2.04E-14 1.81E-14
 1.57E-14 1.41E-14
 2.30E-13 1.48E-13 9.36E-14 5.29E-14 2.77E-14 2.09E-14 1.79E-14 1.59E-14
 1.39E-14 1.26E-14
 3.01E-13 1.58E-13 8.48E-14 4.49E-14 2.28E-14 1.71E-14 1.46E-14 1.30E-14
 1.15E-14 1.04E-14
 4.34E-13 1.68E-13 6.87E-14 3.27E-14 1.56E-14 1.14E-14 9.67E-15 8.63E-15
 7.61E-15 6.95E-15
 5.55E-13 1.70E-13 5.54E-14 2.40E-14 1.08E-14 7.69E-15 6.40E-15 5.67E-15
 4.98E-15 4.54E-15
 6.73E-13 1.69E-13 4.40E-14 1.74E-14 7.34E-15 5.00E-15 4.05E-15 3.52E-15
 3.05E-15 2.76E-15
 7.95E-13 1.63E-13 3.38E-14 1.20E-14 4.61E-15 2.92E-15 2.24E-15 1.87E-15
 1.56E-15 1.37E-15
  2351.5 A  12  10 /FILMEM = WJD91#BE/TYPE = RECOM    /INDM =+T/ISEL =   31
 1.00E+11 2.00E+11 5.00E+11 1.00E+12 2.00E+12 5.00E+12 1.00E+13 2.00E+13
 5.00E+13 1.00E+14 2.00E+14 5.00E+14
 1.00E+00 2.00E+00 5.00E+00 1.00E+01 2.00E+01 3.00E+01 4.00E+01 5.00E+01
 6.50E+01 8.00E+01
 1.41E-14 1.75E-14 1.40E-14 8.19E-15 4.09E-15 2.77E-15 2.14E-15 1.76E-15
 1.42E-15 1.20E-15
 1.34E-14 1.58E-14 1.23E-14 7.11E-15 3.58E-15 2.46E-15 1.92E-15 1.59E-15
 1.29E-15 1.10E-15
 1.31E-14 1.43E-14 1.05E-14 5.99E-15 3.04E-15 2.11E-15 1.66E-15 1.39E-15
 1.13E-15 9.74E-16
 1.36E-14 1.36E-14 9.40E-15 5.22E-15 2.64E-15 1.84E-15 1.46E-15 1.22E-15
 1.01E-15 8.71E-16
 1.48E-14 1.29E-14 8.15E-15 4.35E-15 2.17E-15 1.52E-15 1.21E-15 1.02E-15
 8.47E-16 7.39E-16
 1.71E-14 1.17E-14 6.15E-15 3.06E-15 1.49E-15 1.04E-15 8.29E-16 7.05E-16
 5.91E-16 5.21E-16
 1.89E-14 1.03E-14 4.65E-15 2.18E-15 1.03E-15 7.14E-16 5.68E-16 4.84E-16
 4.07E-16 3.61E-16
 2.05E-14 9.03E-15 3.43E-15 1.51E-15 6.91E-16 4.70E-16 3.71E-16 3.15E-16
 2.64E-16 2.34E-16
 2.26E-14 7.71E-15 2.34E-15 9.40E-16 4.06E-16 2.67E-16 2.06E-16 1.72E-16
 1.43E-16 1.26E-16
 2.44E-14 7.06E-15 1.83E-15 6.89E-16 2.81E-16 1.78E-16 1.34E-16 1.10E-16
 8.90E-17 7.71E-17
 2.62E-14 6.65E-15 1.51E-15 5.36E-16 2.06E-16 1.25E-16 9.07E-17 7.23E-17
 5.69E-17 4.81E-17
 2.82E-14 6.34E-15 1.27E-15 4.23E-16 1.52E-16 8.72E-17 6.04E-17 4.62E-17
 3.45E-17 2.79E-17
  2175.7 A  12  10 /FILMEM = WJD91#BE/TYPE = RECOM    /INDM =+T/ISEL =   32
 1.00E+11 2.00E+11 5.00E+11 1.00E+12 2.00E+12 5.00E+12 1.00E+13 2.00E+13
 5.00E+13 1.00E+14 2.00E+14 5.00E+14
 1.00E+00 2.00E+00 5.00E+00 1.00E+01 2.00E+01 3.00E+01 4.00E+01 5.00E+01
 6.50E+01 8.00E+01
 5.34E-14 6.74E-14 5.84E-14 3.57E-14 1.79E-14 1.21E-14 9.49E-15 7.93E-15
 6.51E-15 5.63E-15
 5.98E-14 7.14E-14 5.83E-14 3.47E-14 1.72E-14 1.17E-14 9.14E-15 7.66E-15
 6.30E-15 5.47E-15
 7.15E-14 7.77E-14 5.83E-14 3.33E-14 1.63E-14 1.10E-14 8.62E-15 7.23E-15
 5.97E-15 5.19E-15
 8.24E-14 8.11E-14 5.65E-14 3.12E-14 1.51E-14 1.02E-14 7.97E-15 6.69E-15
 5.53E-15 4.82E-15
 9.55E-14 8.24E-14 5.23E-14 2.78E-14 1.32E-14 8.90E-15 6.95E-15 5.84E-15
 4.84E-15 4.23E-15
 1.15E-13 7.92E-14 4.25E-14 2.11E-14 9.80E-15 6.57E-15 5.13E-15 4.31E-15
 3.58E-15 3.14E-15
 1.31E-13 7.33E-14 3.38E-14 1.59E-14 7.17E-15 4.76E-15 3.70E-15 3.10E-15
 2.58E-15 2.26E-15
 1.44E-13 6.64E-14 2.60E-14 1.15E-14 5.03E-15 3.29E-15 2.53E-15 2.11E-15
 1.74E-15 1.52E-15
 1.59E-13 5.87E-14 1.86E-14 7.55E-15 3.14E-15 1.99E-15 1.49E-15 1.22E-15
 9.88E-16 8.53E-16
 1.70E-13 5.47E-14 1.50E-14 5.73E-15 2.27E-15 1.39E-15 1.02E-15 8.13E-16
 6.42E-16 5.44E-16
 1.80E-13 5.21E-14 1.27E-14 4.59E-15 1.73E-15 1.02E-15 7.24E-16 5.64E-16
 4.31E-16 3.56E-16
 1.93E-13 5.02E-14 1.09E-14 3.72E-15 1.33E-15 7.53E-16 5.12E-16 3.85E-16
 2.80E-16 2.22E-16
  4573.9 A  12  10 /FILMEM = WJD91#BE/TYPE = RECOM    /INDM =+T/ISEL =   33
 1.00E+11 2.00E+11 5.00E+11 1.00E+12 2.00E+12 5.00E+12 1.00E+13 2.00E+13
 5.00E+13 1.00E+14 2.00E+14 5.00E+14
 1.00E+00 2.00E+00 5.00E+00 1.00E+01 2.00E+01 3.00E+01 4.00E+01 5.00E+01
 6.50E+01 8.00E+01
 5.93E-14 6.39E-14 4.07E-14 2.08E-14 1.10E-14 8.90E-15 7.39E-15 5.76E-15
 3.83E-15 2.66E-15
 5.83E-14 5.95E-14 3.69E-14 1.90E-14 1.02E-14 8.45E-15 7.07E-15 5.52E-15
 3.67E-15 2.54E-15
 5.79E-14 5.51E-14 3.30E-14 1.70E-14 9.34E-15 7.89E-15 6.67E-15 5.22E-15
 3.46E-15 2.38E-15
 5.86E-14 5.27E-14 3.05E-14 1.56E-14 8.67E-15 7.40E-15 6.29E-15 4.93E-15
 3.27E-15 2.26E-15
 6.05E-14 5.07E-14 2.82E-14 1.42E-14 7.88E-15 6.74E-15 5.75E-15 4.53E-15
 3.02E-15 2.09E-15
 6.57E-14 4.79E-14 2.42E-14 1.18E-14 6.43E-15 5.47E-15 4.67E-15 3.71E-15
 2.50E-15 1.75E-15
 7.15E-14 4.44E-14 2.01E-14 9.39E-15 5.03E-15 4.22E-15 3.60E-15 2.88E-15
 1.97E-15 1.40E-15
 7.85E-14 3.95E-14 1.55E-14 6.94E-15 3.61E-15 2.97E-15 2.52E-15 2.02E-15
 1.40E-15 1.00E-15
 8.70E-14 3.23E-14 1.04E-14 4.37E-15 2.15E-15 1.69E-15 1.40E-15 1.12E-15
 7.85E-16 5.73E-16
 9.16E-14 2.79E-14 7.72E-15 3.11E-15 1.46E-15 1.08E-15 8.75E-16 6.94E-16
 4.88E-16 3.59E-16
 9.46E-14 2.47E-14 6.06E-15 2.33E-15 1.02E-15 7.14E-16 5.57E-16 4.36E-16
 3.07E-16 2.27E-16
 9.72E-14 2.23E-14 4.79E-15 1.72E-15 6.90E-16 4.42E-16 3.27E-16 2.50E-16
 1.75E-16 1.30E-16
  8256.3 A  12  10 /FILMEM = WJD91#BE/TYPE = RECOM    /INDM =+T/ISEL =   34
 1.00E+11 2.00E+11 5.00E+11 1.00E+12 2.00E+12 5.00E+12 1.00E+13 2.00E+13
 5.00E+13 1.00E+14 2.00E+14 5.00E+14
 1.00E+00 2.00E+00 5.00E+00 1.00E+01 2.00E+01 3.00E+01 4.00E+01 5.00E+01
 6.50E+01 8.00E+01
 1.86E-14 2.65E-14 1.64E-14 6.90E-15 3.01E-15 1.95E-15 1.45E-15 1.15E-15
 8.82E-16 7.17E-16
 1.82E-14 2.45E-14 1.47E-14 6.17E-15 2.73E-15 1.79E-15 1.34E-15 1.07E-15
 8.16E-16 6.64E-16
 1.79E-14 2.26E-14 1.29E-14 5.39E-15 2.42E-15 1.61E-15 1.21E-15 9.68E-16
 7.40E-16 6.02E-16
 1.81E-14 2.13E-14 1.17E-14 4.83E-15 2.19E-15 1.47E-15 1.12E-15 8.93E-16
 6.83E-16 5.55E-16
 1.84E-14 2.00E-14 1.03E-14 4.20E-15 1.93E-15 1.31E-15 1.00E-15 8.02E-16
 6.13E-16 4.98E-16
 1.94E-14 1.76E-14 7.98E-15 3.21E-15 1.49E-15 1.03E-15 7.94E-16 6.39E-16
 4.89E-16 3.97E-16
 2.04E-14 1.51E-14 6.05E-15 2.39E-15 1.12E-15 7.79E-16 6.05E-16 4.88E-16
 3.74E-16 3.03E-16
 2.16E-14 1.23E-14 4.25E-15 1.66E-15 7.79E-16 5.42E-16 4.21E-16 3.40E-16
 2.60E-16 2.11E-16
 2.29E-14 8.81E-15 2.51E-15 9.73E-16 4.54E-16 3.11E-16 2.39E-16 1.92E-16
 1.46E-16 1.18E-16
 2.34E-14 6.82E-15 1.71E-15 6.64E-16 3.05E-16 2.04E-16 1.54E-16 1.23E-16
 9.26E-17 7.44E-17
 2.36E-14 5.49E-15 1.23E-15 4.75E-16 2.12E-16 1.37E-16 1.01E-16 7.97E-17
 5.96E-17 4.75E-17
 2.35E-14 4.46E-15 8.76E-16 3.22E-16 1.35E-16 8.34E-17 5.97E-17 4.61E-17
 3.40E-17 2.68E-17
  7210.8 A  12  10 /FILMEM = WJD91#BE/TYPE = RECOM    /INDM =+T/ISEL =   35
 1.00E+11 2.00E+11 5.00E+11 1.00E+12 2.00E+12 5.00E+12 1.00E+13 2.00E+13
 5.00E+13 1.00E+14 2.00E+14 5.00E+14
 1.00E+00 2.00E+00 5.00E+00 1.00E+01 2.00E+01 3.00E+01 4.00E+01 5.00E+01
 6.50E+01 8.00E+01
 2.57E-14 8.11E-14 6.07E-14 2.35E-14 8.03E-15 4.38E-15 2.83E-15 2.00E-15
 1.32E-15 9.46E-16
 2.54E-14 7.74E-14 5.71E-14 2.23E-14 7.76E-15 4.27E-15 2.78E-15 1.97E-15
 1.30E-15 9.37E-16
 2.51E-14 7.38E-14 5.35E-14 2.11E-14 7.48E-15 4.15E-15 2.72E-15 1.93E-15
 1.28E-15 9.26E-16
 2.49E-14 7.15E-14 5.12E-14 2.03E-14 7.28E-15 4.07E-15 2.67E-15 1.91E-15
 1.27E-15 9.18E-16
 2.46E-14 6.93E-14 4.88E-14 1.95E-14 7.07E-15 3.97E-15 2.62E-15 1.87E-15
 1.25E-15 9.07E-16
 2.36E-14 6.49E-14 4.48E-14 1.81E-14 6.71E-15 3.80E-15 2.52E-15 1.81E-15
 1.22E-15 8.85E-16
 2.21E-14 5.97E-14 4.08E-14 1.68E-14 6.35E-15 3.63E-15 2.42E-15 1.75E-15
 1.18E-15 8.62E-16
 1.95E-14 5.18E-14 3.56E-14 1.51E-14 5.89E-15 3.40E-15 2.29E-15 1.66E-15
 1.13E-15 8.29E-16
 1.47E-14 3.78E-14 2.68E-14 1.21E-14 5.01E-15 2.97E-15 2.02E-15 1.49E-15
 1.03E-15 7.60E-16
 1.10E-14 2.66E-14 1.95E-14 9.46E-15 4.13E-15 2.50E-15 1.74E-15 1.30E-15
 9.08E-16 6.81E-16
 7.85E-15 1.73E-14 1.31E-14 6.75E-15 3.12E-15 1.94E-15 1.38E-15 1.05E-15
 7.49E-16 5.71E-16
 5.17E-15 9.57E-15 7.06E-15 3.79E-15 1.85E-15 1.19E-15 8.67E-16 6.75E-16
 4.99E-16 3.90E-16
  2832.5 A  12  10 /FILMEM = WJD91#BE/TYPE = RECOM    /INDM =+T/ISEL =   36
 1.00E+11 2.00E+11 5.00E+11 1.00E+12 2.00E+12 5.00E+12 1.00E+13 2.00E+13
 5.00E+13 1.00E+14 2.00E+14 5.00E+14
 1.00E+00 2.00E+00 5.00E+00 1.00E+01 2.00E+01 3.00E+01 4.00E+01 5.00E+01
 6.50E+01 8.00E+01
 6.40E-17 1.09E-15 1.72E-15 7.23E-16 2.17E-16 1.08E-16 6.52E-17 4.31E-17
 2.59E-17 1.72E-17
 6.28E-17 1.02E-15 1.56E-15 6.53E-16 1.98E-16 1.00E-16 6.15E-17 4.11E-17
 2.49E-17 1.67E-17
 6.23E-17 9.48E-16 1.40E-15 5.84E-16 1.81E-16 9.32E-17 5.80E-17 3.92E-17
 2.41E-17 1.62E-17
 6.29E-17 9.15E-16 1.31E-15 5.42E-16 1.70E-16 8.92E-17 5.62E-17 3.83E-17
 2.38E-17 1.61E-17
 6.48E-17 8.92E-16 1.23E-15 5.02E-16 1.60E-16 8.59E-17 5.51E-17 3.80E-17
 2.39E-17 1.63E-17
 7.00E-17 8.73E-16 1.11E-15 4.51E-16 1.51E-16 8.44E-17 5.58E-17 3.94E-17
 2.52E-17 1.76E-17
 7.67E-17 8.66E-16 1.03E-15 4.19E-16 1.50E-16 8.80E-17 6.00E-17 4.32E-17
 2.84E-17 2.00E-17
 8.71E-17 8.69E-16 9.55E-16 4.04E-16 1.61E-16 1.00E-16 7.05E-17 5.19E-17
 3.49E-17 2.51E-17
 1.09E-16 8.93E-16 9.00E-16 4.34E-16 2.11E-16 1.41E-16 1.03E-16 7.73E-17
 5.32E-17 3.90E-17
 1.32E-16 9.29E-16 9.21E-16 5.24E-16 2.94E-16 2.02E-16 1.49E-16 1.13E-16
 7.90E-17 5.85E-17
 1.63E-16 9.95E-16 1.03E-15 6.96E-16 4.22E-16 2.93E-16 2.15E-16 1.64E-16
 1.16E-16 8.65E-17
 2.19E-16 1.16E-15 1.33E-15 1.01E-15 6.11E-16 4.14E-16 3.01E-16 2.30E-16
 1.64E-16 1.24E-16
  4409.2 A  12  10 /FILMEM = WJD91#BE/TYPE = RECOM    /INDM =+T/ISEL =   37
 1.00E+11 2.00E+11 5.00E+11 1.00E+12 2.00E+12 5.00E+12 1.00E+13 2.00E+13
 5.00E+13 1.00E+14 2.00E+14 5.00E+14
 1.00E+00 2.00E+00 5.00E+00 1.00E+01 2.00E+01 3.00E+01 4.00E+01 5.00E+01
 6.50E+01 8.00E+01
 1.70E-15 2.13E-15 1.39E-15 7.38E-16 3.45E-16 2.21E-16 1.63E-16 1.28E-16
 9.74E-17 7.82E-17
 1.81E-15 2.14E-15 1.39E-15 7.34E-16 3.43E-16 2.21E-16 1.63E-16 1.29E-16
 9.77E-17 7.87E-17
 1.91E-15 2.04E-15 1.28E-15 6.70E-16 3.14E-16 2.05E-16 1.52E-16 1.21E-16
 9.21E-17 7.44E-17
 1.92E-15 1.85E-15 1.11E-15 5.71E-16 2.69E-16 1.78E-16 1.34E-16 1.07E-16
 8.16E-17 6.59E-17
 1.89E-15 1.60E-15 8.97E-16 4.50E-16 2.13E-16 1.44E-16 1.10E-16 8.81E-17
 6.71E-17 5.41E-17
 1.83E-15 1.26E-15 6.24E-16 2.99E-16 1.42E-16 9.90E-17 7.68E-17 6.17E-17
 4.67E-17 3.74E-17
 1.82E-15 1.05E-15 4.55E-16 2.09E-16 9.91E-17 6.97E-17 5.46E-17 4.39E-17
 3.30E-17 2.63E-17
 1.85E-15 8.68E-16 3.25E-16 1.42E-16 6.65E-17 4.66E-17 3.65E-17 2.93E-17
 2.19E-17 1.74E-17
 1.92E-15 6.86E-16 2.09E-16 8.61E-17 3.86E-17 2.63E-17 2.03E-17 1.61E-17
 1.20E-17 9.46E-18
 1.97E-15 5.92E-16 1.57E-16 6.18E-17 2.65E-17 1.74E-17 1.31E-17 1.03E-17
 7.56E-18 5.92E-18
 2.01E-15 5.31E-16 1.26E-16 4.71E-17 1.92E-17 1.21E-17 8.78E-18 6.78E-18
 4.92E-18 3.82E-18
 2.05E-15 4.87E-16 1.03E-16 3.62E-17 1.37E-17 8.12E-18 5.66E-18 4.26E-18
 3.02E-18 2.31E-18
  3814.5 A  12  10 /FILMEM = WJD91#BE/TYPE = RECOM    /INDM =+T/ISEL =   38
 1.00E+11 2.00E+11 5.00E+11 1.00E+12 2.00E+12 5.00E+12 1.00E+13 2.00E+13
 5.00E+13 1.00E+14 2.00E+14 5.00E+14
 1.00E+00 2.00E+00 5.00E+00 1.00E+01 2.00E+01 3.00E+01 4.00E+01 5.00E+01
 6.50E+01 8.00E+01
 1.99E-14 1.77E-14 1.25E-14 7.36E-15 3.59E-15 3.15E-15 2.89E-15 2.45E-15
 1.79E-15 1.32E-15
 2.10E-14 1.82E-14 1.25E-14 7.34E-15 3.57E-15 3.13E-15 2.87E-15 2.43E-15
 1.77E-15 1.31E-15
 2.39E-14 1.99E-14 1.30E-14 7.48E-15 3.61E-15 3.13E-15 2.85E-15 2.41E-15
 1.76E-15 1.30E-15
 2.74E-14 2.19E-14 1.36E-14 7.61E-15 3.64E-15 3.12E-15 2.82E-15 2.38E-15
 1.73E-15 1.28E-15
 3.28E-14 2.46E-14 1.42E-14 7.69E-15 3.65E-15 3.07E-15 2.75E-15 2.31E-15
 1.68E-15 1.24E-15
 4.39E-14 2.89E-14 1.46E-14 7.43E-15 3.47E-15 2.84E-15 2.50E-15 2.09E-15
 1.52E-15 1.13E-15
 5.53E-14 3.16E-14 1.40E-14 6.74E-15 3.10E-15 2.47E-15 2.14E-15 1.78E-15
 1.29E-15 9.63E-16
 6.78E-14 3.27E-14 1.25E-14 5.67E-15 2.55E-15 1.96E-15 1.66E-15 1.37E-15
 9.99E-16 7.49E-16
 8.22E-14 3.15E-14 9.91E-15 4.18E-15 1.80E-15 1.30E-15 1.06E-15 8.62E-16
 6.27E-16 4.73E-16
 8.98E-14 2.98E-14 8.28E-15 3.31E-15 1.37E-15 9.31E-16 7.31E-16 5.84E-16
 4.23E-16 3.19E-16
 9.50E-14 2.83E-14 7.13E-15 2.71E-15 1.07E-15 6.87E-16 5.16E-16 4.03E-16
 2.89E-16 2.18E-16
 9.96E-14 2.72E-14 6.17E-15 2.21E-15 8.23E-16 4.92E-16 3.49E-16 2.64E-16
 1.86E-16 1.39E-16
 14647.7 A  12  10 /FILMEM = WJD91#BE/TYPE = RECOM    /INDM =+T/ISEL =   39
 1.00E+11 2.00E+11 5.00E+11 1.00E+12 2.00E+12 5.00E+12 1.00E+13 2.00E+13
 5.00E+13 1.00E+14 2.00E+14 5.00E+14
 1.00E+00 2.00E+00 5.00E+00 1.00E+01 2.00E+01 3.00E+01 4.00E+01 5.00E+01
 6.50E+01 8.00E+01
 7.20E-14 7.57E-14 6.37E-14 3.78E-14 1.91E-14 1.31E-14 1.02E-14 8.60E-15
 7.12E-15 6.19E-15
 6.93E-14 6.89E-14 5.56E-14 3.28E-14 1.67E-14 1.16E-14 9.19E-15 7.80E-15
 6.52E-15 5.72E-15
 6.50E-14 5.94E-14 4.49E-14 2.61E-14 1.35E-14 9.50E-15 7.65E-15 6.57E-15
 5.58E-15 4.95E-15
 6.03E-14 5.07E-14 3.60E-14 2.05E-14 1.07E-14 7.63E-15 6.23E-15 5.41E-15
 4.65E-15 4.16E-15
 5.37E-14 4.07E-14 2.67E-14 1.49E-14 7.79E-15 5.65E-15 4.68E-15 4.11E-15
 3.58E-15 3.24E-15
 4.37E-14 2.79E-14 1.63E-14 8.85E-15 4.62E-15 3.41E-15 2.87E-15 2.55E-15
 2.25E-15 2.06E-15
 3.76E-14 2.07E-14 1.10E-14 5.79E-15 3.00E-15 2.24E-15 1.90E-15 1.70E-15
 1.51E-15 1.39E-15
 3.48E-14 1.60E-14 7.58E-15 3.82E-15 1.95E-15 1.45E-15 1.24E-15 1.11E-15
 9.91E-16 9.14E-16
 3.66E-14 1.27E-14 4.79E-15 2.22E-15 1.08E-15 7.93E-16 6.73E-16 6.04E-16
 5.40E-16 4.99E-16
 4.11E-14 1.13E-14 3.45E-15 1.47E-15 6.77E-16 4.86E-16 4.08E-16 3.63E-16
 3.23E-16 2.98E-16
 4.67E-14 1.03E-14 2.54E-15 9.91E-16 4.27E-16 2.96E-16 2.42E-16 2.13E-16
 1.87E-16 1.71E-16
 5.33E-14 9.48E-15 1.82E-15 6.36E-16 2.49E-16 1.61E-16 1.25E-16 1.06E-16
 9.00E-17 8.06E-17
 18148.8 A  12  10 /FILMEM = WJD91#BE/TYPE = RECOM    /INDM =+T/ISEL =   40
 1.00E+11 2.00E+11 5.00E+11 1.00E+12 2.00E+12 5.00E+12 1.00E+13 2.00E+13
 5.00E+13 1.00E+14 2.00E+14 5.00E+14
 1.00E+00 2.00E+00 5.00E+00 1.00E+01 2.00E+01 3.00E+01 4.00E+01 5.00E+01
 6.50E+01 8.00E+01
 9.78E-15 1.19E-14 7.61E-15 3.25E-15 1.34E-15 8.89E-16 6.77E-16 5.40E-16
 4.07E-16 3.25E-16
 9.69E-15 1.12E-14 6.94E-15 2.97E-15 1.25E-15 8.37E-16 6.42E-16 5.14E-16
 3.88E-16 3.10E-16
 9.64E-15 1.04E-14 6.16E-15 2.65E-15 1.13E-15 7.73E-16 5.99E-16 4.81E-16
 3.64E-16 2.91E-16
 9.62E-15 9.68E-15 5.54E-15 2.37E-15 1.03E-15 7.15E-16 5.58E-16 4.49E-16
 3.40E-16 2.72E-16
 9.57E-15 8.86E-15 4.79E-15 2.05E-15 9.07E-16 6.38E-16 5.03E-16 4.06E-16
 3.07E-16 2.45E-16
 9.45E-15 7.46E-15 3.62E-15 1.53E-15 6.96E-16 5.01E-16 3.99E-16 3.24E-16
 2.44E-16 1.95E-16
 9.37E-15 6.20E-15 2.70E-15 1.13E-15 5.19E-16 3.78E-16 3.03E-16 2.46E-16
 1.86E-16 1.48E-16
 9.37E-15 4.94E-15 1.88E-15 7.71E-16 3.57E-16 2.60E-16 2.09E-16 1.70E-16
 1.28E-16 1.02E-16
 9.47E-15 3.53E-15 1.10E-15 4.43E-16 2.03E-16 1.45E-16 1.15E-16 9.30E-17
 7.01E-17 5.59E-17
 9.51E-15 2.78E-15 7.54E-16 2.98E-16 1.33E-16 9.19E-17 7.16E-17 5.74E-17
 4.30E-17 3.41E-17
 9.50E-15 2.29E-15 5.48E-16 2.11E-16 9.07E-17 6.01E-17 4.55E-17 3.60E-17
 2.67E-17 2.10E-17
 9.50E-15 1.93E-15 3.98E-16 1.45E-16 5.80E-17 3.61E-17 2.63E-17 2.03E-17
 1.48E-17 1.15E-17
 31786.4 A  12  10 /FILMEM = WJD91#BE/TYPE = RECOM    /INDM =+T/ISEL =   41
 1.00E+11 2.00E+11 5.00E+11 1.00E+12 2.00E+12 5.00E+12 1.00E+13 2.00E+13
 5.00E+13 1.00E+14 2.00E+14 5.00E+14
 1.00E+00 2.00E+00 5.00E+00 1.00E+01 2.00E+01 3.00E+01 4.00E+01 5.00E+01
 6.50E+01 8.00E+01
 1.75E-15 2.00E-15 1.81E-15 1.18E-15 6.32E-16 4.61E-16 3.78E-16 3.25E-16
 2.71E-16 2.36E-16
 1.68E-15 1.81E-15 1.61E-15 1.06E-15 5.70E-16 4.22E-16 3.51E-16 3.04E-16
 2.57E-16 2.25E-16
 1.66E-15 1.67E-15 1.46E-15 9.51E-16 5.17E-16 3.89E-16 3.27E-16 2.86E-16
 2.44E-16 2.16E-16
 1.74E-15 1.65E-15 1.40E-15 9.03E-16 4.92E-16 3.72E-16 3.15E-16 2.77E-16
 2.38E-16 2.11E-16
 1.93E-15 1.71E-15 1.38E-15 8.64E-16 4.68E-16 3.55E-16 3.02E-16 2.67E-16
 2.30E-16 2.05E-16
 2.45E-15 1.86E-15 1.33E-15 7.93E-16 4.23E-16 3.21E-16 2.74E-16 2.44E-16
 2.12E-16 1.90E-16
 3.10E-15 2.00E-15 1.26E-15 7.11E-16 3.72E-16 2.81E-16 2.40E-16 2.14E-16
 1.87E-16 1.69E-16
 4.05E-15 2.13E-15 1.14E-15 6.04E-16 3.06E-16 2.30E-16 1.96E-16 1.75E-16
 1.54E-16 1.40E-16
 5.84E-15 2.26E-15 9.24E-16 4.39E-16 2.10E-16 1.54E-16 1.30E-16 1.16E-16
 1.02E-16 9.34E-17
 7.47E-15 2.29E-15 7.45E-16 3.23E-16 1.46E-16 1.03E-16 8.61E-17 7.62E-17
 6.69E-17 6.11E-17
 9.05E-15 2.27E-15 5.92E-16 2.34E-16 9.87E-17 6.72E-17 5.44E-17 4.73E-17
 4.10E-17 3.71E-17
 1.07E-14 2.20E-15 4.55E-16 1.61E-16 6.20E-17 3.93E-17 3.01E-17 2.52E-17
 2.09E-17 1.85E-17
 23579.3 A  12  10 /FILMEM = WJD91#BE/TYPE = RECOM    /INDM =+T/ISEL =   42
 1.00E+11 2.00E+11 5.00E+11 1.00E+12 2.00E+12 5.00E+12 1.00E+13 2.00E+13
 5.00E+13 1.00E+14 2.00E+14 5.00E+14
 1.00E+00 2.00E+00 5.00E+00 1.00E+01 2.00E+01 3.00E+01 4.00E+01 5.00E+01
 6.50E+01 8.00E+01
 2.79E-15 3.00E-15 1.91E-15 9.78E-16 5.15E-16 4.18E-16 3.47E-16 2.71E-16
 1.80E-16 1.25E-16
 2.74E-15 2.80E-15 1.73E-15 8.91E-16 4.80E-16 3.97E-16 3.33E-16 2.60E-16
 1.72E-16 1.19E-16
 2.72E-15 2.59E-15 1.55E-15 7.98E-16 4.39E-16 3.71E-16 3.13E-16 2.45E-16
 1.63E-16 1.12E-16
 2.75E-15 2.48E-15 1.44E-15 7.35E-16 4.08E-16 3.48E-16 2.95E-16 2.32E-16
 1.54E-16 1.06E-16
 2.85E-15 2.39E-15 1.32E-15 6.68E-16 3.70E-16 3.17E-16 2.70E-16 2.13E-16
 1.42E-16 9.83E-17
 3.09E-15 2.25E-15 1.14E-15 5.52E-16 3.02E-16 2.57E-16 2.20E-16 1.74E-16
 1.18E-16 8.24E-17
 3.36E-15 2.09E-15 9.44E-16 4.41E-16 2.36E-16 1.98E-16 1.69E-16 1.35E-16
 9.24E-17 6.56E-17
 3.69E-15 1.86E-15 7.30E-16 3.26E-16 1.70E-16 1.40E-16 1.18E-16 9.48E-17
 6.56E-17 4.72E-17
 4.09E-15 1.52E-15 4.87E-16 2.05E-16 1.01E-16 7.93E-17 6.59E-17 5.27E-17
 3.69E-17 2.69E-17
 4.31E-15 1.31E-15 3.63E-16 1.46E-16 6.84E-17 5.08E-17 4.11E-17 3.26E-17
 2.29E-17 1.69E-17
 4.45E-15 1.16E-15 2.85E-16 1.09E-16 4.81E-17 3.35E-17 2.62E-17 2.05E-17
 1.44E-17 1.07E-17
 4.57E-15 1.05E-15 2.25E-16 8.08E-17 3.24E-17 2.08E-17 1.53E-17 1.18E-17
 8.22E-18 6.10E-18
 43365.1 A  12  10 /FILMEM = WJD91#BE/TYPE = RECOM    /INDM =+T/ISEL =   43
 1.00E+11 2.00E+11 5.00E+11 1.00E+12 2.00E+12 5.00E+12 1.00E+13 2.00E+13
 5.00E+13 1.00E+14 2.00E+14 5.00E+14
 1.00E+00 2.00E+00 5.00E+00 1.00E+01 2.00E+01 3.00E+01 4.00E+01 5.00E+01
 6.50E+01 8.00E+01
 7.77E-15 8.60E-15 6.36E-15 3.53E-15 1.69E-15 1.09E-15 8.17E-16 6.65E-16
 5.33E-16 4.53E-16
 6.13E-15 6.23E-15 4.37E-15 2.40E-15 1.16E-15 7.60E-16 5.78E-16 4.77E-16
 3.88E-16 3.34E-16
 4.23E-15 3.88E-15 2.56E-15 1.39E-15 6.76E-16 4.50E-16 3.47E-16 2.89E-16
 2.38E-16 2.07E-16
 3.28E-15 2.79E-15 1.76E-15 9.42E-16 4.56E-16 3.05E-16 2.37E-16 1.98E-16
 1.64E-16 1.43E-16
 2.76E-15 2.14E-15 1.27E-15 6.59E-16 3.15E-16 2.12E-16 1.65E-16 1.38E-16
 1.15E-16 1.00E-16
 2.56E-15 1.64E-15 8.44E-16 4.15E-16 1.93E-16 1.29E-16 1.01E-16 8.46E-17
 7.02E-17 6.15E-17
 2.60E-15 1.38E-15 6.18E-16 2.87E-16 1.31E-16 8.68E-17 6.73E-17 5.63E-17
 4.67E-17 4.09E-17
 2.71E-15 1.19E-15 4.54E-16 1.98E-16 8.73E-17 5.72E-17 4.39E-17 3.66E-17
 3.01E-17 2.63E-17
 2.89E-15 1.01E-15 3.14E-16 1.26E-16 5.24E-17 3.33E-17 2.50E-17 2.04E-17
 1.65E-17 1.43E-17
 3.05E-15 9.33E-16 2.49E-16 9.41E-17 3.73E-17 2.29E-17 1.67E-17 1.34E-17
 1.06E-17 8.98E-18
 3.23E-15 8.82E-16 2.09E-16 7.46E-17 2.81E-17 1.66E-17 1.18E-17 9.20E-18
 7.04E-18 5.81E-18
 3.44E-15 8.47E-16 1.78E-16 6.02E-17 2.15E-17 1.21E-17 8.26E-18 6.21E-18
 4.53E-18 3.58E-18
 17863.5 A  12  10 /FILMEM = WJD91#BE/TYPE = RECOM    /INDM =+T/ISEL =   44
 1.00E+11 2.00E+11 5.00E+11 1.00E+12 2.00E+12 5.00E+12 1.00E+13 2.00E+13
 5.00E+13 1.00E+14 2.00E+14 5.00E+14
 1.00E+00 2.00E+00 5.00E+00 1.00E+01 2.00E+01 3.00E+01 4.00E+01 5.00E+01
 6.50E+01 8.00E+01
 5.12E-15 6.35E-15 5.07E-15 2.96E-15 1.48E-15 1.00E-15 7.75E-16 6.38E-16
 5.12E-16 4.34E-16
 4.86E-15 5.73E-15 4.44E-15 2.57E-15 1.30E-15 8.90E-16 6.93E-16 5.75E-16
 4.65E-16 3.97E-16
 4.74E-15 5.17E-15 3.81E-15 2.17E-15 1.10E-15 7.63E-16 6.00E-16 5.02E-16
 4.10E-16 3.52E-16
 4.92E-15 4.91E-15 3.40E-15 1.89E-15 9.54E-16 6.65E-16 5.26E-16 4.43E-16
 3.64E-16 3.15E-16
 5.35E-15 4.68E-15 2.95E-15 1.57E-15 7.87E-16 5.50E-16 4.37E-16 3.69E-16
 3.07E-16 2.68E-16
 6.18E-15 4.22E-15 2.23E-15 1.11E-15 5.40E-16 3.76E-16 3.00E-16 2.55E-16
 2.14E-16 1.89E-16
 6.83E-15 3.74E-15 1.68E-15 7.89E-16 3.74E-16 2.58E-16 2.06E-16 1.75E-16
 1.47E-16 1.30E-16
 7.42E-15 3.27E-15 1.24E-15 5.45E-16 2.50E-16 1.70E-16 1.34E-16 1.14E-16
 9.57E-17 8.48E-17
 8.19E-15 2.79E-15 8.47E-16 3.40E-16 1.47E-16 9.65E-17 7.45E-17 6.23E-17
 5.17E-17 4.54E-17
 8.82E-15 2.56E-15 6.64E-16 2.49E-16 1.02E-16 6.44E-17 4.84E-17 3.97E-17
 3.22E-17 2.79E-17
 9.46E-15 2.41E-15 5.47E-16 1.94E-16 7.45E-17 4.52E-17 3.28E-17 2.62E-17
 2.06E-17 1.74E-17
 1.02E-14 2.30E-15 4.59E-16 1.53E-16 5.50E-17 3.16E-17 2.18E-17 1.67E-17
 1.25E-17 1.01E-17
 11069.3 A  12  10 /FILMEM = WJD91#BE/TYPE = RECOM    /INDM =+T/ISEL =   45
 1.00E+11 2.00E+11 5.00E+11 1.00E+12 2.00E+12 5.00E+12 1.00E+13 2.00E+13
 5.00E+13 1.00E+14 2.00E+14 5.00E+14
 1.00E+00 2.00E+00 5.00E+00 1.00E+01 2.00E+01 3.00E+01 4.00E+01 5.00E+01
 6.50E+01 8.00E+01
 2.06E-15 2.60E-15 2.25E-15 1.38E-15 6.89E-16 4.69E-16 3.66E-16 3.06E-16
 2.51E-16 2.17E-16
 2.31E-15 2.75E-15 2.25E-15 1.34E-15 6.63E-16 4.50E-16 3.52E-16 2.95E-16
 2.43E-16 2.11E-16
 2.76E-15 3.00E-15 2.25E-15 1.28E-15 6.27E-16 4.25E-16 3.32E-16 2.79E-16
 2.30E-16 2.00E-16
 3.18E-15 3.13E-15 2.18E-15 1.21E-15 5.82E-16 3.93E-16 3.07E-16 2.58E-16
 2.13E-16 1.86E-16
 3.68E-15 3.18E-15 2.02E-15 1.07E-15 5.09E-16 3.43E-16 2.68E-16 2.25E-16
 1.87E-16 1.63E-16
 4.45E-15 3.05E-15 1.64E-15 8.15E-16 3.78E-16 2.53E-16 1.98E-16 1.66E-16
 1.38E-16 1.21E-16
 5.03E-15 2.83E-15 1.30E-15 6.12E-16 2.77E-16 1.84E-16 1.43E-16 1.20E-16
 9.94E-17 8.72E-17
 5.54E-15 2.56E-15 1.00E-15 4.43E-16 1.94E-16 1.27E-16 9.77E-17 8.14E-17
 6.71E-17 5.87E-17
 6.13E-15 2.26E-15 7.19E-16 2.91E-16 1.21E-16 7.66E-17 5.75E-17 4.71E-17
 3.81E-17 3.29E-17
 6.55E-15 2.11E-15 5.80E-16 2.21E-16 8.75E-17 5.36E-17 3.92E-17 3.14E-17
 2.48E-17 2.10E-17
 6.96E-15 2.01E-15 4.90E-16 1.77E-16 6.68E-17 3.94E-17 2.79E-17 2.18E-17
 1.66E-17 1.37E-17
 7.44E-15 1.94E-15 4.21E-16 1.44E-16 5.14E-17 2.90E-17 1.98E-17 1.48E-17
 1.08E-17 8.55E-18
 19770.7 A  12  10 /FILMEM = WJD91#BE/TYPE = RECOM    /INDM =+T/ISEL =   46
 1.00E+11 2.00E+11 5.00E+11 1.00E+12 2.00E+12 5.00E+12 1.00E+13 2.00E+13
 5.00E+13 1.00E+14 2.00E+14 5.00E+14
 1.00E+00 2.00E+00 5.00E+00 1.00E+01 2.00E+01 3.00E+01 4.00E+01 5.00E+01
 6.50E+01 8.00E+01
 2.14E-15 2.69E-15 1.76E-15 9.31E-16 4.35E-16 2.79E-16 2.05E-16 1.62E-16
 1.23E-16 9.86E-17
 2.29E-15 2.70E-15 1.75E-15 9.26E-16 4.33E-16 2.79E-16 2.05E-16 1.62E-16
 1.23E-16 9.92E-17
 2.41E-15 2.57E-15 1.61E-15 8.44E-16 3.96E-16 2.58E-16 1.92E-16 1.52E-16
 1.16E-16 9.38E-17
 2.42E-15 2.33E-15 1.40E-15 7.20E-16 3.39E-16 2.25E-16 1.69E-16 1.35E-16
 1.03E-16 8.32E-17
 2.38E-15 2.01E-15 1.13E-15 5.67E-16 2.69E-16 1.82E-16 1.39E-16 1.11E-16
 8.46E-17 6.83E-17
 2.31E-15 1.59E-15 7.87E-16 3.77E-16 1.80E-16 1.25E-16 9.69E-17 7.78E-17
 5.89E-17 4.72E-17
 2.30E-15 1.32E-15 5.74E-16 2.63E-16 1.25E-16 8.79E-17 6.88E-17 5.53E-17
 4.16E-17 3.32E-17
 2.34E-15 1.09E-15 4.10E-16 1.79E-16 8.38E-17 5.88E-17 4.60E-17 3.69E-17
 2.77E-17 2.20E-17
 2.43E-15 8.65E-16 2.64E-16 1.09E-16 4.87E-17 3.32E-17 2.56E-17 2.03E-17
 1.51E-17 1.19E-17
 2.48E-15 7.46E-16 1.99E-16 7.79E-17 3.34E-17 2.19E-17 1.65E-17 1.29E-17
 9.53E-18 7.47E-18
 2.53E-15 6.69E-16 1.59E-16 5.95E-17 2.42E-17 1.52E-17 1.11E-17 8.55E-18
 6.21E-18 4.81E-18
 2.59E-15 6.15E-16 1.30E-16 4.56E-17 1.73E-17 1.02E-17 7.14E-18 5.37E-18
 3.81E-18 2.91E-18
 11636.0 A  12  10 /FILMEM = WJD91#BE/TYPE = RECOM    /INDM =+T/ISEL =   47
 1.00E+11 2.00E+11 5.00E+11 1.00E+12 2.00E+12 5.00E+12 1.00E+13 2.00E+13
 5.00E+13 1.00E+14 2.00E+14 5.00E+14
 1.00E+00 2.00E+00 5.00E+00 1.00E+01 2.00E+01 3.00E+01 4.00E+01 5.00E+01
 6.50E+01 8.00E+01
 6.90E-16 6.14E-16 4.32E-16 2.55E-16 1.24E-16 1.09E-16 1.00E-16 8.49E-17
 6.19E-17 4.58E-17
 7.30E-16 6.32E-16 4.34E-16 2.55E-16 1.24E-16 1.08E-16 9.94E-17 8.43E-17
 6.15E-17 4.54E-17
 8.27E-16 6.91E-16 4.52E-16 2.59E-16 1.25E-16 1.08E-16 9.88E-17 8.36E-17
 6.09E-17 4.51E-17
 9.50E-16 7.61E-16 4.72E-16 2.64E-16 1.26E-16 1.08E-16 9.78E-17 8.25E-17
 6.01E-17 4.45E-17
 1.14E-15 8.54E-16 4.93E-16 2.67E-16 1.26E-16 1.06E-16 9.53E-17 8.01E-17
 5.82E-17 4.32E-17
 1.52E-15 1.00E-15 5.06E-16 2.58E-16 1.20E-16 9.84E-17 8.67E-17 7.23E-17
 5.26E-17 3.90E-17
 1.92E-15 1.09E-15 4.85E-16 2.34E-16 1.07E-16 8.55E-17 7.42E-17 6.16E-17
 4.48E-17 3.34E-17
 2.35E-15 1.13E-15 4.33E-16 1.97E-16 8.83E-17 6.79E-17 5.77E-17 4.76E-17
 3.46E-17 2.60E-17
 2.85E-15 1.09E-15 3.44E-16 1.45E-16 6.23E-17 4.50E-17 3.68E-17 2.99E-17
 2.17E-17 1.64E-17
 3.11E-15 1.03E-15 2.87E-16 1.15E-16 4.74E-17 3.23E-17 2.54E-17 2.03E-17
 1.47E-17 1.11E-17
 3.29E-15 9.83E-16 2.47E-16 9.38E-17 3.71E-17 2.38E-17 1.79E-17 1.40E-17
 1.00E-17 7.55E-18
 3.45E-15 9.43E-16 2.14E-16 7.65E-17 2.85E-17 1.70E-17 1.21E-17 9.17E-18
 6.44E-18 4.82E-18
 21017.2 A  12  10 /FILMEM = WJD91#BE/TYPE = RECOM    /INDM =+T/ISEL =   48
 1.00E+11 2.00E+11 5.00E+11 1.00E+12 2.00E+12 5.00E+12 1.00E+13 2.00E+13
 5.00E+13 1.00E+14 2.00E+14 5.00E+14
 1.00E+00 2.00E+00 5.00E+00 1.00E+01 2.00E+01 3.00E+01 4.00E+01 5.00E+01
 6.50E+01 8.00E+01
 9.23E-15 1.02E-14 7.56E-15 4.19E-15 2.00E-15 1.29E-15 9.70E-16 7.90E-16
 6.33E-16 5.38E-16
 7.29E-15 7.40E-15 5.19E-15 2.85E-15 1.38E-15 9.03E-16 6.87E-16 5.66E-16
 4.61E-16 3.96E-16
 5.03E-15 4.61E-15 3.05E-15 1.65E-15 8.03E-16 5.34E-16 4.12E-16 3.43E-16
 2.83E-16 2.46E-16
 3.89E-15 3.31E-15 2.09E-15 1.12E-15 5.42E-16 3.63E-16 2.81E-16 2.36E-16
 1.95E-16 1.70E-16
 3.28E-15 2.54E-15 1.51E-15 7.83E-16 3.75E-16 2.51E-16 1.96E-16 1.64E-16
 1.36E-16 1.19E-16
 3.05E-15 1.95E-15 1.00E-15 4.92E-16 2.30E-16 1.54E-16 1.20E-16 1.00E-16
 8.34E-17 7.31E-17
 3.09E-15 1.64E-15 7.34E-16 3.41E-16 1.55E-16 1.03E-16 7.99E-17 6.69E-17
 5.55E-17 4.86E-17
 3.22E-15 1.41E-15 5.39E-16 2.36E-16 1.04E-16 6.79E-17 5.22E-17 4.34E-17
 3.58E-17 3.13E-17
 3.43E-15 1.21E-15 3.72E-16 1.50E-16 6.23E-17 3.95E-17 2.97E-17 2.43E-17
 1.97E-17 1.70E-17
 3.63E-15 1.11E-15 2.96E-16 1.12E-16 4.43E-17 2.72E-17 1.99E-17 1.59E-17
 1.26E-17 1.07E-17
 3.84E-15 1.05E-15 2.48E-16 8.86E-17 3.34E-17 1.98E-17 1.40E-17 1.09E-17
 8.36E-18 6.90E-18
 4.09E-15 1.01E-15 2.11E-16 7.15E-17 2.55E-17 1.44E-17 9.81E-18 7.38E-18
 5.38E-18 4.26E-18
 16162.5 A  12  10 /FILMEM = WJD91#BE/TYPE = RECOM    /INDM =+T/ISEL =   49
 1.00E+11 2.00E+11 5.00E+11 1.00E+12 2.00E+12 5.00E+12 1.00E+13 2.00E+13
 5.00E+13 1.00E+14 2.00E+14 5.00E+14
 1.00E+00 2.00E+00 5.00E+00 1.00E+01 2.00E+01 3.00E+01 4.00E+01 5.00E+01
 6.50E+01 8.00E+01
 3.94E-14 5.07E-14 3.44E-14 1.79E-14 7.94E-15 4.81E-15 3.36E-15 2.56E-15
 1.86E-15 1.45E-15
 3.58E-14 4.31E-14 2.89E-14 1.51E-14 6.76E-15 4.14E-15 2.93E-15 2.25E-15
 1.66E-15 1.31E-15
 3.16E-14 3.43E-14 2.26E-14 1.19E-14 5.38E-15 3.36E-15 2.43E-15 1.90E-15
 1.43E-15 1.15E-15
 2.98E-14 2.92E-14 1.87E-14 9.73E-15 4.44E-15 2.82E-15 2.08E-15 1.65E-15
 1.27E-15 1.04E-15
 2.97E-14 2.55E-14 1.53E-14 7.83E-15 3.57E-15 2.30E-15 1.72E-15 1.39E-15
 1.09E-15 9.11E-16
 3.18E-14 2.19E-14 1.14E-14 5.56E-15 2.51E-15 1.63E-15 1.24E-15 1.01E-15
 8.14E-16 6.93E-16
 3.42E-14 1.94E-14 8.85E-15 4.09E-15 1.82E-15 1.19E-15 9.05E-16 7.46E-16
 6.04E-16 5.19E-16
 3.68E-14 1.72E-14 6.75E-15 2.96E-15 1.29E-15 8.35E-16 6.36E-16 5.24E-16
 4.26E-16 3.68E-16
 4.01E-14 1.51E-14 4.83E-15 1.96E-15 8.15E-16 5.16E-16 3.87E-16 3.16E-16
 2.55E-16 2.19E-16
 4.27E-14 1.40E-14 3.90E-15 1.49E-15 5.93E-16 3.64E-16 2.67E-16 2.14E-16
 1.69E-16 1.44E-16
 4.53E-14 1.33E-14 3.29E-15 1.19E-15 4.53E-16 2.68E-16 1.91E-16 1.49E-16
 1.15E-16 9.49E-17
 4.84E-14 1.28E-14 2.82E-15 9.68E-16 3.48E-16 1.97E-16 1.35E-16 1.01E-16
 7.42E-17 5.90E-17
 26225.9 A  12  10 /FILMEM = WJD91#BE/TYPE = RECOM    /INDM =+T/ISEL =   50
 1.00E+11 2.00E+11 5.00E+11 1.00E+12 2.00E+12 5.00E+12 1.00E+13 2.00E+13
 5.00E+13 1.00E+14 2.00E+14 5.00E+14
 1.00E+00 2.00E+00 5.00E+00 1.00E+01 2.00E+01 3.00E+01 4.00E+01 5.00E+01
 6.50E+01 8.00E+01
 1.29E-14 1.64E-14 1.03E-14 5.13E-15 2.22E-15 1.35E-15 9.52E-16 7.24E-16
 5.26E-16 4.08E-16
 1.16E-14 1.39E-14 8.52E-15 4.21E-15 1.84E-15 1.13E-15 8.08E-16 6.17E-16
 4.46E-16 3.44E-16
 9.67E-15 1.04E-14 6.18E-15 3.03E-15 1.35E-15 8.68E-16 6.37E-16 4.89E-16
 3.50E-16 2.67E-16
 8.27E-15 8.06E-15 4.62E-15 2.25E-15 1.03E-15 6.92E-16 5.23E-16 4.04E-16
 2.86E-16 2.15E-16
 7.26E-15 6.25E-15 3.42E-15 1.66E-15 7.75E-16 5.48E-16 4.26E-16 3.32E-16
 2.32E-16 1.72E-16
 6.68E-15 4.76E-15 2.35E-15 1.12E-15 5.33E-16 3.93E-16 3.15E-16 2.47E-16
 1.72E-16 1.25E-16
 6.76E-15 4.07E-15 1.79E-15 8.25E-16 3.92E-16 2.92E-16 2.36E-16 1.86E-16
 1.30E-16 9.47E-17
 7.12E-15 3.55E-15 1.36E-15 5.98E-16 2.78E-16 2.05E-16 1.65E-16 1.30E-16
 9.13E-17 6.71E-17
 7.69E-15 2.99E-15 9.42E-16 3.89E-16 1.72E-16 1.22E-16 9.57E-17 7.52E-17
 5.29E-17 3.92E-17
 8.04E-15 2.67E-15 7.41E-16 2.91E-16 1.23E-16 8.27E-17 6.31E-17 4.90E-17
 3.45E-17 2.56E-17
 8.30E-15 2.46E-15 6.14E-16 2.31E-16 9.25E-17 5.88E-17 4.33E-17 3.31E-17
 2.32E-17 1.72E-17
 8.57E-15 2.30E-15 5.17E-16 1.83E-16 6.87E-17 4.09E-17 2.86E-17 2.14E-17
 1.48E-17 1.10E-17
C-----------------------------------------------------------------------
C
C  PHOTON EMISSIVITY COEFFICIENTS:
C
C  SOURCE SPECIFIC ION   FILE:/JETSHP.BELIKE.DATA(WJD91#BE)
C  SOURCE IONIS. COEFFT. FILE:/JETSHP.IONELEC.DATA(SZD#BE)
C  META. ION. COEFF. SELECTOR:  1(1,1)
C  POPULATION PROCESSING CODE:  ADAS208
C
C  ISEL  WAVELENGTH      TRANSITION            TYPE    METASTABLE  IMET NMET  IP
C  ----  ----------  ------------------------  -----  ------------ ---- ----  --
C   1.    2349.3     3(1)1( 1.0)- 1(1)0( 0.0)  EXCIT                 T     1
C   2.    1661.5     9(1)1( 1.0)- 1(1)0( 0.0)  EXCIT                 T     1
C   3.    3322.1     4(3)0( 1.0)- 2(3)1( 4.0)  EXCIT                 T     1
C   4.    2651.4     8(3)1( 4.0)- 2(3)1( 4.0)  EXCIT                 T     1
C   5.    2495.4    10(3)2( 7.0)- 2(3)1( 4.0)  EXCIT                 T     1
C   6.    2351.5    12(3)0( 1.0)- 2(3)1( 4.0)  EXCIT                 T     1
C   7.    2175.7    16(3)2( 7.0)- 2(3)1( 4.0)  EXCIT                 T     1
C   8.    4573.9    11(1)2( 2.0)- 3(1)1( 1.0)  EXCIT                 T     1
C   9.    8256.3     5(1)0( 0.0)- 3(1)1( 1.0)  EXCIT                 T     1
C  10.    7210.8     6(1)2( 2.0)- 3(1)1( 1.0)  EXCIT                 T     1
C  11.    2832.5    20(1)0( 0.0)- 3(1)1( 1.0)  EXCIT                 T     1
C  12.    4409.2    13(1)0( 0.0)- 3(1)1( 1.0)  EXCIT                 T     1
C  13.    3814.5    19(1)2( 2.0)- 3(1)1( 1.0)  EXCIT                 T     1
C  14.   14647.7     7(3)1( 4.0)- 4(3)0( 1.0)  EXCIT                 T     1
C  15.   18148.8     9(1)1( 1.0)- 5(1)0( 0.0)  EXCIT                 T     1
C  16.   31786.4    10(3)2( 7.0)- 7(3)1( 4.0)  EXCIT                 T     1
C  17.   23579.3    11(1)2( 2.0)- 9(1)1( 1.0)  EXCIT                 T     1
C  18.   43365.1    14(3)1( 4.0)-12(3)0( 1.0)  EXCIT                 T     1
C  19.   17863.5    12(3)0( 1.0)- 7(3)1( 4.0)  EXCIT                 T     1
C  20.   11069.3    16(3)2( 7.0)- 7(3)1( 4.0)  EXCIT                 T     1
C  21.   19770.7    13(1)0( 0.0)- 9(1)1( 1.0)  EXCIT                 T     1
C  22.   11636.0    19(1)2( 2.0)- 9(1)1( 1.0)  EXCIT                 T     1
C  23.   21017.2    14(3)1( 4.0)-10(3)2( 7.0)  EXCIT                 T     1
C  24.   16162.5    18(3)3(10.0)-10(3)2( 7.0)  EXCIT                 T     1
C  25.   26225.9    17(1)3( 3.0)-11(1)2( 2.0)  EXCIT                 T     1
C  26.    2349.3     3(1)1( 1.0)- 1(1)0( 0.0)  RECOM  SEE WJD91#BE            +T
C  27.    1661.5     9(1)1( 1.0)- 1(1)0( 0.0)  RECOM  SEE WJD91#BE            +T
C  28.    3322.1     4(3)0( 1.0)- 2(3)1( 4.0)  RECOM  SEE WJD91#BE            +T
C  29.    2651.4     8(3)1( 4.0)- 2(3)1( 4.0)  RECOM  SEE WJD91#BE            +T
C  30.    2495.4    10(3)2( 7.0)- 2(3)1( 4.0)  RECOM  SEE WJD91#BE            +T
C  31.    2351.5    12(3)0( 1.0)- 2(3)1( 4.0)  RECOM  SEE WJD91#BE            +T
C  32.    2175.7    16(3)2( 7.0)- 2(3)1( 4.0)  RECOM  SEE WJD91#BE            +T
C  33.    4573.9    11(1)2( 2.0)- 3(1)1( 1.0)  RECOM  SEE WJD91#BE            +T
C  34.    8256.3     5(1)0( 0.0)- 3(1)1( 1.0)  RECOM  SEE WJD91#BE            +T
C  35.    7210.8     6(1)2( 2.0)- 3(1)1( 1.0)  RECOM  SEE WJD91#BE            +T
C  36.    2832.5    20(1)0( 0.0)- 3(1)1( 1.0)  RECOM  SEE WJD91#BE            +T
C  37.    4409.2    13(1)0( 0.0)- 3(1)1( 1.0)  RECOM  SEE WJD91#BE            +T
C  38.    3814.5    19(1)2( 2.0)- 3(1)1( 1.0)  RECOM  SEE WJD91#BE            +T
C  39.   14647.7     7(3)1( 4.0)- 4(3)0( 1.0)  RECOM  SEE WJD91#BE            +T
C  40.   18148.8     9(1)1( 1.0)- 5(1)0( 0.0)  RECOM  SEE WJD91#BE            +T
C  41.   31786.4    10(3)2( 7.0)- 7(3)1( 4.0)  RECOM  SEE WJD91#BE            +T
C  42.   23579.3    11(1)2( 2.0)- 9(1)1( 1.0)  RECOM  SEE WJD91#BE            +T
C  43.   43365.1    14(3)1( 4.0)-12(3)0( 1.0)  RECOM  SEE WJD91#BE            +T
C  44.   17863.5    12(3)0( 1.0)- 7(3)1( 4.0)  RECOM  SEE WJD91#BE            +T
C  45.   11069.3    16(3)2( 7.0)- 7(3)1( 4.0)  RECOM  SEE WJD91#BE            +T
C  46.   19770.7    13(1)0( 0.0)- 9(1)1( 1.0)  RECOM  SEE WJD91#BE            +T
C  47.   11636.0    19(1)2( 2.0)- 9(1)1( 1.0)  RECOM  SEE WJD91#BE            +T
C  48.   21017.2    14(3)1( 4.0)-10(3)2( 7.0)  RECOM  SEE WJD91#BE            +T
C  49.   16162.5    18(3)3(10.0)-10(3)2( 7.0)  RECOM  SEE WJD91#BE            +T
C  50.   26225.9    17(1)3( 3.0)-11(1)2( 2.0)  RECOM  SEE WJD91#BE            +T
C
C   NOTES:  PROCESSED 27/02/94
C
C-------------------------------------------------------------------------------
 
C---------------------------------------------------------------------------------
C ADAS ADF15 DATA - SCCS info: @(#)$Header: /home/adascvs/adas/adf15/pec93#be/pec93#be_pju#be0.dat,v 2.1 2004/07/07 00:24:44 whitefor Exp $ Date $Date: 2004/07/07 00:24:44 $
C---------------------------------------------------------------------------------
