   20    /MO+ 0 PHOTON EMISSIVITY COEFFICIENTS/
  3845.7 A  16  10 /FILMEM = HPS95MO /TYPE = EXCIT    /INDM = 1/ISEL =    1
 1.00E+11 2.00E+11 5.00E+11 1.00E+12 2.00E+12 5.00E+12 1.00E+13 2.00E+13
 5.00E+13 1.00E+14 2.00E+14 5.00E+14 1.00E+15 2.00E+15 5.00E+15 1.00E+16
 1.00E+00 2.00E+00 5.00E+00 1.00E+01 2.00E+01 3.00E+01 4.00E+01 5.00E+01
 6.50E+01 8.00E+01
 6.52E-09 4.30E-08 1.54E-07 2.52E-07 3.25E-07 3.49E-07 3.58E-07 3.61E-07
 3.60E-07 3.56E-07
 6.52E-09 4.30E-08 1.54E-07 2.52E-07 3.24E-07 3.49E-07 3.58E-07 3.61E-07
 3.60E-07 3.56E-07
 6.51E-09 4.29E-08 1.54E-07 2.52E-07 3.24E-07 3.49E-07 3.58E-07 3.61E-07
 3.60E-07 3.56E-07
 6.51E-09 4.29E-08 1.54E-07 2.52E-07 3.24E-07 3.48E-07 3.57E-07 3.60E-07
 3.59E-07 3.56E-07
 6.51E-09 4.29E-08 1.54E-07 2.51E-07 3.23E-07 3.47E-07 3.57E-07 3.60E-07
 3.59E-07 3.55E-07
 6.50E-09 4.28E-08 1.53E-07 2.50E-07 3.21E-07 3.45E-07 3.54E-07 3.57E-07
 3.56E-07 3.52E-07
 6.48E-09 4.26E-08 1.52E-07 2.47E-07 3.18E-07 3.41E-07 3.50E-07 3.53E-07
 3.52E-07 3.49E-07
 6.44E-09 4.23E-08 1.50E-07 2.43E-07 3.11E-07 3.34E-07 3.42E-07 3.45E-07
 3.45E-07 3.41E-07
 6.34E-09 4.12E-08 1.44E-07 2.30E-07 2.92E-07 3.13E-07 3.21E-07 3.24E-07
 3.24E-07 3.21E-07
 6.17E-09 3.97E-08 1.35E-07 2.12E-07 2.66E-07 2.84E-07 2.91E-07 2.94E-07
 2.94E-07 2.92E-07
 5.86E-09 3.69E-08 1.20E-07 1.83E-07 2.25E-07 2.40E-07 2.45E-07 2.48E-07
 2.48E-07 2.47E-07
 5.10E-09 3.05E-08 9.08E-08 1.30E-07 1.55E-07 1.63E-07 1.67E-07 1.69E-07
 1.69E-07 1.69E-07
 4.20E-09 2.37E-08 6.45E-08 8.79E-08 1.02E-07 1.07E-07 1.09E-07 1.10E-07
 1.11E-07 1.11E-07
 3.13E-09 1.65E-08 4.09E-08 5.34E-08 6.05E-08 6.30E-08 6.43E-08 6.50E-08
 6.56E-08 6.59E-08
 1.79E-09 8.68E-09 1.96E-08 2.45E-08 2.73E-08 2.83E-08 2.88E-08 2.92E-08
 2.95E-08 2.97E-08
 1.05E-09 4.86E-09 1.05E-08 1.29E-08 1.43E-08 1.48E-08 1.50E-08 1.52E-08
 1.54E-08 1.55E-08
  3160.5 A  16  10 /FILMEM = HPS95MO /TYPE = EXCIT    /INDM = 1/ISEL =    2
 1.00E+11 2.00E+11 5.00E+11 1.00E+12 2.00E+12 5.00E+12 1.00E+13 2.00E+13
 5.00E+13 1.00E+14 2.00E+14 5.00E+14 1.00E+15 2.00E+15 5.00E+15 1.00E+16
 1.00E+00 2.00E+00 5.00E+00 1.00E+01 2.00E+01 3.00E+01 4.00E+01 5.00E+01
 6.50E+01 8.00E+01
 2.21E-09 2.37E-08 1.16E-07 2.04E-07 2.65E-07 2.83E-07 2.89E-07 2.90E-07
 2.88E-07 2.83E-07
 2.21E-09 2.37E-08 1.16E-07 2.04E-07 2.65E-07 2.83E-07 2.89E-07 2.90E-07
 2.88E-07 2.83E-07
 2.21E-09 2.37E-08 1.16E-07 2.04E-07 2.65E-07 2.83E-07 2.89E-07 2.90E-07
 2.88E-07 2.83E-07
 2.21E-09 2.37E-08 1.16E-07 2.04E-07 2.65E-07 2.83E-07 2.89E-07 2.90E-07
 2.87E-07 2.83E-07
 2.21E-09 2.37E-08 1.16E-07 2.04E-07 2.64E-07 2.83E-07 2.89E-07 2.90E-07
 2.87E-07 2.83E-07
 2.21E-09 2.36E-08 1.16E-07 2.03E-07 2.63E-07 2.82E-07 2.87E-07 2.88E-07
 2.86E-07 2.81E-07
 2.21E-09 2.36E-08 1.15E-07 2.02E-07 2.62E-07 2.80E-07 2.85E-07 2.86E-07
 2.84E-07 2.80E-07
 2.20E-09 2.35E-08 1.14E-07 2.00E-07 2.58E-07 2.76E-07 2.81E-07 2.82E-07
 2.80E-07 2.76E-07
 2.20E-09 2.33E-08 1.12E-07 1.93E-07 2.48E-07 2.65E-07 2.70E-07 2.71E-07
 2.69E-07 2.66E-07
 2.19E-09 2.29E-08 1.07E-07 1.83E-07 2.33E-07 2.49E-07 2.54E-07 2.55E-07
 2.53E-07 2.50E-07
 2.17E-09 2.22E-08 9.97E-08 1.66E-07 2.08E-07 2.21E-07 2.26E-07 2.27E-07
 2.26E-07 2.23E-07
 2.09E-09 2.01E-08 8.19E-08 1.29E-07 1.57E-07 1.66E-07 1.69E-07 1.70E-07
 1.70E-07 1.69E-07
 1.94E-09 1.73E-08 6.28E-08 9.36E-08 1.12E-07 1.17E-07 1.19E-07 1.20E-07
 1.21E-07 1.21E-07
 1.66E-09 1.33E-08 4.27E-08 6.04E-08 7.04E-08 7.36E-08 7.50E-08 7.58E-08
 7.63E-08 7.64E-08
 1.12E-09 7.80E-09 2.17E-08 2.92E-08 3.34E-08 3.48E-08 3.55E-08 3.59E-08
 3.62E-08 3.64E-08
 7.21E-10 4.60E-09 1.19E-08 1.57E-08 1.78E-08 1.85E-08 1.89E-08 1.91E-08
 1.93E-08 1.95E-08
  5529.5 A  16  10 /FILMEM = HPS95MO /TYPE = EXCIT    /INDM = 1/ISEL =    3
 1.00E+11 2.00E+11 5.00E+11 1.00E+12 2.00E+12 5.00E+12 1.00E+13 2.00E+13
 5.00E+13 1.00E+14 2.00E+14 5.00E+14 1.00E+15 2.00E+15 5.00E+15 1.00E+16
 1.00E+00 2.00E+00 5.00E+00 1.00E+01 2.00E+01 3.00E+01 4.00E+01 5.00E+01
 6.50E+01 8.00E+01
 1.61E-09 6.72E-09 9.71E-09 6.96E-09 3.74E-09 2.40E-09 1.70E-09 1.29E-09
 9.18E-10 6.97E-10
 1.61E-09 6.72E-09 9.70E-09 6.95E-09 3.74E-09 2.40E-09 1.70E-09 1.29E-09
 9.18E-10 6.96E-10
 1.61E-09 6.72E-09 9.70E-09 6.95E-09 3.74E-09 2.39E-09 1.70E-09 1.29E-09
 9.17E-10 6.96E-10
 1.61E-09 6.71E-09 9.69E-09 6.94E-09 3.73E-09 2.39E-09 1.70E-09 1.29E-09
 9.16E-10 6.96E-10
 1.60E-09 6.70E-09 9.67E-09 6.92E-09 3.72E-09 2.38E-09 1.69E-09 1.28E-09
 9.14E-10 6.94E-10
 1.59E-09 6.66E-09 9.59E-09 6.85E-09 3.68E-09 2.36E-09 1.67E-09 1.27E-09
 9.06E-10 6.88E-10
 1.58E-09 6.58E-09 9.45E-09 6.72E-09 3.60E-09 2.30E-09 1.64E-09 1.24E-09
 8.88E-10 6.76E-10
 1.54E-09 6.43E-09 9.11E-09 6.42E-09 3.41E-09 2.18E-09 1.55E-09 1.18E-09
 8.46E-10 6.45E-10
 1.45E-09 5.95E-09 8.09E-09 5.54E-09 2.90E-09 1.85E-09 1.32E-09 1.00E-09
 7.22E-10 5.54E-10
 1.31E-09 5.23E-09 6.72E-09 4.44E-09 2.28E-09 1.45E-09 1.04E-09 7.91E-10
 5.71E-10 4.40E-10
 1.10E-09 4.19E-09 4.97E-09 3.15E-09 1.59E-09 1.01E-09 7.21E-10 5.51E-10
 4.00E-10 3.09E-10
 7.37E-10 2.60E-09 2.78E-09 1.68E-09 8.30E-10 5.26E-10 3.75E-10 2.87E-10
 2.09E-10 1.62E-10
 4.75E-10 1.59E-09 1.60E-09 9.42E-10 4.62E-10 2.92E-10 2.08E-10 1.60E-10
 1.16E-10 9.05E-11
 2.78E-10 8.96E-10 8.64E-10 5.02E-10 2.44E-10 1.54E-10 1.10E-10 8.46E-11
 6.17E-11 4.80E-11
 1.23E-10 3.87E-10 3.63E-10 2.09E-10 1.01E-10 6.40E-11 4.57E-11 3.51E-11
 2.56E-11 1.99E-11
 6.42E-11 1.99E-10 1.85E-10 1.06E-10 5.13E-11 3.24E-11 2.31E-11 1.77E-11
 1.30E-11 1.01E-11
  4394.3 A  16  10 /FILMEM = HPS95MO /TYPE = EXCIT    /INDM = 1/ISEL =    4
 1.00E+11 2.00E+11 5.00E+11 1.00E+12 2.00E+12 5.00E+12 1.00E+13 2.00E+13
 5.00E+13 1.00E+14 2.00E+14 5.00E+14 1.00E+15 2.00E+15 5.00E+15 1.00E+16
 1.00E+00 2.00E+00 5.00E+00 1.00E+01 2.00E+01 3.00E+01 4.00E+01 5.00E+01
 6.50E+01 8.00E+01
 1.63E-10 1.26E-09 2.93E-09 2.64E-09 1.65E-09 1.12E-09 8.25E-10 6.38E-10
 4.63E-10 3.56E-10
 1.63E-10 1.26E-09 2.93E-09 2.63E-09 1.64E-09 1.12E-09 8.22E-10 6.35E-10
 4.62E-10 3.55E-10
 1.63E-10 1.26E-09 2.90E-09 2.61E-09 1.63E-09 1.11E-09 8.13E-10 6.29E-10
 4.57E-10 3.51E-10
 1.62E-10 1.25E-09 2.87E-09 2.56E-09 1.60E-09 1.09E-09 7.98E-10 6.17E-10
 4.49E-10 3.45E-10
 1.61E-10 1.23E-09 2.80E-09 2.49E-09 1.54E-09 1.05E-09 7.71E-10 5.96E-10
 4.33E-10 3.33E-10
 1.58E-10 1.19E-09 2.61E-09 2.28E-09 1.40E-09 9.53E-10 7.00E-10 5.41E-10
 3.94E-10 3.03E-10
 1.54E-10 1.12E-09 2.35E-09 2.00E-09 1.22E-09 8.28E-10 6.08E-10 4.70E-10
 3.42E-10 2.64E-10
 1.46E-10 1.01E-09 1.98E-09 1.63E-09 9.76E-10 6.59E-10 4.84E-10 3.75E-10
 2.73E-10 2.11E-10
 1.28E-10 8.04E-10 1.39E-09 1.07E-09 6.23E-10 4.18E-10 3.07E-10 2.38E-10
 1.74E-10 1.34E-10
 1.09E-10 6.22E-10 9.64E-10 7.05E-10 3.98E-10 2.66E-10 1.95E-10 1.51E-10
 1.11E-10 8.58E-11
 8.60E-11 4.45E-10 6.17E-10 4.29E-10 2.36E-10 1.56E-10 1.14E-10 8.88E-11
 6.52E-11 5.07E-11
 5.45E-11 2.51E-10 3.06E-10 2.01E-10 1.08E-10 7.10E-11 5.19E-11 4.03E-11
 2.97E-11 2.32E-11
 3.43E-11 1.47E-10 1.68E-10 1.07E-10 5.69E-11 3.74E-11 2.73E-11 2.12E-11
 1.56E-11 1.22E-11
 1.97E-11 8.10E-11 8.82E-11 5.57E-11 2.93E-11 1.92E-11 1.40E-11 1.09E-11
 8.04E-12 6.30E-12
 8.71E-12 3.45E-11 3.65E-11 2.28E-11 1.19E-11 7.81E-12 5.70E-12 4.43E-12
 3.27E-12 2.57E-12
 4.51E-12 1.77E-11 1.85E-11 1.15E-11 6.00E-12 3.93E-12 2.87E-12 2.23E-12
 1.65E-12 1.29E-12
  3845.7 A  16  10 /FILMEM = HPS95MO /TYPE = EXCIT    /INDM = 2/ISEL =    5
 1.00E+11 2.00E+11 5.00E+11 1.00E+12 2.00E+12 5.00E+12 1.00E+13 2.00E+13
 5.00E+13 1.00E+14 2.00E+14 5.00E+14 1.00E+15 2.00E+15 5.00E+15 1.00E+16
 1.00E+00 2.00E+00 5.00E+00 1.00E+01 2.00E+01 3.00E+01 4.00E+01 5.00E+01
 6.50E+01 8.00E+01
 1.00E-74 1.00E-74 1.00E-74 1.00E-74 1.00E-74 1.00E-74 1.00E-74 1.00E-74
 1.00E-74 1.00E-74
 1.00E-74 1.00E-74 1.00E-74 1.00E-74 1.00E-74 1.00E-74 1.00E-74 1.00E-74
 1.00E-74 1.00E-74
 1.00E-74 1.00E-74 1.00E-74 1.00E-74 1.00E-74 1.00E-74 1.00E-74 1.00E-74
 1.00E-74 1.00E-74
 1.00E-74 1.00E-74 1.00E-74 1.00E-74 1.00E-74 1.00E-74 1.00E-74 1.00E-74
 1.00E-74 1.00E-74
 1.00E-74 1.00E-74 1.00E-74 1.00E-74 1.00E-74 1.00E-74 1.00E-74 1.00E-74
 1.00E-74 1.00E-74
 1.00E-74 1.00E-74 1.00E-74 1.00E-74 1.00E-74 1.00E-74 1.00E-74 1.00E-74
 1.00E-74 1.00E-74
 1.00E-74 1.00E-74 1.00E-74 1.00E-74 1.00E-74 1.00E-74 1.00E-74 1.00E-74
 1.00E-74 1.00E-74
 1.00E-74 1.00E-74 1.00E-74 1.00E-74 1.00E-74 1.00E-74 1.00E-74 1.00E-74
 1.00E-74 1.00E-74
 1.00E-74 1.00E-74 1.00E-74 1.00E-74 1.00E-74 1.00E-74 1.00E-74 1.00E-74
 1.00E-74 1.00E-74
 1.00E-74 1.00E-74 1.00E-74 1.00E-74 1.00E-74 1.00E-74 1.00E-74 1.00E-74
 1.00E-74 1.00E-74
 1.00E-74 1.00E-74 1.00E-74 1.00E-74 1.00E-74 1.00E-74 1.00E-74 1.00E-74
 1.00E-74 1.00E-74
 1.00E-74 1.00E-74 1.00E-74 1.00E-74 1.00E-74 1.00E-74 1.00E-74 1.00E-74
 1.00E-74 1.00E-74
 1.00E-74 1.00E-74 1.00E-74 1.00E-74 1.00E-74 1.00E-74 1.00E-74 1.00E-74
 1.00E-74 1.00E-74
 1.00E-74 1.00E-74 1.00E-74 1.00E-74 1.00E-74 1.00E-74 1.00E-74 1.00E-74
 1.00E-74 1.00E-74
 1.00E-74 1.00E-74 1.00E-74 1.00E-74 1.00E-74 1.00E-74 1.00E-74 1.00E-74
 1.00E-74 1.00E-74
 1.00E-74 1.00E-74 1.00E-74 1.00E-74 1.00E-74 1.00E-74 1.00E-74 1.00E-74
 1.00E-74 1.00E-74
  3160.5 A  16  10 /FILMEM = HPS95MO /TYPE = EXCIT    /INDM = 2/ISEL =    6
 1.00E+11 2.00E+11 5.00E+11 1.00E+12 2.00E+12 5.00E+12 1.00E+13 2.00E+13
 5.00E+13 1.00E+14 2.00E+14 5.00E+14 1.00E+15 2.00E+15 5.00E+15 1.00E+16
 1.00E+00 2.00E+00 5.00E+00 1.00E+01 2.00E+01 3.00E+01 4.00E+01 5.00E+01
 6.50E+01 8.00E+01
 1.00E-74 1.00E-74 1.00E-74 1.00E-74 1.00E-74 1.00E-74 1.00E-74 1.00E-74
 1.00E-74 1.00E-74
 1.00E-74 1.00E-74 1.00E-74 1.00E-74 1.00E-74 1.00E-74 1.00E-74 1.00E-74
 1.00E-74 1.00E-74
 1.00E-74 1.00E-74 1.00E-74 1.00E-74 1.00E-74 1.00E-74 1.00E-74 1.00E-74
 1.00E-74 1.00E-74
 1.00E-74 1.00E-74 1.00E-74 1.00E-74 1.00E-74 1.00E-74 1.00E-74 1.00E-74
 1.00E-74 1.00E-74
 1.00E-74 1.00E-74 1.00E-74 1.00E-74 1.00E-74 1.00E-74 1.00E-74 1.00E-74
 1.00E-74 1.00E-74
 1.00E-74 1.00E-74 1.00E-74 1.00E-74 1.00E-74 1.00E-74 1.00E-74 1.00E-74
 1.00E-74 1.00E-74
 1.00E-74 1.00E-74 1.00E-74 1.00E-74 1.00E-74 1.00E-74 1.00E-74 1.00E-74
 1.00E-74 1.00E-74
 1.00E-74 1.00E-74 1.00E-74 1.00E-74 1.00E-74 1.00E-74 1.00E-74 1.00E-74
 1.00E-74 1.00E-74
 1.00E-74 1.00E-74 1.00E-74 1.00E-74 1.00E-74 1.00E-74 1.00E-74 1.00E-74
 1.00E-74 1.00E-74
 1.00E-74 1.00E-74 1.00E-74 1.00E-74 1.00E-74 1.00E-74 1.00E-74 1.00E-74
 1.00E-74 1.00E-74
 1.00E-74 1.00E-74 1.00E-74 1.00E-74 1.00E-74 1.00E-74 1.00E-74 1.00E-74
 1.00E-74 1.00E-74
 1.00E-74 1.00E-74 1.00E-74 1.00E-74 1.00E-74 1.00E-74 1.00E-74 1.00E-74
 1.00E-74 1.00E-74
 1.00E-74 1.00E-74 1.00E-74 1.00E-74 1.00E-74 1.00E-74 1.00E-74 1.00E-74
 1.00E-74 1.00E-74
 1.00E-74 1.00E-74 1.00E-74 1.00E-74 1.00E-74 1.00E-74 1.00E-74 1.00E-74
 1.00E-74 1.00E-74
 1.00E-74 1.00E-74 1.00E-74 1.00E-74 1.00E-74 1.00E-74 1.00E-74 1.00E-74
 1.00E-74 1.00E-74
 1.00E-74 1.00E-74 1.00E-74 1.00E-74 1.00E-74 1.00E-74 1.00E-74 1.00E-74
 1.00E-74 1.00E-74
  5529.5 A  16  10 /FILMEM = HPS95MO /TYPE = EXCIT    /INDM = 2/ISEL =    7
 1.00E+11 2.00E+11 5.00E+11 1.00E+12 2.00E+12 5.00E+12 1.00E+13 2.00E+13
 5.00E+13 1.00E+14 2.00E+14 5.00E+14 1.00E+15 2.00E+15 5.00E+15 1.00E+16
 1.00E+00 2.00E+00 5.00E+00 1.00E+01 2.00E+01 3.00E+01 4.00E+01 5.00E+01
 6.50E+01 8.00E+01
 3.88E-08 1.64E-07 4.62E-07 6.92E-07 8.38E-07 8.77E-07 8.85E-07 8.83E-07
 8.72E-07 8.57E-07
 3.88E-08 1.64E-07 4.62E-07 6.91E-07 8.38E-07 8.76E-07 8.85E-07 8.82E-07
 8.71E-07 8.57E-07
 3.88E-08 1.64E-07 4.61E-07 6.90E-07 8.36E-07 8.74E-07 8.82E-07 8.80E-07
 8.69E-07 8.55E-07
 3.87E-08 1.63E-07 4.59E-07 6.87E-07 8.32E-07 8.70E-07 8.79E-07 8.76E-07
 8.66E-07 8.51E-07
 3.86E-08 1.63E-07 4.56E-07 6.82E-07 8.25E-07 8.62E-07 8.71E-07 8.69E-07
 8.58E-07 8.44E-07
 3.82E-08 1.61E-07 4.48E-07 6.66E-07 8.04E-07 8.41E-07 8.49E-07 8.47E-07
 8.37E-07 8.24E-07
 3.77E-08 1.57E-07 4.34E-07 6.42E-07 7.73E-07 8.07E-07 8.15E-07 8.14E-07
 8.05E-07 7.92E-07
 3.66E-08 1.51E-07 4.10E-07 5.99E-07 7.17E-07 7.48E-07 7.56E-07 7.55E-07
 7.47E-07 7.36E-07
 3.39E-08 1.36E-07 3.53E-07 5.01E-07 5.90E-07 6.15E-07 6.21E-07 6.21E-07
 6.16E-07 6.09E-07
 3.03E-08 1.18E-07 2.87E-07 3.94E-07 4.57E-07 4.74E-07 4.79E-07 4.80E-07
 4.77E-07 4.73E-07
 2.51E-08 9.28E-08 2.10E-07 2.76E-07 3.14E-07 3.26E-07 3.29E-07 3.30E-07
 3.29E-07 3.27E-07
 1.66E-08 5.69E-08 1.16E-07 1.46E-07 1.63E-07 1.68E-07 1.70E-07 1.71E-07
 1.71E-07 1.70E-07
 1.07E-08 3.47E-08 6.64E-08 8.16E-08 9.02E-08 9.29E-08 9.41E-08 9.46E-08
 9.47E-08 9.47E-08
 6.22E-09 1.95E-08 3.58E-08 4.34E-08 4.77E-08 4.91E-08 4.97E-08 5.00E-08
 5.01E-08 5.01E-08
 2.76E-09 8.40E-09 1.50E-08 1.80E-08 1.97E-08 2.03E-08 2.06E-08 2.07E-08
 2.08E-08 2.08E-08
 1.43E-09 4.31E-09 7.65E-09 9.14E-09 9.99E-09 1.03E-08 1.04E-08 1.05E-08
 1.05E-08 1.05E-08
  4394.3 A  16  10 /FILMEM = HPS95MO /TYPE = EXCIT    /INDM = 2/ISEL =    8
 1.00E+11 2.00E+11 5.00E+11 1.00E+12 2.00E+12 5.00E+12 1.00E+13 2.00E+13
 5.00E+13 1.00E+14 2.00E+14 5.00E+14 1.00E+15 2.00E+15 5.00E+15 1.00E+16
 1.00E+00 2.00E+00 5.00E+00 1.00E+01 2.00E+01 3.00E+01 4.00E+01 5.00E+01
 6.50E+01 8.00E+01
 3.28E-10 1.62E-09 4.46E-09 6.35E-09 7.50E-09 7.77E-09 7.81E-09 7.76E-09
 7.63E-09 7.47E-09
 3.30E-10 1.63E-09 4.52E-09 6.44E-09 7.59E-09 7.87E-09 7.90E-09 7.85E-09
 7.72E-09 7.57E-09
 3.36E-10 1.68E-09 4.68E-09 6.69E-09 7.86E-09 8.13E-09 8.17E-09 8.13E-09
 8.01E-09 7.86E-09
 3.47E-10 1.75E-09 4.95E-09 7.09E-09 8.29E-09 8.56E-09 8.60E-09 8.56E-09
 8.46E-09 8.33E-09
 3.68E-10 1.90E-09 5.46E-09 7.83E-09 9.09E-09 9.35E-09 9.39E-09 9.37E-09
 9.31E-09 9.21E-09
 4.27E-10 2.29E-09 6.78E-09 9.70E-09 1.11E-08 1.13E-08 1.14E-08 1.14E-08
 1.14E-08 1.14E-08
 5.14E-10 2.83E-09 8.44E-09 1.19E-08 1.34E-08 1.36E-08 1.36E-08 1.37E-08
 1.38E-08 1.39E-08
 6.52E-10 3.62E-09 1.05E-08 1.44E-08 1.58E-08 1.59E-08 1.60E-08 1.61E-08
 1.64E-08 1.66E-08
 8.91E-10 4.71E-09 1.23E-08 1.59E-08 1.68E-08 1.69E-08 1.70E-08 1.72E-08
 1.76E-08 1.80E-08
 1.03E-09 5.03E-09 1.18E-08 1.44E-08 1.48E-08 1.48E-08 1.49E-08 1.51E-08
 1.56E-08 1.60E-08
 1.03E-09 4.57E-09 9.50E-09 1.10E-08 1.10E-08 1.10E-08 1.11E-08 1.13E-08
 1.16E-08 1.20E-08
 7.87E-10 3.11E-09 5.63E-09 6.14E-09 6.02E-09 5.96E-09 6.01E-09 6.12E-09
 6.37E-09 6.60E-09
 5.34E-10 1.97E-09 3.31E-09 3.51E-09 3.40E-09 3.36E-09 3.39E-09 3.46E-09
 3.60E-09 3.74E-09
 3.21E-10 1.13E-09 1.81E-09 1.88E-09 1.81E-09 1.79E-09 1.81E-09 1.84E-09
 1.92E-09 2.00E-09
 1.45E-10 4.92E-10 7.64E-10 7.88E-10 7.55E-10 7.45E-10 7.52E-10 7.68E-10
 8.01E-10 8.34E-10
 7.59E-11 2.54E-10 3.90E-10 4.00E-10 3.83E-10 3.78E-10 3.81E-10 3.89E-10
 4.06E-10 4.23E-10
  3845.7 A  16  10 /FILMEM = HPS95MO /TYPE = RECOM    /INDM =+1/ISEL =    9
 1.00E+11 2.00E+11 5.00E+11 1.00E+12 2.00E+12 5.00E+12 1.00E+13 2.00E+13
 5.00E+13 1.00E+14 2.00E+14 5.00E+14 1.00E+15 2.00E+15 5.00E+15 1.00E+16
 1.00E+00 2.00E+00 5.00E+00 1.00E+01 2.00E+01 3.00E+01 4.00E+01 5.00E+01
 6.50E+01 8.00E+01
 5.07E-14 4.67E-14 4.79E-14 4.09E-14 2.61E-14 1.78E-14 1.31E-14 1.01E-14
 7.35E-15 5.65E-15
 5.07E-14 4.67E-14 4.79E-14 4.09E-14 2.61E-14 1.78E-14 1.31E-14 1.01E-14
 7.34E-15 5.65E-15
 5.07E-14 4.67E-14 4.79E-14 4.09E-14 2.61E-14 1.78E-14 1.30E-14 1.01E-14
 7.34E-15 5.65E-15
 5.07E-14 4.67E-14 4.78E-14 4.08E-14 2.60E-14 1.78E-14 1.30E-14 1.01E-14
 7.33E-15 5.64E-15
 5.07E-14 4.66E-14 4.78E-14 4.07E-14 2.60E-14 1.77E-14 1.30E-14 1.00E-14
 7.31E-15 5.63E-15
 5.07E-14 4.66E-14 4.76E-14 4.05E-14 2.58E-14 1.76E-14 1.29E-14 9.98E-15
 7.26E-15 5.59E-15
 5.08E-14 4.64E-14 4.72E-14 4.01E-14 2.55E-14 1.74E-14 1.28E-14 9.87E-15
 7.18E-15 5.53E-15
 5.08E-14 4.62E-14 4.66E-14 3.94E-14 2.50E-14 1.70E-14 1.25E-14 9.65E-15
 7.03E-15 5.41E-15
 5.10E-14 4.55E-14 4.48E-14 3.73E-14 2.35E-14 1.60E-14 1.17E-14 9.05E-15
 6.60E-15 5.09E-15
 5.13E-14 4.44E-14 4.21E-14 3.44E-14 2.13E-14 1.45E-14 1.06E-14 8.21E-15
 5.99E-15 4.63E-15
 5.20E-14 4.25E-14 3.77E-14 2.97E-14 1.81E-14 1.22E-14 8.94E-15 6.92E-15
 5.06E-15 3.92E-15
 5.41E-14 3.85E-14 2.90E-14 2.12E-14 1.25E-14 8.34E-15 6.09E-15 4.72E-15
 3.47E-15 2.69E-15
 5.76E-14 3.46E-14 2.16E-14 1.46E-14 8.27E-15 5.49E-15 4.01E-15 3.10E-15
 2.28E-15 1.78E-15
 6.35E-14 3.09E-14 1.51E-14 9.29E-15 5.05E-15 3.32E-15 2.41E-15 1.87E-15
 1.37E-15 1.07E-15
 7.41E-14 2.77E-14 9.39E-15 4.93E-15 2.49E-15 1.60E-15 1.15E-15 8.88E-16
 6.50E-16 5.06E-16
 8.18E-14 2.64E-14 7.02E-15 3.19E-15 1.49E-15 9.35E-16 6.65E-16 5.08E-16
 3.69E-16 2.86E-16
  3160.5 A  16  10 /FILMEM = HPS95MO /TYPE = RECOM    /INDM =+1/ISEL =   10
 1.00E+11 2.00E+11 5.00E+11 1.00E+12 2.00E+12 5.00E+12 1.00E+13 2.00E+13
 5.00E+13 1.00E+14 2.00E+14 5.00E+14 1.00E+15 2.00E+15 5.00E+15 1.00E+16
 1.00E+00 2.00E+00 5.00E+00 1.00E+01 2.00E+01 3.00E+01 4.00E+01 5.00E+01
 6.50E+01 8.00E+01
 5.71E-18 3.00E-18 1.54E-18 9.16E-19 4.06E-19 2.16E-19 1.32E-19 8.77E-20
 5.36E-20 3.59E-20
 1.14E-17 6.00E-18 3.08E-18 1.83E-18 8.11E-19 4.33E-19 2.63E-19 1.75E-19
 1.07E-19 7.19E-20
 2.86E-17 1.50E-17 7.70E-18 4.57E-18 2.03E-18 1.08E-18 6.57E-19 4.38E-19
 2.67E-19 1.79E-19
 5.71E-17 3.00E-17 1.54E-17 9.13E-18 4.05E-18 2.16E-18 1.31E-18 8.74E-19
 5.34E-19 3.58E-19
 1.14E-16 5.99E-17 3.07E-17 1.82E-17 8.07E-18 4.30E-18 2.62E-18 1.74E-18
 1.07E-18 7.15E-19
 2.85E-16 1.49E-16 7.64E-17 4.52E-17 2.00E-17 1.07E-17 6.48E-18 4.32E-18
 2.64E-18 1.77E-18
 5.69E-16 2.98E-16 1.52E-16 8.92E-17 3.94E-17 2.10E-17 1.28E-17 8.51E-18
 5.20E-18 3.49E-18
 1.13E-15 5.92E-16 2.98E-16 1.74E-16 7.64E-17 4.07E-17 2.48E-17 1.65E-17
 1.01E-17 6.80E-18
 2.81E-15 1.45E-15 7.09E-16 4.04E-16 1.75E-16 9.32E-17 5.68E-17 3.79E-17
 2.33E-17 1.57E-17
 5.53E-15 2.81E-15 1.31E-15 7.22E-16 3.07E-16 1.63E-16 9.93E-17 6.65E-17
 4.10E-17 2.78E-17
 1.07E-14 5.29E-15 2.29E-15 1.18E-15 4.87E-16 2.57E-16 1.57E-16 1.06E-16
 6.59E-17 4.49E-17
 2.45E-14 1.13E-14 4.09E-15 1.87E-15 7.23E-16 3.80E-16 2.34E-16 1.59E-16
 1.01E-16 6.96E-17
 4.29E-14 1.81E-14 5.51E-15 2.24E-15 8.25E-16 4.32E-16 2.68E-16 1.84E-16
 1.18E-16 8.27E-17
 6.90E-14 2.61E-14 6.63E-15 2.42E-15 8.49E-16 4.45E-16 2.78E-16 1.93E-16
 1.25E-16 8.89E-17
 1.09E-13 3.58E-14 7.50E-15 2.46E-15 8.28E-16 4.35E-16 2.75E-16 1.92E-16
 1.26E-16 9.09E-17
 1.35E-13 4.10E-14 7.83E-15 2.45E-15 8.09E-16 4.25E-16 2.70E-16 1.90E-16
 1.26E-16 9.08E-17
  5529.5 A  16  10 /FILMEM = HPS95MO /TYPE = RECOM    /INDM =+1/ISEL =   11
 1.00E+11 2.00E+11 5.00E+11 1.00E+12 2.00E+12 5.00E+12 1.00E+13 2.00E+13
 5.00E+13 1.00E+14 2.00E+14 5.00E+14 1.00E+15 2.00E+15 5.00E+15 1.00E+16
 1.00E+00 2.00E+00 5.00E+00 1.00E+01 2.00E+01 3.00E+01 4.00E+01 5.00E+01
 6.50E+01 8.00E+01
 4.31E-14 5.30E-14 5.56E-14 3.92E-14 2.15E-14 1.43E-14 1.08E-14 8.73E-15
 6.91E-15 5.67E-15
 4.31E-14 5.30E-14 5.55E-14 3.91E-14 2.15E-14 1.43E-14 1.08E-14 8.72E-15
 6.90E-15 5.66E-15
 4.31E-14 5.29E-14 5.54E-14 3.90E-14 2.14E-14 1.43E-14 1.07E-14 8.70E-15
 6.88E-15 5.65E-15
 4.30E-14 5.28E-14 5.52E-14 3.89E-14 2.13E-14 1.42E-14 1.07E-14 8.66E-15
 6.85E-15 5.62E-15
 4.29E-14 5.26E-14 5.49E-14 3.86E-14 2.11E-14 1.41E-14 1.06E-14 8.59E-15
 6.80E-15 5.58E-15
 4.26E-14 5.19E-14 5.38E-14 3.77E-14 2.06E-14 1.37E-14 1.03E-14 8.37E-15
 6.63E-15 5.44E-15
 4.21E-14 5.09E-14 5.22E-14 3.63E-14 1.98E-14 1.32E-14 9.91E-15 8.04E-15
 6.37E-15 5.23E-15
 4.13E-14 4.91E-14 4.93E-14 3.39E-14 1.83E-14 1.22E-14 9.19E-15 7.45E-15
 5.91E-15 4.86E-15
 3.95E-14 4.48E-14 4.26E-14 2.84E-14 1.51E-14 1.00E-14 7.55E-15 6.13E-15
 4.87E-15 4.02E-15
 3.75E-14 3.95E-14 3.48E-14 2.24E-14 1.17E-14 7.76E-15 5.84E-15 4.75E-15
 3.78E-15 3.12E-15
 3.51E-14 3.26E-14 2.58E-14 1.58E-14 8.10E-15 5.34E-15 4.02E-15 3.27E-15
 2.61E-15 2.17E-15
 3.17E-14 2.28E-14 1.48E-14 8.51E-15 4.25E-15 2.79E-15 2.09E-15 1.70E-15
 1.36E-15 1.13E-15
 2.95E-14 1.68E-14 9.05E-15 4.93E-15 2.41E-15 1.57E-15 1.18E-15 9.57E-16
 7.65E-16 6.36E-16
 2.80E-14 1.27E-14 5.48E-15 2.80E-15 1.33E-15 8.59E-16 6.41E-16 5.19E-16
 4.14E-16 3.44E-16
 2.68E-14 9.70E-15 3.06E-15 1.39E-15 6.21E-16 3.93E-16 2.89E-16 2.32E-16
 1.83E-16 1.51E-16
 2.63E-14 8.60E-15 2.19E-15 8.90E-16 3.74E-16 2.30E-16 1.66E-16 1.31E-16
 1.02E-16 8.32E-17
  4394.3 A  16  10 /FILMEM = HPS95MO /TYPE = RECOM    /INDM =+1/ISEL =   12
 1.00E+11 2.00E+11 5.00E+11 1.00E+12 2.00E+12 5.00E+12 1.00E+13 2.00E+13
 5.00E+13 1.00E+14 2.00E+14 5.00E+14 1.00E+15 2.00E+15 5.00E+15 1.00E+16
 1.00E+00 2.00E+00 5.00E+00 1.00E+01 2.00E+01 3.00E+01 4.00E+01 5.00E+01
 6.50E+01 8.00E+01
 7.20E-18 7.95E-18 9.12E-18 6.39E-18 3.21E-18 2.05E-18 1.52E-18 1.25E-18
 1.02E-18 8.67E-19
 1.44E-17 1.59E-17 1.82E-17 1.27E-17 6.39E-18 4.08E-18 3.03E-18 2.48E-18
 2.03E-18 1.73E-18
 3.58E-17 3.94E-17 4.49E-17 3.14E-17 1.58E-17 1.01E-17 7.47E-18 6.12E-18
 5.01E-18 4.25E-18
 7.11E-17 7.79E-17 8.82E-17 6.14E-17 3.08E-17 1.96E-17 1.46E-17 1.20E-17
 9.78E-18 8.31E-18
 1.40E-16 1.52E-16 1.70E-16 1.18E-16 5.88E-17 3.75E-17 2.79E-17 2.28E-17
 1.87E-17 1.59E-17
 3.37E-16 3.57E-16 3.84E-16 2.60E-16 1.29E-16 8.22E-17 6.12E-17 5.01E-17
 4.11E-17 3.49E-17
 6.31E-16 6.45E-16 6.58E-16 4.34E-16 2.13E-16 1.35E-16 1.01E-16 8.26E-17
 6.77E-17 5.77E-17
 1.12E-15 1.08E-15 1.01E-15 6.38E-16 3.08E-16 1.95E-16 1.46E-16 1.19E-16
 9.81E-17 8.36E-17
 2.10E-15 1.76E-15 1.40E-15 8.20E-16 3.83E-16 2.42E-16 1.80E-16 1.48E-16
 1.22E-16 1.04E-16
 2.94E-15 2.15E-15 1.45E-15 7.93E-16 3.60E-16 2.26E-16 1.69E-16 1.39E-16
 1.14E-16 9.79E-17
 3.66E-15 2.26E-15 1.26E-15 6.43E-16 2.83E-16 1.77E-16 1.31E-16 1.08E-16
 8.87E-17 7.62E-17
 4.23E-15 2.06E-15 8.69E-16 4.01E-16 1.69E-16 1.04E-16 7.65E-17 6.25E-17
 5.12E-17 4.39E-17
 4.43E-15 1.83E-15 6.21E-16 2.64E-16 1.07E-16 6.49E-17 4.73E-17 3.82E-17
 3.09E-17 2.63E-17
 4.51E-15 1.64E-15 4.58E-16 1.79E-16 6.96E-17 4.12E-17 2.94E-17 2.33E-17
 1.85E-17 1.55E-17
 4.55E-15 1.50E-15 3.44E-16 1.21E-16 4.43E-17 2.53E-17 1.74E-17 1.34E-17
 1.01E-17 8.18E-18
 4.56E-15 1.44E-15 3.03E-16 1.01E-16 3.54E-17 1.97E-17 1.32E-17 9.85E-18
 7.15E-18 5.61E-18
  3845.7 A  16  10 /FILMEM = HPS95MO /TYPE = RECOM    /INDM =+2/ISEL =   13
 1.00E+11 2.00E+11 5.00E+11 1.00E+12 2.00E+12 5.00E+12 1.00E+13 2.00E+13
 5.00E+13 1.00E+14 2.00E+14 5.00E+14 1.00E+15 2.00E+15 5.00E+15 1.00E+16
 1.00E+00 2.00E+00 5.00E+00 1.00E+01 2.00E+01 3.00E+01 4.00E+01 5.00E+01
 6.50E+01 8.00E+01
 1.87E-19 1.37E-19 8.69E-20 5.15E-20 2.18E-20 1.13E-20 6.71E-21 4.38E-21
 2.60E-21 1.70E-21
 3.73E-19 2.74E-19 1.74E-19 1.03E-19 4.36E-20 2.26E-20 1.34E-20 8.75E-21
 5.19E-21 3.39E-21
 9.33E-19 6.84E-19 4.34E-19 2.57E-19 1.09E-19 5.64E-20 3.35E-20 2.19E-20
 1.30E-20 8.47E-21
 1.86E-18 1.37E-18 8.67E-19 5.13E-19 2.17E-19 1.13E-19 6.69E-20 4.36E-20
 2.59E-20 1.69E-20
 3.73E-18 2.73E-18 1.73E-18 1.02E-18 4.33E-19 2.24E-19 1.33E-19 8.69E-20
 5.16E-20 3.37E-20
 9.29E-18 6.80E-18 4.29E-18 2.53E-18 1.07E-18 5.54E-19 3.29E-19 2.15E-19
 1.27E-19 8.34E-20
 1.85E-17 1.35E-17 8.48E-18 4.99E-18 2.10E-18 1.09E-18 6.47E-19 4.22E-19
 2.50E-19 1.64E-19
 3.66E-17 2.66E-17 1.65E-17 9.66E-18 4.05E-18 2.10E-18 1.25E-18 8.13E-19
 4.83E-19 3.16E-19
 8.90E-17 6.38E-17 3.85E-17 2.20E-17 9.12E-18 4.71E-18 2.80E-18 1.83E-18
 1.09E-18 7.14E-19
 1.70E-16 1.19E-16 6.86E-17 3.80E-17 1.55E-17 7.97E-18 4.74E-18 3.10E-18
 1.85E-18 1.22E-18
 3.12E-16 2.09E-16 1.11E-16 5.85E-17 2.32E-17 1.19E-17 7.05E-18 4.62E-18
 2.77E-18 1.84E-18
 6.12E-16 3.70E-16 1.65E-16 7.82E-17 2.94E-17 1.49E-17 8.87E-18 5.84E-18
 3.54E-18 2.37E-18
 8.69E-16 4.64E-16 1.73E-16 7.48E-17 2.70E-17 1.36E-17 8.08E-18 5.34E-18
 3.26E-18 2.20E-18
 1.01E-15 4.66E-16 1.44E-16 5.74E-17 2.00E-17 9.97E-18 5.94E-18 3.94E-18
 2.42E-18 1.64E-18
 8.72E-16 3.33E-16 8.44E-17 3.13E-17 1.06E-17 5.25E-18 3.13E-18 2.08E-18
 1.29E-18 8.79E-19
 6.16E-16 2.12E-16 4.89E-17 1.76E-17 5.85E-18 2.90E-18 1.73E-18 1.15E-18
 7.14E-19 4.89E-19
  3160.5 A  16  10 /FILMEM = HPS95MO /TYPE = RECOM    /INDM =+2/ISEL =   14
 1.00E+11 2.00E+11 5.00E+11 1.00E+12 2.00E+12 5.00E+12 1.00E+13 2.00E+13
 5.00E+13 1.00E+14 2.00E+14 5.00E+14 1.00E+15 2.00E+15 5.00E+15 1.00E+16
 1.00E+00 2.00E+00 5.00E+00 1.00E+01 2.00E+01 3.00E+01 4.00E+01 5.00E+01
 6.50E+01 8.00E+01
 1.57E-14 1.13E-14 7.58E-15 5.23E-15 3.05E-15 2.06E-15 1.51E-15 1.17E-15
 8.54E-16 6.59E-16
 1.57E-14 1.13E-14 7.58E-15 5.23E-15 3.05E-15 2.06E-15 1.51E-15 1.17E-15
 8.54E-16 6.59E-16
 1.57E-14 1.13E-14 7.57E-15 5.22E-15 3.05E-15 2.05E-15 1.51E-15 1.17E-15
 8.53E-16 6.59E-16
 1.57E-14 1.13E-14 7.57E-15 5.22E-15 3.04E-15 2.05E-15 1.51E-15 1.17E-15
 8.53E-16 6.58E-16
 1.57E-14 1.13E-14 7.56E-15 5.21E-15 3.04E-15 2.05E-15 1.50E-15 1.17E-15
 8.52E-16 6.57E-16
 1.57E-14 1.13E-14 7.54E-15 5.19E-15 3.03E-15 2.04E-15 1.50E-15 1.16E-15
 8.48E-16 6.54E-16
 1.56E-14 1.12E-14 7.50E-15 5.16E-15 3.00E-15 2.03E-15 1.49E-15 1.15E-15
 8.42E-16 6.50E-16
 1.56E-14 1.12E-14 7.43E-15 5.09E-15 2.96E-15 2.00E-15 1.47E-15 1.14E-15
 8.30E-16 6.41E-16
 1.54E-14 1.10E-14 7.21E-15 4.90E-15 2.84E-15 1.91E-15 1.40E-15 1.09E-15
 7.97E-16 6.16E-16
 1.52E-14 1.07E-14 6.88E-15 4.62E-15 2.66E-15 1.79E-15 1.31E-15 1.02E-15
 7.47E-16 5.79E-16
 1.47E-14 1.02E-14 6.30E-15 4.14E-15 2.35E-15 1.58E-15 1.16E-15 9.04E-16
 6.64E-16 5.16E-16
 1.34E-14 8.84E-15 5.03E-15 3.15E-15 1.75E-15 1.17E-15 8.65E-16 6.74E-16
 4.98E-16 3.89E-16
 1.17E-14 7.27E-15 3.77E-15 2.26E-15 1.23E-15 8.22E-16 6.06E-16 4.74E-16
 3.52E-16 2.76E-16
 9.39E-15 5.38E-15 2.51E-15 1.44E-15 7.71E-16 5.14E-16 3.79E-16 2.97E-16
 2.21E-16 1.74E-16
 5.90E-15 3.02E-15 1.26E-15 6.90E-16 3.64E-16 2.42E-16 1.79E-16 1.40E-16
 1.05E-16 8.30E-17
 3.65E-15 1.75E-15 6.86E-16 3.69E-16 1.93E-16 1.28E-16 9.50E-17 7.46E-17
 5.59E-17 4.43E-17
  5529.5 A  16  10 /FILMEM = HPS95MO /TYPE = RECOM    /INDM =+2/ISEL =   15
 1.00E+11 2.00E+11 5.00E+11 1.00E+12 2.00E+12 5.00E+12 1.00E+13 2.00E+13
 5.00E+13 1.00E+14 2.00E+14 5.00E+14 1.00E+15 2.00E+15 5.00E+15 1.00E+16
 1.00E+00 2.00E+00 5.00E+00 1.00E+01 2.00E+01 3.00E+01 4.00E+01 5.00E+01
 6.50E+01 8.00E+01
 1.24E-17 1.12E-17 8.07E-18 5.25E-18 2.76E-18 1.78E-18 1.30E-18 1.02E-18
 7.81E-19 6.29E-19
 2.48E-17 2.23E-17 1.61E-17 1.05E-17 5.49E-18 3.54E-18 2.59E-18 2.04E-18
 1.56E-18 1.25E-18
 6.17E-17 5.53E-17 3.97E-17 2.58E-17 1.35E-17 8.73E-18 6.37E-18 5.02E-18
 3.83E-18 3.09E-18
 1.22E-16 1.09E-16 7.80E-17 5.05E-17 2.64E-17 1.71E-17 1.24E-17 9.81E-18
 7.49E-18 6.03E-18
 2.41E-16 2.13E-16 1.50E-16 9.66E-17 5.05E-17 3.26E-17 2.38E-17 1.87E-17
 1.43E-17 1.15E-17
 5.75E-16 4.98E-16 3.39E-16 2.14E-16 1.11E-16 7.14E-17 5.21E-17 4.11E-17
 3.14E-17 2.53E-17
 1.07E-15 8.93E-16 5.79E-16 3.55E-16 1.82E-16 1.17E-16 8.57E-17 6.77E-17
 5.18E-17 4.18E-17
 1.85E-15 1.47E-15 8.83E-16 5.21E-16 2.63E-16 1.69E-16 1.24E-16 9.77E-17
 7.48E-17 6.05E-17
 3.26E-15 2.32E-15 1.20E-15 6.62E-16 3.25E-16 2.08E-16 1.52E-16 1.21E-16
 9.27E-17 7.53E-17
 4.17E-15 2.67E-15 1.22E-15 6.30E-16 3.01E-16 1.92E-16 1.41E-16 1.12E-16
 8.63E-17 7.03E-17
 4.39E-15 2.52E-15 1.01E-15 4.93E-16 2.30E-16 1.47E-16 1.08E-16 8.55E-17
 6.62E-17 5.41E-17
 3.48E-15 1.76E-15 6.08E-16 2.80E-16 1.28E-16 8.10E-17 5.95E-17 4.74E-17
 3.68E-17 3.02E-17
 2.39E-15 1.12E-15 3.60E-16 1.61E-16 7.25E-17 4.59E-17 3.37E-17 2.69E-17
 2.09E-17 1.72E-17
 1.45E-15 6.44E-16 1.97E-16 8.67E-17 3.88E-17 2.46E-17 1.80E-17 1.44E-17
 1.12E-17 9.22E-18
 6.56E-16 2.82E-16 8.35E-17 3.63E-17 1.62E-17 1.02E-17 7.52E-18 6.00E-18
 4.67E-18 3.85E-18
 3.43E-16 1.46E-16 4.26E-17 1.85E-17 8.21E-18 5.19E-18 3.81E-18 3.04E-18
 2.37E-18 1.96E-18
  4394.3 A  16  10 /FILMEM = HPS95MO /TYPE = RECOM    /INDM =+2/ISEL =   16
 1.00E+11 2.00E+11 5.00E+11 1.00E+12 2.00E+12 5.00E+12 1.00E+13 2.00E+13
 5.00E+13 1.00E+14 2.00E+14 5.00E+14 1.00E+15 2.00E+15 5.00E+15 1.00E+16
 1.00E+00 2.00E+00 5.00E+00 1.00E+01 2.00E+01 3.00E+01 4.00E+01 5.00E+01
 6.50E+01 8.00E+01
 1.10E-14 7.84E-15 5.02E-15 3.38E-15 1.97E-15 1.34E-15 9.88E-16 7.71E-16
 5.68E-16 4.42E-16
 1.10E-14 7.83E-15 5.01E-15 3.36E-15 1.96E-15 1.33E-15 9.84E-16 7.67E-16
 5.66E-16 4.40E-16
 1.09E-14 7.78E-15 4.96E-15 3.33E-15 1.94E-15 1.32E-15 9.72E-16 7.58E-16
 5.59E-16 4.35E-16
 1.09E-14 7.70E-15 4.89E-15 3.27E-15 1.90E-15 1.29E-15 9.54E-16 7.44E-16
 5.49E-16 4.27E-16
 1.07E-14 7.56E-15 4.74E-15 3.15E-15 1.83E-15 1.24E-15 9.18E-16 7.17E-16
 5.28E-16 4.11E-16
 1.03E-14 7.15E-15 4.36E-15 2.86E-15 1.65E-15 1.12E-15 8.27E-16 6.45E-16
 4.76E-16 3.71E-16
 9.72E-15 6.56E-15 3.85E-15 2.47E-15 1.42E-15 9.59E-16 7.09E-16 5.54E-16
 4.09E-16 3.19E-16
 8.72E-15 5.64E-15 3.12E-15 1.95E-15 1.10E-15 7.47E-16 5.53E-16 4.32E-16
 3.19E-16 2.49E-16
 6.69E-15 4.00E-15 2.00E-15 1.20E-15 6.68E-16 4.51E-16 3.34E-16 2.61E-16
 1.94E-16 1.51E-16
 4.86E-15 2.72E-15 1.27E-15 7.34E-16 4.05E-16 2.73E-16 2.02E-16 1.58E-16
 1.17E-16 9.19E-17
 3.18E-15 1.69E-15 7.39E-16 4.17E-16 2.28E-16 1.53E-16 1.14E-16 8.90E-17
 6.60E-17 5.18E-17
 1.60E-15 8.07E-16 3.32E-16 1.83E-16 9.88E-17 6.64E-17 4.92E-17 3.86E-17
 2.87E-17 2.25E-17
 8.89E-16 4.36E-16 1.74E-16 9.46E-17 5.09E-17 3.42E-17 2.53E-17 1.99E-17
 1.48E-17 1.16E-17
 4.73E-16 2.28E-16 8.90E-17 4.82E-17 2.59E-17 1.74E-17 1.29E-17 1.01E-17
 7.51E-18 5.90E-18
 1.97E-16 9.39E-17 3.62E-17 1.95E-17 1.04E-17 7.01E-18 5.20E-18 4.08E-18
 3.03E-18 2.39E-18
 1.00E-16 4.74E-17 1.82E-17 9.78E-18 5.24E-18 3.52E-18 2.61E-18 2.05E-18
 1.52E-18 1.20E-18
  3845.7 A  16  10 /FILMEM = HPS95MO /TYPE = RECOM    /INDM =+3/ISEL =   17
 1.00E+11 2.00E+11 5.00E+11 1.00E+12 2.00E+12 5.00E+12 1.00E+13 2.00E+13
 5.00E+13 1.00E+14 2.00E+14 5.00E+14 1.00E+15 2.00E+15 5.00E+15 1.00E+16
 1.00E+00 2.00E+00 5.00E+00 1.00E+01 2.00E+01 3.00E+01 4.00E+01 5.00E+01
 6.50E+01 8.00E+01
 1.00E-74 1.00E-74 1.00E-74 1.00E-74 1.00E-74 1.00E-74 1.00E-74 1.00E-74
 1.00E-74 1.00E-74
 1.00E-74 1.00E-74 1.00E-74 1.00E-74 1.00E-74 1.00E-74 1.00E-74 1.00E-74
 1.00E-74 1.00E-74
 1.00E-74 1.00E-74 1.00E-74 1.00E-74 1.00E-74 1.00E-74 1.00E-74 1.00E-74
 1.00E-74 1.00E-74
 1.00E-74 1.00E-74 1.00E-74 1.00E-74 1.00E-74 1.00E-74 1.00E-74 1.00E-74
 1.00E-74 1.00E-74
 1.00E-74 1.00E-74 1.00E-74 1.00E-74 1.00E-74 1.00E-74 1.00E-74 1.00E-74
 1.00E-74 1.00E-74
 1.00E-74 1.00E-74 1.00E-74 1.00E-74 1.00E-74 1.00E-74 1.00E-74 1.00E-74
 1.00E-74 1.00E-74
 1.00E-74 1.00E-74 1.00E-74 1.00E-74 1.00E-74 1.00E-74 1.00E-74 1.00E-74
 1.00E-74 1.00E-74
 1.00E-74 1.00E-74 1.00E-74 1.00E-74 1.00E-74 1.00E-74 1.00E-74 1.00E-74
 1.00E-74 1.00E-74
 1.00E-74 1.00E-74 1.00E-74 1.00E-74 1.00E-74 1.00E-74 1.00E-74 1.00E-74
 1.00E-74 1.00E-74
 1.00E-74 1.00E-74 1.00E-74 1.00E-74 1.00E-74 1.00E-74 1.00E-74 1.00E-74
 1.00E-74 1.00E-74
 1.00E-74 1.00E-74 1.00E-74 1.00E-74 1.00E-74 1.00E-74 1.00E-74 1.00E-74
 1.00E-74 1.00E-74
 1.00E-74 1.00E-74 1.00E-74 1.00E-74 1.00E-74 1.00E-74 1.00E-74 1.00E-74
 1.00E-74 1.00E-74
 1.00E-74 1.00E-74 1.00E-74 1.00E-74 1.00E-74 1.00E-74 1.00E-74 1.00E-74
 1.00E-74 1.00E-74
 1.00E-74 1.00E-74 1.00E-74 1.00E-74 1.00E-74 1.00E-74 1.00E-74 1.00E-74
 1.00E-74 1.00E-74
 1.00E-74 1.00E-74 1.00E-74 1.00E-74 1.00E-74 1.00E-74 1.00E-74 1.00E-74
 1.00E-74 1.00E-74
 1.00E-74 1.00E-74 1.00E-74 1.00E-74 1.00E-74 1.00E-74 1.00E-74 1.00E-74
 1.00E-74 1.00E-74
  3160.5 A  16  10 /FILMEM = HPS95MO /TYPE = RECOM    /INDM =+3/ISEL =   18
 1.00E+11 2.00E+11 5.00E+11 1.00E+12 2.00E+12 5.00E+12 1.00E+13 2.00E+13
 5.00E+13 1.00E+14 2.00E+14 5.00E+14 1.00E+15 2.00E+15 5.00E+15 1.00E+16
 1.00E+00 2.00E+00 5.00E+00 1.00E+01 2.00E+01 3.00E+01 4.00E+01 5.00E+01
 6.50E+01 8.00E+01
 1.00E-74 1.00E-74 1.00E-74 1.00E-74 1.00E-74 1.00E-74 1.00E-74 1.00E-74
 1.00E-74 1.00E-74
 1.00E-74 1.00E-74 1.00E-74 1.00E-74 1.00E-74 1.00E-74 1.00E-74 1.00E-74
 1.00E-74 1.00E-74
 1.00E-74 1.00E-74 1.00E-74 1.00E-74 1.00E-74 1.00E-74 1.00E-74 1.00E-74
 1.00E-74 1.00E-74
 1.00E-74 1.00E-74 1.00E-74 1.00E-74 1.00E-74 1.00E-74 1.00E-74 1.00E-74
 1.00E-74 1.00E-74
 1.00E-74 1.00E-74 1.00E-74 1.00E-74 1.00E-74 1.00E-74 1.00E-74 1.00E-74
 1.00E-74 1.00E-74
 1.00E-74 1.00E-74 1.00E-74 1.00E-74 1.00E-74 1.00E-74 1.00E-74 1.00E-74
 1.00E-74 1.00E-74
 1.00E-74 1.00E-74 1.00E-74 1.00E-74 1.00E-74 1.00E-74 1.00E-74 1.00E-74
 1.00E-74 1.00E-74
 1.00E-74 1.00E-74 1.00E-74 1.00E-74 1.00E-74 1.00E-74 1.00E-74 1.00E-74
 1.00E-74 1.00E-74
 1.00E-74 1.00E-74 1.00E-74 1.00E-74 1.00E-74 1.00E-74 1.00E-74 1.00E-74
 1.00E-74 1.00E-74
 1.00E-74 1.00E-74 1.00E-74 1.00E-74 1.00E-74 1.00E-74 1.00E-74 1.00E-74
 1.00E-74 1.00E-74
 1.00E-74 1.00E-74 1.00E-74 1.00E-74 1.00E-74 1.00E-74 1.00E-74 1.00E-74
 1.00E-74 1.00E-74
 1.00E-74 1.00E-74 1.00E-74 1.00E-74 1.00E-74 1.00E-74 1.00E-74 1.00E-74
 1.00E-74 1.00E-74
 1.00E-74 1.00E-74 1.00E-74 1.00E-74 1.00E-74 1.00E-74 1.00E-74 1.00E-74
 1.00E-74 1.00E-74
 1.00E-74 1.00E-74 1.00E-74 1.00E-74 1.00E-74 1.00E-74 1.00E-74 1.00E-74
 1.00E-74 1.00E-74
 1.00E-74 1.00E-74 1.00E-74 1.00E-74 1.00E-74 1.00E-74 1.00E-74 1.00E-74
 1.00E-74 1.00E-74
 1.00E-74 1.00E-74 1.00E-74 1.00E-74 1.00E-74 1.00E-74 1.00E-74 1.00E-74
 1.00E-74 1.00E-74
  5529.5 A  16  10 /FILMEM = HPS95MO /TYPE = RECOM    /INDM =+3/ISEL =   19
 1.00E+11 2.00E+11 5.00E+11 1.00E+12 2.00E+12 5.00E+12 1.00E+13 2.00E+13
 5.00E+13 1.00E+14 2.00E+14 5.00E+14 1.00E+15 2.00E+15 5.00E+15 1.00E+16
 1.00E+00 2.00E+00 5.00E+00 1.00E+01 2.00E+01 3.00E+01 4.00E+01 5.00E+01
 6.50E+01 8.00E+01
 1.10E-17 9.84E-18 7.44E-18 5.22E-18 2.95E-18 1.97E-18 1.46E-18 1.16E-18
 8.94E-19 7.23E-19
 2.19E-17 1.96E-17 1.48E-17 1.04E-17 5.88E-18 3.92E-18 2.90E-18 2.31E-18
 1.78E-18 1.44E-18
 5.45E-17 4.87E-17 3.67E-17 2.56E-17 1.45E-17 9.65E-18 7.16E-18 5.69E-18
 4.39E-18 3.55E-18
 1.08E-16 9.63E-17 7.20E-17 5.02E-17 2.83E-17 1.88E-17 1.40E-17 1.11E-17
 8.57E-18 6.93E-18
 2.13E-16 1.88E-16 1.39E-16 9.61E-17 5.40E-17 3.60E-17 2.67E-17 2.12E-17
 1.64E-17 1.32E-17
 5.07E-16 4.39E-16 3.13E-16 2.12E-16 1.19E-16 7.88E-17 5.85E-17 4.66E-17
 3.59E-17 2.91E-17
 9.41E-16 7.88E-16 5.34E-16 3.53E-16 1.95E-16 1.30E-16 9.63E-17 7.68E-17
 5.92E-17 4.81E-17
 1.64E-15 1.30E-15 8.15E-16 5.18E-16 2.81E-16 1.87E-16 1.39E-16 1.11E-16
 8.56E-17 6.96E-17
 2.88E-15 2.05E-15 1.11E-15 6.58E-16 3.47E-16 2.30E-16 1.71E-16 1.37E-16
 1.06E-16 8.65E-17
 3.68E-15 2.35E-15 1.12E-15 6.26E-16 3.22E-16 2.13E-16 1.58E-16 1.27E-16
 9.87E-17 8.08E-17
 3.88E-15 2.22E-15 9.31E-16 4.91E-16 2.47E-16 1.62E-16 1.21E-16 9.70E-17
 7.57E-17 6.22E-17
 3.08E-15 1.55E-15 5.61E-16 2.79E-16 1.37E-16 8.95E-17 6.68E-17 5.37E-17
 4.21E-17 3.47E-17
 2.11E-15 9.88E-16 3.32E-16 1.60E-16 7.76E-17 5.07E-17 3.79E-17 3.05E-17
 2.39E-17 1.98E-17
 1.28E-15 5.68E-16 1.82E-16 8.62E-17 4.15E-17 2.71E-17 2.03E-17 1.63E-17
 1.28E-17 1.06E-17
 5.79E-16 2.49E-16 7.71E-17 3.61E-17 1.73E-17 1.13E-17 8.45E-18 6.81E-18
 5.35E-18 4.43E-18
 3.03E-16 1.28E-16 3.93E-17 1.83E-17 8.80E-18 5.74E-18 4.28E-18 3.45E-18
 2.71E-18 2.25E-18
  4394.3 A  16  10 /FILMEM = HPS95MO /TYPE = RECOM    /INDM =+3/ISEL =   20
 1.00E+11 2.00E+11 5.00E+11 1.00E+12 2.00E+12 5.00E+12 1.00E+13 2.00E+13
 5.00E+13 1.00E+14 2.00E+14 5.00E+14 1.00E+15 2.00E+15 5.00E+15 1.00E+16
 1.00E+00 2.00E+00 5.00E+00 1.00E+01 2.00E+01 3.00E+01 4.00E+01 5.00E+01
 6.50E+01 8.00E+01
 9.69E-15 6.91E-15 4.63E-15 3.36E-15 2.11E-15 1.48E-15 1.11E-15 8.74E-16
 6.50E-16 5.08E-16
 9.68E-15 6.90E-15 4.62E-15 3.34E-15 2.10E-15 1.47E-15 1.10E-15 8.71E-16
 6.48E-16 5.06E-16
 9.64E-15 6.86E-15 4.58E-15 3.31E-15 2.08E-15 1.45E-15 1.09E-15 8.60E-16
 6.40E-16 5.00E-16
 9.58E-15 6.79E-15 4.51E-15 3.25E-15 2.04E-15 1.43E-15 1.07E-15 8.44E-16
 6.28E-16 4.91E-16
 9.46E-15 6.66E-15 4.38E-15 3.13E-15 1.96E-15 1.37E-15 1.03E-15 8.13E-16
 6.05E-16 4.73E-16
 9.11E-15 6.30E-15 4.02E-15 2.84E-15 1.77E-15 1.24E-15 9.29E-16 7.32E-16
 5.45E-16 4.26E-16
 8.58E-15 5.78E-15 3.55E-15 2.45E-15 1.52E-15 1.06E-15 7.97E-16 6.28E-16
 4.68E-16 3.66E-16
 7.70E-15 4.97E-15 2.88E-15 1.93E-15 1.18E-15 8.26E-16 6.21E-16 4.90E-16
 3.65E-16 2.86E-16
 5.91E-15 3.52E-15 1.85E-15 1.19E-15 7.15E-16 4.99E-16 3.75E-16 2.97E-16
 2.21E-16 1.74E-16
 4.29E-15 2.40E-15 1.17E-15 7.30E-16 4.34E-16 3.02E-16 2.27E-16 1.80E-16
 1.34E-16 1.06E-16
 2.81E-15 1.49E-15 6.81E-16 4.14E-16 2.44E-16 1.69E-16 1.28E-16 1.01E-16
 7.56E-17 5.95E-17
 1.41E-15 7.11E-16 3.06E-16 1.82E-16 1.06E-16 7.34E-17 5.53E-17 4.38E-17
 3.28E-17 2.59E-17
 7.85E-16 3.84E-16 1.60E-16 9.40E-17 5.45E-17 3.78E-17 2.85E-17 2.25E-17
 1.69E-17 1.34E-17
 4.17E-16 2.01E-16 8.21E-17 4.79E-17 2.77E-17 1.92E-17 1.45E-17 1.15E-17
 8.60E-18 6.79E-18
 1.74E-16 8.28E-17 3.34E-17 1.94E-17 1.12E-17 7.75E-18 5.84E-18 4.62E-18
 3.47E-18 2.74E-18
 8.85E-17 4.18E-17 1.68E-17 9.73E-18 5.61E-18 3.89E-18 2.93E-18 2.32E-18
 1.74E-18 1.38E-18
C-----------------------------------------------------------------------
C
C  PHOTON EMISSIVITY COEFFICIENTS:
C
C  SOURCE SPECIFIC ION   FILE:/JETSHP.MOLIKE.DATA(HPS95MO)
C  SOURCE IONIS. COEFFT. FILE:/JETSHP.IONELEC.DATA(SZD#MO)
C  META. ION. COEFF. SELECTOR:  2(1,1)    3(1,2)    0(1,3)
C                               5(2,1)    6(2,2)    7(2,3)
C  POPULATION PROCESSING CODE:  ADAS208
C
C  ISEL  WAVELENGTH      TRANSITION            TYPE    METASTABLE  IMET NMET  IP
C  ----  ----------  ------------------------  -----  ------------ ---- ----  --
C   1.    3845.7     3(7)1(10.0)- 1(7)0( 3.0)  EXCIT   1(7)0( 3.0)   1     2
C   2.    3160.5     5(7)1(10.0)- 1(7)0( 3.0)  EXCIT   1(7)0( 3.0)   1     2
C   3.    5529.5     4(5)1( 7.0)- 2(5)0( 2.0)  EXCIT   1(7)0( 3.0)   1     2
C   4.    4394.3     6(5)1( 7.0)- 2(5)0( 2.0)  EXCIT   1(7)0( 3.0)   1     2
C   5.    3845.7     3(7)1(10.0)- 1(7)0( 3.0)  EXCIT   2(5)0( 2.0)   2     2
C   6.    3160.5     5(7)1(10.0)- 1(7)0( 3.0)  EXCIT   2(5)0( 2.0)   2     2
C   7.    5529.5     4(5)1( 7.0)- 2(5)0( 2.0)  EXCIT   2(5)0( 2.0)   2     2
C   8.    4394.3     6(5)1( 7.0)- 2(5)0( 2.0)  EXCIT   2(5)0( 2.0)   2     2
C   9.    3845.7     3(7)1(10.0)- 1(7)0( 3.0)  RECOM  SEE HPS95MO             +1
C  10.    3160.5     5(7)1(10.0)- 1(7)0( 3.0)  RECOM  SEE HPS95MO             +1
C  11.    5529.5     4(5)1( 7.0)- 2(5)0( 2.0)  RECOM  SEE HPS95MO             +1
C  12.    4394.3     6(5)1( 7.0)- 2(5)0( 2.0)  RECOM  SEE HPS95MO             +1
C  13.    3845.7     3(7)1(10.0)- 1(7)0( 3.0)  RECOM  SEE HPS95MO             +2
C  14.    3160.5     5(7)1(10.0)- 1(7)0( 3.0)  RECOM  SEE HPS95MO             +2
C  15.    5529.5     4(5)1( 7.0)- 2(5)0( 2.0)  RECOM  SEE HPS95MO             +2
C  16.    4394.3     6(5)1( 7.0)- 2(5)0( 2.0)  RECOM  SEE HPS95MO             +2
C  17.    3845.7     3(7)1(10.0)- 1(7)0( 3.0)  RECOM  SEE HPS95MO             +3
C  18.    3160.5     5(7)1(10.0)- 1(7)0( 3.0)  RECOM  SEE HPS95MO             +3
C  19.    5529.5     4(5)1( 7.0)- 2(5)0( 2.0)  RECOM  SEE HPS95MO             +3
C  20.    4394.3     6(5)1( 7.0)- 2(5)0( 2.0)  RECOM  SEE HPS95MO             +3
C
C   NOTES:  PROCESSED 14/08/95
C
C-------------------------------------------------------------------------------
 
C---------------------------------------------------------------------------------
C ADAS ADF15 DATA - SCCS info: @(#)$Header: /home/adascvs/adas/adf15/pec93#mo/pec93#mo_llr#mo0.dat,v 2.2 2005/04/27 10:40:55 allan Exp $ Date $Date: 2005/04/27 10:40:55 $
C---------------------------------------------------------------------------------
