   16    /NI+26 EMISSIVITY COEFFTS./
     1.6 A  24  24 /FILMEM = w05#ni26/TYPE = EXCIT    /INDM = T/ISEL =    1
 1.05E+11 1.05E+12 1.05E+13 1.05E+14 1.05E+15 1.05E+16 3.14E+16 1.05E+17
 3.14E+17 1.05E+18 3.14E+18 1.05E+19 3.14E+19 1.05E+20 3.14E+20 1.05E+21
 3.14E+21 1.05E+22 3.14E+22 1.05E+23 3.14E+23 1.05E+24 3.14E+24 1.05E+25
 3.14E+01 4.40E+01 6.28E+01 9.42E+01 1.26E+02 1.88E+02 3.14E+02 4.40E+02
 6.28E+02 9.42E+02 1.26E+03 1.88E+03 3.14E+03 4.40E+03 6.28E+03 9.42E+03
 1.26E+04 1.88E+04 3.14E+04 4.40E+04 6.28E+04 9.42E+04 1.26E+05 1.88E+05
 1.00E-74 1.00E-74 1.00E-74 1.00E-74 1.37E-38 1.16E-29 1.49E-22 1.59E-19
 2.86E-17 1.56E-15 1.13E-14 8.02E-14 3.77E-13 7.26E-13 1.18E-12 1.71E-12
 2.04E-12 2.40E-12 2.67E-12 2.73E-12 2.72E-12 2.64E-12 2.57E-12 2.44E-12
 1.00E-74 1.00E-74 1.00E-74 1.00E-74 1.58E-38 1.32E-29 1.68E-22 1.79E-19
 3.21E-17 1.74E-15 1.25E-14 8.83E-14 4.10E-13 7.84E-13 1.27E-12 1.81E-12
 2.15E-12 2.52E-12 2.76E-12 2.81E-12 2.79E-12 2.70E-12 2.62E-12 2.48E-12
 1.00E-74 1.00E-74 1.00E-74 1.00E-74 1.66E-38 1.38E-29 1.76E-22 1.87E-19
 3.36E-17 1.83E-15 1.32E-14 9.31E-14 4.32E-13 8.26E-13 1.33E-12 1.91E-12
 2.26E-12 2.64E-12 2.89E-12 2.94E-12 2.91E-12 2.81E-12 2.71E-12 2.56E-12
 1.00E-74 1.00E-74 1.00E-74 1.00E-74 1.67E-38 1.39E-29 1.77E-22 1.88E-19
 3.39E-17 1.84E-15 1.33E-14 9.38E-14 4.36E-13 8.33E-13 1.34E-12 1.92E-12
 2.28E-12 2.66E-12 2.92E-12 2.96E-12 2.94E-12 2.84E-12 2.74E-12 2.59E-12
 1.00E-74 1.00E-74 1.00E-74 1.00E-74 1.67E-38 1.39E-29 1.77E-22 1.89E-19
 3.39E-17 1.84E-15 1.33E-14 9.39E-14 4.36E-13 8.34E-13 1.34E-12 1.93E-12
 2.28E-12 2.66E-12 2.92E-12 2.97E-12 2.94E-12 2.84E-12 2.74E-12 2.59E-12
 1.00E-74 1.00E-74 1.00E-74 1.00E-74 1.67E-38 1.39E-29 1.78E-22 1.89E-19
 3.39E-17 1.85E-15 1.33E-14 9.39E-14 4.36E-13 8.34E-13 1.34E-12 1.93E-12
 2.28E-12 2.66E-12 2.92E-12 2.97E-12 2.94E-12 2.84E-12 2.74E-12 2.59E-12
 1.00E-74 1.00E-74 1.00E-74 2.76E-47 1.68E-38 1.40E-29 1.78E-22 1.89E-19
 3.40E-17 1.85E-15 1.33E-14 9.40E-14 4.37E-13 8.34E-13 1.34E-12 1.93E-12
 2.28E-12 2.66E-12 2.92E-12 2.97E-12 2.94E-12 2.84E-12 2.74E-12 2.59E-12
 1.00E-74 1.00E-74 1.00E-74 1.65E-47 1.69E-38 1.41E-29 1.79E-22 1.90E-19
 3.41E-17 1.86E-15 1.34E-14 9.42E-14 4.37E-13 8.35E-13 1.35E-12 1.93E-12
 2.28E-12 2.66E-12 2.92E-12 2.97E-12 2.94E-12 2.84E-12 2.74E-12 2.59E-12
 1.00E-74 1.00E-74 1.00E-74 1.93E-47 1.73E-38 1.43E-29 1.82E-22 1.93E-19
 3.46E-17 1.87E-15 1.35E-14 9.48E-14 4.39E-13 8.38E-13 1.35E-12 1.93E-12
 2.29E-12 2.66E-12 2.92E-12 2.97E-12 2.94E-12 2.84E-12 2.74E-12 2.59E-12
 1.00E-74 1.00E-74 1.00E-74 2.07E-47 1.81E-38 1.49E-29 1.89E-22 2.00E-19
 3.56E-17 1.92E-15 1.38E-14 9.64E-14 4.44E-13 8.44E-13 1.35E-12 1.93E-12
 2.29E-12 2.67E-12 2.92E-12 2.97E-12 2.94E-12 2.84E-12 2.74E-12 2.59E-12
 1.00E-74 1.00E-74 1.00E-74 2.18E-47 1.89E-38 1.56E-29 1.97E-22 2.08E-19
 3.70E-17 1.99E-15 1.42E-14 9.88E-14 4.51E-13 8.54E-13 1.37E-12 1.94E-12
 2.30E-12 2.67E-12 2.92E-12 2.97E-12 2.94E-12 2.84E-12 2.74E-12 2.59E-12
 1.00E-74 1.00E-74 1.00E-74 2.26E-47 1.96E-38 1.62E-29 2.04E-22 2.15E-19
 3.82E-17 2.05E-15 1.46E-14 1.01E-13 4.59E-13 8.66E-13 1.38E-12 1.95E-12
 2.31E-12 2.68E-12 2.93E-12 2.97E-12 2.94E-12 2.84E-12 2.74E-12 2.59E-12
 1.00E-74 1.00E-74 1.00E-74 2.30E-47 1.98E-38 1.64E-29 2.07E-22 2.18E-19
 3.88E-17 2.08E-15 1.48E-14 1.03E-13 4.64E-13 8.72E-13 1.39E-12 1.96E-12
 2.31E-12 2.68E-12 2.93E-12 2.97E-12 2.94E-12 2.84E-12 2.74E-12 2.59E-12
 1.00E-74 1.00E-74 1.00E-74 2.31E-47 1.99E-38 1.65E-29 2.08E-22 2.20E-19
 3.91E-17 2.10E-15 1.49E-14 1.03E-13 4.66E-13 8.74E-13 1.39E-12 1.96E-12
 2.31E-12 2.68E-12 2.92E-12 2.97E-12 2.94E-12 2.84E-12 2.74E-12 2.59E-12
 1.00E-74 1.00E-74 1.00E-74 2.31E-47 2.00E-38 1.65E-29 2.09E-22 2.20E-19
 3.92E-17 2.10E-15 1.49E-14 1.03E-13 4.65E-13 8.73E-13 1.39E-12 1.96E-12
 2.31E-12 2.67E-12 2.92E-12 2.97E-12 2.94E-12 2.84E-12 2.74E-12 2.59E-12
 1.00E-74 1.00E-74 1.00E-74 2.32E-47 2.01E-38 1.66E-29 2.09E-22 2.21E-19
 3.92E-17 2.10E-15 1.49E-14 1.03E-13 4.64E-13 8.71E-13 1.38E-12 1.95E-12
 2.30E-12 2.67E-12 2.91E-12 2.96E-12 2.93E-12 2.83E-12 2.74E-12 2.59E-12
 1.00E-74 1.00E-74 1.00E-74 2.34E-47 2.02E-38 1.67E-29 2.10E-22 2.21E-19
 3.93E-17 2.10E-15 1.50E-14 1.03E-13 4.64E-13 8.71E-13 1.38E-12 1.95E-12
 2.30E-12 2.66E-12 2.91E-12 2.96E-12 2.93E-12 2.83E-12 2.73E-12 2.58E-12
 1.00E-74 1.00E-74 1.00E-74 2.41E-47 2.07E-38 1.70E-29 2.13E-22 2.24E-19
 3.98E-17 2.12E-15 1.51E-14 1.04E-13 4.67E-13 8.75E-13 1.38E-12 1.95E-12
 2.30E-12 2.67E-12 2.91E-12 2.96E-12 2.93E-12 2.83E-12 2.73E-12 2.58E-12
 1.00E-74 1.00E-74 1.00E-74 2.58E-47 2.19E-38 1.78E-29 2.21E-22 2.31E-19
 4.08E-17 2.17E-15 1.54E-14 1.05E-13 4.72E-13 8.83E-13 1.39E-12 1.96E-12
 2.31E-12 2.67E-12 2.92E-12 2.96E-12 2.93E-12 2.83E-12 2.74E-12 2.59E-12
 1.00E-74 1.00E-74 1.00E-74 3.04E-47 2.52E-38 2.00E-29 2.43E-22 2.52E-19
 4.39E-17 2.30E-15 1.61E-14 1.09E-13 4.84E-13 8.97E-13 1.41E-12 1.97E-12
 2.31E-12 2.66E-12 2.90E-12 2.95E-12 2.92E-12 2.82E-12 2.72E-12 2.58E-12
 1.00E-74 1.00E-74 1.00E-74 3.70E-47 3.00E-38 2.33E-29 2.79E-22 2.86E-19
 4.91E-17 2.53E-15 1.75E-14 1.16E-13 5.02E-13 9.14E-13 1.41E-12 1.94E-12
 2.26E-12 2.59E-12 2.81E-12 2.85E-12 2.83E-12 2.74E-12 2.65E-12 2.52E-12
 1.00E-74 1.00E-74 1.00E-74 4.29E-47 3.45E-38 2.67E-29 3.18E-22 3.25E-19
 5.56E-17 2.83E-15 1.94E-14 1.26E-13 5.17E-13 9.02E-13 1.33E-12 1.76E-12
 2.00E-12 2.26E-12 2.43E-12 2.47E-12 2.46E-12 2.41E-12 2.35E-12 2.25E-12
 1.00E-74 1.00E-74 1.00E-74 4.36E-47 3.54E-38 2.76E-29 3.32E-22 3.41E-19
 5.88E-17 3.01E-15 2.05E-14 1.31E-13 4.95E-13 7.98E-13 1.08E-12 1.32E-12
 1.44E-12 1.56E-12 1.65E-12 1.68E-12 1.69E-12 1.67E-12 1.66E-12 1.62E-12
 1.00E-74 1.00E-74 1.00E-74 3.76E-47 3.15E-38 2.54E-29 3.14E-22 3.28E-19
 5.73E-17 2.97E-15 2.04E-14 1.25E-13 3.96E-13 5.43E-13 6.32E-13 6.81E-13
 7.00E-13 7.16E-13 7.28E-13 7.33E-13 7.36E-13 7.39E-13 7.39E-13 7.40E-13
     1.6 A  24  24 /FILMEM = w05#ni26/TYPE = EXCIT    /INDM = T/ISEL =    2
 1.05E+11 1.05E+12 1.05E+13 1.05E+14 1.05E+15 1.05E+16 3.14E+16 1.05E+17
 3.14E+17 1.05E+18 3.14E+18 1.05E+19 3.14E+19 1.05E+20 3.14E+20 1.05E+21
 3.14E+21 1.05E+22 3.14E+22 1.05E+23 3.14E+23 1.05E+24 3.14E+24 1.05E+25
 3.14E+01 4.40E+01 6.28E+01 9.42E+01 1.26E+02 1.88E+02 3.14E+02 4.40E+02
 6.28E+02 9.42E+02 1.26E+03 1.88E+03 3.14E+03 4.40E+03 6.28E+03 9.42E+03
 1.26E+04 1.88E+04 3.14E+04 4.40E+04 6.28E+04 9.42E+04 1.26E+05 1.88E+05
 1.00E-74 1.00E-74 1.00E-74 1.00E-74 9.54E-39 7.24E-30 8.51E-23 8.64E-20
 1.48E-17 7.56E-16 5.18E-15 3.34E-14 1.36E-13 2.36E-13 3.43E-13 4.41E-13
 4.88E-13 5.22E-13 5.26E-13 5.12E-13 4.89E-13 4.54E-13 4.27E-13 3.88E-13
 1.00E-74 1.00E-74 1.00E-74 1.00E-74 8.66E-39 6.54E-30 7.68E-23 7.79E-20
 1.33E-17 6.79E-16 4.65E-15 2.99E-14 1.21E-13 2.10E-13 3.05E-13 3.93E-13
 4.35E-13 4.69E-13 4.78E-13 4.69E-13 4.52E-13 4.24E-13 4.01E-13 3.68E-13
 1.00E-74 1.00E-74 1.00E-74 1.00E-74 8.35E-39 6.29E-30 7.35E-23 7.43E-20
 1.26E-17 6.41E-16 4.36E-15 2.79E-14 1.11E-13 1.91E-13 2.75E-13 3.50E-13
 3.85E-13 4.12E-13 4.17E-13 4.10E-13 3.95E-13 3.71E-13 3.52E-13 3.25E-13
 1.00E-74 1.00E-74 1.00E-74 1.00E-74 8.31E-39 6.26E-30 7.31E-23 7.38E-20
 1.25E-17 6.36E-16 4.32E-15 2.75E-14 1.10E-13 1.88E-13 2.70E-13 3.42E-13
 3.75E-13 4.00E-13 4.03E-13 3.95E-13 3.79E-13 3.56E-13 3.37E-13 3.09E-13
 1.00E-74 1.00E-74 1.00E-74 1.00E-74 8.33E-39 6.27E-30 7.31E-23 7.38E-20
 1.25E-17 6.36E-16 4.32E-15 2.75E-14 1.10E-13 1.88E-13 2.69E-13 3.41E-13
 3.75E-13 3.99E-13 4.02E-13 3.93E-13 3.78E-13 3.54E-13 3.35E-13 3.07E-13
 1.00E-74 1.00E-74 1.00E-74 8.75E-48 8.50E-39 6.38E-30 7.42E-23 7.48E-20
 1.27E-17 6.43E-16 4.37E-15 2.78E-14 1.11E-13 1.89E-13 2.70E-13 3.42E-13
 3.75E-13 3.99E-13 4.02E-13 3.93E-13 3.78E-13 3.54E-13 3.35E-13 3.07E-13
 1.00E-74 1.00E-74 1.00E-74 1.17E-47 8.87E-39 6.62E-30 7.65E-23 7.69E-20
 1.30E-17 6.58E-16 4.46E-15 2.83E-14 1.12E-13 1.91E-13 2.73E-13 3.44E-13
 3.77E-13 4.01E-13 4.03E-13 3.94E-13 3.78E-13 3.54E-13 3.35E-13 3.07E-13
 1.00E-74 1.00E-74 1.00E-74 1.31E-47 1.01E-38 7.39E-30 8.41E-23 8.39E-20
 1.41E-17 7.07E-16 4.77E-15 3.00E-14 1.18E-13 1.99E-13 2.82E-13 3.52E-13
 3.84E-13 4.05E-13 4.06E-13 3.96E-13 3.79E-13 3.55E-13 3.35E-13 3.08E-13
 1.00E-74 1.00E-74 1.00E-74 1.69E-47 1.28E-38 9.17E-30 1.02E-22 1.00E-19
 1.67E-17 8.29E-16 5.54E-15 3.43E-14 1.32E-13 2.19E-13 3.04E-13 3.73E-13
 4.02E-13 4.18E-13 4.13E-13 4.01E-13 3.82E-13 3.57E-13 3.37E-13 3.09E-13
 1.00E-74 1.00E-74 1.00E-74 2.44E-47 1.80E-38 1.26E-29 1.38E-22 1.35E-19
 2.24E-17 1.10E-15 7.33E-15 4.48E-14 1.67E-13 2.70E-13 3.65E-13 4.31E-13
 4.52E-13 4.55E-13 4.36E-13 4.16E-13 3.93E-13 3.63E-13 3.42E-13 3.12E-13
 1.00E-74 1.00E-74 1.00E-74 3.07E-47 2.25E-38 1.57E-29 1.72E-22 1.69E-19
 2.83E-17 1.41E-15 9.40E-15 5.77E-14 2.14E-13 3.43E-13 4.54E-13 5.21E-13
 5.34E-13 5.19E-13 4.78E-13 4.47E-13 4.14E-13 3.77E-13 3.52E-13 3.19E-13
 1.00E-74 1.00E-74 1.00E-74 3.40E-47 2.48E-38 1.73E-29 1.91E-22 1.89E-19
 3.19E-17 1.61E-15 1.08E-14 6.75E-14 2.53E-13 4.08E-13 5.40E-13 6.15E-13
 6.24E-13 5.96E-13 5.33E-13 4.90E-13 4.46E-13 4.00E-13 3.71E-13 3.33E-13
 1.00E-74 1.00E-74 1.00E-74 3.51E-47 2.56E-38 1.78E-29 1.97E-22 1.95E-19
 3.30E-17 1.67E-15 1.13E-14 7.08E-14 2.68E-13 4.33E-13 5.76E-13 6.57E-13
 6.67E-13 6.35E-13 5.65E-13 5.16E-13 4.68E-13 4.17E-13 3.85E-13 3.45E-13
 1.00E-74 1.00E-74 1.00E-74 3.54E-47 2.58E-38 1.80E-29 1.98E-22 1.97E-19
 3.33E-17 1.69E-15 1.15E-14 7.18E-14 2.72E-13 4.42E-13 5.88E-13 6.73E-13
 6.83E-13 6.51E-13 5.78E-13 5.28E-13 4.78E-13 4.26E-13 3.93E-13 3.51E-13
 1.00E-74 1.00E-74 1.00E-74 3.55E-47 2.59E-38 1.80E-29 1.99E-22 1.97E-19
 3.33E-17 1.69E-15 1.15E-14 7.20E-14 2.73E-13 4.44E-13 5.91E-13 6.78E-13
 6.89E-13 6.57E-13 5.84E-13 5.33E-13 4.83E-13 4.30E-13 3.96E-13 3.54E-13
 1.00E-74 1.00E-74 1.00E-74 3.55E-47 2.58E-38 1.80E-29 1.98E-22 1.97E-19
 3.33E-17 1.69E-15 1.14E-14 7.18E-14 2.73E-13 4.44E-13 5.93E-13 6.81E-13
 6.94E-13 6.64E-13 5.91E-13 5.40E-13 4.89E-13 4.36E-13 4.01E-13 3.59E-13
 1.00E-74 1.00E-74 1.00E-74 3.53E-47 2.57E-38 1.79E-29 1.97E-22 1.96E-19
 3.31E-17 1.67E-15 1.13E-14 7.11E-14 2.71E-13 4.42E-13 5.92E-13 6.85E-13
 7.00E-13 6.73E-13 6.03E-13 5.52E-13 5.00E-13 4.46E-13 4.10E-13 3.66E-13
 1.00E-74 1.00E-74 1.00E-74 3.46E-47 2.52E-38 1.76E-29 1.94E-22 1.93E-19
 3.25E-17 1.64E-15 1.11E-14 6.94E-14 2.65E-13 4.34E-13 5.86E-13 6.85E-13
 7.06E-13 6.87E-13 6.23E-13 5.74E-13 5.22E-13 4.66E-13 4.29E-13 3.82E-13
 1.00E-74 1.00E-74 1.00E-74 3.28E-47 2.39E-38 1.67E-29 1.86E-22 1.84E-19
 3.10E-17 1.56E-15 1.05E-14 6.59E-14 2.53E-13 4.16E-13 5.66E-13 6.70E-13
 6.98E-13 6.90E-13 6.38E-13 5.94E-13 5.45E-13 4.90E-13 4.52E-13 4.04E-13
 1.00E-74 1.00E-74 1.00E-74 2.80E-47 2.05E-38 1.45E-29 1.62E-22 1.62E-19
 2.74E-17 1.38E-15 9.28E-15 5.81E-14 2.24E-13 3.71E-13 5.10E-13 6.15E-13
 6.50E-13 6.57E-13 6.25E-13 5.91E-13 5.51E-13 5.03E-13 4.69E-13 4.23E-13
 1.00E-74 1.00E-74 1.00E-74 2.08E-47 1.53E-38 1.09E-29 1.24E-22 1.26E-19
 2.14E-17 1.08E-15 7.31E-15 4.59E-14 1.78E-13 2.96E-13 4.12E-13 5.04E-13
 5.41E-13 5.60E-13 5.50E-13 5.31E-13 5.06E-13 4.71E-13 4.46E-13 4.10E-13
 1.00E-74 1.00E-74 1.00E-74 1.35E-47 9.90E-39 7.06E-30 8.10E-23 8.25E-20
 1.41E-17 7.20E-16 4.88E-15 3.08E-14 1.18E-13 1.95E-13 2.69E-13 3.29E-13
 3.55E-13 3.74E-13 3.79E-13 3.75E-13 3.67E-13 3.53E-13 3.42E-13 3.25E-13
 1.00E-74 1.00E-74 1.00E-74 9.49E-48 7.00E-39 4.98E-30 5.67E-23 5.75E-20
 9.84E-18 5.02E-16 3.41E-15 2.13E-14 7.81E-14 1.22E-13 1.58E-13 1.84E-13
 1.95E-13 2.03E-13 2.06E-13 2.06E-13 2.05E-13 2.02E-13 1.99E-13 1.95E-13
 1.00E-74 1.00E-74 1.00E-74 6.78E-48 5.13E-39 3.73E-30 4.28E-23 4.35E-20
 7.46E-18 3.82E-16 2.60E-15 1.58E-14 4.90E-14 6.62E-14 7.57E-14 7.97E-14
 8.06E-14 8.08E-14 8.04E-14 8.01E-14 7.98E-14 7.94E-14 7.92E-14 7.88E-14
     1.3 A  24  24 /FILMEM = w05#ni26/TYPE = EXCIT    /INDM = T/ISEL =    3
 1.05E+11 1.05E+12 1.05E+13 1.05E+14 1.05E+15 1.05E+16 3.14E+16 1.05E+17
 3.14E+17 1.05E+18 3.14E+18 1.05E+19 3.14E+19 1.05E+20 3.14E+20 1.05E+21
 3.14E+21 1.05E+22 3.14E+22 1.05E+23 3.14E+23 1.05E+24 3.14E+24 1.05E+25
 3.14E+01 4.40E+01 6.28E+01 9.42E+01 1.26E+02 1.88E+02 3.14E+02 4.40E+02
 6.28E+02 9.42E+02 1.26E+03 1.88E+03 3.14E+03 4.40E+03 6.28E+03 9.42E+03
 1.26E+04 1.88E+04 3.14E+04 4.40E+04 6.28E+04 9.42E+04 1.26E+05 1.88E+05
 1.00E-74 1.00E-74 1.00E-74 1.00E-74 1.00E-74 1.31E-33 3.15E-25 1.17E-21
 5.38E-19 6.08E-17 6.33E-16 6.47E-15 4.06E-14 8.85E-14 1.58E-13 2.45E-13
 3.03E-13 3.66E-13 4.11E-13 4.23E-13 4.22E-13 4.10E-13 3.96E-13 3.74E-13
 1.00E-74 1.00E-74 1.00E-74 1.00E-74 1.00E-74 1.33E-33 3.20E-25 1.19E-21
 5.47E-19 6.18E-17 6.44E-16 6.58E-15 4.13E-14 9.00E-14 1.61E-13 2.49E-13
 3.07E-13 3.71E-13 4.17E-13 4.28E-13 4.27E-13 4.14E-13 4.00E-13 3.77E-13
 1.00E-74 1.00E-74 1.00E-74 1.00E-74 4.31E-44 1.34E-33 3.22E-25 1.20E-21
 5.51E-19 6.24E-17 6.50E-16 6.64E-15 4.18E-14 9.11E-14 1.63E-13 2.53E-13
 3.12E-13 3.77E-13 4.24E-13 4.36E-13 4.35E-13 4.22E-13 4.08E-13 3.84E-13
 1.00E-74 1.00E-74 1.00E-74 1.00E-74 4.10E-44 1.34E-33 3.22E-25 1.20E-21
 5.52E-19 6.24E-17 6.51E-16 6.65E-15 4.18E-14 9.13E-14 1.63E-13 2.53E-13
 3.13E-13 3.78E-13 4.25E-13 4.38E-13 4.37E-13 4.24E-13 4.10E-13 3.87E-13
 1.00E-74 1.00E-74 1.00E-74 1.00E-74 4.08E-44 1.34E-33 3.22E-25 1.20E-21
 5.52E-19 6.24E-17 6.51E-16 6.65E-15 4.19E-14 9.13E-14 1.63E-13 2.54E-13
 3.13E-13 3.78E-13 4.26E-13 4.38E-13 4.38E-13 4.25E-13 4.10E-13 3.87E-13
 1.00E-74 1.00E-74 1.00E-74 1.00E-74 4.08E-44 1.34E-33 3.23E-25 1.20E-21
 5.52E-19 6.25E-17 6.51E-16 6.65E-15 4.19E-14 9.13E-14 1.63E-13 2.54E-13
 3.13E-13 3.78E-13 4.26E-13 4.38E-13 4.38E-13 4.25E-13 4.10E-13 3.87E-13
 1.00E-74 1.00E-74 1.00E-74 1.00E-74 4.08E-44 1.35E-33 3.23E-25 1.20E-21
 5.52E-19 6.25E-17 6.51E-16 6.66E-15 4.19E-14 9.14E-14 1.63E-13 2.54E-13
 3.13E-13 3.78E-13 4.26E-13 4.38E-13 4.38E-13 4.25E-13 4.10E-13 3.87E-13
 1.00E-74 1.00E-74 1.00E-74 1.00E-74 4.11E-44 1.35E-33 3.24E-25 1.21E-21
 5.54E-19 6.26E-17 6.52E-16 6.66E-15 4.19E-14 9.14E-14 1.63E-13 2.54E-13
 3.13E-13 3.78E-13 4.26E-13 4.38E-13 4.38E-13 4.25E-13 4.10E-13 3.87E-13
 1.00E-74 1.00E-74 1.00E-74 1.00E-74 4.17E-44 1.37E-33 3.27E-25 1.22E-21
 5.57E-19 6.29E-17 6.55E-16 6.68E-15 4.19E-14 9.15E-14 1.63E-13 2.54E-13
 3.13E-13 3.78E-13 4.26E-13 4.38E-13 4.38E-13 4.25E-13 4.10E-13 3.87E-13
 1.00E-74 1.00E-74 1.00E-74 1.00E-74 4.32E-44 1.41E-33 3.35E-25 1.24E-21
 5.66E-19 6.37E-17 6.61E-16 6.73E-15 4.21E-14 9.17E-14 1.63E-13 2.54E-13
 3.13E-13 3.78E-13 4.26E-13 4.38E-13 4.38E-13 4.25E-13 4.10E-13 3.87E-13
 1.00E-74 1.00E-74 1.00E-74 1.00E-74 4.51E-44 1.46E-33 3.46E-25 1.27E-21
 5.79E-19 6.48E-17 6.71E-16 6.80E-15 4.24E-14 9.21E-14 1.64E-13 2.54E-13
 3.13E-13 3.78E-13 4.26E-13 4.38E-13 4.37E-13 4.24E-13 4.10E-13 3.87E-13
 1.00E-74 1.00E-74 1.00E-74 1.00E-74 4.70E-44 1.52E-33 3.57E-25 1.31E-21
 5.94E-19 6.62E-17 6.83E-16 6.89E-15 4.27E-14 9.25E-14 1.64E-13 2.54E-13
 3.13E-13 3.78E-13 4.25E-13 4.37E-13 4.37E-13 4.24E-13 4.10E-13 3.87E-13
 1.00E-74 1.00E-74 1.00E-74 1.00E-74 4.86E-44 1.57E-33 3.66E-25 1.34E-21
 6.05E-19 6.72E-17 6.92E-16 6.95E-15 4.29E-14 9.28E-14 1.64E-13 2.54E-13
 3.13E-13 3.78E-13 4.25E-13 4.37E-13 4.37E-13 4.24E-13 4.10E-13 3.87E-13
 1.00E-74 1.00E-74 1.00E-74 1.00E-74 5.13E-44 1.64E-33 3.81E-25 1.39E-21
 6.23E-19 6.87E-17 7.05E-16 7.05E-15 4.33E-14 9.33E-14 1.65E-13 2.54E-13
 3.13E-13 3.78E-13 4.24E-13 4.36E-13 4.36E-13 4.23E-13 4.09E-13 3.87E-13
 1.00E-74 1.00E-74 1.00E-74 1.00E-74 5.59E-44 1.77E-33 4.06E-25 1.47E-21
 6.55E-19 7.18E-17 7.32E-16 7.27E-15 4.43E-14 9.50E-14 1.67E-13 2.57E-13
 3.15E-13 3.80E-13 4.26E-13 4.37E-13 4.37E-13 4.24E-13 4.10E-13 3.87E-13
 1.00E-74 1.00E-74 1.00E-74 1.00E-74 6.35E-44 1.98E-33 4.48E-25 1.61E-21
 7.11E-19 7.72E-17 7.83E-16 7.71E-15 4.64E-14 9.90E-14 1.73E-13 2.64E-13
 3.23E-13 3.87E-13 4.32E-13 4.42E-13 4.41E-13 4.27E-13 4.12E-13 3.88E-13
 1.00E-74 1.00E-74 1.00E-74 1.00E-74 7.62E-44 2.31E-33 5.07E-25 1.79E-21
 7.80E-19 8.35E-17 8.39E-16 8.17E-15 4.87E-14 1.03E-13 1.79E-13 2.72E-13
 3.31E-13 3.95E-13 4.40E-13 4.50E-13 4.47E-13 4.32E-13 4.17E-13 3.92E-13
 1.00E-74 1.00E-74 1.00E-74 1.00E-74 1.06E-43 3.07E-33 6.42E-25 2.20E-21
 9.25E-19 9.55E-17 9.37E-16 8.85E-15 5.11E-14 1.06E-13 1.83E-13 2.75E-13
 3.33E-13 3.96E-13 4.40E-13 4.50E-13 4.48E-13 4.33E-13 4.18E-13 3.93E-13
 1.00E-74 1.00E-74 1.00E-74 7.19E-54 1.49E-43 4.25E-33 8.65E-25 2.89E-21
 1.18E-18 1.17E-16 1.12E-15 1.01E-14 5.51E-14 1.11E-13 1.86E-13 2.73E-13
 3.27E-13 3.85E-13 4.26E-13 4.36E-13 4.34E-13 4.21E-13 4.07E-13 3.84E-13
 1.00E-74 1.00E-74 1.00E-74 6.47E-54 2.08E-43 5.89E-33 1.19E-24 3.97E-21
 1.60E-18 1.55E-16 1.44E-15 1.25E-14 6.39E-14 1.23E-13 1.96E-13 2.75E-13
 3.21E-13 3.68E-13 3.98E-13 4.04E-13 4.01E-13 3.88E-13 3.76E-13 3.56E-13
 1.00E-74 1.00E-74 1.00E-74 7.91E-54 2.44E-43 7.04E-33 1.47E-24 4.96E-21
 2.03E-18 1.97E-16 1.82E-15 1.55E-14 7.65E-14 1.43E-13 2.18E-13 2.92E-13
 3.31E-13 3.65E-13 3.81E-13 3.80E-13 3.71E-13 3.56E-13 3.42E-13 3.23E-13
 1.00E-74 1.00E-74 1.00E-74 7.33E-54 2.27E-43 6.75E-33 1.48E-24 5.19E-21
 2.20E-18 2.22E-16 2.09E-15 1.80E-14 8.83E-14 1.61E-13 2.38E-13 3.07E-13
 3.40E-13 3.66E-13 3.72E-13 3.65E-13 3.53E-13 3.33E-13 3.18E-13 2.96E-13
 1.00E-74 1.00E-74 1.00E-74 6.04E-54 1.91E-43 5.78E-33 1.30E-24 4.67E-21
 2.04E-18 2.13E-16 2.06E-15 1.81E-14 8.65E-14 1.50E-13 2.11E-13 2.60E-13
 2.81E-13 2.98E-13 3.02E-13 2.99E-13 2.91E-13 2.79E-13 2.69E-13 2.54E-13
 1.00E-74 1.00E-74 1.00E-74 4.66E-54 1.51E-43 4.72E-33 1.09E-24 4.00E-21
 1.79E-18 1.92E-16 1.88E-15 1.64E-14 6.80E-14 1.04E-13 1.29E-13 1.46E-13
 1.52E-13 1.56E-13 1.58E-13 1.57E-13 1.56E-13 1.53E-13 1.51E-13 1.47E-13
     1.3 A  24  24 /FILMEM = w05#ni26/TYPE = EXCIT    /INDM = T/ISEL =    4
 1.05E+11 1.05E+12 1.05E+13 1.05E+14 1.05E+15 1.05E+16 3.14E+16 1.05E+17
 3.14E+17 1.05E+18 3.14E+18 1.05E+19 3.14E+19 1.05E+20 3.14E+20 1.05E+21
 3.14E+21 1.05E+22 3.14E+22 1.05E+23 3.14E+23 1.05E+24 3.14E+24 1.05E+25
 3.14E+01 4.40E+01 6.28E+01 9.42E+01 1.26E+02 1.88E+02 3.14E+02 4.40E+02
 6.28E+02 9.42E+02 1.26E+03 1.88E+03 3.14E+03 4.40E+03 6.28E+03 9.42E+03
 1.26E+04 1.88E+04 3.14E+04 4.40E+04 6.28E+04 9.42E+04 1.26E+05 1.88E+05
 1.00E-74 1.00E-74 1.00E-74 1.00E-74 1.00E-74 3.64E-35 2.38E-26 1.36E-22
 8.62E-20 1.25E-17 1.47E-16 1.70E-15 1.18E-14 2.69E-14 4.95E-14 7.87E-14
 9.82E-14 1.20E-13 1.36E-13 1.39E-13 1.39E-13 1.34E-13 1.29E-13 1.22E-13
 1.00E-74 1.00E-74 1.00E-74 1.00E-74 1.00E-74 3.68E-35 2.40E-26 1.37E-22
 8.71E-20 1.26E-17 1.48E-16 1.72E-15 1.19E-14 2.72E-14 5.00E-14 7.94E-14
 9.91E-14 1.21E-13 1.37E-13 1.40E-13 1.40E-13 1.35E-13 1.30E-13 1.22E-13
 1.00E-74 1.00E-74 1.00E-74 1.00E-74 1.00E-74 3.70E-35 2.41E-26 1.38E-22
 8.75E-20 1.27E-17 1.49E-16 1.73E-15 1.20E-14 2.74E-14 5.03E-14 8.00E-14
 9.98E-14 1.22E-13 1.38E-13 1.41E-13 1.41E-13 1.36E-13 1.31E-13 1.23E-13
 1.00E-74 1.00E-74 1.00E-74 1.00E-74 1.00E-74 3.70E-35 2.41E-26 1.38E-22
 8.76E-20 1.27E-17 1.49E-16 1.73E-15 1.20E-14 2.74E-14 5.04E-14 8.01E-14
 1.00E-13 1.22E-13 1.38E-13 1.42E-13 1.41E-13 1.37E-13 1.32E-13 1.24E-13
 1.00E-74 1.00E-74 1.00E-74 1.00E-74 3.31E-46 3.70E-35 2.41E-26 1.38E-22
 8.76E-20 1.27E-17 1.49E-16 1.73E-15 1.20E-14 2.74E-14 5.04E-14 8.01E-14
 1.00E-13 1.22E-13 1.38E-13 1.42E-13 1.41E-13 1.37E-13 1.32E-13 1.24E-13
 1.00E-74 1.00E-74 1.00E-74 1.00E-74 3.14E-46 3.70E-35 2.41E-26 1.38E-22
 8.76E-20 1.27E-17 1.49E-16 1.73E-15 1.20E-14 2.74E-14 5.04E-14 8.02E-14
 1.00E-13 1.22E-13 1.38E-13 1.42E-13 1.41E-13 1.37E-13 1.32E-13 1.24E-13
 1.00E-74 1.00E-74 1.00E-74 1.00E-74 3.17E-46 3.71E-35 2.42E-26 1.38E-22
 8.76E-20 1.27E-17 1.49E-16 1.73E-15 1.20E-14 2.74E-14 5.04E-14 8.02E-14
 1.00E-13 1.22E-13 1.38E-13 1.42E-13 1.41E-13 1.37E-13 1.32E-13 1.24E-13
 1.00E-74 1.00E-74 1.00E-74 1.00E-74 3.20E-46 3.72E-35 2.42E-26 1.39E-22
 8.78E-20 1.27E-17 1.50E-16 1.73E-15 1.20E-14 2.74E-14 5.04E-14 8.02E-14
 1.00E-13 1.22E-13 1.38E-13 1.42E-13 1.41E-13 1.37E-13 1.32E-13 1.24E-13
 1.00E-74 1.00E-74 1.00E-74 1.00E-74 3.25E-46 3.76E-35 2.44E-26 1.40E-22
 8.82E-20 1.27E-17 1.50E-16 1.73E-15 1.21E-14 2.74E-14 5.04E-14 8.02E-14
 1.00E-13 1.22E-13 1.38E-13 1.42E-13 1.41E-13 1.37E-13 1.32E-13 1.24E-13
 1.00E-74 1.00E-74 1.00E-74 1.00E-74 3.36E-46 3.87E-35 2.49E-26 1.42E-22
 8.94E-20 1.29E-17 1.51E-16 1.74E-15 1.21E-14 2.75E-14 5.05E-14 8.02E-14
 1.00E-13 1.22E-13 1.38E-13 1.42E-13 1.41E-13 1.37E-13 1.32E-13 1.24E-13
 1.00E-74 1.00E-74 1.00E-74 1.00E-74 3.53E-46 4.02E-35 2.57E-26 1.45E-22
 9.13E-20 1.31E-17 1.53E-16 1.76E-15 1.21E-14 2.75E-14 5.05E-14 8.02E-14
 1.00E-13 1.22E-13 1.38E-13 1.42E-13 1.41E-13 1.37E-13 1.32E-13 1.24E-13
 1.00E-74 1.00E-74 1.00E-74 1.00E-74 3.75E-46 4.23E-35 2.67E-26 1.51E-22
 9.39E-20 1.34E-17 1.56E-16 1.79E-15 1.23E-14 2.77E-14 5.07E-14 8.03E-14
 1.00E-13 1.22E-13 1.38E-13 1.42E-13 1.41E-13 1.37E-13 1.32E-13 1.24E-13
 1.00E-74 1.00E-74 1.00E-74 1.00E-74 4.00E-46 4.48E-35 2.80E-26 1.57E-22
 9.74E-20 1.38E-17 1.60E-16 1.82E-15 1.24E-14 2.80E-14 5.11E-14 8.06E-14
 1.00E-13 1.22E-13 1.38E-13 1.42E-13 1.41E-13 1.37E-13 1.32E-13 1.24E-13
 1.00E-74 1.00E-74 1.00E-74 1.00E-74 4.40E-46 4.86E-35 3.01E-26 1.67E-22
 1.03E-19 1.45E-17 1.68E-16 1.90E-15 1.28E-14 2.87E-14 5.21E-14 8.18E-14
 1.01E-13 1.23E-13 1.39E-13 1.42E-13 1.42E-13 1.37E-13 1.32E-13 1.24E-13
 1.00E-74 1.00E-74 1.00E-74 1.00E-74 4.87E-46 5.30E-35 3.23E-26 1.78E-22
 1.09E-19 1.53E-17 1.76E-16 1.97E-15 1.32E-14 2.95E-14 5.33E-14 8.34E-14
 1.03E-13 1.25E-13 1.40E-13 1.44E-13 1.43E-13 1.38E-13 1.32E-13 1.24E-13
 1.00E-74 1.00E-74 1.00E-74 1.00E-74 5.81E-46 6.10E-35 3.59E-26 1.94E-22
 1.17E-19 1.61E-17 1.83E-16 2.02E-15 1.34E-14 2.97E-14 5.33E-14 8.32E-14
 1.03E-13 1.25E-13 1.40E-13 1.43E-13 1.43E-13 1.38E-13 1.33E-13 1.24E-13
 1.00E-74 1.00E-74 1.00E-74 1.00E-74 7.49E-46 7.58E-35 4.27E-26 2.24E-22
 1.31E-19 1.74E-17 1.94E-16 2.08E-15 1.33E-14 2.89E-14 5.12E-14 7.92E-14
 9.76E-14 1.18E-13 1.34E-13 1.37E-13 1.37E-13 1.33E-13 1.29E-13 1.21E-13
 1.00E-74 1.00E-74 1.00E-74 1.00E-74 1.04E-45 1.03E-34 5.69E-26 2.92E-22
 1.66E-19 2.12E-17 2.28E-16 2.33E-15 1.39E-14 2.88E-14 4.89E-14 7.28E-14
 8.81E-14 1.05E-13 1.18E-13 1.21E-13 1.22E-13 1.19E-13 1.16E-13 1.10E-13
 1.00E-74 1.00E-74 1.00E-74 1.00E-74 1.37E-45 1.38E-34 7.60E-26 3.89E-22
 2.18E-19 2.74E-17 2.91E-16 2.87E-15 1.61E-14 3.20E-14 5.16E-14 7.23E-14
 8.41E-14 9.57E-14 1.03E-13 1.04E-13 1.04E-13 1.01E-13 9.83E-14 9.40E-14
 1.00E-74 1.00E-74 1.00E-74 1.00E-74 1.80E-45 1.82E-34 1.02E-25 5.25E-22
 2.94E-19 3.68E-17 3.87E-16 3.75E-15 2.05E-14 3.98E-14 6.21E-14 8.33E-14
 9.36E-14 1.01E-13 1.02E-13 1.00E-13 9.59E-14 9.01E-14 8.58E-14 8.01E-14
 1.00E-74 1.00E-74 1.00E-74 1.00E-74 2.04E-45 2.12E-34 1.23E-25 6.45E-22
 3.67E-19 4.61E-17 4.85E-16 4.69E-15 2.54E-14 4.88E-14 7.54E-14 9.98E-14
 1.11E-13 1.19E-13 1.18E-13 1.14E-13 1.07E-13 9.82E-14 9.18E-14 8.32E-14
 1.00E-74 1.00E-74 1.00E-74 1.00E-74 1.87E-45 2.00E-34 1.22E-25 6.67E-22
 3.94E-19 5.13E-17 5.50E-16 5.41E-15 2.93E-14 5.55E-14 8.45E-14 1.11E-13
 1.23E-13 1.32E-13 1.32E-13 1.29E-13 1.22E-13 1.13E-13 1.07E-13 9.69E-14
 1.00E-74 1.00E-74 1.00E-74 1.00E-74 1.56E-45 1.71E-34 1.07E-25 5.98E-22
 3.64E-19 4.91E-17 5.39E-16 5.41E-15 2.85E-14 5.18E-14 7.51E-14 9.44E-14
 1.03E-13 1.10E-13 1.12E-13 1.11E-13 1.08E-13 1.03E-13 9.88E-14 9.27E-14
 1.00E-74 1.00E-74 1.00E-74 8.27E-57 1.24E-45 1.39E-34 9.00E-26 5.11E-22
 3.18E-19 4.40E-17 4.91E-16 4.87E-15 2.24E-14 3.56E-14 4.59E-14 5.30E-14
 5.59E-14 5.83E-14 5.93E-14 5.93E-14 5.88E-14 5.78E-14 5.69E-14 5.54E-14
     1.3 A  24  24 /FILMEM = w05#ni26/TYPE = EXCIT    /INDM = T/ISEL =    5
 1.05E+11 1.05E+12 1.05E+13 1.05E+14 1.05E+15 1.05E+16 3.14E+16 1.05E+17
 3.14E+17 1.05E+18 3.14E+18 1.05E+19 3.14E+19 1.05E+20 3.14E+20 1.05E+21
 3.14E+21 1.05E+22 3.14E+22 1.05E+23 3.14E+23 1.05E+24 3.14E+24 1.05E+25
 3.14E+01 4.40E+01 6.28E+01 9.42E+01 1.26E+02 1.88E+02 3.14E+02 4.40E+02
 6.28E+02 9.42E+02 1.26E+03 1.88E+03 3.14E+03 4.40E+03 6.28E+03 9.42E+03
 1.26E+04 1.88E+04 3.14E+04 4.40E+04 6.28E+04 9.42E+04 1.26E+05 1.88E+05
 1.00E-74 1.00E-74 1.00E-74 1.00E-74 1.00E-74 4.65E-36 4.97E-27 3.52E-23
 2.62E-20 4.33E-18 5.44E-17 6.71E-16 4.90E-15 1.14E-14 2.15E-14 3.44E-14
 4.30E-14 5.25E-14 5.90E-14 6.03E-14 5.96E-14 5.70E-14 5.46E-14 5.07E-14
 1.00E-74 1.00E-74 1.00E-74 1.00E-74 1.00E-74 4.69E-36 5.01E-27 3.55E-23
 2.64E-20 4.36E-18 5.49E-17 6.76E-16 4.94E-15 1.15E-14 2.16E-14 3.47E-14
 4.33E-14 5.28E-14 5.94E-14 6.06E-14 5.99E-14 5.73E-14 5.48E-14 5.09E-14
 1.00E-74 1.00E-74 1.00E-74 1.00E-74 1.00E-74 4.70E-36 5.03E-27 3.56E-23
 2.65E-20 4.38E-18 5.51E-17 6.79E-16 4.97E-15 1.16E-14 2.17E-14 3.49E-14
 4.36E-14 5.32E-14 5.98E-14 6.11E-14 6.04E-14 5.77E-14 5.52E-14 5.13E-14
 1.00E-74 1.00E-74 1.00E-74 1.00E-74 1.00E-74 4.71E-36 5.03E-27 3.56E-23
 2.65E-20 4.38E-18 5.51E-17 6.80E-16 4.97E-15 1.16E-14 2.18E-14 3.49E-14
 4.36E-14 5.33E-14 5.99E-14 6.12E-14 6.05E-14 5.79E-14 5.53E-14 5.14E-14
 1.00E-74 1.00E-74 1.00E-74 1.00E-74 3.47E-47 4.71E-36 5.03E-27 3.56E-23
 2.65E-20 4.38E-18 5.51E-17 6.80E-16 4.97E-15 1.16E-14 2.18E-14 3.49E-14
 4.36E-14 5.33E-14 5.99E-14 6.12E-14 6.05E-14 5.79E-14 5.54E-14 5.14E-14
 1.00E-74 1.00E-74 1.00E-74 1.00E-74 2.08E-47 4.71E-36 5.04E-27 3.57E-23
 2.66E-20 4.38E-18 5.52E-17 6.80E-16 4.97E-15 1.16E-14 2.18E-14 3.49E-14
 4.36E-14 5.33E-14 5.99E-14 6.12E-14 6.05E-14 5.79E-14 5.54E-14 5.14E-14
 1.00E-74 1.00E-74 1.00E-74 1.00E-74 2.20E-47 4.72E-36 5.04E-27 3.57E-23
 2.66E-20 4.38E-18 5.52E-17 6.80E-16 4.97E-15 1.16E-14 2.18E-14 3.49E-14
 4.36E-14 5.33E-14 5.99E-14 6.12E-14 6.05E-14 5.79E-14 5.54E-14 5.14E-14
 1.00E-74 1.00E-74 1.00E-74 1.00E-74 2.22E-47 4.73E-36 5.06E-27 3.58E-23
 2.66E-20 4.39E-18 5.52E-17 6.81E-16 4.97E-15 1.16E-14 2.18E-14 3.49E-14
 4.36E-14 5.33E-14 5.99E-14 6.12E-14 6.05E-14 5.79E-14 5.54E-14 5.14E-14
 1.00E-74 1.00E-74 1.00E-74 1.00E-74 2.26E-47 4.78E-36 5.10E-27 3.60E-23
 2.68E-20 4.41E-18 5.54E-17 6.82E-16 4.98E-15 1.16E-14 2.18E-14 3.49E-14
 4.37E-14 5.33E-14 5.99E-14 6.12E-14 6.05E-14 5.79E-14 5.54E-14 5.14E-14
 1.00E-74 1.00E-74 1.00E-74 1.00E-74 2.33E-47 4.92E-36 5.21E-27 3.67E-23
 2.72E-20 4.46E-18 5.60E-17 6.87E-16 5.00E-15 1.17E-14 2.18E-14 3.50E-14
 4.37E-14 5.33E-14 5.99E-14 6.12E-14 6.05E-14 5.79E-14 5.54E-14 5.14E-14
 1.00E-74 1.00E-74 1.00E-74 1.00E-74 2.46E-47 5.16E-36 5.41E-27 3.79E-23
 2.80E-20 4.57E-18 5.71E-17 6.98E-16 5.05E-15 1.17E-14 2.19E-14 3.51E-14
 4.38E-14 5.34E-14 6.00E-14 6.12E-14 6.05E-14 5.79E-14 5.54E-14 5.14E-14
 1.00E-74 1.00E-74 1.00E-74 1.00E-74 2.66E-47 5.52E-36 5.75E-27 4.01E-23
 2.94E-20 4.77E-18 5.93E-17 7.20E-16 5.17E-15 1.19E-14 2.22E-14 3.54E-14
 4.40E-14 5.36E-14 6.01E-14 6.14E-14 6.06E-14 5.80E-14 5.54E-14 5.15E-14
 1.00E-74 1.00E-74 1.00E-74 1.00E-74 2.84E-47 5.87E-36 6.09E-27 4.23E-23
 3.09E-20 5.00E-18 6.19E-17 7.47E-16 5.32E-15 1.22E-14 2.26E-14 3.59E-14
 4.45E-14 5.40E-14 6.05E-14 6.17E-14 6.09E-14 5.81E-14 5.55E-14 5.15E-14
 1.00E-74 1.00E-74 1.00E-74 1.00E-74 3.00E-47 6.12E-36 6.29E-27 4.36E-23
 3.18E-20 5.12E-18 6.33E-17 7.61E-16 5.40E-15 1.24E-14 2.28E-14 3.61E-14
 4.48E-14 5.43E-14 6.08E-14 6.19E-14 6.11E-14 5.83E-14 5.57E-14 5.16E-14
 1.00E-74 1.00E-74 1.00E-74 1.00E-74 3.24E-47 6.40E-36 6.39E-27 4.37E-23
 3.15E-20 5.02E-18 6.16E-17 7.36E-16 5.18E-15 1.18E-14 2.18E-14 3.46E-14
 4.31E-14 5.25E-14 5.91E-14 6.05E-14 5.99E-14 5.74E-14 5.50E-14 5.11E-14
 1.00E-74 1.00E-74 1.00E-74 1.00E-74 3.99E-47 7.49E-36 7.05E-27 4.65E-23
 3.24E-20 4.98E-18 5.97E-17 6.90E-16 4.69E-15 1.05E-14 1.91E-14 3.02E-14
 3.76E-14 4.61E-14 5.26E-14 5.44E-14 5.44E-14 5.28E-14 5.10E-14 4.79E-14
 1.00E-74 1.00E-74 1.00E-74 1.00E-74 5.37E-47 9.74E-36 8.77E-27 5.61E-23
 3.78E-20 5.56E-18 6.46E-17 7.09E-16 4.49E-15 9.61E-15 1.68E-14 2.55E-14
 3.12E-14 3.77E-14 4.29E-14 4.46E-14 4.50E-14 4.43E-14 4.32E-14 4.12E-14
 1.00E-74 1.00E-74 1.00E-74 1.00E-74 7.49E-47 1.35E-35 1.20E-26 7.53E-23
 4.97E-20 7.12E-18 8.08E-17 8.53E-16 5.06E-15 1.03E-14 1.68E-14 2.37E-14
 2.76E-14 3.15E-14 3.40E-14 3.46E-14 3.44E-14 3.36E-14 3.28E-14 3.14E-14
 1.00E-74 1.00E-74 1.00E-74 1.00E-74 9.83E-47 1.79E-35 1.59E-26 1.00E-22
 6.55E-20 9.29E-18 1.04E-16 1.08E-15 6.27E-15 1.24E-14 1.97E-14 2.65E-14
 2.99E-14 3.23E-14 3.26E-14 3.17E-14 3.04E-14 2.86E-14 2.72E-14 2.54E-14
 1.00E-74 1.00E-74 1.00E-74 1.00E-74 1.28E-46 2.34E-35 2.11E-26 1.34E-22
 8.74E-20 1.23E-17 1.38E-16 1.42E-15 8.11E-15 1.59E-14 2.50E-14 3.33E-14
 3.71E-14 3.93E-14 3.85E-14 3.66E-14 3.41E-14 3.09E-14 2.87E-14 2.58E-14
 1.00E-74 1.00E-74 1.00E-74 1.00E-74 1.45E-46 2.72E-35 2.54E-26 1.63E-22
 1.08E-19 1.53E-17 1.71E-16 1.76E-15 1.00E-14 1.96E-14 3.06E-14 4.08E-14
 4.56E-14 4.86E-14 4.80E-14 4.58E-14 4.27E-14 3.87E-14 3.57E-14 3.18E-14
 1.00E-74 1.00E-74 1.00E-74 1.00E-74 1.32E-46 2.57E-35 2.52E-26 1.69E-22
 1.16E-19 1.70E-17 1.94E-16 2.02E-15 1.15E-14 2.22E-14 3.43E-14 4.54E-14
 5.07E-14 5.46E-14 5.50E-14 5.35E-14 5.08E-14 4.70E-14 4.40E-14 3.99E-14
 1.00E-74 1.00E-74 1.00E-74 1.00E-74 1.10E-46 2.18E-35 2.21E-26 1.51E-22
 1.07E-19 1.63E-17 1.89E-16 2.02E-15 1.12E-14 2.07E-14 3.04E-14 3.87E-14
 4.26E-14 4.57E-14 4.68E-14 4.63E-14 4.51E-14 4.30E-14 4.13E-14 3.87E-14
 1.00E-74 1.00E-74 1.00E-74 1.00E-74 8.74E-47 1.78E-35 1.85E-26 1.29E-22
 9.34E-20 1.46E-17 1.73E-16 1.82E-15 8.75E-15 1.42E-14 1.86E-14 2.17E-14
 2.31E-14 2.42E-14 2.47E-14 2.48E-14 2.46E-14 2.42E-14 2.38E-14 2.32E-14
     1.3 A  24  24 /FILMEM = w05#ni26/TYPE = EXCIT    /INDM = T/ISEL =    6
 1.05E+11 1.05E+12 1.05E+13 1.05E+14 1.05E+15 1.05E+16 3.14E+16 1.05E+17
 3.14E+17 1.05E+18 3.14E+18 1.05E+19 3.14E+19 1.05E+20 3.14E+20 1.05E+21
 3.14E+21 1.05E+22 3.14E+22 1.05E+23 3.14E+23 1.05E+24 3.14E+24 1.05E+25
 3.14E+01 4.40E+01 6.28E+01 9.42E+01 1.26E+02 1.88E+02 3.14E+02 4.40E+02
 6.28E+02 9.42E+02 1.26E+03 1.88E+03 3.14E+03 4.40E+03 6.28E+03 9.42E+03
 1.26E+04 1.88E+04 3.14E+04 4.40E+04 6.28E+04 9.42E+04 1.26E+05 1.88E+05
 1.00E-74 1.00E-74 1.00E-74 1.00E-74 1.00E-74 4.65E-34 1.06E-25 3.77E-22
 1.63E-19 1.70E-17 1.65E-16 1.49E-15 7.78E-15 1.49E-14 2.30E-14 3.07E-14
 3.45E-14 3.75E-14 3.83E-14 3.76E-14 3.62E-14 3.41E-14 3.24E-14 2.99E-14
 1.00E-74 1.00E-74 1.00E-74 1.00E-74 2.45E-44 4.69E-34 1.07E-25 3.80E-22
 1.64E-19 1.71E-17 1.66E-16 1.50E-15 7.85E-15 1.50E-14 2.32E-14 3.11E-14
 3.49E-14 3.80E-14 3.88E-14 3.81E-14 3.66E-14 3.45E-14 3.27E-14 3.01E-14
 1.00E-74 1.00E-74 1.00E-74 1.00E-74 1.47E-44 4.71E-34 1.07E-25 3.81E-22
 1.65E-19 1.72E-17 1.67E-16 1.51E-15 7.90E-15 1.51E-14 2.34E-14 3.14E-14
 3.53E-14 3.85E-14 3.94E-14 3.87E-14 3.73E-14 3.51E-14 3.34E-14 3.08E-14
 1.00E-74 1.00E-74 1.00E-74 1.00E-74 1.50E-44 4.71E-34 1.07E-25 3.81E-22
 1.65E-19 1.72E-17 1.67E-16 1.51E-15 7.90E-15 1.51E-14 2.35E-14 3.15E-14
 3.54E-14 3.86E-14 3.96E-14 3.89E-14 3.75E-14 3.53E-14 3.36E-14 3.10E-14
 1.00E-74 1.00E-74 1.00E-74 1.00E-74 1.49E-44 4.71E-34 1.07E-25 3.81E-22
 1.65E-19 1.72E-17 1.67E-16 1.51E-15 7.91E-15 1.51E-14 2.35E-14 3.15E-14
 3.54E-14 3.86E-14 3.96E-14 3.89E-14 3.75E-14 3.54E-14 3.36E-14 3.10E-14
 1.00E-74 1.00E-74 1.00E-74 1.00E-74 1.49E-44 4.72E-34 1.08E-25 3.82E-22
 1.65E-19 1.72E-17 1.67E-16 1.51E-15 7.92E-15 1.51E-14 2.35E-14 3.15E-14
 3.55E-14 3.87E-14 3.96E-14 3.89E-14 3.75E-14 3.54E-14 3.36E-14 3.10E-14
 1.00E-74 1.00E-74 1.00E-74 1.00E-74 1.50E-44 4.75E-34 1.08E-25 3.84E-22
 1.66E-19 1.73E-17 1.68E-16 1.52E-15 7.94E-15 1.52E-14 2.36E-14 3.15E-14
 3.55E-14 3.87E-14 3.96E-14 3.89E-14 3.75E-14 3.54E-14 3.36E-14 3.10E-14
 1.00E-74 1.00E-74 1.00E-74 1.00E-74 1.53E-44 4.84E-34 1.10E-25 3.89E-22
 1.68E-19 1.75E-17 1.70E-16 1.53E-15 8.01E-15 1.53E-14 2.37E-14 3.17E-14
 3.57E-14 3.89E-14 3.97E-14 3.90E-14 3.76E-14 3.54E-14 3.36E-14 3.10E-14
 1.00E-74 1.00E-74 1.00E-74 1.00E-74 1.62E-44 5.06E-34 1.14E-25 4.03E-22
 1.74E-19 1.80E-17 1.75E-16 1.58E-15 8.21E-15 1.57E-14 2.42E-14 3.22E-14
 3.62E-14 3.93E-14 4.00E-14 3.92E-14 3.77E-14 3.55E-14 3.37E-14 3.11E-14
 1.00E-74 1.00E-74 1.00E-74 1.00E-74 1.80E-44 5.55E-34 1.24E-25 4.35E-22
 1.87E-19 1.93E-17 1.87E-16 1.68E-15 8.72E-15 1.66E-14 2.54E-14 3.37E-14
 3.75E-14 4.04E-14 4.08E-14 3.98E-14 3.82E-14 3.58E-14 3.40E-14 3.13E-14
 1.00E-74 1.00E-74 1.00E-74 1.00E-74 2.00E-44 6.11E-34 1.35E-25 4.73E-22
 2.03E-19 2.10E-17 2.03E-16 1.82E-15 9.45E-15 1.79E-14 2.73E-14 3.59E-14
 3.98E-14 4.24E-14 4.23E-14 4.10E-14 3.91E-14 3.65E-14 3.45E-14 3.16E-14
 1.00E-74 1.00E-74 1.00E-74 1.00E-74 2.17E-44 6.58E-34 1.45E-25 5.07E-22
 2.17E-19 2.25E-17 2.18E-16 1.96E-15 1.02E-14 1.92E-14 2.93E-14 3.84E-14
 4.24E-14 4.49E-14 4.43E-14 4.27E-14 4.05E-14 3.75E-14 3.54E-14 3.24E-14
 1.00E-74 1.00E-74 1.00E-74 1.00E-74 2.28E-44 6.89E-34 1.51E-25 5.28E-22
 2.26E-19 2.34E-17 2.26E-16 2.03E-15 1.05E-14 1.99E-14 3.04E-14 3.97E-14
 4.38E-14 4.62E-14 4.55E-14 4.38E-14 4.14E-14 3.83E-14 3.61E-14 3.30E-14
 1.00E-74 1.00E-74 1.00E-74 1.00E-74 2.45E-44 7.32E-34 1.59E-25 5.53E-22
 2.36E-19 2.43E-17 2.34E-16 2.10E-15 1.08E-14 2.05E-14 3.11E-14 4.06E-14
 4.47E-14 4.71E-14 4.62E-14 4.44E-14 4.19E-14 3.87E-14 3.65E-14 3.33E-14
 1.00E-74 1.00E-74 1.00E-74 1.00E-74 2.71E-44 7.99E-34 1.71E-25 5.93E-22
 2.51E-19 2.57E-17 2.47E-16 2.20E-15 1.13E-14 2.12E-14 3.21E-14 4.17E-14
 4.57E-14 4.79E-14 4.69E-14 4.49E-14 4.23E-14 3.91E-14 3.67E-14 3.35E-14
 1.00E-74 1.00E-74 1.00E-74 1.00E-74 3.02E-44 8.83E-34 1.88E-25 6.46E-22
 2.73E-19 2.78E-17 2.66E-16 2.36E-15 1.20E-14 2.25E-14 3.38E-14 4.36E-14
 4.76E-14 4.96E-14 4.81E-14 4.59E-14 4.31E-14 3.97E-14 3.72E-14 3.39E-14
 1.00E-74 1.00E-74 1.00E-74 1.00E-74 3.12E-44 9.12E-34 1.94E-25 6.68E-22
 2.82E-19 2.88E-17 2.76E-16 2.45E-15 1.25E-14 2.33E-14 3.50E-14 4.49E-14
 4.90E-14 5.08E-14 4.91E-14 4.68E-14 4.38E-14 4.02E-14 3.77E-14 3.43E-14
 1.00E-74 1.00E-74 1.00E-74 1.00E-74 2.96E-44 8.62E-34 1.83E-25 6.34E-22
 2.68E-19 2.74E-17 2.63E-16 2.34E-15 1.20E-14 2.24E-14 3.38E-14 4.35E-14
 4.75E-14 4.93E-14 4.78E-14 4.55E-14 4.27E-14 3.93E-14 3.70E-14 3.38E-14
 1.00E-74 1.00E-74 1.00E-74 8.17E-55 2.86E-44 8.20E-34 1.72E-25 5.89E-22
 2.47E-19 2.51E-17 2.40E-16 2.13E-15 1.09E-14 2.04E-14 3.08E-14 3.98E-14
 4.35E-14 4.54E-14 4.41E-14 4.21E-14 3.96E-14 3.65E-14 3.44E-14 3.16E-14
 1.00E-74 1.00E-74 1.00E-74 9.81E-55 3.08E-44 8.62E-34 1.76E-25 5.93E-22
 2.45E-19 2.42E-17 2.28E-16 2.00E-15 1.01E-14 1.88E-14 2.84E-14 3.69E-14
 4.05E-14 4.25E-14 4.15E-14 3.96E-14 3.72E-14 3.41E-14 3.20E-14 2.92E-14
 1.00E-74 1.00E-74 1.00E-74 1.06E-54 3.25E-44 9.16E-34 1.89E-25 6.40E-22
 2.63E-19 2.58E-17 2.41E-16 2.07E-15 1.03E-14 1.90E-14 2.85E-14 3.70E-14
 4.07E-14 4.31E-14 4.25E-14 4.08E-14 3.83E-14 3.52E-14 3.29E-14 2.98E-14
 1.00E-74 1.00E-74 1.00E-74 9.56E-55 2.89E-44 8.36E-34 1.80E-25 6.27E-22
 2.65E-19 2.67E-17 2.52E-16 2.19E-15 1.07E-14 1.95E-14 2.88E-14 3.68E-14
 4.05E-14 4.30E-14 4.30E-14 4.18E-14 3.98E-14 3.70E-14 3.49E-14 3.20E-14
 1.00E-74 1.00E-74 1.00E-74 7.84E-55 2.39E-44 7.04E-34 1.55E-25 5.52E-22
 2.40E-19 2.49E-17 2.40E-16 2.12E-15 1.01E-14 1.75E-14 2.46E-14 3.02E-14
 3.26E-14 3.44E-14 3.48E-14 3.43E-14 3.34E-14 3.19E-14 3.06E-14 2.88E-14
 1.00E-74 1.00E-74 1.00E-74 5.98E-55 1.89E-44 5.72E-34 1.29E-25 4.68E-22
 2.08E-19 2.22E-17 2.17E-16 1.89E-15 7.82E-15 1.19E-14 1.48E-14 1.67E-14
 1.74E-14 1.79E-14 1.80E-14 1.80E-14 1.78E-14 1.75E-14 1.72E-14 1.67E-14
     1.3 A  24  24 /FILMEM = w05#ni26/TYPE = EXCIT    /INDM = T/ISEL =    7
 1.05E+11 1.05E+12 1.05E+13 1.05E+14 1.05E+15 1.05E+16 3.14E+16 1.05E+17
 3.14E+17 1.05E+18 3.14E+18 1.05E+19 3.14E+19 1.05E+20 3.14E+20 1.05E+21
 3.14E+21 1.05E+22 3.14E+22 1.05E+23 3.14E+23 1.05E+24 3.14E+24 1.05E+25
 3.14E+01 4.40E+01 6.28E+01 9.42E+01 1.26E+02 1.88E+02 3.14E+02 4.40E+02
 6.28E+02 9.42E+02 1.26E+03 1.88E+03 3.14E+03 4.40E+03 6.28E+03 9.42E+03
 1.26E+04 1.88E+04 3.14E+04 4.40E+04 6.28E+04 9.42E+04 1.26E+05 1.88E+05
 1.00E-74 1.00E-74 1.00E-74 1.00E-74 1.00E-74 1.13E-35 7.06E-27 3.87E-23
 2.32E-20 3.12E-18 3.44E-17 3.53E-16 2.04E-15 4.07E-15 6.49E-15 8.84E-15
 1.00E-14 1.09E-14 1.12E-14 1.09E-14 1.05E-14 9.85E-15 9.34E-15 8.57E-15
 1.00E-74 1.00E-74 1.00E-74 1.00E-74 1.00E-74 1.14E-35 7.10E-27 3.89E-23
 2.33E-20 3.13E-18 3.45E-17 3.55E-16 2.05E-15 4.09E-15 6.53E-15 8.89E-15
 1.01E-14 1.10E-14 1.12E-14 1.10E-14 1.06E-14 9.90E-15 9.38E-15 8.61E-15
 1.00E-74 1.00E-74 1.00E-74 1.00E-74 1.00E-74 1.14E-35 7.11E-27 3.90E-23
 2.34E-20 3.14E-18 3.46E-17 3.56E-16 2.06E-15 4.11E-15 6.56E-15 8.94E-15
 1.01E-14 1.11E-14 1.13E-14 1.11E-14 1.07E-14 1.00E-14 9.48E-15 8.70E-15
 1.00E-74 1.00E-74 1.00E-74 1.00E-74 9.38E-47 1.14E-35 7.12E-27 3.90E-23
 2.34E-20 3.14E-18 3.46E-17 3.56E-16 2.06E-15 4.11E-15 6.56E-15 8.95E-15
 1.01E-14 1.11E-14 1.13E-14 1.11E-14 1.07E-14 1.00E-14 9.50E-15 8.73E-15
 1.00E-74 1.00E-74 1.00E-74 1.00E-74 1.03E-46 1.14E-35 7.12E-27 3.90E-23
 2.34E-20 3.14E-18 3.46E-17 3.56E-16 2.06E-15 4.11E-15 6.56E-15 8.95E-15
 1.01E-14 1.11E-14 1.13E-14 1.11E-14 1.07E-14 1.00E-14 9.51E-15 8.73E-15
 1.00E-74 1.00E-74 1.00E-74 1.00E-74 1.01E-46 1.14E-35 7.13E-27 3.91E-23
 2.34E-20 3.15E-18 3.47E-17 3.56E-16 2.06E-15 4.11E-15 6.56E-15 8.95E-15
 1.01E-14 1.11E-14 1.13E-14 1.11E-14 1.07E-14 1.00E-14 9.51E-15 8.73E-15
 1.00E-74 1.00E-74 1.00E-74 1.00E-74 1.02E-46 1.15E-35 7.15E-27 3.92E-23
 2.35E-20 3.15E-18 3.47E-17 3.57E-16 2.07E-15 4.12E-15 6.57E-15 8.96E-15
 1.02E-14 1.11E-14 1.13E-14 1.11E-14 1.07E-14 1.00E-14 9.51E-15 8.74E-15
 1.00E-74 1.00E-74 1.00E-74 1.00E-74 1.03E-46 1.16E-35 7.23E-27 3.96E-23
 2.37E-20 3.18E-18 3.50E-17 3.59E-16 2.08E-15 4.14E-15 6.60E-15 8.99E-15
 1.02E-14 1.11E-14 1.14E-14 1.11E-14 1.07E-14 1.00E-14 9.51E-15 8.74E-15
 1.00E-74 1.00E-74 1.00E-74 1.00E-74 1.08E-46 1.20E-35 7.42E-27 4.05E-23
 2.42E-20 3.24E-18 3.56E-17 3.65E-16 2.11E-15 4.19E-15 6.67E-15 9.07E-15
 1.03E-14 1.12E-14 1.14E-14 1.12E-14 1.07E-14 1.01E-14 9.53E-15 8.75E-15
 1.00E-74 1.00E-74 1.00E-74 1.00E-74 1.17E-46 1.29E-35 7.87E-27 4.27E-23
 2.54E-20 3.39E-18 3.72E-17 3.79E-16 2.18E-15 4.32E-15 6.85E-15 9.28E-15
 1.05E-14 1.14E-14 1.15E-14 1.13E-14 1.08E-14 1.01E-14 9.56E-15 8.77E-15
 1.00E-74 1.00E-74 1.00E-74 1.00E-74 1.29E-46 1.40E-35 8.43E-27 4.56E-23
 2.70E-20 3.58E-18 3.92E-17 4.00E-16 2.29E-15 4.52E-15 7.14E-15 9.61E-15
 1.08E-14 1.17E-14 1.17E-14 1.14E-14 1.09E-14 1.02E-14 9.63E-15 8.82E-15
 1.00E-74 1.00E-74 1.00E-74 1.00E-74 1.41E-46 1.51E-35 9.00E-27 4.84E-23
 2.86E-20 3.79E-18 4.14E-17 4.20E-16 2.40E-15 4.73E-15 7.45E-15 9.99E-15
 1.12E-14 1.20E-14 1.20E-14 1.17E-14 1.11E-14 1.03E-14 9.76E-15 8.92E-15
 1.00E-74 1.00E-74 1.00E-74 1.00E-74 1.51E-46 1.60E-35 9.48E-27 5.08E-23
 2.99E-20 3.95E-18 4.31E-17 4.36E-16 2.48E-15 4.88E-15 7.65E-15 1.02E-14
 1.14E-14 1.22E-14 1.22E-14 1.18E-14 1.12E-14 1.04E-14 9.85E-15 9.00E-15
 1.00E-74 1.00E-74 1.00E-74 1.00E-74 1.59E-46 1.68E-35 9.92E-27 5.30E-23
 3.12E-20 4.11E-18 4.48E-17 4.53E-16 2.56E-15 5.02E-15 7.85E-15 1.04E-14
 1.16E-14 1.24E-14 1.23E-14 1.19E-14 1.13E-14 1.05E-14 9.87E-15 9.01E-15
 1.00E-74 1.00E-74 1.00E-74 1.00E-74 1.55E-46 1.64E-35 9.73E-27 5.22E-23
 3.08E-20 4.08E-18 4.46E-17 4.53E-16 2.57E-15 5.04E-15 7.88E-15 1.05E-14
 1.16E-14 1.24E-14 1.22E-14 1.18E-14 1.12E-14 1.04E-14 9.78E-15 8.94E-15
 1.00E-74 1.00E-74 1.00E-74 1.00E-74 1.40E-46 1.47E-35 8.66E-27 4.65E-23
 2.75E-20 3.67E-18 4.03E-17 4.12E-16 2.36E-15 4.65E-15 7.29E-15 9.72E-15
 1.08E-14 1.15E-14 1.14E-14 1.11E-14 1.05E-14 9.80E-15 9.27E-15 8.52E-15
 1.00E-74 1.00E-74 1.00E-74 1.00E-74 1.33E-46 1.36E-35 7.85E-27 4.17E-23
 2.44E-20 3.23E-18 3.53E-17 3.60E-16 2.06E-15 4.04E-15 6.33E-15 8.42E-15
 9.35E-15 9.93E-15 9.83E-15 9.51E-15 9.06E-15 8.50E-15 8.08E-15 7.50E-15
 1.00E-74 1.00E-74 1.00E-74 1.00E-74 1.45E-46 1.45E-35 8.12E-27 4.23E-23
 2.43E-20 3.14E-18 3.39E-17 3.40E-16 1.91E-15 3.73E-15 5.79E-15 7.63E-15
 8.40E-15 8.79E-15 8.51E-15 8.10E-15 7.60E-15 7.01E-15 6.61E-15 6.09E-15
 1.00E-74 1.00E-74 1.00E-74 1.00E-74 1.73E-46 1.73E-35 9.56E-27 4.92E-23
 2.79E-20 3.53E-18 3.77E-17 3.72E-16 2.06E-15 3.99E-15 6.16E-15 8.07E-15
 8.86E-15 9.21E-15 8.81E-15 8.27E-15 7.62E-15 6.85E-15 6.34E-15 5.69E-15
 1.00E-74 1.00E-74 1.00E-74 1.00E-74 2.16E-46 2.17E-35 1.21E-26 6.23E-23
 3.50E-20 4.39E-18 4.62E-17 4.50E-16 2.46E-15 4.75E-15 7.33E-15 9.63E-15
 1.06E-14 1.11E-14 1.07E-14 1.00E-14 9.22E-15 8.23E-15 7.55E-15 6.66E-15
 1.00E-74 1.00E-74 1.00E-74 1.00E-74 2.42E-46 2.48E-35 1.43E-26 7.48E-23
 4.25E-20 5.35E-18 5.63E-17 5.45E-16 2.96E-15 5.67E-15 8.73E-15 1.15E-14
 1.28E-14 1.35E-14 1.32E-14 1.26E-14 1.17E-14 1.05E-14 9.72E-15 8.61E-15
 1.00E-74 1.00E-74 1.00E-74 1.00E-74 2.21E-46 2.34E-35 1.41E-26 7.68E-23
 4.53E-20 5.89E-18 6.31E-17 6.20E-16 3.36E-15 6.36E-15 9.67E-15 1.26E-14
 1.40E-14 1.50E-14 1.51E-14 1.46E-14 1.39E-14 1.28E-14 1.20E-14 1.09E-14
 1.00E-74 1.00E-74 1.00E-74 3.13E-57 1.84E-46 1.99E-35 1.24E-26 6.87E-23
 4.17E-20 5.61E-18 6.15E-17 6.17E-16 3.25E-15 5.90E-15 8.55E-15 1.07E-14
 1.18E-14 1.25E-14 1.28E-14 1.26E-14 1.23E-14 1.17E-14 1.12E-14 1.05E-14
 1.00E-74 1.00E-74 1.00E-74 9.38E-58 1.46E-46 1.62E-35 1.04E-26 5.86E-23
 3.63E-20 5.02E-18 5.60E-17 5.55E-16 2.55E-15 4.05E-15 5.22E-15 6.02E-15
 6.35E-15 6.62E-15 6.74E-15 6.73E-15 6.68E-15 6.56E-15 6.46E-15 6.29E-15
     1.3 A  24  24 /FILMEM = w05#ni26/TYPE = EXCIT    /INDM = T/ISEL =    8
 1.05E+11 1.05E+12 1.05E+13 1.05E+14 1.05E+15 1.05E+16 3.14E+16 1.05E+17
 3.14E+17 1.05E+18 3.14E+18 1.05E+19 3.14E+19 1.05E+20 3.14E+20 1.05E+21
 3.14E+21 1.05E+22 3.14E+22 1.05E+23 3.14E+23 1.05E+24 3.14E+24 1.05E+25
 3.14E+01 4.40E+01 6.28E+01 9.42E+01 1.26E+02 1.88E+02 3.14E+02 4.40E+02
 6.28E+02 9.42E+02 1.26E+03 1.88E+03 3.14E+03 4.40E+03 6.28E+03 9.42E+03
 1.26E+04 1.88E+04 3.14E+04 4.40E+04 6.28E+04 9.42E+04 1.26E+05 1.88E+05
 1.00E-74 1.00E-74 1.00E-74 1.00E-74 1.00E-74 1.29E-36 1.32E-27 8.99E-24
 6.36E-21 9.75E-19 1.15E-17 1.26E-16 7.67E-16 1.56E-15 2.53E-15 3.47E-15
 3.95E-15 4.32E-15 4.39E-15 4.26E-15 4.06E-15 3.77E-15 3.56E-15 3.24E-15
 1.00E-74 1.00E-74 1.00E-74 1.00E-74 1.00E-74 1.29E-36 1.32E-27 9.03E-24
 6.39E-21 9.78E-19 1.15E-17 1.26E-16 7.70E-16 1.57E-15 2.54E-15 3.49E-15
 3.96E-15 4.34E-15 4.41E-15 4.29E-15 4.08E-15 3.79E-15 3.57E-15 3.25E-15
 1.00E-74 1.00E-74 1.00E-74 1.00E-74 1.00E-74 1.29E-36 1.33E-27 9.05E-24
 6.40E-21 9.80E-19 1.15E-17 1.27E-16 7.72E-16 1.57E-15 2.55E-15 3.50E-15
 3.98E-15 4.36E-15 4.43E-15 4.31E-15 4.10E-15 3.82E-15 3.60E-15 3.27E-15
 1.00E-74 1.00E-74 1.00E-74 1.00E-74 1.00E-74 1.29E-36 1.33E-27 9.05E-24
 6.40E-21 9.80E-19 1.15E-17 1.27E-16 7.73E-16 1.57E-15 2.55E-15 3.51E-15
 3.99E-15 4.36E-15 4.44E-15 4.32E-15 4.11E-15 3.83E-15 3.61E-15 3.28E-15
 1.00E-74 1.00E-74 1.00E-74 1.00E-74 7.61E-48 1.29E-36 1.33E-27 9.05E-24
 6.40E-21 9.80E-19 1.15E-17 1.27E-16 7.73E-16 1.57E-15 2.55E-15 3.51E-15
 3.99E-15 4.36E-15 4.44E-15 4.32E-15 4.11E-15 3.83E-15 3.61E-15 3.28E-15
 1.00E-74 1.00E-74 1.00E-74 1.00E-74 6.09E-48 1.30E-36 1.33E-27 9.06E-24
 6.41E-21 9.81E-19 1.16E-17 1.27E-16 7.73E-16 1.57E-15 2.55E-15 3.51E-15
 3.99E-15 4.37E-15 4.44E-15 4.32E-15 4.11E-15 3.83E-15 3.61E-15 3.28E-15
 1.00E-74 1.00E-74 1.00E-74 1.00E-74 6.21E-48 1.30E-36 1.33E-27 9.08E-24
 6.42E-21 9.83E-19 1.16E-17 1.27E-16 7.74E-16 1.58E-15 2.55E-15 3.51E-15
 3.99E-15 4.37E-15 4.44E-15 4.32E-15 4.11E-15 3.83E-15 3.61E-15 3.29E-15
 1.00E-74 1.00E-74 1.00E-74 1.00E-74 6.35E-48 1.31E-36 1.34E-27 9.15E-24
 6.47E-21 9.89E-19 1.16E-17 1.28E-16 7.77E-16 1.58E-15 2.56E-15 3.52E-15
 4.00E-15 4.37E-15 4.45E-15 4.33E-15 4.12E-15 3.83E-15 3.61E-15 3.29E-15
 1.00E-74 1.00E-74 1.00E-74 1.00E-74 6.56E-48 1.35E-36 1.37E-27 9.33E-24
 6.58E-21 1.00E-18 1.18E-17 1.29E-16 7.86E-16 1.60E-15 2.58E-15 3.54E-15
 4.02E-15 4.39E-15 4.46E-15 4.34E-15 4.12E-15 3.83E-15 3.61E-15 3.29E-15
 1.00E-74 1.00E-74 1.00E-74 1.00E-74 7.02E-48 1.43E-36 1.44E-27 9.75E-24
 6.85E-21 1.04E-18 1.22E-17 1.33E-16 8.09E-16 1.64E-15 2.64E-15 3.61E-15
 4.08E-15 4.45E-15 4.50E-15 4.36E-15 4.14E-15 3.85E-15 3.62E-15 3.29E-15
 1.00E-74 1.00E-74 1.00E-74 1.00E-74 7.61E-48 1.53E-36 1.53E-27 1.03E-23
 7.23E-21 1.10E-18 1.28E-17 1.40E-16 8.42E-16 1.70E-15 2.73E-15 3.72E-15
 4.19E-15 4.54E-15 4.56E-15 4.41E-15 4.18E-15 3.87E-15 3.64E-15 3.31E-15
 1.00E-74 1.00E-74 1.00E-74 1.00E-74 8.16E-48 1.63E-36 1.63E-27 1.09E-23
 7.64E-21 1.16E-18 1.35E-17 1.47E-16 8.81E-16 1.77E-15 2.83E-15 3.84E-15
 4.31E-15 4.64E-15 4.64E-15 4.47E-15 4.22E-15 3.90E-15 3.67E-15 3.33E-15
 1.00E-74 1.00E-74 1.00E-74 1.00E-74 8.10E-48 1.63E-36 1.63E-27 1.10E-23
 7.72E-21 1.17E-18 1.38E-17 1.50E-16 8.99E-16 1.81E-15 2.88E-15 3.88E-15
 4.35E-15 4.67E-15 4.65E-15 4.47E-15 4.22E-15 3.90E-15 3.66E-15 3.32E-15
 1.00E-74 1.00E-74 1.00E-74 1.00E-74 7.03E-48 1.42E-36 1.43E-27 9.79E-24
 6.96E-21 1.07E-18 1.27E-17 1.40E-16 8.50E-16 1.72E-15 2.75E-15 3.72E-15
 4.17E-15 4.48E-15 4.47E-15 4.30E-15 4.07E-15 3.76E-15 3.54E-15 3.22E-15
 1.00E-74 1.00E-74 1.00E-74 1.00E-74 5.88E-48 1.17E-36 1.17E-27 7.95E-24
 5.67E-21 8.79E-19 1.04E-17 1.16E-16 7.16E-16 1.46E-15 2.35E-15 3.21E-15
 3.61E-15 3.90E-15 3.92E-15 3.80E-15 3.62E-15 3.38E-15 3.20E-15 2.94E-15
 1.00E-74 1.00E-74 1.00E-74 1.00E-74 5.65E-48 1.07E-36 1.02E-27 6.77E-24
 4.72E-21 7.18E-19 8.44E-18 9.28E-17 5.66E-16 1.15E-15 1.84E-15 2.51E-15
 2.82E-15 3.03E-15 3.04E-15 2.95E-15 2.82E-15 2.65E-15 2.53E-15 2.35E-15
 1.00E-74 1.00E-74 1.00E-74 1.00E-74 6.63E-48 1.21E-36 1.10E-27 7.09E-24
 4.80E-21 7.09E-19 8.18E-18 8.78E-17 5.21E-16 1.04E-15 1.65E-15 2.20E-15
 2.44E-15 2.57E-15 2.51E-15 2.40E-15 2.25E-15 2.08E-15 1.97E-15 1.82E-15
 1.00E-74 1.00E-74 1.00E-74 1.00E-74 8.66E-48 1.56E-36 1.38E-27 8.76E-24
 5.80E-21 8.36E-19 9.50E-18 1.00E-16 5.82E-16 1.15E-15 1.79E-15 2.36E-15
 2.59E-15 2.68E-15 2.54E-15 2.37E-15 2.17E-15 1.94E-15 1.79E-15 1.60E-15
 1.00E-74 1.00E-74 1.00E-74 1.00E-74 1.11E-47 2.01E-36 1.79E-27 1.12E-23
 7.38E-21 1.05E-18 1.18E-17 1.23E-16 7.09E-16 1.39E-15 2.17E-15 2.86E-15
 3.14E-15 3.25E-15 3.08E-15 2.86E-15 2.59E-15 2.28E-15 2.08E-15 1.82E-15
 1.00E-74 1.00E-74 1.00E-74 1.00E-74 1.43E-47 2.61E-36 2.35E-27 1.48E-23
 9.70E-21 1.37E-18 1.53E-17 1.58E-16 9.01E-16 1.77E-15 2.77E-15 3.67E-15
 4.06E-15 4.25E-15 4.08E-15 3.83E-15 3.50E-15 3.10E-15 2.83E-15 2.47E-15
 1.00E-74 1.00E-74 1.00E-74 1.00E-74 1.62E-47 3.02E-36 2.81E-27 1.80E-23
 1.19E-20 1.69E-18 1.89E-17 1.94E-16 1.10E-15 2.16E-15 3.37E-15 4.50E-15
 5.01E-15 5.33E-15 5.23E-15 4.98E-15 4.62E-15 4.16E-15 3.83E-15 3.38E-15
 1.00E-74 1.00E-74 1.00E-74 1.00E-74 1.48E-47 2.85E-36 2.79E-27 1.86E-23
 1.28E-20 1.87E-18 2.13E-17 2.22E-16 1.26E-15 2.44E-15 3.77E-15 4.99E-15
 5.57E-15 5.99E-15 6.03E-15 5.86E-15 5.57E-15 5.14E-15 4.82E-15 4.36E-15
 1.00E-74 1.00E-74 1.00E-74 1.00E-74 1.23E-47 2.42E-36 2.44E-27 1.66E-23
 1.18E-20 1.79E-18 2.08E-17 2.22E-16 1.23E-15 2.27E-15 3.34E-15 4.25E-15
 4.68E-15 5.02E-15 5.13E-15 5.08E-15 4.95E-15 4.72E-15 4.53E-15 4.25E-15
 1.00E-74 1.00E-74 1.00E-74 1.00E-74 9.76E-48 1.98E-36 2.05E-27 1.42E-23
 1.03E-20 1.60E-18 1.90E-17 2.00E-16 9.61E-16 1.56E-15 2.04E-15 2.38E-15
 2.53E-15 2.65E-15 2.71E-15 2.72E-15 2.70E-15 2.65E-15 2.61E-15 2.55E-15
     1.3 A  24  24 /FILMEM = w05#ni26/TYPE = EXCIT    /INDM = T/ISEL =    9
 1.05E+11 1.05E+12 1.05E+13 1.05E+14 1.05E+15 1.05E+16 3.14E+16 1.05E+17
 3.14E+17 1.05E+18 3.14E+18 1.05E+19 3.14E+19 1.05E+20 3.14E+20 1.05E+21
 3.14E+21 1.05E+22 3.14E+22 1.05E+23 3.14E+23 1.05E+24 3.14E+24 1.05E+25
 3.14E+01 4.40E+01 6.28E+01 9.42E+01 1.26E+02 1.88E+02 3.14E+02 4.40E+02
 6.28E+02 9.42E+02 1.26E+03 1.88E+03 3.14E+03 4.40E+03 6.28E+03 9.42E+03
 1.26E+04 1.88E+04 3.14E+04 4.40E+04 6.28E+04 9.42E+04 1.26E+05 1.88E+05
 1.00E-74 1.00E-74 1.00E-74 1.00E-74 1.00E-74 4.79E-38 4.91E-29 3.36E-25
 2.39E-22 3.72E-20 4.47E-19 5.14E-18 3.44E-17 7.60E-17 1.36E-16 2.09E-16
 2.56E-16 3.07E-16 3.39E-16 3.41E-16 3.30E-16 3.07E-16 2.86E-16 2.57E-16
 1.00E-74 1.00E-74 1.00E-74 1.00E-74 1.00E-74 5.07E-38 5.18E-29 3.53E-25
 2.52E-22 3.91E-20 4.69E-19 5.39E-18 3.60E-17 7.93E-17 1.41E-16 2.17E-16
 2.65E-16 3.16E-16 3.47E-16 3.48E-16 3.36E-16 3.11E-16 2.90E-16 2.60E-16
 1.00E-74 1.00E-74 1.00E-74 1.00E-74 1.00E-74 5.17E-38 5.28E-29 3.61E-25
 2.57E-22 4.00E-20 4.81E-19 5.54E-18 3.70E-17 8.17E-17 1.46E-16 2.24E-16
 2.73E-16 3.25E-16 3.57E-16 3.58E-16 3.45E-16 3.20E-16 2.98E-16 2.67E-16
 1.00E-74 1.00E-74 1.00E-74 1.00E-74 1.00E-74 5.18E-38 5.30E-29 3.62E-25
 2.58E-22 4.02E-20 4.83E-19 5.56E-18 3.72E-17 8.21E-17 1.46E-16 2.25E-16
 2.75E-16 3.27E-16 3.59E-16 3.60E-16 3.48E-16 3.22E-16 3.00E-16 2.69E-16
 1.00E-74 1.00E-74 1.00E-74 1.00E-74 1.00E-74 5.19E-38 5.30E-29 3.62E-25
 2.58E-22 4.02E-20 4.83E-19 5.56E-18 3.72E-17 8.22E-17 1.46E-16 2.25E-16
 2.75E-16 3.28E-16 3.59E-16 3.61E-16 3.48E-16 3.22E-16 3.01E-16 2.69E-16
 1.00E-74 1.00E-74 1.00E-74 1.00E-74 2.19E-49 5.22E-38 5.33E-29 3.64E-25
 2.59E-22 4.03E-20 4.84E-19 5.57E-18 3.73E-17 8.22E-17 1.46E-16 2.25E-16
 2.75E-16 3.28E-16 3.59E-16 3.61E-16 3.48E-16 3.22E-16 3.01E-16 2.69E-16
 1.00E-74 1.00E-74 1.00E-74 1.00E-74 2.68E-49 5.30E-38 5.39E-29 3.67E-25
 2.61E-22 4.05E-20 4.87E-19 5.59E-18 3.74E-17 8.24E-17 1.47E-16 2.25E-16
 2.75E-16 3.28E-16 3.60E-16 3.61E-16 3.48E-16 3.22E-16 3.01E-16 2.69E-16
 1.00E-74 1.00E-74 1.00E-74 1.00E-74 2.71E-49 5.56E-38 5.60E-29 3.79E-25
 2.68E-22 4.14E-20 4.95E-19 5.66E-18 3.76E-17 8.28E-17 1.47E-16 2.26E-16
 2.75E-16 3.28E-16 3.60E-16 3.61E-16 3.48E-16 3.23E-16 3.01E-16 2.69E-16
 1.00E-74 1.00E-74 1.00E-74 1.00E-74 3.15E-49 6.25E-38 6.15E-29 4.11E-25
 2.87E-22 4.37E-20 5.18E-19 5.85E-18 3.84E-17 8.40E-17 1.49E-16 2.27E-16
 2.77E-16 3.29E-16 3.60E-16 3.61E-16 3.49E-16 3.23E-16 3.01E-16 2.70E-16
 1.00E-74 1.00E-74 1.00E-74 1.00E-74 4.16E-49 8.00E-38 7.58E-29 4.96E-25
 3.38E-22 5.01E-20 5.82E-19 6.40E-18 4.07E-17 8.77E-17 1.53E-16 2.31E-16
 2.80E-16 3.32E-16 3.62E-16 3.63E-16 3.50E-16 3.23E-16 3.01E-16 2.70E-16
 1.00E-74 1.00E-74 1.00E-74 1.00E-74 5.53E-49 1.04E-37 9.67E-29 6.24E-25
 4.19E-22 6.07E-20 6.93E-19 7.40E-18 4.53E-17 9.51E-17 1.62E-16 2.41E-16
 2.89E-16 3.39E-16 3.67E-16 3.66E-16 3.52E-16 3.25E-16 3.03E-16 2.71E-16
 1.00E-74 1.00E-74 1.00E-74 1.00E-74 6.86E-49 1.29E-37 1.20E-28 7.74E-25
 5.19E-22 7.50E-20 8.51E-19 8.95E-18 5.32E-17 1.09E-16 1.81E-16 2.62E-16
 3.10E-16 3.57E-16 3.80E-16 3.77E-16 3.61E-16 3.32E-16 3.08E-16 2.75E-16
 1.00E-74 1.00E-74 1.00E-74 1.00E-74 7.78E-49 1.47E-37 1.37E-28 8.92E-25
 6.03E-22 8.77E-20 9.99E-19 1.05E-17 6.23E-17 1.27E-16 2.08E-16 2.96E-16
 3.45E-16 3.90E-16 4.08E-16 4.01E-16 3.81E-16 3.47E-16 3.21E-16 2.85E-16
 1.00E-74 1.00E-74 1.00E-74 1.00E-74 8.96E-49 1.69E-37 1.59E-28 1.03E-24
 7.03E-22 1.04E-19 1.19E-18 1.27E-17 7.63E-17 1.56E-16 2.56E-16 3.61E-16
 4.17E-16 4.65E-16 4.77E-16 4.62E-16 4.33E-16 3.90E-16 3.58E-16 3.15E-16
 1.00E-74 1.00E-74 1.00E-74 1.00E-74 1.08E-48 2.02E-37 1.88E-28 1.22E-24
 8.30E-22 1.23E-19 1.42E-18 1.54E-17 9.41E-17 1.95E-16 3.24E-16 4.60E-16
 5.33E-16 5.92E-16 6.03E-16 5.80E-16 5.39E-16 4.81E-16 4.38E-16 3.81E-16
 1.00E-74 1.00E-74 1.00E-74 1.00E-74 1.43E-48 2.62E-37 2.38E-28 1.53E-24
 1.03E-21 1.51E-19 1.74E-18 1.89E-17 1.16E-16 2.41E-16 4.04E-16 5.80E-16
 6.79E-16 7.65E-16 7.90E-16 7.68E-16 7.20E-16 6.49E-16 5.94E-16 5.18E-16
 1.00E-74 1.00E-74 1.00E-74 1.00E-74 1.92E-48 3.47E-37 3.09E-28 1.96E-24
 1.30E-21 1.88E-19 2.15E-18 2.29E-17 1.37E-16 2.81E-16 4.63E-16 6.58E-16
 7.67E-16 8.67E-16 9.08E-16 8.95E-16 8.55E-16 7.88E-16 7.34E-16 6.55E-16
 1.00E-74 1.00E-74 1.00E-74 1.00E-74 2.65E-48 4.78E-37 4.23E-28 2.66E-24
 1.75E-21 2.50E-19 2.82E-18 2.95E-17 1.72E-16 3.43E-16 5.49E-16 7.52E-16
 8.54E-16 9.38E-16 9.61E-16 9.42E-16 9.02E-16 8.40E-16 7.92E-16 7.23E-16
 1.00E-74 1.00E-74 1.00E-74 1.00E-74 3.46E-48 6.29E-37 5.60E-28 3.52E-24
 2.31E-21 3.27E-19 3.67E-18 3.80E-17 2.19E-16 4.32E-16 6.79E-16 9.09E-16
 1.01E-15 1.08E-15 1.07E-15 1.02E-15 9.61E-16 8.81E-16 8.23E-16 7.47E-16
 1.00E-74 1.00E-74 1.00E-74 1.00E-74 4.47E-48 8.23E-37 7.43E-28 4.70E-24
 3.07E-21 4.33E-19 4.84E-18 4.98E-17 2.85E-16 5.59E-16 8.76E-16 1.17E-15
 1.29E-15 1.37E-15 1.33E-15 1.26E-15 1.17E-15 1.06E-15 9.74E-16 8.67E-16
 1.00E-74 1.00E-74 1.00E-74 1.00E-74 5.06E-48 9.53E-37 8.90E-28 5.73E-24
 3.80E-21 5.39E-19 6.02E-18 6.18E-17 3.51E-16 6.87E-16 1.07E-15 1.43E-15
 1.60E-15 1.71E-15 1.68E-15 1.60E-15 1.50E-15 1.35E-15 1.25E-15 1.11E-15
 1.00E-74 1.00E-74 1.00E-74 1.00E-74 4.63E-48 9.00E-37 8.85E-28 5.92E-24
 4.08E-21 5.98E-19 6.80E-18 7.10E-17 4.03E-16 7.80E-16 1.20E-15 1.59E-15
 1.78E-15 1.92E-15 1.93E-15 1.88E-15 1.78E-15 1.65E-15 1.55E-15 1.40E-15
 1.00E-74 1.00E-74 1.00E-74 1.00E-74 3.87E-48 7.65E-37 7.74E-28 5.30E-24
 3.76E-21 5.71E-19 6.66E-18 7.09E-17 3.92E-16 7.27E-16 1.07E-15 1.36E-15
 1.50E-15 1.61E-15 1.64E-15 1.63E-15 1.58E-15 1.51E-15 1.45E-15 1.36E-15
 1.00E-74 1.00E-74 1.00E-74 1.00E-74 3.06E-48 6.24E-37 6.50E-28 4.53E-24
 3.28E-21 5.12E-19 6.06E-18 6.38E-17 3.07E-16 4.99E-16 6.54E-16 7.63E-16
 8.10E-16 8.49E-16 8.69E-16 8.70E-16 8.64E-16 8.51E-16 8.38E-16 8.16E-16
     1.3 A  24  24 /FILMEM = w05#ni26/TYPE = EXCIT    /INDM = T/ISEL =   10
 1.05E+11 1.05E+12 1.05E+13 1.05E+14 1.05E+15 1.05E+16 3.14E+16 1.05E+17
 3.14E+17 1.05E+18 3.14E+18 1.05E+19 3.14E+19 1.05E+20 3.14E+20 1.05E+21
 3.14E+21 1.05E+22 3.14E+22 1.05E+23 3.14E+23 1.05E+24 3.14E+24 1.05E+25
 3.14E+01 4.40E+01 6.28E+01 9.42E+01 1.26E+02 1.88E+02 3.14E+02 4.40E+02
 6.28E+02 9.42E+02 1.26E+03 1.88E+03 3.14E+03 4.40E+03 6.28E+03 9.42E+03
 1.26E+04 1.88E+04 3.14E+04 4.40E+04 6.28E+04 9.42E+04 1.26E+05 1.88E+05
 1.00E-74 1.00E-74 1.00E-74 1.00E-74 1.00E-74 2.22E-36 4.98E-28 1.71E-24
 7.01E-22 6.85E-20 6.39E-19 5.60E-18 2.95E-17 5.84E-17 9.59E-17 1.39E-16
 1.64E-16 1.90E-16 2.05E-16 2.04E-16 1.96E-16 1.80E-16 1.68E-16 1.50E-16
 1.00E-74 1.00E-74 1.00E-74 1.00E-74 1.00E-74 2.56E-36 5.73E-28 1.98E-24
 8.18E-22 8.08E-20 7.62E-19 6.76E-18 3.60E-17 7.12E-17 1.16E-16 1.66E-16
 1.95E-16 2.22E-16 2.33E-16 2.29E-16 2.17E-16 1.97E-16 1.81E-16 1.60E-16
 1.00E-74 1.00E-74 1.00E-74 1.00E-74 8.84E-47 2.69E-36 6.03E-28 2.09E-24
 8.71E-22 8.70E-20 8.27E-19 7.44E-18 4.02E-17 8.04E-17 1.32E-16 1.90E-16
 2.24E-16 2.56E-16 2.68E-16 2.63E-16 2.49E-16 2.26E-16 2.07E-16 1.82E-16
 1.00E-74 1.00E-74 1.00E-74 1.00E-74 8.40E-47 2.70E-36 6.07E-28 2.10E-24
 8.78E-22 8.79E-20 8.37E-19 7.54E-18 4.09E-17 8.20E-17 1.35E-16 1.95E-16
 2.30E-16 2.62E-16 2.76E-16 2.72E-16 2.57E-16 2.34E-16 2.16E-16 1.90E-16
 1.00E-74 1.00E-74 1.00E-74 1.00E-74 8.36E-47 2.71E-36 6.08E-28 2.11E-24
 8.79E-22 8.80E-20 8.38E-19 7.55E-18 4.10E-17 8.21E-17 1.35E-16 1.95E-16
 2.30E-16 2.63E-16 2.77E-16 2.73E-16 2.58E-16 2.35E-16 2.17E-16 1.91E-16
 1.00E-74 1.00E-74 1.00E-74 1.00E-74 8.44E-47 2.73E-36 6.13E-28 2.12E-24
 8.85E-22 8.85E-20 8.42E-19 7.58E-18 4.11E-17 8.23E-17 1.36E-16 1.95E-16
 2.30E-16 2.63E-16 2.77E-16 2.73E-16 2.59E-16 2.35E-16 2.17E-16 1.91E-16
 1.00E-74 1.00E-74 1.00E-74 1.00E-74 8.64E-47 2.79E-36 6.23E-28 2.15E-24
 8.96E-22 8.95E-20 8.51E-19 7.64E-18 4.13E-17 8.27E-17 1.36E-16 1.96E-16
 2.31E-16 2.64E-16 2.78E-16 2.73E-16 2.59E-16 2.35E-16 2.17E-16 1.92E-16
 1.00E-74 1.00E-74 1.00E-74 1.00E-74 9.32E-47 2.97E-36 6.57E-28 2.26E-24
 9.36E-22 9.29E-20 8.79E-19 7.85E-18 4.21E-17 8.38E-17 1.37E-16 1.97E-16
 2.32E-16 2.64E-16 2.78E-16 2.73E-16 2.59E-16 2.35E-16 2.17E-16 1.92E-16
 1.00E-74 1.00E-74 1.00E-74 1.00E-74 1.11E-46 3.45E-36 7.47E-28 2.54E-24
 1.04E-21 1.02E-19 9.55E-19 8.40E-18 4.42E-17 8.70E-17 1.41E-16 2.01E-16
 2.35E-16 2.67E-16 2.79E-16 2.74E-16 2.59E-16 2.36E-16 2.17E-16 1.92E-16
 1.00E-74 1.00E-74 1.00E-74 1.00E-74 1.53E-46 4.62E-36 9.72E-28 3.25E-24
 1.31E-21 1.26E-19 1.16E-18 9.95E-18 5.03E-17 9.64E-17 1.52E-16 2.12E-16
 2.44E-16 2.74E-16 2.83E-16 2.77E-16 2.61E-16 2.37E-16 2.18E-16 1.92E-16
 1.00E-74 1.00E-74 1.00E-74 1.00E-74 2.08E-46 6.17E-36 1.28E-27 4.28E-24
 1.72E-21 1.64E-19 1.50E-18 1.26E-17 6.13E-17 1.14E-16 1.74E-16 2.34E-16
 2.64E-16 2.89E-16 2.93E-16 2.83E-16 2.66E-16 2.40E-16 2.20E-16 1.94E-16
 1.00E-74 1.00E-74 1.00E-74 1.00E-74 2.56E-46 7.60E-36 1.59E-27 5.34E-24
 2.17E-21 2.09E-19 1.92E-18 1.61E-17 7.76E-17 1.42E-16 2.11E-16 2.73E-16
 3.02E-16 3.19E-16 3.14E-16 2.99E-16 2.77E-16 2.47E-16 2.26E-16 1.98E-16
 1.00E-74 1.00E-74 1.00E-74 1.00E-74 2.80E-46 8.34E-36 1.76E-27 5.94E-24
 2.43E-21 2.38E-19 2.20E-18 1.87E-17 9.05E-17 1.65E-16 2.44E-16 3.12E-16
 3.41E-16 3.54E-16 3.40E-16 3.20E-16 2.93E-16 2.59E-16 2.35E-16 2.04E-16
 1.00E-74 1.00E-74 1.00E-74 1.00E-74 3.02E-46 8.90E-36 1.87E-27 6.34E-24
 2.61E-21 2.57E-19 2.39E-18 2.05E-17 9.97E-17 1.82E-16 2.70E-16 3.45E-16
 3.75E-16 3.86E-16 3.67E-16 3.43E-16 3.11E-16 2.73E-16 2.47E-16 2.14E-16
 1.00E-74 1.00E-74 1.00E-74 1.00E-74 3.36E-46 9.70E-36 2.00E-27 6.76E-24
 2.78E-21 2.74E-19 2.56E-18 2.20E-17 1.08E-16 1.97E-16 2.93E-16 3.74E-16
 4.06E-16 4.17E-16 3.94E-16 3.66E-16 3.31E-16 2.89E-16 2.61E-16 2.25E-16
 1.00E-74 1.00E-74 1.00E-74 1.00E-74 4.13E-46 1.16E-35 2.31E-27 7.67E-24
 3.11E-21 3.05E-19 2.84E-18 2.45E-17 1.21E-16 2.22E-16 3.32E-16 4.26E-16
 4.63E-16 4.77E-16 4.49E-16 4.16E-16 3.74E-16 3.24E-16 2.91E-16 2.49E-16
 1.00E-74 1.00E-74 1.00E-74 1.00E-74 5.15E-46 1.44E-35 2.82E-27 9.21E-24
 3.67E-21 3.53E-19 3.27E-18 2.80E-17 1.38E-16 2.57E-16 3.87E-16 5.02E-16
 5.50E-16 5.72E-16 5.43E-16 5.05E-16 4.55E-16 3.94E-16 3.53E-16 3.00E-16
 1.00E-74 1.00E-74 1.00E-74 1.00E-74 6.08E-46 1.73E-35 3.47E-27 1.14E-23
 4.51E-21 4.29E-19 3.93E-18 3.33E-17 1.65E-16 3.07E-16 4.68E-16 6.15E-16
 6.82E-16 7.21E-16 6.98E-16 6.56E-16 5.98E-16 5.24E-16 4.73E-16 4.05E-16
 1.00E-74 1.00E-74 1.00E-74 1.47E-56 6.77E-46 1.94E-35 3.96E-27 1.31E-23
 5.26E-21 5.03E-19 4.61E-18 3.90E-17 1.93E-16 3.62E-16 5.55E-16 7.39E-16
 8.28E-16 8.89E-16 8.79E-16 8.38E-16 7.75E-16 6.92E-16 6.31E-16 5.49E-16
 1.00E-74 1.00E-74 1.00E-74 2.65E-56 7.90E-46 2.26E-35 4.62E-27 1.54E-23
 6.22E-21 5.97E-19 5.48E-18 4.64E-17 2.28E-16 4.26E-16 6.52E-16 8.69E-16
 9.77E-16 1.06E-15 1.07E-15 1.04E-15 9.77E-16 8.92E-16 8.28E-16 7.37E-16
 1.00E-74 1.00E-74 1.00E-74 2.80E-56 8.60E-46 2.50E-35 5.24E-27 1.78E-23
 7.28E-21 7.06E-19 6.51E-18 5.52E-17 2.70E-16 4.97E-16 7.50E-16 9.85E-16
 1.10E-15 1.19E-15 1.20E-15 1.17E-15 1.11E-15 1.03E-15 9.65E-16 8.76E-16
 1.00E-74 1.00E-74 1.00E-74 2.48E-56 7.75E-46 2.32E-35 5.10E-27 1.80E-23
 7.63E-21 7.68E-19 7.24E-18 6.25E-17 3.05E-16 5.55E-16 8.20E-16 1.05E-15
 1.16E-15 1.24E-15 1.26E-15 1.23E-15 1.18E-15 1.10E-15 1.04E-15 9.56E-16
 1.00E-74 1.00E-74 1.00E-74 2.03E-56 6.45E-46 1.96E-35 4.44E-27 1.60E-23
 7.00E-21 7.31E-19 7.06E-18 6.22E-17 2.97E-16 5.16E-16 7.24E-16 8.90E-16
 9.64E-16 1.02E-15 1.03E-15 1.02E-15 9.95E-16 9.52E-16 9.17E-16 8.64E-16
 1.00E-74 1.00E-74 1.00E-74 1.56E-56 5.10E-46 1.60E-35 3.72E-27 1.36E-23
 6.10E-21 6.54E-19 6.42E-18 5.61E-17 2.33E-16 3.54E-16 4.42E-16 4.98E-16
 5.19E-16 5.35E-16 5.40E-16 5.38E-16 5.33E-16 5.24E-16 5.16E-16 5.03E-16
     1.3 A  24  24 /FILMEM = w05#ni26/TYPE = EXCIT    /INDM = T/ISEL =   11
 1.05E+11 1.05E+12 1.05E+13 1.05E+14 1.05E+15 1.05E+16 3.14E+16 1.05E+17
 3.14E+17 1.05E+18 3.14E+18 1.05E+19 3.14E+19 1.05E+20 3.14E+20 1.05E+21
 3.14E+21 1.05E+22 3.14E+22 1.05E+23 3.14E+23 1.05E+24 3.14E+24 1.05E+25
 3.14E+01 4.40E+01 6.28E+01 9.42E+01 1.26E+02 1.88E+02 3.14E+02 4.40E+02
 6.28E+02 9.42E+02 1.26E+03 1.88E+03 3.14E+03 4.40E+03 6.28E+03 9.42E+03
 1.26E+04 1.88E+04 3.14E+04 4.40E+04 6.28E+04 9.42E+04 1.26E+05 1.88E+05
 1.00E-74 1.00E-74 1.00E-74 1.00E-74 1.00E-74 1.22E-37 6.98E-29 3.63E-25
 2.07E-22 2.68E-20 2.92E-19 3.04E-18 1.88E-17 4.00E-17 6.93E-17 1.05E-16
 1.27E-16 1.51E-16 1.65E-16 1.66E-16 1.60E-16 1.48E-16 1.38E-16 1.24E-16
 1.00E-74 1.00E-74 1.00E-74 1.00E-74 1.00E-74 1.29E-37 7.41E-29 3.86E-25
 2.21E-22 2.87E-20 3.13E-19 3.27E-18 2.01E-17 4.28E-17 7.39E-17 1.11E-16
 1.34E-16 1.58E-16 1.72E-16 1.72E-16 1.65E-16 1.52E-16 1.41E-16 1.26E-16
 1.00E-74 1.00E-74 1.00E-74 1.00E-74 1.00E-74 1.32E-37 7.59E-29 3.96E-25
 2.28E-22 2.96E-20 3.25E-19 3.40E-18 2.10E-17 4.48E-17 7.75E-17 1.17E-16
 1.41E-16 1.66E-16 1.80E-16 1.80E-16 1.73E-16 1.59E-16 1.47E-16 1.31E-16
 1.00E-74 1.00E-74 1.00E-74 1.00E-74 1.00E-74 1.32E-37 7.61E-29 3.98E-25
 2.29E-22 2.98E-20 3.26E-19 3.42E-18 2.12E-17 4.51E-17 7.81E-17 1.18E-16
 1.42E-16 1.68E-16 1.82E-16 1.82E-16 1.75E-16 1.61E-16 1.49E-16 1.33E-16
 1.00E-74 1.00E-74 1.00E-74 1.00E-74 1.34E-48 1.32E-37 7.62E-29 3.98E-25
 2.29E-22 2.98E-20 3.26E-19 3.42E-18 2.12E-17 4.52E-17 7.82E-17 1.18E-16
 1.42E-16 1.68E-16 1.82E-16 1.82E-16 1.75E-16 1.61E-16 1.50E-16 1.33E-16
 1.00E-74 1.00E-74 1.00E-74 1.00E-74 1.24E-48 1.33E-37 7.66E-29 4.00E-25
 2.30E-22 2.99E-20 3.27E-19 3.43E-18 2.12E-17 4.52E-17 7.83E-17 1.18E-16
 1.42E-16 1.68E-16 1.82E-16 1.82E-16 1.75E-16 1.61E-16 1.50E-16 1.33E-16
 1.00E-74 1.00E-74 1.00E-74 1.00E-74 1.26E-48 1.35E-37 7.75E-29 4.04E-25
 2.32E-22 3.01E-20 3.29E-19 3.44E-18 2.13E-17 4.53E-17 7.84E-17 1.18E-16
 1.42E-16 1.68E-16 1.82E-16 1.82E-16 1.75E-16 1.61E-16 1.50E-16 1.33E-16
 1.00E-74 1.00E-74 1.00E-74 1.00E-74 1.33E-48 1.41E-37 8.05E-29 4.18E-25
 2.39E-22 3.08E-20 3.36E-19 3.50E-18 2.15E-17 4.56E-17 7.87E-17 1.18E-16
 1.43E-16 1.68E-16 1.82E-16 1.82E-16 1.75E-16 1.61E-16 1.50E-16 1.33E-16
 1.00E-74 1.00E-74 1.00E-74 1.00E-74 1.51E-48 1.58E-37 8.84E-29 4.55E-25
 2.57E-22 3.28E-20 3.54E-19 3.64E-18 2.21E-17 4.65E-17 7.97E-17 1.19E-16
 1.44E-16 1.69E-16 1.83E-16 1.82E-16 1.75E-16 1.61E-16 1.50E-16 1.33E-16
 1.00E-74 1.00E-74 1.00E-74 1.00E-74 1.96E-48 1.99E-37 1.09E-28 5.51E-25
 3.06E-22 3.82E-20 4.06E-19 4.05E-18 2.37E-17 4.90E-17 8.27E-17 1.22E-16
 1.46E-16 1.70E-16 1.84E-16 1.83E-16 1.75E-16 1.61E-16 1.50E-16 1.34E-16
 1.00E-74 1.00E-74 1.00E-74 1.00E-74 2.53E-48 2.54E-37 1.38E-28 6.92E-25
 3.81E-22 4.69E-20 4.91E-19 4.77E-18 2.68E-17 5.40E-17 8.88E-17 1.28E-16
 1.51E-16 1.74E-16 1.86E-16 1.85E-16 1.77E-16 1.62E-16 1.51E-16 1.34E-16
 1.00E-74 1.00E-74 1.00E-74 1.00E-74 3.05E-48 3.07E-37 1.67E-28 8.44E-25
 4.67E-22 5.76E-20 6.00E-19 5.77E-18 3.16E-17 6.20E-17 9.94E-17 1.39E-16
 1.62E-16 1.83E-16 1.92E-16 1.89E-16 1.80E-16 1.64E-16 1.52E-16 1.35E-16
 1.00E-74 1.00E-74 1.00E-74 1.00E-74 3.33E-48 3.36E-37 1.84E-28 9.35E-25
 5.21E-22 6.48E-20 6.79E-19 6.54E-18 3.57E-17 6.95E-17 1.10E-16 1.52E-16
 1.74E-16 1.94E-16 2.01E-16 1.96E-16 1.85E-16 1.68E-16 1.55E-16 1.38E-16
 1.00E-74 1.00E-74 1.00E-74 1.00E-74 3.59E-48 3.61E-37 1.98E-28 1.01E-24
 5.67E-22 7.10E-20 7.47E-19 7.25E-18 3.97E-17 7.73E-17 1.22E-16 1.67E-16
 1.90E-16 2.10E-16 2.14E-16 2.08E-16 1.95E-16 1.76E-16 1.62E-16 1.43E-16
 1.00E-74 1.00E-74 1.00E-74 1.00E-74 3.97E-48 3.98E-37 2.18E-28 1.12E-24
 6.28E-22 7.90E-20 8.35E-19 8.17E-18 4.52E-17 8.84E-17 1.40E-16 1.91E-16
 2.16E-16 2.36E-16 2.38E-16 2.29E-16 2.14E-16 1.92E-16 1.75E-16 1.54E-16
 1.00E-74 1.00E-74 1.00E-74 1.00E-74 4.74E-48 4.72E-37 2.58E-28 1.32E-24
 7.44E-22 9.42E-20 1.00E-18 9.93E-18 5.59E-17 1.11E-16 1.77E-16 2.42E-16
 2.75E-16 2.99E-16 2.98E-16 2.85E-16 2.63E-16 2.33E-16 2.12E-16 1.83E-16
 1.00E-74 1.00E-74 1.00E-74 1.00E-74 5.80E-48 5.77E-37 3.15E-28 1.61E-24
 9.07E-22 1.15E-19 1.23E-18 1.22E-17 6.96E-17 1.39E-16 2.24E-16 3.11E-16
 3.56E-16 3.91E-16 3.93E-16 3.77E-16 3.49E-16 3.10E-16 2.82E-16 2.44E-16
 1.00E-74 1.00E-74 1.00E-74 1.00E-74 7.47E-48 7.45E-37 4.08E-28 2.08E-24
 1.17E-21 1.47E-19 1.56E-18 1.54E-17 8.70E-17 1.73E-16 2.77E-16 3.83E-16
 4.39E-16 4.86E-16 4.97E-16 4.84E-16 4.57E-16 4.16E-16 3.84E-16 3.40E-16
 1.00E-74 1.00E-74 1.00E-74 1.00E-74 9.49E-48 9.55E-37 5.28E-28 2.70E-24
 1.51E-21 1.90E-19 2.00E-18 1.96E-17 1.08E-16 2.11E-16 3.32E-16 4.49E-16
 5.07E-16 5.52E-16 5.60E-16 5.45E-16 5.18E-16 4.79E-16 4.49E-16 4.06E-16
 1.00E-74 1.00E-74 1.00E-74 1.00E-74 1.22E-47 1.24E-36 6.95E-28 3.58E-24
 2.01E-21 2.51E-19 2.64E-18 2.56E-17 1.39E-16 2.69E-16 4.17E-16 5.55E-16
 6.18E-16 6.59E-16 6.52E-16 6.26E-16 5.88E-16 5.38E-16 5.02E-16 4.54E-16
 1.00E-74 1.00E-74 1.00E-74 1.00E-74 1.37E-47 1.43E-36 8.31E-28 4.36E-24
 2.48E-21 3.12E-19 3.29E-18 3.18E-17 1.72E-16 3.30E-16 5.09E-16 6.74E-16
 7.49E-16 7.98E-16 7.89E-16 7.56E-16 7.08E-16 6.45E-16 5.99E-16 5.37E-16
 1.00E-74 1.00E-74 1.00E-74 1.00E-74 1.26E-47 1.35E-36 8.26E-28 4.50E-24
 2.66E-21 3.47E-19 3.72E-18 3.66E-17 1.98E-16 3.75E-16 5.71E-16 7.47E-16
 8.30E-16 8.90E-16 8.94E-16 8.69E-16 8.26E-16 7.64E-16 7.17E-16 6.51E-16
 1.00E-74 1.00E-74 1.00E-74 1.12E-58 1.05E-47 1.15E-36 7.22E-28 4.03E-24
 2.46E-21 3.31E-19 3.64E-18 3.65E-17 1.93E-16 3.50E-16 5.07E-16 6.38E-16
 6.98E-16 7.44E-16 7.59E-16 7.50E-16 7.29E-16 6.96E-16 6.68E-16 6.26E-16
 1.00E-74 1.00E-74 1.00E-74 6.70E-59 8.30E-48 9.36E-37 6.06E-28 3.44E-24
 2.14E-21 2.97E-19 3.32E-18 3.29E-17 1.51E-16 2.41E-16 3.10E-16 3.58E-16
 3.78E-16 3.94E-16 4.01E-16 4.00E-16 3.97E-16 3.91E-16 3.84E-16 3.75E-16
     1.3 A  24  24 /FILMEM = w05#ni26/TYPE = EXCIT    /INDM = T/ISEL =   12
 1.05E+11 1.05E+12 1.05E+13 1.05E+14 1.05E+15 1.05E+16 3.14E+16 1.05E+17
 3.14E+17 1.05E+18 3.14E+18 1.05E+19 3.14E+19 1.05E+20 3.14E+20 1.05E+21
 3.14E+21 1.05E+22 3.14E+22 1.05E+23 3.14E+23 1.05E+24 3.14E+24 1.05E+25
 3.14E+01 4.40E+01 6.28E+01 9.42E+01 1.26E+02 1.88E+02 3.14E+02 4.40E+02
 6.28E+02 9.42E+02 1.26E+03 1.88E+03 3.14E+03 4.40E+03 6.28E+03 9.42E+03
 1.26E+04 1.88E+04 3.14E+04 4.40E+04 6.28E+04 9.42E+04 1.26E+05 1.88E+05
 1.00E-74 1.00E-74 1.00E-74 1.00E-74 1.00E-74 2.65E-38 2.69E-29 1.82E-25
 1.27E-22 1.91E-20 2.22E-19 2.40E-18 1.44E-17 2.91E-17 4.71E-17 6.53E-17
 7.48E-17 8.30E-17 8.53E-17 8.31E-17 7.85E-17 7.14E-17 6.59E-17 5.82E-17
 1.00E-74 1.00E-74 1.00E-74 1.00E-74 1.00E-74 2.75E-38 2.78E-29 1.88E-25
 1.31E-22 1.97E-20 2.29E-19 2.47E-18 1.48E-17 2.99E-17 4.84E-17 6.71E-17
 7.68E-17 8.50E-17 8.72E-17 8.47E-17 7.98E-17 7.25E-17 6.68E-17 5.89E-17
 1.00E-74 1.00E-74 1.00E-74 1.00E-74 1.00E-74 2.78E-38 2.82E-29 1.90E-25
 1.33E-22 2.00E-20 2.32E-19 2.51E-18 1.51E-17 3.05E-17 4.95E-17 6.87E-17
 7.87E-17 8.72E-17 8.95E-17 8.70E-17 8.19E-17 7.43E-17 6.85E-17 6.03E-17
 1.00E-74 1.00E-74 1.00E-74 1.00E-74 1.00E-74 2.79E-38 2.82E-29 1.90E-25
 1.33E-22 2.00E-20 2.33E-19 2.51E-18 1.51E-17 3.06E-17 4.96E-17 6.90E-17
 7.91E-17 8.77E-17 9.00E-17 8.75E-17 8.25E-17 7.49E-17 6.90E-17 6.08E-17
 1.00E-74 1.00E-74 1.00E-74 1.00E-74 1.00E-74 2.79E-38 2.82E-29 1.90E-25
 1.33E-22 2.00E-20 2.33E-19 2.52E-18 1.51E-17 3.06E-17 4.97E-17 6.90E-17
 7.91E-17 8.77E-17 9.01E-17 8.76E-17 8.25E-17 7.49E-17 6.91E-17 6.09E-17
 1.00E-74 1.00E-74 1.00E-74 1.00E-74 1.34E-49 2.81E-38 2.84E-29 1.91E-25
 1.34E-22 2.01E-20 2.34E-19 2.52E-18 1.51E-17 3.07E-17 4.97E-17 6.90E-17
 7.92E-17 8.78E-17 9.01E-17 8.76E-17 8.25E-17 7.49E-17 6.91E-17 6.09E-17
 1.00E-74 1.00E-74 1.00E-74 1.00E-74 1.34E-49 2.85E-38 2.87E-29 1.93E-25
 1.35E-22 2.02E-20 2.35E-19 2.53E-18 1.52E-17 3.08E-17 4.98E-17 6.92E-17
 7.93E-17 8.78E-17 9.01E-17 8.76E-17 8.26E-17 7.50E-17 6.91E-17 6.09E-17
 1.00E-74 1.00E-74 1.00E-74 1.00E-74 1.47E-49 2.99E-38 2.99E-29 2.00E-25
 1.39E-22 2.08E-20 2.40E-19 2.58E-18 1.54E-17 3.11E-17 5.02E-17 6.95E-17
 7.96E-17 8.81E-17 9.03E-17 8.77E-17 8.26E-17 7.50E-17 6.91E-17 6.09E-17
 1.00E-74 1.00E-74 1.00E-74 1.00E-74 1.70E-49 3.37E-38 3.30E-29 2.18E-25
 1.50E-22 2.21E-20 2.54E-19 2.70E-18 1.60E-17 3.20E-17 5.13E-17 7.06E-17
 8.06E-17 8.88E-17 9.07E-17 8.80E-17 8.28E-17 7.51E-17 6.92E-17 6.10E-17
 1.00E-74 1.00E-74 1.00E-74 1.00E-74 2.28E-49 4.38E-38 4.13E-29 2.68E-25
 1.80E-22 2.61E-20 2.95E-19 3.07E-18 1.76E-17 3.47E-17 5.47E-17 7.40E-17
 8.36E-17 9.11E-17 9.21E-17 8.90E-17 8.35E-17 7.56E-17 6.96E-17 6.12E-17
 1.00E-74 1.00E-74 1.00E-74 1.00E-74 3.14E-49 5.90E-38 5.44E-29 3.49E-25
 2.32E-22 3.30E-20 3.69E-19 3.76E-18 2.09E-17 4.03E-17 6.20E-17 8.16E-17
 9.05E-17 9.65E-17 9.57E-17 9.16E-17 8.53E-17 7.68E-17 7.05E-17 6.19E-17
 1.00E-74 1.00E-74 1.00E-74 1.00E-74 4.12E-49 7.72E-38 7.12E-29 4.57E-25
 3.04E-22 4.34E-20 4.84E-19 4.90E-18 2.68E-17 5.08E-17 7.64E-17 9.75E-17
 1.06E-16 1.09E-16 1.05E-16 9.83E-17 9.03E-17 8.02E-17 7.32E-17 6.38E-17
 1.00E-74 1.00E-74 1.00E-74 1.00E-74 4.95E-49 9.31E-38 8.65E-29 5.58E-25
 3.74E-22 5.36E-20 6.01E-19 6.12E-18 3.36E-17 6.34E-17 9.46E-17 1.19E-16
 1.27E-16 1.28E-16 1.19E-16 1.10E-16 9.95E-17 8.72E-17 7.88E-17 6.80E-17
 1.00E-74 1.00E-74 1.00E-74 1.00E-74 5.73E-49 1.09E-37 1.02E-28 6.66E-25
 4.50E-22 6.54E-20 7.40E-19 7.63E-18 4.24E-17 8.04E-17 1.20E-16 1.51E-16
 1.60E-16 1.59E-16 1.45E-16 1.32E-16 1.18E-16 1.02E-16 9.10E-17 7.77E-17
 1.00E-74 1.00E-74 1.00E-74 1.00E-74 6.31E-49 1.20E-37 1.13E-28 7.39E-25
 5.04E-22 7.41E-20 8.48E-19 8.88E-18 5.05E-17 9.71E-17 1.47E-16 1.86E-16
 1.99E-16 1.99E-16 1.81E-16 1.64E-16 1.45E-16 1.25E-16 1.11E-16 9.45E-17
 1.00E-74 1.00E-74 1.00E-74 1.00E-74 7.40E-49 1.37E-37 1.27E-28 8.26E-25
 5.61E-22 8.26E-20 9.47E-19 1.00E-17 5.77E-17 1.13E-16 1.73E-16 2.22E-16
 2.40E-16 2.43E-16 2.23E-16 2.04E-16 1.83E-16 1.58E-16 1.42E-16 1.22E-16
 1.00E-74 1.00E-74 1.00E-74 1.00E-74 9.32E-49 1.70E-37 1.53E-28 9.79E-25
 6.57E-22 9.56E-20 1.09E-18 1.15E-17 6.65E-17 1.30E-16 2.01E-16 2.60E-16
 2.82E-16 2.86E-16 2.65E-16 2.43E-16 2.18E-16 1.90E-16 1.72E-16 1.49E-16
 1.00E-74 1.00E-74 1.00E-74 1.00E-74 1.24E-48 2.25E-37 2.00E-28 1.26E-24
 8.36E-22 1.20E-19 1.36E-18 1.42E-17 8.22E-17 1.61E-16 2.50E-16 3.25E-16
 3.54E-16 3.61E-16 3.35E-16 3.08E-16 2.76E-16 2.41E-16 2.17E-16 1.87E-16
 1.00E-74 1.00E-74 1.00E-74 1.00E-74 1.60E-48 2.91E-37 2.60E-28 1.64E-24
 1.08E-21 1.53E-19 1.72E-18 1.79E-17 1.03E-16 2.02E-16 3.15E-16 4.13E-16
 4.52E-16 4.66E-16 4.38E-16 4.05E-16 3.65E-16 3.18E-16 2.87E-16 2.48E-16
 1.00E-74 1.00E-74 1.00E-74 1.00E-74 2.06E-48 3.79E-37 3.42E-28 2.16E-24
 1.42E-21 2.00E-19 2.24E-18 2.31E-17 1.32E-16 2.59E-16 4.05E-16 5.37E-16
 5.93E-16 6.21E-16 5.96E-16 5.58E-16 5.09E-16 4.50E-16 4.09E-16 3.56E-16
 1.00E-74 1.00E-74 1.00E-74 1.00E-74 2.33E-48 4.38E-37 4.09E-28 2.63E-24
 1.75E-21 2.48E-19 2.77E-18 2.84E-17 1.62E-16 3.16E-16 4.95E-16 6.59E-16
 7.34E-16 7.81E-16 7.67E-16 7.30E-16 6.77E-16 6.09E-16 5.60E-16 4.94E-16
 1.00E-74 1.00E-74 1.00E-74 1.00E-74 2.13E-48 4.13E-37 4.06E-28 2.72E-24
 1.87E-21 2.74E-19 3.12E-18 3.26E-17 1.85E-16 3.58E-16 5.53E-16 7.31E-16
 8.16E-16 8.79E-16 8.85E-16 8.60E-16 8.16E-16 7.54E-16 7.06E-16 6.39E-16
 1.00E-74 1.00E-74 1.00E-74 1.00E-74 1.78E-48 3.52E-37 3.55E-28 2.43E-24
 1.72E-21 2.62E-19 3.05E-18 3.25E-17 1.80E-16 3.33E-16 4.90E-16 6.24E-16
 6.86E-16 7.36E-16 7.53E-16 7.45E-16 7.26E-16 6.92E-16 6.65E-16 6.23E-16
 1.00E-74 1.00E-74 1.00E-74 1.00E-74 1.41E-48 2.87E-37 2.98E-28 2.07E-24
 1.50E-21 2.35E-19 2.78E-18 2.92E-17 1.41E-16 2.29E-16 2.99E-16 3.50E-16
 3.71E-16 3.89E-16 3.98E-16 3.98E-16 3.96E-16 3.90E-16 3.84E-16 3.74E-16
     1.3 A  24  24 /FILMEM = w05#ni26/TYPE = EXCIT    /INDM = T/ISEL =   13
 1.05E+11 1.05E+12 1.05E+13 1.05E+14 1.05E+15 1.05E+16 3.14E+16 1.05E+17
 3.14E+17 1.05E+18 3.14E+18 1.05E+19 3.14E+19 1.05E+20 3.14E+20 1.05E+21
 3.14E+21 1.05E+22 3.14E+22 1.05E+23 3.14E+23 1.05E+24 3.14E+24 1.05E+25
 3.14E+01 4.40E+01 6.28E+01 9.42E+01 1.26E+02 1.88E+02 3.14E+02 4.40E+02
 6.28E+02 9.42E+02 1.26E+03 1.88E+03 3.14E+03 4.40E+03 6.28E+03 9.42E+03
 1.26E+04 1.88E+04 3.14E+04 4.40E+04 6.28E+04 9.42E+04 1.26E+05 1.88E+05
 1.00E-74 1.00E-74 1.00E-74 1.00E-74 1.00E-74 1.11E-36 2.50E-28 8.60E-25
 3.52E-22 3.40E-20 3.13E-19 2.64E-18 1.29E-17 2.39E-17 3.62E-17 4.79E-17
 5.36E-17 5.83E-17 5.91E-17 5.73E-17 5.39E-17 4.89E-17 4.51E-17 3.98E-17
 1.00E-74 1.00E-74 1.00E-74 1.00E-74 1.00E-74 1.22E-36 2.74E-28 9.42E-25
 3.87E-22 3.77E-20 3.49E-19 2.97E-18 1.47E-17 2.74E-17 4.18E-17 5.53E-17
 6.19E-17 6.67E-17 6.66E-17 6.39E-17 5.94E-17 5.32E-17 4.87E-17 4.26E-17
 1.00E-74 1.00E-74 1.00E-74 1.00E-74 4.53E-47 1.26E-36 2.83E-28 9.77E-25
 4.03E-22 3.95E-20 3.68E-19 3.17E-18 1.59E-17 3.00E-17 4.62E-17 6.19E-17
 6.97E-17 7.57E-17 7.61E-17 7.30E-17 6.80E-17 6.09E-17 5.56E-17 4.85E-17
 1.00E-74 1.00E-74 1.00E-74 1.00E-74 3.85E-47 1.27E-36 2.84E-28 9.81E-25
 4.06E-22 3.98E-20 3.70E-19 3.19E-18 1.61E-17 3.04E-17 4.70E-17 6.31E-17
 7.12E-17 7.76E-17 7.82E-17 7.53E-17 7.03E-17 6.31E-17 5.78E-17 5.06E-17
 1.00E-74 1.00E-74 1.00E-74 1.00E-74 3.89E-47 1.27E-36 2.85E-28 9.83E-25
 4.06E-22 3.98E-20 3.71E-19 3.20E-18 1.61E-17 3.05E-17 4.71E-17 6.32E-17
 7.14E-17 7.78E-17 7.85E-17 7.56E-17 7.05E-17 6.34E-17 5.81E-17 5.09E-17
 1.00E-74 1.00E-74 1.00E-74 1.00E-74 3.96E-47 1.28E-36 2.88E-28 9.92E-25
 4.10E-22 4.02E-20 3.74E-19 3.22E-18 1.62E-17 3.06E-17 4.72E-17 6.34E-17
 7.15E-17 7.79E-17 7.86E-17 7.56E-17 7.06E-17 6.35E-17 5.81E-17 5.09E-17
 1.00E-74 1.00E-74 1.00E-74 1.00E-74 4.09E-47 1.32E-36 2.94E-28 1.01E-24
 4.18E-22 4.09E-20 3.80E-19 3.27E-18 1.64E-17 3.09E-17 4.76E-17 6.37E-17
 7.18E-17 7.81E-17 7.87E-17 7.57E-17 7.06E-17 6.35E-17 5.82E-17 5.09E-17
 1.00E-74 1.00E-74 1.00E-74 1.00E-74 4.52E-47 1.44E-36 3.17E-28 1.08E-24
 4.45E-22 4.33E-20 4.01E-19 3.43E-18 1.70E-17 3.19E-17 4.88E-17 6.49E-17
 7.28E-17 7.89E-17 7.91E-17 7.60E-17 7.08E-17 6.36E-17 5.83E-17 5.10E-17
 1.00E-74 1.00E-74 1.00E-74 1.00E-74 5.64E-47 1.74E-36 3.75E-28 1.27E-24
 5.15E-22 4.96E-20 4.56E-19 3.85E-18 1.87E-17 3.45E-17 5.20E-17 6.81E-17
 7.56E-17 8.09E-17 8.03E-17 7.68E-17 7.14E-17 6.39E-17 5.85E-17 5.11E-17
 1.00E-74 1.00E-74 1.00E-74 1.00E-74 8.45E-47 2.51E-36 5.23E-28 1.75E-24
 7.01E-22 6.68E-20 6.07E-19 5.03E-18 2.37E-17 4.24E-17 6.18E-17 7.78E-17
 8.43E-17 8.74E-17 8.43E-17 7.95E-17 7.31E-17 6.50E-17 5.93E-17 5.16E-17
 1.00E-74 1.00E-74 1.00E-74 1.00E-74 1.23E-46 3.59E-36 7.41E-28 2.47E-24
 9.93E-22 9.48E-20 8.62E-19 7.09E-18 3.27E-17 5.74E-17 8.11E-17 9.79E-17
 1.03E-16 1.02E-16 9.34E-17 8.60E-17 7.75E-17 6.78E-17 6.13E-17 5.30E-17
 1.00E-74 1.00E-74 1.00E-74 1.00E-74 1.58E-46 4.64E-36 9.69E-28 3.27E-24
 1.34E-21 1.30E-19 1.20E-18 9.99E-18 4.65E-17 8.14E-17 1.14E-16 1.34E-16
 1.37E-16 1.31E-16 1.13E-16 1.01E-16 8.81E-17 7.49E-17 6.67E-17 5.67E-17
 1.00E-74 1.00E-74 1.00E-74 1.00E-74 1.77E-46 5.21E-36 1.10E-27 3.73E-24
 1.54E-21 1.53E-19 1.42E-18 1.21E-17 5.77E-17 1.02E-16 1.44E-16 1.70E-16
 1.74E-16 1.63E-16 1.38E-16 1.20E-16 1.03E-16 8.57E-17 7.53E-17 6.31E-17
 1.00E-74 1.00E-74 1.00E-74 1.00E-74 1.94E-46 5.65E-36 1.19E-27 4.05E-24
 1.68E-21 1.68E-19 1.57E-18 1.35E-17 6.54E-17 1.17E-16 1.66E-16 1.98E-16
 2.03E-16 1.91E-16 1.61E-16 1.40E-16 1.19E-16 9.81E-17 8.58E-17 7.15E-17
 1.00E-74 1.00E-74 1.00E-74 1.00E-74 2.20E-46 6.29E-36 1.30E-27 4.39E-24
 1.82E-21 1.81E-19 1.70E-18 1.47E-17 7.11E-17 1.27E-16 1.81E-16 2.17E-16
 2.22E-16 2.09E-16 1.77E-16 1.53E-16 1.30E-16 1.07E-16 9.38E-17 7.81E-17
 1.00E-74 1.00E-74 1.00E-74 1.00E-74 2.70E-46 7.64E-36 1.54E-27 5.15E-24
 2.11E-21 2.07E-19 1.94E-18 1.66E-17 8.03E-17 1.44E-16 2.05E-16 2.45E-16
 2.51E-16 2.37E-16 2.01E-16 1.74E-16 1.47E-16 1.21E-16 1.06E-16 8.75E-17
 1.00E-74 1.00E-74 1.00E-74 1.00E-74 3.22E-46 9.23E-36 1.89E-27 6.31E-24
 2.56E-21 2.49E-19 2.31E-18 1.96E-17 9.40E-17 1.68E-16 2.40E-16 2.88E-16
 2.97E-16 2.83E-16 2.41E-16 2.10E-16 1.79E-16 1.47E-16 1.28E-16 1.06E-16
 1.00E-74 1.00E-74 1.00E-74 2.26E-56 3.55E-46 1.04E-35 2.19E-27 7.46E-24
 3.08E-21 3.03E-19 2.82E-18 2.39E-17 1.15E-16 2.06E-16 2.96E-16 3.60E-16
 3.75E-16 3.63E-16 3.17E-16 2.81E-16 2.42E-16 2.02E-16 1.77E-16 1.47E-16
 1.00E-74 1.00E-74 1.00E-74 1.51E-56 3.77E-46 1.10E-35 2.32E-27 7.95E-24
 3.32E-21 3.31E-19 3.11E-18 2.69E-17 1.31E-16 2.39E-16 3.50E-16 4.34E-16
 4.61E-16 4.59E-16 4.15E-16 3.76E-16 3.32E-16 2.84E-16 2.52E-16 2.13E-16
 1.00E-74 1.00E-74 1.00E-74 1.36E-56 4.25E-46 1.22E-35 2.54E-27 8.61E-24
 3.56E-21 3.53E-19 3.31E-18 2.87E-17 1.42E-16 2.63E-16 3.92E-16 5.01E-16
 5.43E-16 5.59E-16 5.29E-16 4.93E-16 4.49E-16 3.96E-16 3.60E-16 3.12E-16
 1.00E-74 1.00E-74 1.00E-74 1.51E-56 4.55E-46 1.32E-35 2.78E-27 9.50E-24
 3.93E-21 3.88E-19 3.62E-18 3.11E-17 1.54E-16 2.84E-16 4.25E-16 5.49E-16
 6.03E-16 6.34E-16 6.20E-16 5.90E-16 5.50E-16 4.97E-16 4.59E-16 4.08E-16
 1.00E-74 1.00E-74 1.00E-74 1.31E-56 4.07E-46 1.21E-35 2.66E-27 9.38E-24
 4.00E-21 4.05E-19 3.83E-18 3.33E-17 1.64E-16 2.98E-16 4.39E-16 5.63E-16
 6.18E-16 6.57E-16 6.57E-16 6.37E-16 6.06E-16 5.63E-16 5.29E-16 4.82E-16
 1.00E-74 1.00E-74 1.00E-74 1.07E-56 3.38E-46 1.02E-35 2.30E-27 8.27E-24
 3.63E-21 3.79E-19 3.66E-18 3.24E-17 1.55E-16 2.69E-16 3.78E-16 4.64E-16
 5.01E-16 5.29E-16 5.35E-16 5.28E-16 5.13E-16 4.90E-16 4.71E-16 4.43E-16
 1.00E-74 1.00E-74 1.00E-74 8.20E-57 2.67E-46 8.31E-36 1.92E-27 7.03E-24
 3.14E-21 3.37E-19 3.31E-18 2.89E-17 1.20E-16 1.83E-16 2.28E-16 2.56E-16
 2.67E-16 2.75E-16 2.78E-16 2.76E-16 2.74E-16 2.69E-16 2.65E-16 2.58E-16
     1.3 A  24  24 /FILMEM = w05#ni26/TYPE = EXCIT    /INDM = T/ISEL =   14
 1.05E+11 1.05E+12 1.05E+13 1.05E+14 1.05E+15 1.05E+16 3.14E+16 1.05E+17
 3.14E+17 1.05E+18 3.14E+18 1.05E+19 3.14E+19 1.05E+20 3.14E+20 1.05E+21
 3.14E+21 1.05E+22 3.14E+22 1.05E+23 3.14E+23 1.05E+24 3.14E+24 1.05E+25
 3.14E+01 4.40E+01 6.28E+01 9.42E+01 1.26E+02 1.88E+02 3.14E+02 4.40E+02
 6.28E+02 9.42E+02 1.26E+03 1.88E+03 3.14E+03 4.40E+03 6.28E+03 9.42E+03
 1.26E+04 1.88E+04 3.14E+04 4.40E+04 6.28E+04 9.42E+04 1.26E+05 1.88E+05
 1.00E-74 1.00E-74 1.00E-74 1.00E-74 1.00E-74 6.03E-38 3.51E-29 1.83E-25
 1.04E-22 1.33E-20 1.42E-19 1.39E-18 7.76E-18 1.52E-17 2.41E-17 3.28E-17
 3.73E-17 4.11E-17 4.22E-17 4.10E-17 3.86E-17 3.51E-17 3.24E-17 2.86E-17
 1.00E-74 1.00E-74 1.00E-74 1.00E-74 1.00E-74 6.28E-38 3.65E-29 1.91E-25
 1.09E-22 1.38E-20 1.48E-19 1.46E-18 8.11E-18 1.59E-17 2.53E-17 3.43E-17
 3.89E-17 4.28E-17 4.37E-17 4.23E-17 3.97E-17 3.59E-17 3.31E-17 2.92E-17
 1.00E-74 1.00E-74 1.00E-74 1.00E-74 1.00E-74 6.37E-38 3.71E-29 1.94E-25
 1.11E-22 1.41E-20 1.51E-19 1.49E-18 8.35E-18 1.65E-17 2.61E-17 3.57E-17
 4.05E-17 4.46E-17 4.56E-17 4.42E-17 4.14E-17 3.75E-17 3.45E-17 3.04E-17
 1.00E-74 1.00E-74 1.00E-74 1.00E-74 1.00E-74 6.38E-38 3.72E-29 1.94E-25
 1.11E-22 1.42E-20 1.51E-19 1.50E-18 8.38E-18 1.65E-17 2.63E-17 3.59E-17
 4.08E-17 4.50E-17 4.61E-17 4.46E-17 4.19E-17 3.80E-17 3.50E-17 3.08E-17
 1.00E-74 1.00E-74 1.00E-74 1.00E-74 6.38E-49 6.39E-38 3.72E-29 1.94E-25
 1.11E-22 1.42E-20 1.51E-19 1.50E-18 8.39E-18 1.66E-17 2.63E-17 3.59E-17
 4.09E-17 4.51E-17 4.61E-17 4.47E-17 4.20E-17 3.80E-17 3.50E-17 3.09E-17
 1.00E-74 1.00E-74 1.00E-74 1.00E-74 5.90E-49 6.43E-38 3.74E-29 1.95E-25
 1.11E-22 1.42E-20 1.52E-19 1.50E-18 8.41E-18 1.66E-17 2.64E-17 3.60E-17
 4.09E-17 4.51E-17 4.61E-17 4.47E-17 4.20E-17 3.80E-17 3.50E-17 3.09E-17
 1.00E-74 1.00E-74 1.00E-74 1.00E-74 6.06E-49 6.53E-38 3.79E-29 1.98E-25
 1.13E-22 1.44E-20 1.53E-19 1.51E-18 8.45E-18 1.67E-17 2.64E-17 3.61E-17
 4.10E-17 4.51E-17 4.62E-17 4.47E-17 4.20E-17 3.80E-17 3.50E-17 3.09E-17
 1.00E-74 1.00E-74 1.00E-74 1.00E-74 6.41E-49 6.88E-38 3.96E-29 2.06E-25
 1.17E-22 1.48E-20 1.57E-19 1.55E-18 8.60E-18 1.69E-17 2.67E-17 3.63E-17
 4.12E-17 4.53E-17 4.63E-17 4.48E-17 4.20E-17 3.81E-17 3.51E-17 3.09E-17
 1.00E-74 1.00E-74 1.00E-74 1.00E-74 7.39E-49 7.78E-38 4.40E-29 2.27E-25
 1.27E-22 1.60E-20 1.69E-19 1.64E-18 9.01E-18 1.75E-17 2.75E-17 3.71E-17
 4.19E-17 4.58E-17 4.66E-17 4.50E-17 4.22E-17 3.81E-17 3.51E-17 3.10E-17
 1.00E-74 1.00E-74 1.00E-74 1.00E-74 9.92E-49 1.01E-37 5.58E-29 2.83E-25
 1.56E-22 1.93E-20 2.01E-19 1.91E-18 1.02E-17 1.94E-17 2.99E-17 3.95E-17
 4.40E-17 4.74E-17 4.75E-17 4.57E-17 4.26E-17 3.84E-17 3.53E-17 3.11E-17
 1.00E-74 1.00E-74 1.00E-74 1.00E-74 1.34E-48 1.35E-37 7.34E-29 3.70E-25
 2.04E-22 2.49E-20 2.57E-19 2.41E-18 1.25E-17 2.32E-17 3.48E-17 4.45E-17
 4.86E-17 5.09E-17 4.98E-17 4.72E-17 4.37E-17 3.91E-17 3.58E-17 3.14E-17
 1.00E-74 1.00E-74 1.00E-74 1.00E-74 1.68E-48 1.69E-37 9.27E-29 4.71E-25
 2.61E-22 3.22E-20 3.34E-19 3.13E-18 1.61E-17 2.96E-17 4.34E-17 5.40E-17
 5.76E-17 5.83E-17 5.49E-17 5.10E-17 4.64E-17 4.09E-17 3.72E-17 3.24E-17
 1.00E-74 1.00E-74 1.00E-74 1.00E-74 1.90E-48 1.92E-37 1.06E-28 5.40E-25
 3.02E-22 3.77E-20 3.93E-19 3.73E-18 1.93E-17 3.55E-17 5.20E-17 6.41E-17
 6.77E-17 6.73E-17 6.16E-17 5.64E-17 5.04E-17 4.39E-17 3.96E-17 3.41E-17
 1.00E-74 1.00E-74 1.00E-74 1.00E-74 2.16E-48 2.17E-37 1.20E-28 6.13E-25
 3.44E-22 4.30E-20 4.50E-19 4.29E-18 2.23E-17 4.12E-17 6.04E-17 7.44E-17
 7.82E-17 7.71E-17 6.96E-17 6.30E-17 5.58E-17 4.81E-17 4.31E-17 3.69E-17
 1.00E-74 1.00E-74 1.00E-74 1.00E-74 2.51E-48 2.52E-37 1.39E-28 7.11E-25
 4.00E-22 5.01E-20 5.25E-19 5.01E-18 2.61E-17 4.82E-17 7.06E-17 8.66E-17
 9.07E-17 8.88E-17 7.93E-17 7.13E-17 6.27E-17 5.36E-17 4.78E-17 4.07E-17
 1.00E-74 1.00E-74 1.00E-74 1.00E-74 2.89E-48 2.93E-37 1.63E-28 8.45E-25
 4.79E-22 6.05E-20 6.39E-19 6.16E-18 3.25E-17 6.05E-17 8.90E-17 1.10E-16
 1.15E-16 1.12E-16 9.95E-17 8.89E-17 7.77E-17 6.59E-17 5.84E-17 4.93E-17
 1.00E-74 1.00E-74 1.00E-74 1.00E-74 3.24E-48 3.28E-37 1.84E-28 9.58E-25
 5.47E-22 6.99E-20 7.44E-19 7.28E-18 3.93E-17 7.41E-17 1.11E-16 1.38E-16
 1.46E-16 1.45E-16 1.30E-16 1.16E-16 1.02E-16 8.68E-17 7.70E-17 6.49E-17
 1.00E-74 1.00E-74 1.00E-74 1.00E-74 3.83E-48 3.87E-37 2.16E-28 1.12E-24
 6.36E-22 8.12E-20 8.67E-19 8.55E-18 4.69E-17 8.97E-17 1.36E-16 1.74E-16
 1.87E-16 1.89E-16 1.73E-16 1.57E-16 1.39E-16 1.20E-16 1.07E-16 9.16E-17
 1.00E-74 1.00E-74 1.00E-74 1.00E-74 4.69E-48 4.73E-37 2.64E-28 1.36E-24
 7.70E-22 9.74E-20 1.04E-18 1.02E-17 5.58E-17 1.07E-16 1.65E-16 2.14E-16
 2.32E-16 2.38E-16 2.23E-16 2.06E-16 1.85E-16 1.61E-16 1.45E-16 1.25E-16
 1.00E-74 1.00E-74 1.00E-74 1.00E-74 5.90E-48 5.99E-37 3.37E-28 1.74E-24
 9.82E-22 1.23E-19 1.30E-18 1.26E-17 6.91E-17 1.33E-16 2.05E-16 2.69E-16
 2.95E-16 3.08E-16 2.95E-16 2.76E-16 2.52E-16 2.23E-16 2.03E-16 1.77E-16
 1.00E-74 1.00E-74 1.00E-74 1.00E-74 6.62E-48 6.87E-37 3.99E-28 2.10E-24
 1.20E-21 1.51E-19 1.59E-18 1.54E-17 8.35E-17 1.60E-16 2.47E-16 3.25E-16
 3.60E-16 3.81E-16 3.73E-16 3.55E-16 3.29E-16 2.96E-16 2.72E-16 2.41E-16
 1.00E-74 1.00E-74 1.00E-74 1.00E-74 6.04E-48 6.47E-37 3.95E-28 2.15E-24
 1.27E-21 1.66E-19 1.78E-18 1.75E-17 9.49E-17 1.80E-16 2.74E-16 3.58E-16
 3.97E-16 4.25E-16 4.27E-16 4.14E-16 3.93E-16 3.63E-16 3.40E-16 3.07E-16
 1.00E-74 1.00E-74 1.00E-74 5.31E-59 5.04E-48 5.50E-37 3.45E-28 1.93E-24
 1.17E-21 1.58E-19 1.74E-18 1.74E-17 9.20E-17 1.67E-16 2.42E-16 3.04E-16
 3.33E-16 3.55E-16 3.62E-16 3.57E-16 3.47E-16 3.31E-16 3.18E-16 2.98E-16
 1.00E-74 1.00E-74 1.00E-74 3.19E-59 3.98E-48 4.48E-37 2.89E-28 1.64E-24
 1.02E-21 1.42E-19 1.58E-18 1.57E-17 7.20E-17 1.15E-16 1.48E-16 1.70E-16
 1.80E-16 1.87E-16 1.91E-16 1.91E-16 1.89E-16 1.86E-16 1.83E-16 1.78E-16
     1.3 A  24  24 /FILMEM = w05#ni26/TYPE = EXCIT    /INDM = T/ISEL =   15
 1.05E+11 1.05E+12 1.05E+13 1.05E+14 1.05E+15 1.05E+16 3.14E+16 1.05E+17
 3.14E+17 1.05E+18 3.14E+18 1.05E+19 3.14E+19 1.05E+20 3.14E+20 1.05E+21
 3.14E+21 1.05E+22 3.14E+22 1.05E+23 3.14E+23 1.05E+24 3.14E+24 1.05E+25
 3.14E+01 4.40E+01 6.28E+01 9.42E+01 1.26E+02 1.88E+02 3.14E+02 4.40E+02
 6.28E+02 9.42E+02 1.26E+03 1.88E+03 3.14E+03 4.40E+03 6.28E+03 9.42E+03
 1.26E+04 1.88E+04 3.14E+04 4.40E+04 6.28E+04 9.42E+04 1.26E+05 1.88E+05
 1.00E-74 1.00E-74 1.00E-74 1.00E-74 1.00E-74 7.60E-40 7.34E-31 4.78E-27
 3.21E-24 4.61E-22 5.17E-21 5.29E-20 2.96E-19 5.69E-19 8.74E-19 1.14E-18
 1.25E-18 1.32E-18 1.28E-18 1.20E-18 1.11E-18 9.80E-19 8.91E-19 7.71E-19
 1.00E-74 1.00E-74 1.00E-74 1.00E-74 1.00E-74 9.82E-40 9.46E-31 6.20E-27
 4.20E-24 6.10E-22 6.93E-21 7.24E-20 4.18E-19 8.23E-19 1.29E-18 1.71E-18
 1.89E-18 1.97E-18 1.86E-18 1.72E-18 1.54E-18 1.32E-18 1.17E-18 9.84E-19
 1.00E-74 1.00E-74 1.00E-74 1.00E-74 1.00E-74 1.06E-39 1.03E-30 6.79E-27
 4.64E-24 6.84E-22 7.86E-21 8.39E-20 4.99E-19 1.01E-18 1.62E-18 2.21E-18
 2.49E-18 2.67E-18 2.60E-18 2.44E-18 2.21E-18 1.92E-18 1.71E-18 1.45E-18
 1.00E-74 1.00E-74 1.00E-74 1.00E-74 1.00E-74 1.07E-39 1.04E-30 6.87E-27
 4.71E-24 6.95E-22 8.00E-21 8.56E-20 5.12E-19 1.04E-18 1.67E-18 2.30E-18
 2.60E-18 2.81E-18 2.77E-18 2.61E-18 2.39E-18 2.10E-18 1.89E-18 1.61E-18
 1.00E-74 1.00E-74 1.00E-74 1.00E-74 1.00E-74 1.08E-39 1.05E-30 6.90E-27
 4.72E-24 6.97E-22 8.02E-21 8.58E-20 5.14E-19 1.04E-18 1.68E-18 2.31E-18
 2.62E-18 2.83E-18 2.79E-18 2.63E-18 2.41E-18 2.12E-18 1.91E-18 1.63E-18
 1.00E-74 1.00E-74 1.00E-74 1.00E-74 4.15E-51 1.11E-39 1.07E-30 7.04E-27
 4.80E-24 7.07E-22 8.12E-21 8.67E-20 5.17E-19 1.05E-18 1.69E-18 2.32E-18
 2.62E-18 2.83E-18 2.79E-18 2.64E-18 2.41E-18 2.12E-18 1.91E-18 1.63E-18
 1.00E-74 1.00E-74 1.00E-74 1.00E-74 5.54E-51 1.18E-39 1.12E-30 7.34E-27
 4.98E-24 7.28E-22 8.33E-21 8.84E-20 5.25E-19 1.06E-18 1.70E-18 2.33E-18
 2.63E-18 2.84E-18 2.79E-18 2.64E-18 2.41E-18 2.12E-18 1.91E-18 1.64E-18
 1.00E-74 1.00E-74 1.00E-74 1.00E-74 7.48E-51 1.41E-39 1.30E-30 8.38E-27
 5.59E-24 8.02E-22 9.05E-21 9.44E-20 5.49E-19 1.09E-18 1.74E-18 2.37E-18
 2.67E-18 2.87E-18 2.81E-18 2.65E-18 2.42E-18 2.13E-18 1.92E-18 1.64E-18
 1.00E-74 1.00E-74 1.00E-74 1.00E-74 1.08E-50 1.97E-39 1.76E-30 1.10E-26
 7.14E-24 9.91E-22 1.09E-20 1.10E-19 6.14E-19 1.19E-18 1.86E-18 2.48E-18
 2.77E-18 2.94E-18 2.85E-18 2.68E-18 2.44E-18 2.14E-18 1.93E-18 1.64E-18
 1.00E-74 1.00E-74 1.00E-74 1.00E-74 1.84E-50 3.29E-39 2.84E-30 1.74E-26
 1.10E-23 1.48E-21 1.58E-20 1.52E-19 7.96E-19 1.48E-18 2.21E-18 2.82E-18
 3.06E-18 3.16E-18 2.99E-18 2.78E-18 2.51E-18 2.18E-18 1.96E-18 1.67E-18
 1.00E-74 1.00E-74 1.00E-74 1.00E-74 2.74E-50 4.88E-39 4.22E-30 2.59E-26
 1.64E-23 2.19E-21 2.33E-20 2.20E-19 1.11E-18 1.99E-18 2.86E-18 3.48E-18
 3.66E-18 3.63E-18 3.30E-18 3.01E-18 2.67E-18 2.30E-18 2.05E-18 1.73E-18
 1.00E-74 1.00E-74 1.00E-74 1.00E-74 3.56E-50 6.39E-39 5.59E-30 3.46E-26
 2.22E-23 3.01E-21 3.24E-20 3.09E-19 1.56E-18 2.78E-18 3.94E-18 4.68E-18
 4.81E-18 4.61E-18 4.02E-18 3.57E-18 3.10E-18 2.60E-18 2.29E-18 1.90E-18
 1.00E-74 1.00E-74 1.00E-74 1.00E-74 4.32E-50 7.75E-39 6.81E-30 4.24E-26
 2.74E-23 3.76E-21 4.09E-20 3.97E-19 2.04E-18 3.70E-18 5.30E-18 6.33E-18
 6.51E-18 6.19E-18 5.30E-18 4.63E-18 3.95E-18 3.24E-18 2.81E-18 2.29E-18
 1.00E-74 1.00E-74 1.00E-74 1.00E-74 5.87E-50 1.05E-38 9.19E-30 5.72E-26
 3.70E-23 5.13E-21 5.63E-20 5.57E-19 2.96E-18 5.50E-18 8.08E-18 9.92E-18
 1.04E-17 1.00E-17 8.61E-18 7.49E-18 6.31E-18 5.09E-18 4.34E-18 3.45E-18
 1.00E-74 1.00E-74 1.00E-74 1.00E-74 8.17E-50 1.47E-38 1.30E-29 8.16E-26
 5.33E-23 7.48E-21 8.31E-20 8.43E-19 4.68E-18 8.97E-18 1.36E-17 1.74E-17
 1.87E-17 1.86E-17 1.64E-17 1.44E-17 1.22E-17 9.81E-18 8.30E-18 6.51E-18
 1.00E-74 1.00E-74 1.00E-74 1.00E-74 1.15E-49 2.08E-38 1.85E-29 1.17E-25
 7.70E-23 1.10E-20 1.24E-19 1.29E-18 7.47E-18 1.48E-17 2.34E-17 3.14E-17
 3.49E-17 3.64E-17 3.41E-17 3.10E-17 2.71E-17 2.24E-17 1.93E-17 1.55E-17
 1.00E-74 1.00E-74 1.00E-74 1.00E-74 1.55E-49 2.79E-38 2.47E-29 1.56E-25
 1.03E-22 1.47E-20 1.66E-19 1.74E-18 1.02E-17 2.03E-17 3.25E-17 4.45E-17
 5.03E-17 5.43E-17 5.35E-17 5.05E-17 4.60E-17 4.01E-17 3.58E-17 3.01E-17
 1.00E-74 1.00E-74 1.00E-74 1.00E-74 2.12E-49 3.83E-38 3.38E-29 2.13E-25
 1.40E-22 1.99E-20 2.24E-19 2.33E-18 1.35E-17 2.67E-17 4.23E-17 5.72E-17
 6.42E-17 6.92E-17 6.89E-17 6.61E-17 6.18E-17 5.59E-17 5.15E-17 4.54E-17
 1.00E-74 1.00E-74 1.00E-74 1.00E-74 2.75E-49 5.01E-38 4.46E-29 2.81E-25
 1.84E-22 2.60E-20 2.92E-19 3.02E-18 1.74E-17 3.42E-17 5.37E-17 7.15E-17
 7.96E-17 8.44E-17 8.26E-17 7.87E-17 7.33E-17 6.64E-17 6.15E-17 5.49E-17
 1.00E-74 1.00E-74 1.00E-74 1.00E-74 3.55E-49 6.54E-38 5.91E-29 3.74E-25
 2.45E-22 3.44E-20 3.85E-19 3.96E-18 2.26E-17 4.44E-17 6.95E-17 9.26E-17
 1.03E-16 1.09E-16 1.06E-16 1.00E-16 9.26E-17 8.33E-17 7.67E-17 6.81E-17
 1.00E-74 1.00E-74 1.00E-74 1.00E-74 4.02E-49 7.57E-38 7.07E-29 4.56E-25
 3.02E-22 4.28E-20 4.78E-19 4.91E-18 2.79E-17 5.46E-17 8.54E-17 1.14E-16
 1.27E-16 1.36E-16 1.34E-16 1.28E-16 1.19E-16 1.07E-16 9.92E-17 8.82E-17
 1.00E-74 1.00E-74 1.00E-74 1.00E-74 3.67E-49 7.14E-38 7.03E-29 4.70E-25
 3.24E-22 4.75E-20 5.41E-19 5.65E-18 3.21E-17 6.20E-17 9.57E-17 1.27E-16
 1.41E-16 1.52E-16 1.54E-16 1.49E-16 1.42E-16 1.31E-16 1.23E-16 1.11E-16
 1.00E-74 1.00E-74 1.00E-74 1.00E-74 3.07E-49 6.08E-38 6.15E-29 4.21E-25
 2.99E-22 4.54E-20 5.29E-19 5.63E-18 3.12E-17 5.78E-17 8.50E-17 1.08E-16
 1.19E-16 1.28E-16 1.31E-16 1.29E-16 1.26E-16 1.20E-16 1.15E-16 1.08E-16
 1.00E-74 1.00E-74 1.00E-74 1.00E-74 2.43E-49 4.96E-38 5.16E-29 3.59E-25
 2.60E-22 4.07E-20 4.82E-19 5.07E-18 2.44E-17 3.97E-17 5.20E-17 6.07E-17
 6.44E-17 6.75E-17 6.91E-17 6.92E-17 6.87E-17 6.76E-17 6.66E-17 6.49E-17
     1.3 A  24  24 /FILMEM = w05#ni26/TYPE = EXCIT    /INDM = T/ISEL =   16
 1.05E+11 1.05E+12 1.05E+13 1.05E+14 1.05E+15 1.05E+16 3.14E+16 1.05E+17
 3.14E+17 1.05E+18 3.14E+18 1.05E+19 3.14E+19 1.05E+20 3.14E+20 1.05E+21
 3.14E+21 1.05E+22 3.14E+22 1.05E+23 3.14E+23 1.05E+24 3.14E+24 1.05E+25
 3.14E+01 4.40E+01 6.28E+01 9.42E+01 1.26E+02 1.88E+02 3.14E+02 4.40E+02
 6.28E+02 9.42E+02 1.26E+03 1.88E+03 3.14E+03 4.40E+03 6.28E+03 9.42E+03
 1.26E+04 1.88E+04 3.14E+04 4.40E+04 6.28E+04 9.42E+04 1.26E+05 1.88E+05
 1.00E-74 1.00E-74 1.00E-74 1.00E-74 1.00E-74 5.47E-40 5.28E-31 3.44E-27
 2.31E-24 3.31E-22 3.70E-21 3.75E-20 2.06E-19 3.89E-19 5.82E-19 7.35E-19
 7.88E-19 8.00E-19 7.47E-19 6.92E-19 6.26E-19 5.49E-19 4.96E-19 4.26E-19
 1.00E-74 1.00E-74 1.00E-74 1.00E-74 1.00E-74 6.95E-40 6.67E-31 4.35E-27
 2.93E-24 4.23E-22 4.76E-21 4.91E-20 2.76E-19 5.33E-19 8.15E-19 1.05E-18
 1.14E-18 1.16E-18 1.07E-18 9.74E-19 8.62E-19 7.35E-19 6.50E-19 5.42E-19
 1.00E-74 1.00E-74 1.00E-74 1.00E-74 1.00E-74 7.49E-40 7.22E-31 4.74E-27
 3.21E-24 4.68E-22 5.33E-21 5.59E-20 3.23E-19 6.37E-19 1.00E-18 1.33E-18
 1.47E-18 1.54E-18 1.47E-18 1.36E-18 1.23E-18 1.06E-18 9.46E-19 7.96E-19
 1.00E-74 1.00E-74 1.00E-74 1.00E-74 1.00E-74 7.56E-40 7.30E-31 4.79E-27
 3.25E-24 4.75E-22 5.41E-21 5.69E-20 3.31E-19 6.54E-19 1.03E-18 1.38E-18
 1.54E-18 1.62E-18 1.56E-18 1.46E-18 1.32E-18 1.16E-18 1.04E-18 8.85E-19
 1.00E-74 1.00E-74 1.00E-74 1.00E-74 1.00E-74 7.59E-40 7.32E-31 4.80E-27
 3.26E-24 4.76E-22 5.43E-21 5.71E-20 3.32E-19 6.57E-19 1.04E-18 1.39E-18
 1.54E-18 1.63E-18 1.57E-18 1.47E-18 1.34E-18 1.17E-18 1.05E-18 8.97E-19
 1.00E-74 1.00E-74 1.00E-74 1.00E-74 3.07E-51 7.82E-40 7.51E-31 4.91E-27
 3.33E-24 4.84E-22 5.51E-21 5.77E-20 3.35E-19 6.61E-19 1.04E-18 1.39E-18
 1.55E-18 1.64E-18 1.58E-18 1.47E-18 1.34E-18 1.17E-18 1.05E-18 8.98E-19
 1.00E-74 1.00E-74 1.00E-74 1.00E-74 4.09E-51 8.32E-40 7.91E-31 5.14E-27
 3.46E-24 5.01E-22 5.67E-21 5.91E-20 3.41E-19 6.71E-19 1.05E-18 1.40E-18
 1.56E-18 1.64E-18 1.58E-18 1.48E-18 1.34E-18 1.17E-18 1.05E-18 8.99E-19
 1.00E-74 1.00E-74 1.00E-74 1.00E-74 5.22E-51 1.00E-39 9.26E-31 5.92E-27
 3.92E-24 5.58E-22 6.24E-21 6.40E-20 3.61E-19 7.03E-19 1.09E-18 1.44E-18
 1.59E-18 1.67E-18 1.59E-18 1.49E-18 1.35E-18 1.17E-18 1.06E-18 9.01E-19
 1.00E-74 1.00E-74 1.00E-74 1.00E-74 7.77E-51 1.42E-39 1.27E-30 7.90E-27
 5.10E-24 7.05E-22 7.72E-21 7.67E-20 4.16E-19 7.89E-19 1.20E-18 1.54E-18
 1.68E-18 1.73E-18 1.63E-18 1.51E-18 1.36E-18 1.19E-18 1.06E-18 9.06E-19
 1.00E-74 1.00E-74 1.00E-74 1.00E-74 1.37E-50 2.44E-39 2.10E-30 1.28E-26
 8.11E-24 1.09E-21 1.16E-20 1.11E-19 5.68E-19 1.03E-18 1.50E-18 1.83E-18
 1.93E-18 1.92E-18 1.75E-18 1.59E-18 1.42E-18 1.22E-18 1.09E-18 9.22E-19
 1.00E-74 1.00E-74 1.00E-74 1.00E-74 2.14E-50 3.79E-39 3.26E-30 1.99E-26
 1.26E-23 1.68E-21 1.79E-20 1.68E-19 8.34E-19 1.48E-18 2.06E-18 2.41E-18
 2.45E-18 2.32E-18 2.00E-18 1.77E-18 1.54E-18 1.30E-18 1.15E-18 9.63E-19
 1.00E-74 1.00E-74 1.00E-74 1.00E-74 2.93E-50 5.24E-39 4.57E-30 2.82E-26
 1.80E-23 2.44E-21 2.62E-20 2.49E-19 1.24E-18 2.18E-18 3.00E-18 3.43E-18
 3.41E-18 3.10E-18 2.54E-18 2.17E-18 1.83E-18 1.50E-18 1.30E-18 1.07E-18
 1.00E-74 1.00E-74 1.00E-74 1.00E-74 3.76E-50 6.74E-39 5.90E-30 3.67E-26
 2.36E-23 3.23E-21 3.49E-20 3.35E-19 1.69E-18 2.99E-18 4.14E-18 4.72E-18
 4.68E-18 4.20E-18 3.35E-18 2.81E-18 2.32E-18 1.85E-18 1.58E-18 1.27E-18
 1.00E-74 1.00E-74 1.00E-74 1.00E-74 5.23E-50 9.47E-39 8.38E-30 5.24E-26
 3.39E-23 4.67E-21 5.08E-20 4.94E-19 2.53E-18 4.52E-18 6.29E-18 7.22E-18
 7.16E-18 6.43E-18 5.09E-18 4.24E-18 3.44E-18 2.69E-18 2.26E-18 1.78E-18
 1.00E-74 1.00E-74 1.00E-74 1.00E-74 6.96E-50 1.28E-38 1.16E-29 7.33E-26
 4.82E-23 6.79E-21 7.50E-20 7.47E-19 3.94E-18 7.18E-18 1.02E-17 1.20E-17
 1.20E-17 1.10E-17 8.80E-18 7.35E-18 5.97E-18 4.65E-18 3.88E-18 3.00E-18
 1.00E-74 1.00E-74 1.00E-74 1.00E-74 9.16E-50 1.68E-38 1.53E-29 9.78E-26
 6.53E-23 9.39E-21 1.06E-19 1.08E-18 5.99E-18 1.13E-17 1.66E-17 2.03E-17
 2.09E-17 1.98E-17 1.66E-17 1.43E-17 1.19E-17 9.49E-18 8.03E-18 6.31E-18
 1.00E-74 1.00E-74 1.00E-74 1.00E-74 1.19E-49 2.16E-38 1.94E-29 1.23E-25
 8.23E-23 1.19E-20 1.35E-19 1.40E-18 7.96E-18 1.53E-17 2.32E-17 2.92E-17
 3.09E-17 3.03E-17 2.66E-17 2.35E-17 2.01E-17 1.66E-17 1.44E-17 1.17E-17
 1.00E-74 1.00E-74 1.00E-74 1.00E-74 1.59E-49 2.88E-38 2.56E-29 1.62E-25
 1.07E-22 1.54E-20 1.74E-19 1.81E-18 1.04E-17 2.03E-17 3.13E-17 4.04E-17
 4.36E-17 4.39E-17 3.99E-17 3.60E-17 3.17E-17 2.69E-17 2.38E-17 1.99E-17
 1.00E-74 1.00E-74 1.00E-74 1.00E-74 2.05E-49 3.73E-38 3.33E-29 2.10E-25
 1.38E-22 1.96E-20 2.21E-19 2.30E-18 1.32E-17 2.59E-17 4.02E-17 5.26E-17
 5.75E-17 5.91E-17 5.51E-17 5.06E-17 4.53E-17 3.92E-17 3.51E-17 2.99E-17
 1.00E-74 1.00E-74 1.00E-74 1.00E-74 2.63E-49 4.85E-38 4.38E-29 2.77E-25
 1.82E-22 2.57E-20 2.87E-19 2.96E-18 1.69E-17 3.32E-17 5.20E-17 6.88E-17
 7.60E-17 7.96E-17 7.62E-17 7.13E-17 6.50E-17 5.73E-17 5.20E-17 4.51E-17
 1.00E-74 1.00E-74 1.00E-74 1.00E-74 2.98E-49 5.60E-38 5.24E-29 3.37E-25
 2.24E-22 3.18E-20 3.55E-19 3.65E-18 2.07E-17 4.06E-17 6.35E-17 8.46E-17
 9.42E-17 1.00E-16 9.84E-17 9.36E-17 8.68E-17 7.81E-17 7.17E-17 6.33E-17
 1.00E-74 1.00E-74 1.00E-74 1.00E-74 2.72E-49 5.29E-38 5.20E-29 3.48E-25
 2.40E-22 3.51E-20 4.00E-19 4.18E-18 2.37E-17 4.59E-17 7.09E-17 9.38E-17
 1.05E-16 1.13E-16 1.14E-16 1.10E-16 1.05E-16 9.67E-17 9.06E-17 8.20E-17
 1.00E-74 1.00E-74 1.00E-74 1.00E-74 2.27E-49 4.50E-38 4.55E-29 3.11E-25
 2.21E-22 3.36E-20 3.91E-19 4.16E-18 2.31E-17 4.27E-17 6.28E-17 8.00E-17
 8.80E-17 9.44E-17 9.66E-17 9.56E-17 9.31E-17 8.88E-17 8.53E-17 7.99E-17
 1.00E-74 1.00E-74 1.00E-74 1.00E-74 1.80E-49 3.67E-38 3.81E-29 2.66E-25
 1.93E-22 3.01E-20 3.56E-19 3.75E-18 1.81E-17 2.93E-17 3.84E-17 4.48E-17
 4.76E-17 4.99E-17 5.10E-17 5.11E-17 5.08E-17 5.00E-17 4.92E-17 4.79E-17
C-----------------------------------------------------------------------
C
C  PHOTON EMISSIVITY COEFFICIENTS:
C
C 
C  INFORMATION
C  -----------
C 
C  NUCLEAR CHARGE = 28
C  ION CHARGE +1  = 27
C 
C  SPECIFIC ION FILE  : /home/adas/adas/adf04/helike/helike_adw05#ni26.dat
C  EXPANSION FILE     : 
C 
C  No ionisation data has been included
C
C  OPTIONS  : LNORM=T  LPSEL=F  LZSEL=F  LIOSEL=T
C             LHSEL=F  LRSEL=F  LISEL=F  LNSEL =T
C
C
C   Configuration           (2s+1)l(w-1/2)          Energy (cm**-1)
C     1   1S2                  (1)0( 0.0)              0.0
C     2   1S1 2S1              (3)0( 1.0)       62461181.0
C     3   1S1 2P1              (3)1( 0.0)       62693223.0
C     4   1S1 2P1              (3)1( 1.0)       62730989.0
C     5   1S1 2S1              (1)0( 0.0)       62734013.0
C     6   1S1 2P1              (3)1( 2.0)       62901927.0
C     7   1S1 2P1              (1)1( 1.0)       63063270.0
C     8   1S1 3S1              (3)0( 1.0)       74010190.0
C     9   1S1 3P1              (3)1( 0.0)       74073563.0
C    10   1S1 3S1              (1)0( 0.0)       74078686.0
C    11   1S1 3P1              (3)1( 1.0)       74083612.0
C    12   1S1 3P1              (3)1( 2.0)       74133113.0
C    13   1S1 3D1              (3)2( 1.0)       74169745.0
C    14   1S1 3D1              (3)2( 2.0)       74170753.0
C    15   1S1 3P1              (1)1( 1.0)       74175257.0
C    16   1S1 3D1              (3)2( 3.0)       74189756.0
C    17   1S1 3D1              (1)2( 2.0)       74191475.0
C    18   1S1 4S1              (3)0( 1.0)       78008449.0
C    19   1S1 4P1              (3)1( 0.0)       78034346.0
C    20   1S1 4S1              (1)0( 0.0)       78035164.0
C    21   1S1 4P1              (3)1( 1.0)       78038324.0
C    22   1S1 4P1              (3)1( 2.0)       78058615.0
C    23   1S1 4D1              (3)2( 1.0)       78073418.0
C    24   1S1 4D1              (3)2( 2.0)       78073938.0
C    25   1S1 4P1              (1)1( 1.0)       78075467.0
C    26   1S1 4D1              (3)2( 3.0)       78081786.0
C    27   1S1 4F1              (3)3( 2.0)       78082555.0
C    28   1S1 4F1              (3)3( 3.0)       78082565.0
C    29   1S1 4D1              (1)2( 2.0)       78082713.0
C    30   1S1 4F1              (3)3( 4.0)       78086759.0
C    31   1S1 4F1              (1)3( 3.0)       78086771.0
C    32   1S1 5S1              (3)0( 1.0)       79848226.0
C    33   1S1 5S1              (1)0( 0.0)       79861025.0
C    34   1S1 5P1              (3)1( 0.0)       79861225.0
C    35   1S1 5P1              (3)1( 1.0)       79863134.0
C    36   1S1 5P1              (3)1( 2.0)       79873108.0
C    37   1S1 5D1              (3)2( 1.0)       79880467.0
C    38   1S1 5D1              (3)2( 2.0)       79880748.0
C    39   1S1 5P1              (1)1( 1.0)       79881403.0
C    40   1S1 5D1              (3)2( 3.0)       79884682.0
C    41   1S1 5F1              (3)3( 2.0)       79885115.0
C    42   1S1 5F1              (3)3( 3.0)       79885123.0
C    43   1S1 5D1              (1)2( 2.0)       79885196.0
C    44   1S1 5G1              (3)4( 3.0)       79887202.0
C    45   1S1 5G1              (3)4( 4.0)       79887202.0
C    46   1S1 5F1              (3)3( 4.0)       79887252.0
C    47   1S1 5F1              (1)3( 3.0)       79887262.0
C    48   1S1 5G1              (3)4( 5.0)       79888490.0
C    49   1S1 5G1              (1)4( 4.0)       79888490.0
C
C
C
C  ISEL  WAVELENGTH       TRANSITION               TYPE   METASTABLE  IMET NMET  IP
C  ----  ----------  ----------------------------  -----  ----------- ---- ----  --
C   1.       1.59      7(1)1( 1.0)-   1(1)0( 0.0)  EXCIT                T    1
C   2.       1.59      4(3)1( 1.0)-   1(1)0( 0.0)  EXCIT                T    1
C   3.       1.35     15(1)1( 1.0)-   1(1)0( 0.0)  EXCIT                T    1
C   4.       1.28     25(1)1( 1.0)-   1(1)0( 0.0)  EXCIT                T    1
C   5.       1.25     39(1)1( 1.0)-   1(1)0( 0.0)  EXCIT                T    1
C   6.       1.35     11(3)1( 1.0)-   1(1)0( 0.0)  EXCIT                T    1
C   7.       1.28     21(3)1( 1.0)-   1(1)0( 0.0)  EXCIT                T    1
C   8.       1.25     35(3)1( 1.0)-   1(1)0( 0.0)  EXCIT                T    1
C   9.       1.25     43(1)2( 2.0)-   1(1)0( 0.0)  EXCIT                T    1
C  10.       1.35     17(1)2( 2.0)-   1(1)0( 0.0)  EXCIT                T    1
C  11.       1.28     29(1)2( 2.0)-   1(1)0( 0.0)  EXCIT                T    1
C  12.       1.25     38(3)2( 2.0)-   1(1)0( 0.0)  EXCIT                T    1
C  13.       1.35     14(3)2( 2.0)-   1(1)0( 0.0)  EXCIT                T    1
C  14.       1.28     24(3)2( 2.0)-   1(1)0( 0.0)  EXCIT                T    1
C  15.       1.25     47(1)3( 3.0)-   1(1)0( 0.0)  EXCIT                T    1
C  16.       1.25     42(3)3( 3.0)-   1(1)0( 0.0)  EXCIT                T    1
C
C-------------------------------------------------------------------------------
C  This file is intended to provide PEC data for elements not yet
C  in the GCR framework. There may be a large variability in data
C  quality between ionisation stages of the same element. The adf04
C  file will indicate the source/quality of the fundamental data.
C  
C  Note that this file was not produced as part of the GCR Project. 
C  No recombination or projection data is used - only the low
C  levels (in the adf04 file) have been included in the collisional-
C  radiative calculation.
C
C  Check the adf15/pec96#<el>/ directories to see if more complete
C  data is available for this ionisation stage.
C
C-------------------------------------------------------------------------------
C
C  CODE     : ADAS208
C  PRODUCER : Martin O'Mullane              
C  DATE     : 13/11/08
C
C-------------------------------------------------------------------------------
