   14    /MO+38 PHOTON EMISSIVITY COEFFICIENTS/
   137.0 A  24  24 /FILMEM = sm#mo38 /TYPE = EXCIT    /INDM = T/ISEL =    1
 1.37E+12 1.37E+13 1.37E+14 1.37E+15 1.37E+16 1.37E+17 4.12E+17 1.37E+18
 4.12E+18 1.37E+19 4.12E+19 1.37E+20 4.12E+20 1.37E+21 4.12E+21 1.37E+22
 4.12E+22 1.37E+23 4.12E+23 1.37E+24 4.12E+24 1.37E+25 4.12E+25 1.37E+26
 6.55E+01 9.17E+01 1.31E+02 1.97E+02 2.62E+02 3.93E+02 6.55E+02 9.17E+02
 1.31E+03 1.97E+03 2.62E+03 3.93E+03 6.55E+03 9.17E+03 1.31E+04 1.97E+04
 2.62E+04 3.93E+04 6.55E+04 9.17E+04 1.31E+05 1.97E+05 2.62E+05 3.93E+05
 5.36E-11 6.69E-11 7.52E-11 7.76E-11 7.59E-11 7.08E-11 6.24E-11 5.67E-11
 5.09E-11 4.49E-11 4.10E-11 3.60E-11 3.06E-11 2.74E-11 2.44E-11 2.11E-11
 1.90E-11 1.61E-11 1.29E-11 1.11E-11 9.41E-12 7.80E-12 6.82E-12 5.65E-12
 5.36E-11 6.69E-11 7.52E-11 7.76E-11 7.59E-11 7.08E-11 6.24E-11 5.67E-11
 5.09E-11 4.49E-11 4.10E-11 3.60E-11 3.06E-11 2.74E-11 2.44E-11 2.11E-11
 1.90E-11 1.61E-11 1.29E-11 1.11E-11 9.41E-12 7.80E-12 6.82E-12 5.65E-12
 5.36E-11 6.69E-11 7.52E-11 7.76E-11 7.59E-11 7.08E-11 6.24E-11 5.67E-11
 5.09E-11 4.49E-11 4.10E-11 3.60E-11 3.06E-11 2.74E-11 2.44E-11 2.11E-11
 1.90E-11 1.61E-11 1.29E-11 1.11E-11 9.41E-12 7.80E-12 6.82E-12 5.65E-12
 5.36E-11 6.68E-11 7.52E-11 7.76E-11 7.59E-11 7.08E-11 6.24E-11 5.67E-11
 5.09E-11 4.49E-11 4.10E-11 3.60E-11 3.06E-11 2.74E-11 2.44E-11 2.11E-11
 1.90E-11 1.61E-11 1.29E-11 1.11E-11 9.41E-12 7.80E-12 6.82E-12 5.65E-12
 5.34E-11 6.67E-11 7.50E-11 7.73E-11 7.57E-11 7.06E-11 6.23E-11 5.66E-11
 5.08E-11 4.48E-11 4.09E-11 3.60E-11 3.05E-11 2.74E-11 2.44E-11 2.11E-11
 1.89E-11 1.61E-11 1.29E-11 1.11E-11 9.41E-12 7.79E-12 6.82E-12 5.65E-12
 5.22E-11 6.50E-11 7.30E-11 7.53E-11 7.38E-11 6.90E-11 6.10E-11 5.55E-11
 5.00E-11 4.42E-11 4.04E-11 3.56E-11 3.02E-11 2.72E-11 2.42E-11 2.10E-11
 1.88E-11 1.60E-11 1.29E-11 1.11E-11 9.38E-12 7.77E-12 6.80E-12 5.64E-12
 4.97E-11 6.16E-11 6.89E-11 7.12E-11 6.99E-11 6.57E-11 5.85E-11 5.34E-11
 4.83E-11 4.29E-11 3.93E-11 3.47E-11 2.96E-11 2.67E-11 2.38E-11 2.07E-11
 1.86E-11 1.58E-11 1.27E-11 1.10E-11 9.31E-12 7.73E-12 6.77E-12 5.61E-12
 4.25E-11 5.19E-11 5.77E-11 5.97E-11 5.89E-11 5.61E-11 5.09E-11 4.71E-11
 4.31E-11 3.88E-11 3.59E-11 3.20E-11 2.76E-11 2.51E-11 2.25E-11 1.97E-11
 1.78E-11 1.52E-11 1.23E-11 1.07E-11 9.09E-12 7.57E-12 6.65E-12 5.53E-12
 3.00E-11 3.58E-11 3.92E-11 4.06E-11 4.05E-11 3.94E-11 3.70E-11 3.51E-11
 3.29E-11 3.05E-11 2.87E-11 2.62E-11 2.32E-11 2.13E-11 1.94E-11 1.73E-11
 1.58E-11 1.37E-11 1.13E-11 9.88E-12 8.51E-12 7.16E-12 6.33E-12 5.31E-12
 1.47E-11 1.70E-11 1.82E-11 1.88E-11 1.90E-11 1.89E-11 1.86E-11 1.82E-11
 1.78E-11 1.71E-11 1.66E-11 1.58E-11 1.47E-11 1.39E-11 1.31E-11 1.21E-11
 1.13E-11 1.02E-11 8.77E-12 7.86E-12 6.96E-12 6.02E-12 5.42E-12 4.64E-12
 5.95E-12 6.66E-12 6.97E-12 7.10E-12 7.14E-12 7.18E-12 7.24E-12 7.27E-12
 7.29E-12 7.28E-12 7.25E-12 7.16E-12 6.97E-12 6.81E-12 6.61E-12 6.34E-12
 6.11E-12 5.76E-12 5.27E-12 4.92E-12 4.54E-12 4.11E-12 3.82E-12 3.41E-12
 1.90E-12 2.06E-12 2.06E-12 2.02E-12 1.99E-12 1.97E-12 1.99E-12 2.02E-12
 2.06E-12 2.11E-12 2.14E-12 2.18E-12 2.21E-12 2.22E-12 2.22E-12 2.20E-12
 2.19E-12 2.16E-12 2.10E-12 2.05E-12 1.98E-12 1.90E-12 1.83E-12 1.74E-12
 6.41E-13 6.69E-13 6.37E-13 5.86E-13 5.56E-13 5.31E-13 5.23E-13 5.28E-13
 5.39E-13 5.57E-13 5.70E-13 5.90E-13 6.12E-13 6.25E-13 6.39E-13 6.53E-13
 6.62E-13 6.73E-13 6.85E-13 6.90E-13 6.92E-13 6.92E-13 6.89E-13 6.82E-13
 1.92E-13 1.95E-13 1.77E-13 1.53E-13 1.39E-13 1.26E-13 1.17E-13 1.15E-13
 1.15E-13 1.17E-13 1.19E-13 1.22E-13 1.28E-13 1.31E-13 1.35E-13 1.40E-13
 1.44E-13 1.50E-13 1.58E-13 1.64E-13 1.70E-13 1.76E-13 1.80E-13 1.86E-13
 6.40E-14 6.41E-14 5.71E-14 4.78E-14 4.24E-14 3.69E-14 3.29E-14 3.14E-14
 3.06E-14 3.02E-14 3.02E-14 3.05E-14 3.11E-14 3.16E-14 3.23E-14 3.32E-14
 3.40E-14 3.52E-14 3.72E-14 3.87E-14 4.04E-14 4.26E-14 4.42E-14 4.66E-14
 1.92E-14 1.91E-14 1.69E-14 1.39E-14 1.22E-14 1.05E-14 9.10E-15 8.56E-15
 8.18E-15 7.92E-15 7.81E-15 7.73E-15 7.70E-15 7.71E-15 7.74E-15 7.81E-15
 7.88E-15 8.01E-15 8.23E-15 8.41E-15 8.65E-15 8.96E-15 9.22E-15 9.62E-15
 6.40E-15 6.37E-15 5.61E-15 4.61E-15 4.02E-15 3.43E-15 2.96E-15 2.76E-15
 2.63E-15 2.52E-15 2.47E-15 2.43E-15 2.39E-15 2.38E-15 2.37E-15 2.37E-15
 2.37E-15 2.37E-15 2.39E-15 2.41E-15 2.43E-15 2.47E-15 2.50E-15 2.55E-15
 1.92E-15 1.91E-15 1.68E-15 1.38E-15 1.20E-15 1.02E-15 8.79E-16 8.20E-16
 7.77E-16 7.44E-16 7.28E-16 7.12E-16 6.99E-16 6.93E-16 6.88E-16 6.84E-16
 6.81E-16 6.79E-16 6.77E-16 6.77E-16 6.77E-16 6.78E-16 6.80E-16 6.84E-16
 6.40E-16 6.37E-16 5.60E-16 4.59E-16 4.00E-16 3.40E-16 2.92E-16 2.72E-16
 2.58E-16 2.47E-16 2.41E-16 2.36E-16 2.31E-16 2.29E-16 2.27E-16 2.25E-16
 2.24E-16 2.23E-16 2.22E-16 2.21E-16 2.21E-16 2.20E-16 2.20E-16 2.20E-16
 1.92E-16 1.91E-16 1.68E-16 1.38E-16 1.20E-16 1.02E-16 8.76E-17 8.16E-17
 7.73E-17 7.39E-17 7.23E-17 7.06E-17 6.91E-17 6.84E-17 6.79E-17 6.73E-17
 6.70E-17 6.66E-17 6.61E-17 6.59E-17 6.56E-17 6.54E-17 6.52E-17 6.50E-17
 6.40E-17 6.36E-17 5.60E-17 4.59E-17 4.00E-17 3.39E-17 2.92E-17 2.72E-17
 2.57E-17 2.46E-17 2.41E-17 2.35E-17 2.30E-17 2.28E-17 2.26E-17 2.24E-17
 2.23E-17 2.22E-17 2.20E-17 2.19E-17 2.18E-17 2.17E-17 2.17E-17 2.16E-17
 1.92E-17 1.91E-17 1.68E-17 1.38E-17 1.20E-17 1.02E-17 8.75E-18 8.16E-18
 7.72E-18 7.39E-18 7.22E-18 7.05E-18 6.91E-18 6.84E-18 6.78E-18 6.72E-18
 6.69E-18 6.64E-18 6.60E-18 6.57E-18 6.54E-18 6.51E-18 6.49E-18 6.47E-18
 6.40E-18 6.36E-18 5.60E-18 4.59E-18 4.00E-18 3.39E-18 2.92E-18 2.72E-18
 2.57E-18 2.46E-18 2.41E-18 2.35E-18 2.30E-18 2.28E-18 2.26E-18 2.24E-18
 2.23E-18 2.21E-18 2.20E-18 2.19E-18 2.18E-18 2.17E-18 2.16E-18 2.16E-18
 1.92E-18 1.91E-18 1.68E-18 1.38E-18 1.20E-18 1.02E-18 8.75E-19 8.16E-19
 7.72E-19 7.39E-19 7.22E-19 7.05E-19 6.90E-19 6.84E-19 6.78E-19 6.72E-19
 6.69E-19 6.64E-19 6.60E-19 6.57E-19 6.54E-19 6.51E-19 6.49E-19 6.47E-19
    49.6 A  24  24 /FILMEM = sm#mo38 /TYPE = EXCIT    /INDM = T/ISEL =    2
 1.37E+12 1.37E+13 1.37E+14 1.37E+15 1.37E+16 1.37E+17 4.12E+17 1.37E+18
 4.12E+18 1.37E+19 4.12E+19 1.37E+20 4.12E+20 1.37E+21 4.12E+21 1.37E+22
 4.12E+22 1.37E+23 4.12E+23 1.37E+24 4.12E+24 1.37E+25 4.12E+25 1.37E+26
 6.55E+01 9.17E+01 1.31E+02 1.97E+02 2.62E+02 3.93E+02 6.55E+02 9.17E+02
 1.31E+03 1.97E+03 2.62E+03 3.93E+03 6.55E+03 9.17E+03 1.31E+04 1.97E+04
 2.62E+04 3.93E+04 6.55E+04 9.17E+04 1.31E+05 1.97E+05 2.62E+05 3.93E+05
 2.52E-11 6.24E-11 1.17E-10 1.81E-10 2.15E-10 2.43E-10 2.48E-10 2.40E-10
 2.26E-10 2.08E-10 1.94E-10 1.76E-10 1.54E-10 1.40E-10 1.26E-10 1.11E-10
 1.00E-10 8.62E-11 6.98E-11 6.02E-11 5.13E-11 4.27E-11 3.75E-11 3.12E-11
 2.52E-11 6.24E-11 1.17E-10 1.81E-10 2.15E-10 2.43E-10 2.48E-10 2.40E-10
 2.26E-10 2.08E-10 1.94E-10 1.76E-10 1.54E-10 1.40E-10 1.26E-10 1.11E-10
 1.00E-10 8.62E-11 6.98E-11 6.02E-11 5.13E-11 4.27E-11 3.75E-11 3.12E-11
 2.52E-11 6.24E-11 1.17E-10 1.81E-10 2.15E-10 2.43E-10 2.48E-10 2.40E-10
 2.26E-10 2.08E-10 1.94E-10 1.76E-10 1.54E-10 1.40E-10 1.26E-10 1.11E-10
 1.00E-10 8.62E-11 6.98E-11 6.02E-11 5.13E-11 4.27E-11 3.75E-11 3.12E-11
 2.52E-11 6.24E-11 1.17E-10 1.81E-10 2.15E-10 2.43E-10 2.48E-10 2.40E-10
 2.26E-10 2.08E-10 1.94E-10 1.76E-10 1.54E-10 1.40E-10 1.26E-10 1.11E-10
 1.00E-10 8.62E-11 6.98E-11 6.02E-11 5.13E-11 4.27E-11 3.75E-11 3.12E-11
 2.51E-11 6.23E-11 1.17E-10 1.80E-10 2.15E-10 2.43E-10 2.48E-10 2.39E-10
 2.26E-10 2.07E-10 1.94E-10 1.75E-10 1.53E-10 1.40E-10 1.26E-10 1.11E-10
 1.00E-10 8.62E-11 6.98E-11 6.02E-11 5.13E-11 4.27E-11 3.75E-11 3.12E-11
 2.49E-11 6.14E-11 1.15E-10 1.77E-10 2.11E-10 2.39E-10 2.44E-10 2.36E-10
 2.23E-10 2.05E-10 1.92E-10 1.74E-10 1.52E-10 1.39E-10 1.25E-10 1.10E-10
 9.99E-11 8.58E-11 6.96E-11 6.01E-11 5.12E-11 4.26E-11 3.74E-11 3.12E-11
 2.43E-11 5.96E-11 1.11E-10 1.70E-10 2.03E-10 2.31E-10 2.36E-10 2.30E-10
 2.17E-10 2.00E-10 1.88E-10 1.71E-10 1.50E-10 1.37E-10 1.24E-10 1.09E-10
 9.90E-11 8.52E-11 6.91E-11 5.97E-11 5.10E-11 4.25E-11 3.73E-11 3.11E-11
 2.27E-11 5.44E-11 9.98E-11 1.52E-10 1.82E-10 2.07E-10 2.14E-10 2.10E-10
 2.00E-10 1.86E-10 1.76E-10 1.61E-10 1.42E-10 1.31E-10 1.19E-10 1.05E-10
 9.59E-11 8.29E-11 6.76E-11 5.86E-11 5.02E-11 4.19E-11 3.69E-11 3.08E-11
 1.98E-11 4.56E-11 8.11E-11 1.22E-10 1.45E-10 1.65E-10 1.73E-10 1.71E-10
 1.66E-10 1.57E-10 1.49E-10 1.39E-10 1.25E-10 1.16E-10 1.07E-10 9.60E-11
 8.82E-11 7.71E-11 6.38E-11 5.58E-11 4.81E-11 4.05E-11 3.57E-11 3.00E-11
 1.61E-11 3.47E-11 5.88E-11 8.49E-11 9.93E-11 1.12E-10 1.17E-10 1.16E-10
 1.13E-10 1.08E-10 1.05E-10 9.91E-11 9.21E-11 8.73E-11 8.20E-11 7.55E-11
 7.07E-11 6.34E-11 5.41E-11 4.82E-11 4.23E-11 3.63E-11 3.25E-11 2.76E-11
 1.31E-11 2.69E-11 4.36E-11 6.01E-11 6.85E-11 7.51E-11 7.68E-11 7.54E-11
 7.28E-11 6.94E-11 6.69E-11 6.37E-11 6.01E-11 5.78E-11 5.53E-11 5.21E-11
 4.97E-11 4.58E-11 4.05E-11 3.69E-11 3.32E-11 2.92E-11 2.66E-11 2.32E-11
 9.29E-12 1.87E-11 2.90E-11 3.82E-11 4.23E-11 4.52E-11 4.53E-11 4.43E-11
 4.26E-11 4.04E-11 3.90E-11 3.72E-11 3.53E-11 3.43E-11 3.32E-11 3.19E-11
 3.08E-11 2.90E-11 2.64E-11 2.45E-11 2.25E-11 2.03E-11 1.88E-11 1.67E-11
 5.28E-12 1.05E-11 1.60E-11 2.03E-11 2.21E-11 2.33E-11 2.34E-11 2.30E-11
 2.24E-11 2.16E-11 2.11E-11 2.04E-11 1.98E-11 1.95E-11 1.91E-11 1.87E-11
 1.83E-11 1.76E-11 1.65E-11 1.57E-11 1.47E-11 1.35E-11 1.27E-11 1.15E-11
 2.11E-12 4.22E-12 6.30E-12 7.85E-12 8.45E-12 8.83E-12 8.93E-12 8.88E-12
 8.77E-12 8.64E-12 8.56E-12 8.47E-12 8.44E-12 8.46E-12 8.49E-12 8.50E-12
 8.49E-12 8.43E-12 8.26E-12 8.07E-12 7.82E-12 7.47E-12 7.19E-12 6.75E-12
 7.79E-13 1.55E-12 2.31E-12 2.86E-12 3.06E-12 3.19E-12 3.23E-12 3.22E-12
 3.20E-12 3.19E-12 3.18E-12 3.19E-12 3.23E-12 3.28E-12 3.33E-12 3.39E-12
 3.43E-12 3.48E-12 3.51E-12 3.52E-12 3.51E-12 3.47E-12 3.43E-12 3.34E-12
 2.43E-13 4.84E-13 7.18E-13 8.85E-13 9.46E-13 9.85E-13 9.96E-13 9.95E-13
 9.92E-13 9.91E-13 9.92E-13 1.00E-12 1.02E-12 1.04E-12 1.06E-12 1.09E-12
 1.11E-12 1.14E-12 1.17E-12 1.19E-12 1.20E-12 1.21E-12 1.22E-12 1.22E-12
 8.18E-14 1.63E-13 2.42E-13 2.98E-13 3.18E-13 3.31E-13 3.35E-13 3.35E-13
 3.34E-13 3.33E-13 3.34E-13 3.37E-13 3.45E-13 3.52E-13 3.60E-13 3.70E-13
 3.77E-13 3.88E-13 4.00E-13 4.08E-13 4.16E-13 4.23E-13 4.27E-13 4.32E-13
 2.46E-14 4.92E-14 7.29E-14 8.97E-14 9.58E-14 9.96E-14 1.01E-13 1.01E-13
 1.00E-13 1.00E-13 1.01E-13 1.02E-13 1.04E-13 1.06E-13 1.09E-13 1.12E-13
 1.14E-13 1.17E-13 1.21E-13 1.24E-13 1.26E-13 1.29E-13 1.30E-13 1.32E-13
 8.22E-15 1.64E-14 2.43E-14 2.99E-14 3.20E-14 3.32E-14 3.36E-14 3.36E-14
 3.35E-14 3.35E-14 3.36E-14 3.39E-14 3.47E-14 3.54E-14 3.63E-14 3.73E-14
 3.81E-14 3.92E-14 4.05E-14 4.14E-14 4.22E-14 4.31E-14 4.36E-14 4.43E-14
 2.47E-15 4.92E-15 7.30E-15 8.98E-15 9.59E-15 9.97E-15 1.01E-14 1.01E-14
 1.01E-14 1.01E-14 1.01E-14 1.02E-14 1.04E-14 1.06E-14 1.09E-14 1.12E-14
 1.14E-14 1.18E-14 1.22E-14 1.24E-14 1.27E-14 1.29E-14 1.31E-14 1.33E-14
 8.22E-16 1.64E-15 2.43E-15 2.99E-15 3.20E-15 3.32E-15 3.36E-15 3.36E-15
 3.35E-15 3.35E-15 3.36E-15 3.39E-15 3.47E-15 3.54E-15 3.63E-15 3.73E-15
 3.81E-15 3.92E-15 4.05E-15 4.14E-15 4.23E-15 4.32E-15 4.37E-15 4.44E-15
 2.47E-16 4.92E-16 7.30E-16 8.98E-16 9.59E-16 9.97E-16 1.01E-15 1.01E-15
 1.01E-15 1.01E-15 1.01E-15 1.02E-15 1.04E-15 1.06E-15 1.09E-15 1.12E-15
 1.14E-15 1.18E-15 1.22E-15 1.24E-15 1.27E-15 1.29E-15 1.31E-15 1.33E-15
 8.22E-17 1.64E-16 2.43E-16 2.99E-16 3.20E-16 3.32E-16 3.36E-16 3.36E-16
 3.35E-16 3.35E-16 3.36E-16 3.39E-16 3.47E-16 3.54E-16 3.63E-16 3.73E-16
 3.81E-16 3.92E-16 4.05E-16 4.14E-16 4.23E-16 4.32E-16 4.37E-16 4.44E-16
 2.47E-17 4.92E-17 7.30E-17 8.98E-17 9.59E-17 9.97E-17 1.01E-16 1.01E-16
 1.01E-16 1.01E-16 1.01E-16 1.02E-16 1.04E-16 1.06E-16 1.09E-16 1.12E-16
 1.14E-16 1.18E-16 1.22E-16 1.24E-16 1.27E-16 1.29E-16 1.31E-16 1.33E-16
    50.6 A  24  24 /FILMEM = sm#mo38 /TYPE = EXCIT    /INDM = T/ISEL =    3
 1.37E+12 1.37E+13 1.37E+14 1.37E+15 1.37E+16 1.37E+17 4.12E+17 1.37E+18
 4.12E+18 1.37E+19 4.12E+19 1.37E+20 4.12E+20 1.37E+21 4.12E+21 1.37E+22
 4.12E+22 1.37E+23 4.12E+23 1.37E+24 4.12E+24 1.37E+25 4.12E+25 1.37E+26
 6.55E+01 9.17E+01 1.31E+02 1.97E+02 2.62E+02 3.93E+02 6.55E+02 9.17E+02
 1.31E+03 1.97E+03 2.62E+03 3.93E+03 6.55E+03 9.17E+03 1.31E+04 1.97E+04
 2.62E+04 3.93E+04 6.55E+04 9.17E+04 1.31E+05 1.97E+05 2.62E+05 3.93E+05
 3.98E-13 1.09E-12 2.06E-12 2.99E-12 3.39E-12 3.55E-12 3.28E-12 2.94E-12
 2.52E-12 2.03E-12 1.70E-12 1.27E-12 8.20E-13 5.93E-13 4.09E-13 2.60E-13
 1.85E-13 1.13E-13 5.98E-14 3.92E-14 2.53E-14 1.58E-14 1.15E-14 7.61E-15
 3.98E-13 1.09E-12 2.06E-12 2.99E-12 3.39E-12 3.55E-12 3.28E-12 2.94E-12
 2.52E-12 2.03E-12 1.70E-12 1.27E-12 8.20E-13 5.93E-13 4.09E-13 2.60E-13
 1.85E-13 1.13E-13 5.98E-14 3.92E-14 2.53E-14 1.58E-14 1.15E-14 7.62E-15
 3.98E-13 1.09E-12 2.06E-12 2.99E-12 3.39E-12 3.55E-12 3.28E-12 2.94E-12
 2.52E-12 2.03E-12 1.70E-12 1.27E-12 8.20E-13 5.93E-13 4.09E-13 2.60E-13
 1.85E-13 1.13E-13 5.98E-14 3.92E-14 2.53E-14 1.58E-14 1.15E-14 7.62E-15
 3.99E-13 1.10E-12 2.06E-12 3.00E-12 3.39E-12 3.55E-12 3.28E-12 2.94E-12
 2.52E-12 2.04E-12 1.70E-12 1.27E-12 8.21E-13 5.94E-13 4.10E-13 2.60E-13
 1.86E-13 1.14E-13 6.00E-14 3.94E-14 2.54E-14 1.58E-14 1.16E-14 7.66E-15
 4.04E-13 1.11E-12 2.09E-12 3.04E-12 3.44E-12 3.60E-12 3.32E-12 2.98E-12
 2.55E-12 2.06E-12 1.72E-12 1.29E-12 8.33E-13 6.04E-13 4.18E-13 2.66E-13
 1.91E-13 1.17E-13 6.23E-14 4.10E-14 2.66E-14 1.66E-14 1.22E-14 8.06E-15
 4.61E-13 1.26E-12 2.38E-12 3.46E-12 3.91E-12 4.08E-12 3.74E-12 3.34E-12
 2.86E-12 2.31E-12 1.93E-12 1.45E-12 9.58E-13 7.05E-13 4.98E-13 3.27E-13
 2.39E-13 1.52E-13 8.44E-14 5.72E-14 3.81E-14 2.44E-14 1.81E-14 1.21E-14
 5.77E-13 1.57E-12 2.96E-12 4.31E-12 4.87E-12 5.06E-12 4.61E-12 4.11E-12
 3.51E-12 2.84E-12 2.39E-12 1.81E-12 1.23E-12 9.24E-13 6.73E-13 4.58E-13
 3.45E-13 2.28E-13 1.33E-13 9.27E-14 6.34E-14 4.17E-14 3.12E-14 2.10E-14
 9.05E-13 2.43E-12 4.57E-12 6.67E-12 7.54E-12 7.84E-12 7.15E-12 6.37E-12
 5.46E-12 4.45E-12 3.79E-12 2.95E-12 2.08E-12 1.63E-12 1.24E-12 8.89E-13
 6.94E-13 4.81E-13 2.96E-13 2.13E-13 1.49E-13 1.00E-13 7.60E-14 5.16E-14
 1.46E-12 3.83E-12 7.13E-12 1.04E-11 1.19E-11 1.26E-11 1.17E-11 1.06E-11
 9.25E-12 7.72E-12 6.69E-12 5.38E-12 3.99E-12 3.24E-12 2.56E-12 1.92E-12
 1.54E-12 1.11E-12 7.11E-13 5.22E-13 3.74E-13 2.56E-13 1.96E-13 1.34E-13
 2.04E-12 5.24E-12 9.66E-12 1.42E-11 1.64E-11 1.77E-11 1.72E-11 1.61E-11
 1.45E-11 1.26E-11 1.13E-11 9.51E-12 7.50E-12 6.33E-12 5.23E-12 4.11E-12
 3.41E-12 2.57E-12 1.74E-12 1.32E-12 9.75E-13 6.88E-13 5.36E-13 3.77E-13
 2.12E-12 5.39E-12 9.93E-12 1.47E-11 1.71E-11 1.89E-11 1.89E-11 1.81E-11
 1.69E-11 1.52E-11 1.40E-11 1.23E-11 1.02E-11 8.91E-12 7.64E-12 6.28E-12
 5.39E-12 4.27E-12 3.08E-12 2.44E-12 1.88E-12 1.39E-12 1.12E-12 8.20E-13
 1.58E-12 4.08E-12 7.56E-12 1.13E-11 1.32E-11 1.49E-11 1.54E-11 1.52E-11
 1.46E-11 1.36E-11 1.29E-11 1.17E-11 1.02E-11 9.23E-12 8.20E-12 7.04E-12
 6.25E-12 5.20E-12 4.01E-12 3.33E-12 2.70E-12 2.12E-12 1.78E-12 1.38E-12
 8.63E-13 2.28E-12 4.26E-12 6.35E-12 7.48E-12 8.54E-12 9.15E-12 9.24E-12
 9.16E-12 8.90E-12 8.63E-12 8.16E-12 7.46E-12 6.96E-12 6.39E-12 5.72E-12
 5.24E-12 4.56E-12 3.74E-12 3.23E-12 2.74E-12 2.26E-12 1.97E-12 1.61E-12
 3.33E-13 8.94E-13 1.67E-12 2.47E-12 2.91E-12 3.33E-12 3.62E-12 3.73E-12
 3.78E-12 3.79E-12 3.77E-12 3.70E-12 3.55E-12 3.43E-12 3.27E-12 3.07E-12
 2.92E-12 2.69E-12 2.38E-12 2.17E-12 1.95E-12 1.72E-12 1.56E-12 1.35E-12
 1.21E-13 3.26E-13 6.09E-13 8.99E-13 1.05E-12 1.20E-12 1.31E-12 1.35E-12
 1.38E-12 1.39E-12 1.40E-12 1.39E-12 1.36E-12 1.33E-12 1.30E-12 1.25E-12
 1.22E-12 1.16E-12 1.09E-12 1.04E-12 9.80E-13 9.15E-13 8.68E-13 8.02E-13
 3.74E-14 1.01E-13 1.89E-13 2.78E-13 3.25E-13 3.70E-13 4.03E-13 4.15E-13
 4.24E-13 4.29E-13 4.30E-13 4.29E-13 4.22E-13 4.14E-13 4.05E-13 3.93E-13
 3.85E-13 3.72E-13 3.57E-13 3.47E-13 3.36E-13 3.25E-13 3.17E-13 3.06E-13
 1.26E-14 3.41E-14 6.36E-14 9.35E-14 1.09E-13 1.24E-13 1.35E-13 1.39E-13
 1.42E-13 1.44E-13 1.44E-13 1.44E-13 1.41E-13 1.39E-13 1.36E-13 1.32E-13
 1.29E-13 1.25E-13 1.20E-13 1.17E-13 1.14E-13 1.11E-13 1.09E-13 1.06E-13
 3.78E-15 1.03E-14 1.91E-14 2.81E-14 3.29E-14 3.74E-14 4.06E-14 4.18E-14
 4.27E-14 4.32E-14 4.33E-14 4.31E-14 4.24E-14 4.16E-14 4.07E-14 3.95E-14
 3.87E-14 3.75E-14 3.60E-14 3.50E-14 3.41E-14 3.32E-14 3.26E-14 3.20E-14
 1.26E-15 3.42E-15 6.38E-15 9.39E-15 1.10E-14 1.25E-14 1.35E-14 1.40E-14
 1.42E-14 1.44E-14 1.44E-14 1.44E-14 1.41E-14 1.39E-14 1.36E-14 1.32E-14
 1.29E-14 1.25E-14 1.20E-14 1.17E-14 1.14E-14 1.11E-14 1.09E-14 1.06E-14
 3.79E-16 1.03E-15 1.92E-15 2.82E-15 3.29E-15 3.74E-15 4.06E-15 4.19E-15
 4.27E-15 4.32E-15 4.34E-15 4.32E-15 4.24E-15 4.16E-15 4.07E-15 3.95E-15
 3.87E-15 3.74E-15 3.59E-15 3.50E-15 3.41E-15 3.31E-15 3.26E-15 3.19E-15
 1.26E-16 3.42E-16 6.39E-16 9.39E-16 1.10E-15 1.25E-15 1.36E-15 1.40E-15
 1.42E-15 1.44E-15 1.45E-15 1.44E-15 1.41E-15 1.39E-15 1.36E-15 1.32E-15
 1.29E-15 1.25E-15 1.20E-15 1.17E-15 1.14E-15 1.10E-15 1.09E-15 1.06E-15
 3.79E-17 1.03E-16 1.92E-16 2.82E-16 3.29E-16 3.74E-16 4.07E-16 4.19E-16
 4.27E-16 4.32E-16 4.34E-16 4.32E-16 4.24E-16 4.16E-16 4.07E-16 3.95E-16
 3.87E-16 3.74E-16 3.59E-16 3.50E-16 3.41E-16 3.31E-16 3.26E-16 3.19E-16
 1.26E-17 3.42E-17 6.39E-17 9.39E-17 1.10E-16 1.25E-16 1.36E-16 1.40E-16
 1.42E-16 1.44E-16 1.45E-16 1.44E-16 1.41E-16 1.39E-16 1.36E-16 1.32E-16
 1.29E-16 1.25E-16 1.20E-16 1.17E-16 1.14E-16 1.10E-16 1.09E-16 1.06E-16
 3.79E-18 1.03E-17 1.92E-17 2.82E-17 3.29E-17 3.74E-17 4.07E-17 4.19E-17
 4.27E-17 4.32E-17 4.34E-17 4.32E-17 4.24E-17 4.16E-17 4.07E-17 3.95E-17
 3.87E-17 3.74E-17 3.59E-17 3.50E-17 3.41E-17 3.31E-17 3.26E-17 3.19E-17
    97.3 A  24  24 /FILMEM = sm#mo38 /TYPE = EXCIT    /INDM = T/ISEL =    4
 1.37E+12 1.37E+13 1.37E+14 1.37E+15 1.37E+16 1.37E+17 4.12E+17 1.37E+18
 4.12E+18 1.37E+19 4.12E+19 1.37E+20 4.12E+20 1.37E+21 4.12E+21 1.37E+22
 4.12E+22 1.37E+23 4.12E+23 1.37E+24 4.12E+24 1.37E+25 4.12E+25 1.37E+26
 6.55E+01 9.17E+01 1.31E+02 1.97E+02 2.62E+02 3.93E+02 6.55E+02 9.17E+02
 1.31E+03 1.97E+03 2.62E+03 3.93E+03 6.55E+03 9.17E+03 1.31E+04 1.97E+04
 2.62E+04 3.93E+04 6.55E+04 9.17E+04 1.31E+05 1.97E+05 2.62E+05 3.93E+05
 5.65E-14 1.14E-13 1.79E-13 2.34E-13 2.53E-13 2.54E-13 2.26E-13 2.00E-13
 1.71E-13 1.41E-13 1.21E-13 9.64E-14 7.23E-14 6.03E-14 4.99E-14 4.02E-14
 3.45E-14 2.80E-14 2.16E-14 1.81E-14 1.51E-14 1.23E-14 1.06E-14 8.58E-15
 5.65E-14 1.14E-13 1.79E-13 2.34E-13 2.53E-13 2.54E-13 2.27E-13 2.00E-13
 1.71E-13 1.41E-13 1.21E-13 9.64E-14 7.24E-14 6.03E-14 4.99E-14 4.02E-14
 3.45E-14 2.80E-14 2.16E-14 1.81E-14 1.51E-14 1.23E-14 1.06E-14 8.58E-15
 5.68E-14 1.14E-13 1.80E-13 2.35E-13 2.54E-13 2.55E-13 2.27E-13 2.01E-13
 1.72E-13 1.41E-13 1.21E-13 9.66E-14 7.25E-14 6.04E-14 5.00E-14 4.03E-14
 3.46E-14 2.80E-14 2.16E-14 1.82E-14 1.51E-14 1.23E-14 1.06E-14 8.59E-15
 5.94E-14 1.19E-13 1.87E-13 2.43E-13 2.62E-13 2.62E-13 2.33E-13 2.06E-13
 1.76E-13 1.44E-13 1.24E-13 9.87E-14 7.40E-14 6.16E-14 5.09E-14 4.10E-14
 3.52E-14 2.84E-14 2.19E-14 1.84E-14 1.53E-14 1.24E-14 1.07E-14 8.64E-15
 8.50E-14 1.66E-13 2.54E-13 3.21E-13 3.41E-13 3.34E-13 2.90E-13 2.54E-13
 2.15E-13 1.75E-13 1.50E-13 1.19E-13 8.88E-14 7.36E-14 6.04E-14 4.81E-14
 4.09E-14 3.26E-14 2.46E-14 2.04E-14 1.67E-14 1.34E-14 1.14E-14 9.15E-15
 3.34E-13 6.23E-13 9.05E-13 1.08E-12 1.10E-12 1.03E-12 8.52E-13 7.25E-13
 6.01E-13 4.79E-13 4.06E-13 3.20E-13 2.36E-13 1.93E-13 1.55E-13 1.19E-13
 9.83E-14 7.43E-14 5.16E-14 4.03E-14 3.10E-14 2.32E-14 1.89E-14 1.43E-14
 8.44E-13 1.55E-12 2.22E-12 2.63E-12 2.66E-12 2.46E-12 2.02E-12 1.71E-12
 1.41E-12 1.12E-12 9.52E-13 7.49E-13 5.51E-13 4.49E-13 3.59E-13 2.74E-13
 2.23E-13 1.65E-13 1.11E-13 8.40E-14 6.25E-14 4.48E-14 3.55E-14 2.57E-14
 2.24E-12 4.06E-12 5.77E-12 6.80E-12 6.91E-12 6.45E-12 5.37E-12 4.60E-12
 3.84E-12 3.09E-12 2.63E-12 2.09E-12 1.56E-12 1.27E-12 1.02E-12 7.79E-13
 6.35E-13 4.67E-13 3.09E-13 2.31E-13 1.69E-13 1.19E-13 9.22E-14 6.48E-14
 4.36E-12 7.77E-12 1.10E-11 1.30E-11 1.34E-11 1.29E-11 1.11E-11 9.80E-12
 8.41E-12 6.96E-12 6.05E-12 4.93E-12 3.76E-12 3.13E-12 2.54E-12 1.97E-12
 1.62E-12 1.21E-12 8.08E-13 6.09E-13 4.47E-13 3.13E-13 2.43E-13 1.70E-13
 5.71E-12 1.01E-11 1.43E-11 1.73E-11 1.83E-11 1.83E-11 1.69E-11 1.55E-11
 1.40E-11 1.22E-11 1.10E-11 9.36E-12 7.56E-12 6.49E-12 5.46E-12 4.40E-12
 3.72E-12 2.88E-12 2.01E-12 1.56E-12 1.17E-12 8.45E-13 6.67E-13 4.75E-13
 4.44E-12 7.91E-12 1.13E-11 1.41E-11 1.53E-11 1.60E-11 1.58E-11 1.52E-11
 1.44E-11 1.32E-11 1.24E-11 1.12E-11 9.60E-12 8.59E-12 7.55E-12 6.40E-12
 5.62E-12 4.59E-12 3.44E-12 2.79E-12 2.20E-12 1.67E-12 1.36E-12 1.01E-12
 2.13E-12 3.82E-12 5.48E-12 6.90E-12 7.59E-12 8.23E-12 8.63E-12 8.73E-12
 8.70E-12 8.55E-12 8.36E-12 8.02E-12 7.46E-12 7.02E-12 6.51E-12 5.88E-12
 5.41E-12 4.74E-12 3.89E-12 3.36E-12 2.83E-12 2.31E-12 1.99E-12 1.59E-12
 8.49E-13 1.50E-12 2.11E-12 2.59E-12 2.81E-12 3.03E-12 3.23E-12 3.34E-12
 3.43E-12 3.52E-12 3.56E-12 3.59E-12 3.57E-12 3.52E-12 3.43E-12 3.30E-12
 3.18E-12 2.99E-12 2.70E-12 2.48E-12 2.25E-12 1.98E-12 1.79E-12 1.55E-12
 2.74E-13 4.80E-13 6.55E-13 7.69E-13 8.12E-13 8.46E-13 8.75E-13 8.95E-13
 9.18E-13 9.45E-13 9.65E-13 9.91E-13 1.02E-12 1.03E-12 1.04E-12 1.05E-12
 1.05E-12 1.05E-12 1.04E-12 1.03E-12 1.00E-12 9.64E-13 9.32E-13 8.79E-13
 9.35E-14 1.63E-13 2.19E-13 2.52E-13 2.61E-13 2.65E-13 2.66E-13 2.67E-13
 2.69E-13 2.72E-13 2.75E-13 2.79E-13 2.84E-13 2.87E-13 2.90E-13 2.94E-13
 2.98E-13 3.02E-13 3.08E-13 3.13E-13 3.17E-13 3.21E-13 3.23E-13 3.25E-13
 2.83E-14 4.91E-14 6.57E-14 7.48E-14 7.69E-14 7.73E-14 7.63E-14 7.56E-14
 7.52E-14 7.49E-14 7.49E-14 7.49E-14 7.50E-14 7.50E-14 7.51E-14 7.53E-14
 7.55E-14 7.59E-14 7.67E-14 7.74E-14 7.83E-14 7.95E-14 8.06E-14 8.22E-14
 9.45E-15 1.64E-14 2.19E-14 2.48E-14 2.55E-14 2.55E-14 2.50E-14 2.47E-14
 2.45E-14 2.42E-14 2.41E-14 2.40E-14 2.38E-14 2.37E-14 2.36E-14 2.35E-14
 2.34E-14 2.33E-14 2.32E-14 2.32E-14 2.33E-14 2.33E-14 2.34E-14 2.37E-14
 2.84E-15 4.92E-15 6.57E-15 7.44E-15 7.64E-15 7.62E-15 7.47E-15 7.36E-15
 7.27E-15 7.19E-15 7.14E-15 7.08E-15 7.01E-15 6.96E-15 6.91E-15 6.85E-15
 6.81E-15 6.76E-15 6.70E-15 6.66E-15 6.63E-15 6.59E-15 6.58E-15 6.57E-15
 9.46E-16 1.64E-15 2.19E-15 2.48E-15 2.54E-15 2.54E-15 2.49E-15 2.45E-15
 2.42E-15 2.39E-15 2.37E-15 2.35E-15 2.32E-15 2.31E-15 2.29E-15 2.27E-15
 2.25E-15 2.23E-15 2.21E-15 2.19E-15 2.17E-15 2.16E-15 2.15E-15 2.13E-15
 2.84E-16 4.92E-16 6.56E-16 7.44E-16 7.63E-16 7.61E-16 7.45E-16 7.34E-16
 7.25E-16 7.16E-16 7.11E-16 7.04E-16 6.96E-16 6.90E-16 6.85E-16 6.78E-16
 6.73E-16 6.67E-16 6.59E-16 6.53E-16 6.48E-16 6.42E-16 6.39E-16 6.34E-16
 9.46E-17 1.64E-16 2.19E-16 2.48E-16 2.54E-16 2.54E-16 2.48E-16 2.45E-16
 2.41E-16 2.39E-16 2.37E-16 2.35E-16 2.32E-16 2.30E-16 2.28E-16 2.26E-16
 2.24E-16 2.22E-16 2.19E-16 2.17E-16 2.16E-16 2.14E-16 2.12E-16 2.11E-16
 2.84E-17 4.92E-17 6.56E-17 7.44E-17 7.63E-17 7.61E-17 7.45E-17 7.34E-17
 7.24E-17 7.16E-17 7.10E-17 7.03E-17 6.95E-17 6.90E-17 6.84E-17 6.77E-17
 6.73E-17 6.66E-17 6.57E-17 6.52E-17 6.47E-17 6.41E-17 6.37E-17 6.32E-17
 9.46E-18 1.64E-17 2.19E-17 2.48E-17 2.54E-17 2.54E-17 2.48E-17 2.45E-17
 2.41E-17 2.38E-17 2.37E-17 2.34E-17 2.32E-17 2.30E-17 2.28E-17 2.26E-17
 2.24E-17 2.22E-17 2.19E-17 2.17E-17 2.15E-17 2.14E-17 2.12E-17 2.11E-17
 2.84E-18 4.92E-18 6.56E-18 7.44E-18 7.63E-18 7.61E-18 7.45E-18 7.34E-18
 7.24E-18 7.15E-18 7.10E-18 7.03E-18 6.95E-18 6.90E-18 6.84E-18 6.77E-18
 6.72E-18 6.66E-18 6.57E-18 6.52E-18 6.46E-18 6.41E-18 6.37E-18 6.32E-18
    53.9 A  24  24 /FILMEM = sm#mo38 /TYPE = EXCIT    /INDM = T/ISEL =    5
 1.37E+12 1.37E+13 1.37E+14 1.37E+15 1.37E+16 1.37E+17 4.12E+17 1.37E+18
 4.12E+18 1.37E+19 4.12E+19 1.37E+20 4.12E+20 1.37E+21 4.12E+21 1.37E+22
 4.12E+22 1.37E+23 4.12E+23 1.37E+24 4.12E+24 1.37E+25 4.12E+25 1.37E+26
 6.55E+01 9.17E+01 1.31E+02 1.97E+02 2.62E+02 3.93E+02 6.55E+02 9.17E+02
 1.31E+03 1.97E+03 2.62E+03 3.93E+03 6.55E+03 9.17E+03 1.31E+04 1.97E+04
 2.62E+04 3.93E+04 6.55E+04 9.17E+04 1.31E+05 1.97E+05 2.62E+05 3.93E+05
 2.06E-13 5.66E-13 1.07E-12 1.55E-12 1.75E-12 1.84E-12 1.70E-12 1.52E-12
 1.30E-12 1.05E-12 8.80E-13 6.56E-13 4.24E-13 3.07E-13 2.12E-13 1.34E-13
 9.59E-14 5.86E-14 3.09E-14 2.03E-14 1.31E-14 8.16E-15 5.95E-15 3.94E-15
 2.06E-13 5.66E-13 1.07E-12 1.55E-12 1.75E-12 1.84E-12 1.70E-12 1.52E-12
 1.30E-12 1.05E-12 8.80E-13 6.56E-13 4.24E-13 3.07E-13 2.12E-13 1.34E-13
 9.59E-14 5.86E-14 3.09E-14 2.03E-14 1.31E-14 8.16E-15 5.96E-15 3.94E-15
 2.06E-13 5.66E-13 1.07E-12 1.55E-12 1.75E-12 1.84E-12 1.70E-12 1.52E-12
 1.30E-12 1.05E-12 8.80E-13 6.56E-13 4.24E-13 3.07E-13 2.12E-13 1.34E-13
 9.59E-14 5.86E-14 3.10E-14 2.03E-14 1.31E-14 8.16E-15 5.96E-15 3.94E-15
 2.06E-13 5.67E-13 1.07E-12 1.55E-12 1.75E-12 1.84E-12 1.70E-12 1.52E-12
 1.31E-12 1.05E-12 8.81E-13 6.57E-13 4.25E-13 3.07E-13 2.12E-13 1.35E-13
 9.62E-14 5.88E-14 3.11E-14 2.04E-14 1.31E-14 8.20E-15 5.99E-15 3.96E-15
 2.09E-13 5.75E-13 1.08E-12 1.57E-12 1.78E-12 1.86E-12 1.72E-12 1.54E-12
 1.32E-12 1.07E-12 8.92E-13 6.66E-13 4.31E-13 3.13E-13 2.16E-13 1.38E-13
 9.87E-14 6.06E-14 3.22E-14 2.12E-14 1.37E-14 8.61E-15 6.30E-15 4.17E-15
 2.38E-13 6.53E-13 1.23E-12 1.79E-12 2.02E-12 2.11E-12 1.94E-12 1.73E-12
 1.48E-12 1.20E-12 1.00E-12 7.52E-13 4.96E-13 3.65E-13 2.58E-13 1.69E-13
 1.24E-13 7.86E-14 4.37E-14 2.96E-14 1.97E-14 1.27E-14 9.37E-15 6.26E-15
 2.99E-13 8.13E-13 1.53E-12 2.23E-12 2.52E-12 2.62E-12 2.39E-12 2.13E-12
 1.82E-12 1.47E-12 1.23E-12 9.39E-13 6.34E-13 4.78E-13 3.48E-13 2.37E-13
 1.78E-13 1.18E-13 6.89E-14 4.80E-14 3.28E-14 2.16E-14 1.61E-14 1.09E-14
 4.69E-13 1.26E-12 2.37E-12 3.45E-12 3.90E-12 4.06E-12 3.70E-12 3.30E-12
 2.83E-12 2.30E-12 1.96E-12 1.52E-12 1.08E-12 8.44E-13 6.42E-13 4.60E-13
 3.59E-13 2.49E-13 1.53E-13 1.10E-13 7.73E-14 5.19E-14 3.93E-14 2.67E-14
 7.54E-13 1.98E-12 3.69E-12 5.41E-12 6.16E-12 6.50E-12 6.06E-12 5.48E-12
 4.79E-12 4.00E-12 3.46E-12 2.78E-12 2.07E-12 1.68E-12 1.33E-12 9.92E-13
 7.97E-13 5.73E-13 3.68E-13 2.70E-13 1.94E-13 1.32E-13 1.01E-13 6.94E-14
 1.06E-12 2.71E-12 5.00E-12 7.36E-12 8.48E-12 9.18E-12 8.90E-12 8.31E-12
 7.51E-12 6.53E-12 5.85E-12 4.92E-12 3.88E-12 3.28E-12 2.70E-12 2.13E-12
 1.76E-12 1.33E-12 8.99E-13 6.83E-13 5.05E-13 3.56E-13 2.78E-13 1.95E-13
 1.10E-12 2.79E-12 5.14E-12 7.60E-12 8.84E-12 9.76E-12 9.79E-12 9.37E-12
 8.73E-12 7.88E-12 7.24E-12 6.35E-12 5.27E-12 4.61E-12 3.95E-12 3.25E-12
 2.79E-12 2.21E-12 1.59E-12 1.26E-12 9.73E-13 7.20E-13 5.80E-13 4.25E-13
 8.16E-13 2.11E-12 3.91E-12 5.83E-12 6.84E-12 7.69E-12 7.99E-12 7.86E-12
 7.55E-12 7.06E-12 6.66E-12 6.06E-12 5.29E-12 4.78E-12 4.24E-12 3.65E-12
 3.23E-12 2.69E-12 2.08E-12 1.72E-12 1.40E-12 1.10E-12 9.21E-13 7.16E-13
 4.47E-13 1.18E-12 2.20E-12 3.29E-12 3.87E-12 4.42E-12 4.73E-12 4.78E-12
 4.74E-12 4.61E-12 4.47E-12 4.22E-12 3.86E-12 3.60E-12 3.31E-12 2.96E-12
 2.71E-12 2.36E-12 1.93E-12 1.67E-12 1.42E-12 1.17E-12 1.02E-12 8.31E-13
 1.72E-13 4.63E-13 8.64E-13 1.28E-12 1.51E-12 1.72E-12 1.88E-12 1.93E-12
 1.96E-12 1.96E-12 1.95E-12 1.92E-12 1.84E-12 1.77E-12 1.69E-12 1.59E-12
 1.51E-12 1.39E-12 1.23E-12 1.12E-12 1.01E-12 8.89E-13 8.07E-13 6.99E-13
 6.25E-14 1.69E-13 3.15E-13 4.65E-13 5.45E-13 6.21E-13 6.77E-13 6.99E-13
 7.13E-13 7.22E-13 7.23E-13 7.19E-13 7.04E-13 6.90E-13 6.71E-13 6.48E-13
 6.29E-13 6.01E-13 5.63E-13 5.37E-13 5.07E-13 4.74E-13 4.49E-13 4.15E-13
 1.93E-14 5.24E-14 9.77E-14 1.44E-13 1.68E-13 1.92E-13 2.08E-13 2.15E-13
 2.19E-13 2.22E-13 2.23E-13 2.22E-13 2.18E-13 2.14E-13 2.10E-13 2.04E-13
 1.99E-13 1.93E-13 1.85E-13 1.79E-13 1.74E-13 1.68E-13 1.64E-13 1.59E-13
 6.51E-15 1.76E-14 3.29E-14 4.84E-14 5.66E-14 6.43E-14 6.99E-14 7.20E-14
 7.35E-14 7.44E-14 7.46E-14 7.43E-14 7.31E-14 7.18E-14 7.02E-14 6.82E-14
 6.67E-14 6.47E-14 6.21E-14 6.05E-14 5.89E-14 5.73E-14 5.63E-14 5.50E-14
 1.96E-15 5.31E-15 9.90E-15 1.46E-14 1.70E-14 1.93E-14 2.10E-14 2.17E-14
 2.21E-14 2.24E-14 2.24E-14 2.23E-14 2.19E-14 2.15E-14 2.11E-14 2.05E-14
 2.00E-14 1.94E-14 1.86E-14 1.81E-14 1.77E-14 1.72E-14 1.69E-14 1.65E-14
 6.53E-16 1.77E-15 3.30E-15 4.86E-15 5.68E-15 6.45E-15 7.01E-15 7.22E-15
 7.37E-15 7.46E-15 7.48E-15 7.45E-15 7.31E-15 7.18E-15 7.02E-15 6.82E-15
 6.67E-15 6.46E-15 6.20E-15 6.04E-15 5.88E-15 5.72E-15 5.62E-15 5.50E-15
 1.96E-16 5.32E-16 9.91E-16 1.46E-15 1.70E-15 1.94E-15 2.10E-15 2.17E-15
 2.21E-15 2.24E-15 2.24E-15 2.23E-15 2.19E-15 2.16E-15 2.11E-15 2.05E-15
 2.00E-15 1.94E-15 1.86E-15 1.81E-15 1.76E-15 1.72E-15 1.69E-15 1.65E-15
 6.54E-17 1.77E-16 3.31E-16 4.86E-16 5.68E-16 6.46E-16 7.01E-16 7.23E-16
 7.37E-16 7.46E-16 7.48E-16 7.45E-16 7.31E-16 7.18E-16 7.02E-16 6.82E-16
 6.67E-16 6.46E-16 6.20E-16 6.04E-16 5.88E-16 5.72E-16 5.62E-16 5.50E-16
 1.96E-17 5.32E-17 9.92E-17 1.46E-16 1.70E-16 1.94E-16 2.10E-16 2.17E-16
 2.21E-16 2.24E-16 2.24E-16 2.23E-16 2.19E-16 2.16E-16 2.11E-16 2.05E-16
 2.00E-16 1.94E-16 1.86E-16 1.81E-16 1.76E-16 1.71E-16 1.69E-16 1.65E-16
 6.54E-18 1.77E-17 3.31E-17 4.86E-17 5.68E-17 6.46E-17 7.01E-17 7.23E-17
 7.37E-17 7.46E-17 7.48E-17 7.45E-17 7.31E-17 7.18E-17 7.02E-17 6.82E-17
 6.67E-17 6.46E-17 6.20E-17 6.04E-17 5.88E-17 5.72E-17 5.62E-17 5.50E-17
 1.96E-18 5.32E-18 9.92E-18 1.46E-17 1.70E-17 1.94E-17 2.10E-17 2.17E-17
 2.21E-17 2.24E-17 2.24E-17 2.23E-17 2.19E-17 2.16E-17 2.11E-17 2.05E-17
 2.00E-17 1.94E-17 1.86E-17 1.81E-17 1.76E-17 1.71E-17 1.69E-17 1.65E-17
    51.1 A  24  24 /FILMEM = sm#mo38 /TYPE = EXCIT    /INDM = T/ISEL =    6
 1.37E+12 1.37E+13 1.37E+14 1.37E+15 1.37E+16 1.37E+17 4.12E+17 1.37E+18
 4.12E+18 1.37E+19 4.12E+19 1.37E+20 4.12E+20 1.37E+21 4.12E+21 1.37E+22
 4.12E+22 1.37E+23 4.12E+23 1.37E+24 4.12E+24 1.37E+25 4.12E+25 1.37E+26
 6.55E+01 9.17E+01 1.31E+02 1.97E+02 2.62E+02 3.93E+02 6.55E+02 9.17E+02
 1.31E+03 1.97E+03 2.62E+03 3.93E+03 6.55E+03 9.17E+03 1.31E+04 1.97E+04
 2.62E+04 3.93E+04 6.55E+04 9.17E+04 1.31E+05 1.97E+05 2.62E+05 3.93E+05
 2.24E-13 6.23E-13 1.19E-12 1.76E-12 2.03E-12 2.17E-12 2.04E-12 1.85E-12
 1.60E-12 1.30E-12 1.09E-12 8.32E-13 5.66E-13 4.31E-13 3.20E-13 2.28E-13
 1.80E-13 1.31E-13 8.93E-14 7.06E-14 5.58E-14 4.36E-14 3.69E-14 2.95E-14
 2.24E-13 6.23E-13 1.19E-12 1.76E-12 2.03E-12 2.17E-12 2.05E-12 1.85E-12
 1.60E-12 1.30E-12 1.09E-12 8.32E-13 5.66E-13 4.31E-13 3.20E-13 2.28E-13
 1.80E-13 1.31E-13 8.93E-14 7.06E-14 5.58E-14 4.36E-14 3.69E-14 2.95E-14
 2.24E-13 6.24E-13 1.19E-12 1.76E-12 2.03E-12 2.17E-12 2.05E-12 1.85E-12
 1.60E-12 1.30E-12 1.10E-12 8.33E-13 5.66E-13 4.31E-13 3.20E-13 2.28E-13
 1.80E-13 1.31E-13 8.94E-14 7.06E-14 5.59E-14 4.36E-14 3.69E-14 2.96E-14
 2.25E-13 6.26E-13 1.19E-12 1.77E-12 2.04E-12 2.18E-12 2.05E-12 1.86E-12
 1.61E-12 1.31E-12 1.10E-12 8.35E-13 5.68E-13 4.33E-13 3.22E-13 2.29E-13
 1.81E-13 1.31E-13 8.98E-14 7.09E-14 5.61E-14 4.37E-14 3.70E-14 2.96E-14
 2.33E-13 6.51E-13 1.24E-12 1.84E-12 2.12E-12 2.26E-12 2.12E-12 1.92E-12
 1.66E-12 1.35E-12 1.13E-12 8.63E-13 5.88E-13 4.49E-13 3.35E-13 2.39E-13
 1.89E-13 1.37E-13 9.35E-14 7.37E-14 5.80E-14 4.51E-14 3.81E-14 3.03E-14
 3.18E-13 8.87E-13 1.70E-12 2.53E-12 2.90E-12 3.06E-12 2.83E-12 2.53E-12
 2.17E-12 1.76E-12 1.48E-12 1.14E-12 7.88E-13 6.12E-13 4.65E-13 3.37E-13
 2.68E-13 1.95E-13 1.31E-13 1.01E-13 7.78E-14 5.87E-14 4.85E-14 3.75E-14
 4.93E-13 1.37E-12 2.64E-12 3.94E-12 4.50E-12 4.71E-12 4.29E-12 3.81E-12
 3.25E-12 2.63E-12 2.22E-12 1.72E-12 1.22E-12 9.65E-13 7.47E-13 5.51E-13
 4.41E-13 3.21E-13 2.13E-13 1.62E-13 1.21E-13 8.86E-14 7.14E-14 5.32E-14
 9.87E-13 2.72E-12 5.24E-12 7.83E-12 8.96E-12 9.40E-12 8.57E-12 7.61E-12
 6.50E-12 5.29E-12 4.52E-12 3.56E-12 2.60E-12 2.10E-12 1.66E-12 1.25E-12
 1.01E-12 7.40E-13 4.87E-13 3.66E-13 2.69E-13 1.91E-13 1.50E-13 1.07E-13
 1.82E-12 4.92E-12 9.40E-12 1.41E-11 1.63E-11 1.74E-11 1.62E-11 1.47E-11
 1.28E-11 1.07E-11 9.29E-12 7.52E-12 5.68E-12 4.70E-12 3.80E-12 2.93E-12
 2.40E-12 1.78E-12 1.19E-12 8.92E-13 6.56E-13 4.61E-13 3.59E-13 2.53E-13
 2.72E-12 7.20E-12 1.36E-11 2.05E-11 2.40E-11 2.63E-11 2.57E-11 2.40E-11
 2.17E-11 1.89E-11 1.69E-11 1.43E-11 1.14E-11 9.71E-12 8.13E-12 6.50E-12
 5.47E-12 4.20E-12 2.92E-12 2.25E-12 1.69E-12 1.21E-12 9.57E-13 6.82E-13
 2.88E-12 7.63E-12 1.44E-11 2.18E-11 2.58E-11 2.87E-11 2.90E-11 2.78E-11
 2.59E-11 2.34E-11 2.15E-11 1.89E-11 1.58E-11 1.40E-11 1.21E-11 1.01E-11
 8.76E-12 7.05E-12 5.19E-12 4.17E-12 3.26E-12 2.44E-12 1.98E-12 1.47E-12
 2.19E-12 5.93E-12 1.13E-11 1.73E-11 2.05E-11 2.33E-11 2.43E-11 2.39E-11
 2.29E-11 2.14E-11 2.02E-11 1.84E-11 1.62E-11 1.47E-11 1.32E-11 1.15E-11
 1.03E-11 8.70E-12 6.84E-12 5.75E-12 4.72E-12 3.75E-12 3.17E-12 2.48E-12
 1.23E-12 3.41E-12 6.60E-12 1.01E-11 1.20E-11 1.38E-11 1.49E-11 1.50E-11
 1.48E-11 1.44E-11 1.39E-11 1.32E-11 1.21E-11 1.14E-11 1.06E-11 9.59E-12
 8.86E-12 7.82E-12 6.52E-12 5.70E-12 4.89E-12 4.07E-12 3.56E-12 2.92E-12
 4.82E-13 1.37E-12 2.65E-12 4.05E-12 4.82E-12 5.58E-12 6.11E-12 6.29E-12
 6.37E-12 6.38E-12 6.34E-12 6.22E-12 6.02E-12 5.85E-12 5.65E-12 5.38E-12
 5.16E-12 4.82E-12 4.34E-12 3.99E-12 3.62E-12 3.21E-12 2.93E-12 2.55E-12
 1.76E-13 5.03E-13 9.78E-13 1.49E-12 1.77E-12 2.05E-12 2.25E-12 2.33E-12
 2.38E-12 2.41E-12 2.42E-12 2.42E-12 2.40E-12 2.38E-12 2.34E-12 2.30E-12
 2.26E-12 2.19E-12 2.09E-12 2.01E-12 1.92E-12 1.80E-12 1.72E-12 1.59E-12
 5.48E-14 1.57E-13 3.05E-13 4.64E-13 5.51E-13 6.37E-13 7.01E-13 7.26E-13
 7.43E-13 7.55E-13 7.60E-13 7.64E-13 7.63E-13 7.60E-13 7.56E-13 7.50E-13
 7.45E-13 7.36E-13 7.22E-13 7.11E-13 6.99E-13 6.83E-13 6.71E-13 6.52E-13
 1.84E-14 5.29E-14 1.03E-13 1.56E-13 1.85E-13 2.14E-13 2.36E-13 2.44E-13
 2.50E-13 2.55E-13 2.56E-13 2.58E-13 2.58E-13 2.58E-13 2.57E-13 2.55E-13
 2.54E-13 2.52E-13 2.49E-13 2.47E-13 2.45E-13 2.42E-13 2.40E-13 2.37E-13
 5.55E-15 1.59E-14 3.09E-14 4.70E-14 5.58E-14 6.45E-14 7.10E-14 7.36E-14
 7.54E-14 7.67E-14 7.72E-14 7.77E-14 7.78E-14 7.77E-14 7.74E-14 7.71E-14
 7.68E-14 7.63E-14 7.56E-14 7.51E-14 7.46E-14 7.41E-14 7.37E-14 7.32E-14
 1.85E-15 5.31E-15 1.03E-14 1.57E-14 1.86E-14 2.15E-14 2.37E-14 2.45E-14
 2.52E-14 2.56E-14 2.58E-14 2.59E-14 2.60E-14 2.59E-14 2.59E-14 2.57E-14
 2.56E-14 2.55E-14 2.53E-14 2.51E-14 2.50E-14 2.48E-14 2.47E-14 2.46E-14
 5.56E-16 1.59E-15 3.10E-15 4.71E-15 5.59E-15 6.46E-15 7.11E-15 7.37E-15
 7.55E-15 7.68E-15 7.74E-15 7.78E-15 7.79E-15 7.78E-15 7.76E-15 7.73E-15
 7.70E-15 7.65E-15 7.59E-15 7.55E-15 7.51E-15 7.46E-15 7.43E-15 7.39E-15
 1.85E-16 5.31E-16 1.03E-15 1.57E-15 1.86E-15 2.15E-15 2.37E-15 2.46E-15
 2.52E-15 2.56E-15 2.58E-15 2.59E-15 2.60E-15 2.59E-15 2.59E-15 2.58E-15
 2.57E-15 2.55E-15 2.53E-15 2.52E-15 2.50E-15 2.49E-15 2.48E-15 2.46E-15
 5.56E-17 1.59E-16 3.10E-16 4.71E-16 5.59E-16 6.46E-16 7.11E-16 7.37E-16
 7.55E-16 7.68E-16 7.74E-16 7.78E-16 7.79E-16 7.78E-16 7.76E-16 7.73E-16
 7.70E-16 7.66E-16 7.59E-16 7.55E-16 7.51E-16 7.46E-16 7.43E-16 7.40E-16
 1.85E-17 5.31E-17 1.03E-16 1.57E-16 1.86E-16 2.15E-16 2.37E-16 2.46E-16
 2.52E-16 2.56E-16 2.58E-16 2.59E-16 2.60E-16 2.59E-16 2.59E-16 2.58E-16
 2.57E-16 2.55E-16 2.53E-16 2.52E-16 2.50E-16 2.49E-16 2.48E-16 2.47E-16
 5.56E-18 1.59E-17 3.10E-17 4.71E-17 5.59E-17 6.46E-17 7.11E-17 7.37E-17
 7.55E-17 7.68E-17 7.74E-17 7.78E-17 7.79E-17 7.78E-17 7.76E-17 7.73E-17
 7.70E-17 7.66E-17 7.60E-17 7.55E-17 7.51E-17 7.46E-17 7.43E-17 7.40E-17
    34.4 A  24  24 /FILMEM = sm#mo38 /TYPE = EXCIT    /INDM = T/ISEL =    7
 1.37E+12 1.37E+13 1.37E+14 1.37E+15 1.37E+16 1.37E+17 4.12E+17 1.37E+18
 4.12E+18 1.37E+19 4.12E+19 1.37E+20 4.12E+20 1.37E+21 4.12E+21 1.37E+22
 4.12E+22 1.37E+23 4.12E+23 1.37E+24 4.12E+24 1.37E+25 4.12E+25 1.37E+26
 6.55E+01 9.17E+01 1.31E+02 1.97E+02 2.62E+02 3.93E+02 6.55E+02 9.17E+02
 1.31E+03 1.97E+03 2.62E+03 3.93E+03 6.55E+03 9.17E+03 1.31E+04 1.97E+04
 2.62E+04 3.93E+04 6.55E+04 9.17E+04 1.31E+05 1.97E+05 2.62E+05 3.93E+05
 1.64E-15 7.58E-15 2.10E-14 4.14E-14 5.47E-14 6.68E-14 6.92E-14 6.46E-14
 5.67E-14 4.64E-14 3.89E-14 2.93E-14 1.93E-14 1.42E-14 1.01E-14 6.77E-15
 5.08E-15 3.39E-15 2.07E-15 1.52E-15 1.12E-15 8.17E-16 6.65E-16 5.09E-16
 1.64E-15 7.58E-15 2.10E-14 4.14E-14 5.47E-14 6.68E-14 6.92E-14 6.46E-14
 5.67E-14 4.64E-14 3.89E-14 2.93E-14 1.93E-14 1.42E-14 1.01E-14 6.77E-15
 5.08E-15 3.39E-15 2.07E-15 1.52E-15 1.12E-15 8.17E-16 6.65E-16 5.09E-16
 1.64E-15 7.58E-15 2.10E-14 4.14E-14 5.47E-14 6.68E-14 6.92E-14 6.46E-14
 5.68E-14 4.64E-14 3.89E-14 2.93E-14 1.93E-14 1.42E-14 1.01E-14 6.77E-15
 5.08E-15 3.39E-15 2.07E-15 1.52E-15 1.12E-15 8.17E-16 6.65E-16 5.09E-16
 1.64E-15 7.59E-15 2.11E-14 4.15E-14 5.47E-14 6.68E-14 6.92E-14 6.46E-14
 5.68E-14 4.64E-14 3.90E-14 2.93E-14 1.93E-14 1.42E-14 1.01E-14 6.77E-15
 5.08E-15 3.40E-15 2.08E-15 1.53E-15 1.12E-15 8.18E-16 6.66E-16 5.09E-16
 1.67E-15 7.68E-15 2.13E-14 4.19E-14 5.52E-14 6.73E-14 6.97E-14 6.51E-14
 5.71E-14 4.67E-14 3.92E-14 2.95E-14 1.94E-14 1.43E-14 1.02E-14 6.84E-15
 5.14E-15 3.44E-15 2.10E-15 1.54E-15 1.14E-15 8.27E-16 6.73E-16 5.14E-16
 1.90E-15 8.61E-15 2.35E-14 4.58E-14 5.99E-14 7.24E-14 7.43E-14 6.91E-14
 6.05E-14 4.94E-14 4.16E-14 3.13E-14 2.08E-14 1.55E-14 1.11E-14 7.52E-15
 5.68E-15 3.83E-15 2.35E-15 1.73E-15 1.27E-15 9.18E-16 7.42E-16 5.61E-16
 2.38E-15 1.05E-14 2.82E-14 5.37E-14 6.95E-14 8.29E-14 8.40E-14 7.76E-14
 6.78E-14 5.53E-14 4.66E-14 3.53E-14 2.38E-14 1.79E-14 1.30E-14 8.99E-15
 6.87E-15 4.69E-15 2.91E-15 2.14E-15 1.56E-15 1.12E-15 8.94E-16 6.64E-16
 3.77E-15 1.59E-14 4.12E-14 7.63E-14 9.70E-14 1.13E-13 1.13E-13 1.03E-13
 9.00E-14 7.36E-14 6.23E-14 4.80E-14 3.33E-14 2.58E-14 1.94E-14 1.39E-14
 1.08E-14 7.58E-15 4.79E-15 3.52E-15 2.56E-15 1.80E-15 1.42E-15 1.02E-15
 6.25E-15 2.54E-14 6.36E-14 1.15E-13 1.46E-13 1.69E-13 1.67E-13 1.54E-13
 1.35E-13 1.12E-13 9.64E-14 7.62E-14 5.53E-14 4.43E-14 3.46E-14 2.57E-14
 2.06E-14 1.49E-14 9.62E-15 7.15E-15 5.19E-15 3.63E-15 2.82E-15 1.99E-15
 9.64E-15 3.81E-14 9.42E-14 1.70E-13 2.15E-13 2.51E-13 2.52E-13 2.36E-13
 2.11E-13 1.80E-13 1.59E-13 1.30E-13 1.00E-13 8.36E-14 6.82E-14 5.30E-14
 4.38E-14 3.29E-14 2.23E-14 1.69E-14 1.26E-14 8.90E-15 6.97E-15 4.93E-15
 1.23E-14 4.93E-14 1.23E-13 2.24E-13 2.84E-13 3.33E-13 3.39E-13 3.20E-13
 2.90E-13 2.52E-13 2.25E-13 1.90E-13 1.52E-13 1.31E-13 1.10E-13 8.92E-14
 7.58E-14 5.93E-14 4.22E-14 3.31E-14 2.53E-14 1.86E-14 1.49E-14 1.08E-14
 1.34E-14 5.64E-14 1.46E-13 2.72E-13 3.49E-13 4.15E-13 4.31E-13 4.12E-13
 3.79E-13 3.34E-13 3.02E-13 2.60E-13 2.14E-13 1.88E-13 1.62E-13 1.35E-13
 1.18E-13 9.48E-14 7.04E-14 5.69E-14 4.49E-14 3.42E-14 2.80E-14 2.12E-14
 1.03E-14 4.57E-14 1.23E-13 2.38E-13 3.12E-13 3.86E-13 4.21E-13 4.16E-13
 3.97E-13 3.64E-13 3.38E-13 3.01E-13 2.57E-13 2.32E-13 2.05E-13 1.76E-13
 1.56E-13 1.30E-13 1.00E-13 8.32E-14 6.73E-14 5.26E-14 4.39E-14 3.39E-14
 4.86E-15 2.26E-14 6.32E-14 1.26E-13 1.70E-13 2.20E-13 2.57E-13 2.67E-13
 2.68E-13 2.61E-13 2.53E-13 2.39E-13 2.19E-13 2.06E-13 1.91E-13 1.73E-13
 1.60E-13 1.41E-13 1.17E-13 1.02E-13 8.63E-14 7.09E-14 6.12E-14 4.93E-14
 1.90E-15 9.03E-15 2.56E-14 5.19E-14 7.10E-14 9.39E-14 1.14E-13 1.22E-13
 1.26E-13 1.28E-13 1.28E-13 1.27E-13 1.23E-13 1.20E-13 1.16E-13 1.10E-13
 1.06E-13 9.88E-14 8.90E-14 8.19E-14 7.42E-14 6.55E-14 5.95E-14 5.13E-14
 6.07E-16 2.90E-15 8.27E-15 1.69E-14 2.32E-14 3.10E-14 3.82E-14 4.14E-14
 4.37E-14 4.54E-14 4.61E-14 4.66E-14 4.66E-14 4.64E-14 4.59E-14 4.52E-14
 4.46E-14 4.35E-14 4.17E-14 4.03E-14 3.86E-14 3.65E-14 3.49E-14 3.25E-14
 2.06E-16 9.86E-16 2.82E-15 5.77E-15 7.95E-15 1.07E-14 1.32E-14 1.43E-14
 1.52E-14 1.59E-14 1.62E-14 1.65E-14 1.67E-14 1.68E-14 1.68E-14 1.67E-14
 1.66E-14 1.65E-14 1.62E-14 1.60E-14 1.58E-14 1.54E-14 1.51E-14 1.47E-14
 6.22E-17 2.98E-16 8.51E-16 1.75E-15 2.41E-15 3.23E-15 4.00E-15 4.36E-15
 4.64E-15 4.86E-15 4.97E-15 5.08E-15 5.15E-15 5.18E-15 5.20E-15 5.21E-15
 5.20E-15 5.19E-15 5.17E-15 5.14E-15 5.11E-15 5.07E-15 5.03E-15 4.98E-15
 2.08E-17 9.95E-17 2.84E-16 5.83E-16 8.04E-16 1.08E-15 1.34E-15 1.46E-15
 1.55E-15 1.63E-15 1.67E-15 1.70E-15 1.73E-15 1.74E-15 1.75E-15 1.75E-15
 1.76E-15 1.76E-15 1.75E-15 1.75E-15 1.74E-15 1.74E-15 1.73E-15 1.72E-15
 6.23E-18 2.99E-17 8.54E-17 1.75E-16 2.41E-16 3.24E-16 4.02E-16 4.38E-16
 4.67E-16 4.90E-16 5.01E-16 5.12E-16 5.21E-16 5.24E-16 5.27E-16 5.28E-16
 5.29E-16 5.29E-16 5.29E-16 5.28E-16 5.27E-16 5.26E-16 5.25E-16 5.23E-16
 2.08E-18 9.96E-18 2.85E-17 5.84E-17 8.05E-17 1.08E-16 1.34E-16 1.46E-16
 1.56E-16 1.63E-16 1.67E-16 1.71E-16 1.74E-16 1.75E-16 1.76E-16 1.76E-16
 1.77E-16 1.77E-16 1.77E-16 1.76E-16 1.76E-16 1.76E-16 1.75E-16 1.75E-16
 6.23E-19 2.99E-18 8.54E-18 1.75E-17 2.42E-17 3.24E-17 4.02E-17 4.39E-17
 4.67E-17 4.90E-17 5.01E-17 5.13E-17 5.21E-17 5.25E-17 5.28E-17 5.29E-17
 5.30E-17 5.30E-17 5.30E-17 5.29E-17 5.29E-17 5.28E-17 5.27E-17 5.26E-17
 2.08E-19 9.96E-19 2.85E-18 5.84E-18 8.05E-18 1.08E-17 1.34E-17 1.46E-17
 1.56E-17 1.63E-17 1.67E-17 1.71E-17 1.74E-17 1.75E-17 1.76E-17 1.76E-17
 1.77E-17 1.77E-17 1.77E-17 1.77E-17 1.76E-17 1.76E-17 1.76E-17 1.75E-17
 6.23E-20 2.99E-19 8.54E-19 1.75E-18 2.42E-18 3.24E-18 4.02E-18 4.39E-18
 4.67E-18 4.90E-18 5.01E-18 5.13E-18 5.22E-18 5.25E-18 5.28E-18 5.29E-18
 5.30E-18 5.30E-18 5.30E-18 5.30E-18 5.29E-18 5.28E-18 5.27E-18 5.26E-18
   101.3 A  24  24 /FILMEM = sm#mo38 /TYPE = EXCIT    /INDM = T/ISEL =    8
 1.37E+12 1.37E+13 1.37E+14 1.37E+15 1.37E+16 1.37E+17 4.12E+17 1.37E+18
 4.12E+18 1.37E+19 4.12E+19 1.37E+20 4.12E+20 1.37E+21 4.12E+21 1.37E+22
 4.12E+22 1.37E+23 4.12E+23 1.37E+24 4.12E+24 1.37E+25 4.12E+25 1.37E+26
 6.55E+01 9.17E+01 1.31E+02 1.97E+02 2.62E+02 3.93E+02 6.55E+02 9.17E+02
 1.31E+03 1.97E+03 2.62E+03 3.93E+03 6.55E+03 9.17E+03 1.31E+04 1.97E+04
 2.62E+04 3.93E+04 6.55E+04 9.17E+04 1.31E+05 1.97E+05 2.62E+05 3.93E+05
 5.93E-14 1.63E-13 3.07E-13 4.46E-13 5.04E-13 5.28E-13 4.88E-13 4.38E-13
 3.75E-13 3.03E-13 2.53E-13 1.89E-13 1.22E-13 8.83E-14 6.09E-14 3.87E-14
 2.76E-14 1.69E-14 8.90E-15 5.83E-15 3.76E-15 2.35E-15 1.71E-15 1.13E-15
 5.93E-14 1.63E-13 3.07E-13 4.46E-13 5.04E-13 5.28E-13 4.88E-13 4.38E-13
 3.75E-13 3.03E-13 2.53E-13 1.89E-13 1.22E-13 8.83E-14 6.09E-14 3.87E-14
 2.76E-14 1.69E-14 8.90E-15 5.83E-15 3.76E-15 2.35E-15 1.71E-15 1.13E-15
 5.93E-14 1.63E-13 3.07E-13 4.46E-13 5.04E-13 5.28E-13 4.88E-13 4.38E-13
 3.75E-13 3.03E-13 2.53E-13 1.89E-13 1.22E-13 8.83E-14 6.09E-14 3.87E-14
 2.76E-14 1.69E-14 8.91E-15 5.84E-15 3.77E-15 2.35E-15 1.71E-15 1.13E-15
 5.94E-14 1.63E-13 3.07E-13 4.46E-13 5.05E-13 5.29E-13 4.89E-13 4.38E-13
 3.76E-13 3.03E-13 2.54E-13 1.89E-13 1.22E-13 8.85E-14 6.10E-14 3.88E-14
 2.77E-14 1.69E-14 8.94E-15 5.86E-15 3.78E-15 2.36E-15 1.72E-15 1.14E-15
 6.02E-14 1.65E-13 3.12E-13 4.53E-13 5.12E-13 5.36E-13 4.95E-13 4.44E-13
 3.81E-13 3.07E-13 2.57E-13 1.92E-13 1.24E-13 9.00E-14 6.22E-14 3.97E-14
 2.84E-14 1.74E-14 9.27E-15 6.10E-15 3.96E-15 2.48E-15 1.81E-15 1.20E-15
 6.86E-14 1.88E-13 3.54E-13 5.15E-13 5.82E-13 6.07E-13 5.58E-13 4.98E-13
 4.26E-13 3.44E-13 2.88E-13 2.17E-13 1.43E-13 1.05E-13 7.42E-14 4.87E-14
 3.56E-14 2.26E-14 1.26E-14 8.52E-15 5.67E-15 3.64E-15 2.70E-15 1.80E-15
 8.59E-14 2.34E-13 4.41E-13 6.42E-13 7.25E-13 7.54E-13 6.87E-13 6.12E-13
 5.23E-13 4.22E-13 3.55E-13 2.70E-13 1.82E-13 1.38E-13 1.00E-13 6.83E-14
 5.14E-14 3.40E-14 1.98E-14 1.38E-14 9.45E-15 6.20E-15 4.65E-15 3.13E-15
 1.35E-13 3.62E-13 6.81E-13 9.93E-13 1.12E-12 1.17E-12 1.07E-12 9.49E-13
 8.14E-13 6.63E-13 5.64E-13 4.39E-13 3.10E-13 2.43E-13 1.85E-13 1.32E-13
 1.03E-13 7.17E-14 4.41E-14 3.17E-14 2.23E-14 1.49E-14 1.13E-14 7.68E-15
 2.17E-13 5.70E-13 1.06E-12 1.56E-12 1.77E-12 1.87E-12 1.74E-12 1.58E-12
 1.38E-12 1.15E-12 9.97E-13 8.01E-13 5.94E-13 4.82E-13 3.81E-13 2.86E-13
 2.29E-13 1.65E-13 1.06E-13 7.78E-14 5.57E-14 3.81E-14 2.91E-14 2.00E-14
 3.04E-13 7.80E-13 1.44E-12 2.12E-12 2.44E-12 2.64E-12 2.56E-12 2.39E-12
 2.16E-12 1.88E-12 1.68E-12 1.42E-12 1.12E-12 9.44E-13 7.78E-13 6.12E-13
 5.08E-13 3.82E-13 2.59E-13 1.96E-13 1.45E-13 1.02E-13 7.99E-14 5.61E-14
 3.15E-13 8.03E-13 1.48E-12 2.19E-12 2.54E-12 2.81E-12 2.82E-12 2.70E-12
 2.51E-12 2.27E-12 2.08E-12 1.83E-12 1.52E-12 1.33E-12 1.14E-12 9.36E-13
 8.03E-13 6.35E-13 4.58E-13 3.63E-13 2.80E-13 2.07E-13 1.67E-13 1.22E-13
 2.35E-13 6.08E-13 1.13E-12 1.68E-12 1.97E-12 2.21E-12 2.30E-12 2.26E-12
 2.17E-12 2.03E-12 1.92E-12 1.75E-12 1.52E-12 1.37E-12 1.22E-12 1.05E-12
 9.31E-13 7.74E-13 5.97E-13 4.96E-13 4.03E-13 3.16E-13 2.65E-13 2.06E-13
 1.29E-13 3.40E-13 6.34E-13 9.46E-13 1.11E-12 1.27E-12 1.36E-12 1.38E-12
 1.36E-12 1.33E-12 1.29E-12 1.22E-12 1.11E-12 1.04E-12 9.52E-13 8.53E-13
 7.81E-13 6.79E-13 5.57E-13 4.81E-13 4.09E-13 3.37E-13 2.93E-13 2.39E-13
 4.95E-14 1.33E-13 2.49E-13 3.69E-13 4.33E-13 4.96E-13 5.40E-13 5.55E-13
 5.64E-13 5.65E-13 5.62E-13 5.51E-13 5.29E-13 5.10E-13 4.87E-13 4.58E-13
 4.35E-13 4.01E-13 3.55E-13 3.24E-13 2.91E-13 2.56E-13 2.32E-13 2.01E-13
 1.80E-14 4.86E-14 9.07E-14 1.34E-13 1.57E-13 1.79E-13 1.95E-13 2.01E-13
 2.05E-13 2.08E-13 2.08E-13 2.07E-13 2.03E-13 1.99E-13 1.93E-13 1.86E-13
 1.81E-13 1.73E-13 1.62E-13 1.54E-13 1.46E-13 1.36E-13 1.29E-13 1.19E-13
 5.57E-15 1.51E-14 2.81E-14 4.14E-14 4.84E-14 5.51E-14 6.00E-14 6.18E-14
 6.31E-14 6.39E-14 6.41E-14 6.39E-14 6.28E-14 6.17E-14 6.03E-14 5.86E-14
 5.73E-14 5.55E-14 5.31E-14 5.16E-14 5.00E-14 4.84E-14 4.72E-14 4.56E-14
 1.87E-15 5.08E-15 9.47E-15 1.39E-14 1.63E-14 1.85E-14 2.01E-14 2.07E-14
 2.12E-14 2.14E-14 2.15E-14 2.14E-14 2.10E-14 2.07E-14 2.02E-14 1.96E-14
 1.92E-14 1.86E-14 1.79E-14 1.74E-14 1.69E-14 1.65E-14 1.62E-14 1.58E-14
 5.63E-16 1.53E-15 2.85E-15 4.19E-15 4.90E-15 5.57E-15 6.05E-15 6.23E-15
 6.36E-15 6.44E-15 6.45E-15 6.43E-15 6.31E-15 6.20E-15 6.06E-15 5.89E-15
 5.76E-15 5.58E-15 5.36E-15 5.22E-15 5.08E-15 4.95E-15 4.86E-15 4.76E-15
 1.88E-16 5.10E-16 9.51E-16 1.40E-15 1.63E-15 1.86E-15 2.02E-15 2.08E-15
 2.12E-15 2.15E-15 2.15E-15 2.14E-15 2.10E-15 2.07E-15 2.02E-15 1.96E-15
 1.92E-15 1.86E-15 1.78E-15 1.74E-15 1.69E-15 1.65E-15 1.62E-15 1.58E-15
 5.64E-17 1.53E-16 2.85E-16 4.20E-16 4.90E-16 5.57E-16 6.05E-16 6.24E-16
 6.36E-16 6.44E-16 6.46E-16 6.43E-16 6.32E-16 6.20E-16 6.06E-16 5.89E-16
 5.76E-16 5.58E-16 5.35E-16 5.21E-16 5.07E-16 4.94E-16 4.85E-16 4.75E-16
 1.88E-17 5.10E-17 9.51E-17 1.40E-16 1.63E-16 1.86E-16 2.02E-16 2.08E-16
 2.12E-16 2.15E-16 2.15E-16 2.14E-16 2.11E-16 2.07E-16 2.02E-16 1.96E-16
 1.92E-16 1.86E-16 1.78E-16 1.74E-16 1.69E-16 1.65E-16 1.62E-16 1.58E-16
 5.64E-18 1.53E-17 2.85E-17 4.20E-17 4.90E-17 5.57E-17 6.06E-17 6.24E-17
 6.36E-17 6.44E-17 6.46E-17 6.43E-17 6.32E-17 6.20E-17 6.06E-17 5.89E-17
 5.76E-17 5.58E-17 5.35E-17 5.21E-17 5.07E-17 4.94E-17 4.85E-17 4.75E-17
 1.88E-18 5.10E-18 9.51E-18 1.40E-17 1.63E-17 1.86E-17 2.02E-17 2.08E-17
 2.12E-17 2.15E-17 2.15E-17 2.14E-17 2.11E-17 2.07E-17 2.02E-17 1.96E-17
 1.92E-17 1.86E-17 1.78E-17 1.74E-17 1.69E-17 1.65E-17 1.62E-17 1.58E-17
 5.64E-19 1.53E-18 2.85E-18 4.20E-18 4.90E-18 5.57E-18 6.06E-18 6.24E-18
 6.36E-18 6.44E-18 6.46E-18 6.43E-18 6.32E-18 6.20E-18 6.06E-18 5.89E-18
 5.76E-18 5.58E-18 5.35E-18 5.21E-18 5.07E-18 4.94E-18 4.85E-18 4.75E-18
    91.8 A  24  24 /FILMEM = sm#mo38 /TYPE = EXCIT    /INDM = T/ISEL =    9
 1.37E+12 1.37E+13 1.37E+14 1.37E+15 1.37E+16 1.37E+17 4.12E+17 1.37E+18
 4.12E+18 1.37E+19 4.12E+19 1.37E+20 4.12E+20 1.37E+21 4.12E+21 1.37E+22
 4.12E+22 1.37E+23 4.12E+23 1.37E+24 4.12E+24 1.37E+25 4.12E+25 1.37E+26
 6.55E+01 9.17E+01 1.31E+02 1.97E+02 2.62E+02 3.93E+02 6.55E+02 9.17E+02
 1.31E+03 1.97E+03 2.62E+03 3.93E+03 6.55E+03 9.17E+03 1.31E+04 1.97E+04
 2.62E+04 3.93E+04 6.55E+04 9.17E+04 1.31E+05 1.97E+05 2.62E+05 3.93E+05
 3.20E-14 8.91E-14 1.70E-13 2.52E-13 2.90E-13 3.10E-13 2.92E-13 2.65E-13
 2.29E-13 1.86E-13 1.57E-13 1.19E-13 8.09E-14 6.16E-14 4.58E-14 3.26E-14
 2.58E-14 1.87E-14 1.28E-14 1.01E-14 7.98E-15 6.23E-15 5.28E-15 4.22E-15
 3.20E-14 8.91E-14 1.70E-13 2.52E-13 2.90E-13 3.10E-13 2.92E-13 2.65E-13
 2.29E-13 1.86E-13 1.57E-13 1.19E-13 8.09E-14 6.16E-14 4.58E-14 3.26E-14
 2.58E-14 1.87E-14 1.28E-14 1.01E-14 7.98E-15 6.23E-15 5.28E-15 4.22E-15
 3.20E-14 8.92E-14 1.70E-13 2.52E-13 2.90E-13 3.10E-13 2.92E-13 2.65E-13
 2.29E-13 1.86E-13 1.57E-13 1.19E-13 8.09E-14 6.16E-14 4.58E-14 3.26E-14
 2.58E-14 1.87E-14 1.28E-14 1.01E-14 7.99E-15 6.23E-15 5.28E-15 4.22E-15
 3.21E-14 8.95E-14 1.71E-13 2.53E-13 2.91E-13 3.11E-13 2.93E-13 2.66E-13
 2.30E-13 1.87E-13 1.57E-13 1.19E-13 8.12E-14 6.19E-14 4.60E-14 3.28E-14
 2.59E-14 1.88E-14 1.28E-14 1.01E-14 8.01E-15 6.25E-15 5.29E-15 4.23E-15
 3.34E-14 9.30E-14 1.77E-13 2.63E-13 3.02E-13 3.23E-13 3.04E-13 2.75E-13
 2.37E-13 1.93E-13 1.62E-13 1.23E-13 8.41E-14 6.42E-14 4.78E-14 3.42E-14
 2.70E-14 1.96E-14 1.34E-14 1.05E-14 8.30E-15 6.45E-15 5.44E-15 4.34E-15
 4.55E-14 1.27E-13 2.43E-13 3.62E-13 4.14E-13 4.37E-13 4.04E-13 3.62E-13
 3.10E-13 2.51E-13 2.12E-13 1.62E-13 1.13E-13 8.75E-14 6.64E-14 4.82E-14
 3.84E-14 2.78E-14 1.87E-14 1.45E-14 1.11E-14 8.39E-15 6.93E-15 5.35E-15
 7.04E-14 1.96E-13 3.78E-13 5.63E-13 6.43E-13 6.73E-13 6.14E-13 5.45E-13
 4.64E-13 3.75E-13 3.17E-13 2.46E-13 1.74E-13 1.38E-13 1.07E-13 7.88E-14
 6.31E-14 4.58E-14 3.04E-14 2.31E-14 1.74E-14 1.27E-14 1.02E-14 7.60E-15
 1.41E-13 3.89E-13 7.49E-13 1.12E-12 1.28E-12 1.34E-12 1.22E-12 1.09E-12
 9.30E-13 7.57E-13 6.46E-13 5.09E-13 3.71E-13 3.01E-13 2.38E-13 1.79E-13
 1.45E-13 1.06E-13 6.97E-14 5.23E-14 3.85E-14 2.73E-14 2.14E-14 1.53E-14
 2.60E-13 7.04E-13 1.34E-12 2.02E-12 2.33E-12 2.48E-12 2.32E-12 2.10E-12
 1.83E-12 1.53E-12 1.33E-12 1.07E-12 8.12E-13 6.72E-13 5.44E-13 4.18E-13
 3.43E-13 2.54E-13 1.69E-13 1.28E-13 9.37E-14 6.59E-14 5.13E-14 3.62E-14
 3.89E-13 1.03E-12 1.95E-12 2.93E-12 3.43E-12 3.76E-12 3.67E-12 3.43E-12
 3.10E-12 2.70E-12 2.41E-12 2.04E-12 1.62E-12 1.39E-12 1.16E-12 9.29E-13
 7.82E-13 6.01E-13 4.17E-13 3.22E-13 2.42E-13 1.73E-13 1.37E-13 9.75E-14
 4.12E-13 1.09E-12 2.06E-12 3.12E-12 3.68E-12 4.11E-12 4.15E-12 3.98E-12
 3.71E-12 3.34E-12 3.07E-12 2.70E-12 2.26E-12 2.00E-12 1.73E-12 1.44E-12
 1.25E-12 1.01E-12 7.43E-13 5.96E-13 4.66E-13 3.49E-13 2.84E-13 2.10E-13
 3.13E-13 8.48E-13 1.62E-12 2.47E-12 2.94E-12 3.33E-12 3.47E-12 3.42E-12
 3.28E-12 3.06E-12 2.89E-12 2.63E-12 2.31E-12 2.10E-12 1.89E-12 1.64E-12
 1.47E-12 1.24E-12 9.78E-13 8.21E-13 6.75E-13 5.36E-13 4.53E-13 3.55E-13
 1.75E-13 4.88E-13 9.43E-13 1.44E-12 1.72E-12 1.98E-12 2.12E-12 2.15E-12
 2.12E-12 2.06E-12 1.99E-12 1.88E-12 1.73E-12 1.63E-12 1.51E-12 1.37E-12
 1.27E-12 1.12E-12 9.32E-13 8.15E-13 6.99E-13 5.82E-13 5.08E-13 4.18E-13
 6.89E-14 1.95E-13 3.79E-13 5.79E-13 6.89E-13 7.97E-13 8.73E-13 8.99E-13
 9.11E-13 9.12E-13 9.06E-13 8.90E-13 8.60E-13 8.37E-13 8.08E-13 7.69E-13
 7.38E-13 6.89E-13 6.20E-13 5.71E-13 5.18E-13 4.59E-13 4.18E-13 3.64E-13
 2.52E-14 7.20E-14 1.40E-13 2.13E-13 2.53E-13 2.93E-13 3.22E-13 3.33E-13
 3.41E-13 3.45E-13 3.46E-13 3.46E-13 3.43E-13 3.40E-13 3.35E-13 3.28E-13
 3.23E-13 3.13E-13 2.99E-13 2.87E-13 2.74E-13 2.58E-13 2.46E-13 2.27E-13
 7.83E-15 2.24E-14 4.36E-14 6.63E-14 7.87E-14 9.10E-14 1.00E-13 1.04E-13
 1.06E-13 1.08E-13 1.09E-13 1.09E-13 1.09E-13 1.09E-13 1.08E-13 1.07E-13
 1.06E-13 1.05E-13 1.03E-13 1.02E-13 9.99E-14 9.76E-14 9.59E-14 9.31E-14
 2.64E-15 7.56E-15 1.47E-14 2.23E-14 2.65E-14 3.06E-14 3.37E-14 3.49E-14
 3.58E-14 3.64E-14 3.67E-14 3.69E-14 3.69E-14 3.68E-14 3.67E-14 3.65E-14
 3.63E-14 3.60E-14 3.56E-14 3.53E-14 3.50E-14 3.46E-14 3.44E-14 3.39E-14
 7.94E-16 2.28E-15 4.42E-15 6.72E-15 7.98E-15 9.22E-15 1.02E-14 1.05E-14
 1.08E-14 1.10E-14 1.10E-14 1.11E-14 1.11E-14 1.11E-14 1.11E-14 1.10E-14
 1.10E-14 1.09E-14 1.08E-14 1.07E-14 1.07E-14 1.06E-14 1.05E-14 1.05E-14
 2.65E-16 7.59E-16 1.48E-15 2.24E-15 2.66E-15 3.08E-15 3.39E-15 3.51E-15
 3.60E-15 3.66E-15 3.68E-15 3.71E-15 3.71E-15 3.71E-15 3.70E-15 3.68E-15
 3.67E-15 3.64E-15 3.61E-15 3.59E-15 3.57E-15 3.55E-15 3.53E-15 3.51E-15
 7.95E-17 2.28E-16 4.43E-16 6.73E-16 7.99E-16 9.24E-16 1.02E-15 1.05E-15
 1.08E-15 1.10E-15 1.11E-15 1.11E-15 1.11E-15 1.11E-15 1.11E-15 1.10E-15
 1.10E-15 1.09E-15 1.09E-15 1.08E-15 1.07E-15 1.07E-15 1.06E-15 1.06E-15
 2.65E-17 7.60E-17 1.48E-16 2.24E-16 2.66E-16 3.08E-16 3.39E-16 3.51E-16
 3.60E-16 3.66E-16 3.69E-16 3.71E-16 3.71E-16 3.71E-16 3.70E-16 3.68E-16
 3.67E-16 3.65E-16 3.62E-16 3.60E-16 3.58E-16 3.56E-16 3.54E-16 3.52E-16
 7.95E-18 2.28E-17 4.43E-17 6.73E-17 7.99E-17 9.24E-17 1.02E-16 1.05E-16
 1.08E-16 1.10E-16 1.11E-16 1.11E-16 1.11E-16 1.11E-16 1.11E-16 1.10E-16
 1.10E-16 1.09E-16 1.09E-16 1.08E-16 1.07E-16 1.07E-16 1.06E-16 1.06E-16
 2.65E-18 7.60E-18 1.48E-17 2.24E-17 2.66E-17 3.08E-17 3.39E-17 3.51E-17
 3.60E-17 3.66E-17 3.69E-17 3.71E-17 3.71E-17 3.71E-17 3.70E-17 3.68E-17
 3.67E-17 3.65E-17 3.62E-17 3.60E-17 3.58E-17 3.56E-17 3.54E-17 3.52E-17
 7.95E-19 2.28E-18 4.43E-18 6.73E-18 7.99E-18 9.24E-18 1.02E-17 1.05E-17
 1.08E-17 1.10E-17 1.11E-17 1.11E-17 1.11E-17 1.11E-17 1.11E-17 1.10E-17
 1.10E-17 1.09E-17 1.09E-17 1.08E-17 1.07E-17 1.07E-17 1.06E-17 1.06E-17
    49.0 A  24  24 /FILMEM = sm#mo38 /TYPE = EXCIT    /INDM = T/ISEL =   10
 1.37E+12 1.37E+13 1.37E+14 1.37E+15 1.37E+16 1.37E+17 4.12E+17 1.37E+18
 4.12E+18 1.37E+19 4.12E+19 1.37E+20 4.12E+20 1.37E+21 4.12E+21 1.37E+22
 4.12E+22 1.37E+23 4.12E+23 1.37E+24 4.12E+24 1.37E+25 4.12E+25 1.37E+26
 6.55E+01 9.17E+01 1.31E+02 1.97E+02 2.62E+02 3.93E+02 6.55E+02 9.17E+02
 1.31E+03 1.97E+03 2.62E+03 3.93E+03 6.55E+03 9.17E+03 1.31E+04 1.97E+04
 2.62E+04 3.93E+04 6.55E+04 9.17E+04 1.31E+05 1.97E+05 2.62E+05 3.93E+05
 3.25E-14 1.50E-13 4.17E-13 8.23E-13 1.09E-12 1.33E-12 1.37E-12 1.28E-12
 1.13E-12 9.21E-13 7.73E-13 5.81E-13 3.82E-13 2.82E-13 2.01E-13 1.34E-13
 1.01E-13 6.74E-14 4.12E-14 3.02E-14 2.23E-14 1.62E-14 1.32E-14 1.01E-14
 3.25E-14 1.50E-13 4.17E-13 8.23E-13 1.09E-12 1.33E-12 1.37E-12 1.28E-12
 1.13E-12 9.21E-13 7.73E-13 5.81E-13 3.82E-13 2.82E-13 2.01E-13 1.34E-13
 1.01E-13 6.74E-14 4.12E-14 3.02E-14 2.23E-14 1.62E-14 1.32E-14 1.01E-14
 3.25E-14 1.50E-13 4.18E-13 8.23E-13 1.09E-12 1.33E-12 1.37E-12 1.28E-12
 1.13E-12 9.21E-13 7.73E-13 5.81E-13 3.82E-13 2.82E-13 2.01E-13 1.34E-13
 1.01E-13 6.74E-14 4.12E-14 3.02E-14 2.23E-14 1.62E-14 1.32E-14 1.01E-14
 3.26E-14 1.51E-13 4.18E-13 8.24E-13 1.09E-12 1.33E-12 1.37E-12 1.28E-12
 1.13E-12 9.21E-13 7.74E-13 5.81E-13 3.83E-13 2.82E-13 2.01E-13 1.35E-13
 1.01E-13 6.75E-14 4.12E-14 3.03E-14 2.23E-14 1.62E-14 1.32E-14 1.01E-14
 3.31E-14 1.53E-13 4.23E-13 8.32E-13 1.10E-12 1.34E-12 1.38E-12 1.29E-12
 1.13E-12 9.27E-13 7.78E-13 5.85E-13 3.85E-13 2.84E-13 2.03E-13 1.36E-13
 1.02E-13 6.82E-14 4.17E-14 3.07E-14 2.26E-14 1.64E-14 1.34E-14 1.02E-14
 3.77E-14 1.71E-13 4.67E-13 9.09E-13 1.19E-12 1.44E-12 1.48E-12 1.37E-12
 1.20E-12 9.81E-13 8.25E-13 6.22E-13 4.13E-13 3.07E-13 2.20E-13 1.49E-13
 1.13E-13 7.61E-14 4.68E-14 3.43E-14 2.52E-14 1.82E-14 1.47E-14 1.11E-14
 4.73E-14 2.09E-13 5.59E-13 1.07E-12 1.38E-12 1.65E-12 1.67E-12 1.54E-12
 1.35E-12 1.10E-12 9.25E-13 7.01E-13 4.72E-13 3.55E-13 2.59E-13 1.79E-13
 1.36E-13 9.32E-14 5.78E-14 4.25E-14 3.10E-14 2.22E-14 1.77E-14 1.32E-14
 7.49E-14 3.17E-13 8.18E-13 1.51E-12 1.93E-12 2.25E-12 2.24E-12 2.05E-12
 1.79E-12 1.46E-12 1.24E-12 9.53E-13 6.62E-13 5.12E-13 3.86E-13 2.75E-13
 2.15E-13 1.50E-13 9.51E-14 7.00E-14 5.08E-14 3.57E-14 2.81E-14 2.03E-14
 1.24E-13 5.04E-13 1.26E-12 2.29E-12 2.89E-12 3.35E-12 3.32E-12 3.06E-12
 2.68E-12 2.23E-12 1.91E-12 1.51E-12 1.10E-12 8.80E-13 6.88E-13 5.11E-13
 4.09E-13 2.95E-13 1.91E-13 1.42E-13 1.03E-13 7.20E-14 5.60E-14 3.96E-14
 1.91E-13 7.57E-13 1.87E-12 3.38E-12 4.26E-12 4.98E-12 5.01E-12 4.69E-12
 4.20E-12 3.58E-12 3.15E-12 2.59E-12 1.99E-12 1.66E-12 1.35E-12 1.05E-12
 8.71E-13 6.54E-13 4.43E-13 3.36E-13 2.49E-13 1.77E-13 1.38E-13 9.79E-14
 2.45E-13 9.78E-13 2.44E-12 4.44E-12 5.63E-12 6.62E-12 6.73E-12 6.35E-12
 5.76E-12 5.01E-12 4.47E-12 3.78E-12 3.03E-12 2.60E-12 2.19E-12 1.77E-12
 1.51E-12 1.18E-12 8.38E-13 6.57E-13 5.03E-13 3.69E-13 2.95E-13 2.15E-13
 2.67E-13 1.12E-12 2.89E-12 5.39E-12 6.92E-12 8.25E-12 8.55E-12 8.18E-12
 7.52E-12 6.63E-12 6.00E-12 5.17E-12 4.26E-12 3.73E-12 3.22E-12 2.69E-12
 2.33E-12 1.88E-12 1.40E-12 1.13E-12 8.92E-13 6.78E-13 5.57E-13 4.20E-13
 2.04E-13 9.07E-13 2.44E-12 4.72E-12 6.20E-12 7.66E-12 8.36E-12 8.27E-12
 7.88E-12 7.22E-12 6.70E-12 5.97E-12 5.11E-12 4.60E-12 4.08E-12 3.50E-12
 3.11E-12 2.59E-12 1.99E-12 1.65E-12 1.34E-12 1.04E-12 8.72E-13 6.73E-13
 9.65E-14 4.50E-13 1.25E-12 2.51E-12 3.38E-12 4.37E-12 5.09E-12 5.29E-12
 5.32E-12 5.19E-12 5.03E-12 4.75E-12 4.36E-12 4.09E-12 3.80E-12 3.44E-12
 3.18E-12 2.80E-12 2.32E-12 2.02E-12 1.71E-12 1.41E-12 1.22E-12 9.80E-13
 3.78E-14 1.79E-13 5.08E-13 1.03E-12 1.41E-12 1.86E-12 2.26E-12 2.41E-12
 2.51E-12 2.55E-12 2.55E-12 2.51E-12 2.44E-12 2.37E-12 2.30E-12 2.19E-12
 2.10E-12 1.96E-12 1.77E-12 1.63E-12 1.47E-12 1.30E-12 1.18E-12 1.02E-12
 1.21E-14 5.76E-14 1.64E-13 3.35E-13 4.61E-13 6.16E-13 7.59E-13 8.22E-13
 8.69E-13 9.01E-13 9.15E-13 9.24E-13 9.25E-13 9.20E-13 9.12E-13 8.98E-13
 8.85E-13 8.63E-13 8.28E-13 8.00E-13 7.67E-13 7.25E-13 6.93E-13 6.46E-13
 4.09E-15 1.96E-14 5.59E-14 1.15E-13 1.58E-13 2.11E-13 2.62E-13 2.85E-13
 3.02E-13 3.16E-13 3.22E-13 3.28E-13 3.32E-13 3.33E-13 3.33E-13 3.32E-13
 3.30E-13 3.28E-13 3.22E-13 3.18E-13 3.13E-13 3.06E-13 3.00E-13 2.92E-13
 1.23E-15 5.91E-15 1.69E-14 3.46E-14 4.78E-14 6.41E-14 7.94E-14 8.66E-14
 9.21E-14 9.65E-14 9.87E-14 1.01E-13 1.02E-13 1.03E-13 1.03E-13 1.03E-13
 1.03E-13 1.03E-13 1.03E-13 1.02E-13 1.01E-13 1.01E-13 9.99E-14 9.89E-14
 4.12E-16 1.98E-15 5.65E-15 1.16E-14 1.60E-14 2.14E-14 2.66E-14 2.90E-14
 3.09E-14 3.23E-14 3.31E-14 3.38E-14 3.44E-14 3.46E-14 3.48E-14 3.48E-14
 3.49E-14 3.49E-14 3.48E-14 3.47E-14 3.46E-14 3.45E-14 3.44E-14 3.42E-14
 1.24E-16 5.93E-16 1.70E-15 3.48E-15 4.79E-15 6.43E-15 7.98E-15 8.71E-15
 9.27E-15 9.72E-15 9.95E-15 1.02E-14 1.03E-14 1.04E-14 1.05E-14 1.05E-14
 1.05E-14 1.05E-14 1.05E-14 1.05E-14 1.05E-14 1.04E-14 1.04E-14 1.04E-14
 4.13E-17 1.98E-16 5.65E-16 1.16E-15 1.60E-15 2.15E-15 2.66E-15 2.90E-15
 3.09E-15 3.24E-15 3.32E-15 3.39E-15 3.45E-15 3.47E-15 3.49E-15 3.50E-15
 3.51E-15 3.51E-15 3.51E-15 3.50E-15 3.50E-15 3.49E-15 3.48E-15 3.48E-15
 1.24E-17 5.93E-17 1.70E-16 3.48E-16 4.80E-16 6.44E-16 7.99E-16 8.71E-16
 9.28E-16 9.73E-16 9.95E-16 1.02E-15 1.04E-15 1.04E-15 1.05E-15 1.05E-15
 1.05E-15 1.05E-15 1.05E-15 1.05E-15 1.05E-15 1.05E-15 1.05E-15 1.04E-15
 4.13E-18 1.98E-17 5.65E-17 1.16E-16 1.60E-16 2.15E-16 2.66E-16 2.90E-16
 3.09E-16 3.24E-16 3.32E-16 3.39E-16 3.45E-16 3.48E-16 3.49E-16 3.50E-16
 3.51E-16 3.51E-16 3.51E-16 3.50E-16 3.50E-16 3.49E-16 3.49E-16 3.48E-16
 1.24E-18 5.93E-18 1.70E-17 3.48E-17 4.80E-17 6.44E-17 7.99E-17 8.71E-17
 9.28E-17 9.73E-17 9.95E-17 1.02E-16 1.04E-16 1.04E-16 1.05E-16 1.05E-16
 1.05E-16 1.05E-16 1.05E-16 1.05E-16 1.05E-16 1.05E-16 1.05E-16 1.05E-16
   176.4 A  24  24 /FILMEM = sm#mo38 /TYPE = EXCIT    /INDM = T/ISEL =   11
 1.37E+12 1.37E+13 1.37E+14 1.37E+15 1.37E+16 1.37E+17 4.12E+17 1.37E+18
 4.12E+18 1.37E+19 4.12E+19 1.37E+20 4.12E+20 1.37E+21 4.12E+21 1.37E+22
 4.12E+22 1.37E+23 4.12E+23 1.37E+24 4.12E+24 1.37E+25 4.12E+25 1.37E+26
 6.55E+01 9.17E+01 1.31E+02 1.97E+02 2.62E+02 3.93E+02 6.55E+02 9.17E+02
 1.31E+03 1.97E+03 2.62E+03 3.93E+03 6.55E+03 9.17E+03 1.31E+04 1.97E+04
 2.62E+04 3.93E+04 6.55E+04 9.17E+04 1.31E+05 1.97E+05 2.62E+05 3.93E+05
 1.07E-15 2.96E-15 5.57E-15 8.09E-15 9.15E-15 9.58E-15 8.85E-15 7.94E-15
 6.81E-15 5.49E-15 4.59E-15 3.42E-15 2.21E-15 1.60E-15 1.10E-15 7.02E-16
 5.01E-16 3.06E-16 1.62E-16 1.06E-16 6.83E-17 4.26E-17 3.11E-17 2.06E-17
 1.07E-15 2.96E-15 5.57E-15 8.09E-15 9.15E-15 9.58E-15 8.85E-15 7.94E-15
 6.81E-15 5.49E-15 4.59E-15 3.42E-15 2.21E-15 1.60E-15 1.10E-15 7.02E-16
 5.01E-16 3.06E-16 1.62E-16 1.06E-16 6.83E-17 4.26E-17 3.11E-17 2.06E-17
 1.08E-15 2.96E-15 5.57E-15 8.09E-15 9.15E-15 9.58E-15 8.86E-15 7.94E-15
 6.81E-15 5.49E-15 4.59E-15 3.42E-15 2.21E-15 1.60E-15 1.10E-15 7.02E-16
 5.01E-16 3.06E-16 1.62E-16 1.06E-16 6.83E-17 4.26E-17 3.11E-17 2.06E-17
 1.08E-15 2.96E-15 5.58E-15 8.10E-15 9.16E-15 9.60E-15 8.87E-15 7.95E-15
 6.82E-15 5.50E-15 4.60E-15 3.43E-15 2.22E-15 1.60E-15 1.11E-15 7.04E-16
 5.02E-16 3.07E-16 1.62E-16 1.06E-16 6.86E-17 4.28E-17 3.13E-17 2.07E-17
 1.09E-15 3.00E-15 5.66E-15 8.21E-15 9.29E-15 9.73E-15 8.98E-15 8.05E-15
 6.90E-15 5.57E-15 4.66E-15 3.47E-15 2.25E-15 1.63E-15 1.13E-15 7.20E-16
 5.15E-16 3.16E-16 1.68E-16 1.11E-16 7.17E-17 4.49E-17 3.29E-17 2.18E-17
 1.24E-15 3.41E-15 6.43E-15 9.34E-15 1.06E-14 1.10E-14 1.01E-14 9.03E-15
 7.73E-15 6.24E-15 5.23E-15 3.93E-15 2.59E-15 1.91E-15 1.35E-15 8.83E-16
 6.46E-16 4.10E-16 2.28E-16 1.54E-16 1.03E-16 6.60E-17 4.89E-17 3.27E-17
 1.56E-15 4.25E-15 8.01E-15 1.16E-14 1.31E-14 1.37E-14 1.25E-14 1.11E-14
 9.48E-15 7.66E-15 6.45E-15 4.90E-15 3.31E-15 2.50E-15 1.82E-15 1.24E-15
 9.32E-16 6.16E-16 3.59E-16 2.51E-16 1.71E-16 1.13E-16 8.43E-17 5.67E-17
 2.45E-15 6.57E-15 1.23E-14 1.80E-14 2.04E-14 2.12E-14 1.93E-14 1.72E-14
 1.48E-14 1.20E-14 1.02E-14 7.96E-15 5.62E-15 4.40E-15 3.35E-15 2.40E-15
 1.87E-15 1.30E-15 8.01E-16 5.75E-16 4.04E-16 2.71E-16 2.05E-16 1.39E-16
 3.94E-15 1.03E-14 1.93E-14 2.82E-14 3.21E-14 3.39E-14 3.16E-14 2.86E-14
 2.50E-14 2.09E-14 1.81E-14 1.45E-14 1.08E-14 8.75E-15 6.92E-15 5.18E-15
 4.16E-15 2.99E-15 1.92E-15 1.41E-15 1.01E-15 6.91E-16 5.28E-16 3.62E-16
 5.52E-15 1.41E-14 2.61E-14 3.84E-14 4.43E-14 4.79E-14 4.65E-14 4.34E-14
 3.92E-14 3.41E-14 3.05E-14 2.57E-14 2.03E-14 1.71E-14 1.41E-14 1.11E-14
 9.21E-15 6.94E-15 4.69E-15 3.56E-15 2.63E-15 1.86E-15 1.45E-15 1.02E-15
 5.72E-15 1.46E-14 2.68E-14 3.97E-14 4.62E-14 5.09E-14 5.11E-14 4.89E-14
 4.56E-14 4.11E-14 3.78E-14 3.31E-14 2.75E-14 2.41E-14 2.06E-14 1.70E-14
 1.46E-14 1.15E-14 8.31E-15 6.58E-15 5.08E-15 3.76E-15 3.03E-15 2.22E-15
 4.26E-15 1.10E-14 2.04E-14 3.04E-14 3.57E-14 4.02E-14 4.17E-14 4.10E-14
 3.94E-14 3.69E-14 3.48E-14 3.17E-14 2.76E-14 2.49E-14 2.22E-14 1.90E-14
 1.69E-14 1.40E-14 1.08E-14 8.99E-15 7.30E-15 5.73E-15 4.81E-15 3.74E-15
 2.33E-15 6.17E-15 1.15E-14 1.72E-14 2.02E-14 2.31E-14 2.47E-14 2.50E-14
 2.48E-14 2.40E-14 2.33E-14 2.20E-14 2.02E-14 1.88E-14 1.73E-14 1.55E-14
 1.42E-14 1.23E-14 1.01E-14 8.73E-15 7.42E-15 6.12E-15 5.31E-15 4.34E-15
 8.98E-16 2.41E-15 4.51E-15 6.69E-15 7.86E-15 8.99E-15 9.79E-15 1.01E-14
 1.02E-14 1.03E-14 1.02E-14 1.00E-14 9.60E-15 9.26E-15 8.84E-15 8.30E-15
 7.89E-15 7.27E-15 6.44E-15 5.87E-15 5.28E-15 4.64E-15 4.21E-15 3.65E-15
 3.26E-16 8.81E-16 1.64E-15 2.43E-15 2.84E-15 3.24E-15 3.53E-15 3.65E-15
 3.72E-15 3.77E-15 3.78E-15 3.75E-15 3.68E-15 3.60E-15 3.51E-15 3.38E-15
 3.28E-15 3.14E-15 2.94E-15 2.80E-15 2.65E-15 2.47E-15 2.35E-15 2.17E-15
 1.01E-16 2.73E-16 5.10E-16 7.51E-16 8.78E-16 1.00E-15 1.09E-15 1.12E-15
 1.14E-15 1.16E-15 1.16E-15 1.16E-15 1.14E-15 1.12E-15 1.09E-15 1.06E-15
 1.04E-15 1.01E-15 9.64E-16 9.36E-16 9.08E-16 8.77E-16 8.57E-16 8.28E-16
 3.40E-17 9.21E-17 1.72E-16 2.53E-16 2.95E-16 3.36E-16 3.65E-16 3.76E-16
 3.84E-16 3.88E-16 3.90E-16 3.88E-16 3.81E-16 3.75E-16 3.66E-16 3.56E-16
 3.48E-16 3.38E-16 3.24E-16 3.16E-16 3.07E-16 2.99E-16 2.94E-16 2.87E-16
 1.02E-17 2.77E-17 5.17E-17 7.60E-17 8.88E-17 1.01E-16 1.10E-16 1.13E-16
 1.15E-16 1.17E-16 1.17E-16 1.17E-16 1.15E-16 1.12E-16 1.10E-16 1.07E-16
 1.05E-16 1.01E-16 9.72E-17 9.47E-17 9.22E-17 8.97E-17 8.82E-17 8.63E-17
 3.41E-18 9.25E-18 1.72E-17 2.54E-17 2.96E-17 3.37E-17 3.66E-17 3.77E-17
 3.85E-17 3.89E-17 3.90E-17 3.89E-17 3.82E-17 3.75E-17 3.67E-17 3.56E-17
 3.48E-17 3.37E-17 3.24E-17 3.15E-17 3.07E-17 2.99E-17 2.94E-17 2.87E-17
 1.02E-18 2.78E-18 5.18E-18 7.61E-18 8.89E-18 1.01E-17 1.10E-17 1.13E-17
 1.15E-17 1.17E-17 1.17E-17 1.17E-17 1.15E-17 1.13E-17 1.10E-17 1.07E-17
 1.04E-17 1.01E-17 9.71E-18 9.46E-18 9.20E-18 8.95E-18 8.80E-18 8.61E-18
 3.41E-19 9.25E-19 1.73E-18 2.54E-18 2.96E-18 3.37E-18 3.66E-18 3.77E-18
 3.85E-18 3.89E-18 3.90E-18 3.89E-18 3.82E-18 3.75E-18 3.67E-18 3.56E-18
 3.48E-18 3.37E-18 3.24E-18 3.15E-18 3.07E-18 2.98E-18 2.93E-18 2.87E-18
 1.02E-19 2.78E-19 5.18E-19 7.61E-19 8.89E-19 1.01E-18 1.10E-18 1.13E-18
 1.15E-18 1.17E-18 1.17E-18 1.17E-18 1.15E-18 1.13E-18 1.10E-18 1.07E-18
 1.04E-18 1.01E-18 9.71E-19 9.46E-19 9.20E-19 8.95E-19 8.80E-19 8.61E-19
 3.41E-20 9.25E-20 1.73E-19 2.54E-19 2.96E-19 3.37E-19 3.66E-19 3.77E-19
 3.85E-19 3.89E-19 3.90E-19 3.89E-19 3.82E-19 3.75E-19 3.67E-19 3.56E-19
 3.48E-19 3.37E-19 3.24E-19 3.15E-19 3.07E-19 2.98E-19 2.93E-19 2.87E-19
 1.02E-20 2.78E-20 5.18E-20 7.61E-20 8.89E-20 1.01E-19 1.10E-19 1.13E-19
 1.15E-19 1.17E-19 1.17E-19 1.17E-19 1.15E-19 1.13E-19 1.10E-19 1.07E-19
 1.04E-19 1.01E-19 9.71E-20 9.46E-20 9.20E-20 8.95E-20 8.80E-20 8.61E-20
   149.3 A  24  24 /FILMEM = sm#mo38 /TYPE = EXCIT    /INDM = T/ISEL =   12
 1.37E+12 1.37E+13 1.37E+14 1.37E+15 1.37E+16 1.37E+17 4.12E+17 1.37E+18
 4.12E+18 1.37E+19 4.12E+19 1.37E+20 4.12E+20 1.37E+21 4.12E+21 1.37E+22
 4.12E+22 1.37E+23 4.12E+23 1.37E+24 4.12E+24 1.37E+25 4.12E+25 1.37E+26
 6.55E+01 9.17E+01 1.31E+02 1.97E+02 2.62E+02 3.93E+02 6.55E+02 9.17E+02
 1.31E+03 1.97E+03 2.62E+03 3.93E+03 6.55E+03 9.17E+03 1.31E+04 1.97E+04
 2.62E+04 3.93E+04 6.55E+04 9.17E+04 1.31E+05 1.97E+05 2.62E+05 3.93E+05
 7.56E-15 2.11E-14 4.01E-14 5.95E-14 6.84E-14 7.32E-14 6.91E-14 6.25E-14
 5.41E-14 4.39E-14 3.70E-14 2.81E-14 1.91E-14 1.46E-14 1.08E-14 7.70E-15
 6.08E-15 4.41E-15 3.02E-15 2.38E-15 1.89E-15 1.47E-15 1.25E-15 9.98E-16
 7.56E-15 2.11E-14 4.01E-14 5.95E-14 6.84E-14 7.32E-14 6.91E-14 6.25E-14
 5.41E-14 4.39E-14 3.70E-14 2.81E-14 1.91E-14 1.46E-14 1.08E-14 7.70E-15
 6.08E-15 4.41E-15 3.02E-15 2.38E-15 1.89E-15 1.47E-15 1.25E-15 9.98E-16
 7.56E-15 2.11E-14 4.02E-14 5.96E-14 6.85E-14 7.33E-14 6.91E-14 6.25E-14
 5.41E-14 4.39E-14 3.70E-14 2.81E-14 1.91E-14 1.46E-14 1.08E-14 7.71E-15
 6.09E-15 4.42E-15 3.02E-15 2.39E-15 1.89E-15 1.47E-15 1.25E-15 9.98E-16
 7.59E-15 2.11E-14 4.03E-14 5.98E-14 6.87E-14 7.35E-14 6.93E-14 6.28E-14
 5.43E-14 4.41E-14 3.71E-14 2.82E-14 1.92E-14 1.46E-14 1.09E-14 7.74E-15
 6.11E-15 4.44E-15 3.03E-15 2.39E-15 1.89E-15 1.48E-15 1.25E-15 1.00E-15
 7.88E-15 2.20E-14 4.19E-14 6.22E-14 7.15E-14 7.63E-14 7.18E-14 6.49E-14
 5.60E-14 4.55E-14 3.83E-14 2.91E-14 1.99E-14 1.52E-14 1.13E-14 8.07E-15
 6.38E-15 4.63E-15 3.16E-15 2.49E-15 1.96E-15 1.52E-15 1.29E-15 1.02E-15
 1.07E-14 3.00E-14 5.75E-14 8.54E-14 9.78E-14 1.03E-13 9.55E-14 8.55E-14
 7.33E-14 5.93E-14 5.00E-14 3.83E-14 2.66E-14 2.07E-14 1.57E-14 1.14E-14
 9.06E-15 6.58E-15 4.42E-15 3.42E-15 2.63E-15 1.98E-15 1.64E-15 1.26E-15
 1.66E-14 4.63E-14 8.93E-14 1.33E-13 1.52E-13 1.59E-13 1.45E-13 1.29E-13
 1.10E-13 8.86E-14 7.50E-14 5.80E-14 4.12E-14 3.26E-14 2.52E-14 1.86E-14
 1.49E-14 1.08E-14 7.18E-15 5.46E-15 4.10E-15 2.99E-15 2.41E-15 1.80E-15
 3.33E-14 9.19E-14 1.77E-13 2.64E-13 3.03E-13 3.17E-13 2.89E-13 2.57E-13
 2.20E-13 1.79E-13 1.52E-13 1.20E-13 8.78E-14 7.10E-14 5.62E-14 4.23E-14
 3.42E-14 2.50E-14 1.65E-14 1.24E-14 9.09E-15 6.44E-15 5.06E-15 3.62E-15
 6.15E-14 1.66E-13 3.17E-13 4.76E-13 5.50E-13 5.87E-13 5.49E-13 4.97E-13
 4.33E-13 3.61E-13 3.14E-13 2.54E-13 1.92E-13 1.59E-13 1.28E-13 9.88E-14
 8.10E-14 6.01E-14 4.00E-14 3.01E-14 2.21E-14 1.56E-14 1.21E-14 8.54E-15
 9.18E-14 2.43E-13 4.60E-13 6.93E-13 8.10E-13 8.87E-13 8.66E-13 8.10E-13
 7.33E-13 6.37E-13 5.70E-13 4.82E-13 3.84E-13 3.28E-13 2.75E-13 2.20E-13
 1.85E-13 1.42E-13 9.86E-14 7.60E-14 5.71E-14 4.10E-14 3.23E-14 2.30E-14
 9.73E-14 2.58E-13 4.87E-13 7.38E-13 8.70E-13 9.71E-13 9.79E-13 9.40E-13
 8.76E-13 7.90E-13 7.26E-13 6.38E-13 5.34E-13 4.71E-13 4.09E-13 3.41E-13
 2.96E-13 2.38E-13 1.75E-13 1.41E-13 1.10E-13 8.26E-14 6.70E-14 4.96E-14
 7.39E-14 2.00E-13 3.83E-13 5.84E-13 6.93E-13 7.87E-13 8.20E-13 8.07E-13
 7.75E-13 7.24E-13 6.82E-13 6.22E-13 5.46E-13 4.97E-13 4.47E-13 3.89E-13
 3.48E-13 2.94E-13 2.31E-13 1.94E-13 1.59E-13 1.27E-13 1.07E-13 8.38E-14
 4.14E-14 1.15E-13 2.23E-13 3.41E-13 4.06E-13 4.67E-13 5.02E-13 5.07E-13
 5.01E-13 4.86E-13 4.70E-13 4.45E-13 4.09E-13 3.84E-13 3.57E-13 3.24E-13
 2.99E-13 2.64E-13 2.20E-13 1.92E-13 1.65E-13 1.37E-13 1.20E-13 9.87E-14
 1.63E-14 4.61E-14 8.96E-14 1.37E-13 1.63E-13 1.88E-13 2.06E-13 2.12E-13
 2.15E-13 2.15E-13 2.14E-13 2.10E-13 2.03E-13 1.98E-13 1.91E-13 1.82E-13
 1.74E-13 1.63E-13 1.46E-13 1.35E-13 1.22E-13 1.08E-13 9.88E-14 8.60E-14
 5.95E-15 1.70E-14 3.30E-14 5.03E-14 5.98E-14 6.92E-14 7.61E-14 7.87E-14
 8.05E-14 8.15E-14 8.18E-14 8.18E-14 8.10E-14 8.02E-14 7.91E-14 7.76E-14
 7.62E-14 7.40E-14 7.06E-14 6.79E-14 6.48E-14 6.09E-14 5.80E-14 5.37E-14
 1.85E-15 5.30E-15 1.03E-14 1.57E-14 1.86E-14 2.15E-14 2.37E-14 2.45E-14
 2.51E-14 2.55E-14 2.57E-14 2.58E-14 2.58E-14 2.57E-14 2.55E-14 2.53E-14
 2.51E-14 2.48E-14 2.44E-14 2.40E-14 2.36E-14 2.31E-14 2.26E-14 2.20E-14
 6.23E-16 1.78E-15 3.47E-15 5.27E-15 6.26E-15 7.24E-15 7.97E-15 8.25E-15
 8.45E-15 8.60E-15 8.66E-15 8.71E-15 8.71E-15 8.70E-15 8.67E-15 8.62E-15
 8.58E-15 8.51E-15 8.42E-15 8.35E-15 8.27E-15 8.18E-15 8.12E-15 8.02E-15
 1.87E-16 5.38E-16 1.05E-15 1.59E-15 1.89E-15 2.18E-15 2.40E-15 2.48E-15
 2.55E-15 2.59E-15 2.61E-15 2.62E-15 2.63E-15 2.62E-15 2.62E-15 2.60E-15
 2.59E-15 2.58E-15 2.55E-15 2.54E-15 2.52E-15 2.50E-15 2.49E-15 2.47E-15
 6.26E-17 1.79E-16 3.49E-16 5.30E-16 6.29E-16 7.27E-16 8.00E-16 8.29E-16
 8.49E-16 8.64E-16 8.71E-16 8.76E-16 8.77E-16 8.76E-16 8.73E-16 8.69E-16
 8.66E-16 8.61E-16 8.54E-16 8.49E-16 8.44E-16 8.38E-16 8.35E-16 8.30E-16
 1.88E-17 5.38E-17 1.05E-16 1.59E-16 1.89E-16 2.18E-16 2.40E-16 2.49E-16
 2.55E-16 2.59E-16 2.61E-16 2.63E-16 2.63E-16 2.63E-16 2.62E-16 2.61E-16
 2.60E-16 2.58E-16 2.56E-16 2.55E-16 2.53E-16 2.52E-16 2.51E-16 2.50E-16
 6.26E-18 1.79E-17 3.49E-17 5.30E-17 6.30E-17 7.27E-17 8.00E-17 8.29E-17
 8.50E-17 8.64E-17 8.71E-17 8.76E-17 8.77E-17 8.76E-17 8.74E-17 8.70E-17
 8.67E-17 8.62E-17 8.55E-17 8.50E-17 8.45E-17 8.40E-17 8.37E-17 8.32E-17
 1.88E-18 5.38E-18 1.05E-17 1.59E-17 1.89E-17 2.18E-17 2.40E-17 2.49E-17
 2.55E-17 2.59E-17 2.61E-17 2.63E-17 2.63E-17 2.63E-17 2.62E-17 2.61E-17
 2.60E-17 2.59E-17 2.56E-17 2.55E-17 2.54E-17 2.52E-17 2.51E-17 2.50E-17
 6.26E-19 1.79E-18 3.49E-18 5.30E-18 6.30E-18 7.27E-18 8.00E-18 8.29E-18
 8.50E-18 8.65E-18 8.71E-18 8.76E-18 8.77E-18 8.76E-18 8.74E-18 8.70E-18
 8.67E-18 8.62E-18 8.55E-18 8.50E-18 8.45E-18 8.40E-18 8.37E-18 8.33E-18
 1.88E-19 5.38E-19 1.05E-18 1.59E-18 1.89E-18 2.18E-18 2.40E-18 2.49E-18
 2.55E-18 2.59E-18 2.61E-18 2.63E-18 2.63E-18 2.63E-18 2.62E-18 2.61E-18
 2.60E-18 2.59E-18 2.56E-18 2.55E-18 2.54E-18 2.52E-18 2.51E-18 2.50E-18
    61.7 A  24  24 /FILMEM = sm#mo38 /TYPE = EXCIT    /INDM = T/ISEL =   13
 1.37E+12 1.37E+13 1.37E+14 1.37E+15 1.37E+16 1.37E+17 4.12E+17 1.37E+18
 4.12E+18 1.37E+19 4.12E+19 1.37E+20 4.12E+20 1.37E+21 4.12E+21 1.37E+22
 4.12E+22 1.37E+23 4.12E+23 1.37E+24 4.12E+24 1.37E+25 4.12E+25 1.37E+26
 6.55E+01 9.17E+01 1.31E+02 1.97E+02 2.62E+02 3.93E+02 6.55E+02 9.17E+02
 1.31E+03 1.97E+03 2.62E+03 3.93E+03 6.55E+03 9.17E+03 1.31E+04 1.97E+04
 2.62E+04 3.93E+04 6.55E+04 9.17E+04 1.31E+05 1.97E+05 2.62E+05 3.93E+05
 2.09E-14 9.65E-14 2.68E-13 5.28E-13 6.96E-13 8.50E-13 8.81E-13 8.23E-13
 7.23E-13 5.91E-13 4.96E-13 3.73E-13 2.45E-13 1.81E-13 1.29E-13 8.62E-14
 6.46E-14 4.32E-14 2.64E-14 1.94E-14 1.43E-14 1.04E-14 8.47E-15 6.48E-15
 2.09E-14 9.65E-14 2.68E-13 5.28E-13 6.96E-13 8.50E-13 8.81E-13 8.23E-13
 7.23E-13 5.91E-13 4.96E-13 3.73E-13 2.45E-13 1.81E-13 1.29E-13 8.62E-14
 6.46E-14 4.32E-14 2.64E-14 1.94E-14 1.43E-14 1.04E-14 8.47E-15 6.48E-15
 2.09E-14 9.65E-14 2.68E-13 5.28E-13 6.96E-13 8.50E-13 8.81E-13 8.23E-13
 7.23E-13 5.91E-13 4.96E-13 3.73E-13 2.45E-13 1.81E-13 1.29E-13 8.62E-14
 6.47E-14 4.32E-14 2.64E-14 1.94E-14 1.43E-14 1.04E-14 8.47E-15 6.48E-15
 2.09E-14 9.66E-14 2.68E-13 5.28E-13 6.97E-13 8.51E-13 8.82E-13 8.23E-13
 7.23E-13 5.91E-13 4.96E-13 3.73E-13 2.45E-13 1.81E-13 1.29E-13 8.63E-14
 6.47E-14 4.33E-14 2.64E-14 1.94E-14 1.43E-14 1.04E-14 8.48E-15 6.48E-15
 2.12E-14 9.79E-14 2.71E-13 5.33E-13 7.03E-13 8.58E-13 8.88E-13 8.29E-13
 7.28E-13 5.94E-13 4.99E-13 3.75E-13 2.47E-13 1.82E-13 1.30E-13 8.71E-14
 6.54E-14 4.38E-14 2.68E-14 1.97E-14 1.45E-14 1.05E-14 8.57E-15 6.54E-15
 2.42E-14 1.10E-13 3.00E-13 5.83E-13 7.63E-13 9.22E-13 9.46E-13 8.80E-13
 7.71E-13 6.30E-13 5.29E-13 3.99E-13 2.65E-13 1.97E-13 1.41E-13 9.57E-14
 7.24E-14 4.88E-14 3.00E-14 2.20E-14 1.62E-14 1.17E-14 9.45E-15 7.14E-15
 3.03E-14 1.34E-13 3.59E-13 6.84E-13 8.85E-13 1.06E-12 1.07E-12 9.89E-13
 8.63E-13 7.04E-13 5.93E-13 4.50E-13 3.02E-13 2.28E-13 1.66E-13 1.15E-13
 8.75E-14 5.98E-14 3.71E-14 2.72E-14 1.99E-14 1.42E-14 1.14E-14 8.46E-15
 4.80E-14 2.03E-13 5.25E-13 9.72E-13 1.24E-12 1.44E-12 1.43E-12 1.32E-12
 1.15E-12 9.37E-13 7.94E-13 6.11E-13 4.25E-13 3.29E-13 2.47E-13 1.76E-13
 1.38E-13 9.65E-14 6.10E-14 4.49E-14 3.26E-14 2.29E-14 1.80E-14 1.30E-14
 7.96E-14 3.23E-13 8.11E-13 1.47E-12 1.85E-12 2.15E-12 2.13E-12 1.96E-12
 1.72E-12 1.43E-12 1.23E-12 9.71E-13 7.05E-13 5.64E-13 4.41E-13 3.28E-13
 2.62E-13 1.89E-13 1.23E-13 9.10E-14 6.61E-14 4.62E-14 3.59E-14 2.54E-14
 1.23E-13 4.85E-13 1.20E-12 2.17E-12 2.73E-12 3.19E-12 3.22E-12 3.01E-12
 2.69E-12 2.30E-12 2.02E-12 1.66E-12 1.28E-12 1.06E-12 8.68E-13 6.76E-13
 5.58E-13 4.19E-13 2.84E-13 2.16E-13 1.60E-13 1.13E-13 8.87E-14 6.28E-14
 1.57E-13 6.27E-13 1.56E-12 2.85E-12 3.61E-12 4.24E-12 4.32E-12 4.08E-12
 3.70E-12 3.21E-12 2.87E-12 2.43E-12 1.94E-12 1.67E-12 1.40E-12 1.14E-12
 9.66E-13 7.55E-13 5.37E-13 4.22E-13 3.23E-13 2.37E-13 1.89E-13 1.38E-13
 1.71E-13 7.18E-13 1.86E-12 3.46E-12 4.44E-12 5.29E-12 5.49E-12 5.25E-12
 4.82E-12 4.26E-12 3.85E-12 3.32E-12 2.73E-12 2.40E-12 2.07E-12 1.72E-12
 1.50E-12 1.21E-12 8.97E-13 7.25E-13 5.72E-13 4.35E-13 3.57E-13 2.69E-13
 1.31E-13 5.82E-13 1.57E-12 3.03E-12 3.98E-12 4.91E-12 5.36E-12 5.30E-12
 5.05E-12 4.63E-12 4.30E-12 3.83E-12 3.28E-12 2.95E-12 2.61E-12 2.24E-12
 1.99E-12 1.66E-12 1.28E-12 1.06E-12 8.58E-13 6.69E-13 5.59E-13 4.32E-13
 6.19E-14 2.88E-13 8.05E-13 1.61E-12 2.17E-12 2.80E-12 3.27E-12 3.39E-12
 3.41E-12 3.33E-12 3.22E-12 3.05E-12 2.79E-12 2.62E-12 2.43E-12 2.21E-12
 2.04E-12 1.79E-12 1.49E-12 1.29E-12 1.10E-12 9.03E-13 7.80E-13 6.28E-13
 2.43E-14 1.15E-13 3.26E-13 6.62E-13 9.05E-13 1.20E-12 1.45E-12 1.55E-12
 1.61E-12 1.64E-12 1.63E-12 1.61E-12 1.56E-12 1.52E-12 1.47E-12 1.40E-12
 1.35E-12 1.26E-12 1.13E-12 1.04E-12 9.45E-13 8.34E-13 7.57E-13 6.53E-13
 7.73E-15 3.69E-14 1.05E-13 2.15E-13 2.96E-13 3.95E-13 4.87E-13 5.27E-13
 5.57E-13 5.78E-13 5.87E-13 5.93E-13 5.93E-13 5.90E-13 5.85E-13 5.76E-13
 5.68E-13 5.54E-13 5.31E-13 5.13E-13 4.92E-13 4.65E-13 4.45E-13 4.14E-13
 2.62E-15 1.26E-14 3.59E-14 7.35E-14 1.01E-13 1.36E-13 1.68E-13 1.83E-13
 1.94E-13 2.03E-13 2.07E-13 2.11E-13 2.13E-13 2.14E-13 2.14E-13 2.13E-13
 2.12E-13 2.10E-13 2.07E-13 2.04E-13 2.01E-13 1.96E-13 1.93E-13 1.87E-13
 7.92E-16 3.79E-15 1.08E-14 2.22E-14 3.06E-14 4.11E-14 5.10E-14 5.55E-14
 5.91E-14 6.19E-14 6.33E-14 6.47E-14 6.57E-14 6.60E-14 6.62E-14 6.63E-14
 6.63E-14 6.61E-14 6.58E-14 6.55E-14 6.51E-14 6.45E-14 6.41E-14 6.34E-14
 2.64E-16 1.27E-15 3.62E-15 7.43E-15 1.02E-14 1.37E-14 1.70E-14 1.86E-14
 1.98E-14 2.07E-14 2.12E-14 2.17E-14 2.21E-14 2.22E-14 2.23E-14 2.23E-14
 2.24E-14 2.24E-14 2.23E-14 2.23E-14 2.22E-14 2.21E-14 2.20E-14 2.19E-14
 7.94E-17 3.80E-16 1.09E-15 2.23E-15 3.08E-15 4.13E-15 5.12E-15 5.58E-15
 5.95E-15 6.23E-15 6.38E-15 6.52E-15 6.63E-15 6.68E-15 6.71E-15 6.73E-15
 6.74E-15 6.74E-15 6.73E-15 6.72E-15 6.71E-15 6.70E-15 6.68E-15 6.67E-15
 2.65E-17 1.27E-16 3.63E-16 7.43E-16 1.03E-15 1.38E-15 1.71E-15 1.86E-15
 1.98E-15 2.08E-15 2.13E-15 2.18E-15 2.21E-15 2.23E-15 2.24E-15 2.25E-15
 2.25E-15 2.25E-15 2.25E-15 2.25E-15 2.24E-15 2.24E-15 2.23E-15 2.23E-15
 7.94E-18 3.81E-17 1.09E-16 2.23E-16 3.08E-16 4.13E-16 5.12E-16 5.59E-16
 5.95E-16 6.24E-16 6.38E-16 6.53E-16 6.64E-16 6.69E-16 6.72E-16 6.74E-16
 6.75E-16 6.75E-16 6.75E-16 6.74E-16 6.73E-16 6.72E-16 6.71E-16 6.70E-16
 2.65E-18 1.27E-17 3.63E-17 7.44E-17 1.03E-16 1.38E-16 1.71E-16 1.86E-16
 1.98E-16 2.08E-16 2.13E-16 2.18E-16 2.21E-16 2.23E-16 2.24E-16 2.25E-16
 2.25E-16 2.25E-16 2.25E-16 2.25E-16 2.24E-16 2.24E-16 2.24E-16 2.23E-16
 7.94E-19 3.81E-18 1.09E-17 2.23E-17 3.08E-17 4.13E-17 5.12E-17 5.59E-17
 5.95E-17 6.24E-17 6.39E-17 6.53E-17 6.64E-17 6.69E-17 6.72E-17 6.74E-17
 6.75E-17 6.76E-17 6.75E-17 6.74E-17 6.74E-17 6.72E-17 6.71E-17 6.70E-17
    51.5 A  24  24 /FILMEM = sm#mo38 /TYPE = EXCIT    /INDM = T/ISEL =   14
 1.37E+12 1.37E+13 1.37E+14 1.37E+15 1.37E+16 1.37E+17 4.12E+17 1.37E+18
 4.12E+18 1.37E+19 4.12E+19 1.37E+20 4.12E+20 1.37E+21 4.12E+21 1.37E+22
 4.12E+22 1.37E+23 4.12E+23 1.37E+24 4.12E+24 1.37E+25 4.12E+25 1.37E+26
 6.55E+01 9.17E+01 1.31E+02 1.97E+02 2.62E+02 3.93E+02 6.55E+02 9.17E+02
 1.31E+03 1.97E+03 2.62E+03 3.93E+03 6.55E+03 9.17E+03 1.31E+04 1.97E+04
 2.62E+04 3.93E+04 6.55E+04 9.17E+04 1.31E+05 1.97E+05 2.62E+05 3.93E+05
 4.13E-16 2.58E-15 9.49E-15 2.43E-14 3.71E-14 5.32E-14 6.38E-14 6.44E-14
 6.10E-14 5.44E-14 4.89E-14 4.12E-14 3.25E-14 2.78E-14 2.34E-14 1.93E-14
 1.68E-14 1.38E-14 1.08E-14 9.15E-15 7.65E-15 6.24E-15 5.40E-15 4.40E-15
 4.13E-16 2.58E-15 9.49E-15 2.43E-14 3.71E-14 5.32E-14 6.38E-14 6.44E-14
 6.10E-14 5.44E-14 4.89E-14 4.12E-14 3.25E-14 2.78E-14 2.34E-14 1.93E-14
 1.68E-14 1.38E-14 1.08E-14 9.15E-15 7.65E-15 6.24E-15 5.40E-15 4.40E-15
 4.13E-16 2.58E-15 9.49E-15 2.43E-14 3.71E-14 5.32E-14 6.38E-14 6.45E-14
 6.11E-14 5.44E-14 4.89E-14 4.12E-14 3.26E-14 2.78E-14 2.34E-14 1.93E-14
 1.68E-14 1.38E-14 1.08E-14 9.15E-15 7.65E-15 6.24E-15 5.40E-15 4.40E-15
 4.15E-16 2.59E-15 9.53E-15 2.44E-14 3.72E-14 5.33E-14 6.40E-14 6.46E-14
 6.12E-14 5.45E-14 4.90E-14 4.13E-14 3.26E-14 2.78E-14 2.34E-14 1.93E-14
 1.68E-14 1.38E-14 1.08E-14 9.15E-15 7.66E-15 6.24E-15 5.40E-15 4.40E-15
 4.34E-16 2.70E-15 9.88E-15 2.52E-14 3.83E-14 5.47E-14 6.54E-14 6.59E-14
 6.23E-14 5.54E-14 4.98E-14 4.19E-14 3.31E-14 2.82E-14 2.38E-14 1.95E-14
 1.70E-14 1.40E-14 1.09E-14 9.23E-15 7.71E-15 6.28E-15 5.43E-15 4.42E-15
 6.18E-16 3.75E-15 1.34E-14 3.30E-14 4.92E-14 6.83E-14 7.92E-14 7.87E-14
 7.35E-14 6.48E-14 5.79E-14 4.84E-14 3.80E-14 3.23E-14 2.71E-14 2.21E-14
 1.91E-14 1.55E-14 1.19E-14 9.98E-15 8.25E-15 6.66E-15 5.72E-15 4.62E-15
 1.01E-15 5.98E-15 2.07E-14 4.95E-14 7.21E-14 9.69E-14 1.09E-13 1.06E-13
 9.76E-14 8.48E-14 7.53E-14 6.26E-14 4.88E-14 4.12E-14 3.43E-14 2.77E-14
 2.37E-14 1.89E-14 1.41E-14 1.16E-14 9.45E-15 7.49E-15 6.36E-15 5.06E-15
 2.26E-15 1.29E-14 4.31E-14 9.94E-14 1.41E-13 1.84E-13 1.99E-13 1.91E-13
 1.73E-13 1.49E-13 1.31E-13 1.08E-13 8.39E-14 7.05E-14 5.82E-14 4.63E-14
 3.90E-14 3.03E-14 2.17E-14 1.73E-14 1.36E-14 1.03E-14 8.56E-15 6.59E-15
 5.18E-15 2.81E-14 9.08E-14 2.04E-13 2.86E-13 3.67E-13 3.93E-13 3.75E-13
 3.40E-13 2.93E-13 2.59E-13 2.15E-13 1.68E-13 1.42E-13 1.18E-13 9.32E-14
 7.81E-14 5.98E-14 4.16E-14 3.23E-14 2.46E-14 1.81E-14 1.46E-14 1.08E-14
 1.27E-14 6.52E-14 2.01E-13 4.36E-13 6.01E-13 7.59E-13 8.04E-13 7.67E-13
 6.98E-13 6.05E-13 5.40E-13 4.56E-13 3.65E-13 3.13E-13 2.64E-13 2.13E-13
 1.81E-13 1.40E-13 9.78E-14 7.60E-14 5.75E-14 4.18E-14 3.33E-14 2.41E-14
 2.71E-14 1.36E-13 4.08E-13 8.56E-13 1.16E-12 1.43E-12 1.49E-12 1.41E-12
 1.28E-12 1.10E-12 9.86E-13 8.38E-13 6.81E-13 5.93E-13 5.09E-13 4.20E-13
 3.62E-13 2.86E-13 2.06E-13 1.62E-13 1.25E-13 9.21E-14 7.39E-14 5.40E-14
 4.77E-14 2.43E-13 7.25E-13 1.50E-12 2.02E-12 2.50E-12 2.62E-12 2.50E-12
 2.28E-12 1.99E-12 1.78E-12 1.53E-12 1.26E-12 1.11E-12 9.70E-13 8.17E-13
 7.14E-13 5.78E-13 4.28E-13 3.45E-13 2.70E-13 2.03E-13 1.66E-13 1.23E-13
 4.75E-14 2.52E-13 7.72E-13 1.63E-12 2.23E-12 2.85E-12 3.15E-12 3.11E-12
 2.94E-12 2.67E-12 2.46E-12 2.18E-12 1.87E-12 1.69E-12 1.51E-12 1.31E-12
 1.17E-12 9.81E-13 7.57E-13 6.25E-13 5.04E-13 3.89E-13 3.22E-13 2.45E-13
 2.58E-14 1.43E-13 4.52E-13 9.90E-13 1.39E-12 1.87E-12 2.23E-12 2.32E-12
 2.33E-12 2.26E-12 2.19E-12 2.06E-12 1.89E-12 1.79E-12 1.67E-12 1.53E-12
 1.42E-12 1.26E-12 1.05E-12 9.11E-13 7.74E-13 6.33E-13 5.44E-13 4.35E-13
 1.06E-14 5.97E-14 1.92E-13 4.30E-13 6.16E-13 8.52E-13 1.06E-12 1.15E-12
 1.20E-12 1.22E-12 1.23E-12 1.21E-12 1.19E-12 1.17E-12 1.14E-12 1.10E-12
 1.06E-12 9.98E-13 9.04E-13 8.34E-13 7.55E-13 6.65E-13 6.01E-13 5.16E-13
 3.44E-15 1.95E-14 6.33E-14 1.43E-13 2.07E-13 2.90E-13 3.70E-13 4.07E-13
 4.35E-13 4.55E-13 4.64E-13 4.74E-13 4.81E-13 4.85E-13 4.88E-13 4.88E-13
 4.86E-13 4.81E-13 4.67E-13 4.55E-13 4.38E-13 4.15E-13 3.97E-13 3.68E-13
 1.17E-15 6.68E-15 2.17E-14 4.92E-14 7.12E-14 1.00E-13 1.29E-13 1.43E-13
 1.53E-13 1.62E-13 1.67E-13 1.72E-13 1.77E-13 1.80E-13 1.83E-13 1.86E-13
 1.88E-13 1.90E-13 1.90E-13 1.90E-13 1.89E-13 1.86E-13 1.84E-13 1.79E-13
 3.55E-16 2.02E-15 6.58E-15 1.49E-14 2.16E-14 3.05E-14 3.93E-14 4.36E-14
 4.70E-14 4.98E-14 5.14E-14 5.32E-14 5.51E-14 5.63E-14 5.75E-14 5.88E-14
 5.96E-14 6.07E-14 6.17E-14 6.23E-14 6.27E-14 6.30E-14 6.30E-14 6.29E-14
 1.19E-16 6.76E-16 2.20E-15 4.98E-15 7.23E-15 1.02E-14 1.32E-14 1.46E-14
 1.58E-14 1.67E-14 1.73E-14 1.79E-14 1.86E-14 1.90E-14 1.94E-14 1.99E-14
 2.02E-14 2.06E-14 2.11E-14 2.13E-14 2.16E-14 2.18E-14 2.19E-14 2.20E-14
 3.56E-17 2.03E-16 6.60E-16 1.50E-15 2.17E-15 3.06E-15 3.96E-15 4.39E-15
 4.74E-15 5.03E-15 5.19E-15 5.38E-15 5.59E-15 5.72E-15 5.85E-15 6.00E-15
 6.09E-15 6.22E-15 6.37E-15 6.46E-15 6.54E-15 6.62E-15 6.66E-15 6.72E-15
 1.19E-17 6.76E-17 2.20E-16 4.99E-16 7.24E-16 1.02E-15 1.32E-15 1.46E-15
 1.58E-15 1.68E-15 1.73E-15 1.79E-15 1.87E-15 1.91E-15 1.95E-15 2.00E-15
 2.03E-15 2.08E-15 2.13E-15 2.16E-15 2.19E-15 2.21E-15 2.23E-15 2.25E-15
 3.56E-18 2.03E-17 6.60E-17 1.50E-16 2.17E-16 3.07E-16 3.96E-16 4.40E-16
 4.74E-16 5.03E-16 5.20E-16 5.39E-16 5.60E-16 5.73E-16 5.86E-16 6.01E-16
 6.11E-16 6.24E-16 6.39E-16 6.48E-16 6.57E-16 6.65E-16 6.70E-16 6.76E-16
 1.19E-18 6.76E-18 2.20E-17 4.99E-17 7.24E-17 1.02E-16 1.32E-16 1.47E-16
 1.58E-16 1.68E-16 1.73E-16 1.80E-16 1.87E-16 1.91E-16 1.95E-16 2.00E-16
 2.04E-16 2.08E-16 2.13E-16 2.16E-16 2.19E-16 2.22E-16 2.23E-16 2.26E-16
 3.56E-19 2.03E-18 6.60E-18 1.50E-17 2.17E-17 3.07E-17 3.96E-17 4.40E-17
 4.74E-17 5.04E-17 5.20E-17 5.39E-17 5.60E-17 5.73E-17 5.86E-17 6.01E-17
 6.11E-17 6.24E-17 6.39E-17 6.48E-17 6.57E-17 6.65E-17 6.70E-17 6.77E-17
C-----------------------------------------------------------------------
C
C  PHOTON EMISSIVITY COEFFICIENTS:
C
C 
C  INFORMATION
C  -----------
C 
C  NUCLEAR CHARGE = 42
C  ION CHARGE +1  = 39
C 
C  SPECIFIC ION FILE  : /home/adas/adas/adf04/copsm#be/copsm#be_sm#mo38.dat
C  EXPANSION FILE     : 
C 
C  No ionisation data has been included
C
C  OPTIONS  : LNORM=T  LPSEL=F  LZSEL=F  LIOSEL=T
C             LHSEL=F  LRSEL=F  LISEL=F  LNSEL =T
C
C
C   Configuration           (2S+1)L(w-1/2)          Energy (cm**-1)
C     1   1S2 2S2              (1)0( 0.0)              0.0
C     2   1S2 2S1 2P1          (3)1( 0.0)         608760.5
C     3   1S2 2S1 2P1          (3)1( 1.0)         729762.0
C     4   1S2 2S1 2P1          (3)1( 2.0)        1597814.6
C     5   1S2 2P2              (3)1( 0.0)        1757602.7
C     6   1S2 2S1 2P1          (1)1( 1.0)        2017558.6
C     7   1S2 2P2              (3)1( 1.0)        2584503.9
C     8   1S2 2P2              (1)2( 2.0)        2687503.0
C     9   1S2 2P2              (3)1( 2.0)        3637968.1
C    10   1S2 2P2              (1)0( 0.0)        3957610.0
C
C
C  POPULATION PROCESSING CODE:  ADAS208
C
C  ISEL  WAVELENGTH      TRANSITION            TYPE    METASTABLE  IMET NMET  IP
C  ----  ----------  ------------------------  -----  ------------ ---- ----  --
C   1.     137.0     3(3)1( 1.0)- 1(1)0( 0.0)  EXCIT                 T     1
C   2.      49.6     6(1)1( 1.0)- 1(1)0( 0.0)  EXCIT                 T     1
C   3.      50.6     7(3)1( 1.0)- 2(3)1( 0.0)  EXCIT                 T     1
C   4.      97.3     5(3)1( 0.0)- 3(3)1( 1.0)  EXCIT                 T     1
C   5.      53.9     7(3)1( 1.0)- 3(3)1( 1.0)  EXCIT                 T     1
C   6.      51.1     8(1)2( 2.0)- 3(3)1( 1.0)  EXCIT                 T     1
C   7.      34.4     9(3)1( 2.0)- 3(3)1( 1.0)  EXCIT                 T     1
C   8.     101.3     7(3)1( 1.0)- 4(3)1( 2.0)  EXCIT                 T     1
C   9.      91.8     8(1)2( 2.0)- 4(3)1( 2.0)  EXCIT                 T     1
C  10.      49.0     9(3)1( 2.0)- 4(3)1( 2.0)  EXCIT                 T     1
C  11.     176.4     7(3)1( 1.0)- 6(1)1( 1.0)  EXCIT                 T     1
C  12.     149.3     8(1)2( 2.0)- 6(1)1( 1.0)  EXCIT                 T     1
C  13.      61.7     9(3)1( 2.0)- 6(1)1( 1.0)  EXCIT                 T     1
C  14.      51.5    10(1)0( 0.0)- 6(1)1( 1.0)  EXCIT                 T     1
C
C-------------------------------------------------------------------------------
C
C  This file is intended to provide PEC data for elements not yet
C  in the GCR framework. There may be a large variability in data
C  quality between ionisation stages of the same element. The adf04
C  file will indicate the source/quality of the fundamental data.
C  
C  Note that this file was not produced as part of the GCR Project. 
C  No recombination or projection data is used - only the low
C  levels (in the adf04 file) have been included in the collisional-
C  radiative calculation.
C
C  Check the adf15/pec96#<el>/ directories to see if more complete
C  data is available for this ionisation stage.
C
C-------------------------------------------------------------------------------
C
C  CODE     : ADAS208
C  PRODUCER : Martin O'Mullane              
C  DATE     : 15/04/04
C
C-------------------------------------------------------------------------------

C--------------------------------------------------------------------------------
C  SCCS info: Module @(#)$Header: /home/adascvs/adas/adf15/transport/transport_llu#mo38ic.dat,v 1.1 2004/07/07 00:32:06 whitefor Exp $ Date $Date: 2004/07/07 00:32:06 $
C--------------------------------------------------------------------------------
