* CASTEM (MASTLAB) output from Sophie, dated 071110
  1.000   8.331  -0.030   1.147
  2.000   8.337  -0.030   1.099
  3.000   8.342  -0.030   1.050
  4.000   8.348  -0.030   1.002
  5.000   8.354  -0.030   0.954
  6.000   8.360  -0.030   0.905
  7.000   8.365  -0.030   0.857
  8.000   8.371  -0.030   0.809
  9.000   8.377  -0.030   0.760
 10.000   8.382  -0.030   0.712
 11.000   8.388  -0.030   0.664
 12.000   8.387  -0.050   0.663
 13.000   8.383  -0.106   0.663
 14.000   8.380  -0.161   0.663
 15.000   8.378  -0.217   0.662
 16.000   8.380  -0.268   0.663
 17.000   8.382  -0.320   0.663
 18.000   8.385  -0.371   0.663
 19.000   8.388  -0.423   0.664
 20.000   8.393  -0.474   0.664
 21.000   8.401  -0.526   0.665
 22.000   8.417  -0.577   0.667
 23.000   8.360  -0.577   1.151
 24.000   8.366  -0.577   1.102
 25.000   8.372  -0.577   1.054
 26.000   8.377  -0.577   1.006
 27.000   8.383  -0.577   0.957
 28.000   8.389  -0.577   0.909
 29.000   8.395  -0.577   0.860
 30.000   8.400  -0.577   0.812
 31.000   8.406  -0.577   0.764
 32.000   8.412  -0.577   0.715
 33.000   8.329  -0.050   1.147
 34.000   8.326  -0.106   1.147
 35.000   8.323  -0.161   1.146
 36.000   8.321  -0.217   1.146
 37.000   8.323  -0.268   1.146
 38.000   8.325  -0.320   1.147
 39.000   8.328  -0.371   1.147
 40.000   8.331  -0.423   1.147
 41.000   8.336  -0.474   1.148
 42.000   8.343  -0.526   1.149
 43.000   8.335  -0.050   1.099
 44.000   8.332  -0.106   1.098
 45.000   8.329  -0.161   1.098
 46.000   8.326  -0.217   1.098
 47.000   8.328  -0.268   1.098
 48.000   8.331  -0.320   1.098
 49.000   8.333  -0.371   1.098
 50.000   8.337  -0.423   1.099
 51.000   8.342  -0.474   1.099
 52.000   8.349  -0.526   1.100
 53.000   8.341  -0.050   1.050
 54.000   8.338  -0.106   1.050
 55.000   8.335  -0.161   1.050
 56.000   8.332  -0.217   1.049
 57.000   8.334  -0.268   1.050
 58.000   8.336  -0.320   1.050
 59.000   8.339  -0.371   1.050
 60.000   8.343  -0.423   1.051
 61.000   8.347  -0.474   1.051
 62.000   8.355  -0.526   1.052
 63.000   8.347  -0.050   1.002
 64.000   8.343  -0.106   1.002
 65.000   8.340  -0.161   1.001
 66.000   8.338  -0.217   1.001
 67.000   8.340  -0.268   1.001
 68.000   8.342  -0.320   1.001
 69.000   8.345  -0.371   1.002
 70.000   8.348  -0.423   1.002
 71.000   8.353  -0.474   1.003
 72.000   8.361  -0.526   1.004
 73.000   8.352  -0.050   0.954
 74.000   8.349  -0.106   0.953
 75.000   8.346  -0.161   0.953
 76.000   8.344  -0.217   0.953
 77.000   8.345  -0.268   0.953
 78.000   8.348  -0.320   0.953
 79.000   8.351  -0.371   0.953
 80.000   8.354  -0.423   0.954
 81.000   8.359  -0.474   0.954
 82.000   8.366  -0.526   0.955
 83.000   8.358  -0.050   0.905
 84.000   8.355  -0.106   0.905
 85.000   8.352  -0.161   0.904
 86.000   8.349  -0.217   0.904
 87.000   8.351  -0.268   0.904
 88.000   8.354  -0.320   0.905
 89.000   8.356  -0.371   0.905
 90.000   8.360  -0.423   0.905
 91.000   8.365  -0.474   0.906
 92.000   8.372  -0.526   0.907
 93.000   8.364  -0.050   0.857
 94.000   8.360  -0.106   0.856
 95.000   8.357  -0.161   0.856
 96.000   8.355  -0.217   0.856
 97.000   8.357  -0.268   0.856
 98.000   8.359  -0.320   0.856
 99.000   8.362  -0.371   0.857
100.000   8.366  -0.423   0.857
101.000   8.370  -0.474   0.858
102.000   8.378  -0.526   0.858
103.000   8.370  -0.050   0.808
104.000   8.366  -0.106   0.808
105.000   8.363  -0.161   0.808
106.000   8.361  -0.217   0.807
107.000   8.363  -0.268   0.808
108.000   8.365  -0.320   0.808
109.000   8.368  -0.371   0.808
110.000   8.371  -0.423   0.809
111.000   8.376  -0.474   0.809
112.000   8.383  -0.526   0.810
113.000   8.375  -0.050   0.760
114.000   8.372  -0.106   0.760
115.000   8.369  -0.161   0.759
116.000   8.367  -0.217   0.759
117.000   8.368  -0.268   0.759
118.000   8.371  -0.320   0.760
119.000   8.373  -0.371   0.760
120.000   8.377  -0.423   0.760
121.000   8.382  -0.474   0.761
122.000   8.389  -0.526   0.762
123.000   8.381  -0.050   0.712
124.000   8.377  -0.106   0.711
125.000   8.375  -0.161   0.711
126.000   8.372  -0.217   0.711
127.000   8.374  -0.268   0.711
128.000   8.376  -0.320   0.711
129.000   8.379  -0.371   0.712
130.000   8.383  -0.423   0.712
131.000   8.387  -0.474   0.713
132.000   8.395  -0.526   0.713
133.000   8.390  -0.030   0.644
134.000   8.389  -0.050   0.644
135.000   8.386  -0.106   0.643
136.000   8.383  -0.161   0.643
137.000   8.380  -0.217   0.642
138.000   8.382  -0.268   0.643
139.000   8.384  -0.320   0.643
140.000   8.387  -0.371   0.643
141.000   8.391  -0.423   0.644
142.000   8.396  -0.474   0.644
143.000   8.403  -0.526   0.645
144.000   8.420  -0.577   0.647
145.000   8.448  -0.597   0.650
146.000   8.445  -0.597   0.670
147.000   8.440  -0.597   0.719
148.000   8.434  -0.597   0.767
149.000   8.428  -0.597   0.815
150.000   8.422  -0.597   0.864
151.000   8.417  -0.597   0.912
152.000   8.411  -0.597   0.960
153.000   8.405  -0.597   1.009
154.000   8.399  -0.597   1.057
155.000   8.394  -0.597   1.106
156.000   8.351  -0.030   1.150
157.000   8.357  -0.030   1.101
158.000   8.362  -0.030   1.053
159.000   8.368  -0.030   1.004
160.000   8.374  -0.030   0.956
161.000   8.379  -0.030   0.908
162.000   8.385  -0.030   0.859
163.000   8.391  -0.030   0.811
164.000   8.397  -0.030   0.763
165.000   8.402  -0.030   0.714
166.000   8.408  -0.030   0.666
167.000   8.410  -0.030   0.646
168.000   8.409  -0.050   0.646
169.000   8.406  -0.106   0.645
170.000   8.403  -0.161   0.645
171.000   8.400  -0.217   0.645
172.000   8.402  -0.268   0.645
173.000   8.404  -0.320   0.645
174.000   8.407  -0.371   0.646
175.000   8.411  -0.423   0.646
176.000   8.415  -0.474   0.647
177.000   8.423  -0.526   0.648
178.000   8.440  -0.577   0.650
179.000   8.467  -0.597   0.653
180.000   8.465  -0.597   0.673
181.000   8.459  -0.597   0.721
182.000   8.454  -0.597   0.769
183.000   8.448  -0.597   0.818
184.000   8.442  -0.597   0.866
185.000   8.437  -0.597   0.914
186.000   8.431  -0.597   0.963
187.000   8.425  -0.597   1.011
188.000   8.419  -0.597   1.060
189.000   8.414  -0.597   1.108
190.000   8.325  -0.030   1.196
191.000   8.319  -0.030   1.244
192.000   8.314  -0.030   1.292
193.000   8.308  -0.030   1.341
194.000   8.302  -0.030   1.389
195.000   8.297  -0.030   1.437
196.000   8.291  -0.030   1.486
197.000   8.285  -0.030   1.534
198.000   8.279  -0.030   1.582
199.000   8.274  -0.030   1.631
200.000   8.272  -0.050   1.631
201.000   8.269  -0.106   1.630
202.000   8.266  -0.161   1.630
203.000   8.263  -0.217   1.630
204.000   8.265  -0.268   1.630
205.000   8.268  -0.320   1.630
206.000   8.271  -0.371   1.630
207.000   8.274  -0.423   1.631
208.000   8.279  -0.474   1.631
209.000   8.286  -0.526   1.632
210.000   8.303  -0.577   1.634
211.000   8.354  -0.577   1.199
212.000   8.349  -0.577   1.247
213.000   8.343  -0.577   1.296
214.000   8.337  -0.577   1.344
215.000   8.332  -0.577   1.393
216.000   8.326  -0.577   1.441
217.000   8.320  -0.577   1.489
218.000   8.314  -0.577   1.538
219.000   8.309  -0.577   1.586
220.000   8.324  -0.050   1.195
221.000   8.320  -0.106   1.195
222.000   8.317  -0.161   1.195
223.000   8.315  -0.217   1.194
224.000   8.317  -0.268   1.195
225.000   8.319  -0.320   1.195
226.000   8.322  -0.371   1.195
227.000   8.325  -0.423   1.196
228.000   8.330  -0.474   1.196
229.000   8.338  -0.526   1.197
230.000   8.318  -0.050   1.244
231.000   8.315  -0.106   1.243
232.000   8.312  -0.161   1.243
233.000   8.309  -0.217   1.243
234.000   8.311  -0.268   1.243
235.000   8.313  -0.320   1.243
236.000   8.316  -0.371   1.244
237.000   8.320  -0.423   1.244
238.000   8.325  -0.474   1.244
239.000   8.332  -0.526   1.245
240.000   8.312  -0.050   1.292
241.000   8.309  -0.106   1.292
242.000   8.306  -0.161   1.291
243.000   8.303  -0.217   1.291
244.000   8.306  -0.268   1.291
245.000   8.308  -0.320   1.292
246.000   8.310  -0.371   1.292
247.000   8.314  -0.423   1.292
248.000   8.319  -0.474   1.293
249.000   8.326  -0.526   1.294
250.000   8.307  -0.050   1.341
251.000   8.303  -0.106   1.340
252.000   8.300  -0.161   1.340
253.000   8.298  -0.217   1.339
254.000   8.300  -0.268   1.340
255.000   8.302  -0.320   1.340
256.000   8.305  -0.371   1.340
257.000   8.308  -0.423   1.341
258.000   8.313  -0.474   1.341
259.000   8.320  -0.526   1.342
260.000   8.301  -0.050   1.389
261.000   8.297  -0.106   1.388
262.000   8.294  -0.161   1.388
263.000   8.292  -0.217   1.388
264.000   8.294  -0.268   1.388
265.000   8.296  -0.320   1.388
266.000   8.299  -0.371   1.389
267.000   8.303  -0.423   1.389
268.000   8.307  -0.474   1.390
269.000   8.315  -0.526   1.391
270.000   8.295  -0.050   1.437
271.000   8.292  -0.106   1.437
272.000   8.289  -0.161   1.436
273.000   8.286  -0.217   1.436
274.000   8.288  -0.268   1.436
275.000   8.291  -0.320   1.437
276.000   8.293  -0.371   1.437
277.000   8.297  -0.423   1.437
278.000   8.302  -0.474   1.438
279.000   8.309  -0.526   1.439
280.000   8.289  -0.050   1.486
281.000   8.286  -0.106   1.485
282.000   8.283  -0.161   1.485
283.000   8.281  -0.217   1.484
284.000   8.283  -0.268   1.485
285.000   8.285  -0.320   1.485
286.000   8.288  -0.371   1.485
287.000   8.291  -0.423   1.486
288.000   8.296  -0.474   1.486
289.000   8.303  -0.526   1.487
290.000   8.284  -0.050   1.534
291.000   8.280  -0.106   1.534
292.000   8.277  -0.161   1.533
293.000   8.275  -0.217   1.533
294.000   8.277  -0.268   1.533
295.000   8.279  -0.320   1.533
296.000   8.282  -0.371   1.534
297.000   8.285  -0.423   1.534
298.000   8.290  -0.474   1.535
299.000   8.298  -0.526   1.536
300.000   8.278  -0.050   1.582
301.000   8.274  -0.106   1.582
302.000   8.272  -0.161   1.581
303.000   8.269  -0.217   1.581
304.000   8.271  -0.268   1.581
305.000   8.273  -0.320   1.582
306.000   8.276  -0.371   1.582
307.000   8.280  -0.423   1.583
308.000   8.284  -0.474   1.583
309.000   8.292  -0.526   1.584
310.000   8.271  -0.030   1.651
311.000   8.270  -0.050   1.651
312.000   8.266  -0.106   1.650
313.000   8.264  -0.161   1.650
314.000   8.261  -0.217   1.649
315.000   8.263  -0.268   1.650
316.000   8.265  -0.320   1.650
317.000   8.268  -0.371   1.650
318.000   8.272  -0.423   1.651
319.000   8.276  -0.474   1.651
320.000   8.284  -0.526   1.652
321.000   8.301  -0.577   1.654
322.000   8.328  -0.597   1.657
323.000   8.331  -0.597   1.638
324.000   8.336  -0.597   1.589
325.000   8.342  -0.597   1.541
326.000   8.348  -0.597   1.492
327.000   8.354  -0.597   1.444
328.000   8.359  -0.597   1.396
329.000   8.365  -0.597   1.347
330.000   8.371  -0.597   1.299
331.000   8.377  -0.597   1.251
332.000   8.382  -0.597   1.202
333.000   8.345  -0.030   1.198
334.000   8.339  -0.030   1.246
335.000   8.334  -0.030   1.295
336.000   8.328  -0.030   1.343
337.000   8.322  -0.030   1.391
338.000   8.316  -0.030   1.440
339.000   8.311  -0.030   1.488
340.000   8.305  -0.030   1.536
341.000   8.299  -0.030   1.585
342.000   8.293  -0.030   1.633
343.000   8.291  -0.030   1.653
344.000   8.290  -0.050   1.653
345.000   8.286  -0.106   1.652
346.000   8.283  -0.161   1.652
347.000   8.281  -0.217   1.652
348.000   8.283  -0.268   1.652
349.000   8.285  -0.320   1.652
350.000   8.288  -0.371   1.653
351.000   8.291  -0.423   1.653
352.000   8.296  -0.474   1.654
353.000   8.304  -0.526   1.655
354.000   8.320  -0.577   1.657
355.000   8.348  -0.597   1.660
356.000   8.351  -0.597   1.640
357.000   8.356  -0.597   1.591
358.000   8.362  -0.597   1.543
359.000   8.368  -0.597   1.495
360.000   8.373  -0.597   1.446
361.000   8.379  -0.597   1.398
362.000   8.385  -0.597   1.350
363.000   8.391  -0.597   1.301
364.000   8.396  -0.597   1.253
365.000   8.402  -0.597   1.205
366.000   8.331   0.030   1.147
367.000   8.337   0.030   1.099
368.000   8.342   0.030   1.050
369.000   8.348   0.030   1.002
370.000   8.354   0.030   0.954
371.000   8.360   0.030   0.905
372.000   8.365   0.030   0.857
373.000   8.371   0.030   0.809
374.000   8.377   0.030   0.760
375.000   8.382   0.030   0.712
376.000   8.388   0.030   0.664
377.000   8.387   0.050   0.663
378.000   8.383   0.106   0.663
379.000   8.380   0.161   0.663
380.000   8.378   0.217   0.662
381.000   8.380   0.268   0.663
382.000   8.382   0.320   0.663
383.000   8.385   0.371   0.663
384.000   8.388   0.423   0.664
385.000   8.393   0.474   0.664
386.000   8.401   0.526   0.665
387.000   8.417   0.577   0.667
388.000   8.360   0.577   1.151
389.000   8.366   0.577   1.102
390.000   8.372   0.577   1.054
391.000   8.377   0.577   1.006
392.000   8.383   0.577   0.957
393.000   8.389   0.577   0.909
394.000   8.395   0.577   0.860
395.000   8.400   0.577   0.812
396.000   8.406   0.577   0.764
397.000   8.412   0.577   0.715
398.000   8.329   0.050   1.147
399.000   8.326   0.106   1.147
400.000   8.323   0.161   1.146
401.000   8.321   0.217   1.146
402.000   8.323   0.268   1.146
403.000   8.325   0.320   1.147
404.000   8.328   0.371   1.147
405.000   8.331   0.423   1.147
406.000   8.336   0.474   1.148
407.000   8.343   0.526   1.149
408.000   8.335   0.050   1.099
409.000   8.332   0.106   1.098
410.000   8.329   0.161   1.098
411.000   8.326   0.217   1.098
412.000   8.328   0.268   1.098
413.000   8.331   0.320   1.098
414.000   8.333   0.371   1.098
415.000   8.337   0.423   1.099
416.000   8.342   0.474   1.099
417.000   8.349   0.526   1.100
418.000   8.341   0.050   1.050
419.000   8.338   0.106   1.050
420.000   8.335   0.161   1.050
421.000   8.332   0.217   1.049
422.000   8.334   0.268   1.050
423.000   8.336   0.320   1.050
424.000   8.339   0.371   1.050
425.000   8.343   0.423   1.051
426.000   8.347   0.474   1.051
427.000   8.355   0.526   1.052
428.000   8.347   0.050   1.002
429.000   8.343   0.106   1.002
430.000   8.340   0.161   1.001
431.000   8.338   0.217   1.001
432.000   8.340   0.268   1.001
433.000   8.342   0.320   1.001
434.000   8.345   0.371   1.002
435.000   8.348   0.423   1.002
436.000   8.353   0.474   1.003
437.000   8.361   0.526   1.004
438.000   8.352   0.050   0.954
439.000   8.349   0.106   0.953
440.000   8.346   0.161   0.953
441.000   8.344   0.217   0.953
442.000   8.345   0.268   0.953
443.000   8.348   0.320   0.953
444.000   8.351   0.371   0.953
445.000   8.354   0.423   0.954
446.000   8.359   0.474   0.954
447.000   8.366   0.526   0.955
448.000   8.358   0.050   0.905
449.000   8.355   0.106   0.905
450.000   8.352   0.161   0.904
451.000   8.349   0.217   0.904
452.000   8.351   0.268   0.904
453.000   8.354   0.320   0.905
454.000   8.356   0.371   0.905
455.000   8.360   0.423   0.905
456.000   8.365   0.474   0.906
457.000   8.372   0.526   0.907
458.000   8.364   0.050   0.857
459.000   8.360   0.106   0.856
460.000   8.357   0.161   0.856
461.000   8.355   0.217   0.856
462.000   8.357   0.268   0.856
463.000   8.359   0.320   0.856
464.000   8.362   0.371   0.857
465.000   8.366   0.423   0.857
466.000   8.370   0.474   0.858
467.000   8.378   0.526   0.858
468.000   8.370   0.050   0.808
469.000   8.366   0.106   0.808
470.000   8.363   0.161   0.808
471.000   8.361   0.217   0.807
472.000   8.363   0.268   0.808
473.000   8.365   0.320   0.808
474.000   8.368   0.371   0.808
475.000   8.371   0.423   0.809
476.000   8.376   0.474   0.809
477.000   8.383   0.526   0.810
478.000   8.375   0.050   0.760
479.000   8.372   0.106   0.760
480.000   8.369   0.161   0.759
481.000   8.367   0.217   0.759
482.000   8.368   0.268   0.759
483.000   8.371   0.320   0.760
484.000   8.373   0.371   0.760
485.000   8.377   0.423   0.760
486.000   8.382   0.474   0.761
487.000   8.389   0.526   0.762
488.000   8.381   0.050   0.712
489.000   8.377   0.106   0.711
490.000   8.375   0.161   0.711
491.000   8.372   0.217   0.711
492.000   8.374   0.268   0.711
493.000   8.376   0.320   0.711
494.000   8.379   0.371   0.712
495.000   8.383   0.423   0.712
496.000   8.387   0.474   0.713
497.000   8.395   0.526   0.713
498.000   8.390   0.030   0.644
499.000   8.389   0.050   0.644
500.000   8.386   0.106   0.643
501.000   8.383   0.161   0.643
502.000   8.380   0.217   0.642
503.000   8.382   0.268   0.643
504.000   8.384   0.320   0.643
505.000   8.387   0.371   0.643
506.000   8.391   0.423   0.644
507.000   8.396   0.474   0.644
508.000   8.403   0.526   0.645
509.000   8.420   0.577   0.647
510.000   8.448   0.597   0.650
511.000   8.445   0.597   0.670
512.000   8.440   0.597   0.719
513.000   8.434   0.597   0.767
514.000   8.428   0.597   0.815
515.000   8.422   0.597   0.864
516.000   8.417   0.597   0.912
517.000   8.411   0.597   0.960
518.000   8.405   0.597   1.009
519.000   8.399   0.597   1.057
520.000   8.394   0.597   1.106
521.000   8.351   0.030   1.150
522.000   8.357   0.030   1.101
523.000   8.362   0.030   1.053
524.000   8.368   0.030   1.004
525.000   8.374   0.030   0.956
526.000   8.379   0.030   0.908
527.000   8.385   0.030   0.859
528.000   8.391   0.030   0.811
529.000   8.397   0.030   0.763
530.000   8.402   0.030   0.714
531.000   8.408   0.030   0.666
532.000   8.410   0.030   0.646
533.000   8.409   0.050   0.646
534.000   8.406   0.106   0.645
535.000   8.403   0.161   0.645
536.000   8.400   0.217   0.645
537.000   8.402   0.268   0.645
538.000   8.404   0.320   0.645
539.000   8.407   0.371   0.646
540.000   8.411   0.423   0.646
541.000   8.415   0.474   0.647
542.000   8.423   0.526   0.648
543.000   8.440   0.577   0.650
544.000   8.467   0.597   0.653
545.000   8.465   0.597   0.673
546.000   8.459   0.597   0.721
547.000   8.454   0.597   0.769
548.000   8.448   0.597   0.818
549.000   8.442   0.597   0.866
550.000   8.437   0.597   0.914
551.000   8.431   0.597   0.963
552.000   8.425   0.597   1.011
553.000   8.419   0.597   1.060
554.000   8.414   0.597   1.108
555.000   8.325   0.030   1.196
556.000   8.319   0.030   1.244
557.000   8.314   0.030   1.292
558.000   8.308   0.030   1.341
559.000   8.302   0.030   1.389
560.000   8.297   0.030   1.437
561.000   8.291   0.030   1.486
562.000   8.285   0.030   1.534
563.000   8.279   0.030   1.582
564.000   8.274   0.030   1.631
565.000   8.272   0.050   1.631
566.000   8.269   0.106   1.630
567.000   8.266   0.161   1.630
568.000   8.263   0.217   1.630
569.000   8.265   0.268   1.630
570.000   8.268   0.320   1.630
571.000   8.271   0.371   1.630
572.000   8.274   0.423   1.631
573.000   8.279   0.474   1.631
574.000   8.286   0.526   1.632
575.000   8.303   0.577   1.634
576.000   8.354   0.577   1.199
577.000   8.349   0.577   1.247
578.000   8.343   0.577   1.296
579.000   8.337   0.577   1.344
580.000   8.332   0.577   1.393
581.000   8.326   0.577   1.441
582.000   8.320   0.577   1.489
583.000   8.314   0.577   1.538
584.000   8.309   0.577   1.586
585.000   8.324   0.050   1.195
586.000   8.320   0.106   1.195
587.000   8.317   0.161   1.195
588.000   8.315   0.217   1.194
589.000   8.317   0.268   1.195
590.000   8.319   0.320   1.195
591.000   8.322   0.371   1.195
592.000   8.325   0.423   1.196
593.000   8.330   0.474   1.196
594.000   8.338   0.526   1.197
595.000   8.318   0.050   1.244
596.000   8.315   0.106   1.243
597.000   8.312   0.161   1.243
598.000   8.309   0.217   1.243
599.000   8.311   0.268   1.243
600.000   8.313   0.320   1.243
601.000   8.316   0.371   1.244
602.000   8.320   0.423   1.244
603.000   8.325   0.474   1.244
604.000   8.332   0.526   1.245
605.000   8.312   0.050   1.292
606.000   8.309   0.106   1.292
607.000   8.306   0.161   1.291
608.000   8.303   0.217   1.291
609.000   8.306   0.268   1.291
610.000   8.308   0.320   1.292
611.000   8.310   0.371   1.292
612.000   8.314   0.423   1.292
613.000   8.319   0.474   1.293
614.000   8.326   0.526   1.294
615.000   8.307   0.050   1.341
616.000   8.303   0.106   1.340
617.000   8.300   0.161   1.340
618.000   8.298   0.217   1.339
619.000   8.300   0.268   1.340
620.000   8.302   0.320   1.340
621.000   8.305   0.371   1.340
622.000   8.308   0.423   1.341
623.000   8.313   0.474   1.341
624.000   8.320   0.526   1.342
625.000   8.301   0.050   1.389
626.000   8.297   0.106   1.388
627.000   8.294   0.161   1.388
628.000   8.292   0.217   1.388
629.000   8.294   0.268   1.388
630.000   8.296   0.320   1.388
631.000   8.299   0.371   1.389
632.000   8.303   0.423   1.389
633.000   8.307   0.474   1.390
634.000   8.315   0.526   1.391
635.000   8.295   0.050   1.437
636.000   8.292   0.106   1.437
637.000   8.289   0.161   1.436
638.000   8.286   0.217   1.436
639.000   8.288   0.268   1.436
640.000   8.291   0.320   1.437
641.000   8.293   0.371   1.437
642.000   8.297   0.423   1.437
643.000   8.302   0.474   1.438
644.000   8.309   0.526   1.439
645.000   8.289   0.050   1.486
646.000   8.286   0.106   1.485
647.000   8.283   0.161   1.485
648.000   8.281   0.217   1.484
649.000   8.283   0.268   1.485
650.000   8.285   0.320   1.485
651.000   8.288   0.371   1.485
652.000   8.291   0.423   1.486
653.000   8.296   0.474   1.486
654.000   8.303   0.526   1.487
655.000   8.284   0.050   1.534
656.000   8.280   0.106   1.534
657.000   8.277   0.161   1.533
658.000   8.275   0.217   1.533
659.000   8.277   0.268   1.533
660.000   8.279   0.320   1.533
661.000   8.282   0.371   1.534
662.000   8.285   0.423   1.534
663.000   8.290   0.474   1.535
664.000   8.298   0.526   1.536
665.000   8.278   0.050   1.582
666.000   8.274   0.106   1.582
667.000   8.272   0.161   1.581
668.000   8.269   0.217   1.581
669.000   8.271   0.268   1.581
670.000   8.273   0.320   1.582
671.000   8.276   0.371   1.582
672.000   8.280   0.423   1.583
673.000   8.284   0.474   1.583
674.000   8.292   0.526   1.584
675.000   8.271   0.030   1.651
676.000   8.270   0.050   1.651
677.000   8.266   0.106   1.650
678.000   8.264   0.161   1.650
679.000   8.261   0.217   1.649
680.000   8.263   0.268   1.650
681.000   8.265   0.320   1.650
682.000   8.268   0.371   1.650
683.000   8.272   0.423   1.651
684.000   8.276   0.474   1.651
685.000   8.284   0.526   1.652
686.000   8.301   0.577   1.654
687.000   8.328   0.597   1.657
688.000   8.331   0.597   1.638
689.000   8.336   0.597   1.589
690.000   8.342   0.597   1.541
691.000   8.348   0.597   1.492
692.000   8.354   0.597   1.444
693.000   8.359   0.597   1.396
694.000   8.365   0.597   1.347
695.000   8.371   0.597   1.299
696.000   8.377   0.597   1.251
697.000   8.382   0.597   1.202
698.000   8.345   0.030   1.198
699.000   8.339   0.030   1.246
700.000   8.334   0.030   1.295
701.000   8.328   0.030   1.343
702.000   8.322   0.030   1.391
703.000   8.316   0.030   1.440
704.000   8.311   0.030   1.488
705.000   8.305   0.030   1.536
706.000   8.299   0.030   1.585
707.000   8.293   0.030   1.633
708.000   8.291   0.030   1.653
709.000   8.290   0.050   1.653
710.000   8.286   0.106   1.652
711.000   8.283   0.161   1.652
712.000   8.281   0.217   1.652
713.000   8.283   0.268   1.652
714.000   8.285   0.320   1.652
715.000   8.288   0.371   1.653
716.000   8.291   0.423   1.653
717.000   8.296   0.474   1.654
718.000   8.304   0.526   1.655
719.000   8.320   0.577   1.657
720.000   8.348   0.597   1.660
721.000   8.351   0.597   1.640
722.000   8.356   0.597   1.591
723.000   8.362   0.597   1.543
724.000   8.368   0.597   1.495
725.000   8.373   0.597   1.446
726.000   8.379   0.597   1.398
727.000   8.385   0.597   1.350
728.000   8.391   0.597   1.301
729.000   8.396   0.597   1.253
730.000   8.402   0.597   1.205
731.000   8.388  -0.597   1.154
732.000   8.408  -0.597   1.156
733.000   8.388   0.597   1.154
734.000   8.408   0.597   1.156
