* number of heading lines in this data file : 15
* 
* BM 3D coordinates extracted from CASTEM
* Post-proc in Matlab : only reading CASTEM raw data (for checking) and write concatenate ascii files - no modifications of X,Y,Z coordinates
* Date CASTEM calculations : 15/03/2011
* Date Matlab post-processing data : 15/03/2011
* Files can be found in : C:\CASTEM_FW.BM coordinates for Steve. march. 2011 (bis) -  whole column - def
* Modif compared to latest version : - 
* 
* FIRST WALL GEOMETRY:
* Reference design November 2009 - slightly adjusted in January 2010 (CATIA skeleton post-Blanket CDR)
* Spatial resolution corresponds to resolution used for previous FLT CASTEM calculations => definition of (rho,S) grid for DIVIMP (2010)
* 
* DATA
*   nºnode  nºelem  X(m)    Y(m)    Z(m) 
  1.000   1.000   8.432   0.597   0.214
  2.000   1.000   8.422   0.597   0.090
  3.000   1.000   8.427   0.597   0.090
  4.000   1.000   8.437   0.597   0.214
  5.000   2.000   8.443   0.597   0.338
  6.000   2.000   8.432   0.597   0.214
  7.000   2.000   8.437   0.597   0.214
  8.000   2.000   8.448   0.597   0.338
  9.000   3.000   8.453   0.597   0.462
 10.000   3.000   8.443   0.597   0.338
 11.000   3.000   8.448   0.597   0.338
 12.000   3.000   8.458   0.597   0.462
 13.000   4.000   8.463   0.597   0.586
 14.000   4.000   8.453   0.597   0.462
 15.000   4.000   8.458   0.597   0.462
 16.000   4.000   8.468   0.597   0.586
 17.000   5.000   8.464   0.597   0.596
 18.000   5.000   8.463   0.597   0.586
 19.000   5.000   8.468   0.597   0.586
 20.000   5.000   8.469   0.597   0.596
 21.000   6.000   8.444   0.587   0.598
 22.000   6.000   8.464   0.597   0.596
 23.000   6.000   8.469   0.597   0.596
 24.000   6.000   8.450   0.587   0.598
 25.000   7.000   8.411   0.464   0.601
 26.000   7.000   8.444   0.587   0.598
 27.000   7.000   8.450   0.587   0.598
 28.000   7.000   8.416   0.464   0.600
 29.000   8.000   8.402   0.340   0.602
 30.000   8.000   8.411   0.464   0.601
 31.000   8.000   8.416   0.464   0.600
 32.000   8.000   8.406   0.340   0.601
 33.000   9.000   8.396   0.217   0.602
 34.000   9.000   8.402   0.340   0.602
 35.000   9.000   8.406   0.340   0.601
 36.000   9.000   8.401   0.217   0.602
 37.000  10.000   8.406   0.040   0.601
 38.000  10.000   8.396   0.217   0.602
 39.000  10.000   8.401   0.217   0.602
 40.000  10.000   8.411   0.040   0.601
 41.000  11.000   8.406   0.030   0.601
 42.000  11.000   8.406   0.040   0.601
 43.000  11.000   8.411   0.040   0.601
 44.000  11.000   8.411   0.030   0.601
 45.000  12.000   8.405   0.030   0.591
 46.000  12.000   8.406   0.030   0.601
 47.000  12.000   8.411   0.030   0.601
 48.000  12.000   8.410   0.030   0.591
 49.000  13.000   8.395   0.030   0.467
 50.000  13.000   8.405   0.030   0.591
 51.000  13.000   8.410   0.030   0.591
 52.000  13.000   8.400   0.030   0.467
 53.000  14.000   8.385   0.030   0.343
 54.000  14.000   8.395   0.030   0.467
 55.000  14.000   8.400   0.030   0.467
 56.000  14.000   8.390   0.030   0.343
 57.000  15.000   8.374   0.030   0.219
 58.000  15.000   8.385   0.030   0.343
 59.000  15.000   8.390   0.030   0.343
 60.000  15.000   8.379   0.030   0.219
 61.000  16.000   8.364   0.030   0.095
 62.000  16.000   8.374   0.030   0.219
 63.000  16.000   8.379   0.030   0.219
 64.000  16.000   8.369   0.030   0.095
 65.000  17.000   8.427   0.597   0.215
 66.000  17.000   8.417   0.597   0.090
 67.000  17.000   8.422   0.597   0.090
 68.000  17.000   8.432   0.597   0.214
 69.000  18.000   8.438   0.597   0.339
 70.000  18.000   8.427   0.597   0.215
 71.000  18.000   8.432   0.597   0.214
 72.000  18.000   8.443   0.597   0.338
 73.000  19.000   8.448   0.597   0.463
 74.000  19.000   8.438   0.597   0.339
 75.000  19.000   8.443   0.597   0.338
 76.000  19.000   8.453   0.597   0.462
 77.000  20.000   8.458   0.597   0.587
 78.000  20.000   8.448   0.597   0.463
 79.000  20.000   8.453   0.597   0.462
 80.000  20.000   8.463   0.597   0.586
 81.000  21.000   8.459   0.597   0.597
 82.000  21.000   8.458   0.597   0.587
 83.000  21.000   8.463   0.597   0.586
 84.000  21.000   8.464   0.597   0.596
 85.000  22.000   8.440   0.587   0.598
 86.000  22.000   8.459   0.597   0.597
 87.000  22.000   8.464   0.597   0.596
 88.000  22.000   8.444   0.587   0.598
 89.000  23.000   8.406   0.464   0.601
 90.000  23.000   8.440   0.587   0.598
 91.000  23.000   8.444   0.587   0.598
 92.000  23.000   8.411   0.464   0.601
 93.000  24.000   8.396   0.340   0.602
 94.000  24.000   8.406   0.464   0.601
 95.000  24.000   8.411   0.464   0.601
 96.000  24.000   8.402   0.340   0.602
 97.000  25.000   8.391   0.217   0.602
 98.000  25.000   8.396   0.340   0.602
 99.000  25.000   8.402   0.340   0.602
100.000  25.000   8.396   0.217   0.602
101.000  26.000   8.400   0.040   0.602
102.000  26.000   8.391   0.217   0.602
103.000  26.000   8.396   0.217   0.602
104.000  26.000   8.406   0.040   0.601
105.000  27.000   8.401   0.030   0.602
106.000  27.000   8.400   0.040   0.602
107.000  27.000   8.406   0.040   0.601
108.000  27.000   8.406   0.030   0.601
109.000  28.000   8.400   0.030   0.592
110.000  28.000   8.401   0.030   0.602
111.000  28.000   8.406   0.030   0.601
112.000  28.000   8.405   0.030   0.591
113.000  29.000   8.390   0.030   0.468
114.000  29.000   8.400   0.030   0.592
115.000  29.000   8.405   0.030   0.591
116.000  29.000   8.395   0.030   0.467
117.000  30.000   8.380   0.030   0.343
118.000  30.000   8.390   0.030   0.468
119.000  30.000   8.395   0.030   0.467
120.000  30.000   8.385   0.030   0.343
121.000  31.000   8.369   0.030   0.219
122.000  31.000   8.380   0.030   0.343
123.000  31.000   8.385   0.030   0.343
124.000  31.000   8.374   0.030   0.219
125.000  32.000   8.359   0.030   0.095
126.000  32.000   8.369   0.030   0.219
127.000  32.000   8.374   0.030   0.219
128.000  32.000   8.364   0.030   0.095
129.000  33.000   8.417   0.597   0.215
130.000  33.000   8.407   0.597   0.091
131.000  33.000   8.417   0.597   0.090
132.000  33.000   8.427   0.597   0.215
133.000  34.000   8.428   0.597   0.339
134.000  34.000   8.417   0.597   0.215
135.000  34.000   8.427   0.597   0.215
136.000  34.000   8.438   0.597   0.339
137.000  35.000   8.438   0.597   0.464
138.000  35.000   8.428   0.597   0.339
139.000  35.000   8.438   0.597   0.339
140.000  35.000   8.448   0.597   0.463
141.000  36.000   8.448   0.597   0.588
142.000  36.000   8.438   0.597   0.464
143.000  36.000   8.448   0.597   0.463
144.000  36.000   8.458   0.597   0.587
145.000  37.000   8.449   0.597   0.598
146.000  37.000   8.448   0.597   0.588
147.000  37.000   8.458   0.597   0.587
148.000  37.000   8.459   0.597   0.597
149.000  38.000   8.430   0.587   0.599
150.000  38.000   8.449   0.597   0.598
151.000  38.000   8.459   0.597   0.597
152.000  38.000   8.440   0.587   0.598
153.000  39.000   8.396   0.464   0.602
154.000  39.000   8.430   0.587   0.599
155.000  39.000   8.440   0.587   0.598
156.000  39.000   8.406   0.464   0.601
157.000  40.000   8.387   0.340   0.603
158.000  40.000   8.396   0.464   0.602
159.000  40.000   8.406   0.464   0.601
160.000  40.000   8.396   0.340   0.602
161.000  41.000   8.381   0.217   0.603
162.000  41.000   8.387   0.340   0.603
163.000  41.000   8.396   0.340   0.602
164.000  41.000   8.391   0.217   0.602
165.000  42.000   8.390   0.040   0.602
166.000  42.000   8.381   0.217   0.603
167.000  42.000   8.391   0.217   0.602
168.000  42.000   8.400   0.040   0.602
169.000  43.000   8.391   0.030   0.602
170.000  43.000   8.390   0.040   0.602
171.000  43.000   8.400   0.040   0.602
172.000  43.000   8.401   0.030   0.602
173.000  44.000   8.390   0.030   0.592
174.000  44.000   8.391   0.030   0.602
175.000  44.000   8.401   0.030   0.602
176.000  44.000   8.400   0.030   0.592
177.000  45.000   8.380   0.030   0.468
178.000  45.000   8.390   0.030   0.592
179.000  45.000   8.400   0.030   0.592
180.000  45.000   8.390   0.030   0.468
181.000  46.000   8.370   0.030   0.344
182.000  46.000   8.380   0.030   0.468
183.000  46.000   8.390   0.030   0.468
184.000  46.000   8.380   0.030   0.343
185.000  47.000   8.359   0.030   0.220
186.000  47.000   8.370   0.030   0.344
187.000  47.000   8.380   0.030   0.343
188.000  47.000   8.369   0.030   0.219
189.000  48.000   8.349   0.030   0.096
190.000  48.000   8.359   0.030   0.220
191.000  48.000   8.369   0.030   0.219
192.000  48.000   8.359   0.030   0.095
193.000  49.000   8.384   0.464   0.468
194.000  49.000   8.418   0.587   0.465
195.000  49.000   8.429   0.587   0.589
196.000  49.000   8.395   0.464   0.592
197.000  50.000   8.375   0.340   0.469
198.000  50.000   8.384   0.464   0.468
199.000  50.000   8.395   0.464   0.592
200.000  50.000   8.386   0.340   0.593
201.000  51.000   8.370   0.217   0.469
202.000  51.000   8.375   0.340   0.469
203.000  51.000   8.386   0.340   0.593
204.000  51.000   8.380   0.217   0.593
205.000  52.000   8.379   0.040   0.468
206.000  52.000   8.370   0.217   0.469
207.000  52.000   8.380   0.217   0.593
208.000  52.000   8.390   0.040   0.593
209.000  53.000   8.374   0.464   0.344
210.000  53.000   8.408   0.587   0.341
211.000  53.000   8.418   0.587   0.465
212.000  53.000   8.384   0.464   0.468
213.000  54.000   8.365   0.340   0.345
214.000  54.000   8.374   0.464   0.344
215.000  54.000   8.384   0.464   0.468
216.000  54.000   8.375   0.340   0.469
217.000  55.000   8.360   0.217   0.345
218.000  55.000   8.365   0.340   0.345
219.000  55.000   8.375   0.340   0.469
220.000  55.000   8.370   0.217   0.469
221.000  56.000   8.369   0.040   0.344
222.000  56.000   8.360   0.217   0.345
223.000  56.000   8.370   0.217   0.469
224.000  56.000   8.379   0.040   0.468
225.000  57.000   8.364   0.464   0.220
226.000  57.000   8.398   0.587   0.217
227.000  57.000   8.408   0.587   0.341
228.000  57.000   8.374   0.464   0.344
229.000  58.000   8.355   0.340   0.221
230.000  58.000   8.364   0.464   0.220
231.000  58.000   8.374   0.464   0.344
232.000  58.000   8.365   0.340   0.345
233.000  59.000   8.349   0.217   0.221
234.000  59.000   8.355   0.340   0.221
235.000  59.000   8.365   0.340   0.345
236.000  59.000   8.360   0.217   0.345
237.000  60.000   8.359   0.040   0.220
238.000  60.000   8.349   0.217   0.221
239.000  60.000   8.360   0.217   0.345
240.000  60.000   8.369   0.040   0.344
241.000  61.000   8.353   0.464   0.096
242.000  61.000   8.387   0.587   0.093
243.000  61.000   8.398   0.587   0.217
244.000  61.000   8.364   0.464   0.220
245.000  62.000   8.344   0.340   0.097
246.000  62.000   8.353   0.464   0.096
247.000  62.000   8.364   0.464   0.220
248.000  62.000   8.355   0.340   0.221
249.000  63.000   8.339   0.217   0.097
250.000  63.000   8.344   0.340   0.097
251.000  63.000   8.355   0.340   0.221
252.000  63.000   8.349   0.217   0.221
253.000  64.000   8.348   0.040   0.096
254.000  64.000   8.339   0.217   0.097
255.000  64.000   8.349   0.217   0.221
256.000  64.000   8.359   0.040   0.220
257.000  65.000   8.418   0.587   0.465
258.000  65.000   8.438   0.597   0.464
259.000  65.000   8.448   0.597   0.588
260.000  65.000   8.429   0.587   0.589
261.000  66.000   8.408   0.587   0.341
262.000  66.000   8.428   0.597   0.339
263.000  66.000   8.438   0.597   0.464
264.000  66.000   8.418   0.587   0.465
265.000  67.000   8.398   0.587   0.217
266.000  67.000   8.417   0.597   0.215
267.000  67.000   8.428   0.597   0.339
268.000  67.000   8.408   0.587   0.341
269.000  68.000   8.387   0.587   0.093
270.000  68.000   8.407   0.597   0.091
271.000  68.000   8.417   0.597   0.215
272.000  68.000   8.398   0.587   0.217
273.000  69.000   8.429   0.587   0.589
274.000  69.000   8.448   0.597   0.588
275.000  69.000   8.449   0.597   0.598
276.000  69.000   8.430   0.587   0.599
277.000  70.000   8.395   0.464   0.592
278.000  70.000   8.429   0.587   0.589
279.000  70.000   8.430   0.587   0.599
280.000  70.000   8.396   0.464   0.602
281.000  71.000   8.386   0.340   0.593
282.000  71.000   8.395   0.464   0.592
283.000  71.000   8.396   0.464   0.602
284.000  71.000   8.387   0.340   0.603
285.000  72.000   8.380   0.217   0.593
286.000  72.000   8.386   0.340   0.593
287.000  72.000   8.387   0.340   0.603
288.000  72.000   8.381   0.217   0.603
289.000  73.000   8.390   0.040   0.593
290.000  73.000   8.380   0.217   0.593
291.000  73.000   8.381   0.217   0.603
292.000  73.000   8.390   0.040   0.602
293.000  74.000   8.390   0.030   0.592
294.000  74.000   8.390   0.040   0.593
295.000  74.000   8.390   0.040   0.602
296.000  74.000   8.391   0.030   0.602
297.000  75.000   8.380   0.030   0.468
298.000  75.000   8.379   0.040   0.468
299.000  75.000   8.390   0.040   0.593
300.000  75.000   8.390   0.030   0.592
301.000  76.000   8.370   0.030   0.344
302.000  76.000   8.369   0.040   0.344
303.000  76.000   8.379   0.040   0.468
304.000  76.000   8.380   0.030   0.468
305.000  77.000   8.359   0.030   0.220
306.000  77.000   8.359   0.040   0.220
307.000  77.000   8.369   0.040   0.344
308.000  77.000   8.370   0.030   0.344
309.000  78.000   8.349   0.030   0.096
310.000  78.000   8.348   0.040   0.096
311.000  78.000   8.359   0.040   0.220
312.000  78.000   8.359   0.030   0.220
313.000  79.000   8.412   0.597  -0.034
314.000  79.000   8.422   0.597   0.090
315.000  79.000   8.427   0.597   0.090
316.000  79.000   8.416   0.597  -0.034
317.000  80.000   8.401   0.597  -0.158
318.000  80.000   8.412   0.597  -0.034
319.000  80.000   8.416   0.597  -0.034
320.000  80.000   8.406   0.597  -0.158
321.000  81.000   8.391   0.597  -0.282
322.000  81.000   8.401   0.597  -0.158
323.000  81.000   8.406   0.597  -0.158
324.000  81.000   8.396   0.597  -0.283
325.000  82.000   8.380   0.597  -0.406
326.000  82.000   8.391   0.597  -0.282
327.000  82.000   8.396   0.597  -0.283
328.000  82.000   8.385   0.597  -0.407
329.000  83.000   8.380   0.597  -0.416
330.000  83.000   8.380   0.597  -0.406
331.000  83.000   8.385   0.597  -0.407
332.000  83.000   8.385   0.597  -0.417
333.000  84.000   8.360   0.587  -0.415
334.000  84.000   8.380   0.597  -0.416
335.000  84.000   8.385   0.597  -0.417
336.000  84.000   8.365   0.587  -0.415
337.000  85.000   8.326   0.464  -0.412
338.000  85.000   8.360   0.587  -0.415
339.000  85.000   8.365   0.587  -0.415
340.000  85.000   8.331   0.464  -0.412
341.000  86.000   8.317   0.340  -0.411
342.000  86.000   8.326   0.464  -0.412
343.000  86.000   8.331   0.464  -0.412
344.000  86.000   8.322   0.340  -0.411
345.000  87.000   8.311   0.217  -0.410
346.000  87.000   8.317   0.340  -0.411
347.000  87.000   8.322   0.340  -0.411
348.000  87.000   8.316   0.217  -0.411
349.000  88.000   8.321   0.040  -0.411
350.000  88.000   8.311   0.217  -0.410
351.000  88.000   8.316   0.217  -0.411
352.000  88.000   8.326   0.040  -0.412
353.000  89.000   8.322   0.030  -0.411
354.000  89.000   8.321   0.040  -0.411
355.000  89.000   8.326   0.040  -0.412
356.000  89.000   8.327   0.030  -0.412
357.000  90.000   8.322   0.030  -0.401
358.000  90.000   8.322   0.030  -0.411
359.000  90.000   8.327   0.030  -0.412
360.000  90.000   8.327   0.030  -0.402
361.000  91.000   8.333   0.030  -0.277
362.000  91.000   8.322   0.030  -0.401
363.000  91.000   8.327   0.030  -0.402
364.000  91.000   8.338   0.030  -0.278
365.000  92.000   8.343   0.030  -0.153
366.000  92.000   8.333   0.030  -0.277
367.000  92.000   8.338   0.030  -0.278
368.000  92.000   8.348   0.030  -0.154
369.000  93.000   8.354   0.030  -0.029
370.000  93.000   8.343   0.030  -0.153
371.000  93.000   8.348   0.030  -0.154
372.000  93.000   8.358   0.030  -0.030
373.000  94.000   8.364   0.030   0.095
374.000  94.000   8.354   0.030  -0.029
375.000  94.000   8.358   0.030  -0.030
376.000  94.000   8.369   0.030   0.095
377.000  95.000   8.407   0.597  -0.034
378.000  95.000   8.417   0.597   0.090
379.000  95.000   8.422   0.597   0.090
380.000  95.000   8.412   0.597  -0.034
381.000  96.000   8.396   0.597  -0.158
382.000  96.000   8.407   0.597  -0.034
383.000  96.000   8.412   0.597  -0.034
384.000  96.000   8.401   0.597  -0.158
385.000  97.000   8.386   0.597  -0.282
386.000  97.000   8.396   0.597  -0.158
387.000  97.000   8.401   0.597  -0.158
388.000  97.000   8.391   0.597  -0.282
389.000  98.000   8.375   0.597  -0.406
390.000  98.000   8.386   0.597  -0.282
391.000  98.000   8.391   0.597  -0.282
392.000  98.000   8.380   0.597  -0.406
393.000  99.000   8.375   0.597  -0.416
394.000  99.000   8.375   0.597  -0.406
395.000  99.000   8.380   0.597  -0.406
396.000  99.000   8.380   0.597  -0.416
397.000 100.000   8.355   0.587  -0.414
398.000 100.000   8.375   0.597  -0.416
399.000 100.000   8.380   0.597  -0.416
400.000 100.000   8.360   0.587  -0.415
401.000 101.000   8.321   0.464  -0.411
402.000 101.000   8.355   0.587  -0.414
403.000 101.000   8.360   0.587  -0.415
404.000 101.000   8.326   0.464  -0.412
405.000 102.000   8.312   0.340  -0.410
406.000 102.000   8.321   0.464  -0.411
407.000 102.000   8.326   0.464  -0.412
408.000 102.000   8.317   0.340  -0.411
409.000 103.000   8.306   0.217  -0.410
410.000 103.000   8.312   0.340  -0.410
411.000 103.000   8.317   0.340  -0.411
412.000 103.000   8.311   0.217  -0.410
413.000 104.000   8.316   0.040  -0.411
414.000 104.000   8.306   0.217  -0.410
415.000 104.000   8.311   0.217  -0.410
416.000 104.000   8.321   0.040  -0.411
417.000 105.000   8.317   0.030  -0.411
418.000 105.000   8.316   0.040  -0.411
419.000 105.000   8.321   0.040  -0.411
420.000 105.000   8.322   0.030  -0.411
421.000 106.000   8.317   0.030  -0.401
422.000 106.000   8.317   0.030  -0.411
423.000 106.000   8.322   0.030  -0.411
424.000 106.000   8.322   0.030  -0.401
425.000 107.000   8.328   0.030  -0.277
426.000 107.000   8.317   0.030  -0.401
427.000 107.000   8.322   0.030  -0.401
428.000 107.000   8.333   0.030  -0.277
429.000 108.000   8.338   0.030  -0.153
430.000 108.000   8.328   0.030  -0.277
431.000 108.000   8.333   0.030  -0.277
432.000 108.000   8.343   0.030  -0.153
433.000 109.000   8.349   0.030  -0.029
434.000 109.000   8.338   0.030  -0.153
435.000 109.000   8.343   0.030  -0.153
436.000 109.000   8.354   0.030  -0.029
437.000 110.000   8.359   0.030   0.095
438.000 110.000   8.349   0.030  -0.029
439.000 110.000   8.354   0.030  -0.029
440.000 110.000   8.364   0.030   0.095
441.000 111.000   8.397   0.597  -0.033
442.000 111.000   8.407   0.597   0.091
443.000 111.000   8.417   0.597   0.090
444.000 111.000   8.407   0.597  -0.034
445.000 112.000   8.386   0.597  -0.157
446.000 112.000   8.397   0.597  -0.033
447.000 112.000   8.407   0.597  -0.034
448.000 112.000   8.396   0.597  -0.158
449.000 113.000   8.376   0.597  -0.281
450.000 113.000   8.386   0.597  -0.157
451.000 113.000   8.396   0.597  -0.158
452.000 113.000   8.386   0.597  -0.282
453.000 114.000   8.366   0.597  -0.405
454.000 114.000   8.376   0.597  -0.281
455.000 114.000   8.386   0.597  -0.282
456.000 114.000   8.375   0.597  -0.406
457.000 115.000   8.365   0.597  -0.415
458.000 115.000   8.366   0.597  -0.405
459.000 115.000   8.375   0.597  -0.406
460.000 115.000   8.375   0.597  -0.416
461.000 116.000   8.345   0.587  -0.413
462.000 116.000   8.365   0.597  -0.415
463.000 116.000   8.375   0.597  -0.416
464.000 116.000   8.355   0.587  -0.414
465.000 117.000   8.311   0.464  -0.410
466.000 117.000   8.345   0.587  -0.413
467.000 117.000   8.355   0.587  -0.414
468.000 117.000   8.321   0.464  -0.411
469.000 118.000   8.302   0.340  -0.410
470.000 118.000   8.311   0.464  -0.410
471.000 118.000   8.321   0.464  -0.411
472.000 118.000   8.312   0.340  -0.410
473.000 119.000   8.296   0.217  -0.409
474.000 119.000   8.302   0.340  -0.410
475.000 119.000   8.312   0.340  -0.410
476.000 119.000   8.306   0.217  -0.410
477.000 120.000   8.306   0.040  -0.410
478.000 120.000   8.296   0.217  -0.409
479.000 120.000   8.306   0.217  -0.410
480.000 120.000   8.316   0.040  -0.411
481.000 121.000   8.307   0.030  -0.410
482.000 121.000   8.306   0.040  -0.410
483.000 121.000   8.316   0.040  -0.411
484.000 121.000   8.317   0.030  -0.411
485.000 122.000   8.307   0.030  -0.400
486.000 122.000   8.307   0.030  -0.410
487.000 122.000   8.317   0.030  -0.411
488.000 122.000   8.317   0.030  -0.401
489.000 123.000   8.318   0.030  -0.276
490.000 123.000   8.307   0.030  -0.400
491.000 123.000   8.317   0.030  -0.401
492.000 123.000   8.328   0.030  -0.277
493.000 124.000   8.328   0.030  -0.152
494.000 124.000   8.318   0.030  -0.276
495.000 124.000   8.328   0.030  -0.277
496.000 124.000   8.338   0.030  -0.153
497.000 125.000   8.339   0.030  -0.028
498.000 125.000   8.328   0.030  -0.152
499.000 125.000   8.338   0.030  -0.153
500.000 125.000   8.349   0.030  -0.029
501.000 126.000   8.349   0.030   0.096
502.000 126.000   8.339   0.030  -0.028
503.000 126.000   8.349   0.030  -0.029
504.000 126.000   8.359   0.030   0.095
505.000 127.000   8.322   0.464  -0.276
506.000 127.000   8.356   0.587  -0.279
507.000 127.000   8.346   0.587  -0.403
508.000 127.000   8.312   0.464  -0.400
509.000 128.000   8.313   0.340  -0.276
510.000 128.000   8.322   0.464  -0.276
511.000 128.000   8.312   0.464  -0.400
512.000 128.000   8.303   0.340  -0.400
513.000 129.000   8.308   0.217  -0.275
514.000 129.000   8.313   0.340  -0.276
515.000 129.000   8.303   0.340  -0.400
516.000 129.000   8.297   0.217  -0.399
517.000 130.000   8.317   0.040  -0.276
518.000 130.000   8.308   0.217  -0.275
519.000 130.000   8.297   0.217  -0.399
520.000 130.000   8.307   0.040  -0.400
521.000 131.000   8.333   0.464  -0.152
522.000 131.000   8.367   0.587  -0.155
523.000 131.000   8.356   0.587  -0.279
524.000 131.000   8.322   0.464  -0.276
525.000 132.000   8.323   0.340  -0.152
526.000 132.000   8.333   0.464  -0.152
527.000 132.000   8.322   0.464  -0.276
528.000 132.000   8.313   0.340  -0.276
529.000 133.000   8.318   0.217  -0.151
530.000 133.000   8.323   0.340  -0.152
531.000 133.000   8.313   0.340  -0.276
532.000 133.000   8.308   0.217  -0.275
533.000 134.000   8.328   0.040  -0.152
534.000 134.000   8.318   0.217  -0.151
535.000 134.000   8.308   0.217  -0.275
536.000 134.000   8.317   0.040  -0.276
537.000 135.000   8.343   0.464  -0.028
538.000 135.000   8.377   0.587  -0.031
539.000 135.000   8.367   0.587  -0.155
540.000 135.000   8.333   0.464  -0.152
541.000 136.000   8.334   0.340  -0.028
542.000 136.000   8.343   0.464  -0.028
543.000 136.000   8.333   0.464  -0.152
544.000 136.000   8.323   0.340  -0.152
545.000 137.000   8.328   0.217  -0.027
546.000 137.000   8.334   0.340  -0.028
547.000 137.000   8.323   0.340  -0.152
548.000 137.000   8.318   0.217  -0.151
549.000 138.000   8.338   0.040  -0.028
550.000 138.000   8.328   0.217  -0.027
551.000 138.000   8.318   0.217  -0.151
552.000 138.000   8.328   0.040  -0.152
553.000 139.000   8.353   0.464   0.096
554.000 139.000   8.387   0.587   0.093
555.000 139.000   8.377   0.587  -0.031
556.000 139.000   8.343   0.464  -0.028
557.000 140.000   8.344   0.340   0.097
558.000 140.000   8.353   0.464   0.096
559.000 140.000   8.343   0.464  -0.028
560.000 140.000   8.334   0.340  -0.028
561.000 141.000   8.339   0.217   0.097
562.000 141.000   8.344   0.340   0.097
563.000 141.000   8.334   0.340  -0.028
564.000 141.000   8.328   0.217  -0.027
565.000 142.000   8.348   0.040   0.096
566.000 142.000   8.339   0.217   0.097
567.000 142.000   8.328   0.217  -0.027
568.000 142.000   8.338   0.040  -0.028
569.000 143.000   8.356   0.587  -0.279
570.000 143.000   8.376   0.597  -0.281
571.000 143.000   8.366   0.597  -0.405
572.000 143.000   8.346   0.587  -0.403
573.000 144.000   8.367   0.587  -0.155
574.000 144.000   8.386   0.597  -0.157
575.000 144.000   8.376   0.597  -0.281
576.000 144.000   8.356   0.587  -0.279
577.000 145.000   8.377   0.587  -0.031
578.000 145.000   8.397   0.597  -0.033
579.000 145.000   8.386   0.597  -0.157
580.000 145.000   8.367   0.587  -0.155
581.000 146.000   8.387   0.587   0.093
582.000 146.000   8.407   0.597   0.091
583.000 146.000   8.397   0.597  -0.033
584.000 146.000   8.377   0.587  -0.031
585.000 147.000   8.346   0.587  -0.403
586.000 147.000   8.366   0.597  -0.405
587.000 147.000   8.365   0.597  -0.415
588.000 147.000   8.345   0.587  -0.413
589.000 148.000   8.312   0.464  -0.400
590.000 148.000   8.346   0.587  -0.403
591.000 148.000   8.345   0.587  -0.413
592.000 148.000   8.311   0.464  -0.410
593.000 149.000   8.303   0.340  -0.400
594.000 149.000   8.312   0.464  -0.400
595.000 149.000   8.311   0.464  -0.410
596.000 149.000   8.302   0.340  -0.410
597.000 150.000   8.297   0.217  -0.399
598.000 150.000   8.303   0.340  -0.400
599.000 150.000   8.302   0.340  -0.410
600.000 150.000   8.296   0.217  -0.409
601.000 151.000   8.307   0.040  -0.400
602.000 151.000   8.297   0.217  -0.399
603.000 151.000   8.296   0.217  -0.409
604.000 151.000   8.306   0.040  -0.410
605.000 152.000   8.307   0.030  -0.400
606.000 152.000   8.307   0.040  -0.400
607.000 152.000   8.306   0.040  -0.410
608.000 152.000   8.307   0.030  -0.410
609.000 153.000   8.318   0.030  -0.276
610.000 153.000   8.317   0.040  -0.276
611.000 153.000   8.307   0.040  -0.400
612.000 153.000   8.307   0.030  -0.400
613.000 154.000   8.328   0.030  -0.152
614.000 154.000   8.328   0.040  -0.152
615.000 154.000   8.317   0.040  -0.276
616.000 154.000   8.318   0.030  -0.276
617.000 155.000   8.339   0.030  -0.028
618.000 155.000   8.338   0.040  -0.028
619.000 155.000   8.328   0.040  -0.152
620.000 155.000   8.328   0.030  -0.152
621.000 156.000   8.349   0.030   0.096
622.000 156.000   8.348   0.040   0.096
623.000 156.000   8.338   0.040  -0.028
624.000 156.000   8.339   0.030  -0.028
625.000 157.000   8.432  -0.597   0.214
626.000 157.000   8.422  -0.597   0.090
627.000 157.000   8.427  -0.597   0.090
628.000 157.000   8.437  -0.597   0.214
629.000 158.000   8.443  -0.597   0.338
630.000 158.000   8.432  -0.597   0.214
631.000 158.000   8.437  -0.597   0.214
632.000 158.000   8.448  -0.597   0.338
633.000 159.000   8.453  -0.597   0.462
634.000 159.000   8.443  -0.597   0.338
635.000 159.000   8.448  -0.597   0.338
636.000 159.000   8.458  -0.597   0.462
637.000 160.000   8.463  -0.597   0.586
638.000 160.000   8.453  -0.597   0.462
639.000 160.000   8.458  -0.597   0.462
640.000 160.000   8.468  -0.597   0.586
641.000 161.000   8.464  -0.597   0.596
642.000 161.000   8.463  -0.597   0.586
643.000 161.000   8.468  -0.597   0.586
644.000 161.000   8.469  -0.597   0.596
645.000 162.000   8.444  -0.587   0.598
646.000 162.000   8.464  -0.597   0.596
647.000 162.000   8.469  -0.597   0.596
648.000 162.000   8.450  -0.587   0.598
649.000 163.000   8.411  -0.464   0.601
650.000 163.000   8.444  -0.587   0.598
651.000 163.000   8.450  -0.587   0.598
652.000 163.000   8.416  -0.464   0.600
653.000 164.000   8.402  -0.340   0.602
654.000 164.000   8.411  -0.464   0.601
655.000 164.000   8.416  -0.464   0.600
656.000 164.000   8.406  -0.340   0.601
657.000 165.000   8.396  -0.217   0.602
658.000 165.000   8.402  -0.340   0.602
659.000 165.000   8.406  -0.340   0.601
660.000 165.000   8.401  -0.217   0.602
661.000 166.000   8.406  -0.040   0.601
662.000 166.000   8.396  -0.217   0.602
663.000 166.000   8.401  -0.217   0.602
664.000 166.000   8.411  -0.040   0.601
665.000 167.000   8.406  -0.030   0.601
666.000 167.000   8.406  -0.040   0.601
667.000 167.000   8.411  -0.040   0.601
668.000 167.000   8.411  -0.030   0.601
669.000 168.000   8.405  -0.030   0.591
670.000 168.000   8.406  -0.030   0.601
671.000 168.000   8.411  -0.030   0.601
672.000 168.000   8.410  -0.030   0.591
673.000 169.000   8.395  -0.030   0.467
674.000 169.000   8.405  -0.030   0.591
675.000 169.000   8.410  -0.030   0.591
676.000 169.000   8.400  -0.030   0.467
677.000 170.000   8.385  -0.030   0.343
678.000 170.000   8.395  -0.030   0.467
679.000 170.000   8.400  -0.030   0.467
680.000 170.000   8.390  -0.030   0.343
681.000 171.000   8.374  -0.030   0.219
682.000 171.000   8.385  -0.030   0.343
683.000 171.000   8.390  -0.030   0.343
684.000 171.000   8.379  -0.030   0.219
685.000 172.000   8.364  -0.030   0.095
686.000 172.000   8.374  -0.030   0.219
687.000 172.000   8.379  -0.030   0.219
688.000 172.000   8.369  -0.030   0.095
689.000 173.000   8.427  -0.597   0.215
690.000 173.000   8.417  -0.597   0.090
691.000 173.000   8.422  -0.597   0.090
692.000 173.000   8.432  -0.597   0.214
693.000 174.000   8.438  -0.597   0.339
694.000 174.000   8.427  -0.597   0.215
695.000 174.000   8.432  -0.597   0.214
696.000 174.000   8.443  -0.597   0.338
697.000 175.000   8.448  -0.597   0.463
698.000 175.000   8.438  -0.597   0.339
699.000 175.000   8.443  -0.597   0.338
700.000 175.000   8.453  -0.597   0.462
701.000 176.000   8.458  -0.597   0.587
702.000 176.000   8.448  -0.597   0.463
703.000 176.000   8.453  -0.597   0.462
704.000 176.000   8.463  -0.597   0.586
705.000 177.000   8.459  -0.597   0.597
706.000 177.000   8.458  -0.597   0.587
707.000 177.000   8.463  -0.597   0.586
708.000 177.000   8.464  -0.597   0.596
709.000 178.000   8.440  -0.587   0.598
710.000 178.000   8.459  -0.597   0.597
711.000 178.000   8.464  -0.597   0.596
712.000 178.000   8.444  -0.587   0.598
713.000 179.000   8.406  -0.464   0.601
714.000 179.000   8.440  -0.587   0.598
715.000 179.000   8.444  -0.587   0.598
716.000 179.000   8.411  -0.464   0.601
717.000 180.000   8.396  -0.340   0.602
718.000 180.000   8.406  -0.464   0.601
719.000 180.000   8.411  -0.464   0.601
720.000 180.000   8.402  -0.340   0.602
721.000 181.000   8.391  -0.217   0.602
722.000 181.000   8.396  -0.340   0.602
723.000 181.000   8.402  -0.340   0.602
724.000 181.000   8.396  -0.217   0.602
725.000 182.000   8.400  -0.040   0.602
726.000 182.000   8.391  -0.217   0.602
727.000 182.000   8.396  -0.217   0.602
728.000 182.000   8.406  -0.040   0.601
729.000 183.000   8.401  -0.030   0.602
730.000 183.000   8.400  -0.040   0.602
731.000 183.000   8.406  -0.040   0.601
732.000 183.000   8.406  -0.030   0.601
733.000 184.000   8.400  -0.030   0.592
734.000 184.000   8.401  -0.030   0.602
735.000 184.000   8.406  -0.030   0.601
736.000 184.000   8.405  -0.030   0.591
737.000 185.000   8.390  -0.030   0.468
738.000 185.000   8.400  -0.030   0.592
739.000 185.000   8.405  -0.030   0.591
740.000 185.000   8.395  -0.030   0.467
741.000 186.000   8.380  -0.030   0.343
742.000 186.000   8.390  -0.030   0.468
743.000 186.000   8.395  -0.030   0.467
744.000 186.000   8.385  -0.030   0.343
745.000 187.000   8.369  -0.030   0.219
746.000 187.000   8.380  -0.030   0.343
747.000 187.000   8.385  -0.030   0.343
748.000 187.000   8.374  -0.030   0.219
749.000 188.000   8.359  -0.030   0.095
750.000 188.000   8.369  -0.030   0.219
751.000 188.000   8.374  -0.030   0.219
752.000 188.000   8.364  -0.030   0.095
753.000 189.000   8.417  -0.597   0.215
754.000 189.000   8.407  -0.597   0.091
755.000 189.000   8.417  -0.597   0.090
756.000 189.000   8.427  -0.597   0.215
757.000 190.000   8.428  -0.597   0.339
758.000 190.000   8.417  -0.597   0.215
759.000 190.000   8.427  -0.597   0.215
760.000 190.000   8.438  -0.597   0.339
761.000 191.000   8.438  -0.597   0.464
762.000 191.000   8.428  -0.597   0.339
763.000 191.000   8.438  -0.597   0.339
764.000 191.000   8.448  -0.597   0.463
765.000 192.000   8.448  -0.597   0.588
766.000 192.000   8.438  -0.597   0.464
767.000 192.000   8.448  -0.597   0.463
768.000 192.000   8.458  -0.597   0.587
769.000 193.000   8.449  -0.597   0.598
770.000 193.000   8.448  -0.597   0.588
771.000 193.000   8.458  -0.597   0.587
772.000 193.000   8.459  -0.597   0.597
773.000 194.000   8.430  -0.587   0.599
774.000 194.000   8.449  -0.597   0.598
775.000 194.000   8.459  -0.597   0.597
776.000 194.000   8.440  -0.587   0.598
777.000 195.000   8.396  -0.464   0.602
778.000 195.000   8.430  -0.587   0.599
779.000 195.000   8.440  -0.587   0.598
780.000 195.000   8.406  -0.464   0.601
781.000 196.000   8.387  -0.340   0.603
782.000 196.000   8.396  -0.464   0.602
783.000 196.000   8.406  -0.464   0.601
784.000 196.000   8.396  -0.340   0.602
785.000 197.000   8.381  -0.217   0.603
786.000 197.000   8.387  -0.340   0.603
787.000 197.000   8.396  -0.340   0.602
788.000 197.000   8.391  -0.217   0.602
789.000 198.000   8.390  -0.040   0.602
790.000 198.000   8.381  -0.217   0.603
791.000 198.000   8.391  -0.217   0.602
792.000 198.000   8.400  -0.040   0.602
793.000 199.000   8.391  -0.030   0.602
794.000 199.000   8.390  -0.040   0.602
795.000 199.000   8.400  -0.040   0.602
796.000 199.000   8.401  -0.030   0.602
797.000 200.000   8.390  -0.030   0.592
798.000 200.000   8.391  -0.030   0.602
799.000 200.000   8.401  -0.030   0.602
800.000 200.000   8.400  -0.030   0.592
801.000 201.000   8.380  -0.030   0.468
802.000 201.000   8.390  -0.030   0.592
803.000 201.000   8.400  -0.030   0.592
804.000 201.000   8.390  -0.030   0.468
805.000 202.000   8.370  -0.030   0.344
806.000 202.000   8.380  -0.030   0.468
807.000 202.000   8.390  -0.030   0.468
808.000 202.000   8.380  -0.030   0.343
809.000 203.000   8.359  -0.030   0.220
810.000 203.000   8.370  -0.030   0.344
811.000 203.000   8.380  -0.030   0.343
812.000 203.000   8.369  -0.030   0.219
813.000 204.000   8.349  -0.030   0.096
814.000 204.000   8.359  -0.030   0.220
815.000 204.000   8.369  -0.030   0.219
816.000 204.000   8.359  -0.030   0.095
817.000 205.000   8.384  -0.464   0.468
818.000 205.000   8.418  -0.587   0.465
819.000 205.000   8.429  -0.587   0.589
820.000 205.000   8.395  -0.464   0.592
821.000 206.000   8.375  -0.340   0.469
822.000 206.000   8.384  -0.464   0.468
823.000 206.000   8.395  -0.464   0.592
824.000 206.000   8.386  -0.340   0.593
825.000 207.000   8.370  -0.217   0.469
826.000 207.000   8.375  -0.340   0.469
827.000 207.000   8.386  -0.340   0.593
828.000 207.000   8.380  -0.217   0.593
829.000 208.000   8.379  -0.040   0.468
830.000 208.000   8.370  -0.217   0.469
831.000 208.000   8.380  -0.217   0.593
832.000 208.000   8.390  -0.040   0.593
833.000 209.000   8.374  -0.464   0.344
834.000 209.000   8.408  -0.587   0.341
835.000 209.000   8.418  -0.587   0.465
836.000 209.000   8.384  -0.464   0.468
837.000 210.000   8.365  -0.340   0.345
838.000 210.000   8.374  -0.464   0.344
839.000 210.000   8.384  -0.464   0.468
840.000 210.000   8.375  -0.340   0.469
841.000 211.000   8.360  -0.217   0.345
842.000 211.000   8.365  -0.340   0.345
843.000 211.000   8.375  -0.340   0.469
844.000 211.000   8.370  -0.217   0.469
845.000 212.000   8.369  -0.040   0.344
846.000 212.000   8.360  -0.217   0.345
847.000 212.000   8.370  -0.217   0.469
848.000 212.000   8.379  -0.040   0.468
849.000 213.000   8.364  -0.464   0.220
850.000 213.000   8.398  -0.587   0.217
851.000 213.000   8.408  -0.587   0.341
852.000 213.000   8.374  -0.464   0.344
853.000 214.000   8.355  -0.340   0.221
854.000 214.000   8.364  -0.464   0.220
855.000 214.000   8.374  -0.464   0.344
856.000 214.000   8.365  -0.340   0.345
857.000 215.000   8.349  -0.217   0.221
858.000 215.000   8.355  -0.340   0.221
859.000 215.000   8.365  -0.340   0.345
860.000 215.000   8.360  -0.217   0.345
861.000 216.000   8.359  -0.040   0.220
862.000 216.000   8.349  -0.217   0.221
863.000 216.000   8.360  -0.217   0.345
864.000 216.000   8.369  -0.040   0.344
865.000 217.000   8.353  -0.464   0.096
866.000 217.000   8.387  -0.587   0.093
867.000 217.000   8.398  -0.587   0.217
868.000 217.000   8.364  -0.464   0.220
869.000 218.000   8.344  -0.340   0.097
870.000 218.000   8.353  -0.464   0.096
871.000 218.000   8.364  -0.464   0.220
872.000 218.000   8.355  -0.340   0.221
873.000 219.000   8.339  -0.217   0.097
874.000 219.000   8.344  -0.340   0.097
875.000 219.000   8.355  -0.340   0.221
876.000 219.000   8.349  -0.217   0.221
877.000 220.000   8.348  -0.040   0.096
878.000 220.000   8.339  -0.217   0.097
879.000 220.000   8.349  -0.217   0.221
880.000 220.000   8.359  -0.040   0.220
881.000 221.000   8.418  -0.587   0.465
882.000 221.000   8.438  -0.597   0.464
883.000 221.000   8.448  -0.597   0.588
884.000 221.000   8.429  -0.587   0.589
885.000 222.000   8.408  -0.587   0.341
886.000 222.000   8.428  -0.597   0.339
887.000 222.000   8.438  -0.597   0.464
888.000 222.000   8.418  -0.587   0.465
889.000 223.000   8.398  -0.587   0.217
890.000 223.000   8.417  -0.597   0.215
891.000 223.000   8.428  -0.597   0.339
892.000 223.000   8.408  -0.587   0.341
893.000 224.000   8.387  -0.587   0.093
894.000 224.000   8.407  -0.597   0.091
895.000 224.000   8.417  -0.597   0.215
896.000 224.000   8.398  -0.587   0.217
897.000 225.000   8.429  -0.587   0.589
898.000 225.000   8.448  -0.597   0.588
899.000 225.000   8.449  -0.597   0.598
900.000 225.000   8.430  -0.587   0.599
901.000 226.000   8.395  -0.464   0.592
902.000 226.000   8.429  -0.587   0.589
903.000 226.000   8.430  -0.587   0.599
904.000 226.000   8.396  -0.464   0.602
905.000 227.000   8.386  -0.340   0.593
906.000 227.000   8.395  -0.464   0.592
907.000 227.000   8.396  -0.464   0.602
908.000 227.000   8.387  -0.340   0.603
909.000 228.000   8.380  -0.217   0.593
910.000 228.000   8.386  -0.340   0.593
911.000 228.000   8.387  -0.340   0.603
912.000 228.000   8.381  -0.217   0.603
913.000 229.000   8.390  -0.040   0.593
914.000 229.000   8.380  -0.217   0.593
915.000 229.000   8.381  -0.217   0.603
916.000 229.000   8.390  -0.040   0.602
917.000 230.000   8.390  -0.030   0.592
918.000 230.000   8.390  -0.040   0.593
919.000 230.000   8.390  -0.040   0.602
920.000 230.000   8.391  -0.030   0.602
921.000 231.000   8.380  -0.030   0.468
922.000 231.000   8.379  -0.040   0.468
923.000 231.000   8.390  -0.040   0.593
924.000 231.000   8.390  -0.030   0.592
925.000 232.000   8.370  -0.030   0.344
926.000 232.000   8.369  -0.040   0.344
927.000 232.000   8.379  -0.040   0.468
928.000 232.000   8.380  -0.030   0.468
929.000 233.000   8.359  -0.030   0.220
930.000 233.000   8.359  -0.040   0.220
931.000 233.000   8.369  -0.040   0.344
932.000 233.000   8.370  -0.030   0.344
933.000 234.000   8.349  -0.030   0.096
934.000 234.000   8.348  -0.040   0.096
935.000 234.000   8.359  -0.040   0.220
936.000 234.000   8.359  -0.030   0.220
937.000 235.000   8.412  -0.597  -0.034
938.000 235.000   8.422  -0.597   0.090
939.000 235.000   8.427  -0.597   0.090
940.000 235.000   8.416  -0.597  -0.034
941.000 236.000   8.401  -0.597  -0.158
942.000 236.000   8.412  -0.597  -0.034
943.000 236.000   8.416  -0.597  -0.034
944.000 236.000   8.406  -0.597  -0.158
945.000 237.000   8.391  -0.597  -0.282
946.000 237.000   8.401  -0.597  -0.158
947.000 237.000   8.406  -0.597  -0.158
948.000 237.000   8.396  -0.597  -0.283
949.000 238.000   8.380  -0.597  -0.406
950.000 238.000   8.391  -0.597  -0.282
951.000 238.000   8.396  -0.597  -0.283
952.000 238.000   8.385  -0.597  -0.407
953.000 239.000   8.380  -0.597  -0.416
954.000 239.000   8.380  -0.597  -0.406
955.000 239.000   8.385  -0.597  -0.407
956.000 239.000   8.385  -0.597  -0.417
957.000 240.000   8.360  -0.587  -0.415
958.000 240.000   8.380  -0.597  -0.416
959.000 240.000   8.385  -0.597  -0.417
960.000 240.000   8.365  -0.587  -0.415
961.000 241.000   8.326  -0.464  -0.412
962.000 241.000   8.360  -0.587  -0.415
963.000 241.000   8.365  -0.587  -0.415
964.000 241.000   8.331  -0.464  -0.412
965.000 242.000   8.317  -0.340  -0.411
966.000 242.000   8.326  -0.464  -0.412
967.000 242.000   8.331  -0.464  -0.412
968.000 242.000   8.322  -0.340  -0.411
969.000 243.000   8.311  -0.217  -0.410
970.000 243.000   8.317  -0.340  -0.411
971.000 243.000   8.322  -0.340  -0.411
972.000 243.000   8.316  -0.217  -0.411
973.000 244.000   8.321  -0.040  -0.411
974.000 244.000   8.311  -0.217  -0.410
975.000 244.000   8.316  -0.217  -0.411
976.000 244.000   8.326  -0.040  -0.412
977.000 245.000   8.322  -0.030  -0.411
978.000 245.000   8.321  -0.040  -0.411
979.000 245.000   8.326  -0.040  -0.412
980.000 245.000   8.327  -0.030  -0.412
981.000 246.000   8.322  -0.030  -0.401
982.000 246.000   8.322  -0.030  -0.411
983.000 246.000   8.327  -0.030  -0.412
984.000 246.000   8.327  -0.030  -0.402
985.000 247.000   8.333  -0.030  -0.277
986.000 247.000   8.322  -0.030  -0.401
987.000 247.000   8.327  -0.030  -0.402
988.000 247.000   8.338  -0.030  -0.278
989.000 248.000   8.343  -0.030  -0.153
990.000 248.000   8.333  -0.030  -0.277
991.000 248.000   8.338  -0.030  -0.278
992.000 248.000   8.348  -0.030  -0.154
993.000 249.000   8.354  -0.030  -0.029
994.000 249.000   8.343  -0.030  -0.153
995.000 249.000   8.348  -0.030  -0.154
996.000 249.000   8.358  -0.030  -0.030
997.000 250.000   8.364  -0.030   0.095
998.000 250.000   8.354  -0.030  -0.029
999.000 250.000   8.358  -0.030  -0.030
1000.000 250.000   8.369  -0.030   0.095
1001.000 251.000   8.407  -0.597  -0.034
1002.000 251.000   8.417  -0.597   0.090
1003.000 251.000   8.422  -0.597   0.090
1004.000 251.000   8.412  -0.597  -0.034
1005.000 252.000   8.396  -0.597  -0.158
1006.000 252.000   8.407  -0.597  -0.034
1007.000 252.000   8.412  -0.597  -0.034
1008.000 252.000   8.401  -0.597  -0.158
1009.000 253.000   8.386  -0.597  -0.282
1010.000 253.000   8.396  -0.597  -0.158
1011.000 253.000   8.401  -0.597  -0.158
1012.000 253.000   8.391  -0.597  -0.282
1013.000 254.000   8.375  -0.597  -0.406
1014.000 254.000   8.386  -0.597  -0.282
1015.000 254.000   8.391  -0.597  -0.282
1016.000 254.000   8.380  -0.597  -0.406
1017.000 255.000   8.375  -0.597  -0.416
1018.000 255.000   8.375  -0.597  -0.406
1019.000 255.000   8.380  -0.597  -0.406
1020.000 255.000   8.380  -0.597  -0.416
1021.000 256.000   8.355  -0.587  -0.414
1022.000 256.000   8.375  -0.597  -0.416
1023.000 256.000   8.380  -0.597  -0.416
1024.000 256.000   8.360  -0.587  -0.415
1025.000 257.000   8.321  -0.464  -0.411
1026.000 257.000   8.355  -0.587  -0.414
1027.000 257.000   8.360  -0.587  -0.415
1028.000 257.000   8.326  -0.464  -0.412
1029.000 258.000   8.312  -0.340  -0.410
1030.000 258.000   8.321  -0.464  -0.411
1031.000 258.000   8.326  -0.464  -0.412
1032.000 258.000   8.317  -0.340  -0.411
1033.000 259.000   8.306  -0.217  -0.410
1034.000 259.000   8.312  -0.340  -0.410
1035.000 259.000   8.317  -0.340  -0.411
1036.000 259.000   8.311  -0.217  -0.410
1037.000 260.000   8.316  -0.040  -0.411
1038.000 260.000   8.306  -0.217  -0.410
1039.000 260.000   8.311  -0.217  -0.410
1040.000 260.000   8.321  -0.040  -0.411
1041.000 261.000   8.317  -0.030  -0.411
1042.000 261.000   8.316  -0.040  -0.411
1043.000 261.000   8.321  -0.040  -0.411
1044.000 261.000   8.322  -0.030  -0.411
1045.000 262.000   8.317  -0.030  -0.401
1046.000 262.000   8.317  -0.030  -0.411
1047.000 262.000   8.322  -0.030  -0.411
1048.000 262.000   8.322  -0.030  -0.401
1049.000 263.000   8.328  -0.030  -0.277
1050.000 263.000   8.317  -0.030  -0.401
1051.000 263.000   8.322  -0.030  -0.401
1052.000 263.000   8.333  -0.030  -0.277
1053.000 264.000   8.338  -0.030  -0.153
1054.000 264.000   8.328  -0.030  -0.277
1055.000 264.000   8.333  -0.030  -0.277
1056.000 264.000   8.343  -0.030  -0.153
1057.000 265.000   8.349  -0.030  -0.029
1058.000 265.000   8.338  -0.030  -0.153
1059.000 265.000   8.343  -0.030  -0.153
1060.000 265.000   8.354  -0.030  -0.029
1061.000 266.000   8.359  -0.030   0.095
1062.000 266.000   8.349  -0.030  -0.029
1063.000 266.000   8.354  -0.030  -0.029
1064.000 266.000   8.364  -0.030   0.095
1065.000 267.000   8.397  -0.597  -0.033
1066.000 267.000   8.407  -0.597   0.091
1067.000 267.000   8.417  -0.597   0.090
1068.000 267.000   8.407  -0.597  -0.034
1069.000 268.000   8.386  -0.597  -0.157
1070.000 268.000   8.397  -0.597  -0.033
1071.000 268.000   8.407  -0.597  -0.034
1072.000 268.000   8.396  -0.597  -0.158
1073.000 269.000   8.376  -0.597  -0.281
1074.000 269.000   8.386  -0.597  -0.157
1075.000 269.000   8.396  -0.597  -0.158
1076.000 269.000   8.386  -0.597  -0.282
1077.000 270.000   8.366  -0.597  -0.405
1078.000 270.000   8.376  -0.597  -0.281
1079.000 270.000   8.386  -0.597  -0.282
1080.000 270.000   8.375  -0.597  -0.406
1081.000 271.000   8.365  -0.597  -0.415
1082.000 271.000   8.366  -0.597  -0.405
1083.000 271.000   8.375  -0.597  -0.406
1084.000 271.000   8.375  -0.597  -0.416
1085.000 272.000   8.345  -0.587  -0.413
1086.000 272.000   8.365  -0.597  -0.415
1087.000 272.000   8.375  -0.597  -0.416
1088.000 272.000   8.355  -0.587  -0.414
1089.000 273.000   8.311  -0.464  -0.410
1090.000 273.000   8.345  -0.587  -0.413
1091.000 273.000   8.355  -0.587  -0.414
1092.000 273.000   8.321  -0.464  -0.411
1093.000 274.000   8.302  -0.340  -0.410
1094.000 274.000   8.311  -0.464  -0.410
1095.000 274.000   8.321  -0.464  -0.411
1096.000 274.000   8.312  -0.340  -0.410
1097.000 275.000   8.296  -0.217  -0.409
1098.000 275.000   8.302  -0.340  -0.410
1099.000 275.000   8.312  -0.340  -0.410
1100.000 275.000   8.306  -0.217  -0.410
1101.000 276.000   8.306  -0.040  -0.410
1102.000 276.000   8.296  -0.217  -0.409
1103.000 276.000   8.306  -0.217  -0.410
1104.000 276.000   8.316  -0.040  -0.411
1105.000 277.000   8.307  -0.030  -0.410
1106.000 277.000   8.306  -0.040  -0.410
1107.000 277.000   8.316  -0.040  -0.411
1108.000 277.000   8.317  -0.030  -0.411
1109.000 278.000   8.307  -0.030  -0.400
1110.000 278.000   8.307  -0.030  -0.410
1111.000 278.000   8.317  -0.030  -0.411
1112.000 278.000   8.317  -0.030  -0.401
1113.000 279.000   8.318  -0.030  -0.276
1114.000 279.000   8.307  -0.030  -0.400
1115.000 279.000   8.317  -0.030  -0.401
1116.000 279.000   8.328  -0.030  -0.277
1117.000 280.000   8.328  -0.030  -0.152
1118.000 280.000   8.318  -0.030  -0.276
1119.000 280.000   8.328  -0.030  -0.277
1120.000 280.000   8.338  -0.030  -0.153
1121.000 281.000   8.339  -0.030  -0.028
1122.000 281.000   8.328  -0.030  -0.152
1123.000 281.000   8.338  -0.030  -0.153
1124.000 281.000   8.349  -0.030  -0.029
1125.000 282.000   8.349  -0.030   0.096
1126.000 282.000   8.339  -0.030  -0.028
1127.000 282.000   8.349  -0.030  -0.029
1128.000 282.000   8.359  -0.030   0.095
1129.000 283.000   8.322  -0.464  -0.276
1130.000 283.000   8.356  -0.587  -0.279
1131.000 283.000   8.346  -0.587  -0.403
1132.000 283.000   8.312  -0.464  -0.400
1133.000 284.000   8.313  -0.340  -0.276
1134.000 284.000   8.322  -0.464  -0.276
1135.000 284.000   8.312  -0.464  -0.400
1136.000 284.000   8.303  -0.340  -0.400
1137.000 285.000   8.308  -0.217  -0.275
1138.000 285.000   8.313  -0.340  -0.276
1139.000 285.000   8.303  -0.340  -0.400
1140.000 285.000   8.297  -0.217  -0.399
1141.000 286.000   8.317  -0.040  -0.276
1142.000 286.000   8.308  -0.217  -0.275
1143.000 286.000   8.297  -0.217  -0.399
1144.000 286.000   8.307  -0.040  -0.400
1145.000 287.000   8.333  -0.464  -0.152
1146.000 287.000   8.367  -0.587  -0.155
1147.000 287.000   8.356  -0.587  -0.279
1148.000 287.000   8.322  -0.464  -0.276
1149.000 288.000   8.323  -0.340  -0.152
1150.000 288.000   8.333  -0.464  -0.152
1151.000 288.000   8.322  -0.464  -0.276
1152.000 288.000   8.313  -0.340  -0.276
1153.000 289.000   8.318  -0.217  -0.151
1154.000 289.000   8.323  -0.340  -0.152
1155.000 289.000   8.313  -0.340  -0.276
1156.000 289.000   8.308  -0.217  -0.275
1157.000 290.000   8.328  -0.040  -0.152
1158.000 290.000   8.318  -0.217  -0.151
1159.000 290.000   8.308  -0.217  -0.275
1160.000 290.000   8.317  -0.040  -0.276
1161.000 291.000   8.343  -0.464  -0.028
1162.000 291.000   8.377  -0.587  -0.031
1163.000 291.000   8.367  -0.587  -0.155
1164.000 291.000   8.333  -0.464  -0.152
1165.000 292.000   8.334  -0.340  -0.028
1166.000 292.000   8.343  -0.464  -0.028
1167.000 292.000   8.333  -0.464  -0.152
1168.000 292.000   8.323  -0.340  -0.152
1169.000 293.000   8.328  -0.217  -0.027
1170.000 293.000   8.334  -0.340  -0.028
1171.000 293.000   8.323  -0.340  -0.152
1172.000 293.000   8.318  -0.217  -0.151
1173.000 294.000   8.338  -0.040  -0.028
1174.000 294.000   8.328  -0.217  -0.027
1175.000 294.000   8.318  -0.217  -0.151
1176.000 294.000   8.328  -0.040  -0.152
1177.000 295.000   8.353  -0.464   0.096
1178.000 295.000   8.387  -0.587   0.093
1179.000 295.000   8.377  -0.587  -0.031
1180.000 295.000   8.343  -0.464  -0.028
1181.000 296.000   8.344  -0.340   0.097
1182.000 296.000   8.353  -0.464   0.096
1183.000 296.000   8.343  -0.464  -0.028
1184.000 296.000   8.334  -0.340  -0.028
1185.000 297.000   8.339  -0.217   0.097
1186.000 297.000   8.344  -0.340   0.097
1187.000 297.000   8.334  -0.340  -0.028
1188.000 297.000   8.328  -0.217  -0.027
1189.000 298.000   8.348  -0.040   0.096
1190.000 298.000   8.339  -0.217   0.097
1191.000 298.000   8.328  -0.217  -0.027
1192.000 298.000   8.338  -0.040  -0.028
1193.000 299.000   8.356  -0.587  -0.279
1194.000 299.000   8.376  -0.597  -0.281
1195.000 299.000   8.366  -0.597  -0.405
1196.000 299.000   8.346  -0.587  -0.403
1197.000 300.000   8.367  -0.587  -0.155
1198.000 300.000   8.386  -0.597  -0.157
1199.000 300.000   8.376  -0.597  -0.281
1200.000 300.000   8.356  -0.587  -0.279
1201.000 301.000   8.377  -0.587  -0.031
1202.000 301.000   8.397  -0.597  -0.033
1203.000 301.000   8.386  -0.597  -0.157
1204.000 301.000   8.367  -0.587  -0.155
1205.000 302.000   8.387  -0.587   0.093
1206.000 302.000   8.407  -0.597   0.091
1207.000 302.000   8.397  -0.597  -0.033
1208.000 302.000   8.377  -0.587  -0.031
1209.000 303.000   8.346  -0.587  -0.403
1210.000 303.000   8.366  -0.597  -0.405
1211.000 303.000   8.365  -0.597  -0.415
1212.000 303.000   8.345  -0.587  -0.413
1213.000 304.000   8.312  -0.464  -0.400
1214.000 304.000   8.346  -0.587  -0.403
1215.000 304.000   8.345  -0.587  -0.413
1216.000 304.000   8.311  -0.464  -0.410
1217.000 305.000   8.303  -0.340  -0.400
1218.000 305.000   8.312  -0.464  -0.400
1219.000 305.000   8.311  -0.464  -0.410
1220.000 305.000   8.302  -0.340  -0.410
1221.000 306.000   8.297  -0.217  -0.399
1222.000 306.000   8.303  -0.340  -0.400
1223.000 306.000   8.302  -0.340  -0.410
1224.000 306.000   8.296  -0.217  -0.409
1225.000 307.000   8.307  -0.040  -0.400
1226.000 307.000   8.297  -0.217  -0.399
1227.000 307.000   8.296  -0.217  -0.409
1228.000 307.000   8.306  -0.040  -0.410
1229.000 308.000   8.307  -0.030  -0.400
1230.000 308.000   8.307  -0.040  -0.400
1231.000 308.000   8.306  -0.040  -0.410
1232.000 308.000   8.307  -0.030  -0.410
1233.000 309.000   8.318  -0.030  -0.276
1234.000 309.000   8.317  -0.040  -0.276
1235.000 309.000   8.307  -0.040  -0.400
1236.000 309.000   8.307  -0.030  -0.400
1237.000 310.000   8.328  -0.030  -0.152
1238.000 310.000   8.328  -0.040  -0.152
1239.000 310.000   8.317  -0.040  -0.276
1240.000 310.000   8.318  -0.030  -0.276
1241.000 311.000   8.339  -0.030  -0.028
1242.000 311.000   8.338  -0.040  -0.028
1243.000 311.000   8.328  -0.040  -0.152
1244.000 311.000   8.328  -0.030  -0.152
1245.000 312.000   8.349  -0.030   0.096
1246.000 312.000   8.348  -0.040   0.096
1247.000 312.000   8.338  -0.040  -0.028
1248.000 312.000   8.339  -0.030  -0.028
