* number of heading lines in this data file : 15
* 
* BM 3D coordinates extracted from CASTEM
* Post-proc in Matlab : only reading CASTEM raw data (for checking) and write concatenate ascii files - no modifications of X,Y,Z coordinates
* Date CASTEM calculations : 15/03/2011
* Date Matlab post-processing data : 15/03/2011
* Files can be found in : C:\CASTEM_FW.BM coordinates for Steve. march. 2011 (bis) -  whole column - def
* Modif compared to latest version : - 
* 
* FIRST WALL GEOMETRY:
* Reference design November 2009 - slightly adjusted in January 2010 (CATIA skeleton post-Blanket CDR)
* Spatial resolution corresponds to resolution used for previous FLT CASTEM calculations => definition of (rho,S) grid for DIVIMP (2010)
* 
* DATA
*   nºnode  nºelem  X(m)    Y(m)    Z(m) 
  1.000   1.000   8.197   0.678  -0.807
  2.000   1.000   8.149   0.678  -0.915
  3.000   1.000   8.154   0.678  -0.917
  4.000   1.000   8.201   0.678  -0.809
  5.000   2.000   8.245   0.678  -0.699
  6.000   2.000   8.197   0.678  -0.807
  7.000   2.000   8.201   0.678  -0.809
  8.000   2.000   8.249   0.678  -0.701
  9.000   3.000   8.293   0.678  -0.591
 10.000   3.000   8.245   0.678  -0.699
 11.000   3.000   8.249   0.678  -0.701
 12.000   3.000   8.297   0.678  -0.593
 13.000   4.000   8.340   0.678  -0.483
 14.000   4.000   8.293   0.678  -0.591
 15.000   4.000   8.297   0.678  -0.593
 16.000   4.000   8.345   0.678  -0.485
 17.000   5.000   8.345   0.678  -0.474
 18.000   5.000   8.340   0.678  -0.483
 19.000   5.000   8.345   0.678  -0.485
 20.000   5.000   8.349   0.678  -0.476
 21.000   6.000   8.334   0.668  -0.469
 22.000   6.000   8.345   0.678  -0.474
 23.000   6.000   8.349   0.678  -0.476
 24.000   6.000   8.338   0.668  -0.471
 25.000   7.000   8.310   0.562  -0.458
 26.000   7.000   8.334   0.668  -0.469
 27.000   7.000   8.338   0.668  -0.471
 28.000   7.000   8.315   0.562  -0.460
 29.000   8.000   8.304   0.456  -0.456
 30.000   8.000   8.310   0.562  -0.458
 31.000   8.000   8.315   0.562  -0.460
 32.000   8.000   8.309   0.456  -0.458
 33.000   9.000   8.301   0.351  -0.454
 34.000   9.000   8.304   0.456  -0.456
 35.000   9.000   8.309   0.456  -0.458
 36.000   9.000   8.306   0.351  -0.456
 37.000  10.000   8.299   0.245  -0.453
 38.000  10.000   8.301   0.351  -0.454
 39.000  10.000   8.306   0.351  -0.456
 40.000  10.000   8.303   0.245  -0.455
 41.000  11.000   8.303   0.142  -0.455
 42.000  11.000   8.299   0.245  -0.453
 43.000  11.000   8.303   0.245  -0.455
 44.000  11.000   8.308   0.142  -0.457
 45.000  12.000   8.309   0.040  -0.458
 46.000  12.000   8.303   0.142  -0.455
 47.000  12.000   8.308   0.142  -0.457
 48.000  12.000   8.313   0.040  -0.460
 49.000  13.000   8.309   0.030  -0.458
 50.000  13.000   8.309   0.040  -0.458
 51.000  13.000   8.313   0.040  -0.460
 52.000  13.000   8.314   0.030  -0.460
 53.000  14.000   8.305   0.030  -0.467
 54.000  14.000   8.309   0.030  -0.458
 55.000  14.000   8.314   0.030  -0.460
 56.000  14.000   8.310   0.030  -0.469
 57.000  15.000   8.257   0.030  -0.575
 58.000  15.000   8.305   0.030  -0.467
 59.000  15.000   8.310   0.030  -0.469
 60.000  15.000   8.262   0.030  -0.577
 61.000  16.000   8.210   0.030  -0.683
 62.000  16.000   8.257   0.030  -0.575
 63.000  16.000   8.262   0.030  -0.577
 64.000  16.000   8.214   0.030  -0.685
 65.000  17.000   8.162   0.030  -0.791
 66.000  17.000   8.210   0.030  -0.683
 67.000  17.000   8.214   0.030  -0.685
 68.000  17.000   8.166   0.030  -0.793
 69.000  18.000   8.114   0.030  -0.899
 70.000  18.000   8.162   0.030  -0.791
 71.000  18.000   8.166   0.030  -0.793
 72.000  18.000   8.118   0.030  -0.901
 73.000  19.000   8.192   0.678  -0.805
 74.000  19.000   8.145   0.678  -0.913
 75.000  19.000   8.149   0.678  -0.915
 76.000  19.000   8.197   0.678  -0.807
 77.000  20.000   8.240   0.678  -0.697
 78.000  20.000   8.192   0.678  -0.805
 79.000  20.000   8.197   0.678  -0.807
 80.000  20.000   8.245   0.678  -0.699
 81.000  21.000   8.288   0.678  -0.589
 82.000  21.000   8.240   0.678  -0.697
 83.000  21.000   8.245   0.678  -0.699
 84.000  21.000   8.293   0.678  -0.591
 85.000  22.000   8.336   0.678  -0.481
 86.000  22.000   8.288   0.678  -0.589
 87.000  22.000   8.293   0.678  -0.591
 88.000  22.000   8.340   0.678  -0.483
 89.000  23.000   8.340   0.678  -0.472
 90.000  23.000   8.336   0.678  -0.481
 91.000  23.000   8.340   0.678  -0.483
 92.000  23.000   8.345   0.678  -0.474
 93.000  24.000   8.329   0.668  -0.467
 94.000  24.000   8.340   0.678  -0.472
 95.000  24.000   8.345   0.678  -0.474
 96.000  24.000   8.334   0.668  -0.469
 97.000  25.000   8.306   0.562  -0.456
 98.000  25.000   8.329   0.668  -0.467
 99.000  25.000   8.334   0.668  -0.469
100.000  25.000   8.310   0.562  -0.458
101.000  26.000   8.300   0.456  -0.454
102.000  26.000   8.306   0.562  -0.456
103.000  26.000   8.310   0.562  -0.458
104.000  26.000   8.304   0.456  -0.456
105.000  27.000   8.297   0.351  -0.452
106.000  27.000   8.300   0.456  -0.454
107.000  27.000   8.304   0.456  -0.456
108.000  27.000   8.301   0.351  -0.454
109.000  28.000   8.294   0.245  -0.451
110.000  28.000   8.297   0.351  -0.452
111.000  28.000   8.301   0.351  -0.454
112.000  28.000   8.299   0.245  -0.453
113.000  29.000   8.299   0.142  -0.453
114.000  29.000   8.294   0.245  -0.451
115.000  29.000   8.299   0.245  -0.453
116.000  29.000   8.303   0.142  -0.455
117.000  30.000   8.304   0.040  -0.456
118.000  30.000   8.299   0.142  -0.453
119.000  30.000   8.303   0.142  -0.455
120.000  30.000   8.309   0.040  -0.458
121.000  31.000   8.305   0.030  -0.456
122.000  31.000   8.304   0.040  -0.456
123.000  31.000   8.309   0.040  -0.458
124.000  31.000   8.309   0.030  -0.458
125.000  32.000   8.301   0.030  -0.465
126.000  32.000   8.305   0.030  -0.456
127.000  32.000   8.309   0.030  -0.458
128.000  32.000   8.305   0.030  -0.467
129.000  33.000   8.253   0.030  -0.573
130.000  33.000   8.301   0.030  -0.465
131.000  33.000   8.305   0.030  -0.467
132.000  33.000   8.257   0.030  -0.575
133.000  34.000   8.205   0.030  -0.681
134.000  34.000   8.253   0.030  -0.573
135.000  34.000   8.257   0.030  -0.575
136.000  34.000   8.210   0.030  -0.683
137.000  35.000   8.157   0.030  -0.789
138.000  35.000   8.205   0.030  -0.681
139.000  35.000   8.210   0.030  -0.683
140.000  35.000   8.162   0.030  -0.791
141.000  36.000   8.109   0.030  -0.897
142.000  36.000   8.157   0.030  -0.789
143.000  36.000   8.162   0.030  -0.791
144.000  36.000   8.114   0.030  -0.899
145.000  37.000   8.183   0.678  -0.801
146.000  37.000   8.135   0.678  -0.909
147.000  37.000   8.145   0.678  -0.913
148.000  37.000   8.192   0.678  -0.805
149.000  38.000   8.231   0.678  -0.693
150.000  38.000   8.183   0.678  -0.801
151.000  38.000   8.192   0.678  -0.805
152.000  38.000   8.240   0.678  -0.697
153.000  39.000   8.279   0.678  -0.585
154.000  39.000   8.231   0.678  -0.693
155.000  39.000   8.240   0.678  -0.697
156.000  39.000   8.288   0.678  -0.589
157.000  40.000   8.327   0.678  -0.477
158.000  40.000   8.279   0.678  -0.585
159.000  40.000   8.288   0.678  -0.589
160.000  40.000   8.336   0.678  -0.481
161.000  41.000   8.331   0.678  -0.467
162.000  41.000   8.327   0.678  -0.477
163.000  41.000   8.336   0.678  -0.481
164.000  41.000   8.340   0.678  -0.472
165.000  42.000   8.320   0.668  -0.463
166.000  42.000   8.331   0.678  -0.467
167.000  42.000   8.340   0.678  -0.472
168.000  42.000   8.329   0.668  -0.467
169.000  43.000   8.297   0.562  -0.452
170.000  43.000   8.320   0.668  -0.463
171.000  43.000   8.329   0.668  -0.467
172.000  43.000   8.306   0.562  -0.456
173.000  44.000   8.291   0.456  -0.450
174.000  44.000   8.297   0.562  -0.452
175.000  44.000   8.306   0.562  -0.456
176.000  44.000   8.300   0.456  -0.454
177.000  45.000   8.287   0.351  -0.448
178.000  45.000   8.291   0.456  -0.450
179.000  45.000   8.300   0.456  -0.454
180.000  45.000   8.297   0.351  -0.452
181.000  46.000   8.285   0.245  -0.447
182.000  46.000   8.287   0.351  -0.448
183.000  46.000   8.297   0.351  -0.452
184.000  46.000   8.294   0.245  -0.451
185.000  47.000   8.290   0.142  -0.449
186.000  47.000   8.285   0.245  -0.447
187.000  47.000   8.294   0.245  -0.451
188.000  47.000   8.299   0.142  -0.453
189.000  48.000   8.295   0.040  -0.452
190.000  48.000   8.290   0.142  -0.449
191.000  48.000   8.299   0.142  -0.453
192.000  48.000   8.304   0.040  -0.456
193.000  49.000   8.296   0.030  -0.452
194.000  49.000   8.295   0.040  -0.452
195.000  49.000   8.304   0.040  -0.456
196.000  49.000   8.305   0.030  -0.456
197.000  50.000   8.291   0.030  -0.461
198.000  50.000   8.296   0.030  -0.452
199.000  50.000   8.305   0.030  -0.456
200.000  50.000   8.301   0.030  -0.465
201.000  51.000   8.244   0.030  -0.569
202.000  51.000   8.291   0.030  -0.461
203.000  51.000   8.301   0.030  -0.465
204.000  51.000   8.253   0.030  -0.573
205.000  52.000   8.196   0.030  -0.677
206.000  52.000   8.244   0.030  -0.569
207.000  52.000   8.253   0.030  -0.573
208.000  52.000   8.205   0.030  -0.681
209.000  53.000   8.148   0.030  -0.785
210.000  53.000   8.196   0.030  -0.677
211.000  53.000   8.205   0.030  -0.681
212.000  53.000   8.157   0.030  -0.789
213.000  54.000   8.100   0.030  -0.893
214.000  54.000   8.148   0.030  -0.785
215.000  54.000   8.157   0.030  -0.789
216.000  54.000   8.109   0.030  -0.897
217.000  55.000   8.245   0.562  -0.570
218.000  55.000   8.268   0.668  -0.580
219.000  55.000   8.316   0.668  -0.472
220.000  55.000   8.293   0.562  -0.462
221.000  56.000   8.239   0.456  -0.567
222.000  56.000   8.245   0.562  -0.570
223.000  56.000   8.293   0.562  -0.462
224.000  56.000   8.287   0.456  -0.459
225.000  57.000   8.236   0.351  -0.565
226.000  57.000   8.239   0.456  -0.567
227.000  57.000   8.287   0.456  -0.459
228.000  57.000   8.283   0.351  -0.457
229.000  58.000   8.233   0.245  -0.564
230.000  58.000   8.236   0.351  -0.565
231.000  58.000   8.283   0.351  -0.457
232.000  58.000   8.281   0.245  -0.456
233.000  59.000   8.238   0.142  -0.566
234.000  59.000   8.233   0.245  -0.564
235.000  59.000   8.281   0.245  -0.456
236.000  59.000   8.286   0.142  -0.458
237.000  60.000   8.243   0.040  -0.569
238.000  60.000   8.238   0.142  -0.566
239.000  60.000   8.286   0.142  -0.458
240.000  60.000   8.291   0.040  -0.461
241.000  61.000   8.197   0.562  -0.677
242.000  61.000   8.220   0.668  -0.688
243.000  61.000   8.268   0.668  -0.580
244.000  61.000   8.245   0.562  -0.570
245.000  62.000   8.191   0.456  -0.675
246.000  62.000   8.197   0.562  -0.677
247.000  62.000   8.245   0.562  -0.570
248.000  62.000   8.239   0.456  -0.567
249.000  63.000   8.188   0.351  -0.673
250.000  63.000   8.191   0.456  -0.675
251.000  63.000   8.239   0.456  -0.567
252.000  63.000   8.236   0.351  -0.565
253.000  64.000   8.185   0.245  -0.672
254.000  64.000   8.188   0.351  -0.673
255.000  64.000   8.236   0.351  -0.565
256.000  64.000   8.233   0.245  -0.564
257.000  65.000   8.190   0.142  -0.674
258.000  65.000   8.185   0.245  -0.672
259.000  65.000   8.233   0.245  -0.564
260.000  65.000   8.238   0.142  -0.566
261.000  66.000   8.195   0.040  -0.677
262.000  66.000   8.190   0.142  -0.674
263.000  66.000   8.238   0.142  -0.566
264.000  66.000   8.243   0.040  -0.569
265.000  67.000   8.149   0.562  -0.786
266.000  67.000   8.172   0.668  -0.796
267.000  67.000   8.220   0.668  -0.688
268.000  67.000   8.197   0.562  -0.677
269.000  68.000   8.143   0.456  -0.783
270.000  68.000   8.149   0.562  -0.786
271.000  68.000   8.197   0.562  -0.677
272.000  68.000   8.191   0.456  -0.675
273.000  69.000   8.140   0.351  -0.781
274.000  69.000   8.143   0.456  -0.783
275.000  69.000   8.191   0.456  -0.675
276.000  69.000   8.188   0.351  -0.673
277.000  70.000   8.137   0.245  -0.780
278.000  70.000   8.140   0.351  -0.781
279.000  70.000   8.188   0.351  -0.673
280.000  70.000   8.185   0.245  -0.672
281.000  71.000   8.142   0.142  -0.782
282.000  71.000   8.137   0.245  -0.780
283.000  71.000   8.185   0.245  -0.672
284.000  71.000   8.190   0.142  -0.674
285.000  72.000   8.147   0.040  -0.785
286.000  72.000   8.142   0.142  -0.782
287.000  72.000   8.190   0.142  -0.674
288.000  72.000   8.195   0.040  -0.677
289.000  73.000   8.101   0.562  -0.894
290.000  73.000   8.125   0.668  -0.904
291.000  73.000   8.172   0.668  -0.796
292.000  73.000   8.149   0.562  -0.786
293.000  74.000   8.095   0.456  -0.891
294.000  74.000   8.101   0.562  -0.894
295.000  74.000   8.149   0.562  -0.786
296.000  74.000   8.143   0.456  -0.783
297.000  75.000   8.092   0.351  -0.889
298.000  75.000   8.095   0.456  -0.891
299.000  75.000   8.143   0.456  -0.783
300.000  75.000   8.140   0.351  -0.781
301.000  76.000   8.090   0.245  -0.888
302.000  76.000   8.092   0.351  -0.889
303.000  76.000   8.140   0.351  -0.781
304.000  76.000   8.137   0.245  -0.780
305.000  77.000   8.094   0.142  -0.890
306.000  77.000   8.090   0.245  -0.888
307.000  77.000   8.137   0.245  -0.780
308.000  77.000   8.142   0.142  -0.782
309.000  78.000   8.100   0.040  -0.893
310.000  78.000   8.094   0.142  -0.890
311.000  78.000   8.142   0.142  -0.782
312.000  78.000   8.147   0.040  -0.785
313.000  79.000   8.268   0.668  -0.580
314.000  79.000   8.279   0.678  -0.585
315.000  79.000   8.327   0.678  -0.477
316.000  79.000   8.316   0.668  -0.472
317.000  80.000   8.220   0.668  -0.688
318.000  80.000   8.231   0.678  -0.693
319.000  80.000   8.279   0.678  -0.585
320.000  80.000   8.268   0.668  -0.580
321.000  81.000   8.172   0.668  -0.796
322.000  81.000   8.183   0.678  -0.801
323.000  81.000   8.231   0.678  -0.693
324.000  81.000   8.220   0.668  -0.688
325.000  82.000   8.125   0.668  -0.904
326.000  82.000   8.135   0.678  -0.909
327.000  82.000   8.183   0.678  -0.801
328.000  82.000   8.172   0.668  -0.796
329.000  83.000   8.316   0.668  -0.472
330.000  83.000   8.327   0.678  -0.477
331.000  83.000   8.331   0.678  -0.467
332.000  83.000   8.320   0.668  -0.463
333.000  84.000   8.293   0.562  -0.462
334.000  84.000   8.316   0.668  -0.472
335.000  84.000   8.320   0.668  -0.463
336.000  84.000   8.297   0.562  -0.452
337.000  85.000   8.287   0.456  -0.459
338.000  85.000   8.293   0.562  -0.462
339.000  85.000   8.297   0.562  -0.452
340.000  85.000   8.291   0.456  -0.450
341.000  86.000   8.283   0.351  -0.457
342.000  86.000   8.287   0.456  -0.459
343.000  86.000   8.291   0.456  -0.450
344.000  86.000   8.287   0.351  -0.448
345.000  87.000   8.281   0.245  -0.456
346.000  87.000   8.283   0.351  -0.457
347.000  87.000   8.287   0.351  -0.448
348.000  87.000   8.285   0.245  -0.447
349.000  88.000   8.286   0.142  -0.458
350.000  88.000   8.281   0.245  -0.456
351.000  88.000   8.285   0.245  -0.447
352.000  88.000   8.290   0.142  -0.449
353.000  89.000   8.291   0.040  -0.461
354.000  89.000   8.286   0.142  -0.458
355.000  89.000   8.290   0.142  -0.449
356.000  89.000   8.295   0.040  -0.452
357.000  90.000   8.291   0.030  -0.461
358.000  90.000   8.291   0.040  -0.461
359.000  90.000   8.295   0.040  -0.452
360.000  90.000   8.296   0.030  -0.452
361.000  91.000   8.244   0.030  -0.569
362.000  91.000   8.243   0.040  -0.569
363.000  91.000   8.291   0.040  -0.461
364.000  91.000   8.291   0.030  -0.461
365.000  92.000   8.196   0.030  -0.677
366.000  92.000   8.195   0.040  -0.677
367.000  92.000   8.243   0.040  -0.569
368.000  92.000   8.244   0.030  -0.569
369.000  93.000   8.148   0.030  -0.785
370.000  93.000   8.147   0.040  -0.785
371.000  93.000   8.195   0.040  -0.677
372.000  93.000   8.196   0.030  -0.677
373.000  94.000   8.100   0.030  -0.893
374.000  94.000   8.100   0.040  -0.893
375.000  94.000   8.147   0.040  -0.785
376.000  94.000   8.148   0.030  -0.785
377.000  95.000   8.101   0.678  -1.023
378.000  95.000   8.149   0.678  -0.915
379.000  95.000   8.154   0.678  -0.917
380.000  95.000   8.106   0.678  -1.025
381.000  96.000   8.053   0.678  -1.131
382.000  96.000   8.101   0.678  -1.023
383.000  96.000   8.106   0.678  -1.025
384.000  96.000   8.058   0.678  -1.133
385.000  97.000   8.005   0.678  -1.239
386.000  97.000   8.053   0.678  -1.131
387.000  97.000   8.058   0.678  -1.133
388.000  97.000   8.010   0.678  -1.241
389.000  98.000   7.958   0.678  -1.347
390.000  98.000   8.005   0.678  -1.239
391.000  98.000   8.010   0.678  -1.241
392.000  98.000   7.962   0.678  -1.349
393.000  99.000   7.954   0.678  -1.356
394.000  99.000   7.958   0.678  -1.347
395.000  99.000   7.962   0.678  -1.349
396.000  99.000   7.958   0.678  -1.358
397.000 100.000   7.943   0.668  -1.351
398.000 100.000   7.954   0.678  -1.356
399.000 100.000   7.958   0.678  -1.358
400.000 100.000   7.947   0.668  -1.353
401.000 101.000   7.920   0.562  -1.341
402.000 101.000   7.943   0.668  -1.351
403.000 101.000   7.947   0.668  -1.353
404.000 101.000   7.924   0.562  -1.343
405.000 102.000   7.914   0.456  -1.338
406.000 102.000   7.920   0.562  -1.341
407.000 102.000   7.924   0.562  -1.343
408.000 102.000   7.918   0.456  -1.340
409.000 103.000   7.910   0.351  -1.337
410.000 103.000   7.914   0.456  -1.338
411.000 103.000   7.918   0.456  -1.340
412.000 103.000   7.915   0.351  -1.339
413.000 104.000   7.908   0.245  -1.336
414.000 104.000   7.910   0.351  -1.337
415.000 104.000   7.915   0.351  -1.339
416.000 104.000   7.912   0.245  -1.338
417.000 105.000   7.912   0.142  -1.338
418.000 105.000   7.908   0.245  -1.336
419.000 105.000   7.912   0.245  -1.338
420.000 105.000   7.917   0.142  -1.340
421.000 106.000   7.918   0.040  -1.340
422.000 106.000   7.912   0.142  -1.338
423.000 106.000   7.917   0.142  -1.340
424.000 106.000   7.922   0.040  -1.342
425.000 107.000   7.918   0.030  -1.340
426.000 107.000   7.918   0.040  -1.340
427.000 107.000   7.922   0.040  -1.342
428.000 107.000   7.923   0.030  -1.342
429.000 108.000   7.923   0.030  -1.331
430.000 108.000   7.918   0.030  -1.340
431.000 108.000   7.923   0.030  -1.342
432.000 108.000   7.927   0.030  -1.333
433.000 109.000   7.970   0.030  -1.223
434.000 109.000   7.923   0.030  -1.331
435.000 109.000   7.927   0.030  -1.333
436.000 109.000   7.975   0.030  -1.225
437.000 110.000   8.018   0.030  -1.115
438.000 110.000   7.970   0.030  -1.223
439.000 110.000   7.975   0.030  -1.225
440.000 110.000   8.023   0.030  -1.117
441.000 111.000   8.066   0.030  -1.007
442.000 111.000   8.018   0.030  -1.115
443.000 111.000   8.023   0.030  -1.117
444.000 111.000   8.071   0.030  -1.009
445.000 112.000   8.114   0.030  -0.899
446.000 112.000   8.066   0.030  -1.007
447.000 112.000   8.071   0.030  -1.009
448.000 112.000   8.118   0.030  -0.901
449.000 113.000   8.097   0.678  -1.021
450.000 113.000   8.145   0.678  -0.913
451.000 113.000   8.149   0.678  -0.915
452.000 113.000   8.101   0.678  -1.023
453.000 114.000   8.049   0.678  -1.129
454.000 114.000   8.097   0.678  -1.021
455.000 114.000   8.101   0.678  -1.023
456.000 114.000   8.053   0.678  -1.131
457.000 115.000   8.001   0.678  -1.237
458.000 115.000   8.049   0.678  -1.129
459.000 115.000   8.053   0.678  -1.131
460.000 115.000   8.005   0.678  -1.239
461.000 116.000   7.953   0.678  -1.345
462.000 116.000   8.001   0.678  -1.237
463.000 116.000   8.005   0.678  -1.239
464.000 116.000   7.958   0.678  -1.347
465.000 117.000   7.949   0.678  -1.354
466.000 117.000   7.953   0.678  -1.345
467.000 117.000   7.958   0.678  -1.347
468.000 117.000   7.954   0.678  -1.356
469.000 118.000   7.938   0.668  -1.349
470.000 118.000   7.949   0.678  -1.354
471.000 118.000   7.954   0.678  -1.356
472.000 118.000   7.943   0.668  -1.351
473.000 119.000   7.915   0.562  -1.339
474.000 119.000   7.938   0.668  -1.349
475.000 119.000   7.943   0.668  -1.351
476.000 119.000   7.920   0.562  -1.341
477.000 120.000   7.909   0.456  -1.336
478.000 120.000   7.915   0.562  -1.339
479.000 120.000   7.920   0.562  -1.341
480.000 120.000   7.914   0.456  -1.338
481.000 121.000   7.906   0.351  -1.335
482.000 121.000   7.909   0.456  -1.336
483.000 121.000   7.914   0.456  -1.338
484.000 121.000   7.910   0.351  -1.337
485.000 122.000   7.903   0.245  -1.334
486.000 122.000   7.906   0.351  -1.335
487.000 122.000   7.910   0.351  -1.337
488.000 122.000   7.908   0.245  -1.336
489.000 123.000   7.908   0.142  -1.336
490.000 123.000   7.903   0.245  -1.334
491.000 123.000   7.908   0.245  -1.336
492.000 123.000   7.912   0.142  -1.338
493.000 124.000   7.913   0.040  -1.338
494.000 124.000   7.908   0.142  -1.336
495.000 124.000   7.912   0.142  -1.338
496.000 124.000   7.918   0.040  -1.340
497.000 125.000   7.914   0.030  -1.338
498.000 125.000   7.913   0.040  -1.338
499.000 125.000   7.918   0.040  -1.340
500.000 125.000   7.918   0.030  -1.340
501.000 126.000   7.918   0.030  -1.329
502.000 126.000   7.914   0.030  -1.338
503.000 126.000   7.918   0.030  -1.340
504.000 126.000   7.923   0.030  -1.331
505.000 127.000   7.966   0.030  -1.221
506.000 127.000   7.918   0.030  -1.329
507.000 127.000   7.923   0.030  -1.331
508.000 127.000   7.970   0.030  -1.223
509.000 128.000   8.014   0.030  -1.113
510.000 128.000   7.966   0.030  -1.221
511.000 128.000   7.970   0.030  -1.223
512.000 128.000   8.018   0.030  -1.115
513.000 129.000   8.061   0.030  -1.005
514.000 129.000   8.014   0.030  -1.113
515.000 129.000   8.018   0.030  -1.115
516.000 129.000   8.066   0.030  -1.007
517.000 130.000   8.109   0.030  -0.897
518.000 130.000   8.061   0.030  -1.005
519.000 130.000   8.066   0.030  -1.007
520.000 130.000   8.114   0.030  -0.899
521.000 131.000   8.088   0.678  -1.017
522.000 131.000   8.135   0.678  -0.909
523.000 131.000   8.145   0.678  -0.913
524.000 131.000   8.097   0.678  -1.021
525.000 132.000   8.040   0.678  -1.125
526.000 132.000   8.088   0.678  -1.017
527.000 132.000   8.097   0.678  -1.021
528.000 132.000   8.049   0.678  -1.129
529.000 133.000   7.992   0.678  -1.233
530.000 133.000   8.040   0.678  -1.125
531.000 133.000   8.049   0.678  -1.129
532.000 133.000   8.001   0.678  -1.237
533.000 134.000   7.944   0.678  -1.341
534.000 134.000   7.992   0.678  -1.233
535.000 134.000   8.001   0.678  -1.237
536.000 134.000   7.953   0.678  -1.345
537.000 135.000   7.940   0.678  -1.350
538.000 135.000   7.944   0.678  -1.341
539.000 135.000   7.953   0.678  -1.345
540.000 135.000   7.949   0.678  -1.354
541.000 136.000   7.929   0.668  -1.345
542.000 136.000   7.940   0.678  -1.350
543.000 136.000   7.949   0.678  -1.354
544.000 136.000   7.938   0.668  -1.349
545.000 137.000   7.906   0.562  -1.335
546.000 137.000   7.929   0.668  -1.345
547.000 137.000   7.938   0.668  -1.349
548.000 137.000   7.915   0.562  -1.339
549.000 138.000   7.900   0.456  -1.332
550.000 138.000   7.906   0.562  -1.335
551.000 138.000   7.915   0.562  -1.339
552.000 138.000   7.909   0.456  -1.336
553.000 139.000   7.896   0.351  -1.331
554.000 139.000   7.900   0.456  -1.332
555.000 139.000   7.909   0.456  -1.336
556.000 139.000   7.906   0.351  -1.335
557.000 140.000   7.894   0.245  -1.330
558.000 140.000   7.896   0.351  -1.331
559.000 140.000   7.906   0.351  -1.335
560.000 140.000   7.903   0.245  -1.334
561.000 141.000   7.899   0.142  -1.332
562.000 141.000   7.894   0.245  -1.330
563.000 141.000   7.903   0.245  -1.334
564.000 141.000   7.908   0.142  -1.336
565.000 142.000   7.904   0.040  -1.334
566.000 142.000   7.899   0.142  -1.332
567.000 142.000   7.908   0.142  -1.336
568.000 142.000   7.913   0.040  -1.338
569.000 143.000   7.905   0.030  -1.334
570.000 143.000   7.904   0.040  -1.334
571.000 143.000   7.913   0.040  -1.338
572.000 143.000   7.914   0.030  -1.338
573.000 144.000   7.909   0.030  -1.325
574.000 144.000   7.905   0.030  -1.334
575.000 144.000   7.914   0.030  -1.338
576.000 144.000   7.918   0.030  -1.329
577.000 145.000   7.957   0.030  -1.217
578.000 145.000   7.909   0.030  -1.325
579.000 145.000   7.918   0.030  -1.329
580.000 145.000   7.966   0.030  -1.221
581.000 146.000   8.004   0.030  -1.109
582.000 146.000   7.957   0.030  -1.217
583.000 146.000   7.966   0.030  -1.221
584.000 146.000   8.014   0.030  -1.113
585.000 147.000   8.052   0.030  -1.001
586.000 147.000   8.004   0.030  -1.109
587.000 147.000   8.014   0.030  -1.113
588.000 147.000   8.061   0.030  -1.005
589.000 148.000   8.100   0.030  -0.893
590.000 148.000   8.052   0.030  -1.001
591.000 148.000   8.061   0.030  -1.005
592.000 148.000   8.109   0.030  -0.897
593.000 149.000   7.958   0.562  -1.218
594.000 149.000   7.981   0.668  -1.228
595.000 149.000   7.933   0.668  -1.336
596.000 149.000   7.910   0.562  -1.325
597.000 150.000   7.952   0.456  -1.215
598.000 150.000   7.958   0.562  -1.218
599.000 150.000   7.910   0.562  -1.325
600.000 150.000   7.904   0.456  -1.323
601.000 151.000   7.948   0.351  -1.213
602.000 151.000   7.952   0.456  -1.215
603.000 151.000   7.904   0.456  -1.323
604.000 151.000   7.901   0.351  -1.321
605.000 152.000   7.946   0.245  -1.212
606.000 152.000   7.948   0.351  -1.213
607.000 152.000   7.901   0.351  -1.321
608.000 152.000   7.898   0.245  -1.320
609.000 153.000   7.951   0.142  -1.214
610.000 153.000   7.946   0.245  -1.212
611.000 153.000   7.898   0.245  -1.320
612.000 153.000   7.903   0.142  -1.322
613.000 154.000   7.956   0.040  -1.217
614.000 154.000   7.951   0.142  -1.214
615.000 154.000   7.903   0.142  -1.322
616.000 154.000   7.908   0.040  -1.325
617.000 155.000   8.005   0.562  -1.109
618.000 155.000   8.029   0.668  -1.120
619.000 155.000   7.981   0.668  -1.228
620.000 155.000   7.958   0.562  -1.218
621.000 156.000   8.000   0.456  -1.107
622.000 156.000   8.005   0.562  -1.109
623.000 156.000   7.958   0.562  -1.218
624.000 156.000   7.952   0.456  -1.215
625.000 157.000   7.996   0.351  -1.105
626.000 157.000   8.000   0.456  -1.107
627.000 157.000   7.952   0.456  -1.215
628.000 157.000   7.948   0.351  -1.213
629.000 158.000   7.994   0.245  -1.104
630.000 158.000   7.996   0.351  -1.105
631.000 158.000   7.948   0.351  -1.213
632.000 158.000   7.946   0.245  -1.212
633.000 159.000   7.998   0.142  -1.106
634.000 159.000   7.994   0.245  -1.104
635.000 159.000   7.946   0.245  -1.212
636.000 159.000   7.951   0.142  -1.214
637.000 160.000   8.004   0.040  -1.109
638.000 160.000   7.998   0.142  -1.106
639.000 160.000   7.951   0.142  -1.214
640.000 160.000   7.956   0.040  -1.217
641.000 161.000   8.053   0.562  -1.002
642.000 161.000   8.077   0.668  -1.012
643.000 161.000   8.029   0.668  -1.120
644.000 161.000   8.005   0.562  -1.109
645.000 162.000   8.047   0.456  -0.999
646.000 162.000   8.053   0.562  -1.002
647.000 162.000   8.005   0.562  -1.109
648.000 162.000   8.000   0.456  -1.107
649.000 163.000   8.044   0.351  -0.997
650.000 163.000   8.047   0.456  -0.999
651.000 163.000   8.000   0.456  -1.107
652.000 163.000   7.996   0.351  -1.105
653.000 164.000   8.042   0.245  -0.996
654.000 164.000   8.044   0.351  -0.997
655.000 164.000   7.996   0.351  -1.105
656.000 164.000   7.994   0.245  -1.104
657.000 165.000   8.046   0.142  -0.998
658.000 165.000   8.042   0.245  -0.996
659.000 165.000   7.994   0.245  -1.104
660.000 165.000   7.998   0.142  -1.106
661.000 166.000   8.052   0.040  -1.001
662.000 166.000   8.046   0.142  -0.998
663.000 166.000   7.998   0.142  -1.106
664.000 166.000   8.004   0.040  -1.109
665.000 167.000   8.101   0.562  -0.894
666.000 167.000   8.125   0.668  -0.904
667.000 167.000   8.077   0.668  -1.012
668.000 167.000   8.053   0.562  -1.002
669.000 168.000   8.095   0.456  -0.891
670.000 168.000   8.101   0.562  -0.894
671.000 168.000   8.053   0.562  -1.002
672.000 168.000   8.047   0.456  -0.999
673.000 169.000   8.092   0.351  -0.889
674.000 169.000   8.095   0.456  -0.891
675.000 169.000   8.047   0.456  -0.999
676.000 169.000   8.044   0.351  -0.997
677.000 170.000   8.090   0.245  -0.888
678.000 170.000   8.092   0.351  -0.889
679.000 170.000   8.044   0.351  -0.997
680.000 170.000   8.042   0.245  -0.996
681.000 171.000   8.094   0.142  -0.890
682.000 171.000   8.090   0.245  -0.888
683.000 171.000   8.042   0.245  -0.996
684.000 171.000   8.046   0.142  -0.998
685.000 172.000   8.100   0.040  -0.893
686.000 172.000   8.094   0.142  -0.890
687.000 172.000   8.046   0.142  -0.998
688.000 172.000   8.052   0.040  -1.001
689.000 173.000   7.981   0.668  -1.228
690.000 173.000   7.992   0.678  -1.233
691.000 173.000   7.944   0.678  -1.341
692.000 173.000   7.933   0.668  -1.336
693.000 174.000   8.029   0.668  -1.120
694.000 174.000   8.040   0.678  -1.125
695.000 174.000   7.992   0.678  -1.233
696.000 174.000   7.981   0.668  -1.228
697.000 175.000   8.077   0.668  -1.012
698.000 175.000   8.088   0.678  -1.017
699.000 175.000   8.040   0.678  -1.125
700.000 175.000   8.029   0.668  -1.120
701.000 176.000   8.125   0.668  -0.904
702.000 176.000   8.135   0.678  -0.909
703.000 176.000   8.088   0.678  -1.017
704.000 176.000   8.077   0.668  -1.012
705.000 177.000   7.933   0.668  -1.336
706.000 177.000   7.944   0.678  -1.341
707.000 177.000   7.940   0.678  -1.350
708.000 177.000   7.929   0.668  -1.345
709.000 178.000   7.910   0.562  -1.325
710.000 178.000   7.933   0.668  -1.336
711.000 178.000   7.929   0.668  -1.345
712.000 178.000   7.906   0.562  -1.335
713.000 179.000   7.904   0.456  -1.323
714.000 179.000   7.910   0.562  -1.325
715.000 179.000   7.906   0.562  -1.335
716.000 179.000   7.900   0.456  -1.332
717.000 180.000   7.901   0.351  -1.321
718.000 180.000   7.904   0.456  -1.323
719.000 180.000   7.900   0.456  -1.332
720.000 180.000   7.896   0.351  -1.331
721.000 181.000   7.898   0.245  -1.320
722.000 181.000   7.901   0.351  -1.321
723.000 181.000   7.896   0.351  -1.331
724.000 181.000   7.894   0.245  -1.330
725.000 182.000   7.903   0.142  -1.322
726.000 182.000   7.898   0.245  -1.320
727.000 182.000   7.894   0.245  -1.330
728.000 182.000   7.899   0.142  -1.332
729.000 183.000   7.908   0.040  -1.325
730.000 183.000   7.903   0.142  -1.322
731.000 183.000   7.899   0.142  -1.332
732.000 183.000   7.904   0.040  -1.334
733.000 184.000   7.909   0.030  -1.325
734.000 184.000   7.908   0.040  -1.325
735.000 184.000   7.904   0.040  -1.334
736.000 184.000   7.905   0.030  -1.334
737.000 185.000   7.957   0.030  -1.217
738.000 185.000   7.956   0.040  -1.217
739.000 185.000   7.908   0.040  -1.325
740.000 185.000   7.909   0.030  -1.325
741.000 186.000   8.004   0.030  -1.109
742.000 186.000   8.004   0.040  -1.109
743.000 186.000   7.956   0.040  -1.217
744.000 186.000   7.957   0.030  -1.217
745.000 187.000   8.052   0.030  -1.001
746.000 187.000   8.052   0.040  -1.001
747.000 187.000   8.004   0.040  -1.109
748.000 187.000   8.004   0.030  -1.109
749.000 188.000   8.100   0.030  -0.893
750.000 188.000   8.100   0.040  -0.893
751.000 188.000   8.052   0.040  -1.001
752.000 188.000   8.052   0.030  -1.001
753.000 189.000   8.197  -0.678  -0.807
754.000 189.000   8.149  -0.678  -0.915
755.000 189.000   8.154  -0.678  -0.917
756.000 189.000   8.201  -0.678  -0.809
757.000 190.000   8.245  -0.678  -0.699
758.000 190.000   8.197  -0.678  -0.807
759.000 190.000   8.201  -0.678  -0.809
760.000 190.000   8.249  -0.678  -0.701
761.000 191.000   8.293  -0.678  -0.591
762.000 191.000   8.245  -0.678  -0.699
763.000 191.000   8.249  -0.678  -0.701
764.000 191.000   8.297  -0.678  -0.593
765.000 192.000   8.340  -0.678  -0.483
766.000 192.000   8.293  -0.678  -0.591
767.000 192.000   8.297  -0.678  -0.593
768.000 192.000   8.345  -0.678  -0.485
769.000 193.000   8.345  -0.678  -0.474
770.000 193.000   8.340  -0.678  -0.483
771.000 193.000   8.345  -0.678  -0.485
772.000 193.000   8.349  -0.678  -0.476
773.000 194.000   8.334  -0.668  -0.469
774.000 194.000   8.345  -0.678  -0.474
775.000 194.000   8.349  -0.678  -0.476
776.000 194.000   8.338  -0.668  -0.471
777.000 195.000   8.310  -0.562  -0.458
778.000 195.000   8.334  -0.668  -0.469
779.000 195.000   8.338  -0.668  -0.471
780.000 195.000   8.315  -0.562  -0.460
781.000 196.000   8.304  -0.456  -0.456
782.000 196.000   8.310  -0.562  -0.458
783.000 196.000   8.315  -0.562  -0.460
784.000 196.000   8.309  -0.456  -0.458
785.000 197.000   8.301  -0.351  -0.454
786.000 197.000   8.304  -0.456  -0.456
787.000 197.000   8.309  -0.456  -0.458
788.000 197.000   8.306  -0.351  -0.456
789.000 198.000   8.299  -0.245  -0.453
790.000 198.000   8.301  -0.351  -0.454
791.000 198.000   8.306  -0.351  -0.456
792.000 198.000   8.303  -0.245  -0.455
793.000 199.000   8.303  -0.142  -0.455
794.000 199.000   8.299  -0.245  -0.453
795.000 199.000   8.303  -0.245  -0.455
796.000 199.000   8.308  -0.142  -0.457
797.000 200.000   8.309  -0.040  -0.458
798.000 200.000   8.303  -0.142  -0.455
799.000 200.000   8.308  -0.142  -0.457
800.000 200.000   8.313  -0.040  -0.460
801.000 201.000   8.309  -0.030  -0.458
802.000 201.000   8.309  -0.040  -0.458
803.000 201.000   8.313  -0.040  -0.460
804.000 201.000   8.314  -0.030  -0.460
805.000 202.000   8.305  -0.030  -0.467
806.000 202.000   8.309  -0.030  -0.458
807.000 202.000   8.314  -0.030  -0.460
808.000 202.000   8.310  -0.030  -0.469
809.000 203.000   8.257  -0.030  -0.575
810.000 203.000   8.305  -0.030  -0.467
811.000 203.000   8.310  -0.030  -0.469
812.000 203.000   8.262  -0.030  -0.577
813.000 204.000   8.210  -0.030  -0.683
814.000 204.000   8.257  -0.030  -0.575
815.000 204.000   8.262  -0.030  -0.577
816.000 204.000   8.214  -0.030  -0.685
817.000 205.000   8.162  -0.030  -0.791
818.000 205.000   8.210  -0.030  -0.683
819.000 205.000   8.214  -0.030  -0.685
820.000 205.000   8.166  -0.030  -0.793
821.000 206.000   8.114  -0.030  -0.899
822.000 206.000   8.162  -0.030  -0.791
823.000 206.000   8.166  -0.030  -0.793
824.000 206.000   8.118  -0.030  -0.901
825.000 207.000   8.192  -0.678  -0.805
826.000 207.000   8.145  -0.678  -0.913
827.000 207.000   8.149  -0.678  -0.915
828.000 207.000   8.197  -0.678  -0.807
829.000 208.000   8.240  -0.678  -0.697
830.000 208.000   8.192  -0.678  -0.805
831.000 208.000   8.197  -0.678  -0.807
832.000 208.000   8.245  -0.678  -0.699
833.000 209.000   8.288  -0.678  -0.589
834.000 209.000   8.240  -0.678  -0.697
835.000 209.000   8.245  -0.678  -0.699
836.000 209.000   8.293  -0.678  -0.591
837.000 210.000   8.336  -0.678  -0.481
838.000 210.000   8.288  -0.678  -0.589
839.000 210.000   8.293  -0.678  -0.591
840.000 210.000   8.340  -0.678  -0.483
841.000 211.000   8.340  -0.678  -0.472
842.000 211.000   8.336  -0.678  -0.481
843.000 211.000   8.340  -0.678  -0.483
844.000 211.000   8.345  -0.678  -0.474
845.000 212.000   8.329  -0.668  -0.467
846.000 212.000   8.340  -0.678  -0.472
847.000 212.000   8.345  -0.678  -0.474
848.000 212.000   8.334  -0.668  -0.469
849.000 213.000   8.306  -0.562  -0.456
850.000 213.000   8.329  -0.668  -0.467
851.000 213.000   8.334  -0.668  -0.469
852.000 213.000   8.310  -0.562  -0.458
853.000 214.000   8.300  -0.456  -0.454
854.000 214.000   8.306  -0.562  -0.456
855.000 214.000   8.310  -0.562  -0.458
856.000 214.000   8.304  -0.456  -0.456
857.000 215.000   8.297  -0.351  -0.452
858.000 215.000   8.300  -0.456  -0.454
859.000 215.000   8.304  -0.456  -0.456
860.000 215.000   8.301  -0.351  -0.454
861.000 216.000   8.294  -0.245  -0.451
862.000 216.000   8.297  -0.351  -0.452
863.000 216.000   8.301  -0.351  -0.454
864.000 216.000   8.299  -0.245  -0.453
865.000 217.000   8.299  -0.142  -0.453
866.000 217.000   8.294  -0.245  -0.451
867.000 217.000   8.299  -0.245  -0.453
868.000 217.000   8.303  -0.142  -0.455
869.000 218.000   8.304  -0.040  -0.456
870.000 218.000   8.299  -0.142  -0.453
871.000 218.000   8.303  -0.142  -0.455
872.000 218.000   8.309  -0.040  -0.458
873.000 219.000   8.305  -0.030  -0.456
874.000 219.000   8.304  -0.040  -0.456
875.000 219.000   8.309  -0.040  -0.458
876.000 219.000   8.309  -0.030  -0.458
877.000 220.000   8.301  -0.030  -0.465
878.000 220.000   8.305  -0.030  -0.456
879.000 220.000   8.309  -0.030  -0.458
880.000 220.000   8.305  -0.030  -0.467
881.000 221.000   8.253  -0.030  -0.573
882.000 221.000   8.301  -0.030  -0.465
883.000 221.000   8.305  -0.030  -0.467
884.000 221.000   8.257  -0.030  -0.575
885.000 222.000   8.205  -0.030  -0.681
886.000 222.000   8.253  -0.030  -0.573
887.000 222.000   8.257  -0.030  -0.575
888.000 222.000   8.210  -0.030  -0.683
889.000 223.000   8.157  -0.030  -0.789
890.000 223.000   8.205  -0.030  -0.681
891.000 223.000   8.210  -0.030  -0.683
892.000 223.000   8.162  -0.030  -0.791
893.000 224.000   8.109  -0.030  -0.897
894.000 224.000   8.157  -0.030  -0.789
895.000 224.000   8.162  -0.030  -0.791
896.000 224.000   8.114  -0.030  -0.899
897.000 225.000   8.183  -0.678  -0.801
898.000 225.000   8.135  -0.678  -0.909
899.000 225.000   8.145  -0.678  -0.913
900.000 225.000   8.192  -0.678  -0.805
901.000 226.000   8.231  -0.678  -0.693
902.000 226.000   8.183  -0.678  -0.801
903.000 226.000   8.192  -0.678  -0.805
904.000 226.000   8.240  -0.678  -0.697
905.000 227.000   8.279  -0.678  -0.585
906.000 227.000   8.231  -0.678  -0.693
907.000 227.000   8.240  -0.678  -0.697
908.000 227.000   8.288  -0.678  -0.589
909.000 228.000   8.327  -0.678  -0.477
910.000 228.000   8.279  -0.678  -0.585
911.000 228.000   8.288  -0.678  -0.589
912.000 228.000   8.336  -0.678  -0.481
913.000 229.000   8.331  -0.678  -0.467
914.000 229.000   8.327  -0.678  -0.477
915.000 229.000   8.336  -0.678  -0.481
916.000 229.000   8.340  -0.678  -0.472
917.000 230.000   8.320  -0.668  -0.463
918.000 230.000   8.331  -0.678  -0.467
919.000 230.000   8.340  -0.678  -0.472
920.000 230.000   8.329  -0.668  -0.467
921.000 231.000   8.297  -0.562  -0.452
922.000 231.000   8.320  -0.668  -0.463
923.000 231.000   8.329  -0.668  -0.467
924.000 231.000   8.306  -0.562  -0.456
925.000 232.000   8.291  -0.456  -0.450
926.000 232.000   8.297  -0.562  -0.452
927.000 232.000   8.306  -0.562  -0.456
928.000 232.000   8.300  -0.456  -0.454
929.000 233.000   8.287  -0.351  -0.448
930.000 233.000   8.291  -0.456  -0.450
931.000 233.000   8.300  -0.456  -0.454
932.000 233.000   8.297  -0.351  -0.452
933.000 234.000   8.285  -0.245  -0.447
934.000 234.000   8.287  -0.351  -0.448
935.000 234.000   8.297  -0.351  -0.452
936.000 234.000   8.294  -0.245  -0.451
937.000 235.000   8.290  -0.142  -0.449
938.000 235.000   8.285  -0.245  -0.447
939.000 235.000   8.294  -0.245  -0.451
940.000 235.000   8.299  -0.142  -0.453
941.000 236.000   8.295  -0.040  -0.452
942.000 236.000   8.290  -0.142  -0.449
943.000 236.000   8.299  -0.142  -0.453
944.000 236.000   8.304  -0.040  -0.456
945.000 237.000   8.296  -0.030  -0.452
946.000 237.000   8.295  -0.040  -0.452
947.000 237.000   8.304  -0.040  -0.456
948.000 237.000   8.305  -0.030  -0.456
949.000 238.000   8.291  -0.030  -0.461
950.000 238.000   8.296  -0.030  -0.452
951.000 238.000   8.305  -0.030  -0.456
952.000 238.000   8.301  -0.030  -0.465
953.000 239.000   8.244  -0.030  -0.569
954.000 239.000   8.291  -0.030  -0.461
955.000 239.000   8.301  -0.030  -0.465
956.000 239.000   8.253  -0.030  -0.573
957.000 240.000   8.196  -0.030  -0.677
958.000 240.000   8.244  -0.030  -0.569
959.000 240.000   8.253  -0.030  -0.573
960.000 240.000   8.205  -0.030  -0.681
961.000 241.000   8.148  -0.030  -0.785
962.000 241.000   8.196  -0.030  -0.677
963.000 241.000   8.205  -0.030  -0.681
964.000 241.000   8.157  -0.030  -0.789
965.000 242.000   8.100  -0.030  -0.893
966.000 242.000   8.148  -0.030  -0.785
967.000 242.000   8.157  -0.030  -0.789
968.000 242.000   8.109  -0.030  -0.897
969.000 243.000   8.245  -0.562  -0.570
970.000 243.000   8.268  -0.668  -0.580
971.000 243.000   8.316  -0.668  -0.472
972.000 243.000   8.293  -0.562  -0.462
973.000 244.000   8.239  -0.456  -0.567
974.000 244.000   8.245  -0.562  -0.570
975.000 244.000   8.293  -0.562  -0.462
976.000 244.000   8.287  -0.456  -0.459
977.000 245.000   8.236  -0.351  -0.565
978.000 245.000   8.239  -0.456  -0.567
979.000 245.000   8.287  -0.456  -0.459
980.000 245.000   8.283  -0.351  -0.457
981.000 246.000   8.233  -0.245  -0.564
982.000 246.000   8.236  -0.351  -0.565
983.000 246.000   8.283  -0.351  -0.457
984.000 246.000   8.281  -0.245  -0.456
985.000 247.000   8.238  -0.142  -0.566
986.000 247.000   8.233  -0.245  -0.564
987.000 247.000   8.281  -0.245  -0.456
988.000 247.000   8.286  -0.142  -0.458
989.000 248.000   8.243  -0.040  -0.569
990.000 248.000   8.238  -0.142  -0.566
991.000 248.000   8.286  -0.142  -0.458
992.000 248.000   8.291  -0.040  -0.461
993.000 249.000   8.197  -0.562  -0.677
994.000 249.000   8.220  -0.668  -0.688
995.000 249.000   8.268  -0.668  -0.580
996.000 249.000   8.245  -0.562  -0.570
997.000 250.000   8.191  -0.456  -0.675
998.000 250.000   8.197  -0.562  -0.677
999.000 250.000   8.245  -0.562  -0.570
1000.000 250.000   8.239  -0.456  -0.567
1001.000 251.000   8.188  -0.351  -0.673
1002.000 251.000   8.191  -0.456  -0.675
1003.000 251.000   8.239  -0.456  -0.567
1004.000 251.000   8.236  -0.351  -0.565
1005.000 252.000   8.185  -0.245  -0.672
1006.000 252.000   8.188  -0.351  -0.673
1007.000 252.000   8.236  -0.351  -0.565
1008.000 252.000   8.233  -0.245  -0.564
1009.000 253.000   8.190  -0.142  -0.674
1010.000 253.000   8.185  -0.245  -0.672
1011.000 253.000   8.233  -0.245  -0.564
1012.000 253.000   8.238  -0.142  -0.566
1013.000 254.000   8.195  -0.040  -0.677
1014.000 254.000   8.190  -0.142  -0.674
1015.000 254.000   8.238  -0.142  -0.566
1016.000 254.000   8.243  -0.040  -0.569
1017.000 255.000   8.149  -0.562  -0.786
1018.000 255.000   8.172  -0.668  -0.796
1019.000 255.000   8.220  -0.668  -0.688
1020.000 255.000   8.197  -0.562  -0.677
1021.000 256.000   8.143  -0.456  -0.783
1022.000 256.000   8.149  -0.562  -0.786
1023.000 256.000   8.197  -0.562  -0.677
1024.000 256.000   8.191  -0.456  -0.675
1025.000 257.000   8.140  -0.351  -0.781
1026.000 257.000   8.143  -0.456  -0.783
1027.000 257.000   8.191  -0.456  -0.675
1028.000 257.000   8.188  -0.351  -0.673
1029.000 258.000   8.137  -0.245  -0.780
1030.000 258.000   8.140  -0.351  -0.781
1031.000 258.000   8.188  -0.351  -0.673
1032.000 258.000   8.185  -0.245  -0.672
1033.000 259.000   8.142  -0.142  -0.782
1034.000 259.000   8.137  -0.245  -0.780
1035.000 259.000   8.185  -0.245  -0.672
1036.000 259.000   8.190  -0.142  -0.674
1037.000 260.000   8.147  -0.040  -0.785
1038.000 260.000   8.142  -0.142  -0.782
1039.000 260.000   8.190  -0.142  -0.674
1040.000 260.000   8.195  -0.040  -0.677
1041.000 261.000   8.101  -0.562  -0.894
1042.000 261.000   8.125  -0.668  -0.904
1043.000 261.000   8.172  -0.668  -0.796
1044.000 261.000   8.149  -0.562  -0.786
1045.000 262.000   8.095  -0.456  -0.891
1046.000 262.000   8.101  -0.562  -0.894
1047.000 262.000   8.149  -0.562  -0.786
1048.000 262.000   8.143  -0.456  -0.783
1049.000 263.000   8.092  -0.351  -0.889
1050.000 263.000   8.095  -0.456  -0.891
1051.000 263.000   8.143  -0.456  -0.783
1052.000 263.000   8.140  -0.351  -0.781
1053.000 264.000   8.090  -0.245  -0.888
1054.000 264.000   8.092  -0.351  -0.889
1055.000 264.000   8.140  -0.351  -0.781
1056.000 264.000   8.137  -0.245  -0.780
1057.000 265.000   8.094  -0.142  -0.890
1058.000 265.000   8.090  -0.245  -0.888
1059.000 265.000   8.137  -0.245  -0.780
1060.000 265.000   8.142  -0.142  -0.782
1061.000 266.000   8.100  -0.040  -0.893
1062.000 266.000   8.094  -0.142  -0.890
1063.000 266.000   8.142  -0.142  -0.782
1064.000 266.000   8.147  -0.040  -0.785
1065.000 267.000   8.268  -0.668  -0.580
1066.000 267.000   8.279  -0.678  -0.585
1067.000 267.000   8.327  -0.678  -0.477
1068.000 267.000   8.316  -0.668  -0.472
1069.000 268.000   8.220  -0.668  -0.688
1070.000 268.000   8.231  -0.678  -0.693
1071.000 268.000   8.279  -0.678  -0.585
1072.000 268.000   8.268  -0.668  -0.580
1073.000 269.000   8.172  -0.668  -0.796
1074.000 269.000   8.183  -0.678  -0.801
1075.000 269.000   8.231  -0.678  -0.693
1076.000 269.000   8.220  -0.668  -0.688
1077.000 270.000   8.125  -0.668  -0.904
1078.000 270.000   8.135  -0.678  -0.909
1079.000 270.000   8.183  -0.678  -0.801
1080.000 270.000   8.172  -0.668  -0.796
1081.000 271.000   8.316  -0.668  -0.472
1082.000 271.000   8.327  -0.678  -0.477
1083.000 271.000   8.331  -0.678  -0.467
1084.000 271.000   8.320  -0.668  -0.463
1085.000 272.000   8.293  -0.562  -0.462
1086.000 272.000   8.316  -0.668  -0.472
1087.000 272.000   8.320  -0.668  -0.463
1088.000 272.000   8.297  -0.562  -0.452
1089.000 273.000   8.287  -0.456  -0.459
1090.000 273.000   8.293  -0.562  -0.462
1091.000 273.000   8.297  -0.562  -0.452
1092.000 273.000   8.291  -0.456  -0.450
1093.000 274.000   8.283  -0.351  -0.457
1094.000 274.000   8.287  -0.456  -0.459
1095.000 274.000   8.291  -0.456  -0.450
1096.000 274.000   8.287  -0.351  -0.448
1097.000 275.000   8.281  -0.245  -0.456
1098.000 275.000   8.283  -0.351  -0.457
1099.000 275.000   8.287  -0.351  -0.448
1100.000 275.000   8.285  -0.245  -0.447
1101.000 276.000   8.286  -0.142  -0.458
1102.000 276.000   8.281  -0.245  -0.456
1103.000 276.000   8.285  -0.245  -0.447
1104.000 276.000   8.290  -0.142  -0.449
1105.000 277.000   8.291  -0.040  -0.461
1106.000 277.000   8.286  -0.142  -0.458
1107.000 277.000   8.290  -0.142  -0.449
1108.000 277.000   8.295  -0.040  -0.452
1109.000 278.000   8.291  -0.030  -0.461
1110.000 278.000   8.291  -0.040  -0.461
1111.000 278.000   8.295  -0.040  -0.452
1112.000 278.000   8.296  -0.030  -0.452
1113.000 279.000   8.244  -0.030  -0.569
1114.000 279.000   8.243  -0.040  -0.569
1115.000 279.000   8.291  -0.040  -0.461
1116.000 279.000   8.291  -0.030  -0.461
1117.000 280.000   8.196  -0.030  -0.677
1118.000 280.000   8.195  -0.040  -0.677
1119.000 280.000   8.243  -0.040  -0.569
1120.000 280.000   8.244  -0.030  -0.569
1121.000 281.000   8.148  -0.030  -0.785
1122.000 281.000   8.147  -0.040  -0.785
1123.000 281.000   8.195  -0.040  -0.677
1124.000 281.000   8.196  -0.030  -0.677
1125.000 282.000   8.100  -0.030  -0.893
1126.000 282.000   8.100  -0.040  -0.893
1127.000 282.000   8.147  -0.040  -0.785
1128.000 282.000   8.148  -0.030  -0.785
1129.000 283.000   8.101  -0.678  -1.023
1130.000 283.000   8.149  -0.678  -0.915
1131.000 283.000   8.154  -0.678  -0.917
1132.000 283.000   8.106  -0.678  -1.025
1133.000 284.000   8.053  -0.678  -1.131
1134.000 284.000   8.101  -0.678  -1.023
1135.000 284.000   8.106  -0.678  -1.025
1136.000 284.000   8.058  -0.678  -1.133
1137.000 285.000   8.005  -0.678  -1.239
1138.000 285.000   8.053  -0.678  -1.131
1139.000 285.000   8.058  -0.678  -1.133
1140.000 285.000   8.010  -0.678  -1.241
1141.000 286.000   7.958  -0.678  -1.347
1142.000 286.000   8.005  -0.678  -1.239
1143.000 286.000   8.010  -0.678  -1.241
1144.000 286.000   7.962  -0.678  -1.349
1145.000 287.000   7.954  -0.678  -1.356
1146.000 287.000   7.958  -0.678  -1.347
1147.000 287.000   7.962  -0.678  -1.349
1148.000 287.000   7.958  -0.678  -1.358
1149.000 288.000   7.943  -0.668  -1.351
1150.000 288.000   7.954  -0.678  -1.356
1151.000 288.000   7.958  -0.678  -1.358
1152.000 288.000   7.947  -0.668  -1.353
1153.000 289.000   7.920  -0.562  -1.341
1154.000 289.000   7.943  -0.668  -1.351
1155.000 289.000   7.947  -0.668  -1.353
1156.000 289.000   7.924  -0.562  -1.343
1157.000 290.000   7.914  -0.456  -1.338
1158.000 290.000   7.920  -0.562  -1.341
1159.000 290.000   7.924  -0.562  -1.343
1160.000 290.000   7.918  -0.456  -1.340
1161.000 291.000   7.910  -0.351  -1.337
1162.000 291.000   7.914  -0.456  -1.338
1163.000 291.000   7.918  -0.456  -1.340
1164.000 291.000   7.915  -0.351  -1.339
1165.000 292.000   7.908  -0.245  -1.336
1166.000 292.000   7.910  -0.351  -1.337
1167.000 292.000   7.915  -0.351  -1.339
1168.000 292.000   7.912  -0.245  -1.338
1169.000 293.000   7.912  -0.142  -1.338
1170.000 293.000   7.908  -0.245  -1.336
1171.000 293.000   7.912  -0.245  -1.338
1172.000 293.000   7.917  -0.142  -1.340
1173.000 294.000   7.918  -0.040  -1.340
1174.000 294.000   7.912  -0.142  -1.338
1175.000 294.000   7.917  -0.142  -1.340
1176.000 294.000   7.922  -0.040  -1.342
1177.000 295.000   7.918  -0.030  -1.340
1178.000 295.000   7.918  -0.040  -1.340
1179.000 295.000   7.922  -0.040  -1.342
1180.000 295.000   7.923  -0.030  -1.342
1181.000 296.000   7.923  -0.030  -1.331
1182.000 296.000   7.918  -0.030  -1.340
1183.000 296.000   7.923  -0.030  -1.342
1184.000 296.000   7.927  -0.030  -1.333
1185.000 297.000   7.970  -0.030  -1.223
1186.000 297.000   7.923  -0.030  -1.331
1187.000 297.000   7.927  -0.030  -1.333
1188.000 297.000   7.975  -0.030  -1.225
1189.000 298.000   8.018  -0.030  -1.115
1190.000 298.000   7.970  -0.030  -1.223
1191.000 298.000   7.975  -0.030  -1.225
1192.000 298.000   8.023  -0.030  -1.117
1193.000 299.000   8.066  -0.030  -1.007
1194.000 299.000   8.018  -0.030  -1.115
1195.000 299.000   8.023  -0.030  -1.117
1196.000 299.000   8.071  -0.030  -1.009
1197.000 300.000   8.114  -0.030  -0.899
1198.000 300.000   8.066  -0.030  -1.007
1199.000 300.000   8.071  -0.030  -1.009
1200.000 300.000   8.118  -0.030  -0.901
1201.000 301.000   8.097  -0.678  -1.021
1202.000 301.000   8.145  -0.678  -0.913
1203.000 301.000   8.149  -0.678  -0.915
1204.000 301.000   8.101  -0.678  -1.023
1205.000 302.000   8.049  -0.678  -1.129
1206.000 302.000   8.097  -0.678  -1.021
1207.000 302.000   8.101  -0.678  -1.023
1208.000 302.000   8.053  -0.678  -1.131
1209.000 303.000   8.001  -0.678  -1.237
1210.000 303.000   8.049  -0.678  -1.129
1211.000 303.000   8.053  -0.678  -1.131
1212.000 303.000   8.005  -0.678  -1.239
1213.000 304.000   7.953  -0.678  -1.345
1214.000 304.000   8.001  -0.678  -1.237
1215.000 304.000   8.005  -0.678  -1.239
1216.000 304.000   7.958  -0.678  -1.347
1217.000 305.000   7.949  -0.678  -1.354
1218.000 305.000   7.953  -0.678  -1.345
1219.000 305.000   7.958  -0.678  -1.347
1220.000 305.000   7.954  -0.678  -1.356
1221.000 306.000   7.938  -0.668  -1.349
1222.000 306.000   7.949  -0.678  -1.354
1223.000 306.000   7.954  -0.678  -1.356
1224.000 306.000   7.943  -0.668  -1.351
1225.000 307.000   7.915  -0.562  -1.339
1226.000 307.000   7.938  -0.668  -1.349
1227.000 307.000   7.943  -0.668  -1.351
1228.000 307.000   7.920  -0.562  -1.341
1229.000 308.000   7.909  -0.456  -1.336
1230.000 308.000   7.915  -0.562  -1.339
1231.000 308.000   7.920  -0.562  -1.341
1232.000 308.000   7.914  -0.456  -1.338
1233.000 309.000   7.906  -0.351  -1.335
1234.000 309.000   7.909  -0.456  -1.336
1235.000 309.000   7.914  -0.456  -1.338
1236.000 309.000   7.910  -0.351  -1.337
1237.000 310.000   7.903  -0.245  -1.334
1238.000 310.000   7.906  -0.351  -1.335
1239.000 310.000   7.910  -0.351  -1.337
1240.000 310.000   7.908  -0.245  -1.336
1241.000 311.000   7.908  -0.142  -1.336
1242.000 311.000   7.903  -0.245  -1.334
1243.000 311.000   7.908  -0.245  -1.336
1244.000 311.000   7.912  -0.142  -1.338
1245.000 312.000   7.913  -0.040  -1.338
1246.000 312.000   7.908  -0.142  -1.336
1247.000 312.000   7.912  -0.142  -1.338
1248.000 312.000   7.918  -0.040  -1.340
1249.000 313.000   7.914  -0.030  -1.338
1250.000 313.000   7.913  -0.040  -1.338
1251.000 313.000   7.918  -0.040  -1.340
1252.000 313.000   7.918  -0.030  -1.340
1253.000 314.000   7.918  -0.030  -1.329
1254.000 314.000   7.914  -0.030  -1.338
1255.000 314.000   7.918  -0.030  -1.340
1256.000 314.000   7.923  -0.030  -1.331
1257.000 315.000   7.966  -0.030  -1.221
1258.000 315.000   7.918  -0.030  -1.329
1259.000 315.000   7.923  -0.030  -1.331
1260.000 315.000   7.970  -0.030  -1.223
1261.000 316.000   8.014  -0.030  -1.113
1262.000 316.000   7.966  -0.030  -1.221
1263.000 316.000   7.970  -0.030  -1.223
1264.000 316.000   8.018  -0.030  -1.115
1265.000 317.000   8.061  -0.030  -1.005
1266.000 317.000   8.014  -0.030  -1.113
1267.000 317.000   8.018  -0.030  -1.115
1268.000 317.000   8.066  -0.030  -1.007
1269.000 318.000   8.109  -0.030  -0.897
1270.000 318.000   8.061  -0.030  -1.005
1271.000 318.000   8.066  -0.030  -1.007
1272.000 318.000   8.114  -0.030  -0.899
1273.000 319.000   8.088  -0.678  -1.017
1274.000 319.000   8.135  -0.678  -0.909
1275.000 319.000   8.145  -0.678  -0.913
1276.000 319.000   8.097  -0.678  -1.021
1277.000 320.000   8.040  -0.678  -1.125
1278.000 320.000   8.088  -0.678  -1.017
1279.000 320.000   8.097  -0.678  -1.021
1280.000 320.000   8.049  -0.678  -1.129
1281.000 321.000   7.992  -0.678  -1.233
1282.000 321.000   8.040  -0.678  -1.125
1283.000 321.000   8.049  -0.678  -1.129
1284.000 321.000   8.001  -0.678  -1.237
1285.000 322.000   7.944  -0.678  -1.341
1286.000 322.000   7.992  -0.678  -1.233
1287.000 322.000   8.001  -0.678  -1.237
1288.000 322.000   7.953  -0.678  -1.345
1289.000 323.000   7.940  -0.678  -1.350
1290.000 323.000   7.944  -0.678  -1.341
1291.000 323.000   7.953  -0.678  -1.345
1292.000 323.000   7.949  -0.678  -1.354
1293.000 324.000   7.929  -0.668  -1.345
1294.000 324.000   7.940  -0.678  -1.350
1295.000 324.000   7.949  -0.678  -1.354
1296.000 324.000   7.938  -0.668  -1.349
1297.000 325.000   7.906  -0.562  -1.335
1298.000 325.000   7.929  -0.668  -1.345
1299.000 325.000   7.938  -0.668  -1.349
1300.000 325.000   7.915  -0.562  -1.339
1301.000 326.000   7.900  -0.456  -1.332
1302.000 326.000   7.906  -0.562  -1.335
1303.000 326.000   7.915  -0.562  -1.339
1304.000 326.000   7.909  -0.456  -1.336
1305.000 327.000   7.896  -0.351  -1.331
1306.000 327.000   7.900  -0.456  -1.332
1307.000 327.000   7.909  -0.456  -1.336
1308.000 327.000   7.906  -0.351  -1.335
1309.000 328.000   7.894  -0.245  -1.330
1310.000 328.000   7.896  -0.351  -1.331
1311.000 328.000   7.906  -0.351  -1.335
1312.000 328.000   7.903  -0.245  -1.334
1313.000 329.000   7.899  -0.142  -1.332
1314.000 329.000   7.894  -0.245  -1.330
1315.000 329.000   7.903  -0.245  -1.334
1316.000 329.000   7.908  -0.142  -1.336
1317.000 330.000   7.904  -0.040  -1.334
1318.000 330.000   7.899  -0.142  -1.332
1319.000 330.000   7.908  -0.142  -1.336
1320.000 330.000   7.913  -0.040  -1.338
1321.000 331.000   7.905  -0.030  -1.334
1322.000 331.000   7.904  -0.040  -1.334
1323.000 331.000   7.913  -0.040  -1.338
1324.000 331.000   7.914  -0.030  -1.338
1325.000 332.000   7.909  -0.030  -1.325
1326.000 332.000   7.905  -0.030  -1.334
1327.000 332.000   7.914  -0.030  -1.338
1328.000 332.000   7.918  -0.030  -1.329
1329.000 333.000   7.957  -0.030  -1.217
1330.000 333.000   7.909  -0.030  -1.325
1331.000 333.000   7.918  -0.030  -1.329
1332.000 333.000   7.966  -0.030  -1.221
1333.000 334.000   8.004  -0.030  -1.109
1334.000 334.000   7.957  -0.030  -1.217
1335.000 334.000   7.966  -0.030  -1.221
1336.000 334.000   8.014  -0.030  -1.113
1337.000 335.000   8.052  -0.030  -1.001
1338.000 335.000   8.004  -0.030  -1.109
1339.000 335.000   8.014  -0.030  -1.113
1340.000 335.000   8.061  -0.030  -1.005
1341.000 336.000   8.100  -0.030  -0.893
1342.000 336.000   8.052  -0.030  -1.001
1343.000 336.000   8.061  -0.030  -1.005
1344.000 336.000   8.109  -0.030  -0.897
1345.000 337.000   7.958  -0.562  -1.218
1346.000 337.000   7.981  -0.668  -1.228
1347.000 337.000   7.933  -0.668  -1.336
1348.000 337.000   7.910  -0.562  -1.325
1349.000 338.000   7.952  -0.456  -1.215
1350.000 338.000   7.958  -0.562  -1.218
1351.000 338.000   7.910  -0.562  -1.325
1352.000 338.000   7.904  -0.456  -1.323
1353.000 339.000   7.948  -0.351  -1.213
1354.000 339.000   7.952  -0.456  -1.215
1355.000 339.000   7.904  -0.456  -1.323
1356.000 339.000   7.901  -0.351  -1.321
1357.000 340.000   7.946  -0.245  -1.212
1358.000 340.000   7.948  -0.351  -1.213
1359.000 340.000   7.901  -0.351  -1.321
1360.000 340.000   7.898  -0.245  -1.320
1361.000 341.000   7.951  -0.142  -1.214
1362.000 341.000   7.946  -0.245  -1.212
1363.000 341.000   7.898  -0.245  -1.320
1364.000 341.000   7.903  -0.142  -1.322
1365.000 342.000   7.956  -0.040  -1.217
1366.000 342.000   7.951  -0.142  -1.214
1367.000 342.000   7.903  -0.142  -1.322
1368.000 342.000   7.908  -0.040  -1.325
1369.000 343.000   8.005  -0.562  -1.109
1370.000 343.000   8.029  -0.668  -1.120
1371.000 343.000   7.981  -0.668  -1.228
1372.000 343.000   7.958  -0.562  -1.218
1373.000 344.000   8.000  -0.456  -1.107
1374.000 344.000   8.005  -0.562  -1.109
1375.000 344.000   7.958  -0.562  -1.218
1376.000 344.000   7.952  -0.456  -1.215
1377.000 345.000   7.996  -0.351  -1.105
1378.000 345.000   8.000  -0.456  -1.107
1379.000 345.000   7.952  -0.456  -1.215
1380.000 345.000   7.948  -0.351  -1.213
1381.000 346.000   7.994  -0.245  -1.104
1382.000 346.000   7.996  -0.351  -1.105
1383.000 346.000   7.948  -0.351  -1.213
1384.000 346.000   7.946  -0.245  -1.212
1385.000 347.000   7.998  -0.142  -1.106
1386.000 347.000   7.994  -0.245  -1.104
1387.000 347.000   7.946  -0.245  -1.212
1388.000 347.000   7.951  -0.142  -1.214
1389.000 348.000   8.004  -0.040  -1.109
1390.000 348.000   7.998  -0.142  -1.106
1391.000 348.000   7.951  -0.142  -1.214
1392.000 348.000   7.956  -0.040  -1.217
1393.000 349.000   8.053  -0.562  -1.002
1394.000 349.000   8.077  -0.668  -1.012
1395.000 349.000   8.029  -0.668  -1.120
1396.000 349.000   8.005  -0.562  -1.109
1397.000 350.000   8.047  -0.456  -0.999
1398.000 350.000   8.053  -0.562  -1.002
1399.000 350.000   8.005  -0.562  -1.109
1400.000 350.000   8.000  -0.456  -1.107
1401.000 351.000   8.044  -0.351  -0.997
1402.000 351.000   8.047  -0.456  -0.999
1403.000 351.000   8.000  -0.456  -1.107
1404.000 351.000   7.996  -0.351  -1.105
1405.000 352.000   8.042  -0.245  -0.996
1406.000 352.000   8.044  -0.351  -0.997
1407.000 352.000   7.996  -0.351  -1.105
1408.000 352.000   7.994  -0.245  -1.104
1409.000 353.000   8.046  -0.142  -0.998
1410.000 353.000   8.042  -0.245  -0.996
1411.000 353.000   7.994  -0.245  -1.104
1412.000 353.000   7.998  -0.142  -1.106
1413.000 354.000   8.052  -0.040  -1.001
1414.000 354.000   8.046  -0.142  -0.998
1415.000 354.000   7.998  -0.142  -1.106
1416.000 354.000   8.004  -0.040  -1.109
1417.000 355.000   8.101  -0.562  -0.894
1418.000 355.000   8.125  -0.668  -0.904
1419.000 355.000   8.077  -0.668  -1.012
1420.000 355.000   8.053  -0.562  -1.002
1421.000 356.000   8.095  -0.456  -0.891
1422.000 356.000   8.101  -0.562  -0.894
1423.000 356.000   8.053  -0.562  -1.002
1424.000 356.000   8.047  -0.456  -0.999
1425.000 357.000   8.092  -0.351  -0.889
1426.000 357.000   8.095  -0.456  -0.891
1427.000 357.000   8.047  -0.456  -0.999
1428.000 357.000   8.044  -0.351  -0.997
1429.000 358.000   8.090  -0.245  -0.888
1430.000 358.000   8.092  -0.351  -0.889
1431.000 358.000   8.044  -0.351  -0.997
1432.000 358.000   8.042  -0.245  -0.996
1433.000 359.000   8.094  -0.142  -0.890
1434.000 359.000   8.090  -0.245  -0.888
1435.000 359.000   8.042  -0.245  -0.996
1436.000 359.000   8.046  -0.142  -0.998
1437.000 360.000   8.100  -0.040  -0.893
1438.000 360.000   8.094  -0.142  -0.890
1439.000 360.000   8.046  -0.142  -0.998
1440.000 360.000   8.052  -0.040  -1.001
1441.000 361.000   7.981  -0.668  -1.228
1442.000 361.000   7.992  -0.678  -1.233
1443.000 361.000   7.944  -0.678  -1.341
1444.000 361.000   7.933  -0.668  -1.336
1445.000 362.000   8.029  -0.668  -1.120
1446.000 362.000   8.040  -0.678  -1.125
1447.000 362.000   7.992  -0.678  -1.233
1448.000 362.000   7.981  -0.668  -1.228
1449.000 363.000   8.077  -0.668  -1.012
1450.000 363.000   8.088  -0.678  -1.017
1451.000 363.000   8.040  -0.678  -1.125
1452.000 363.000   8.029  -0.668  -1.120
1453.000 364.000   8.125  -0.668  -0.904
1454.000 364.000   8.135  -0.678  -0.909
1455.000 364.000   8.088  -0.678  -1.017
1456.000 364.000   8.077  -0.668  -1.012
1457.000 365.000   7.933  -0.668  -1.336
1458.000 365.000   7.944  -0.678  -1.341
1459.000 365.000   7.940  -0.678  -1.350
1460.000 365.000   7.929  -0.668  -1.345
1461.000 366.000   7.910  -0.562  -1.325
1462.000 366.000   7.933  -0.668  -1.336
1463.000 366.000   7.929  -0.668  -1.345
1464.000 366.000   7.906  -0.562  -1.335
1465.000 367.000   7.904  -0.456  -1.323
1466.000 367.000   7.910  -0.562  -1.325
1467.000 367.000   7.906  -0.562  -1.335
1468.000 367.000   7.900  -0.456  -1.332
1469.000 368.000   7.901  -0.351  -1.321
1470.000 368.000   7.904  -0.456  -1.323
1471.000 368.000   7.900  -0.456  -1.332
1472.000 368.000   7.896  -0.351  -1.331
1473.000 369.000   7.898  -0.245  -1.320
1474.000 369.000   7.901  -0.351  -1.321
1475.000 369.000   7.896  -0.351  -1.331
1476.000 369.000   7.894  -0.245  -1.330
1477.000 370.000   7.903  -0.142  -1.322
1478.000 370.000   7.898  -0.245  -1.320
1479.000 370.000   7.894  -0.245  -1.330
1480.000 370.000   7.899  -0.142  -1.332
1481.000 371.000   7.908  -0.040  -1.325
1482.000 371.000   7.903  -0.142  -1.322
1483.000 371.000   7.899  -0.142  -1.332
1484.000 371.000   7.904  -0.040  -1.334
1485.000 372.000   7.909  -0.030  -1.325
1486.000 372.000   7.908  -0.040  -1.325
1487.000 372.000   7.904  -0.040  -1.334
1488.000 372.000   7.905  -0.030  -1.334
1489.000 373.000   7.957  -0.030  -1.217
1490.000 373.000   7.956  -0.040  -1.217
1491.000 373.000   7.908  -0.040  -1.325
1492.000 373.000   7.909  -0.030  -1.325
1493.000 374.000   8.004  -0.030  -1.109
1494.000 374.000   8.004  -0.040  -1.109
1495.000 374.000   7.956  -0.040  -1.217
1496.000 374.000   7.957  -0.030  -1.217
1497.000 375.000   8.052  -0.030  -1.001
1498.000 375.000   8.052  -0.040  -1.001
1499.000 375.000   8.004  -0.040  -1.109
1500.000 375.000   8.004  -0.030  -1.109
1501.000 376.000   8.100  -0.030  -0.893
1502.000 376.000   8.100  -0.040  -0.893
1503.000 376.000   8.052  -0.040  -1.001
1504.000 376.000   8.052  -0.030  -1.001
