    6   26   35    1    6     /CARBON             /DICKSON ET AL 1992
--------------------------------------------------------------------------------
  10.00000  10.20003  10.40002  10.59999  10.80003  11.00000  11.20003  11.40002
  11.59999  11.80003  12.00000  12.20003  12.40002  12.59999  12.80003  13.00000
  13.20003  13.40002  13.59999  13.80003  14.00000  14.20003  14.40002  14.59999
  14.80003  15.00000
   0.00000   0.10001   0.20000   0.30000   0.40000   0.50000   0.60000   0.70000
   0.80000   0.90000   1.00000   1.10001   1.20000   1.30000   1.40000   1.50000
   1.60000   1.70000   1.80000   1.90000   2.00000   2.20000   2.40000   2.60000
   2.80000   3.00000   3.20000   3.40000   3.60000   3.80000   4.00000   4.20000
   4.40000   4.60000   4.70000
---------------------/ IPRT= 1  / IGRD= 1  /--------/ Z1= 1   / DATE= 16/11/93
 -30.13540 -30.13423 -30.13139 -30.12652 -30.11923 -30.10915 -30.09589 -30.07907
 -30.05833 -30.03326 -30.00351 -29.96896 -29.93069 -29.89003 -29.84831 -29.80688
 -29.76707 -29.73023 -29.69770 -29.67080 -29.65090 -29.63932 -29.63741 -29.64650
 -29.66794 -29.70306
 -29.95004 -29.95244 -29.95353 -29.95299 -29.95047 -29.94564 -29.93818 -29.92774
 -29.91399 -29.89659 -29.87522 -29.84979 -29.82126 -29.79083 -29.75969 -29.72909
 -29.70019 -29.67424 -29.65242 -29.63594 -29.62601 -29.62384 -29.63064 -29.64761
 -29.67597 -29.71691
 -29.69057 -29.69608 -29.70056 -29.70371 -29.70524 -29.70484 -29.70220 -29.69704
 -29.68904 -29.67791 -29.66335 -29.64528 -29.62459 -29.60237 -29.57971 -29.55774
 -29.53754 -29.52023 -29.50691 -29.49867 -29.49663 -29.50189 -29.51554 -29.53869
 -29.57246 -29.61793
 -29.40506 -29.41245 -29.41898 -29.42435 -29.42829 -29.43051 -29.43074 -29.42868
 -29.42407 -29.41661 -29.40602 -29.39225 -29.37611 -29.35866 -29.34092 -29.32396
 -29.30879 -29.29649 -29.28808 -29.28461 -29.28712 -29.29666 -29.31426 -29.34098
 -29.37786 -29.42593
 -29.12788 -29.13592 -29.14314 -29.14925 -29.15398 -29.15706 -29.15821 -29.15716
 -29.15363 -29.14733 -29.13801 -29.12559 -29.11089 -29.09494 -29.07875 -29.06335
 -29.04977 -29.03904 -29.03217 -29.03019 -29.03413 -29.04501 -29.06386 -29.09170
 -29.12957 -29.17846
 -28.88103 -28.88896 -28.89604 -28.90199 -28.90653 -28.90939 -28.91029 -28.90894
 -28.90509 -28.89843 -28.88871 -28.87586 -28.86069 -28.84424 -28.82753 -28.81161
 -28.79750 -28.78623 -28.77885 -28.77636 -28.77982 -28.79026 -28.80869 -28.83616
 -28.87371 -28.92234
 -28.68571 -28.69327 -28.69991 -28.70538 -28.70937 -28.71162 -28.71184 -28.70975
 -28.70506 -28.69750 -28.68678 -28.67285 -28.65653 -28.63887 -28.62091 -28.60372
 -28.58832 -28.57577 -28.56712 -28.56342 -28.56571 -28.57505 -28.59247 -28.61903
 -28.65579 -28.70376
 -28.56174 -28.56910 -28.57551 -28.58071 -28.58440 -28.58630 -28.58613 -28.58360
 -28.57842 -28.57032 -28.55902 -28.54443 -28.52742 -28.50902 -28.49030 -28.47232
 -28.45613 -28.44280 -28.43338 -28.42893 -28.43050 -28.43916 -28.45597 -28.48196
 -28.51823 -28.56580
 -28.50570 -28.51312 -28.51961 -28.52486 -28.52860 -28.53054 -28.53041 -28.52790
 -28.52275 -28.51465 -28.50334 -28.48875 -28.47171 -28.45329 -28.43453 -28.41651
 -28.40028 -28.38690 -28.37743 -28.37293 -28.37446 -28.38307 -28.39982 -28.42578
 -28.46201 -28.50955
 -28.49827 -28.50589 -28.51256 -28.51802 -28.52197 -28.52412 -28.52420 -28.52193
 -28.51701 -28.50916 -28.49810 -28.48377 -28.46701 -28.44886 -28.43038 -28.41265
 -28.39669 -28.38358 -28.37437 -28.37012 -28.37188 -28.38071 -28.39767 -28.42381
 -28.46020 -28.50787
 -28.52057 -28.52835 -28.53519 -28.54080 -28.54492 -28.54724 -28.54750 -28.54540
 -28.54066 -28.53299 -28.52212 -28.50798 -28.49141 -28.47345 -28.45517 -28.43762
 -28.42184 -28.40891 -28.39988 -28.39579 -28.39770 -28.40668 -28.42377 -28.45002
 -28.48651 -28.53426
 -28.56372 -28.57158 -28.57850 -28.58419 -28.58838 -28.59078 -28.59110 -28.58906
 -28.58437 -28.57675 -28.56591 -28.55180 -28.53524 -28.51730 -28.49901 -28.48146
 -28.46568 -28.45273 -28.44368 -28.43957 -28.44147 -28.45042 -28.46749 -28.49372
 -28.53019 -28.57792
 -28.62561 -28.63352 -28.64048 -28.64622 -28.65044 -28.65286 -28.65319 -28.65115
 -28.64646 -28.63882 -28.62795 -28.61379 -28.59717 -28.57915 -28.56078 -28.54314
 -28.52726 -28.51422 -28.50507 -28.50086 -28.50265 -28.51151 -28.52849 -28.55464
 -28.59104 -28.63872
 -28.70432 -28.71228 -28.71928 -28.72505 -28.72931 -28.73176 -28.73212 -28.73009
 -28.72540 -28.71775 -28.70686 -28.69266 -28.67600 -28.65792 -28.63949 -28.62177
 -28.60582 -28.59270 -28.58346 -28.57917 -28.58089 -28.58967 -28.60658 -28.63267
 -28.66901 -28.71665
 -28.79761 -28.80561 -28.81267 -28.81849 -28.82280 -28.82529 -28.82569 -28.82371
 -28.81905 -28.81142 -28.80055 -28.78636 -28.76970 -28.75161 -28.73317 -28.71543
 -28.69946 -28.68631 -28.67705 -28.67273 -28.67442 -28.68317 -28.70006 -28.72612
 -28.76245 -28.81008
 -28.90300 -28.91106 -28.91817 -28.92405 -28.92841 -28.93096 -28.93141 -28.92947
 -28.92486 -28.91728 -28.90645 -28.89230 -28.87566 -28.85761 -28.83919 -28.82147
 -28.80552 -28.79238 -28.78313 -28.77883 -28.78053 -28.78929 -28.80619 -28.83227
 -28.86861 -28.91624
 -29.01806 -29.02616 -29.03331 -29.03923 -29.04364 -29.04624 -29.04674 -29.04485
 -29.04029 -29.03276 -29.02198 -29.00787 -28.99129 -28.97328 -28.95491 -28.93724
 -28.92133 -28.90824 -28.89903 -28.89476 -28.89650 -28.90531 -28.92223 -28.94834
 -28.98471 -29.03236
 -29.14025 -29.14837 -29.15555 -29.16150 -29.16593 -29.16856 -29.16909 -29.16724
 -29.16271 -29.15522 -29.14448 -29.13043 -29.11389 -29.09594 -29.07762 -29.06001
 -29.04416 -29.03113 -29.02198 -29.01776 -29.01955 -29.02840 -29.04537 -29.07152
 -29.10791 -29.15560
 -29.26606 -29.27418 -29.28136 -29.28731 -29.29174 -29.29437 -29.29491 -29.29307
 -29.28857 -29.28110 -29.27039 -29.25637 -29.23987 -29.22197 -29.20370 -29.18614
 -29.17034 -29.15736 -29.14826 -29.14410 -29.14594 -29.15483 -29.17184 -29.19802
 -29.23445 -29.28215
 -29.39135 -29.39944 -29.40660 -29.41253 -29.41695 -29.41956 -29.42009 -29.41824
 -29.41373 -29.40626 -29.39556 -29.38155 -29.36508 -29.34719 -29.32895 -29.31142
 -29.29564 -29.28270 -29.27363 -29.26950 -29.27136 -29.28028 -29.29731 -29.32351
 -29.35995 -29.40766
 -29.51261 -29.52065 -29.52776 -29.53365 -29.53803 -29.54061 -29.54111 -29.53923
 -29.53470 -29.52721 -29.51648 -29.50246 -29.48596 -29.46806 -29.44981 -29.43226
 -29.41648 -29.40352 -29.39444 -29.39030 -29.39215 -29.40106 -29.41809 -29.44428
 -29.48071 -29.52841
 -29.76725 -29.77519 -29.78221 -29.78802 -29.79233 -29.79484 -29.79528 -29.79334
 -29.78874 -29.78119 -29.77041 -29.75631 -29.73975 -29.72178 -29.70345 -29.68583
 -29.66997 -29.65694 -29.64780 -29.64359 -29.64538 -29.65423 -29.67120 -29.69735
 -29.73373 -29.78140
 -30.06568 -30.07362 -30.08064 -30.08644 -30.09075 -30.09326 -30.09369 -30.09175
 -30.08715 -30.07960 -30.06881 -30.05472 -30.03815 -30.02018 -30.00185 -29.98422
 -29.96836 -29.95533 -29.94618 -29.94197 -29.94376 -29.95261 -29.96957 -29.99571
 -30.03210 -30.07977
 -30.36568 -30.37362 -30.38063 -30.38644 -30.39074 -30.39325 -30.39369 -30.39175
 -30.38715 -30.37960 -30.36881 -30.35471 -30.33815 -30.32017 -30.30184 -30.28422
 -30.26836 -30.25532 -30.24617 -30.24196 -30.24375 -30.25260 -30.26957 -30.29571
 -30.33209 -30.37976
 -30.66568 -30.67362 -30.68064 -30.68644 -30.69075 -30.69326 -30.69369 -30.69175
 -30.68715 -30.67960 -30.66881 -30.65471 -30.63815 -30.62017 -30.60184 -30.58422
 -30.56836 -30.55532 -30.54617 -30.54196 -30.54375 -30.55260 -30.56957 -30.59571
 -30.63210 -30.67976
 -30.96568 -30.97362 -30.98064 -30.98644 -30.99075 -30.99326 -30.99369 -30.99175
 -30.98715 -30.97960 -30.96881 -30.95472 -30.93815 -30.92018 -30.90184 -30.88422
 -30.86836 -30.85533 -30.84618 -30.84196 -30.84375 -30.85260 -30.86957 -30.89571
 -30.93210 -30.97977
 -31.26568 -31.27362 -31.28063 -31.28644 -31.29074 -31.29326 -31.29369 -31.29175
 -31.28715 -31.27960 -31.26881 -31.25471 -31.23815 -31.22017 -31.20184 -31.18422
 -31.16836 -31.15532 -31.14617 -31.14196 -31.14375 -31.15260 -31.16957 -31.19571
 -31.23209 -31.27976
 -31.56568 -31.57362 -31.58064 -31.58644 -31.59075 -31.59326 -31.59369 -31.59175
 -31.58715 -31.57960 -31.56881 -31.55472 -31.53815 -31.52018 -31.50185 -31.48422
 -31.46836 -31.45533 -31.44618 -31.44197 -31.44376 -31.45261 -31.46957 -31.49571
 -31.53210 -31.57977
 -31.86568 -31.87362 -31.88063 -31.88644 -31.89074 -31.89325 -31.89369 -31.89175
 -31.88715 -31.87960 -31.86881 -31.85471 -31.83815 -31.82017 -31.80184 -31.78422
 -31.76836 -31.75532 -31.74617 -31.74196 -31.74375 -31.75260 -31.76957 -31.79571
 -31.83209 -31.87976
 -32.16568 -32.17362 -32.18064 -32.18644 -32.19075 -32.19326 -32.19369 -32.19175
 -32.18715 -32.17960 -32.16881 -32.15471 -32.13815 -32.12017 -32.10184 -32.08422
 -32.06836 -32.05532 -32.04617 -32.04196 -32.04375 -32.05260 -32.06957 -32.09571
 -32.13210 -32.17976
 -32.46568 -32.47362 -32.48064 -32.48644 -32.49075 -32.49326 -32.49369 -32.49175
 -32.48715 -32.47960 -32.46881 -32.45472 -32.43815 -32.42018 -32.40184 -32.38422
 -32.36836 -32.35533 -32.34618 -32.34196 -32.34375 -32.35260 -32.36957 -32.39571
 -32.43210 -32.47977
 -32.76568 -32.77362 -32.78063 -32.78644 -32.79074 -32.79326 -32.79369 -32.79175
 -32.78715 -32.77960 -32.76881 -32.75471 -32.73815 -32.72017 -32.70184 -32.68422
 -32.66836 -32.65532 -32.64617 -32.64196 -32.64375 -32.65260 -32.66957 -32.69571
 -32.73209 -32.77976
 -33.06568 -33.07362 -33.08064 -33.08644 -33.09075 -33.09326 -33.09369 -33.09175
 -33.08715 -33.07960 -33.06881 -33.05472 -33.03815 -33.02018 -33.00185 -32.98422
 -32.96836 -32.95533 -32.94618 -32.94197 -32.94376 -32.95261 -32.96957 -32.99571
 -33.03210 -33.07977
 -33.36568 -33.37362 -33.38063 -33.38644 -33.39074 -33.39325 -33.39369 -33.39175
 -33.38715 -33.37960 -33.36881 -33.35471 -33.33815 -33.32017 -33.30184 -33.28422
 -33.26836 -33.25532 -33.24617 -33.24196 -33.24375 -33.25260 -33.26957 -33.29571
 -33.33209 -33.37976
 -33.51568 -33.52362 -33.53064 -33.53645 -33.54075 -33.54326 -33.54369 -33.54175
 -33.53715 -33.52960 -33.51881 -33.50472 -33.48815 -33.47018 -33.45185 -33.43423
 -33.41836 -33.40533 -33.39618 -33.39197 -33.39376 -33.40261 -33.41957 -33.44571
 -33.48210 -33.52977
---------------------/ IPRT= 1  / IGRD= 1  /--------/ Z1= 2   / DATE= 16/11/93
 -29.11997 -29.11099 -29.10147 -29.09140 -29.08077 -29.06961 -29.05789 -29.04531
 -29.03128 -29.01514 -28.99628 -28.97406 -28.94786 -28.91705 -28.88099 -28.83905
 -28.79061 -28.73503 -28.67170 -28.59995 -28.51920 -28.42882 -28.32956 -28.22355
 -28.11296 -28.00007
 -29.15498 -29.14965 -29.14415 -29.13853 -29.13282 -29.12706 -29.12126 -29.11517
 -29.10817 -29.09964 -29.08898 -29.07555 -29.05875 -29.03795 -29.01253 -28.98188
 -28.94537 -28.90239 -28.85234 -28.79455 -28.72846 -28.65344 -28.57019 -28.48065
 -28.38685 -28.29089
 -29.10589 -29.10395 -29.10213 -29.10048 -29.09907 -29.09795 -29.09718 -29.09651
 -29.09539 -29.09324 -29.08949 -29.08357 -29.07490 -29.06292 -29.04703 -29.02668
 -29.00129 -28.97029 -28.93310 -28.88914 -28.83786 -28.77870 -28.71225 -28.64029
 -28.56462 -28.48714
 -28.94330 -28.94441 -28.94580 -28.94755 -28.94974 -28.95243 -28.95570 -28.95934
 -28.96286 -28.96578 -28.96760 -28.96781 -28.96592 -28.96143 -28.95385 -28.94267
 -28.92739 -28.90753 -28.88258 -28.85203 -28.81542 -28.77224 -28.72302 -28.66930
 -28.61265 -28.55472
 -28.69781 -28.70146 -28.70548 -28.70995 -28.71495 -28.72055 -28.72684 -28.73365
 -28.74059 -28.74726 -28.75324 -28.75813 -28.76152 -28.76300 -28.76216 -28.75859
 -28.75189 -28.74165 -28.72746 -28.70890 -28.68559 -28.65712 -28.62393 -28.58734
 -28.54869 -28.50935
 -28.44202 -28.44754 -28.45345 -28.45984 -28.46678 -28.47436 -28.48266 -28.49155
 -28.50072 -28.50984 -28.51857 -28.52660 -28.53359 -28.53920 -28.54312 -28.54501
 -28.54453 -28.54137 -28.53519 -28.52566 -28.51246 -28.49526 -28.47446 -28.45118
 -28.42655 -28.40176
 -28.24562 -28.25216 -28.25909 -28.26650 -28.27446 -28.28306 -28.29238 -28.30230
 -28.31257 -28.32290 -28.33298 -28.34256 -28.35133 -28.35900 -28.36531 -28.36994
 -28.37264 -28.37309 -28.37103 -28.36616 -28.35819 -28.34687 -28.33254 -28.31623
 -28.29896 -28.28182
 -28.12696 -28.13382 -28.14106 -28.14876 -28.15701 -28.16589 -28.17546 -28.18564
 -28.19615 -28.20674 -28.21710 -28.22698 -28.23608 -28.24414 -28.25089 -28.25603
 -28.25929 -28.26041 -28.25909 -28.25507 -28.24807 -28.23782 -28.22468 -28.20965
 -28.19375 -28.17802
 -28.06749 -28.07432 -28.08151 -28.08915 -28.09733 -28.10611 -28.11557 -28.12561
 -28.13596 -28.14635 -28.15646 -28.16604 -28.17479 -28.18242 -28.18866 -28.19321
 -28.19580 -28.19614 -28.19394 -28.18892 -28.18079 -28.16930 -28.15479 -28.13828
 -28.12083 -28.10349
 -28.04843 -28.05521 -28.06234 -28.06992 -28.07801 -28.08670 -28.09605 -28.10596
 -28.11616 -28.12635 -28.13623 -28.14553 -28.15393 -28.16117 -28.16693 -28.17093
 -28.17288 -28.17248 -28.16945 -28.16349 -28.15431 -28.14164 -28.12583 -28.10794
 -28.08902 -28.07016
 -28.05941 -28.06625 -28.07345 -28.08107 -28.08920 -28.09792 -28.10729 -28.11721
 -28.12739 -28.13756 -28.14741 -28.15664 -28.16498 -28.17212 -28.17777 -28.18163
 -28.18342 -28.18285 -28.17961 -28.17341 -28.16398 -28.15102 -28.13490 -28.11667
 -28.09739 -28.07817
 -28.09633 -28.10329 -28.11060 -28.11834 -28.12658 -28.13539 -28.14485 -28.15486
 -28.16512 -28.17537 -28.18529 -28.19462 -28.20304 -28.21027 -28.21603 -28.22001
 -28.22194 -28.22152 -28.21845 -28.21246 -28.20324 -28.19054 -28.17470 -28.15677
 -28.13782 -28.11893
 -28.15519 -28.16227 -28.16971 -28.17757 -28.18593 -28.19485 -28.20442 -28.21453
 -28.22490 -28.23525 -28.24529 -28.25474 -28.26329 -28.27068 -28.27661 -28.28079
 -28.28295 -28.28278 -28.28001 -28.27434 -28.26550 -28.25321 -28.23783 -28.22039
 -28.20197 -28.18363
 -28.23207 -28.23924 -28.24676 -28.25470 -28.26313 -28.27213 -28.28177 -28.29195
 -28.30238 -28.31280 -28.32291 -28.33242 -28.34106 -28.34853 -28.35456 -28.35885
 -28.36113 -28.36111 -28.35849 -28.35301 -28.34436 -28.33230 -28.31717 -28.30000
 -28.28186 -28.26382
 -28.32358 -28.33077 -28.33832 -28.34628 -28.35474 -28.36377 -28.37343 -28.38363
 -28.39408 -28.40451 -28.41463 -28.42416 -28.43281 -28.44029 -28.44632 -28.45062
 -28.45289 -28.45286 -28.45024 -28.44474 -28.43608 -28.42399 -28.40883 -28.39164
 -28.37347 -28.35540
 -28.42668 -28.43386 -28.44139 -28.44935 -28.45780 -28.46682 -28.47648 -28.48668
 -28.49714 -28.50757 -28.51770 -28.52722 -28.53586 -28.54333 -28.54934 -28.55360
 -28.55584 -28.55575 -28.55307 -28.54748 -28.53873 -28.52653 -28.51124 -28.49390
 -28.47557 -28.45733
 -28.53837 -28.54551 -28.55301 -28.56094 -28.56937 -28.57838 -28.58803 -28.59824
 -28.60871 -28.61917 -28.62931 -28.63886 -28.64753 -28.65502 -28.66105 -28.66533
 -28.66757 -28.66748 -28.66478 -28.65917 -28.65037 -28.63811 -28.62275 -28.60532
 -28.58688 -28.56853
 -28.65569 -28.66277 -28.67022 -28.67811 -28.68651 -28.69550 -28.70516 -28.71537
 -28.72586 -28.73635 -28.74653 -28.75613 -28.76484 -28.77239 -28.77847 -28.78281
 -28.78510 -28.78507 -28.78241 -28.77684 -28.76808 -28.75584 -28.74049 -28.72306
 -28.70462 -28.68626
 -28.77568 -28.78270 -28.79009 -28.79793 -28.80629 -28.81524 -28.82487 -28.83506
 -28.84555 -28.85604 -28.86623 -28.87584 -28.88458 -28.89215 -28.89827 -28.90265
 -28.90498 -28.90499 -28.90238 -28.89686 -28.88814 -28.87595 -28.86065 -28.84327
 -28.82488 -28.80655
 -28.89556 -28.90252 -28.90984 -28.91761 -28.92590 -28.93479 -28.94435 -28.95449
 -28.96491 -28.97533 -28.98546 -28.99502 -29.00370 -29.01123 -29.01731 -29.02164
 -29.02395 -29.02393 -29.02131 -29.01578 -29.00707 -28.99490 -28.97962 -28.96228
 -28.94392 -28.92565
 -29.01444 -29.02130 -29.02853 -29.03620 -29.04439 -29.05317 -29.06262 -29.07262
 -29.08291 -29.09319 -29.10318 -29.11260 -29.12114 -29.12853 -29.13447 -29.13868
 -29.14087 -29.14076 -29.13804 -29.13244 -29.12367 -29.11146 -29.09617 -29.07883
 -29.06049 -29.04224
 -29.25133 -29.25779 -29.26461 -29.27187 -29.27965 -29.28799 -29.29699 -29.30653
 -29.31634 -29.32614 -29.33565 -29.34459 -29.35266 -29.35958 -29.36508 -29.36887
 -29.37066 -29.37018 -29.36713 -29.36124 -29.35222 -29.33981 -29.32436 -29.30691
 -29.28851 -29.27023
 -29.47398 -29.47950 -29.48540 -29.49176 -29.49865 -29.50614 -29.51431 -29.52304
 -29.53207 -29.54113 -29.54991 -29.55815 -29.56556 -29.57186 -29.57677 -29.57999
 -29.58126 -29.58029 -29.57679 -29.57049 -29.56110 -29.54836 -29.53262 -29.51492
 -29.49630 -29.47784
 -29.55617 -29.56000 -29.56425 -29.56900 -29.57433 -29.58031 -29.58702 -29.59435
 -29.60203 -29.60979 -29.61734 -29.62440 -29.63069 -29.63594 -29.63985 -29.64215
 -29.64256 -29.64080 -29.63658 -29.62963 -29.61967 -29.60642 -29.59026 -29.57219
 -29.55328 -29.53457
 -29.59528 -29.59755 -29.60029 -29.60357 -29.60747 -29.61206 -29.61740 -29.62341
 -29.62981 -29.63633 -29.64269 -29.64862 -29.65382 -29.65804 -29.66099 -29.66239
 -29.66197 -29.65945 -29.65454 -29.64698 -29.63649 -29.62281 -29.60628 -29.58794
 -29.56880 -29.54995
 -29.88459 -29.88680 -29.88948 -29.89271 -29.89655 -29.90108 -29.90637 -29.91233
 -29.91868 -29.92515 -29.93147 -29.93735 -29.94251 -29.94669 -29.94960 -29.95097
 -29.95051 -29.94796 -29.94303 -29.93545 -29.92493 -29.91123 -29.89470 -29.87634
 -29.85720 -29.83834
 -30.18458 -30.18679 -30.18948 -30.19270 -30.19654 -30.20108 -30.20637 -30.21232
 -30.21868 -30.22515 -30.23146 -30.23734 -30.24251 -30.24669 -30.24960 -30.25096
 -30.25051 -30.24796 -30.24303 -30.23544 -30.22493 -30.21123 -30.19469 -30.17633
 -30.15720 -30.13833
 -30.48459 -30.48680 -30.48948 -30.49271 -30.49655 -30.50108 -30.50637 -30.51233
 -30.51868 -30.52515 -30.53147 -30.53735 -30.54252 -30.54669 -30.54960 -30.55097
 -30.55052 -30.54796 -30.54303 -30.53545 -30.52493 -30.51123 -30.49470 -30.47634
 -30.45720 -30.43834
 -30.78458 -30.78679 -30.78948 -30.79270 -30.79654 -30.80108 -30.80637 -30.81232
 -30.81867 -30.82515 -30.83146 -30.83734 -30.84251 -30.84669 -30.84960 -30.85096
 -30.85051 -30.84795 -30.84303 -30.83544 -30.82493 -30.81123 -30.79469 -30.77633
 -30.75719 -30.73833
 -31.08458 -31.08680 -31.08948 -31.09270 -31.09655 -31.10108 -31.10637 -31.11232
 -31.11868 -31.12515 -31.13146 -31.13734 -31.14251 -31.14669 -31.14960 -31.15097
 -31.15051 -31.14796 -31.14303 -31.13544 -31.12493 -31.11123 -31.09469 -31.07634
 -31.05720 -31.03834
 -31.38459 -31.38680 -31.38948 -31.39271 -31.39655 -31.40108 -31.40637 -31.41233
 -31.41868 -31.42515 -31.43147 -31.43735 -31.44251 -31.44669 -31.44960 -31.45097
 -31.45051 -31.44796 -31.44303 -31.43545 -31.42493 -31.41123 -31.39470 -31.37634
 -31.35720 -31.33834
 -31.68458 -31.68679 -31.68948 -31.69270 -31.69654 -31.70108 -31.70637 -31.71232
 -31.71868 -31.72515 -31.73146 -31.73734 -31.74251 -31.74669 -31.74960 -31.75096
 -31.75051 -31.74796 -31.74303 -31.73544 -31.72493 -31.71123 -31.69469 -31.67633
 -31.65720 -31.63833
 -31.98459 -31.98680 -31.98948 -31.99271 -31.99655 -32.00108 -32.00637 -32.01233
 -32.01868 -32.02515 -32.03147 -32.03735 -32.04252 -32.04669 -32.04960 -32.05097
 -32.05052 -32.04796 -32.04303 -32.03545 -32.02493 -32.01123 -31.99470 -31.97634
 -31.95720 -31.93834
 -32.28458 -32.28679 -32.28948 -32.29270 -32.29654 -32.30108 -32.30637 -32.31232
 -32.31867 -32.32515 -32.33146 -32.33734 -32.34251 -32.34669 -32.34960 -32.35096
 -32.35051 -32.34795 -32.34303 -32.33544 -32.32493 -32.31123 -32.29469 -32.27633
 -32.25719 -32.23833
 -32.43459 -32.43680 -32.43948 -32.44271 -32.44655 -32.45108 -32.45637 -32.46233
 -32.46868 -32.47516 -32.48147 -32.48735 -32.49252 -32.49669 -32.49960 -32.50097
 -32.50052 -32.49796 -32.49303 -32.48545 -32.47494 -32.46123 -32.44470 -32.42634
 -32.40720 -32.38834
---------------------/ IPRT= 1  / IGRD= 1  /--------/ Z1= 3   / DATE= 16/11/93
 -28.31220 -28.30701 -28.30035 -28.29193 -28.28146 -28.26863 -28.25313 -28.23469
 -28.21299 -28.18773 -28.15863 -28.12536 -28.08765 -28.04521 -27.99779 -27.94520
 -27.88715 -27.82345 -27.75387 -27.67812 -27.59604 -27.50734 -27.41183 -27.30926
 -27.19937 -27.08198
 -28.33492 -28.33274 -28.32946 -28.32488 -28.31879 -28.31100 -28.30131 -28.28953
 -28.27546 -28.25889 -28.23964 -28.21750 -28.19229 -28.16371 -28.13136 -28.09484
 -28.05369 -28.00753 -27.95592 -27.89842 -27.83466 -27.76417 -27.68656 -27.60141
 -27.50826 -27.40675
 -28.31546 -28.31612 -28.31597 -28.31489 -28.31279 -28.30956 -28.30510 -28.29931
 -28.29208 -28.28331 -28.27289 -28.26073 -28.24671 -28.23058 -28.21181 -28.18984
 -28.16412 -28.13411 -28.09925 -28.05897 -28.01276 -27.96002 -27.90023 -27.83283
 -27.75725 -27.67297
 -28.25302 -28.25638 -28.25915 -28.26131 -28.26283 -28.26369 -28.26386 -28.26331
 -28.26202 -28.25996 -28.25709 -28.25341 -28.24886 -28.24323 -28.23593 -28.22636
 -28.21388 -28.19791 -28.17782 -28.15299 -28.12283 -28.08670 -28.04402 -27.99416
 -27.93649 -27.87043
 -28.16823 -28.17403 -28.17944 -28.18446 -28.18915 -28.19351 -28.19759 -28.20142
 -28.20502 -28.20842 -28.21166 -28.21477 -28.21776 -28.22045 -28.22226 -28.22258
 -28.22079 -28.21629 -28.20845 -28.19667 -28.18034 -28.15884 -28.13156 -28.09789
 -28.05720 -28.00891
 -28.08573 -28.09364 -28.10125 -28.10865 -28.11590 -28.12306 -28.13021 -28.13740
 -28.14471 -28.15220 -28.15994 -28.16800 -28.17644 -28.18510 -28.19345 -28.20092
 -28.20694 -28.21094 -28.21236 -28.21062 -28.20515 -28.19539 -28.18077 -28.16072
 -28.13466 -28.10203
 -28.03020 -28.03971 -28.04900 -28.05815 -28.06725 -28.07637 -28.08560 -28.09502
 -28.10472 -28.11478 -28.12527 -28.13629 -28.14791 -28.16001 -28.17213 -28.18375
 -28.19440 -28.20356 -28.21073 -28.21542 -28.21713 -28.21535 -28.20959 -28.19936
 -28.18413 -28.16343
 -28.01783 -28.02840 -28.03876 -28.04900 -28.05918 -28.06939 -28.07972 -28.09023
 -28.10100 -28.11213 -28.12369 -28.13575 -28.14840 -28.16153 -28.17476 -28.18767
 -28.19984 -28.21083 -28.22025 -28.22766 -28.23264 -28.23479 -28.23366 -28.22886
 -28.21994 -28.20651
 -28.04072 -28.05190 -28.06286 -28.07366 -28.08437 -28.09505 -28.10577 -28.11660
 -28.12760 -28.13885 -28.15040 -28.16232 -28.17468 -28.18741 -28.20017 -28.21262
 -28.22441 -28.23521 -28.24465 -28.25241 -28.25812 -28.26145 -28.26205 -28.25957
 -28.25367 -28.24400
 -28.08668 -28.09816 -28.10939 -28.12043 -28.13134 -28.14216 -28.15295 -28.16377
 -28.17466 -28.18569 -28.19691 -28.20836 -28.22011 -28.23208 -28.24401 -28.25560
 -28.26655 -28.27658 -28.28540 -28.29271 -28.29822 -28.30163 -28.30267 -28.30103
 -28.29641 -28.28855
 -28.14637 -28.15795 -28.16927 -28.18039 -28.19136 -28.20222 -28.21303 -28.22384
 -28.23469 -28.24564 -28.25672 -28.26801 -28.27952 -28.29122 -28.30284 -28.31412
 -28.32479 -28.33459 -28.34325 -28.35050 -28.35608 -28.35971 -28.36113 -28.36007
 -28.35627 -28.34946
 -28.21881 -28.23035 -28.24165 -28.25275 -28.26371 -28.27458 -28.28540 -28.29622
 -28.30710 -28.31809 -28.32923 -28.34058 -28.35218 -28.36398 -28.37573 -28.38715
 -28.39801 -28.40802 -28.41694 -28.42449 -28.43041 -28.43444 -28.43633 -28.43579
 -28.43258 -28.42644
 -28.30447 -28.31594 -28.32716 -28.33820 -28.34911 -28.35995 -28.37076 -28.38160
 -28.39253 -28.40359 -28.41484 -28.42634 -28.43813 -28.45015 -28.46217 -28.47390
 -28.48509 -28.49547 -28.50477 -28.51273 -28.51907 -28.52354 -28.52587 -28.52579
 -28.52303 -28.51733
 -28.40237 -28.41373 -28.42485 -28.43580 -28.44663 -28.45740 -28.46817 -28.47898
 -28.48990 -28.50098 -28.51228 -28.52386 -28.53576 -28.54794 -28.56014 -28.57209
 -28.58352 -28.59417 -28.60376 -28.61203 -28.61870 -28.62351 -28.62619 -28.62647
 -28.62408 -28.61875
 -28.50670 -28.51785 -28.52876 -28.53951 -28.55015 -28.56073 -28.57132 -28.58198
 -28.59275 -28.60372 -28.61493 -28.62644 -28.63831 -28.65048 -28.66270 -28.67470
 -28.68622 -28.69697 -28.70670 -28.71512 -28.72198 -28.72700 -28.72990 -28.73043
 -28.72830 -28.72326
 -28.61082 -28.62154 -28.63203 -28.64235 -28.65257 -28.66275 -28.67295 -28.68323
 -28.69366 -28.70429 -28.71519 -28.72642 -28.73804 -28.74999 -28.76203 -28.77388
 -28.78528 -28.79595 -28.80561 -28.81402 -28.82088 -28.82594 -28.82892 -28.82955
 -28.82756 -28.82268
 -28.70808 -28.71804 -28.72778 -28.73735 -28.74684 -28.75630 -28.76580 -28.77540
 -28.78517 -28.79518 -28.80549 -28.81616 -28.82726 -28.83873 -28.85033 -28.86178
 -28.87281 -28.88316 -28.89255 -28.90072 -28.90739 -28.91229 -28.91516 -28.91571
 -28.91370 -28.90883
 -28.79202 -28.80083 -28.80944 -28.81790 -28.82628 -28.83466 -28.84311 -28.85169
 -28.86047 -28.86953 -28.87893 -28.88874 -28.89902 -28.90973 -28.92062 -28.93141
 -28.94185 -28.95164 -28.96053 -28.96825 -28.97451 -28.97907 -28.98163 -28.98194
 -28.97972 -28.97471
 -28.85666 -28.86404 -28.87123 -28.87831 -28.88533 -28.89238 -28.89953 -28.90686
 -28.91443 -28.92232 -28.93060 -28.93935 -28.94863 -28.95840 -28.96841 -28.97838
 -28.98805 -28.99714 -29.00538 -29.01251 -29.01825 -29.02233 -29.02448 -29.02443
 -29.02190 -29.01663
 -28.89616 -28.90195 -28.90759 -28.91313 -28.91867 -28.92427 -28.93002 -28.93599
 -28.94226 -28.94890 -28.95598 -28.96360 -28.97181 -28.98058 -28.98965 -28.99875
 -29.00760 -29.01594 -29.02350 -29.03000 -29.03517 -29.03874 -29.04043 -29.03998
 -29.03712 -29.03156
 -28.90933 -28.91350 -28.91755 -28.92157 -28.92563 -28.92980 -28.93417 -28.93881
 -28.94381 -28.94924 -28.95518 -28.96170 -28.96889 -28.97670 -28.98488 -28.99314
 -29.00123 -29.00887 -29.01577 -29.02168 -29.02632 -29.02942 -29.03069 -29.02988
 -29.02670 -29.02089
 -28.90893 -28.91041 -28.91187 -28.91338 -28.91502 -28.91688 -28.91903 -28.92155
 -28.92452 -28.92803 -28.93215 -28.93696 -28.94254 -28.94884 -28.95562 -28.96259
 -28.96948 -28.97601 -28.98191 -28.98691 -28.99072 -28.99309 -28.99372 -28.99234
 -28.98869 -28.98248
 -28.94862 -28.94880 -28.94901 -28.94931 -28.94980 -28.95055 -28.95165 -28.95316
 -28.95518 -28.95778 -28.96103 -28.96503 -28.96985 -28.97543 -28.98154 -28.98788
 -28.99419 -29.00019 -29.00559 -29.01014 -29.01354 -29.01552 -29.01582 -29.01414
 -29.01022 -29.00378
 -29.04053 -29.04020 -29.03991 -29.03975 -29.03979 -29.04011 -29.04079 -29.04191
 -29.04355 -29.04579 -29.04871 -29.05239 -29.05690 -29.06220 -29.06803 -29.07411
 -29.08018 -29.08594 -29.09112 -29.09545 -29.09864 -29.10043 -29.10053 -29.09866
 -29.09456 -29.08793
 -29.14070 -29.13994 -29.13925 -29.13869 -29.13836 -29.13831 -29.13865 -29.13943
 -29.14075 -29.14268 -29.14530 -29.14869 -29.15293 -29.15796 -29.16354 -29.16937
 -29.17519 -29.18071 -29.18566 -29.18975 -29.19272 -29.19427 -29.19413 -29.19202
 -29.18767 -29.18079
 -29.10082 -29.09977 -29.09879 -29.09796 -29.09735 -29.09705 -29.09713 -29.09766
 -29.09872 -29.10039 -29.10275 -29.10586 -29.10982 -29.11456 -29.11983 -29.12535
 -29.13085 -29.13604 -29.14064 -29.14439 -29.14699 -29.14818 -29.14766 -29.14517
 -29.14043 -29.13315
 -29.17174 -29.17060 -29.16953 -29.16861 -29.16792 -29.16753 -29.16752 -29.16796
 -29.16892 -29.17049 -29.17273 -29.17573 -29.17955 -29.18414 -29.18925 -29.19460
 -29.19991 -29.20491 -29.20931 -29.21284 -29.21523 -29.21619 -29.21544 -29.21272
 -29.20774 -29.20022
 -29.47175 -29.47060 -29.46953 -29.46861 -29.46792 -29.46753 -29.46752 -29.46796
 -29.46893 -29.47050 -29.47274 -29.47573 -29.47955 -29.48415 -29.48926 -29.49460
 -29.49992 -29.50491 -29.50931 -29.51285 -29.51523 -29.51619 -29.51545 -29.51273
 -29.50774 -29.50023
 -29.77174 -29.77059 -29.76952 -29.76861 -29.76792 -29.76753 -29.76752 -29.76796
 -29.76892 -29.77049 -29.77273 -29.77573 -29.77955 -29.78414 -29.78925 -29.79460
 -29.79991 -29.80491 -29.80931 -29.81284 -29.81523 -29.81618 -29.81544 -29.81272
 -29.80774 -29.80022
 -30.07175 -30.07060 -30.06953 -30.06861 -30.06792 -30.06753 -30.06752 -30.06796
 -30.06892 -30.07049 -30.07274 -30.07573 -30.07955 -30.08414 -30.08925 -30.09460
 -30.09991 -30.10491 -30.10931 -30.11284 -30.11523 -30.11619 -30.11544 -30.11272
 -30.10774 -30.10022
 -30.37175 -30.37060 -30.36953 -30.36861 -30.36792 -30.36753 -30.36752 -30.36796
 -30.36893 -30.37049 -30.37274 -30.37573 -30.37955 -30.38414 -30.38925 -30.39460
 -30.39991 -30.40491 -30.40931 -30.41285 -30.41523 -30.41619 -30.41545 -30.41272
 -30.40774 -30.40023
 -30.67174 -30.67060 -30.66953 -30.66861 -30.66792 -30.66753 -30.66752 -30.66796
 -30.66892 -30.67049 -30.67273 -30.67573 -30.67955 -30.68414 -30.68925 -30.69460
 -30.69991 -30.70491 -30.70931 -30.71284 -30.71523 -30.71619 -30.71544 -30.71272
 -30.70774 -30.70022
 -30.97175 -30.97060 -30.96953 -30.96861 -30.96792 -30.96753 -30.96752 -30.96796
 -30.96893 -30.97050 -30.97274 -30.97573 -30.97955 -30.98415 -30.98926 -30.99460
 -30.99992 -31.00491 -31.00931 -31.01285 -31.01523 -31.01619 -31.01545 -31.01273
 -31.00774 -31.00023
 -31.27174 -31.27059 -31.26952 -31.26861 -31.26792 -31.26753 -31.26752 -31.26796
 -31.26892 -31.27049 -31.27273 -31.27573 -31.27955 -31.28414 -31.28925 -31.29460
 -31.29991 -31.30491 -31.30931 -31.31284 -31.31523 -31.31618 -31.31544 -31.31272
 -31.30774 -31.30022
 -31.42175 -31.42060 -31.41953 -31.41861 -31.41792 -31.41753 -31.41752 -31.41796
 -31.41893 -31.42050 -31.42274 -31.42574 -31.42955 -31.43415 -31.43926 -31.44461
 -31.44992 -31.45491 -31.45932 -31.46285 -31.46523 -31.46619 -31.46545 -31.46273
 -31.45774 -31.45023
---------------------/ IPRT= 1  / IGRD= 1  /--------/ Z1= 4   / DATE= 16/11/93
 -27.97187 -27.95978 -27.94683 -27.93260 -27.91657 -27.89823 -27.87707 -27.85259
 -27.82426 -27.79156 -27.75400 -27.71105 -27.66222 -27.60698 -27.54480 -27.47521
 -27.39765 -27.31178 -27.21784 -27.11624 -27.00751 -26.89201 -26.77027 -26.64271
 -26.50975 -26.37190
 -28.06521 -28.05614 -28.04647 -28.03584 -28.02378 -28.00985 -27.99359 -27.97456
 -27.95229 -27.92633 -27.89623 -27.86153 -27.82179 -27.77655 -27.72534 -27.66773
 -27.60325 -27.53155 -27.45274 -27.36702 -27.27471 -27.17599 -27.07116 -26.96045
 -26.84406 -26.72231
 -28.15348 -28.14656 -28.13918 -28.13105 -28.12179 -28.11102 -28.09836 -28.08343
 -28.06587 -28.04528 -28.02129 -27.99353 -27.96161 -27.92517 -27.88380 -27.83715
 -27.78483 -27.72653 -27.66221 -27.59188 -27.51564 -27.43349 -27.34551 -27.25175
 -27.15220 -27.04698
 -28.23697 -28.23136 -28.22535 -28.21871 -28.21113 -28.20234 -28.19203 -28.17993
 -28.16574 -28.14917 -28.12993 -28.10773 -28.08228 -28.05330 -28.02047 -27.98353
 -27.94218 -27.89615 -27.84527 -27.78939 -27.72840 -27.66213 -27.59046 -27.51327
 -27.43036 -27.34166
 -28.31748 -28.31270 -28.30752 -28.30176 -28.29521 -28.28768 -28.27896 -28.26885
 -28.25713 -28.24362 -28.22809 -28.21036 -28.19021 -28.16745 -28.14185 -28.11324
 -28.08139 -28.04610 -28.00710 -27.96408 -27.91678 -27.86489 -27.80815 -27.74625
 -27.67890 -27.60584
 -28.39677 -28.39266 -28.38814 -28.38308 -28.37735 -28.37083 -28.36338 -28.35486
 -28.34515 -28.33411 -28.32162 -28.30752 -28.29171 -28.27404 -28.25437 -28.23259
 -28.20854 -28.18208 -28.15287 -28.12051 -28.08465 -28.04489 -28.00086 -27.95217
 -27.89842 -27.83927
 -28.47475 -28.47128 -28.46740 -28.46303 -28.45810 -28.45253 -28.44623 -28.43914
 -28.43117 -28.42223 -28.41226 -28.40116 -28.38887 -28.37530 -28.36037 -28.34401
 -28.32612 -28.30659 -28.28508 -28.26114 -28.23437 -28.20434 -28.17064 -28.13285
 -28.09052 -28.04328
 -28.54990 -28.54701 -28.54374 -28.54003 -28.53586 -28.53118 -28.52594 -28.52010
 -28.51363 -28.50648 -28.49861 -28.48997 -28.48052 -28.47023 -28.45905 -28.44694
 -28.43385 -28.41969 -28.40413 -28.38673 -28.36709 -28.34477 -28.31936 -28.29045
 -28.25759 -28.22039
 -28.62063 -28.61826 -28.61553 -28.61244 -28.60897 -28.60509 -28.60080 -28.59607
 -28.59090 -28.58526 -28.57913 -28.57251 -28.56537 -28.55770 -28.54948 -28.54069
 -28.53133 -28.52131 -28.51033 -28.49798 -28.48389 -28.46763 -28.44883 -28.42708
 -28.40199 -28.37317
 -28.68574 -28.68379 -28.68154 -28.67899 -28.67614 -28.67298 -28.66952 -28.66577
 -28.66171 -28.65735 -28.65270 -28.64774 -28.64249 -28.63695 -28.63110 -28.62496
 -28.61853 -28.61175 -28.60434 -28.59594 -28.58619 -28.57472 -28.56117 -28.54519
 -28.52640 -28.50446
 -28.74911 -28.74749 -28.74563 -28.74352 -28.74119 -28.73864 -28.73589 -28.73294
 -28.72982 -28.72653 -28.72308 -28.71950 -28.71578 -28.71195 -28.70801 -28.70398
 -28.69987 -28.69565 -28.69106 -28.68576 -28.67945 -28.67177 -28.66242 -28.65105
 -28.63735 -28.62098
 -28.81840 -28.81704 -28.81546 -28.81369 -28.81175 -28.80966 -28.80744 -28.80512
 -28.80272 -28.80025 -28.79775 -28.79523 -28.79271 -28.79022 -28.78778 -28.78541
 -28.78314 -28.78093 -28.77857 -28.77574 -28.77215 -28.76751 -28.76150 -28.75384
 -28.74421 -28.73234
 -28.89985 -28.89865 -28.89726 -28.89570 -28.89400 -28.89220 -28.89033 -28.88841
 -28.88648 -28.88458 -28.88274 -28.88098 -28.87935 -28.87787 -28.87657 -28.87550
 -28.87467 -28.87409 -28.87353 -28.87271 -28.87136 -28.86918 -28.86590 -28.86124
 -28.85492 -28.84664
 -28.97785 -28.97677 -28.97549 -28.97403 -28.97245 -28.97079 -28.96909 -28.96740
 -28.96576 -28.96421 -28.96280 -28.96157 -28.96056 -28.95983 -28.95941 -28.95935
 -28.95969 -28.96043 -28.96137 -28.96223 -28.96273 -28.96261 -28.96159 -28.95939
 -28.95574 -28.95037
 -29.02017 -29.01916 -29.01793 -29.01653 -29.01501 -29.01341 -29.01181 -29.01025
 -29.00878 -29.00747 -29.00637 -29.00553 -29.00501 -29.00486 -29.00514 -29.00591
 -29.00721 -29.00906 -29.01126 -29.01353 -29.01560 -29.01719 -29.01804 -29.01786
 -29.01640 -29.01337
 -28.99608 -28.99512 -28.99394 -28.99258 -28.99110 -28.98957 -28.98805 -28.98662
 -28.98532 -28.98423 -28.98341 -28.98293 -28.98284 -28.98321 -28.98412 -28.98561
 -28.98775 -28.99057 -28.99386 -28.99734 -29.00074 -29.00378 -29.00620 -29.00772
 -29.00805 -29.00694
 -28.90440 -28.90348 -28.90233 -28.90101 -28.89960 -28.89815 -28.89674 -28.89545
 -28.89433 -28.89347 -28.89294 -28.89279 -28.89311 -28.89397 -28.89543 -28.89757
 -28.90046 -28.90411 -28.90833 -28.91284 -28.91737 -28.92163 -28.92535 -28.92825
 -28.93006 -28.93050
 -28.76698 -28.76609 -28.76497 -28.76370 -28.76234 -28.76097 -28.75966 -28.75850
 -28.75756 -28.75690 -28.75662 -28.75677 -28.75744 -28.75871 -28.76064 -28.76331
 -28.76680 -28.77114 -28.77612 -28.78146 -28.78687 -28.79209 -28.79684 -28.80082
 -28.80377 -28.80541
 -28.60633 -28.60545 -28.60435 -28.60311 -28.60179 -28.60048 -28.59926 -28.59819
 -28.59737 -28.59687 -28.59677 -28.59714 -28.59807 -28.59963 -28.60191 -28.60497
 -28.60891 -28.61374 -28.61927 -28.62520 -28.63127 -28.63718 -28.64265 -28.64740
 -28.65116 -28.65363
 -28.44466 -28.44378 -28.44270 -28.44147 -28.44017 -28.43888 -28.43768 -28.43665
 -28.43589 -28.43545 -28.43543 -28.43592 -28.43698 -28.43870 -28.44116 -28.44444
 -28.44863 -28.45375 -28.45959 -28.46588 -28.47233 -28.47865 -28.48455 -28.48976
 -28.49398 -28.49694
 -28.30082 -28.29996 -28.29888 -28.29764 -28.29633 -28.29502 -28.29381 -28.29277
 -28.29200 -28.29156 -28.29155 -28.29204 -28.29313 -28.29488 -28.29740 -28.30075
 -28.30503 -28.31026 -28.31624 -28.32268 -28.32929 -28.33578 -28.34187 -28.34727
 -28.35170 -28.35486
 -28.13079 -28.12995 -28.12888 -28.12763 -28.12629 -28.12495 -28.12370 -28.12261
 -28.12178 -28.12128 -28.12121 -28.12165 -28.12268 -28.12439 -28.12687 -28.13020
 -28.13447 -28.13971 -28.14571 -28.15218 -28.15883 -28.16537 -28.17151 -28.17697
 -28.18145 -28.18467
 -28.13997 -28.13915 -28.13810 -28.13687 -28.13554 -28.13421 -28.13296 -28.13187
 -28.13104 -28.13054 -28.13047 -28.13090 -28.13193 -28.13364 -28.13612 -28.13945
 -28.14372 -28.14896 -28.15496 -28.16144 -28.16810 -28.17465 -28.18081 -28.18628
 -28.19078 -28.19402
 -28.23738 -28.23654 -28.23547 -28.23421 -28.23287 -28.23153 -28.23026 -28.22917
 -28.22833 -28.22782 -28.22774 -28.22817 -28.22919 -28.23090 -28.23337 -28.23669
 -28.24095 -28.24619 -28.25218 -28.25864 -28.26529 -28.27183 -28.27797 -28.28343
 -28.28791 -28.29112
 -28.38605 -28.38519 -28.38410 -28.38285 -28.38150 -28.38016 -28.37890 -28.37781
 -28.37697 -28.37647 -28.37638 -28.37680 -28.37780 -28.37948 -28.38191 -28.38518
 -28.38937 -28.39451 -28.40040 -28.40676 -28.41327 -28.41968 -28.42567 -28.43097
 -28.43529 -28.43833
 -28.56376 -28.56297 -28.56195 -28.56078 -28.55952 -28.55826 -28.55707 -28.55604
 -28.55525 -28.55479 -28.55471 -28.55512 -28.55609 -28.55770 -28.56003 -28.56316
 -28.56718 -28.57210 -28.57773 -28.58379 -28.58998 -28.59603 -28.60165 -28.60657
 -28.61049 -28.61314
 -28.63760 -28.63683 -28.63584 -28.63466 -28.63340 -28.63211 -28.63089 -28.62980
 -28.62894 -28.62837 -28.62818 -28.62845 -28.62925 -28.63067 -28.63278 -28.63566
 -28.63939 -28.64400 -28.64929 -28.65498 -28.66077 -28.66641 -28.67160 -28.67607
 -28.67953 -28.68171
 -28.68192 -28.68109 -28.68001 -28.67873 -28.67734 -28.67590 -28.67452 -28.67326
 -28.67220 -28.67143 -28.67104 -28.67108 -28.67166 -28.67285 -28.67472 -28.67737
 -28.68087 -28.68525 -28.69031 -28.69576 -28.70133 -28.70672 -28.71167 -28.71588
 -28.71908 -28.72097
 -28.97057 -28.96974 -28.96865 -28.96736 -28.96596 -28.96452 -28.96313 -28.96186
 -28.96079 -28.96002 -28.95961 -28.95965 -28.96021 -28.96139 -28.96326 -28.96589
 -28.96938 -28.97376 -28.97880 -28.98425 -28.98981 -28.99519 -29.00013 -29.00433
 -29.00752 -29.00941
 -29.27057 -29.26974 -29.26865 -29.26737 -29.26596 -29.26452 -29.26313 -29.26186
 -29.26080 -29.26002 -29.25961 -29.25965 -29.26022 -29.26139 -29.26326 -29.26590
 -29.26939 -29.27376 -29.27881 -29.28425 -29.28981 -29.29520 -29.30013 -29.30433
 -29.30752 -29.30941
 -29.57058 -29.56974 -29.56866 -29.56737 -29.56597 -29.56453 -29.56313 -29.56186
 -29.56080 -29.56002 -29.55961 -29.55965 -29.56022 -29.56139 -29.56326 -29.56590
 -29.56939 -29.57376 -29.57881 -29.58425 -29.58981 -29.59520 -29.60013 -29.60433
 -29.60752 -29.60941
 -29.87057 -29.86974 -29.86865 -29.86737 -29.86596 -29.86452 -29.86313 -29.86186
 -29.86080 -29.86002 -29.85961 -29.85965 -29.86021 -29.86139 -29.86326 -29.86589
 -29.86938 -29.87376 -29.87881 -29.88425 -29.88981 -29.89519 -29.90013 -29.90433
 -29.90752 -29.90941
 -30.17058 -30.16975 -30.16866 -30.16737 -30.16597 -30.16453 -30.16313 -30.16186
 -30.16080 -30.16002 -30.15961 -30.15965 -30.16022 -30.16140 -30.16326 -30.16590
 -30.16939 -30.17376 -30.17881 -30.18426 -30.18981 -30.19520 -30.20013 -30.20434
 -30.20752 -30.20941
 -30.47057 -30.46974 -30.46865 -30.46736 -30.46596 -30.46452 -30.46313 -30.46186
 -30.46079 -30.46002 -30.45961 -30.45965 -30.46021 -30.46139 -30.46326 -30.46589
 -30.46938 -30.47376 -30.47880 -30.48425 -30.48981 -30.49519 -30.50013 -30.50433
 -30.50752 -30.50941
 -30.62058 -30.61975 -30.61866 -30.61737 -30.61597 -30.61453 -30.61314 -30.61187
 -30.61080 -30.61002 -30.60962 -30.60965 -30.61022 -30.61140 -30.61326 -30.61590
 -30.61939 -30.62376 -30.62881 -30.63426 -30.63981 -30.64520 -30.65014 -30.65434
 -30.65752 -30.65941
---------------------/ IPRT= 1  / IGRD= 1  /--------/ Z1= 5   / DATE= 16/11/93
 -27.28871 -27.27268 -27.25500 -27.23556 -27.21424 -27.19095 -27.16537 -27.13704
 -27.10548 -27.07022 -27.03080 -26.98673 -26.93756 -26.88282 -26.82201 -26.75471
 -26.68038 -26.59859 -26.50883 -26.41058 -26.30340 -26.18717 -26.06227 -25.92909
 -25.78795 -25.63941
 -27.37525 -27.36203 -27.34747 -27.33149 -27.31401 -27.29495 -27.27402 -27.25080
 -27.22485 -27.19571 -27.16298 -27.12620 -27.08495 -27.03880 -26.98730 -26.93003
 -26.86653 -26.79638 -26.71912 -26.63427 -26.54142 -26.44036 -26.33131 -26.21445
 -26.08994 -25.95811
 -27.46113 -27.45056 -27.43895 -27.42625 -27.41239 -27.39730 -27.38074 -27.36232
 -27.34163 -27.31827 -27.29186 -27.26199 -27.22829 -27.19035 -27.14777 -27.10018
 -27.04715 -26.98831 -26.92325 -26.85152 -26.77274 -26.68666 -26.59328 -26.49261
 -26.38464 -26.26949
 -27.54543 -27.53718 -27.52813 -27.51824 -27.50744 -27.49571 -27.48281 -27.46841
 -27.45217 -27.43373 -27.41275 -27.38888 -27.36180 -27.33115 -27.29659 -27.25780
 -27.21441 -27.16608 -27.11247 -27.05319 -26.98791 -26.91630 -26.83820 -26.75344
 -26.66182 -26.56327
 -27.62728 -27.62082 -27.61371 -27.60589 -27.59733 -27.58799 -27.57768 -27.56613
 -27.55307 -27.53821 -27.52129 -27.50202 -27.48014 -27.45537 -27.42744 -27.39608
 -27.36100 -27.32195 -27.27864 -27.23076 -27.17804 -27.12011 -27.05664 -26.98728
 -26.91167 -26.82955
 -27.70673 -27.70157 -27.69581 -27.68940 -27.68231 -27.67448 -27.66579 -27.65604
 -27.64503 -27.63256 -27.61843 -27.60245 -27.58443 -27.56417 -27.54148 -27.51617
 -27.48804 -27.45690 -27.42255 -27.38477 -27.34336 -27.29793 -27.24799 -27.19304
 -27.13257 -27.06616
 -27.78444 -27.78023 -27.77545 -27.77004 -27.76396 -27.75715 -27.74953 -27.74098
 -27.73137 -27.72058 -27.70849 -27.69498 -27.67993 -27.66323 -27.64475 -27.62439
 -27.60201 -27.57751 -27.55076 -27.52163 -27.48999 -27.45542 -27.41734 -27.37514
 -27.32819 -27.27593
 -27.86100 -27.85757 -27.85358 -27.84900 -27.84376 -27.83784 -27.83115 -27.82365
 -27.81527 -27.80594 -27.79561 -27.78420 -27.77168 -27.75797 -27.74301 -27.72675
 -27.70913 -27.69009 -27.66957 -27.64750 -27.62381 -27.59808 -27.56968 -27.53793
 -27.50216 -27.46173
 -27.93611 -27.93333 -27.93004 -27.92620 -27.92177 -27.91669 -27.91093 -27.90447
 -27.89729 -27.88936 -27.88066 -27.87118 -27.86088 -27.84977 -27.83780 -27.82497
 -27.81126 -27.79664 -27.78111 -27.76462 -27.74715 -27.72832 -27.70746 -27.68391
 -27.65698 -27.62602
 -28.00892 -28.00666 -28.00397 -28.00078 -27.99706 -27.99276 -27.98787 -27.98239
 -27.97632 -27.96967 -27.96245 -27.95465 -27.94630 -27.93738 -27.92792 -27.91792
 -27.90739 -27.89633 -27.88475 -27.87266 -27.86004 -27.84655 -27.83155 -27.81439
 -27.79442 -27.77101
 -28.07851 -28.07668 -28.07447 -28.07182 -28.06870 -28.06507 -28.06093 -28.05630
 -28.05120 -28.04565 -28.03969 -28.03332 -28.02659 -28.01951 -28.01211 -28.00442
 -27.99646 -27.98825 -27.97984 -27.97122 -27.96242 -27.95312 -27.94273 -27.93063
 -27.91621 -27.89889
 -28.14439 -28.14289 -28.14105 -28.13881 -28.13616 -28.13305 -28.12950 -28.12553
 -28.12119 -28.11651 -28.11154 -28.10632 -28.10088 -28.09528 -28.08954 -28.08371
 -28.07784 -28.07195 -28.06610 -28.06033 -28.05465 -28.04878 -28.04216 -28.03422
 -28.02439 -28.01212
 -28.21021 -28.20896 -28.20739 -28.20547 -28.20316 -28.20043 -28.19731 -28.19382
 -28.19005 -28.18602 -28.18181 -28.17746 -28.17302 -28.16857 -28.16413 -28.15979
 -28.15558 -28.15156 -28.14780 -28.14433 -28.14120 -28.13815 -28.13465 -28.13016
 -28.12413 -28.11605
 -28.28230 -28.28125 -28.27990 -28.27821 -28.27616 -28.27373 -28.27092 -28.26780
 -28.26444 -28.26090 -28.25725 -28.25356 -28.24989 -28.24631 -28.24288 -28.23967
 -28.23675 -28.23419 -28.23205 -28.23039 -28.22927 -28.22845 -28.22741 -28.22566
 -28.22268 -28.21797
 -28.36495 -28.36408 -28.36292 -28.36144 -28.35961 -28.35742 -28.35487 -28.35204
 -28.34901 -28.34585 -28.34264 -28.33944 -28.33635 -28.33343 -28.33075 -28.32840
 -28.32644 -28.32496 -28.32403 -28.32372 -28.32409 -28.32492 -28.32574 -28.32606
 -28.32541 -28.32329
 -28.43955 -28.43885 -28.43788 -28.43660 -28.43500 -28.43303 -28.43073 -28.42819
 -28.42547 -28.42265 -28.41983 -28.41707 -28.41447 -28.41210 -28.41005 -28.40839
 -28.40721 -28.40658 -28.40660 -28.40734 -28.40886 -28.41096 -28.41320 -28.41513
 -28.41628 -28.41620
 -28.47287 -28.47235 -28.47158 -28.47053 -28.46917 -28.46748 -28.46549 -28.46327
 -28.46091 -28.45850 -28.45612 -28.45386 -28.45180 -28.45002 -28.44861 -28.44766
 -28.44725 -28.44746 -28.44839 -28.45011 -28.45269 -28.45595 -28.45947 -28.46282
 -28.46558 -28.46733
 -28.43449 -28.43417 -28.43364 -28.43286 -28.43182 -28.43048 -28.42888 -28.42711
 -28.42525 -28.42338 -28.42160 -28.41999 -28.41864 -28.41762 -28.41704 -28.41697
 -28.41750 -28.41872 -28.42072 -28.42357 -28.42735 -28.43190 -28.43681 -28.44170
 -28.44617 -28.44981
 -28.33041 -28.33032 -28.33006 -28.32960 -28.32893 -28.32802 -28.32691 -28.32569
 -28.32444 -28.32324 -28.32219 -28.32137 -28.32087 -28.32077 -28.32116 -28.32212
 -28.32375 -28.32612 -28.32932 -28.33345 -28.33856 -28.34451 -28.35094 -28.35747
 -28.36373 -28.36936
 -28.19101 -28.19116 -28.19118 -28.19106 -28.19078 -28.19032 -28.18972 -28.18907
 -28.18845 -28.18795 -28.18764 -28.18763 -28.18799 -28.18881 -28.19017 -28.19216
 -28.19487 -28.19838 -28.20277 -28.20813 -28.21453 -28.22183 -28.22970 -28.23778
 -28.24573 -28.25322
 -28.04764 -28.04802 -28.04830 -28.04849 -28.04855 -28.04849 -28.04833 -28.04817
 -28.04809 -28.04816 -28.04848 -28.04914 -28.05021 -28.05179 -28.05395 -28.05679
 -28.06038 -28.06482 -28.07017 -28.07655 -28.08400 -28.09241 -28.10145 -28.11080
 -28.12013 -28.12912
 -27.85104 -27.85175 -27.85238 -27.85292 -27.85334 -27.85365 -27.85387 -27.85409
 -27.85441 -27.85491 -27.85568 -27.85681 -27.85838 -27.86050 -27.86324 -27.86669
 -27.87095 -27.87610 -27.88223 -27.88944 -27.89778 -27.90715 -27.91723 -27.92772
 -27.93829 -27.94863
 -27.80249 -27.80324 -27.80391 -27.80448 -27.80492 -27.80522 -27.80542 -27.80562
 -27.80590 -27.80635 -27.80708 -27.80816 -27.80970 -27.81178 -27.81450 -27.81795
 -27.82222 -27.82739 -27.83357 -27.84085 -27.84930 -27.85880 -27.86904 -27.87970
 -27.89046 -27.90101
 -27.87303 -27.87363 -27.87415 -27.87458 -27.87491 -27.87513 -27.87527 -27.87543
 -27.87569 -27.87615 -27.87690 -27.87802 -27.87961 -27.88175 -27.88454 -27.88806
 -27.89241 -27.89768 -27.90394 -27.91131 -27.91984 -27.92943 -27.93975 -27.95049
 -27.96134 -27.97197
 -28.00441 -28.00490 -28.00530 -28.00562 -28.00582 -28.00590 -28.00591 -28.00592
 -28.00603 -28.00633 -28.00691 -28.00786 -28.00927 -28.01123 -28.01382 -28.01715
 -28.02129 -28.02634 -28.03239 -28.03953 -28.04782 -28.05717 -28.06724 -28.07772
 -28.08831 -28.09868
 -28.17054 -28.17095 -28.17126 -28.17146 -28.17153 -28.17145 -28.17127 -28.17108
 -28.17096 -28.17101 -28.17131 -28.17196 -28.17304 -28.17465 -28.17687 -28.17979
 -28.18351 -28.18811 -28.19368 -28.20031 -28.20807 -28.21685 -28.22634 -28.23621
 -28.24617 -28.25589
 -28.34358 -28.34381 -28.34395 -28.34397 -28.34386 -28.34361 -28.34326 -28.34288
 -28.34257 -28.34241 -28.34248 -28.34288 -28.34367 -28.34496 -28.34682 -28.34933
 -28.35259 -28.35668 -28.36167 -28.36766 -28.37471 -28.38271 -28.39135 -28.40033
 -28.40934 -28.41808
 -28.39573 -28.39578 -28.39571 -28.39551 -28.39515 -28.39462 -28.39396 -28.39324
 -28.39255 -28.39197 -28.39157 -28.39143 -28.39164 -28.39228 -28.39343 -28.39516
 -28.39755 -28.40070 -28.40466 -28.40953 -28.41537 -28.42207 -28.42933 -28.43686
 -28.44438 -28.45157
 -28.42497 -28.42495 -28.42476 -28.42440 -28.42384 -28.42307 -28.42212 -28.42106
 -28.41998 -28.41896 -28.41807 -28.41740 -28.41702 -28.41702 -28.41747 -28.41846
 -28.42006 -28.42236 -28.42543 -28.42935 -28.43419 -28.43985 -28.44603 -28.45244
 -28.45881 -28.46483
 -28.71591 -28.71588 -28.71569 -28.71532 -28.71476 -28.71398 -28.71302 -28.71195
 -28.71086 -28.70982 -28.70892 -28.70823 -28.70783 -28.70781 -28.70824 -28.70921
 -28.71079 -28.71306 -28.71610 -28.72000 -28.72481 -28.73044 -28.73658 -28.74297
 -28.74930 -28.75529
 -29.01591 -29.01588 -29.01569 -29.01533 -29.01476 -29.01399 -29.01302 -29.01196
 -29.01086 -29.00983 -29.00892 -29.00823 -29.00784 -29.00781 -29.00825 -29.00921
 -29.01079 -29.01306 -29.01610 -29.02000 -29.02482 -29.03044 -29.03659 -29.04297
 -29.04930 -29.05529
 -29.31591 -29.31588 -29.31569 -29.31532 -29.31476 -29.31398 -29.31302 -29.31195
 -29.31086 -29.30982 -29.30892 -29.30823 -29.30783 -29.30781 -29.30824 -29.30921
 -29.31079 -29.31306 -29.31610 -29.32000 -29.32481 -29.33044 -29.33658 -29.34297
 -29.34930 -29.35529
 -29.61591 -29.61588 -29.61569 -29.61533 -29.61477 -29.61399 -29.61303 -29.61196
 -29.61087 -29.60983 -29.60892 -29.60823 -29.60784 -29.60782 -29.60825 -29.60921
 -29.61079 -29.61306 -29.61611 -29.62000 -29.62482 -29.63044 -29.63659 -29.64297
 -29.64931 -29.65529
 -29.91590 -29.91587 -29.91569 -29.91532 -29.91476 -29.91398 -29.91302 -29.91195
 -29.91086 -29.90982 -29.90892 -29.90823 -29.90783 -29.90781 -29.90824 -29.90921
 -29.91079 -29.91306 -29.91610 -29.91999 -29.92481 -29.93043 -29.93658 -29.94297
 -29.94930 -29.95529
 -30.06591 -30.06588 -30.06569 -30.06533 -30.06477 -30.06399 -30.06303 -30.06196
 -30.06087 -30.05983 -30.05892 -30.05823 -30.05784 -30.05782 -30.05825 -30.05921
 -30.06079 -30.06306 -30.06611 -30.07000 -30.07482 -30.08044 -30.08659 -30.09297
 -30.09931 -30.10530
---------------------/ IPRT= 1  / IGRD= 1  /--------/ Z1= 6   / DATE= 16/11/93
 -26.58361 -26.56974 -26.55398 -26.53619 -26.51617 -26.49378 -26.46884 -26.44119
 -26.41063 -26.37678 -26.33918 -26.29734 -26.25079 -26.19906 -26.14166 -26.07813
 -26.00798 -25.93076 -25.84598 -25.75314 -25.65182 -25.54149 -25.42171 -25.29208
 -25.15266 -25.00393
 -26.66021 -26.64817 -26.63453 -26.61916 -26.60190 -26.58264 -26.56122 -26.53751
 -26.51135 -26.48237 -26.45014 -26.41422 -26.37415 -26.32951 -26.27982 -26.22467
 -26.16359 -26.09615 -26.02191 -25.94038 -25.85119 -25.75382 -25.64788 -25.53297
 -25.40905 -25.27641
 -26.73679 -26.72657 -26.71505 -26.70210 -26.68761 -26.67148 -26.65357 -26.63380
 -26.61203 -26.58792 -26.56107 -26.53106 -26.49748 -26.45992 -26.41795 -26.37117
 -26.31915 -26.26149 -26.19778 -26.12757 -26.05050 -25.96609 -25.87399 -25.77379
 -25.66537 -25.54882
 -26.81326 -26.80485 -26.79542 -26.78486 -26.77308 -26.76002 -26.74558 -26.72967
 -26.71220 -26.69286 -26.67129 -26.64708 -26.61987 -26.58927 -26.55489 -26.51636
 -26.47328 -26.42528 -26.37198 -26.31297 -26.24792 -26.17638 -26.09802 -26.01247
 -25.91948 -25.81898
 -26.88913 -26.88243 -26.87493 -26.86658 -26.85730 -26.84704 -26.83574 -26.82333
 -26.80973 -26.79468 -26.77785 -26.75888 -26.73744 -26.71318 -26.68576 -26.65484
 -26.62007 -26.58111 -26.53762 -26.48925 -26.43567 -26.37652 -26.31147 -26.24019
 -26.16232 -26.07762
 -26.96385 -26.95864 -26.95282 -26.94633 -26.93912 -26.93115 -26.92238 -26.91275
 -26.90220 -26.89051 -26.87740 -26.86258 -26.84577 -26.82668 -26.80500 -26.78048
 -26.75281 -26.72170 -26.68689 -26.64805 -26.60493 -26.55721 -26.50464 -26.44690
 -26.38356 -26.31419
 -27.03704 -27.03304 -27.02852 -27.02344 -27.01776 -27.01142 -27.00439 -26.99663
 -26.98807 -26.97856 -26.96788 -26.95582 -26.94217 -26.92672 -26.90924 -26.88954
 -26.86738 -26.84257 -26.81489 -26.78412 -26.75007 -26.71249 -26.67119 -26.62594
 -26.57620 -26.52138
 -27.10879 -27.10575 -27.10223 -27.09820 -27.09359 -27.08838 -27.08251 -27.07593
 -27.06859 -27.06039 -27.05120 -27.04088 -27.02930 -27.01633 -27.00183 -26.98569
 -26.96775 -26.94789 -26.92599 -26.90190 -26.87550 -26.84665 -26.81522 -26.78104
 -26.74352 -26.70193
 -27.17927 -27.17698 -27.17424 -27.17100 -27.16721 -27.16281 -27.15777 -27.15202
 -27.14551 -27.13820 -27.13002 -27.12091 -27.11082 -27.09968 -27.08744 -27.07404
 -27.05942 -27.04352 -27.02629 -27.00765 -26.98757 -26.96597 -26.94280 -26.91794
 -26.89078 -26.86049
 -27.24867 -27.24697 -27.24485 -27.24226 -27.23913 -27.23542 -27.23108 -27.22606
 -27.22030 -27.21379 -27.20652 -27.19850 -27.18971 -27.18015 -27.16983 -27.15873
 -27.14685 -27.13419 -27.12075 -27.10652 -27.09150 -27.07569 -27.05908 -27.04160
 -27.02264 -27.00132
 -27.31715 -27.31591 -27.31428 -27.31221 -27.30964 -27.30652 -27.30281 -27.29844
 -27.29337 -27.28761 -27.28120 -27.27417 -27.26656 -27.25840 -27.24972 -27.24056
 -27.23096 -27.22095 -27.21057 -27.19985 -27.18883 -27.17753 -27.16601 -27.15422
 -27.14157 -27.12720
 -27.38488 -27.38400 -27.38275 -27.38110 -27.37899 -27.37637 -27.37319 -27.36939
 -27.36495 -27.35988 -27.35424 -27.34810 -27.34152 -27.33455 -27.32727 -27.31974
 -27.31200 -27.30413 -27.29620 -27.28824 -27.28035 -27.27256 -27.26494 -27.25750
 -27.24967 -27.24062
 -27.45200 -27.45139 -27.45045 -27.44913 -27.44739 -27.44518 -27.44244 -27.43914
 -27.43523 -27.43074 -27.42577 -27.42039 -27.41468 -27.40872 -27.40260 -27.39638
 -27.39016 -27.38402 -27.37802 -27.37226 -27.36681 -27.36176 -27.35718 -27.35309
 -27.34897 -27.34405
 -27.51865 -27.51825 -27.51755 -27.51650 -27.51506 -27.51317 -27.51080 -27.50789
 -27.50441 -27.50041 -27.49599 -27.49123 -27.48623 -27.48110 -27.47591 -27.47077
 -27.46576 -27.46099 -27.45656 -27.45254 -27.44904 -27.44615 -27.44397 -27.44253
 -27.44135 -27.43969
 -27.58478 -27.58454 -27.58401 -27.58317 -27.58196 -27.58034 -27.57826 -27.57568
 -27.57257 -27.56897 -27.56501 -27.56077 -27.55637 -27.55191 -27.54749 -27.54322
 -27.53920 -27.53553 -27.53233 -27.52968 -27.52771 -27.52651 -27.52618 -27.52678
 -27.52785 -27.52870
 -27.65032 -27.65018 -27.64979 -27.64909 -27.64806 -27.64665 -27.64482 -27.64252
 -27.63973 -27.63650 -27.63295 -27.62918 -27.62530 -27.62143 -27.61766 -27.61412
 -27.61090 -27.60812 -27.60589 -27.60432 -27.60350 -27.60357 -27.60461 -27.60669
 -27.60939 -27.61207
 -27.71522 -27.71514 -27.71482 -27.71424 -27.71335 -27.71211 -27.71049 -27.70844
 -27.70595 -27.70307 -27.69991 -27.69658 -27.69319 -27.68985 -27.68667 -27.68375
 -27.68121 -27.67915 -27.67769 -27.67693 -27.67698 -27.67794 -27.67994 -27.68302
 -27.68681 -27.69071
 -27.77946 -27.77940 -27.77914 -27.77863 -27.77785 -27.77676 -27.77533 -27.77351
 -27.77129 -27.76873 -27.76594 -27.76301 -27.76006 -27.75720 -27.75451 -27.75213
 -27.75013 -27.74865 -27.74777 -27.74760 -27.74825 -27.74983 -27.75244 -27.75614
 -27.76058 -27.76523
 -27.84300 -27.84296 -27.84275 -27.84231 -27.84162 -27.84066 -27.83938 -27.83777
 -27.83579 -27.83351 -27.83104 -27.82846 -27.82588 -27.82340 -27.82113 -27.81916
 -27.81759 -27.81653 -27.81607 -27.81632 -27.81737 -27.81933 -27.82230 -27.82633
 -27.83112 -27.83617
 -27.90571 -27.90571 -27.90554 -27.90517 -27.90457 -27.90372 -27.90259 -27.90115
 -27.89937 -27.89733 -27.89510 -27.89280 -27.89052 -27.88834 -27.88637 -27.88471
 -27.88345 -27.88268 -27.88250 -27.88301 -27.88431 -27.88648 -27.88963 -27.89381
 -27.89874 -27.90398
 -27.96705 -27.96709 -27.96697 -27.96667 -27.96616 -27.96541 -27.96440 -27.96310
 -27.96149 -27.95963 -27.95761 -27.95552 -27.95346 -27.95151 -27.94977 -27.94832
 -27.94727 -27.94669 -27.94669 -27.94736 -27.94878 -27.95105 -27.95426 -27.95846
 -27.96341 -27.96869
 -28.08321 -28.08332 -28.08329 -28.08309 -28.08271 -28.08211 -28.08128 -28.08019
 -28.07883 -28.07724 -28.07551 -28.07372 -28.07196 -28.07031 -28.06886 -28.06769
 -28.06689 -28.06654 -28.06673 -28.06753 -28.06904 -28.07134 -28.07451 -28.07861
 -28.08342 -28.08861
 -28.18727 -28.18740 -28.18740 -28.18725 -28.18693 -28.18642 -28.18569 -28.18473
 -28.18352 -28.18210 -28.18055 -28.17897 -28.17741 -28.17597 -28.17473 -28.17376
 -28.17314 -28.17296 -28.17328 -28.17420 -28.17580 -28.17814 -28.18132 -28.18537
 -28.19012 -28.19526
 -28.27679 -28.27691 -28.27691 -28.27678 -28.27649 -28.27602 -28.27535 -28.27446
 -28.27333 -28.27202 -28.27060 -28.26914 -28.26772 -28.26642 -28.26531 -28.26448
 -28.26399 -28.26392 -28.26435 -28.26536 -28.26702 -28.26941 -28.27261 -28.27666
 -28.28138 -28.28650
 -28.34144 -28.34155 -28.34156 -28.34143 -28.34115 -28.34069 -28.34005 -28.33919
 -28.33811 -28.33685 -28.33548 -28.33408 -28.33273 -28.33150 -28.33046 -28.32969
 -28.32926 -28.32925 -28.32973 -28.33079 -28.33248 -28.33489 -28.33809 -28.34214
 -28.34685 -28.35195
 -28.37285 -28.37296 -28.37296 -28.37283 -28.37255 -28.37210 -28.37146 -28.37060
 -28.36952 -28.36826 -28.36690 -28.36550 -28.36416 -28.36293 -28.36189 -28.36113
 -28.36071 -28.36071 -28.36120 -28.36226 -28.36397 -28.36639 -28.36961 -28.37366
 -28.37839 -28.38352
 -28.39644 -28.39656 -28.39656 -28.39643 -28.39615 -28.39569 -28.39505 -28.39418
 -28.39310 -28.39183 -28.39045 -28.38905 -28.38769 -28.38645 -28.38540 -28.38463
 -28.38420 -28.38419 -28.38467 -28.38573 -28.38743 -28.38985 -28.39306 -28.39712
 -28.40186 -28.40699
 -28.40488 -28.40499 -28.40499 -28.40486 -28.40458 -28.40413 -28.40349 -28.40263
 -28.40155 -28.40029 -28.39892 -28.39752 -28.39617 -28.39494 -28.39390 -28.39313
 -28.39270 -28.39269 -28.39317 -28.39422 -28.39590 -28.39831 -28.40151 -28.40554
 -28.41025 -28.41534
 -28.27376 -28.27388 -28.27388 -28.27375 -28.27347 -28.27302 -28.27237 -28.27152
 -28.27044 -28.26918 -28.26781 -28.26642 -28.26506 -28.26383 -28.26279 -28.26202
 -28.26160 -28.26159 -28.26207 -28.26312 -28.26481 -28.26722 -28.27041 -28.27445
 -28.27916 -28.28425
 -28.29656 -28.29668 -28.29668 -28.29655 -28.29627 -28.29582 -28.29517 -28.29431
 -28.29322 -28.29196 -28.29058 -28.28918 -28.28782 -28.28658 -28.28554 -28.28477
 -28.28434 -28.28433 -28.28481 -28.28587 -28.28756 -28.28998 -28.29319 -28.29725
 -28.30198 -28.30710
 -28.59657 -28.59668 -28.59668 -28.59655 -28.59627 -28.59582 -28.59517 -28.59431
 -28.59322 -28.59196 -28.59059 -28.58918 -28.58783 -28.58659 -28.58554 -28.58477
 -28.58434 -28.58433 -28.58481 -28.58587 -28.58757 -28.58998 -28.59320 -28.59725
 -28.60198 -28.60710
 -28.89656 -28.89668 -28.89668 -28.89655 -28.89627 -28.89581 -28.89517 -28.89431
 -28.89322 -28.89195 -28.89058 -28.88918 -28.88782 -28.88658 -28.88554 -28.88477
 -28.88434 -28.88433 -28.88481 -28.88586 -28.88756 -28.88998 -28.89319 -28.89725
 -28.90198 -28.90710
 -29.19657 -29.19668 -29.19669 -29.19656 -29.19627 -29.19582 -29.19517 -29.19431
 -29.19323 -29.19196 -29.19059 -29.18919 -29.18783 -29.18659 -29.18555 -29.18477
 -29.18434 -29.18433 -29.18482 -29.18587 -29.18757 -29.18999 -29.19320 -29.19725
 -29.20198 -29.20710
 -29.49656 -29.49668 -29.49668 -29.49655 -29.49627 -29.49581 -29.49517 -29.49431
 -29.49322 -29.49195 -29.49058 -29.48918 -29.48782 -29.48658 -29.48554 -29.48476
 -29.48433 -29.48432 -29.48481 -29.48586 -29.48756 -29.48998 -29.49319 -29.49725
 -29.50197 -29.50709
 -29.64657 -29.64668 -29.64669 -29.64656 -29.64628 -29.64582 -29.64517 -29.64431
 -29.64323 -29.64196 -29.64059 -29.63919 -29.63783 -29.63659 -29.63555 -29.63477
 -29.63434 -29.63433 -29.63482 -29.63587 -29.63757 -29.63999 -29.64320 -29.64725
 -29.65198 -29.65710
--------------------------------------------------------------------------------
C
C
C     RADIATED POWERS IN UNITS OF W CM**3
C     -----------------------------------
C
C     PREPARED USING CODE JETXLE.IONBAL.FORT(WJD404U)
C
C           WILLIAM J. DICKSON   16/11/93
C-------------------------------------------------------------------------------
 
C---------------------------------------------------------------------------------
C ADAS ADF11 DATA - SCCS info: @(#)$Header: /home/adascvs/adas/adf11/prb93/prb93_c.dat,v 2.1 2004/07/07 00:07:51 whitefor Exp $ Date $Date: 2004/07/07 00:07:51 $
C---------------------------------------------------------------------------------
