    4   26   35    1    4     /BERYLLIUM          /DICKSON ET AL 1992
--------------------------------------------------------------------------------
  10.00000  10.20003  10.40002  10.59999  10.80003  11.00000  11.20003  11.40002
  11.59999  11.80003  12.00000  12.20003  12.40002  12.59999  12.80003  13.00000
  13.20003  13.40002  13.59999  13.80003  14.00000  14.20003  14.40002  14.59999
  14.80003  15.00000
   0.00000   0.10001   0.20000   0.30000   0.40000   0.50000   0.60000   0.70000
   0.80000   0.90000   1.00000   1.10001   1.20000   1.30000   1.40000   1.50000
   1.60000   1.70000   1.80000   1.90000   2.00000   2.20000   2.40000   2.60000
   2.80000   3.00000   3.20000   3.40000   3.60000   3.80000   4.00000   4.20000
   4.40000   4.60000   4.70000
---------------------/ IPRT= 1  / IGRD= 1  /--------/ Z1= 1   / DATE= 16/11/93
 -29.26305 -29.27112 -29.27824 -29.28411 -29.28846 -29.29099 -29.29139 -29.28939
 -29.28469 -29.27699 -29.26601 -29.25167 -29.23482 -29.21652 -29.19783 -29.17984
 -29.16358 -29.15014 -29.14057 -29.13595 -29.13734 -29.14580 -29.16240 -29.18820
 -29.22428 -29.27168
 -29.08132 -29.08966 -29.09710 -29.10338 -29.10822 -29.11134 -29.11246 -29.11131
 -29.10760 -29.10107 -29.09143 -29.07862 -29.06346 -29.04700 -29.03025 -29.01428
 -29.00009 -28.98874 -28.98126 -28.97868 -28.98205 -28.99240 -29.01075 -29.03816
 -29.07566 -29.12427
 -28.94973 -28.95753 -28.96438 -28.97001 -28.97414 -28.97648 -28.97677 -28.97471
 -28.97003 -28.96245 -28.95169 -28.93769 -28.92128 -28.90352 -28.88544 -28.86811
 -28.85258 -28.83989 -28.83110 -28.82725 -28.82940 -28.83861 -28.85592 -28.88237
 -28.91904 -28.96696
 -28.87221 -28.87956 -28.88591 -28.89098 -28.89449 -28.89615 -28.89567 -28.89278
 -28.88719 -28.87861 -28.86676 -28.85158 -28.83391 -28.81483 -28.79539 -28.77668
 -28.75974 -28.74566 -28.73550 -28.73033 -28.73121 -28.73921 -28.75541 -28.78086
 -28.81664 -28.86381
 -28.84464 -28.85191 -28.85817 -28.86314 -28.86652 -28.86804 -28.86741 -28.86435
 -28.85856 -28.84976 -28.83768 -28.82224 -28.80431 -28.78494 -28.76520 -28.74618
 -28.72893 -28.71455 -28.70408 -28.69862 -28.69922 -28.70696 -28.72291 -28.74814
 -28.78373 -28.83074
 -28.85713 -28.86454 -28.87095 -28.87608 -28.87965 -28.88135 -28.88093 -28.87808
 -28.87253 -28.86399 -28.85219 -28.83705 -28.81943 -28.80039 -28.78099 -28.76231
 -28.74542 -28.73138 -28.72125 -28.71612 -28.71703 -28.72507 -28.74130 -28.76679
 -28.80261 -28.84980
 -28.89966 -28.90728 -28.91392 -28.91928 -28.92310 -28.92509 -28.92497 -28.92246
 -28.91727 -28.90912 -28.89774 -28.88305 -28.86592 -28.84738 -28.82851 -28.81037
 -28.79401 -28.78050 -28.77091 -28.76628 -28.76769 -28.77619 -28.79285 -28.81872
 -28.85489 -28.90238
 -28.96263 -28.97037 -28.97712 -28.98262 -28.98658 -28.98872 -28.98876 -28.98643
 -28.98143 -28.97349 -28.96233 -28.94790 -28.93102 -28.91277 -28.89418 -28.87633
 -28.86026 -28.84704 -28.83773 -28.83339 -28.83506 -28.84382 -28.86071 -28.88679
 -28.92314 -28.97078
 -29.04098 -29.04873 -29.05549 -29.06099 -29.06495 -29.06709 -29.06712 -29.06477
 -29.05976 -29.05180 -29.04063 -29.02618 -29.00929 -28.99102 -28.97242 -28.95455
 -28.93847 -28.92524 -28.91591 -28.91155 -28.91321 -28.92195 -28.93882 -28.96489
 -29.00122 -29.04885
 -29.13274 -29.14046 -29.14718 -29.15264 -29.15654 -29.15861 -29.15858 -29.15615
 -29.15105 -29.14299 -29.13172 -29.11715 -29.10013 -29.08173 -29.06299 -29.04498
 -29.02876 -29.01539 -29.00593 -29.00143 -29.00296 -29.01157 -29.02833 -29.05429
 -29.09053 -29.13808
 -29.23589 -29.24361 -29.25033 -29.25577 -29.25966 -29.26171 -29.26164 -29.25918
 -29.25404 -29.24594 -29.23460 -29.21997 -29.20288 -29.18440 -29.16558 -29.14748
 -29.13117 -29.11771 -29.10816 -29.10358 -29.10502 -29.11356 -29.13024 -29.15613
 -29.19231 -29.23980
 -29.34778 -29.35552 -29.36228 -29.36775 -29.37167 -29.37375 -29.37371 -29.37128
 -29.36616 -29.35809 -29.34677 -29.33216 -29.31508 -29.29661 -29.27780 -29.25972
 -29.24341 -29.22995 -29.22040 -29.21582 -29.21726 -29.22580 -29.24248 -29.26837
 -29.30454 -29.35204
 -29.46517 -29.47295 -29.47974 -29.48525 -29.48921 -29.49134 -29.49134 -29.48895
 -29.48389 -29.47586 -29.46459 -29.45003 -29.43300 -29.41458 -29.39581 -29.37777
 -29.36151 -29.34810 -29.33859 -29.33404 -29.33552 -29.34409 -29.36081 -29.38673
 -29.42293 -29.47045
 -29.58509 -29.59288 -29.59968 -29.60520 -29.60918 -29.61132 -29.61134 -29.60897
 -29.60392 -29.59592 -29.58468 -29.57014 -29.55314 -29.53475 -29.51601 -29.49801
 -29.48178 -29.46840 -29.45892 -29.45441 -29.45592 -29.46452 -29.48126 -29.50720
 -29.54343 -29.59097
 -29.70655 -29.71431 -29.72107 -29.72657 -29.73052 -29.73264 -29.73264 -29.73025
 -29.72519 -29.71717 -29.70592 -29.69138 -29.67438 -29.65599 -29.63726 -29.61926
 -29.60304 -29.58966 -29.58020 -29.57570 -29.57722 -29.58583 -29.60259 -29.62854
 -29.66477 -29.71232
 -29.82994 -29.83765 -29.84436 -29.84981 -29.85371 -29.85577 -29.85573 -29.85330
 -29.84820 -29.84015 -29.82888 -29.81431 -29.79730 -29.77890 -29.76016 -29.74215
 -29.72593 -29.71256 -29.70310 -29.69860 -29.70013 -29.70875 -29.72551 -29.75148
 -29.78771 -29.83526
 -29.95575 -29.96338 -29.97003 -29.97540 -29.97924 -29.98125 -29.98115 -29.97868
 -29.97353 -29.96545 -29.95414 -29.93956 -29.92253 -29.90412 -29.88538 -29.86737
 -29.85116 -29.83780 -29.82835 -29.82386 -29.82541 -29.83404 -29.85082 -29.87679
 -29.91304 -29.96060
 -30.08354 -30.09108 -30.09764 -30.10295 -30.10671 -30.10866 -30.10852 -30.10599
 -30.10082 -30.09271 -30.08138 -30.06679 -30.04976 -30.03136 -30.01263 -29.99465
 -29.97846 -29.96513 -29.95571 -29.95126 -29.95284 -29.96150 -29.97831 -30.00431
 -30.04058 -30.08816
 -30.20185 -30.20926 -30.21570 -30.22089 -30.22455 -30.22641 -30.22619 -30.22360
 -30.21837 -30.21022 -30.19887 -30.18426 -30.16723 -30.14884 -30.13013 -30.11217
 -30.09601 -30.08271 -30.07333 -30.06892 -30.07054 -30.07925 -30.09610 -30.12214
 -30.15845 -30.20605
 -30.29199 -30.29915 -30.30536 -30.31033 -30.31381 -30.31549 -30.31511 -30.31238
 -30.30703 -30.29877 -30.28734 -30.27266 -30.25559 -30.23716 -30.21843 -30.20047
 -30.18431 -30.17103 -30.16167 -30.15728 -30.15893 -30.16767 -30.18455 -30.21063
 -30.24696 -30.29459
 -30.33844 -30.34518 -30.35100 -30.35561 -30.35874 -30.36012 -30.35945 -30.35646
 -30.35088 -30.34242 -30.33081 -30.31598 -30.29877 -30.28023 -30.26142 -30.24339
 -30.22718 -30.21386 -30.20447 -30.20008 -30.20172 -30.21046 -30.22735 -30.25344
 -30.28978 -30.33743
 -30.43935 -30.44531 -30.45039 -30.45431 -30.45680 -30.45757 -30.45635 -30.45285
 -30.44680 -30.43791 -30.42592 -30.41076 -30.39326 -30.37448 -30.35545 -30.33723
 -30.32088 -30.30743 -30.29795 -30.29348 -30.29507 -30.30377 -30.32063 -30.34670
 -30.38304 -30.43067
 -30.73190 -30.73783 -30.74288 -30.74678 -30.74924 -30.74999 -30.74874 -30.74523
 -30.73916 -30.73026 -30.71825 -30.70308 -30.68557 -30.66677 -30.64774 -30.62951
 -30.61315 -30.59970 -30.59022 -30.58574 -30.58733 -30.59603 -30.61288 -30.63895
 -30.67529 -30.72292
 -31.03189 -31.03782 -31.04288 -31.04677 -31.04924 -31.04998 -31.04874 -31.04522
 -31.03915 -31.03025 -31.01825 -31.00307 -30.98556 -30.96677 -30.94773 -30.92951
 -30.91314 -30.89970 -30.89021 -30.88573 -30.88732 -30.89602 -30.91288 -30.93894
 -30.97528 -31.02292
 -31.33189 -31.33783 -31.34288 -31.34678 -31.34924 -31.34999 -31.34874 -31.34522
 -31.33916 -31.33026 -31.31825 -31.30307 -31.28557 -31.26677 -31.24773 -31.22951
 -31.21315 -31.19970 -31.19021 -31.18574 -31.18732 -31.19602 -31.21288 -31.23895
 -31.27528 -31.32292
 -31.63190 -31.63783 -31.64288 -31.64678 -31.64924 -31.64999 -31.64874 -31.64523
 -31.63916 -31.63026 -31.61825 -31.60308 -31.58557 -31.56677 -31.54773 -31.52951
 -31.51315 -31.49970 -31.49022 -31.48574 -31.48733 -31.49602 -31.51288 -31.53895
 -31.57529 -31.62292
 -31.93189 -31.93782 -31.94288 -31.94678 -31.94924 -31.94999 -31.94874 -31.94522
 -31.93915 -31.93025 -31.91825 -31.90307 -31.88556 -31.86677 -31.84773 -31.82951
 -31.81315 -31.79970 -31.79021 -31.78574 -31.78732 -31.79602 -31.81288 -31.83895
 -31.87528 -31.92292
 -32.23190 -32.23783 -32.24288 -32.24678 -32.24924 -32.24999 -32.24874 -32.24523
 -32.23916 -32.23026 -32.21825 -32.20308 -32.18557 -32.16677 -32.14774 -32.12951
 -32.11315 -32.09970 -32.09022 -32.08574 -32.08733 -32.09603 -32.11288 -32.13895
 -32.17529 -32.22292
 -32.53189 -32.53782 -32.54288 -32.54677 -32.54924 -32.54998 -32.54874 -32.54522
 -32.53915 -32.53025 -32.51825 -32.50307 -32.48556 -32.46677 -32.44773 -32.42951
 -32.41314 -32.39970 -32.39021 -32.38573 -32.38732 -32.39602 -32.41288 -32.43894
 -32.47528 -32.52292
 -32.83189 -32.83783 -32.84288 -32.84678 -32.84924 -32.84999 -32.84874 -32.84522
 -32.83916 -32.83026 -32.81825 -32.80307 -32.78557 -32.76677 -32.74773 -32.72951
 -32.71315 -32.69970 -32.69021 -32.68574 -32.68732 -32.69602 -32.71288 -32.73895
 -32.77528 -32.82292
 -33.13190 -33.13783 -33.14288 -33.14678 -33.14924 -33.14999 -33.14874 -33.14523
 -33.13916 -33.13026 -33.11825 -33.10308 -33.08557 -33.06677 -33.04773 -33.02951
 -33.01315 -32.99970 -32.99022 -32.98574 -32.98733 -32.99602 -33.01288 -33.03895
 -33.07529 -33.12292
 -33.43189 -33.43782 -33.44288 -33.44678 -33.44924 -33.44999 -33.44874 -33.44522
 -33.43915 -33.43025 -33.41825 -33.40307 -33.38556 -33.36677 -33.34773 -33.32951
 -33.31315 -33.29970 -33.29021 -33.28574 -33.28732 -33.29602 -33.31288 -33.33895
 -33.37528 -33.42292
 -33.73190 -33.73783 -33.74288 -33.74678 -33.74924 -33.74999 -33.74874 -33.74523
 -33.73916 -33.73026 -33.71825 -33.70308 -33.68557 -33.66677 -33.64774 -33.62952
 -33.61315 -33.59970 -33.59022 -33.58574 -33.58733 -33.59603 -33.61288 -33.63895
 -33.67529 -33.72292
 -34.03189 -34.03782 -34.04288 -34.04677 -34.04924 -34.04998 -34.04874 -34.04522
 -34.03915 -34.03025 -34.01825 -34.00307 -33.98556 -33.96677 -33.94773 -33.92951
 -33.91314 -33.89970 -33.89021 -33.88573 -33.88732 -33.89602 -33.91288 -33.93894
 -33.97528 -34.02292
 -34.18190 -34.18783 -34.19289 -34.19678 -34.19924 -34.19999 -34.19875 -34.19523
 -34.18916 -34.18026 -34.16826 -34.15308 -34.13557 -34.11678 -34.09774 -34.07952
 -34.06315 -34.04970 -34.04022 -34.03574 -34.03733 -34.04603 -34.06289 -34.08895
 -34.12529 -34.17293
---------------------/ IPRT= 1  / IGRD= 1  /--------/ Z1= 2   / DATE= 16/11/93
 -29.25404 -29.24395 -29.23317 -29.22167 -29.20943 -29.19644 -29.18267 -29.16784
 -29.15141 -29.13279 -29.11145 -29.08678 -29.05826 -29.02529 -28.98731 -28.94377
 -28.89408 -28.83770 -28.77405 -28.70254 -28.62266 -28.53383 -28.43680 -28.33361
 -28.22636 -28.11722
 -29.34011 -29.33231 -29.32410 -29.31550 -29.30651 -29.29713 -29.28737 -29.27697
 -29.26541 -29.25215 -29.23665 -29.21837 -29.19677 -29.17133 -29.14147 -29.10670
 -29.06644 -29.02018 -28.96738 -28.90746 -28.83995 -28.76428 -28.68115 -28.59244
 -28.50008 -28.40608
 -29.42312 -29.41715 -29.41098 -29.40464 -29.39814 -29.39152 -29.38477 -29.37769
 -29.36979 -29.36059 -29.34958 -29.33628 -29.32020 -29.30084 -29.27771 -29.25033
 -29.21819 -29.18082 -29.13771 -29.08837 -29.03232 -28.96908 -28.89927 -28.82459
 -28.74680 -28.66773
 -29.50319 -29.49865 -29.49406 -29.48945 -29.48486 -29.48032 -29.47585 -29.47127
 -29.46614 -29.46002 -29.45249 -29.44309 -29.43140 -29.41698 -29.39937 -29.37816
 -29.35290 -29.32315 -29.28847 -29.24842 -29.20258 -29.15052 -29.09279 -29.03093
 -28.96653 -28.90123
 -29.57970 -29.57627 -29.57290 -29.56963 -29.56651 -29.56356 -29.56083 -29.55815
 -29.55514 -29.55141 -29.54659 -29.54028 -29.53209 -29.52165 -29.50855 -29.49243
 -29.47288 -29.44953 -29.42199 -29.38985 -29.35277 -29.31034 -29.26309 -29.21239
 -29.15967 -29.10642
 -29.65159 -29.64904 -29.64664 -29.64444 -29.64248 -29.64080 -29.63944 -29.63826
 -29.63693 -29.63510 -29.63244 -29.62860 -29.62324 -29.61601 -29.60658 -29.59460
 -29.57973 -29.56162 -29.53995 -29.51434 -29.48449 -29.45006 -29.41149 -29.37007
 -29.32707 -29.28385
 -29.71796 -29.71616 -29.71459 -29.71330 -29.71233 -29.71174 -29.71155 -29.71166
 -29.71177 -29.71155 -29.71071 -29.70892 -29.70589 -29.70130 -29.69484 -29.68620
 -29.67508 -29.66115 -29.64412 -29.62367 -29.59949 -29.57129 -29.53949 -29.50527
 -29.46982 -29.43437
 -29.78041 -29.77925 -29.77839 -29.77789 -29.77779 -29.77814 -29.77900 -29.78025
 -29.78161 -29.78279 -29.78350 -29.78346 -29.78236 -29.77993 -29.77587 -29.76989
 -29.76170 -29.75102 -29.73755 -29.72100 -29.70109 -29.67754 -29.65074 -29.62182
 -29.59190 -29.56214
 -29.84226 -29.84161 -29.84134 -29.84148 -29.84210 -29.84325 -29.84499 -29.84720
 -29.84962 -29.85197 -29.85398 -29.85536 -29.85584 -29.85513 -29.85297 -29.84907
 -29.84315 -29.83493 -29.82415 -29.81051 -29.79374 -29.77359 -29.75043 -29.72533
 -29.69937 -29.67368
 -29.90571 -29.90545 -29.90561 -29.90624 -29.90741 -29.90918 -29.91160 -29.91458
 -29.91785 -29.92114 -29.92417 -29.92668 -29.92839 -29.92904 -29.92834 -29.92603
 -29.92184 -29.91549 -29.90672 -29.89524 -29.88080 -29.86313 -29.84260 -29.82025
 -29.79715 -29.77438
 -29.95635 -29.95634 -29.95680 -29.95778 -29.95935 -29.96157 -29.96451 -29.96806
 -29.97197 -29.97597 -29.97979 -29.98316 -29.98581 -29.98748 -29.98789 -29.98678
 -29.98387 -29.97891 -29.97161 -29.96171 -29.94894 -29.93306 -29.91442 -29.89404
 -29.87295 -29.85224
 -29.96743 -29.96760 -29.96826 -29.96948 -29.97133 -29.97388 -29.97720 -29.98118
 -29.98556 -29.99010 -29.99450 -29.99851 -30.00186 -30.00427 -30.00549 -30.00524
 -30.00325 -29.99927 -29.99301 -29.98421 -29.97261 -29.95795 -29.94059 -29.92153
 -29.90180 -29.88245
 -29.91197 -29.91226 -29.91306 -29.91446 -29.91652 -29.91931 -29.92290 -29.92719
 -29.93193 -29.93685 -29.94168 -29.94615 -29.94999 -29.95294 -29.95472 -29.95507
 -29.95372 -29.95039 -29.94483 -29.93676 -29.92592 -29.91205 -29.89550 -29.87728
 -29.85840 -29.83991
 -29.76665 -29.76705 -29.76798 -29.76952 -29.77175 -29.77473 -29.77853 -29.78306
 -29.78806 -29.79326 -29.79839 -29.80319 -29.80738 -29.81069 -29.81286 -29.81361
 -29.81267 -29.80978 -29.80467 -29.79706 -29.78669 -29.77330 -29.75725 -29.73953
 -29.72115 -29.70315
 -29.55661 -29.55712 -29.55817 -29.55984 -29.56220 -29.56533 -29.56929 -29.57400
 -29.57919 -29.58459 -29.58993 -29.59495 -29.59937 -29.60292 -29.60533 -29.60634
 -29.60566 -29.60303 -29.59819 -29.59085 -29.58075 -29.56764 -29.55186 -29.53441
 -29.51630 -29.49856
 -29.34097 -29.34156 -29.34270 -29.34446 -29.34692 -29.35015 -29.35423 -29.35905
 -29.36436 -29.36989 -29.37537 -29.38052 -29.38508 -29.38877 -29.39132 -29.39247
 -29.39193 -29.38945 -29.38474 -29.37754 -29.36758 -29.35460 -29.33896 -29.32163
 -29.30364 -29.28602
 -29.17638 -29.17702 -29.17821 -29.18002 -29.18254 -29.18582 -29.18995 -29.19483
 -29.20021 -29.20580 -29.21134 -29.21656 -29.22119 -29.22495 -29.22757 -29.22879
 -29.22832 -29.22590 -29.22127 -29.21413 -29.20424 -29.19133 -29.17574 -29.15847
 -29.14054 -29.12298
 -29.07757 -29.07822 -29.07943 -29.08125 -29.08378 -29.08708 -29.09123 -29.09613
 -29.10152 -29.10713 -29.11269 -29.11793 -29.12257 -29.12635 -29.12900 -29.13023
 -29.12979 -29.12740 -29.12279 -29.11568 -29.10581 -29.09293 -29.07737 -29.06014
 -29.04224 -29.02471
 -29.02906 -29.02972 -29.03092 -29.03274 -29.03527 -29.03857 -29.04271 -29.04760
 -29.05298 -29.05858 -29.06413 -29.06936 -29.07399 -29.07776 -29.08040 -29.08163
 -29.08118 -29.07879 -29.07417 -29.06707 -29.05721 -29.04433 -29.02879 -29.01157
 -28.99369 -28.97618
 -29.01524 -29.01590 -29.01710 -29.01892 -29.02145 -29.02474 -29.02887 -29.03375
 -29.03912 -29.04470 -29.05024 -29.05545 -29.06006 -29.06381 -29.06643 -29.06764
 -29.06718 -29.06477 -29.06014 -29.05303 -29.04316 -29.03028 -29.01474 -28.99752
 -28.97964 -28.96214
 -29.02800 -29.02867 -29.02988 -29.03171 -29.03424 -29.03753 -29.04166 -29.04653
 -29.05189 -29.05746 -29.06298 -29.06817 -29.07276 -29.07649 -29.07909 -29.08028
 -29.07979 -29.07736 -29.07272 -29.06559 -29.05571 -29.04282 -29.02727 -29.01005
 -28.99217 -28.97467
 -29.12329 -29.12397 -29.12519 -29.12703 -29.12956 -29.13285 -29.13697 -29.14183
 -29.14717 -29.15272 -29.15821 -29.16336 -29.16792 -29.17161 -29.17417 -29.17531
 -29.17478 -29.17231 -29.16762 -29.16044 -29.15051 -29.13758 -29.12199 -29.10472
 -29.08681 -29.06927
 -29.28220 -29.28286 -29.28405 -29.28587 -29.28837 -29.29164 -29.29573 -29.30057
 -29.30588 -29.31141 -29.31687 -29.32200 -29.32653 -29.33019 -29.33270 -29.33381
 -29.33322 -29.33069 -29.32593 -29.31867 -29.30865 -29.29561 -29.27990 -29.26252
 -29.24447 -29.22680
 -29.38209 -29.38269 -29.38384 -29.38560 -29.38805 -29.39127 -29.39532 -29.40011
 -29.40538 -29.41086 -29.41627 -29.42134 -29.42579 -29.42936 -29.43177 -29.43276
 -29.43203 -29.42934 -29.42439 -29.41692 -29.40666 -29.39335 -29.37735 -29.35964
 -29.34125 -29.32321
 -29.47416 -29.47472 -29.47583 -29.47756 -29.47998 -29.48316 -29.48717 -29.49192
 -29.49714 -29.50256 -29.50790 -29.51289 -29.51726 -29.52072 -29.52301 -29.52384
 -29.52296 -29.52007 -29.51491 -29.50720 -29.49667 -29.48306 -29.46673 -29.44866
 -29.42989 -29.41147
 -29.76586 -29.76642 -29.76753 -29.76925 -29.77167 -29.77485 -29.77886 -29.78361
 -29.78883 -29.79424 -29.79958 -29.80457 -29.80893 -29.81239 -29.81467 -29.81550
 -29.81461 -29.81172 -29.80655 -29.79883 -29.78829 -29.77467 -29.75832 -29.74023
 -29.72145 -29.70301
 -30.06585 -30.06641 -30.06752 -30.06925 -30.07167 -30.07485 -30.07886 -30.08360
 -30.08882 -30.09424 -30.09958 -30.10457 -30.10893 -30.11239 -30.11467 -30.11550
 -30.11461 -30.11171 -30.10655 -30.09883 -30.08828 -30.07466 -30.05831 -30.04023
 -30.02145 -30.00301
 -30.36586 -30.36642 -30.36753 -30.36925 -30.37167 -30.37485 -30.37886 -30.38361
 -30.38883 -30.39425 -30.39958 -30.40457 -30.40893 -30.41239 -30.41467 -30.41551
 -30.41461 -30.41172 -30.40655 -30.39883 -30.38829 -30.37467 -30.35832 -30.34024
 -30.32145 -30.30301
 -30.66585 -30.66641 -30.66752 -30.66925 -30.67166 -30.67484 -30.67886 -30.68360
 -30.68882 -30.69424 -30.69958 -30.70457 -30.70893 -30.71238 -30.71467 -30.71550
 -30.71461 -30.71171 -30.70654 -30.69882 -30.68828 -30.67466 -30.65831 -30.64023
 -30.62145 -30.60301
 -30.96585 -30.96641 -30.96752 -30.96925 -30.97167 -30.97485 -30.97886 -30.98361
 -30.98882 -30.99424 -30.99958 -31.00457 -31.00893 -31.01239 -31.01467 -31.01550
 -31.01461 -31.01171 -31.00655 -30.99883 -30.98829 -30.97466 -30.95831 -30.94023
 -30.92145 -30.90301
 -31.26586 -31.26642 -31.26753 -31.26925 -31.27167 -31.27485 -31.27886 -31.28361
 -31.28883 -31.29424 -31.29958 -31.30457 -31.30893 -31.31239 -31.31467 -31.31550
 -31.31461 -31.31172 -31.30655 -31.29883 -31.28829 -31.27467 -31.25832 -31.24023
 -31.22145 -31.20301
 -31.56585 -31.56641 -31.56752 -31.56925 -31.57167 -31.57485 -31.57886 -31.58360
 -31.58882 -31.59424 -31.59958 -31.60457 -31.60893 -31.61239 -31.61467 -31.61550
 -31.61461 -31.61171 -31.60655 -31.59883 -31.58828 -31.57466 -31.55831 -31.54023
 -31.52145 -31.50301
 -31.86586 -31.86642 -31.86753 -31.86925 -31.87167 -31.87485 -31.87886 -31.88361
 -31.88883 -31.89425 -31.89958 -31.90457 -31.90893 -31.91239 -31.91467 -31.91551
 -31.91461 -31.91172 -31.90655 -31.89883 -31.88829 -31.87467 -31.85832 -31.84024
 -31.82145 -31.80301
 -32.16585 -32.16641 -32.16752 -32.16925 -32.17166 -32.17484 -32.17886 -32.18360
 -32.18882 -32.19424 -32.19958 -32.20457 -32.20893 -32.21238 -32.21467 -32.21550
 -32.21461 -32.21171 -32.20654 -32.19882 -32.18828 -32.17466 -32.15831 -32.14023
 -32.12145 -32.10301
 -32.31586 -32.31642 -32.31753 -32.31925 -32.32167 -32.32485 -32.32886 -32.33361
 -32.33883 -32.34425 -32.34959 -32.35457 -32.35893 -32.36239 -32.36468 -32.36551
 -32.36461 -32.36172 -32.35655 -32.34883 -32.33829 -32.32467 -32.30832 -32.29024
 -32.27145 -32.25301
---------------------/ IPRT= 1  / IGRD= 1  /--------/ Z1= 3   / DATE= 16/11/93
 -28.23020 -28.21725 -28.20271 -28.18640 -28.16813 -28.14773 -28.12502 -28.09983
 -28.07197 -28.04126 -28.00753 -27.97056 -27.93018 -27.88607 -27.83768 -27.78448
 -27.72591 -27.66149 -27.59068 -27.51297 -27.42790 -27.33492 -27.23355 -27.12326
 -27.00343 -26.87352
 -28.31694 -28.30577 -28.29335 -28.27955 -28.26427 -28.24740 -28.22882 -28.20844
 -28.18614 -28.16180 -28.13532 -28.10657 -28.07544 -28.04162 -28.00446 -27.96333
 -27.91758 -27.86657 -27.80969 -27.74629 -27.67577 -27.59749 -27.51083 -27.41514
 -27.30970 -27.19384
 -28.40071 -28.39097 -28.38025 -28.36849 -28.35563 -28.34163 -28.32643 -28.30999
 -28.29224 -28.27314 -28.25264 -28.23067 -28.20718 -28.18188 -28.15406 -28.12305
 -28.08811 -28.04856 -28.00370 -27.95281 -27.89524 -27.83025 -27.75716 -27.67524
 -27.58372 -27.48187
 -28.48377 -28.47539 -28.46625 -28.45632 -28.44560 -28.43408 -28.42174 -28.40857
 -28.39457 -28.37971 -28.36399 -28.34739 -28.32989 -28.31123 -28.29072 -28.26764
 -28.24127 -28.21089 -28.17581 -28.13529 -28.08865 -28.03514 -27.97405 -27.90466
 -27.82616 -27.73783
 -28.56488 -28.55779 -28.55011 -28.54185 -28.53301 -28.52363 -28.51371 -28.50326
 -28.49230 -28.48084 -28.46890 -28.45649 -28.44361 -28.43004 -28.41511 -28.39813
 -28.37842 -28.35528 -28.32803 -28.29598 -28.25844 -28.21472 -28.16411 -28.10591
 -28.03937 -27.96376
 -28.64218 -28.63626 -28.62988 -28.62307 -28.61587 -28.60830 -28.60039 -28.59218
 -28.58370 -28.57497 -28.56602 -28.55689 -28.54760 -28.53794 -28.52731 -28.51506
 -28.50055 -28.48315 -28.46221 -28.43708 -28.40715 -28.37173 -28.33020 -28.28188
 -28.22607 -28.16210
 -28.71383 -28.70888 -28.70360 -28.69802 -28.69217 -28.68611 -28.67987 -28.67350
 -28.66704 -28.66053 -28.65401 -28.64752 -28.64110 -28.63458 -28.62738 -28.61894
 -28.60865 -28.59592 -28.58019 -28.56083 -28.53729 -28.50894 -28.47519 -28.43543
 -28.38901 -28.33531
 -28.78055 -28.77637 -28.77194 -28.76733 -28.76257 -28.75773 -28.75284 -28.74798
 -28.74319 -28.73851 -28.73401 -28.72973 -28.72573 -28.72184 -28.71756 -28.71233
 -28.70561 -28.69685 -28.68553 -28.67107 -28.65294 -28.63059 -28.60344 -28.57094
 -28.53248 -28.48749
 -28.85041 -28.84679 -28.84301 -28.83913 -28.83520 -28.83130 -28.82748 -28.82380
 -28.82033 -28.81713 -28.81426 -28.81178 -28.80975 -28.80803 -28.80614 -28.80356
 -28.79980 -28.79433 -28.78666 -28.77626 -28.76263 -28.74524 -28.72358 -28.69710
 -28.66524 -28.62745
 -28.93279 -28.92956 -28.92622 -28.92286 -28.91953 -28.91632 -28.91327 -28.91048
 -28.90800 -28.90590 -28.90426 -28.90315 -28.90262 -28.90257 -28.90252 -28.90202
 -28.90056 -28.89768 -28.89289 -28.88572 -28.87567 -28.86226 -28.84499 -28.82336
 -28.79683 -28.76488
 -29.02630 -29.02335 -29.02033 -29.01734 -29.01444 -29.01170 -29.00921 -29.00705
 -29.00527 -29.00398 -29.00323 -29.00310 -29.00367 -29.00482 -29.00614 -29.00716
 -29.00743 -29.00649 -29.00390 -28.99920 -28.99193 -28.98163 -28.96783 -28.95004
 -28.92777 -28.90052
 -29.09825 -29.09559 -29.09292 -29.09030 -29.08781 -29.08555 -29.08358 -29.08199
 -29.08087 -29.08027 -29.08030 -29.08102 -29.08252 -29.08469 -29.08714 -29.08943
 -29.09114 -29.09183 -29.09109 -29.08847 -29.08356 -29.07590 -29.06506 -29.05059
 -29.03202 -29.00888
 -29.11026 -29.10807 -29.10591 -29.10384 -29.10196 -29.10035 -29.09909 -29.09825
 -29.09793 -29.09820 -29.09915 -29.10085 -29.10339 -29.10667 -29.11033 -29.11396
 -29.11715 -29.11950 -29.12062 -29.12010 -29.11753 -29.11251 -29.10462 -29.09345
 -29.07857 -29.05953
 -29.03856 -29.03710 -29.03572 -29.03449 -29.03350 -29.03283 -29.03256 -29.03278
 -29.03356 -29.03499 -29.03715 -29.04011 -29.04397 -29.04864 -29.05377 -29.05898
 -29.06390 -29.06816 -29.07138 -29.07319 -29.07321 -29.07107 -29.06638 -29.05877
 -29.04784 -29.03321
 -28.90333 -28.90274 -28.90228 -28.90203 -28.90207 -28.90249 -28.90336 -28.90476
 -28.90678 -28.90950 -28.91299 -28.91734 -28.92262 -28.92877 -28.93545 -28.94233
 -28.94904 -28.95524 -28.96059 -28.96473 -28.96732 -28.96802 -28.96647 -28.96231
 -28.95521 -28.94480
 -28.73301 -28.73326 -28.73369 -28.73438 -28.73542 -28.73687 -28.73883 -28.74136
 -28.74454 -28.74846 -28.75320 -28.75882 -28.76542 -28.77291 -28.78101 -28.78938
 -28.79769 -28.80562 -28.81283 -28.81902 -28.82383 -28.82696 -28.82808 -28.82685
 -28.82296 -28.81607
 -28.55603 -28.55692 -28.55804 -28.55946 -28.56126 -28.56351 -28.56629 -28.56968
 -28.57375 -28.57858 -28.58425 -28.59084 -28.59842 -28.60692 -28.61607 -28.62554
 -28.63502 -28.64420 -28.65276 -28.66040 -28.66679 -28.67163 -28.67461 -28.67540
 -28.67371 -28.66921
 -28.39714 -28.39837 -28.39986 -28.40167 -28.40388 -28.40656 -28.40979 -28.41365
 -28.41820 -28.42354 -28.42972 -28.43683 -28.44494 -28.45399 -28.46369 -28.47375
 -28.48384 -28.49367 -28.50292 -28.51128 -28.51846 -28.52414 -28.52801 -28.52976
 -28.52910 -28.52570
 -28.27057 -28.27193 -28.27355 -28.27551 -28.27788 -28.28074 -28.28415 -28.28819
 -28.29294 -28.29848 -28.30486 -28.31218 -28.32050 -28.32977 -28.33970 -28.34997
 -28.36029 -28.37034 -28.37983 -28.38843 -28.39585 -28.40178 -28.40590 -28.40792
 -28.40752 -28.40440
 -28.18865 -28.19004 -28.19170 -28.19371 -28.19612 -28.19903 -28.20250 -28.20660
 -28.21141 -28.21700 -28.22345 -28.23084 -28.23923 -28.24856 -28.25855 -28.26888
 -28.27926 -28.28937 -28.29889 -28.30754 -28.31498 -28.32093 -28.32505 -28.32706
 -28.32664 -28.32348
 -28.15802 -28.15944 -28.16113 -28.16317 -28.16562 -28.16856 -28.17207 -28.17621
 -28.18106 -28.18670 -28.19320 -28.20064 -28.20907 -28.21846 -28.22850 -28.23889
 -28.24932 -28.25948 -28.26906 -28.27776 -28.28525 -28.29124 -28.29542 -28.29747
 -28.29709 -28.29396
 -28.20673 -28.20817 -28.20987 -28.21192 -28.21438 -28.21734 -28.22086 -28.22503
 -28.22990 -28.23557 -28.24210 -28.24958 -28.25806 -28.26750 -28.27761 -28.28807
 -28.29858 -28.30883 -28.31851 -28.32731 -28.33492 -28.34105 -28.34536 -28.34757
 -28.34736 -28.34442
 -28.33220 -28.33351 -28.33508 -28.33699 -28.33932 -28.34214 -28.34552 -28.34955
 -28.35429 -28.35983 -28.36624 -28.37359 -28.38196 -28.39130 -28.40130 -28.41167
 -28.42210 -28.43226 -28.44187 -28.45060 -28.45816 -28.46422 -28.46849 -28.47065
 -28.47039 -28.46742
 -28.51191 -28.51303 -28.51440 -28.51611 -28.51823 -28.52083 -28.52400 -28.52781
 -28.53234 -28.53765 -28.54384 -28.55097 -28.55912 -28.56822 -28.57801 -28.58815
 -28.59836 -28.60830 -28.61768 -28.62620 -28.63353 -28.63937 -28.64342 -28.64536
 -28.64489 -28.64169
 -28.71260 -28.71345 -28.71455 -28.71597 -28.71779 -28.72008 -28.72292 -28.72639
 -28.73055 -28.73550 -28.74129 -28.74801 -28.75574 -28.76441 -28.77374 -28.78342
 -28.79314 -28.80261 -28.81150 -28.81953 -28.82637 -28.83173 -28.83530 -28.83677
 -28.83584 -28.83221
 -28.82493 -28.82514 -28.82556 -28.82625 -28.82730 -28.82878 -28.83076 -28.83332
 -28.83654 -28.84049 -28.84525 -28.85089 -28.85748 -28.86498 -28.87309 -28.88153
 -28.88999 -28.89817 -28.90578 -28.91251 -28.91806 -28.92214 -28.92445 -28.92469
 -28.92256 -28.91776
 -28.98566 -28.98545 -28.98541 -28.98562 -28.98615 -28.98708 -28.98849 -28.99044
 -28.99302 -28.99631 -29.00036 -29.00527 -29.01110 -29.01781 -29.02511 -29.03270
 -29.04031 -29.04763 -29.05436 -29.06022 -29.06491 -29.06813 -29.06959 -29.06900
 -29.06606 -29.06048
 -29.28567 -29.28546 -29.28542 -29.28562 -29.28616 -29.28709 -29.28849 -29.29045
 -29.29303 -29.29631 -29.30037 -29.30528 -29.31111 -29.31781 -29.32511 -29.33271
 -29.34032 -29.34763 -29.35437 -29.36023 -29.36491 -29.36813 -29.36959 -29.36900
 -29.36606 -29.36049
 -29.58566 -29.58545 -29.58541 -29.58562 -29.58615 -29.58708 -29.58849 -29.59044
 -29.59302 -29.59630 -29.60036 -29.60527 -29.61110 -29.61780 -29.62510 -29.63270
 -29.64031 -29.64763 -29.65436 -29.66022 -29.66490 -29.66813 -29.66959 -29.66899
 -29.66606 -29.66048
 -29.88566 -29.88545 -29.88541 -29.88562 -29.88615 -29.88708 -29.88849 -29.89044
 -29.89303 -29.89631 -29.90036 -29.90527 -29.91110 -29.91781 -29.92511 -29.93271
 -29.94031 -29.94763 -29.95436 -29.96022 -29.96491 -29.96813 -29.96959 -29.96900
 -29.96606 -29.96048
 -30.18567 -30.18545 -30.18541 -30.18562 -30.18615 -30.18709 -30.18849 -30.19045
 -30.19303 -30.19631 -30.20037 -30.20527 -30.21111 -30.21781 -30.22511 -30.23271
 -30.24032 -30.24763 -30.25437 -30.26022 -30.26491 -30.26813 -30.26959 -30.26900
 -30.26606 -30.26048
 -30.48566 -30.48545 -30.48541 -30.48562 -30.48615 -30.48708 -30.48849 -30.49044
 -30.49302 -30.49631 -30.50036 -30.50527 -30.51110 -30.51781 -30.52511 -30.53270
 -30.54031 -30.54763 -30.55436 -30.56022 -30.56491 -30.56813 -30.56959 -30.56900
 -30.56606 -30.56048
 -30.78567 -30.78546 -30.78542 -30.78562 -30.78616 -30.78709 -30.78849 -30.79045
 -30.79303 -30.79631 -30.80037 -30.80528 -30.81111 -30.81781 -30.82511 -30.83271
 -30.84032 -30.84763 -30.85437 -30.86023 -30.86491 -30.86813 -30.86959 -30.86900
 -30.86606 -30.86049
 -31.08566 -31.08545 -31.08541 -31.08562 -31.08615 -31.08708 -31.08849 -31.09044
 -31.09302 -31.09630 -31.10036 -31.10527 -31.11110 -31.11780 -31.12510 -31.13270
 -31.14031 -31.14763 -31.15436 -31.16022 -31.16490 -31.16813 -31.16959 -31.16899
 -31.16606 -31.16048
 -31.23567 -31.23546 -31.23542 -31.23563 -31.23616 -31.23709 -31.23849 -31.24045
 -31.24303 -31.24631 -31.25037 -31.25528 -31.26111 -31.26781 -31.27511 -31.28271
 -31.29032 -31.29764 -31.30437 -31.31023 -31.31491 -31.31813 -31.31959 -31.31900
 -31.31606 -31.31049
---------------------/ IPRT= 1  / IGRD= 1  /--------/ Z1= 4   / DATE= 16/11/93
 -27.32424 -27.31083 -27.29613 -27.27985 -27.26166 -27.24124 -27.21826 -27.19239
 -27.16331 -27.13067 -27.09416 -27.05344 -27.00820 -26.95809 -26.90278 -26.84197
 -26.77529 -26.70245 -26.62313 -26.53697 -26.44373 -26.34302 -26.23459 -26.11811
 -25.99321 -25.85968
 -27.41214 -27.40158 -27.38998 -27.37711 -27.36269 -27.34647 -27.32815 -27.30748
 -27.28418 -27.25797 -27.22858 -27.19575 -27.15919 -27.11865 -27.07382 -27.02447
 -26.97029 -26.91101 -26.84619 -26.77531 -26.69793 -26.61352 -26.52165 -26.42182
 -26.31350 -26.19628
 -27.49557 -27.48709 -27.47773 -27.46730 -27.45561 -27.44246 -27.42763 -27.41092
 -27.39214 -27.37106 -27.34750 -27.32125 -27.29210 -27.25985 -27.22428 -27.18522
 -27.14243 -27.09567 -27.04439 -26.98792 -26.92567 -26.85695 -26.78116 -26.69766
 -26.60576 -26.50489
 -27.57452 -27.56739 -27.55944 -27.55056 -27.54061 -27.52946 -27.51699 -27.50307
 -27.48757 -27.47036 -27.45132 -27.43030 -27.40719 -27.38186 -27.35418 -27.32402
 -27.29124 -27.25564 -27.21658 -27.17328 -27.12498 -27.07089 -27.01027 -26.94233
 -26.86627 -26.78137
 -27.65010 -27.64387 -27.63685 -27.62896 -27.62016 -27.61039 -27.59958 -27.58769
 -27.57465 -27.56041 -27.54490 -27.52807 -27.50987 -27.49024 -27.46911 -27.44643
 -27.42214 -27.39608 -27.36755 -27.33568 -27.29962 -27.25848 -27.21143 -27.15759
 -27.09607 -27.02605
 -27.72345 -27.71794 -27.71167 -27.70461 -27.69677 -27.68814 -27.67872 -27.66851
 -27.65751 -27.64570 -27.63311 -27.61970 -27.60550 -27.59048 -27.57466 -27.55802
 -27.54057 -27.52218 -27.50214 -27.47953 -27.45347 -27.42303 -27.38733 -27.34546
 -27.29649 -27.23956
 -27.79528 -27.79042 -27.78486 -27.77860 -27.77168 -27.76413 -27.75599 -27.74730
 -27.73809 -27.72838 -27.71822 -27.70764 -27.69668 -27.68537 -27.67373 -27.66182
 -27.64966 -27.63716 -27.62362 -27.60814 -27.58984 -27.56782 -27.54118 -27.50905
 -27.47050 -27.42467
 -27.86593 -27.86166 -27.85676 -27.85125 -27.84519 -27.83864 -27.83166 -27.82430
 -27.81662 -27.80868 -27.80055 -27.79226 -27.78390 -27.77550 -27.76713 -27.75885
 -27.75071 -27.74265 -27.73401 -27.72394 -27.71158 -27.69609 -27.67662 -27.65232
 -27.62232 -27.58580
 -27.93572 -27.93199 -27.92769 -27.92285 -27.91756 -27.91189 -27.90590 -27.89968
 -27.89329 -27.88681 -27.88031 -27.87386 -27.86754 -27.86142 -27.85556 -27.85006
 -27.84497 -27.84025 -27.83530 -27.82931 -27.82150 -27.81108 -27.79725 -27.77923
 -27.75621 -27.72742
 -28.00497 -28.00172 -27.99794 -27.99369 -27.98905 -27.98410 -27.97894 -27.97363
 -27.96828 -27.96296 -27.95775 -27.95275 -27.94803 -27.94368 -27.93978 -27.93642
 -27.93368 -27.93154 -27.92943 -27.92662 -27.92237 -27.91595 -27.90662 -27.89366
 -27.87632 -27.85389
 -28.07367 -28.07084 -28.06751 -28.06375 -28.05964 -28.05528 -28.05077 -28.04619
 -28.04165 -28.03723 -28.03304 -28.02915 -28.02568 -28.02270 -28.02032 -28.01863
 -28.01772 -28.01758 -28.01769 -28.01737 -28.01593 -28.01269 -28.00696 -27.99808
 -27.98534 -27.96807
 -28.14157 -28.13910 -28.13616 -28.13280 -28.12914 -28.12526 -28.12128 -28.11730
 -28.11340 -28.10970 -28.10630 -28.10329 -28.10078 -28.09887 -28.09765 -28.09723
 -28.09771 -28.09910 -28.10089 -28.10248 -28.10320 -28.10244 -28.09954 -28.09389
 -28.08483 -28.07175
 -28.20839 -28.20623 -28.20361 -28.20060 -28.19732 -28.19386 -28.19034 -28.18684
 -28.18349 -28.18038 -28.17762 -28.17532 -28.17357 -28.17248 -28.17216 -28.17270
 -28.17423 -28.17673 -28.17978 -28.18278 -28.18513 -28.18625 -28.18555 -28.18243
 -28.17631 -28.16659
 -28.27406 -28.27214 -28.26979 -28.26709 -28.26414 -28.26105 -28.25793 -28.25487
 -28.25199 -28.24938 -28.24716 -28.24542 -28.24428 -28.24383 -28.24419 -28.24545
 -28.24773 -28.25104 -28.25497 -28.25897 -28.26250 -28.26500 -28.26595 -28.26478
 -28.26096 -28.25394
 -28.33851 -28.33679 -28.33468 -28.33225 -28.32961 -28.32685 -28.32409 -28.32142
 -28.31894 -28.31676 -28.31499 -28.31372 -28.31305 -28.31310 -28.31396 -28.31574
 -28.31853 -28.32237 -28.32686 -28.33152 -28.33584 -28.33932 -28.34145 -28.34174
 -28.33968 -28.33478
 -28.40171 -28.40017 -28.39827 -28.39609 -28.39372 -28.39127 -28.38884 -28.38652
 -28.38440 -28.38260 -28.38121 -28.38032 -28.38003 -28.38045 -28.38167 -28.38379
 -28.38691 -28.39105 -28.39587 -28.40091 -28.40571 -28.40981 -28.41276 -28.41409
 -28.41334 -28.41006
 -28.46349 -28.46209 -28.46038 -28.45842 -28.45631 -28.45414 -28.45200 -28.44998
 -28.44819 -28.44670 -28.44562 -28.44504 -28.44505 -28.44574 -28.44720 -28.44953
 -28.45283 -28.45711 -28.46206 -28.46727 -28.47232 -28.47678 -28.48024 -28.48229
 -28.48249 -28.48044
 -28.52354 -28.52227 -28.52071 -28.51894 -28.51704 -28.51511 -28.51321 -28.51145
 -28.50991 -28.50868 -28.50784 -28.50749 -28.50770 -28.50857 -28.51018 -28.51263
 -28.51599 -28.52030 -28.52526 -28.53050 -28.53563 -28.54027 -28.54404 -28.54655
 -28.54743 -28.54630
 -28.58157 -28.58039 -28.57896 -28.57733 -28.57560 -28.57383 -28.57211 -28.57054
 -28.56918 -28.56812 -28.56745 -28.56724 -28.56758 -28.56855 -28.57024 -28.57272
 -28.57608 -28.58035 -28.58525 -28.59045 -28.59558 -28.60030 -28.60426 -28.60709
 -28.60846 -28.60801
 -28.63727 -28.63616 -28.63481 -28.63328 -28.63163 -28.62997 -28.62835 -28.62687
 -28.62561 -28.62464 -28.62404 -28.62390 -28.62429 -28.62530 -28.62700 -28.62947
 -28.63281 -28.63702 -28.64186 -28.64701 -28.65214 -28.65692 -28.66102 -28.66411
 -28.66586 -28.66594
 -28.69015 -28.68909 -28.68779 -28.68630 -28.68471 -28.68308 -28.68150 -28.68006
 -28.67882 -28.67788 -28.67730 -28.67717 -28.67756 -28.67856 -28.68025 -28.68270
 -28.68600 -28.69017 -28.69498 -28.70011 -28.70526 -28.71010 -28.71433 -28.71764
 -28.71970 -28.72021
 -28.78493 -28.78395 -28.78272 -28.78131 -28.77978 -28.77822 -28.77670 -28.77532
 -28.77413 -28.77323 -28.77269 -28.77260 -28.77302 -28.77405 -28.77575 -28.77820
 -28.78150 -28.78566 -28.79046 -28.79562 -28.80084 -28.80582 -28.81027 -28.81389
 -28.81639 -28.81748
 -28.85698 -28.85607 -28.85492 -28.85360 -28.85219 -28.85075 -28.84937 -28.84812
 -28.84708 -28.84633 -28.84594 -28.84598 -28.84654 -28.84768 -28.84950 -28.85205
 -28.85543 -28.85965 -28.86451 -28.86973 -28.87500 -28.88007 -28.88463 -28.88841
 -28.89112 -28.89248
 -28.89480 -28.89391 -28.89280 -28.89153 -28.89016 -28.88878 -28.88746 -28.88627
 -28.88529 -28.88460 -28.88426 -28.88436 -28.88497 -28.88615 -28.88800 -28.89058
 -28.89396 -28.89818 -28.90303 -28.90822 -28.91349 -28.91854 -28.92310 -28.92689
 -28.92963 -28.93104
 -28.91671 -28.91582 -28.91470 -28.91342 -28.91205 -28.91066 -28.90933 -28.90813
 -28.90713 -28.90642 -28.90606 -28.90613 -28.90670 -28.90786 -28.90966 -28.91220
 -28.91554 -28.91970 -28.92449 -28.92963 -28.93484 -28.93983 -28.94434 -28.94807
 -28.95077 -28.95213
 -28.93660 -28.93571 -28.93459 -28.93331 -28.93193 -28.93054 -28.92920 -28.92799
 -28.92699 -28.92627 -28.92590 -28.92596 -28.92652 -28.92766 -28.92946 -28.93198
 -28.93530 -28.93945 -28.94422 -28.94934 -28.95453 -28.95950 -28.96399 -28.96771
 -28.97038 -28.97174
 -28.84147 -28.84057 -28.83946 -28.83817 -28.83680 -28.83540 -28.83406 -28.83286
 -28.83186 -28.83114 -28.83077 -28.83084 -28.83141 -28.83256 -28.83437 -28.83690
 -28.84024 -28.84441 -28.84920 -28.85435 -28.85955 -28.86455 -28.86906 -28.87280
 -28.87549 -28.87685
 -28.76851 -28.76761 -28.76649 -28.76520 -28.76382 -28.76241 -28.76107 -28.75986
 -28.75885 -28.75813 -28.75776 -28.75782 -28.75840 -28.75955 -28.76137 -28.76391
 -28.76727 -28.77146 -28.77627 -28.78144 -28.78667 -28.79170 -28.79622 -28.79998
 -28.80268 -28.80405
 -29.05263 -29.05173 -29.05061 -29.04932 -29.04794 -29.04653 -29.04519 -29.04397
 -29.04297 -29.04224 -29.04188 -29.04194 -29.04252 -29.04367 -29.04549 -29.04803
 -29.05139 -29.05558 -29.06039 -29.06556 -29.07080 -29.07582 -29.08035 -29.08411
 -29.08681 -29.08818
 -29.35264 -29.35174 -29.35061 -29.34932 -29.34794 -29.34654 -29.34519 -29.34398
 -29.34297 -29.34225 -29.34188 -29.34194 -29.34252 -29.34367 -29.34549 -29.34803
 -29.35139 -29.35558 -29.36040 -29.36557 -29.37080 -29.37582 -29.38035 -29.38411
 -29.38681 -29.38818
 -29.65264 -29.65174 -29.65062 -29.64933 -29.64794 -29.64654 -29.64519 -29.64398
 -29.64297 -29.64225 -29.64188 -29.64195 -29.64252 -29.64368 -29.64549 -29.64804
 -29.65139 -29.65558 -29.66040 -29.66557 -29.67080 -29.67582 -29.68035 -29.68411
 -29.68681 -29.68818
 -29.95263 -29.95174 -29.95061 -29.94932 -29.94794 -29.94654 -29.94519 -29.94398
 -29.94297 -29.94225 -29.94188 -29.94194 -29.94252 -29.94367 -29.94549 -29.94803
 -29.95139 -29.95558 -29.96040 -29.96556 -29.97080 -29.97582 -29.98035 -29.98411
 -29.98681 -29.98818
 -30.25264 -30.25174 -30.25062 -30.24933 -30.24794 -30.24654 -30.24520 -30.24398
 -30.24298 -30.24225 -30.24188 -30.24195 -30.24252 -30.24368 -30.24549 -30.24804
 -30.25139 -30.25558 -30.26040 -30.26557 -30.27080 -30.27583 -30.28036 -30.28411
 -30.28682 -30.28818
 -30.55263 -30.55173 -30.55061 -30.54932 -30.54794 -30.54653 -30.54519 -30.54397
 -30.54297 -30.54224 -30.54188 -30.54194 -30.54252 -30.54367 -30.54549 -30.54803
 -30.55139 -30.55558 -30.56039 -30.56556 -30.57080 -30.57582 -30.58035 -30.58411
 -30.58681 -30.58818
 -30.70264 -30.70174 -30.70062 -30.69933 -30.69794 -30.69654 -30.69520 -30.69398
 -30.69298 -30.69225 -30.69188 -30.69195 -30.69252 -30.69368 -30.69549 -30.69804
 -30.70139 -30.70558 -30.71040 -30.71557 -30.72080 -30.72583 -30.73036 -30.73411
 -30.73682 -30.73819
--------------------------------------------------------------------------------
C
C
C     RADIATED POWERS IN UNITS OF W CM**3
C     -----------------------------------
C
C     PREPARED USING CODE JETXLE.IONBAL.FORT(WJD404U)
C
C           WILLIAM J. DICKSON   16/11/93
C-------------------------------------------------------------------------------
 
C---------------------------------------------------------------------------------
C ADAS ADF11 DATA - SCCS info: @(#)$Header: /home/adascvs/adas/adf11/prb93/prb93_be.dat,v 2.1 2004/07/07 00:07:49 whitefor Exp $ Date $Date: 2004/07/07 00:07:49 $
C---------------------------------------------------------------------------------
