* number of heading lines in this data file : 15
* 
* BM 3D coordinates extracted from CASTEM
* Post-proc in Matlab : only reading CASTEM raw data (for checking) and write concatenate ascii files - no modifications of X,Y,Z coordinates
* Date CASTEM calculations : 15/03/2011
* Date Matlab post-processing data : 15/03/2011
* Files can be found in : C:\CASTEM_FW.BM coordinates for Steve. march. 2011 (bis) -  whole column - def
* Modif compared to latest version : - 
* 
* FIRST WALL GEOMETRY:
* Reference design November 2009 - slightly adjusted in January 2010 (CATIA skeleton post-Blanket CDR)
* Spatial resolution corresponds to resolution used for previous FLT CASTEM calculations => definition of (rho,S) grid for DIVIMP (2010)
* 
* DATA
*   nºnode  nºelem  X(m)    Y(m)    Z(m) 
  1.000   1.000   5.225  -0.059   4.694
  2.000   1.000   5.399  -0.089   4.656
  3.000   1.000   5.410  -0.091   4.710
  4.000   1.000   5.236  -0.061   4.747
  5.000   2.000   5.051  -0.028   4.731
  6.000   2.000   5.225  -0.059   4.694
  7.000   2.000   5.236  -0.061   4.747
  8.000   2.000   5.062  -0.030   4.785
  9.000   3.000   5.033  -0.025   4.747
 10.000   3.000   5.051  -0.028   4.731
 11.000   3.000   5.062  -0.030   4.785
 12.000   3.000   5.044  -0.027   4.801
 13.000   4.000   5.015  -0.022   4.764
 14.000   4.000   5.033  -0.025   4.747
 15.000   4.000   5.044  -0.027   4.801
 16.000   4.000   5.026  -0.024   4.818
 17.000   5.000   5.002  -0.019   4.802
 18.000   5.000   5.015  -0.022   4.764
 19.000   5.000   5.026  -0.024   4.818
 20.000   5.000   5.013  -0.021   4.856
 21.000   6.000   4.999  -0.019   4.812
 22.000   6.000   5.002  -0.019   4.802
 23.000   6.000   5.013  -0.021   4.856
 24.000   6.000   5.010  -0.021   4.865
 25.000   7.000   4.998  -0.024   4.810
 26.000   7.000   4.999  -0.019   4.812
 27.000   7.000   5.010  -0.021   4.865
 28.000   7.000   5.009  -0.026   4.864
 29.000   8.000   4.956  -0.222   4.778
 30.000   8.000   4.998  -0.024   4.810
 31.000   8.000   5.009  -0.026   4.864
 32.000   8.000   4.967  -0.224   4.832
 33.000   9.000   4.918  -0.421   4.763
 34.000   9.000   4.956  -0.222   4.778
 35.000   9.000   4.967  -0.224   4.832
 36.000   9.000   4.929  -0.423   4.817
 37.000  10.000   4.887  -0.621   4.785
 38.000  10.000   4.918  -0.421   4.763
 39.000  10.000   4.929  -0.423   4.817
 40.000  10.000   4.898  -0.623   4.838
 41.000  11.000   4.860  -0.821   4.824
 42.000  11.000   4.887  -0.621   4.785
 43.000  11.000   4.898  -0.623   4.838
 44.000  11.000   4.871  -0.823   4.878
 45.000  12.000   4.860  -0.826   4.825
 46.000  12.000   4.860  -0.821   4.824
 47.000  12.000   4.871  -0.823   4.878
 48.000  12.000   4.871  -0.828   4.879
 49.000  13.000   4.854  -0.856   4.825
 50.000  13.000   4.860  -0.826   4.825
 51.000  13.000   4.871  -0.828   4.879
 52.000  13.000   4.866  -0.858   4.879
 53.000  14.000   5.224  -0.058   4.689
 54.000  14.000   5.398  -0.089   4.652
 55.000  14.000   5.399  -0.089   4.656
 56.000  14.000   5.225  -0.059   4.694
 57.000  15.000   5.050  -0.028   4.726
 58.000  15.000   5.224  -0.058   4.689
 59.000  15.000   5.225  -0.059   4.694
 60.000  15.000   5.051  -0.028   4.731
 61.000  16.000   5.032  -0.025   4.743
 62.000  16.000   5.050  -0.028   4.726
 63.000  16.000   5.051  -0.028   4.731
 64.000  16.000   5.033  -0.025   4.747
 65.000  17.000   5.013  -0.021   4.759
 66.000  17.000   5.032  -0.025   4.743
 67.000  17.000   5.033  -0.025   4.747
 68.000  17.000   5.015  -0.022   4.764
 69.000  18.000   5.001  -0.019   4.797
 70.000  18.000   5.013  -0.021   4.759
 71.000  18.000   5.015  -0.022   4.764
 72.000  18.000   5.002  -0.019   4.802
 73.000  19.000   4.998  -0.019   4.807
 74.000  19.000   5.001  -0.019   4.797
 75.000  19.000   5.002  -0.019   4.802
 76.000  19.000   4.999  -0.019   4.812
 77.000  20.000   4.997  -0.024   4.805
 78.000  20.000   4.998  -0.019   4.807
 79.000  20.000   4.999  -0.019   4.812
 80.000  20.000   4.998  -0.024   4.810
 81.000  21.000   4.955  -0.222   4.773
 82.000  21.000   4.997  -0.024   4.805
 83.000  21.000   4.998  -0.024   4.810
 84.000  21.000   4.956  -0.222   4.778
 85.000  22.000   4.917  -0.420   4.758
 86.000  22.000   4.955  -0.222   4.773
 87.000  22.000   4.956  -0.222   4.778
 88.000  22.000   4.918  -0.421   4.763
 89.000  23.000   4.886  -0.621   4.780
 90.000  23.000   4.917  -0.420   4.758
 91.000  23.000   4.918  -0.421   4.763
 92.000  23.000   4.887  -0.621   4.785
 93.000  24.000   4.859  -0.821   4.819
 94.000  24.000   4.886  -0.621   4.780
 95.000  24.000   4.887  -0.621   4.785
 96.000  24.000   4.860  -0.821   4.824
 97.000  25.000   4.859  -0.826   4.821
 98.000  25.000   4.859  -0.821   4.819
 99.000  25.000   4.860  -0.821   4.824
100.000  25.000   4.860  -0.826   4.825
101.000  26.000   4.854  -0.856   4.821
102.000  26.000   4.859  -0.826   4.821
103.000  26.000   4.860  -0.826   4.825
104.000  26.000   4.854  -0.856   4.825
105.000  27.000   4.856  -0.856   4.811
106.000  27.000   4.862  -0.827   4.811
107.000  27.000   4.859  -0.826   4.821
108.000  27.000   4.854  -0.856   4.821
109.000  28.000   4.869  -0.859   4.773
110.000  28.000   4.874  -0.829   4.773
111.000  28.000   4.862  -0.827   4.811
112.000  28.000   4.856  -0.856   4.811
113.000  29.000   4.887  -0.862   4.756
114.000  29.000   4.892  -0.832   4.756
115.000  29.000   4.874  -0.829   4.773
116.000  29.000   4.869  -0.859   4.773
117.000  30.000   4.905  -0.865   4.740
118.000  30.000   4.911  -0.835   4.740
119.000  30.000   4.892  -0.832   4.756
120.000  30.000   4.887  -0.862   4.756
121.000  31.000   5.079  -0.896   4.702
122.000  31.000   5.084  -0.866   4.702
123.000  31.000   4.911  -0.835   4.740
124.000  31.000   4.905  -0.865   4.740
125.000  32.000   5.253  -0.926   4.665
126.000  32.000   5.258  -0.897   4.665
127.000  32.000   5.084  -0.866   4.702
128.000  32.000   5.079  -0.896   4.702
129.000  33.000   5.000  -0.024   4.796
130.000  33.000   5.001  -0.019   4.797
131.000  33.000   4.998  -0.019   4.807
132.000  33.000   4.997  -0.024   4.805
133.000  34.000   5.012  -0.026   4.758
134.000  34.000   5.013  -0.021   4.759
135.000  34.000   5.001  -0.019   4.797
136.000  34.000   5.000  -0.024   4.796
137.000  35.000   5.031  -0.030   4.741
138.000  35.000   5.032  -0.025   4.743
139.000  35.000   5.013  -0.021   4.759
140.000  35.000   5.012  -0.026   4.758
141.000  36.000   5.049  -0.033   4.724
142.000  36.000   5.050  -0.028   4.726
143.000  36.000   5.032  -0.025   4.743
144.000  36.000   5.031  -0.030   4.741
145.000  37.000   5.223  -0.063   4.687
146.000  37.000   5.224  -0.058   4.689
147.000  37.000   5.050  -0.028   4.726
148.000  37.000   5.049  -0.033   4.724
149.000  38.000   5.396  -0.094   4.650
150.000  38.000   5.398  -0.089   4.652
151.000  38.000   5.224  -0.058   4.689
152.000  38.000   5.223  -0.063   4.687
153.000  39.000   4.958  -0.222   4.763
154.000  39.000   5.000  -0.024   4.796
155.000  39.000   4.997  -0.024   4.805
156.000  39.000   4.955  -0.222   4.773
157.000  40.000   4.920  -0.421   4.749
158.000  40.000   4.958  -0.222   4.763
159.000  40.000   4.955  -0.222   4.773
160.000  40.000   4.917  -0.420   4.758
161.000  41.000   4.889  -0.621   4.770
162.000  41.000   4.920  -0.421   4.749
163.000  41.000   4.917  -0.420   4.758
164.000  41.000   4.886  -0.621   4.780
165.000  42.000   4.862  -0.822   4.809
166.000  42.000   4.889  -0.621   4.770
167.000  42.000   4.886  -0.621   4.780
168.000  42.000   4.859  -0.821   4.819
169.000  43.000   4.970  -0.224   4.725
170.000  43.000   5.012  -0.026   4.758
171.000  43.000   5.000  -0.024   4.796
172.000  43.000   4.958  -0.222   4.763
173.000  44.000   4.932  -0.423   4.711
174.000  44.000   4.970  -0.224   4.725
175.000  44.000   4.958  -0.222   4.763
176.000  44.000   4.920  -0.421   4.749
177.000  45.000   4.902  -0.623   4.732
178.000  45.000   4.932  -0.423   4.711
179.000  45.000   4.920  -0.421   4.749
180.000  45.000   4.889  -0.621   4.770
181.000  46.000   4.875  -0.824   4.771
182.000  46.000   4.902  -0.623   4.732
183.000  46.000   4.889  -0.621   4.770
184.000  46.000   4.862  -0.822   4.809
185.000  47.000   4.989  -0.228   4.709
186.000  47.000   5.031  -0.030   4.741
187.000  47.000   5.012  -0.026   4.758
188.000  47.000   4.970  -0.224   4.725
189.000  48.000   4.950  -0.426   4.694
190.000  48.000   4.989  -0.228   4.709
191.000  48.000   4.970  -0.224   4.725
192.000  48.000   4.932  -0.423   4.711
193.000  49.000   4.920  -0.626   4.715
194.000  49.000   4.950  -0.426   4.694
195.000  49.000   4.932  -0.423   4.711
196.000  49.000   4.902  -0.623   4.732
197.000  50.000   4.893  -0.827   4.755
198.000  50.000   4.920  -0.626   4.715
199.000  50.000   4.902  -0.623   4.732
200.000  50.000   4.875  -0.824   4.771
201.000  51.000   5.007  -0.231   4.692
202.000  51.000   5.049  -0.033   4.724
203.000  51.000   5.031  -0.030   4.741
204.000  51.000   4.989  -0.228   4.709
205.000  52.000   4.969  -0.430   4.677
206.000  52.000   5.007  -0.231   4.692
207.000  52.000   4.989  -0.228   4.709
208.000  52.000   4.950  -0.426   4.694
209.000  53.000   4.938  -0.630   4.699
210.000  53.000   4.969  -0.430   4.677
211.000  53.000   4.950  -0.426   4.694
212.000  53.000   4.920  -0.626   4.715
213.000  54.000   4.911  -0.830   4.738
214.000  54.000   4.938  -0.630   4.699
215.000  54.000   4.920  -0.626   4.715
216.000  54.000   4.893  -0.827   4.755
217.000  55.000   5.181  -0.261   4.655
218.000  55.000   5.223  -0.063   4.687
219.000  55.000   5.049  -0.033   4.724
220.000  55.000   5.007  -0.231   4.692
221.000  56.000   5.143  -0.460   4.640
222.000  56.000   5.181  -0.261   4.655
223.000  56.000   5.007  -0.231   4.692
224.000  56.000   4.969  -0.430   4.677
225.000  57.000   5.112  -0.660   4.662
226.000  57.000   5.143  -0.460   4.640
227.000  57.000   4.969  -0.430   4.677
228.000  57.000   4.938  -0.630   4.699
229.000  58.000   5.085  -0.861   4.701
230.000  58.000   5.112  -0.660   4.662
231.000  58.000   4.938  -0.630   4.699
232.000  58.000   4.911  -0.830   4.738
233.000  59.000   5.354  -0.292   4.618
234.000  59.000   5.396  -0.094   4.650
235.000  59.000   5.223  -0.063   4.687
236.000  59.000   5.181  -0.261   4.655
237.000  60.000   5.316  -0.491   4.603
238.000  60.000   5.354  -0.292   4.618
239.000  60.000   5.181  -0.261   4.655
240.000  60.000   5.143  -0.460   4.640
241.000  61.000   5.286  -0.691   4.624
242.000  61.000   5.316  -0.491   4.603
243.000  61.000   5.143  -0.460   4.640
244.000  61.000   5.112  -0.660   4.662
245.000  62.000   5.259  -0.892   4.664
246.000  62.000   5.286  -0.691   4.624
247.000  62.000   5.112  -0.660   4.662
248.000  62.000   5.085  -0.861   4.701
249.000  63.000   4.862  -0.827   4.811
250.000  63.000   4.862  -0.822   4.809
251.000  63.000   4.859  -0.821   4.819
252.000  63.000   4.859  -0.826   4.821
253.000  64.000   4.874  -0.829   4.773
254.000  64.000   4.875  -0.824   4.771
255.000  64.000   4.862  -0.822   4.809
256.000  64.000   4.862  -0.827   4.811
257.000  65.000   4.892  -0.832   4.756
258.000  65.000   4.893  -0.827   4.755
259.000  65.000   4.875  -0.824   4.771
260.000  65.000   4.874  -0.829   4.773
261.000  66.000   4.911  -0.835   4.740
262.000  66.000   4.911  -0.830   4.738
263.000  66.000   4.893  -0.827   4.755
264.000  66.000   4.892  -0.832   4.756
265.000  67.000   5.084  -0.866   4.702
266.000  67.000   5.085  -0.861   4.701
267.000  67.000   4.911  -0.830   4.738
268.000  67.000   4.911  -0.835   4.740
269.000  68.000   5.258  -0.897   4.665
270.000  68.000   5.259  -0.892   4.664
271.000  68.000   5.085  -0.861   4.701
272.000  68.000   5.084  -0.866   4.702
273.000  69.000   5.572  -0.120   4.619
274.000  69.000   5.399  -0.089   4.656
275.000  69.000   5.410  -0.091   4.710
276.000  69.000   5.583  -0.122   4.673
277.000  70.000   5.746  -0.151   4.582
278.000  70.000   5.572  -0.120   4.619
279.000  70.000   5.583  -0.122   4.673
280.000  70.000   5.757  -0.153   4.636
281.000  71.000   5.769  -0.155   4.590
282.000  71.000   5.746  -0.151   4.582
283.000  71.000   5.757  -0.153   4.636
284.000  71.000   5.781  -0.157   4.644
285.000  72.000   5.793  -0.159   4.598
286.000  72.000   5.769  -0.155   4.590
287.000  72.000   5.781  -0.157   4.644
288.000  72.000   5.804  -0.161   4.651
289.000  73.000   5.819  -0.163   4.627
290.000  73.000   5.793  -0.159   4.598
291.000  73.000   5.804  -0.161   4.651
292.000  73.000   5.830  -0.165   4.681
293.000  74.000   5.826  -0.165   4.635
294.000  74.000   5.819  -0.163   4.627
295.000  74.000   5.830  -0.165   4.681
296.000  74.000   5.837  -0.167   4.689
297.000  75.000   5.824  -0.169   4.633
298.000  75.000   5.826  -0.165   4.635
299.000  75.000   5.837  -0.167   4.689
300.000  75.000   5.836  -0.171   4.687
301.000  76.000   5.783  -0.368   4.601
302.000  76.000   5.824  -0.169   4.633
303.000  76.000   5.836  -0.171   4.687
304.000  76.000   5.794  -0.370   4.655
305.000  77.000   5.744  -0.566   4.586
306.000  77.000   5.783  -0.368   4.601
307.000  77.000   5.794  -0.370   4.655
308.000  77.000   5.756  -0.568   4.640
309.000  78.000   5.714  -0.766   4.608
310.000  78.000   5.744  -0.566   4.586
311.000  78.000   5.756  -0.568   4.640
312.000  78.000   5.725  -0.768   4.661
313.000  79.000   5.687  -0.967   4.647
314.000  79.000   5.714  -0.766   4.608
315.000  79.000   5.725  -0.768   4.661
316.000  79.000   5.698  -0.969   4.701
317.000  80.000   5.686  -0.972   4.648
318.000  80.000   5.687  -0.967   4.647
319.000  80.000   5.698  -0.969   4.701
320.000  80.000   5.697  -0.974   4.702
321.000  81.000   5.681  -1.002   4.649
322.000  81.000   5.686  -0.972   4.648
323.000  81.000   5.697  -0.974   4.702
324.000  81.000   5.692  -1.004   4.702
325.000  82.000   5.571  -0.120   4.614
326.000  82.000   5.398  -0.089   4.652
327.000  82.000   5.399  -0.089   4.656
328.000  82.000   5.572  -0.120   4.619
329.000  83.000   5.745  -0.150   4.577
330.000  83.000   5.571  -0.120   4.614
331.000  83.000   5.572  -0.120   4.619
332.000  83.000   5.746  -0.151   4.582
333.000  84.000   5.768  -0.155   4.585
334.000  84.000   5.745  -0.150   4.577
335.000  84.000   5.746  -0.151   4.582
336.000  84.000   5.769  -0.155   4.590
337.000  85.000   5.792  -0.159   4.593
338.000  85.000   5.768  -0.155   4.585
339.000  85.000   5.769  -0.155   4.590
340.000  85.000   5.793  -0.159   4.598
341.000  86.000   5.818  -0.163   4.622
342.000  86.000   5.792  -0.159   4.593
343.000  86.000   5.793  -0.159   4.598
344.000  86.000   5.819  -0.163   4.627
345.000  87.000   5.825  -0.164   4.630
346.000  87.000   5.818  -0.163   4.622
347.000  87.000   5.819  -0.163   4.627
348.000  87.000   5.826  -0.165   4.635
349.000  88.000   5.824  -0.169   4.628
350.000  88.000   5.825  -0.164   4.630
351.000  88.000   5.826  -0.165   4.635
352.000  88.000   5.824  -0.169   4.633
353.000  89.000   5.782  -0.367   4.596
354.000  89.000   5.824  -0.169   4.628
355.000  89.000   5.824  -0.169   4.633
356.000  89.000   5.783  -0.368   4.601
357.000  90.000   5.743  -0.566   4.581
358.000  90.000   5.782  -0.367   4.596
359.000  90.000   5.783  -0.368   4.601
360.000  90.000   5.744  -0.566   4.586
361.000  91.000   5.713  -0.766   4.603
362.000  91.000   5.743  -0.566   4.581
363.000  91.000   5.744  -0.566   4.586
364.000  91.000   5.714  -0.766   4.608
365.000  92.000   5.686  -0.967   4.642
366.000  92.000   5.713  -0.766   4.603
367.000  92.000   5.714  -0.766   4.608
368.000  92.000   5.687  -0.967   4.647
369.000  93.000   5.685  -0.972   4.644
370.000  93.000   5.686  -0.967   4.642
371.000  93.000   5.687  -0.967   4.647
372.000  93.000   5.686  -0.972   4.648
373.000  94.000   5.680  -1.002   4.644
374.000  94.000   5.685  -0.972   4.644
375.000  94.000   5.686  -0.972   4.648
376.000  94.000   5.681  -1.002   4.649
377.000  95.000   5.673  -1.000   4.636
378.000  95.000   5.679  -0.971   4.636
379.000  95.000   5.685  -0.972   4.644
380.000  95.000   5.680  -1.002   4.644
381.000  96.000   5.647  -0.996   4.606
382.000  96.000   5.652  -0.966   4.606
383.000  96.000   5.679  -0.971   4.636
384.000  96.000   5.673  -1.000   4.636
385.000  97.000   5.624  -0.992   4.599
386.000  97.000   5.629  -0.962   4.599
387.000  97.000   5.652  -0.966   4.606
388.000  97.000   5.647  -0.996   4.606
389.000  98.000   5.600  -0.987   4.591
390.000  98.000   5.606  -0.958   4.591
391.000  98.000   5.629  -0.962   4.599
392.000  98.000   5.624  -0.992   4.599
393.000  99.000   5.427  -0.957   4.628
394.000  99.000   5.432  -0.927   4.628
395.000  99.000   5.606  -0.958   4.591
396.000  99.000   5.600  -0.987   4.591
397.000 100.000   5.253  -0.926   4.665
398.000 100.000   5.258  -0.897   4.665
399.000 100.000   5.432  -0.927   4.628
400.000 100.000   5.427  -0.957   4.628
401.000 101.000   5.817  -0.168   4.621
402.000 101.000   5.818  -0.163   4.622
403.000 101.000   5.825  -0.164   4.630
404.000 101.000   5.824  -0.169   4.628
405.000 102.000   5.791  -0.164   4.591
406.000 102.000   5.792  -0.159   4.593
407.000 102.000   5.818  -0.163   4.622
408.000 102.000   5.817  -0.168   4.621
409.000 103.000   5.767  -0.159   4.583
410.000 103.000   5.768  -0.155   4.585
411.000 103.000   5.792  -0.159   4.593
412.000 103.000   5.791  -0.164   4.591
413.000 104.000   5.744  -0.155   4.576
414.000 104.000   5.745  -0.150   4.577
415.000 104.000   5.768  -0.155   4.585
416.000 104.000   5.767  -0.159   4.583
417.000 105.000   5.570  -0.125   4.613
418.000 105.000   5.571  -0.120   4.614
419.000 105.000   5.745  -0.150   4.577
420.000 105.000   5.744  -0.155   4.576
421.000 106.000   5.396  -0.094   4.650
422.000 106.000   5.398  -0.089   4.652
423.000 106.000   5.571  -0.120   4.614
424.000 106.000   5.570  -0.125   4.613
425.000 107.000   5.775  -0.366   4.588
426.000 107.000   5.817  -0.168   4.621
427.000 107.000   5.824  -0.169   4.628
428.000 107.000   5.782  -0.367   4.596
429.000 108.000   5.737  -0.565   4.574
430.000 108.000   5.775  -0.366   4.588
431.000 108.000   5.782  -0.367   4.596
432.000 108.000   5.743  -0.566   4.581
433.000 109.000   5.706  -0.765   4.595
434.000 109.000   5.737  -0.565   4.574
435.000 109.000   5.743  -0.566   4.581
436.000 109.000   5.713  -0.766   4.603
437.000 110.000   5.679  -0.966   4.635
438.000 110.000   5.706  -0.765   4.595
439.000 110.000   5.713  -0.766   4.603
440.000 110.000   5.686  -0.967   4.642
441.000 111.000   5.749  -0.362   4.559
442.000 111.000   5.791  -0.164   4.591
443.000 111.000   5.817  -0.168   4.621
444.000 111.000   5.775  -0.366   4.588
445.000 112.000   5.710  -0.560   4.544
446.000 112.000   5.749  -0.362   4.559
447.000 112.000   5.775  -0.366   4.588
448.000 112.000   5.737  -0.565   4.574
449.000 113.000   5.680  -0.760   4.566
450.000 113.000   5.710  -0.560   4.544
451.000 113.000   5.737  -0.565   4.574
452.000 113.000   5.706  -0.765   4.595
453.000 114.000   5.653  -0.961   4.605
454.000 114.000   5.680  -0.760   4.566
455.000 114.000   5.706  -0.765   4.595
456.000 114.000   5.679  -0.966   4.635
457.000 115.000   5.725  -0.357   4.551
458.000 115.000   5.767  -0.159   4.583
459.000 115.000   5.791  -0.164   4.591
460.000 115.000   5.749  -0.362   4.559
461.000 116.000   5.687  -0.556   4.536
462.000 116.000   5.725  -0.357   4.551
463.000 116.000   5.749  -0.362   4.559
464.000 116.000   5.710  -0.560   4.544
465.000 117.000   5.656  -0.756   4.558
466.000 117.000   5.687  -0.556   4.536
467.000 117.000   5.710  -0.560   4.544
468.000 117.000   5.680  -0.760   4.566
469.000 118.000   5.629  -0.957   4.597
470.000 118.000   5.656  -0.756   4.558
471.000 118.000   5.680  -0.760   4.566
472.000 118.000   5.653  -0.961   4.605
473.000 119.000   5.702  -0.353   4.543
474.000 119.000   5.744  -0.155   4.576
475.000 119.000   5.767  -0.159   4.583
476.000 119.000   5.725  -0.357   4.551
477.000 120.000   5.664  -0.552   4.529
478.000 120.000   5.702  -0.353   4.543
479.000 120.000   5.725  -0.357   4.551
480.000 120.000   5.687  -0.556   4.536
481.000 121.000   5.633  -0.752   4.550
482.000 121.000   5.664  -0.552   4.529
483.000 121.000   5.687  -0.556   4.536
484.000 121.000   5.656  -0.756   4.558
485.000 122.000   5.606  -0.953   4.589
486.000 122.000   5.633  -0.752   4.550
487.000 122.000   5.656  -0.756   4.558
488.000 122.000   5.629  -0.957   4.597
489.000 123.000   5.528  -0.323   4.580
490.000 123.000   5.570  -0.125   4.613
491.000 123.000   5.744  -0.155   4.576
492.000 123.000   5.702  -0.353   4.543
493.000 124.000   5.490  -0.521   4.566
494.000 124.000   5.528  -0.323   4.580
495.000 124.000   5.702  -0.353   4.543
496.000 124.000   5.664  -0.552   4.529
497.000 125.000   5.459  -0.722   4.587
498.000 125.000   5.490  -0.521   4.566
499.000 125.000   5.664  -0.552   4.529
500.000 125.000   5.633  -0.752   4.550
501.000 126.000   5.432  -0.922   4.626
502.000 126.000   5.459  -0.722   4.587
503.000 126.000   5.633  -0.752   4.550
504.000 126.000   5.606  -0.953   4.589
505.000 127.000   5.354  -0.292   4.618
506.000 127.000   5.396  -0.094   4.650
507.000 127.000   5.570  -0.125   4.613
508.000 127.000   5.528  -0.323   4.580
509.000 128.000   5.316  -0.491   4.603
510.000 128.000   5.354  -0.292   4.618
511.000 128.000   5.528  -0.323   4.580
512.000 128.000   5.490  -0.521   4.566
513.000 129.000   5.286  -0.691   4.624
514.000 129.000   5.316  -0.491   4.603
515.000 129.000   5.490  -0.521   4.566
516.000 129.000   5.459  -0.722   4.587
517.000 130.000   5.259  -0.892   4.664
518.000 130.000   5.286  -0.691   4.624
519.000 130.000   5.459  -0.722   4.587
520.000 130.000   5.432  -0.922   4.626
521.000 131.000   5.679  -0.971   4.636
522.000 131.000   5.679  -0.966   4.635
523.000 131.000   5.686  -0.967   4.642
524.000 131.000   5.685  -0.972   4.644
525.000 132.000   5.652  -0.966   4.606
526.000 132.000   5.653  -0.961   4.605
527.000 132.000   5.679  -0.966   4.635
528.000 132.000   5.679  -0.971   4.636
529.000 133.000   5.629  -0.962   4.599
530.000 133.000   5.629  -0.957   4.597
531.000 133.000   5.653  -0.961   4.605
532.000 133.000   5.652  -0.966   4.606
533.000 134.000   5.606  -0.958   4.591
534.000 134.000   5.606  -0.953   4.589
535.000 134.000   5.629  -0.957   4.597
536.000 134.000   5.629  -0.962   4.599
537.000 135.000   5.432  -0.927   4.628
538.000 135.000   5.432  -0.922   4.626
539.000 135.000   5.606  -0.953   4.589
540.000 135.000   5.606  -0.958   4.591
541.000 136.000   5.258  -0.897   4.665
542.000 136.000   5.259  -0.892   4.664
543.000 136.000   5.432  -0.922   4.626
544.000 136.000   5.432  -0.927   4.628
545.000 137.000   4.930  -1.732   4.694
546.000 137.000   5.104  -1.763   4.656
547.000 137.000   5.115  -1.765   4.710
548.000 137.000   4.941  -1.734   4.747
549.000 138.000   4.756  -1.701   4.731
550.000 138.000   4.930  -1.732   4.694
551.000 138.000   4.941  -1.734   4.747
552.000 138.000   4.767  -1.703   4.785
553.000 139.000   4.738  -1.698   4.747
554.000 139.000   4.756  -1.701   4.731
555.000 139.000   4.767  -1.703   4.785
556.000 139.000   4.749  -1.700   4.801
557.000 140.000   4.719  -1.695   4.764
558.000 140.000   4.738  -1.698   4.747
559.000 140.000   4.749  -1.700   4.801
560.000 140.000   4.731  -1.697   4.818
561.000 141.000   4.707  -1.693   4.802
562.000 141.000   4.719  -1.695   4.764
563.000 141.000   4.731  -1.697   4.818
564.000 141.000   4.718  -1.695   4.856
565.000 142.000   4.704  -1.692   4.812
566.000 142.000   4.707  -1.693   4.802
567.000 142.000   4.718  -1.695   4.856
568.000 142.000   4.715  -1.694   4.865
569.000 143.000   4.705  -1.687   4.810
570.000 143.000   4.704  -1.692   4.812
571.000 143.000   4.715  -1.694   4.865
572.000 143.000   4.716  -1.689   4.864
573.000 144.000   4.733  -1.487   4.778
574.000 144.000   4.705  -1.687   4.810
575.000 144.000   4.716  -1.689   4.864
576.000 144.000   4.744  -1.489   4.832
577.000 145.000   4.765  -1.287   4.763
578.000 145.000   4.733  -1.487   4.778
579.000 145.000   4.744  -1.489   4.832
580.000 145.000   4.776  -1.289   4.817
581.000 146.000   4.805  -1.088   4.785
582.000 146.000   4.765  -1.287   4.763
583.000 146.000   4.776  -1.289   4.817
584.000 146.000   4.816  -1.090   4.838
585.000 147.000   4.848  -0.890   4.824
586.000 147.000   4.805  -1.088   4.785
587.000 147.000   4.816  -1.090   4.838
588.000 147.000   4.859  -0.892   4.878
589.000 148.000   4.849  -0.886   4.825
590.000 148.000   4.848  -0.890   4.824
591.000 148.000   4.859  -0.892   4.878
592.000 148.000   4.861  -0.887   4.879
593.000 149.000   4.854  -0.856   4.825
594.000 149.000   4.849  -0.886   4.825
595.000 149.000   4.861  -0.887   4.879
596.000 149.000   4.866  -0.858   4.879
597.000 150.000   4.929  -1.732   4.689
598.000 150.000   5.103  -1.762   4.652
599.000 150.000   5.104  -1.763   4.656
600.000 150.000   4.930  -1.732   4.694
601.000 151.000   4.755  -1.701   4.726
602.000 151.000   4.929  -1.732   4.689
603.000 151.000   4.930  -1.732   4.694
604.000 151.000   4.756  -1.701   4.731
605.000 152.000   4.737  -1.698   4.743
606.000 152.000   4.755  -1.701   4.726
607.000 152.000   4.756  -1.701   4.731
608.000 152.000   4.738  -1.698   4.747
609.000 153.000   4.718  -1.695   4.759
610.000 153.000   4.737  -1.698   4.743
611.000 153.000   4.738  -1.698   4.747
612.000 153.000   4.719  -1.695   4.764
613.000 154.000   4.706  -1.692   4.797
614.000 154.000   4.718  -1.695   4.759
615.000 154.000   4.719  -1.695   4.764
616.000 154.000   4.707  -1.693   4.802
617.000 155.000   4.703  -1.692   4.807
618.000 155.000   4.706  -1.692   4.797
619.000 155.000   4.707  -1.693   4.802
620.000 155.000   4.704  -1.692   4.812
621.000 156.000   4.704  -1.687   4.805
622.000 156.000   4.703  -1.692   4.807
623.000 156.000   4.704  -1.692   4.812
624.000 156.000   4.705  -1.687   4.810
625.000 157.000   4.732  -1.486   4.773
626.000 157.000   4.704  -1.687   4.805
627.000 157.000   4.705  -1.687   4.810
628.000 157.000   4.733  -1.487   4.778
629.000 158.000   4.764  -1.287   4.758
630.000 158.000   4.732  -1.486   4.773
631.000 158.000   4.733  -1.487   4.778
632.000 158.000   4.765  -1.287   4.763
633.000 159.000   4.804  -1.088   4.780
634.000 159.000   4.764  -1.287   4.758
635.000 159.000   4.765  -1.287   4.763
636.000 159.000   4.805  -1.088   4.785
637.000 160.000   4.847  -0.890   4.819
638.000 160.000   4.804  -1.088   4.780
639.000 160.000   4.805  -1.088   4.785
640.000 160.000   4.848  -0.890   4.824
641.000 161.000   4.848  -0.885   4.821
642.000 161.000   4.847  -0.890   4.819
643.000 161.000   4.848  -0.890   4.824
644.000 161.000   4.849  -0.886   4.825
645.000 162.000   4.854  -0.856   4.821
646.000 162.000   4.848  -0.885   4.821
647.000 162.000   4.849  -0.886   4.825
648.000 162.000   4.854  -0.856   4.825
649.000 163.000   4.856  -0.856   4.811
650.000 163.000   4.851  -0.886   4.811
651.000 163.000   4.848  -0.885   4.821
652.000 163.000   4.854  -0.856   4.821
653.000 164.000   4.869  -0.859   4.773
654.000 164.000   4.864  -0.888   4.773
655.000 164.000   4.851  -0.886   4.811
656.000 164.000   4.856  -0.856   4.811
657.000 165.000   4.887  -0.862   4.756
658.000 165.000   4.882  -0.891   4.756
659.000 165.000   4.864  -0.888   4.773
660.000 165.000   4.869  -0.859   4.773
661.000 166.000   4.905  -0.865   4.740
662.000 166.000   4.900  -0.894   4.740
663.000 166.000   4.882  -0.891   4.756
664.000 166.000   4.887  -0.862   4.756
665.000 167.000   5.079  -0.896   4.702
666.000 167.000   5.074  -0.925   4.702
667.000 167.000   4.900  -0.894   4.740
668.000 167.000   4.905  -0.865   4.740
669.000 168.000   5.253  -0.926   4.665
670.000 168.000   5.248  -0.956   4.665
671.000 168.000   5.074  -0.925   4.702
672.000 168.000   5.079  -0.896   4.702
673.000 169.000   4.707  -1.688   4.796
674.000 169.000   4.706  -1.692   4.797
675.000 169.000   4.703  -1.692   4.807
676.000 169.000   4.704  -1.687   4.805
677.000 170.000   4.719  -1.690   4.758
678.000 170.000   4.718  -1.695   4.759
679.000 170.000   4.706  -1.692   4.797
680.000 170.000   4.707  -1.688   4.796
681.000 171.000   4.737  -1.693   4.741
682.000 171.000   4.737  -1.698   4.743
683.000 171.000   4.718  -1.695   4.759
684.000 171.000   4.719  -1.690   4.758
685.000 172.000   4.756  -1.696   4.724
686.000 172.000   4.755  -1.701   4.726
687.000 172.000   4.737  -1.698   4.743
688.000 172.000   4.737  -1.693   4.741
689.000 173.000   4.929  -1.727   4.687
690.000 173.000   4.929  -1.732   4.689
691.000 173.000   4.755  -1.701   4.726
692.000 173.000   4.756  -1.696   4.724
693.000 174.000   5.103  -1.757   4.650
694.000 174.000   5.103  -1.762   4.652
695.000 174.000   4.929  -1.732   4.689
696.000 174.000   4.929  -1.727   4.687
697.000 175.000   4.735  -1.487   4.763
698.000 175.000   4.707  -1.688   4.796
699.000 175.000   4.704  -1.687   4.805
700.000 175.000   4.732  -1.486   4.773
701.000 176.000   4.767  -1.287   4.749
702.000 176.000   4.735  -1.487   4.763
703.000 176.000   4.732  -1.486   4.773
704.000 176.000   4.764  -1.287   4.758
705.000 177.000   4.807  -1.089   4.770
706.000 177.000   4.767  -1.287   4.749
707.000 177.000   4.764  -1.287   4.758
708.000 177.000   4.804  -1.088   4.780
709.000 178.000   4.850  -0.891   4.809
710.000 178.000   4.807  -1.089   4.770
711.000 178.000   4.804  -1.088   4.780
712.000 178.000   4.847  -0.890   4.819
713.000 179.000   4.747  -1.489   4.725
714.000 179.000   4.719  -1.690   4.758
715.000 179.000   4.707  -1.688   4.796
716.000 179.000   4.735  -1.487   4.763
717.000 180.000   4.779  -1.289   4.711
718.000 180.000   4.747  -1.489   4.725
719.000 180.000   4.735  -1.487   4.763
720.000 180.000   4.767  -1.287   4.749
721.000 181.000   4.819  -1.091   4.732
722.000 181.000   4.779  -1.289   4.711
723.000 181.000   4.767  -1.287   4.749
724.000 181.000   4.807  -1.089   4.770
725.000 182.000   4.862  -0.893   4.771
726.000 182.000   4.819  -1.091   4.732
727.000 182.000   4.807  -1.089   4.770
728.000 182.000   4.850  -0.891   4.809
729.000 183.000   4.766  -1.492   4.709
730.000 183.000   4.737  -1.693   4.741
731.000 183.000   4.719  -1.690   4.758
732.000 183.000   4.747  -1.489   4.725
733.000 184.000   4.798  -1.293   4.694
734.000 184.000   4.766  -1.492   4.709
735.000 184.000   4.747  -1.489   4.725
736.000 184.000   4.779  -1.289   4.711
737.000 185.000   4.837  -1.094   4.715
738.000 185.000   4.798  -1.293   4.694
739.000 185.000   4.779  -1.289   4.711
740.000 185.000   4.819  -1.091   4.732
741.000 186.000   4.881  -0.896   4.755
742.000 186.000   4.837  -1.094   4.715
743.000 186.000   4.819  -1.091   4.732
744.000 186.000   4.862  -0.893   4.771
745.000 187.000   4.784  -1.496   4.692
746.000 187.000   4.756  -1.696   4.724
747.000 187.000   4.737  -1.693   4.741
748.000 187.000   4.766  -1.492   4.709
749.000 188.000   4.816  -1.296   4.677
750.000 188.000   4.784  -1.496   4.692
751.000 188.000   4.766  -1.492   4.709
752.000 188.000   4.798  -1.293   4.694
753.000 189.000   4.856  -1.097   4.699
754.000 189.000   4.816  -1.296   4.677
755.000 189.000   4.798  -1.293   4.694
756.000 189.000   4.837  -1.094   4.715
757.000 190.000   4.899  -0.899   4.738
758.000 190.000   4.856  -1.097   4.699
759.000 190.000   4.837  -1.094   4.715
760.000 190.000   4.881  -0.896   4.755
761.000 191.000   4.958  -1.526   4.655
762.000 191.000   4.929  -1.727   4.687
763.000 191.000   4.756  -1.696   4.724
764.000 191.000   4.784  -1.496   4.692
765.000 192.000   4.990  -1.326   4.640
766.000 192.000   4.958  -1.526   4.655
767.000 192.000   4.784  -1.496   4.692
768.000 192.000   4.816  -1.296   4.677
769.000 193.000   5.029  -1.128   4.662
770.000 193.000   4.990  -1.326   4.640
771.000 193.000   4.816  -1.296   4.677
772.000 193.000   4.856  -1.097   4.699
773.000 194.000   5.073  -0.930   4.701
774.000 194.000   5.029  -1.128   4.662
775.000 194.000   4.856  -1.097   4.699
776.000 194.000   4.899  -0.899   4.738
777.000 195.000   5.132  -1.557   4.618
778.000 195.000   5.103  -1.757   4.650
779.000 195.000   4.929  -1.727   4.687
780.000 195.000   4.958  -1.526   4.655
781.000 196.000   5.164  -1.357   4.603
782.000 196.000   5.132  -1.557   4.618
783.000 196.000   4.958  -1.526   4.655
784.000 196.000   4.990  -1.326   4.640
785.000 197.000   5.203  -1.159   4.624
786.000 197.000   5.164  -1.357   4.603
787.000 197.000   4.990  -1.326   4.640
788.000 197.000   5.029  -1.128   4.662
789.000 198.000   5.246  -0.961   4.664
790.000 198.000   5.203  -1.159   4.624
791.000 198.000   5.029  -1.128   4.662
792.000 198.000   5.073  -0.930   4.701
793.000 199.000   4.851  -0.886   4.811
794.000 199.000   4.850  -0.891   4.809
795.000 199.000   4.847  -0.890   4.819
796.000 199.000   4.848  -0.885   4.821
797.000 200.000   4.864  -0.888   4.773
798.000 200.000   4.862  -0.893   4.771
799.000 200.000   4.850  -0.891   4.809
800.000 200.000   4.851  -0.886   4.811
801.000 201.000   4.882  -0.891   4.756
802.000 201.000   4.881  -0.896   4.755
803.000 201.000   4.862  -0.893   4.771
804.000 201.000   4.864  -0.888   4.773
805.000 202.000   4.900  -0.894   4.740
806.000 202.000   4.899  -0.899   4.738
807.000 202.000   4.881  -0.896   4.755
808.000 202.000   4.882  -0.891   4.756
809.000 203.000   5.074  -0.925   4.702
810.000 203.000   5.073  -0.930   4.701
811.000 203.000   4.899  -0.899   4.738
812.000 203.000   4.900  -0.894   4.740
813.000 204.000   5.248  -0.956   4.665
814.000 204.000   5.246  -0.961   4.664
815.000 204.000   5.073  -0.930   4.701
816.000 204.000   5.074  -0.925   4.702
817.000 205.000   5.277  -1.793   4.619
818.000 205.000   5.104  -1.763   4.656
819.000 205.000   5.115  -1.765   4.710
820.000 205.000   5.288  -1.795   4.673
821.000 206.000   5.451  -1.824   4.582
822.000 206.000   5.277  -1.793   4.619
823.000 206.000   5.288  -1.795   4.673
824.000 206.000   5.462  -1.826   4.636
825.000 207.000   5.474  -1.828   4.590
826.000 207.000   5.451  -1.824   4.582
827.000 207.000   5.462  -1.826   4.636
828.000 207.000   5.486  -1.830   4.644
829.000 208.000   5.498  -1.832   4.598
830.000 208.000   5.474  -1.828   4.590
831.000 208.000   5.486  -1.830   4.644
832.000 208.000   5.509  -1.834   4.651
833.000 209.000   5.524  -1.837   4.627
834.000 209.000   5.498  -1.832   4.598
835.000 209.000   5.509  -1.834   4.651
836.000 209.000   5.535  -1.839   4.681
837.000 210.000   5.531  -1.838   4.635
838.000 210.000   5.524  -1.837   4.627
839.000 210.000   5.535  -1.839   4.681
840.000 210.000   5.542  -1.840   4.689
841.000 211.000   5.531  -1.833   4.633
842.000 211.000   5.531  -1.838   4.635
843.000 211.000   5.542  -1.840   4.689
844.000 211.000   5.542  -1.835   4.687
845.000 212.000   5.560  -1.632   4.601
846.000 212.000   5.531  -1.833   4.633
847.000 212.000   5.542  -1.835   4.687
848.000 212.000   5.571  -1.634   4.655
849.000 213.000   5.592  -1.433   4.586
850.000 213.000   5.560  -1.632   4.601
851.000 213.000   5.571  -1.634   4.655
852.000 213.000   5.603  -1.435   4.640
853.000 214.000   5.631  -1.234   4.608
854.000 214.000   5.592  -1.433   4.586
855.000 214.000   5.603  -1.435   4.640
856.000 214.000   5.642  -1.236   4.661
857.000 215.000   5.675  -1.036   4.647
858.000 215.000   5.631  -1.234   4.608
859.000 215.000   5.642  -1.236   4.661
860.000 215.000   5.686  -1.038   4.701
861.000 216.000   5.676  -1.031   4.648
862.000 216.000   5.675  -1.036   4.647
863.000 216.000   5.686  -1.038   4.701
864.000 216.000   5.687  -1.033   4.702
865.000 217.000   5.681  -1.002   4.649
866.000 217.000   5.676  -1.031   4.648
867.000 217.000   5.687  -1.033   4.702
868.000 217.000   5.692  -1.004   4.702
869.000 218.000   5.276  -1.793   4.614
870.000 218.000   5.103  -1.762   4.652
871.000 218.000   5.104  -1.763   4.656
872.000 218.000   5.277  -1.793   4.619
873.000 219.000   5.450  -1.824   4.577
874.000 219.000   5.276  -1.793   4.614
875.000 219.000   5.277  -1.793   4.619
876.000 219.000   5.451  -1.824   4.582
877.000 220.000   5.473  -1.828   4.585
878.000 220.000   5.450  -1.824   4.577
879.000 220.000   5.451  -1.824   4.582
880.000 220.000   5.474  -1.828   4.590
881.000 221.000   5.497  -1.832   4.593
882.000 221.000   5.473  -1.828   4.585
883.000 221.000   5.474  -1.828   4.590
884.000 221.000   5.498  -1.832   4.598
885.000 222.000   5.523  -1.837   4.622
886.000 222.000   5.497  -1.832   4.593
887.000 222.000   5.498  -1.832   4.598
888.000 222.000   5.524  -1.837   4.627
889.000 223.000   5.530  -1.838   4.630
890.000 223.000   5.523  -1.837   4.622
891.000 223.000   5.524  -1.837   4.627
892.000 223.000   5.531  -1.838   4.635
893.000 224.000   5.530  -1.833   4.628
894.000 224.000   5.530  -1.838   4.630
895.000 224.000   5.531  -1.838   4.635
896.000 224.000   5.531  -1.833   4.633
897.000 225.000   5.559  -1.632   4.596
898.000 225.000   5.530  -1.833   4.628
899.000 225.000   5.531  -1.833   4.633
900.000 225.000   5.560  -1.632   4.601
901.000 226.000   5.591  -1.432   4.581
902.000 226.000   5.559  -1.632   4.596
903.000 226.000   5.560  -1.632   4.601
904.000 226.000   5.592  -1.433   4.586
905.000 227.000   5.630  -1.234   4.603
906.000 227.000   5.591  -1.432   4.581
907.000 227.000   5.592  -1.433   4.586
908.000 227.000   5.631  -1.234   4.608
909.000 228.000   5.673  -1.036   4.642
910.000 228.000   5.630  -1.234   4.603
911.000 228.000   5.631  -1.234   4.608
912.000 228.000   5.675  -1.036   4.647
913.000 229.000   5.675  -1.031   4.644
914.000 229.000   5.673  -1.036   4.642
915.000 229.000   5.675  -1.036   4.647
916.000 229.000   5.676  -1.031   4.648
917.000 230.000   5.680  -1.002   4.644
918.000 230.000   5.675  -1.031   4.644
919.000 230.000   5.676  -1.031   4.648
920.000 230.000   5.681  -1.002   4.649
921.000 231.000   5.673  -1.000   4.636
922.000 231.000   5.668  -1.030   4.636
923.000 231.000   5.675  -1.031   4.644
924.000 231.000   5.680  -1.002   4.644
925.000 232.000   5.647  -0.996   4.606
926.000 232.000   5.642  -1.025   4.606
927.000 232.000   5.668  -1.030   4.636
928.000 232.000   5.673  -1.000   4.636
929.000 233.000   5.624  -0.992   4.599
930.000 233.000   5.619  -1.021   4.599
931.000 233.000   5.642  -1.025   4.606
932.000 233.000   5.647  -0.996   4.606
933.000 234.000   5.600  -0.987   4.591
934.000 234.000   5.595  -1.017   4.591
935.000 234.000   5.619  -1.021   4.599
936.000 234.000   5.624  -0.992   4.599
937.000 235.000   5.427  -0.957   4.628
938.000 235.000   5.421  -0.986   4.628
939.000 235.000   5.595  -1.017   4.591
940.000 235.000   5.600  -0.987   4.591
941.000 236.000   5.253  -0.926   4.665
942.000 236.000   5.248  -0.956   4.665
943.000 236.000   5.421  -0.986   4.628
944.000 236.000   5.427  -0.957   4.628
945.000 237.000   5.524  -1.831   4.621
946.000 237.000   5.523  -1.837   4.622
947.000 237.000   5.530  -1.838   4.630
948.000 237.000   5.530  -1.833   4.628
949.000 238.000   5.497  -1.827   4.591
950.000 238.000   5.497  -1.832   4.593
951.000 238.000   5.523  -1.837   4.622
952.000 238.000   5.524  -1.831   4.621
953.000 239.000   5.474  -1.823   4.583
954.000 239.000   5.473  -1.828   4.585
955.000 239.000   5.497  -1.832   4.593
956.000 239.000   5.497  -1.827   4.591
957.000 240.000   5.450  -1.819   4.576
958.000 240.000   5.450  -1.824   4.577
959.000 240.000   5.473  -1.828   4.585
960.000 240.000   5.474  -1.823   4.583
961.000 241.000   5.277  -1.788   4.613
962.000 241.000   5.276  -1.793   4.614
963.000 241.000   5.450  -1.824   4.577
964.000 241.000   5.450  -1.819   4.576
965.000 242.000   5.103  -1.757   4.650
966.000 242.000   5.103  -1.762   4.652
967.000 242.000   5.276  -1.793   4.614
968.000 242.000   5.277  -1.788   4.613
969.000 243.000   5.552  -1.631   4.588
970.000 243.000   5.524  -1.831   4.621
971.000 243.000   5.530  -1.833   4.628
972.000 243.000   5.559  -1.632   4.596
973.000 244.000   5.584  -1.431   4.574
974.000 244.000   5.552  -1.631   4.588
975.000 244.000   5.559  -1.632   4.596
976.000 244.000   5.591  -1.432   4.581
977.000 245.000   5.624  -1.233   4.595
978.000 245.000   5.584  -1.431   4.574
979.000 245.000   5.591  -1.432   4.581
980.000 245.000   5.630  -1.234   4.603
981.000 246.000   5.667  -1.035   4.635
982.000 246.000   5.624  -1.233   4.595
983.000 246.000   5.630  -1.234   4.603
984.000 246.000   5.673  -1.036   4.642
985.000 247.000   5.526  -1.626   4.559
986.000 247.000   5.497  -1.827   4.591
987.000 247.000   5.524  -1.831   4.621
988.000 247.000   5.552  -1.631   4.588
989.000 248.000   5.558  -1.427   4.544
990.000 248.000   5.526  -1.626   4.559
991.000 248.000   5.552  -1.631   4.588
992.000 248.000   5.584  -1.431   4.574
993.000 249.000   5.597  -1.228   4.566
994.000 249.000   5.558  -1.427   4.544
995.000 249.000   5.584  -1.431   4.574
996.000 249.000   5.624  -1.233   4.595
997.000 250.000   5.641  -1.030   4.605
998.000 250.000   5.597  -1.228   4.566
999.000 250.000   5.624  -1.233   4.595
1000.000 250.000   5.667  -1.035   4.635
1001.000 251.000   5.502  -1.622   4.551
1002.000 251.000   5.474  -1.823   4.583
1003.000 251.000   5.497  -1.827   4.591
1004.000 251.000   5.526  -1.626   4.559
1005.000 252.000   5.534  -1.422   4.536
1006.000 252.000   5.502  -1.622   4.551
1007.000 252.000   5.526  -1.626   4.559
1008.000 252.000   5.558  -1.427   4.544
1009.000 253.000   5.574  -1.224   4.558
1010.000 253.000   5.534  -1.422   4.536
1011.000 253.000   5.558  -1.427   4.544
1012.000 253.000   5.597  -1.228   4.566
1013.000 254.000   5.617  -1.026   4.597
1014.000 254.000   5.574  -1.224   4.558
1015.000 254.000   5.597  -1.228   4.566
1016.000 254.000   5.641  -1.030   4.605
1017.000 255.000   5.479  -1.618   4.543
1018.000 255.000   5.450  -1.819   4.576
1019.000 255.000   5.474  -1.823   4.583
1020.000 255.000   5.502  -1.622   4.551
1021.000 256.000   5.511  -1.418   4.529
1022.000 256.000   5.479  -1.618   4.543
1023.000 256.000   5.502  -1.622   4.551
1024.000 256.000   5.534  -1.422   4.536
1025.000 257.000   5.551  -1.220   4.550
1026.000 257.000   5.511  -1.418   4.529
1027.000 257.000   5.534  -1.422   4.536
1028.000 257.000   5.574  -1.224   4.558
1029.000 258.000   5.594  -1.022   4.589
1030.000 258.000   5.551  -1.220   4.550
1031.000 258.000   5.574  -1.224   4.558
1032.000 258.000   5.617  -1.026   4.597
1033.000 259.000   5.305  -1.587   4.580
1034.000 259.000   5.277  -1.788   4.613
1035.000 259.000   5.450  -1.819   4.576
1036.000 259.000   5.479  -1.618   4.543
1037.000 260.000   5.337  -1.388   4.566
1038.000 260.000   5.305  -1.587   4.580
1039.000 260.000   5.479  -1.618   4.543
1040.000 260.000   5.511  -1.418   4.529
1041.000 261.000   5.377  -1.189   4.587
1042.000 261.000   5.337  -1.388   4.566
1043.000 261.000   5.511  -1.418   4.529
1044.000 261.000   5.551  -1.220   4.550
1045.000 262.000   5.420  -0.991   4.626
1046.000 262.000   5.377  -1.189   4.587
1047.000 262.000   5.551  -1.220   4.550
1048.000 262.000   5.594  -1.022   4.589
1049.000 263.000   5.132  -1.557   4.618
1050.000 263.000   5.103  -1.757   4.650
1051.000 263.000   5.277  -1.788   4.613
1052.000 263.000   5.305  -1.587   4.580
1053.000 264.000   5.164  -1.357   4.603
1054.000 264.000   5.132  -1.557   4.618
1055.000 264.000   5.305  -1.587   4.580
1056.000 264.000   5.337  -1.388   4.566
1057.000 265.000   5.203  -1.159   4.624
1058.000 265.000   5.164  -1.357   4.603
1059.000 265.000   5.337  -1.388   4.566
1060.000 265.000   5.377  -1.189   4.587
1061.000 266.000   5.246  -0.961   4.664
1062.000 266.000   5.203  -1.159   4.624
1063.000 266.000   5.377  -1.189   4.587
1064.000 266.000   5.420  -0.991   4.626
1065.000 267.000   5.668  -1.030   4.636
1066.000 267.000   5.667  -1.035   4.635
1067.000 267.000   5.673  -1.036   4.642
1068.000 267.000   5.675  -1.031   4.644
1069.000 268.000   5.642  -1.025   4.606
1070.000 268.000   5.641  -1.030   4.605
1071.000 268.000   5.667  -1.035   4.635
1072.000 268.000   5.668  -1.030   4.636
1073.000 269.000   5.619  -1.021   4.599
1074.000 269.000   5.617  -1.026   4.597
1075.000 269.000   5.641  -1.030   4.605
1076.000 269.000   5.642  -1.025   4.606
1077.000 270.000   5.595  -1.017   4.591
1078.000 270.000   5.594  -1.022   4.589
1079.000 270.000   5.617  -1.026   4.597
1080.000 270.000   5.619  -1.021   4.599
1081.000 271.000   5.421  -0.986   4.628
1082.000 271.000   5.420  -0.991   4.626
1083.000 271.000   5.594  -1.022   4.589
1084.000 271.000   5.595  -1.017   4.591
1085.000 272.000   5.248  -0.956   4.665
1086.000 272.000   5.246  -0.961   4.664
1087.000 272.000   5.420  -0.991   4.626
1088.000 272.000   5.421  -0.986   4.628
