%  n/a	   m	 part/m2/s	 part/m2/s	 part/m2/s	 part/m2/s	  eV	  eV	 m-3	 m-3	   V	   V	W/m2	W/m2
 %     Pr#	   dsSep	      js	  js_err	    jsur	jsur_err	      Te	  Te_err	      ne	  ne_err	      Vf	  Vf_err	    Psur	Psur_err
 05	 7.600E-02	 2.273E+24	 4.970E+23	 6.345E+22	      -NaN	 9.898E+00	 2.513E+00	 7.561E+19	       Inf	 4.669E+00	 1.090E+00	 8.094E+05	 2.920E+05
 05	 8.100E-02	 2.434E+24	 6.772E+23	 6.797E+22	       Inf	 8.726E+00	 2.225E+00	 8.588E+19	       Inf	 5.871E+00	 1.497E+00	 7.656E+05	 2.973E+05
 05	 8.600E-02	 3.433E+24	 1.193E+24	 9.556E+22	       Inf	 9.237E+00	 2.110E+00	 1.162E+20	       Inf	 6.041E+00	 2.213E+00	 1.162E+06	 5.807E+05
 05	 9.100E-02	 3.075E+24	 1.178E+24	 8.490E+22	       Inf	 8.438E+00	 2.830E+00	 1.112E+20	       Inf	 9.625E+00	 3.616E+00	 9.664E+05	 6.502E+05
 05	 9.600E-02	 1.629E+24	 4.903E+23	 4.477E+22	       Inf	 7.466E+00	 2.848E+00	 6.383E+19	       Inf	 8.050E+00	 4.347E+00	 4.310E+05	 2.191E+05
 05	 1.010E-01	 1.744E+24	 4.481E+23	 4.723E+22	       Inf	 5.579E+00	 2.173E+00	 7.880E+19	       Inf	 7.738E+00	 2.787E+00	 3.528E+05	 1.914E+05
 03	-4.300E-02	 4.199E+23	 2.305E+22	 3.251E+21	       Inf	 6.114E+00	 1.111E+00	 1.754E+19	 1.763E+18	-2.300E+00	 1.563E+00	 2.548E+04	 5.089E+03
 03	-3.800E-02	 4.214E+23	 4.080E+22	 3.414E+21	       Inf	 5.951E+00	 1.119E+00	 1.783E+19	 2.107E+18	-2.234E+00	 1.619E+00	 2.613E+04	 6.464E+03
 03	-3.300E-02	 3.969E+23	 6.308E+22	 3.408E+21	       Inf	 5.789E+00	 1.110E+00	 1.703E+19	 2.922E+18	-2.093E+00	 1.729E+00	 2.532E+04	 6.441E+03
 03	-2.800E-02	 4.829E+23	 7.874E+22	 4.433E+21	       Inf	 6.238E+00	 2.330E+00	 2.005E+19	 2.110E+18	-1.892E+00	 1.543E+00	 3.715E+04	 2.738E+04
 03	-2.300E-02	 5.223E+23	 3.684E+22	 5.114E+21	       Inf	 6.075E+00	 9.734E-01	 2.184E+19	 2.234E+18	-1.545E+00	 1.249E+00	 3.977E+04	 7.463E+03
 03	-1.800E-02	 5.939E+23	 2.434E+22	 6.431E+21	       Inf	 5.981E+00	 8.707E-01	 2.495E+19	 1.523E+18	-1.383E+00	 1.071E+00	 4.937E+04	 8.493E+03
 04	-1.500E-02	 7.652E+23	 3.586E+22	 6.007E+21	       Inf	 6.084E+00	 1.274E+00	 3.214E+19	 3.051E+18	-2.600E+00	 1.786E+00	 4.694E+04	 1.102E+04
 04	-1.000E-02	 8.153E+23	 5.602E+22	 6.745E+21	       Inf	 5.964E+00	 1.113E+00	 3.452E+19	       Inf	-2.365E+00	 1.745E+00	 5.156E+04	 1.125E+04
 04	-5.000E-03	 8.816E+23	 6.985E+22	 7.838E+21	       Inf	 5.927E+00	 1.079E+00	 3.743E+19	       Inf	-1.973E+00	 1.663E+00	 5.944E+04	 1.183E+04
 04	 0.000E+00	 1.026E+24	 8.626E+22	 9.876E+21	       Inf	 6.007E+00	 9.211E-01	 4.307E+19	       Inf	-1.589E+00	 1.382E+00	 7.621E+04	 1.585E+04
 04	 5.000E-03	 1.210E+24	 1.170E+23	 1.261E+22	       Inf	 6.317E+00	 1.130E+00	 4.964E+19	       Inf	-1.389E+00	 1.472E+00	 1.024E+05	 2.427E+04
 04	 1.000E-02	 1.377E+24	 7.614E+22	 1.601E+22	       Inf	 6.850E+00	 8.880E-01	 5.408E+19	 5.028E+18	-1.568E+00	 1.161E+00	 1.402E+05	 1.926E+04
 06	 1.170E-01	 9.635E+23	 1.232E+23	 2.577E+22	       Inf	 6.450E+00	 1.059E+00	 3.907E+19	       Inf	 9.300E-01	 1.343E+00	 2.135E+05	 4.803E+04
 06	 1.220E-01	 7.591E+23	 9.648E+22	 2.087E+22	       Inf	 7.103E+00	 1.791E+00	 2.956E+19	       Inf	-2.775E-01	 1.226E+00	 1.922E+05	 6.448E+04
 06	 1.270E-01	 6.061E+23	 1.091E+23	 1.728E+22	       Inf	 6.971E+00	 1.768E+00	 2.375E+19	       Inf	-7.380E-01	 1.451E+00	 1.562E+05	 5.428E+04
 06	 1.320E-01	 3.841E+23	 1.089E+23	 1.142E+22	       Inf	 6.530E+00	 2.546E+00	 1.583E+19	       Inf	-6.261E-01	 2.556E+00	 9.713E+04	 4.489E+04
 06	 1.370E-01	 2.309E+23	 6.900E+22	 7.191E+21	       Inf	 7.366E+00	 4.318E+00	 9.322E+18	 3.008E+18	-1.713E+00	 3.861E+00	 6.978E+04	 5.305E+04
 06	 1.420E-01	 1.369E+23	 4.460E+22	 4.471E+21	       Inf	 7.926E+00	 4.565E+00	 5.169E+18	 1.031E+18	-2.546E+00	 3.189E+00	 5.115E+04	 4.883E+04
 07	 1.320E-01	 3.959E+23	 6.540E+22	 1.134E+22	       Inf	 5.397E+00	 1.117E+00	 1.758E+19	 2.760E+18	-1.728E+00	 2.035E+00	 7.915E+04	 2.538E+04
 07	 1.370E-01	 3.427E+23	 5.946E+22	 1.008E+22	       Inf	 6.066E+00	 1.898E+00	 1.455E+19	 2.606E+18	-1.987E+00	 2.223E+00	 7.973E+04	 3.144E+04
 07	 1.420E-01	 2.682E+23	 5.077E+22	 8.188E+21	       Inf	 5.585E+00	 1.506E+00	 1.180E+19	 2.337E+18	-1.461E+00	 1.690E+00	 5.905E+04	 2.005E+04
 07	 1.470E-01	 1.864E+23	 4.746E+22	 5.935E+21	       Inf	 6.532E+00	 3.292E+00	 7.805E+18	 2.202E+18	-2.242E+00	 2.445E+00	 4.997E+04	 2.702E+04
 07	 1.520E-01	 9.871E+22	 3.336E+22	 3.290E+21	       Inf	 5.585E+00	 2.518E+00	 4.424E+18	 1.631E+18	-2.254E+00	 2.736E+00	 2.471E+04	 1.920E+04
 07	 1.570E-01	 3.761E+22	 3.066E+22	 1.316E+21	       Inf	 4.439E+00	 1.578E+00	 1.794E+18	 1.446E+18	-4.132E+00	 2.843E+00	 8.223E+03	 7.486E+03
 08	 1.480E-01	 1.385E+23	 3.436E+22	 4.229E+21	       Inf	 6.341E+00	 2.292E+00	 5.755E+18	 1.442E+18	-1.588E+00	 2.168E+00	 3.511E+04	 1.781E+04
 08	 1.530E-01	 1.082E+23	 3.715E+22	 3.388E+21	       Inf	 5.875E+00	 2.437E+00	 4.635E+18	 1.500E+18	-1.912E+00	 3.131E+00	 2.730E+04	 1.594E+04
 08	 1.580E-01	 8.760E+22	 3.868E+22	 2.838E+21	       Inf	 6.738E+00	 5.374E+00	 3.695E+18	 1.559E+18	-2.288E+00	 3.288E+00	 2.799E+04	 3.515E+04
 08	 1.630E-01	 6.430E+22	 4.473E+22	 2.187E+21	       Inf	 1.063E+01	 2.056E+01	 2.701E+18	 1.317E+18	-2.583E+00	 7.212E+00	 5.677E+04	 2.039E+05
 08	 1.680E-01	 4.016E+22	 2.729E+22	 1.432E+21	       Inf	 1.287E+01	 1.353E+01	 1.205E+18	 9.277E+17	-4.670E+00	 8.054E+00	 3.180E+04	 4.149E+04
