' psi_n     T_e       T_e      n_e      '    40
    0.216782         1958.2         1958.2      3.668e+19
    0.255170         1834.5         1834.5      3.561e+19
    0.340998         1558.1         1558.1     3.3216e+19
    0.401945         1361.7         1361.7     3.1517e+19
    0.450318         1205.9         1205.9     3.0168e+19
    0.500506         1053.3         1053.3     2.8768e+19
    0.506693         1038.2         1038.2     2.8596e+19
    0.623520         754.68         754.68     2.5338e+19
    0.707349         591.02         591.02     2.2686e+19
    0.755581         529.22         529.22     2.1474e+19
    0.779524         487.59         487.59      2.105e+19
    0.801222         449.86         449.86     2.0667e+19
    0.824687         409.06         409.06     2.0126e+19
    0.844988         373.76         373.76     1.9281e+19
    0.859489         348.55         348.55     1.8678e+19
    0.869639          330.9          330.9     1.8255e+19
    0.879790         313.25         313.25     1.7833e+19
    0.887499         299.85         299.85     1.7512e+19
    0.897850         281.85         281.85     1.7081e+19
    0.907511         265.05         265.05     1.6638e+19
    0.917172         248.26         248.26     1.6196e+19
    0.925452         233.86         233.86     1.5816e+19
    0.933733         219.46         219.46     1.5437e+19
    0.942703         203.86         203.86     1.5026e+19
    0.951647         185.81         185.81     1.4616e+19
    0.959386         160.02         160.02     1.4261e+19
    0.968414         129.92         129.92     1.3677e+19
    0.975508         106.27         106.27     1.2599e+19
    0.983247         80.479         80.479     1.1423e+19
    0.990986         65.984         65.984     1.0247e+19
    0.998724         57.141         57.141     9.0708e+18
    1.007753         46.823         46.823     7.6986e+18
    1.014847         38.715         38.715     7.4022e+18
    1.022061         30.472         30.472     7.1067e+18
    1.032181         23.684         23.684     6.6922e+18
    1.047659         21.316         21.316     6.0582e+18
    1.063137         18.947         18.947     5.4241e+18
    1.078336         16.621         16.621     4.8015e+18
    1.090346         14.784         14.784     4.3096e+18
    1.103433         12.781         12.781     3.7735e+18
