' psi_n     T_e_LP       T_e_LP      Jsat_LP      '    100
    0.927440         1.7188         1.7188         3651.4
    0.929028         1.7188         1.7188         3794.9
    0.933173         1.7188         1.7188         4169.7
    0.935742         1.7188         1.7188           4402
    0.937286         1.7188         1.7188         4541.6
    0.939363         1.7188         1.7188         4729.4
    0.941453         1.7188         1.7188           4875
    0.943496         1.7188         1.7188           4875
    1.000496         9.3338         9.3338          54375
    1.004311         14.808         14.808     1.0363e+05
    1.022959         14.038         14.038     1.2141e+05
    1.071908         9.4497         9.4497          37701
    1.092384         9.1151         9.1151          26499
    1.110699         8.0857         8.0857          23735
    1.047045         10.774         10.774          52770
    0.992324         4.6914         4.6914         6139.6
    1.027106         13.284         13.284     1.0405e+05
    1.086216         9.2419         9.2419          28689
    0.959693         2.0653         2.0653           4875
    0.978264         2.6493         2.6493           4875
    1.010777         17.978         17.978     1.9825e+05
    1.120854         7.3692         7.3692          21101
    1.025063         13.655         13.655      1.126e+05
    1.049537         10.539         10.539          51374
    0.976107         2.5371         2.5371           4875
    1.006610         18.599         18.599     2.0927e+05
    1.037300         11.692         11.692          69602
    0.982664          2.884          2.884           4875
    1.059683         9.9753         9.9753          44119
    1.096419         8.9041         8.9041          25106
    1.106571         8.3735         8.3735          24635
    1.108630         8.2459         8.2459          24064
    1.035275         11.976         11.976          74445
    1.043376         11.119         11.119          56008
    1.029068         12.959         12.959          96830
    1.081557         9.3096         9.3096          30656
    0.945762         1.7188         1.7188           4875
    0.957822          2.029          2.029           4875
    1.018528         14.843         14.843     1.4434e+05
    1.114753         7.7717         7.7717          23089
    1.041306         11.314         11.314          60639
    1.045615         10.908         10.908          53571
    1.102501         8.5862         8.5862          25434
    1.051599         10.345         10.345          50218
    1.084169         9.2716         9.2716          29416
    1.104491         8.4822         8.4822          25268
    1.063812         9.7954         9.7954          41304
    1.118794         7.4588         7.4588          21956
    1.124993         7.1995         7.1995          19384
    0.990437         4.1653         4.1653         5848.4
    1.094245         9.0178         9.0178          25838
    1.112473         7.9483         7.9483          23452
    0.955766         1.9749         1.9749           4875
    0.926121         1.7188         1.7188         3532.1
    0.931155         1.7188         1.7188         3987.3
    0.963679         2.1424         2.1424           4875
    0.973938         2.4243         2.4243           4875
    0.996425         5.8348         5.8348          12866
    0.969888         2.2627         2.2627           4875
    0.983827         3.0655         3.0655           4875
    0.988345         3.7706         3.7706         5525.7
    0.951526         1.8194         1.8194           4875
    0.986237         3.4416         3.4416         5200.4
    1.017309          15.28          15.28     1.5282e+05
    1.020930         14.407         14.407     1.2991e+05
    1.098347         8.8034         8.8034          25210
    0.980061         2.7427         2.7427           4875
    0.994492         5.2958         5.2958         6474.1
    1.053563         10.242         10.242          49118
    1.069866         9.5317         9.5317          38662
    1.100477          8.692          8.692          25325
    1.078103         9.3597         9.3597          33177
    1.067816          9.621          9.621          39557
    0.949626         1.7497         1.7497           4875
    1.055637         10.152         10.152          47503
    1.057619         10.065         10.065          45845
    0.947354         1.7188         1.7188           4875
    0.953658         1.8976         1.8976           4875
    1.061678         9.8884         9.8884          42451
    1.088205          9.213          9.213          27983
    1.090264         9.1831         9.1831          27252
    1.039287         11.504         11.504          65156
    0.967929         2.2247         2.2247           4875
    1.031523          12.57          12.57          87975
    1.125959         7.1599         7.1599          18983
    0.962165         2.1131         2.1131           4875
    1.032961         12.343         12.343          82789
    0.998573         6.8984         6.8984          34759
    1.073974         9.4197         9.4197          36192
    1.075983         9.3905         9.3905          34725
    0.965947         2.1863         2.1863           4875
    1.002881         12.448         12.448          78689
    1.008716          18.83          18.83     2.1259e+05
    1.012791         17.146         17.146     1.8424e+05
    1.080510         9.3247         9.3247          31419
    1.014733         16.345         16.345     1.7074e+05
    1.065684         9.7138         9.7138          40487
    0.972330         2.3407         2.3407           4875
    1.116806         7.6127         7.6127          22762
    1.122900         7.2853         7.2853          20252
