    7   26   48    1    7     /NITROGEN           /ABELS-VAN MAANEN 1985   ADF11
 -------------------------------------------------------------------------------
  10.00000  10.20000  10.40000  10.60000  10.80000  11.00000  11.20000  11.40000
  11.60000  11.80000  12.00000  12.20000  12.40000  12.60000  12.80000  13.00000
  13.20000  13.40000  13.60000  13.80000  14.00000  14.20000  14.40000  14.60000
  14.80000  15.00000
   0.00000   0.09998   0.19996   0.29993   0.39991   0.49989   0.59987   0.69985
   0.79982   0.89980   0.99978   1.09976   1.19974   1.29972   1.39969   1.49967
   1.59965   1.69963   1.79961   1.89958   1.99956   2.09954   2.19952   2.29950
   2.39947   2.49945   2.59943   2.69941   2.79939   2.89936   2.99934   3.09932
   3.19930   3.29928   3.39925   3.49923   3.59921   3.69919   3.79917   3.89915
   3.99912   4.09910   4.19908   4.29906   4.39904   4.49901   4.59899   4.69897
 --------------------/ IGRD= 1  / IPRT= 0  / 1198.95/ Z1= 1   / DATE= 20.01.95
 -30.02679 -30.02679 -30.02679 -30.02679 -30.02679 -30.02679 -30.02679 -30.02679
 -30.02679 -30.02679 -30.02679 -30.02679 -30.02679 -30.02679 -30.02679 -30.02679
 -30.02679 -30.02679 -30.02679 -30.02679 -30.02679 -30.02679 -30.02679 -30.02679
 -30.02679 -30.02679
 -29.15336 -29.15336 -29.15336 -29.15336 -29.15336 -29.15336 -29.15336 -29.15336
 -29.15336 -29.15336 -29.15336 -29.15336 -29.15336 -29.15336 -29.15336 -29.15336
 -29.15336 -29.15336 -29.15336 -29.15336 -29.15336 -29.15336 -29.15336 -29.15336
 -29.15336 -29.15336
 -28.46983 -28.46983 -28.46983 -28.46983 -28.46983 -28.46983 -28.46983 -28.46983
 -28.46983 -28.46983 -28.46983 -28.46983 -28.46983 -28.46983 -28.46983 -28.46983
 -28.46983 -28.46983 -28.46983 -28.46983 -28.46983 -28.46983 -28.46983 -28.46983
 -28.46983 -28.46983
 -27.93712 -27.93712 -27.93712 -27.93712 -27.93712 -27.93712 -27.93712 -27.93712
 -27.93712 -27.93712 -27.93712 -27.93712 -27.93712 -27.93712 -27.93712 -27.93712
 -27.93712 -27.93712 -27.93712 -27.93712 -27.93712 -27.93712 -27.93712 -27.93712
 -27.93712 -27.93712
 -27.52424 -27.52424 -27.52424 -27.52424 -27.52424 -27.52424 -27.52424 -27.52424
 -27.52424 -27.52424 -27.52424 -27.52424 -27.52424 -27.52424 -27.52424 -27.52424
 -27.52424 -27.52424 -27.52424 -27.52424 -27.52424 -27.52424 -27.52424 -27.52424
 -27.52424 -27.52424
 -27.20654 -27.20654 -27.20654 -27.20654 -27.20654 -27.20654 -27.20654 -27.20654
 -27.20654 -27.20654 -27.20654 -27.20654 -27.20654 -27.20654 -27.20654 -27.20654
 -27.20654 -27.20654 -27.20654 -27.20654 -27.20654 -27.20654 -27.20654 -27.20654
 -27.20654 -27.20654
 -26.96445 -26.96445 -26.96445 -26.96445 -26.96445 -26.96445 -26.96445 -26.96445
 -26.96445 -26.96445 -26.96445 -26.96445 -26.96445 -26.96445 -26.96445 -26.96445
 -26.96445 -26.96445 -26.96445 -26.96445 -26.96445 -26.96445 -26.96445 -26.96445
 -26.96445 -26.96445
 -26.78241 -26.78241 -26.78241 -26.78241 -26.78241 -26.78241 -26.78241 -26.78241
 -26.78241 -26.78241 -26.78241 -26.78241 -26.78241 -26.78241 -26.78241 -26.78241
 -26.78241 -26.78241 -26.78241 -26.78241 -26.78241 -26.78241 -26.78241 -26.78241
 -26.78241 -26.78241
 -26.64809 -26.64809 -26.64809 -26.64809 -26.64809 -26.64809 -26.64809 -26.64809
 -26.64809 -26.64809 -26.64809 -26.64809 -26.64809 -26.64809 -26.64809 -26.64809
 -26.64809 -26.64809 -26.64809 -26.64809 -26.64809 -26.64809 -26.64809 -26.64809
 -26.64809 -26.64809
 -26.55167 -26.55167 -26.55167 -26.55167 -26.55167 -26.55167 -26.55167 -26.55167
 -26.55167 -26.55167 -26.55167 -26.55167 -26.55167 -26.55167 -26.55167 -26.55167
 -26.55167 -26.55167 -26.55167 -26.55167 -26.55167 -26.55167 -26.55167 -26.55167
 -26.55167 -26.55167
 -26.48536 -26.48536 -26.48536 -26.48536 -26.48536 -26.48536 -26.48536 -26.48536
 -26.48536 -26.48536 -26.48536 -26.48536 -26.48536 -26.48536 -26.48536 -26.48536
 -26.48536 -26.48536 -26.48536 -26.48536 -26.48536 -26.48536 -26.48536 -26.48536
 -26.48536 -26.48536
 -26.44296 -26.44296 -26.44296 -26.44296 -26.44296 -26.44296 -26.44296 -26.44296
 -26.44296 -26.44296 -26.44296 -26.44296 -26.44296 -26.44296 -26.44296 -26.44296
 -26.44296 -26.44296 -26.44296 -26.44296 -26.44296 -26.44296 -26.44296 -26.44296
 -26.44296 -26.44296
 -26.41956 -26.41956 -26.41956 -26.41956 -26.41956 -26.41956 -26.41956 -26.41956
 -26.41956 -26.41956 -26.41956 -26.41956 -26.41956 -26.41956 -26.41956 -26.41956
 -26.41956 -26.41956 -26.41956 -26.41956 -26.41956 -26.41956 -26.41956 -26.41956
 -26.41956 -26.41956
 -26.41125 -26.41125 -26.41125 -26.41125 -26.41125 -26.41125 -26.41125 -26.41125
 -26.41125 -26.41125 -26.41125 -26.41125 -26.41125 -26.41125 -26.41125 -26.41125
 -26.41125 -26.41125 -26.41125 -26.41125 -26.41125 -26.41125 -26.41125 -26.41125
 -26.41125 -26.41125
 -26.41493 -26.41493 -26.41493 -26.41493 -26.41493 -26.41493 -26.41493 -26.41493
 -26.41493 -26.41493 -26.41493 -26.41493 -26.41493 -26.41493 -26.41493 -26.41493
 -26.41493 -26.41493 -26.41493 -26.41493 -26.41493 -26.41493 -26.41493 -26.41493
 -26.41493 -26.41493
 -26.42813 -26.42813 -26.42813 -26.42813 -26.42813 -26.42813 -26.42813 -26.42813
 -26.42813 -26.42813 -26.42813 -26.42813 -26.42813 -26.42813 -26.42813 -26.42813
 -26.42813 -26.42813 -26.42813 -26.42813 -26.42813 -26.42813 -26.42813 -26.42813
 -26.42813 -26.42813
 -26.44890 -26.44890 -26.44890 -26.44890 -26.44890 -26.44890 -26.44890 -26.44890
 -26.44890 -26.44890 -26.44890 -26.44890 -26.44890 -26.44890 -26.44890 -26.44890
 -26.44890 -26.44890 -26.44890 -26.44890 -26.44890 -26.44890 -26.44890 -26.44890
 -26.44890 -26.44890
 -26.47567 -26.47567 -26.47567 -26.47567 -26.47567 -26.47567 -26.47567 -26.47567
 -26.47567 -26.47567 -26.47567 -26.47567 -26.47567 -26.47567 -26.47567 -26.47567
 -26.47567 -26.47567 -26.47567 -26.47567 -26.47567 -26.47567 -26.47567 -26.47567
 -26.47567 -26.47567
 -26.50722 -26.50722 -26.50722 -26.50722 -26.50722 -26.50722 -26.50722 -26.50722
 -26.50722 -26.50722 -26.50722 -26.50722 -26.50722 -26.50722 -26.50722 -26.50722
 -26.50722 -26.50722 -26.50722 -26.50722 -26.50722 -26.50722 -26.50722 -26.50722
 -26.50722 -26.50722
 -26.54256 -26.54256 -26.54256 -26.54256 -26.54256 -26.54256 -26.54256 -26.54256
 -26.54256 -26.54256 -26.54256 -26.54256 -26.54256 -26.54256 -26.54256 -26.54256
 -26.54256 -26.54256 -26.54256 -26.54256 -26.54256 -26.54256 -26.54256 -26.54256
 -26.54256 -26.54256
 -26.58091 -26.58091 -26.58091 -26.58091 -26.58091 -26.58091 -26.58091 -26.58091
 -26.58091 -26.58091 -26.58091 -26.58091 -26.58091 -26.58091 -26.58091 -26.58091
 -26.58091 -26.58091 -26.58091 -26.58091 -26.58091 -26.58091 -26.58091 -26.58091
 -26.58091 -26.58091
 -26.62166 -26.62166 -26.62166 -26.62166 -26.62166 -26.62166 -26.62166 -26.62166
 -26.62166 -26.62166 -26.62166 -26.62166 -26.62166 -26.62166 -26.62166 -26.62166
 -26.62166 -26.62166 -26.62166 -26.62166 -26.62166 -26.62166 -26.62166 -26.62166
 -26.62166 -26.62166
 -26.66431 -26.66431 -26.66431 -26.66431 -26.66431 -26.66431 -26.66431 -26.66431
 -26.66431 -26.66431 -26.66431 -26.66431 -26.66431 -26.66431 -26.66431 -26.66431
 -26.66431 -26.66431 -26.66431 -26.66431 -26.66431 -26.66431 -26.66431 -26.66431
 -26.66431 -26.66431
 -26.70846 -26.70846 -26.70846 -26.70846 -26.70846 -26.70846 -26.70846 -26.70846
 -26.70846 -26.70846 -26.70846 -26.70846 -26.70846 -26.70846 -26.70846 -26.70846
 -26.70846 -26.70846 -26.70846 -26.70846 -26.70846 -26.70846 -26.70846 -26.70846
 -26.70846 -26.70846
 -26.75382 -26.75382 -26.75382 -26.75382 -26.75382 -26.75382 -26.75382 -26.75382
 -26.75382 -26.75382 -26.75382 -26.75382 -26.75382 -26.75382 -26.75382 -26.75382
 -26.75382 -26.75382 -26.75382 -26.75382 -26.75382 -26.75382 -26.75382 -26.75382
 -26.75382 -26.75382
 -26.80013 -26.80013 -26.80013 -26.80013 -26.80013 -26.80013 -26.80013 -26.80013
 -26.80013 -26.80013 -26.80013 -26.80013 -26.80013 -26.80013 -26.80013 -26.80013
 -26.80013 -26.80013 -26.80013 -26.80013 -26.80013 -26.80013 -26.80013 -26.80013
 -26.80013 -26.80013
 -26.84719 -26.84719 -26.84719 -26.84719 -26.84719 -26.84719 -26.84719 -26.84719
 -26.84719 -26.84719 -26.84719 -26.84719 -26.84719 -26.84719 -26.84719 -26.84719
 -26.84719 -26.84719 -26.84719 -26.84719 -26.84719 -26.84719 -26.84719 -26.84719
 -26.84719 -26.84719
 -26.89486 -26.89486 -26.89486 -26.89486 -26.89486 -26.89486 -26.89486 -26.89486
 -26.89486 -26.89486 -26.89486 -26.89486 -26.89486 -26.89486 -26.89486 -26.89486
 -26.89486 -26.89486 -26.89486 -26.89486 -26.89486 -26.89486 -26.89486 -26.89486
 -26.89486 -26.89486
 -26.94300 -26.94300 -26.94300 -26.94300 -26.94300 -26.94300 -26.94300 -26.94300
 -26.94300 -26.94300 -26.94300 -26.94300 -26.94300 -26.94300 -26.94300 -26.94300
 -26.94300 -26.94300 -26.94300 -26.94300 -26.94300 -26.94300 -26.94300 -26.94300
 -26.94300 -26.94300
 -26.99153 -26.99153 -26.99153 -26.99153 -26.99153 -26.99153 -26.99153 -26.99153
 -26.99153 -26.99153 -26.99153 -26.99153 -26.99153 -26.99153 -26.99153 -26.99153
 -26.99153 -26.99153 -26.99153 -26.99153 -26.99153 -26.99153 -26.99153 -26.99153
 -26.99153 -26.99153
 -27.04035 -27.04035 -27.04035 -27.04035 -27.04035 -27.04035 -27.04035 -27.04035
 -27.04035 -27.04035 -27.04035 -27.04035 -27.04035 -27.04035 -27.04035 -27.04035
 -27.04035 -27.04035 -27.04035 -27.04035 -27.04035 -27.04035 -27.04035 -27.04035
 -27.04035 -27.04035
 -27.08941 -27.08941 -27.08941 -27.08941 -27.08941 -27.08941 -27.08941 -27.08941
 -27.08941 -27.08941 -27.08941 -27.08941 -27.08941 -27.08941 -27.08941 -27.08941
 -27.08941 -27.08941 -27.08941 -27.08941 -27.08941 -27.08941 -27.08941 -27.08941
 -27.08941 -27.08941
 -27.13867 -27.13867 -27.13867 -27.13867 -27.13867 -27.13867 -27.13867 -27.13867
 -27.13867 -27.13867 -27.13867 -27.13867 -27.13867 -27.13867 -27.13867 -27.13867
 -27.13867 -27.13867 -27.13867 -27.13867 -27.13867 -27.13867 -27.13867 -27.13867
 -27.13867 -27.13867
 -27.18807 -27.18807 -27.18807 -27.18807 -27.18807 -27.18807 -27.18807 -27.18807
 -27.18807 -27.18807 -27.18807 -27.18807 -27.18807 -27.18807 -27.18807 -27.18807
 -27.18807 -27.18807 -27.18807 -27.18807 -27.18807 -27.18807 -27.18807 -27.18807
 -27.18807 -27.18807
 -27.23760 -27.23760 -27.23760 -27.23760 -27.23760 -27.23760 -27.23760 -27.23760
 -27.23760 -27.23760 -27.23760 -27.23760 -27.23760 -27.23760 -27.23760 -27.23760
 -27.23760 -27.23760 -27.23760 -27.23760 -27.23760 -27.23760 -27.23760 -27.23760
 -27.23760 -27.23760
 -27.28722 -27.28722 -27.28722 -27.28722 -27.28722 -27.28722 -27.28722 -27.28722
 -27.28722 -27.28722 -27.28722 -27.28722 -27.28722 -27.28722 -27.28722 -27.28722
 -27.28722 -27.28722 -27.28722 -27.28722 -27.28722 -27.28722 -27.28722 -27.28722
 -27.28722 -27.28722
 -27.33692 -27.33692 -27.33692 -27.33692 -27.33692 -27.33692 -27.33692 -27.33692
 -27.33692 -27.33692 -27.33692 -27.33692 -27.33692 -27.33692 -27.33692 -27.33692
 -27.33692 -27.33692 -27.33692 -27.33692 -27.33692 -27.33692 -27.33692 -27.33692
 -27.33692 -27.33692
 -27.38667 -27.38667 -27.38667 -27.38667 -27.38667 -27.38667 -27.38667 -27.38667
 -27.38667 -27.38667 -27.38667 -27.38667 -27.38667 -27.38667 -27.38667 -27.38667
 -27.38667 -27.38667 -27.38667 -27.38667 -27.38667 -27.38667 -27.38667 -27.38667
 -27.38667 -27.38667
 -27.43648 -27.43648 -27.43648 -27.43648 -27.43648 -27.43648 -27.43648 -27.43648
 -27.43648 -27.43648 -27.43648 -27.43648 -27.43648 -27.43648 -27.43648 -27.43648
 -27.43648 -27.43648 -27.43648 -27.43648 -27.43648 -27.43648 -27.43648 -27.43648
 -27.43648 -27.43648
 -27.48632 -27.48632 -27.48632 -27.48632 -27.48632 -27.48632 -27.48632 -27.48632
 -27.48632 -27.48632 -27.48632 -27.48632 -27.48632 -27.48632 -27.48632 -27.48632
 -27.48632 -27.48632 -27.48632 -27.48632 -27.48632 -27.48632 -27.48632 -27.48632
 -27.48632 -27.48632
 -27.53619 -27.53619 -27.53619 -27.53619 -27.53619 -27.53619 -27.53619 -27.53619
 -27.53619 -27.53619 -27.53619 -27.53619 -27.53619 -27.53619 -27.53619 -27.53619
 -27.53619 -27.53619 -27.53619 -27.53619 -27.53619 -27.53619 -27.53619 -27.53619
 -27.53619 -27.53619
 -27.58609 -27.58609 -27.58609 -27.58609 -27.58609 -27.58609 -27.58609 -27.58609
 -27.58609 -27.58609 -27.58609 -27.58609 -27.58609 -27.58609 -27.58609 -27.58609
 -27.58609 -27.58609 -27.58609 -27.58609 -27.58609 -27.58609 -27.58609 -27.58609
 -27.58609 -27.58609
 -27.63601 -27.63601 -27.63601 -27.63601 -27.63601 -27.63601 -27.63601 -27.63601
 -27.63601 -27.63601 -27.63601 -27.63601 -27.63601 -27.63601 -27.63601 -27.63601
 -27.63601 -27.63601 -27.63601 -27.63601 -27.63601 -27.63601 -27.63601 -27.63601
 -27.63601 -27.63601
 -27.68594 -27.68594 -27.68594 -27.68594 -27.68594 -27.68594 -27.68594 -27.68594
 -27.68594 -27.68594 -27.68594 -27.68594 -27.68594 -27.68594 -27.68594 -27.68594
 -27.68594 -27.68594 -27.68594 -27.68594 -27.68594 -27.68594 -27.68594 -27.68594
 -27.68594 -27.68594
 -27.73588 -27.73588 -27.73588 -27.73588 -27.73588 -27.73588 -27.73588 -27.73588
 -27.73588 -27.73588 -27.73588 -27.73588 -27.73588 -27.73588 -27.73588 -27.73588
 -27.73588 -27.73588 -27.73588 -27.73588 -27.73588 -27.73588 -27.73588 -27.73588
 -27.73588 -27.73588
 -27.78583 -27.78583 -27.78583 -27.78583 -27.78583 -27.78583 -27.78583 -27.78583
 -27.78583 -27.78583 -27.78583 -27.78583 -27.78583 -27.78583 -27.78583 -27.78583
 -27.78583 -27.78583 -27.78583 -27.78583 -27.78583 -27.78583 -27.78583 -27.78583
 -27.78583 -27.78583
 -27.83579 -27.83579 -27.83579 -27.83579 -27.83579 -27.83579 -27.83579 -27.83579
 -27.83579 -27.83579 -27.83579 -27.83579 -27.83579 -27.83579 -27.83579 -27.83579
 -27.83579 -27.83579 -27.83579 -27.83579 -27.83579 -27.83579 -27.83579 -27.83579
 -27.83579 -27.83579
 -27.88576 -27.88576 -27.88576 -27.88576 -27.88576 -27.88576 -27.88576 -27.88576
 -27.88576 -27.88576 -27.88576 -27.88576 -27.88576 -27.88576 -27.88576 -27.88576
 -27.88576 -27.88576 -27.88576 -27.88576 -27.88576 -27.88576 -27.88576 -27.88576
 -27.88576 -27.88576
 --------------------/ IGRD= 1  / IPRT= 0  / 1058.68/ Z1= 2   / DATE= 20.01.95
 -29.55296 -29.55296 -29.55296 -29.55296 -29.55296 -29.55296 -29.55296 -29.55296
 -29.55296 -29.55296 -29.55296 -29.55296 -29.55296 -29.55296 -29.55296 -29.55296
 -29.55296 -29.55296 -29.55296 -29.55296 -29.55296 -29.55296 -29.55296 -29.55296
 -29.55296 -29.55296
 -28.55719 -28.55719 -28.55719 -28.55719 -28.55719 -28.55719 -28.55719 -28.55719
 -28.55719 -28.55719 -28.55719 -28.55719 -28.55719 -28.55719 -28.55719 -28.55719
 -28.55719 -28.55719 -28.55719 -28.55719 -28.55719 -28.55719 -28.55719 -28.55719
 -28.55719 -28.55719
 -27.77646 -27.77646 -27.77646 -27.77646 -27.77646 -27.77646 -27.77646 -27.77646
 -27.77646 -27.77646 -27.77646 -27.77646 -27.77646 -27.77646 -27.77646 -27.77646
 -27.77646 -27.77646 -27.77646 -27.77646 -27.77646 -27.77646 -27.77646 -27.77646
 -27.77646 -27.77646
 -27.16655 -27.16655 -27.16655 -27.16655 -27.16655 -27.16655 -27.16655 -27.16655
 -27.16655 -27.16655 -27.16655 -27.16655 -27.16655 -27.16655 -27.16655 -27.16655
 -27.16655 -27.16655 -27.16655 -27.16655 -27.16655 -27.16655 -27.16655 -27.16655
 -27.16655 -27.16655
 -26.69234 -26.69234 -26.69234 -26.69234 -26.69234 -26.69234 -26.69234 -26.69234
 -26.69234 -26.69234 -26.69234 -26.69234 -26.69234 -26.69234 -26.69234 -26.69234
 -26.69234 -26.69234 -26.69234 -26.69234 -26.69234 -26.69234 -26.69234 -26.69234
 -26.69234 -26.69234
 -26.32592 -26.32592 -26.32592 -26.32592 -26.32592 -26.32592 -26.32592 -26.32592
 -26.32592 -26.32592 -26.32592 -26.32592 -26.32592 -26.32592 -26.32592 -26.32592
 -26.32592 -26.32592 -26.32592 -26.32592 -26.32592 -26.32592 -26.32592 -26.32592
 -26.32592 -26.32592
 -26.04513 -26.04513 -26.04513 -26.04513 -26.04513 -26.04513 -26.04513 -26.04513
 -26.04513 -26.04513 -26.04513 -26.04513 -26.04513 -26.04513 -26.04513 -26.04513
 -26.04513 -26.04513 -26.04513 -26.04513 -26.04513 -26.04513 -26.04513 -26.04513
 -26.04513 -26.04513
 -25.83236 -25.83236 -25.83236 -25.83236 -25.83236 -25.83236 -25.83236 -25.83236
 -25.83236 -25.83236 -25.83236 -25.83236 -25.83236 -25.83236 -25.83236 -25.83236
 -25.83236 -25.83236 -25.83236 -25.83236 -25.83236 -25.83236 -25.83236 -25.83236
 -25.83236 -25.83236
 -25.67362 -25.67362 -25.67362 -25.67362 -25.67362 -25.67362 -25.67362 -25.67362
 -25.67362 -25.67362 -25.67362 -25.67362 -25.67362 -25.67362 -25.67362 -25.67362
 -25.67362 -25.67362 -25.67362 -25.67362 -25.67362 -25.67362 -25.67362 -25.67362
 -25.67362 -25.67362
 -25.55780 -25.55780 -25.55780 -25.55780 -25.55780 -25.55780 -25.55780 -25.55780
 -25.55780 -25.55780 -25.55780 -25.55780 -25.55780 -25.55780 -25.55780 -25.55780
 -25.55780 -25.55780 -25.55780 -25.55780 -25.55780 -25.55780 -25.55780 -25.55780
 -25.55780 -25.55780
 -25.47607 -25.47607 -25.47607 -25.47607 -25.47607 -25.47607 -25.47607 -25.47607
 -25.47607 -25.47607 -25.47607 -25.47607 -25.47607 -25.47607 -25.47607 -25.47607
 -25.47607 -25.47607 -25.47607 -25.47607 -25.47607 -25.47607 -25.47607 -25.47607
 -25.47607 -25.47607
 -25.42143 -25.42143 -25.42143 -25.42143 -25.42143 -25.42143 -25.42143 -25.42143
 -25.42143 -25.42143 -25.42143 -25.42143 -25.42143 -25.42143 -25.42143 -25.42143
 -25.42143 -25.42143 -25.42143 -25.42143 -25.42143 -25.42143 -25.42143 -25.42143
 -25.42143 -25.42143
 -25.38831 -25.38831 -25.38831 -25.38831 -25.38831 -25.38831 -25.38831 -25.38831
 -25.38831 -25.38831 -25.38831 -25.38831 -25.38831 -25.38831 -25.38831 -25.38831
 -25.38831 -25.38831 -25.38831 -25.38831 -25.38831 -25.38831 -25.38831 -25.38831
 -25.38831 -25.38831
 -25.37227 -25.37227 -25.37227 -25.37227 -25.37227 -25.37227 -25.37227 -25.37227
 -25.37227 -25.37227 -25.37227 -25.37227 -25.37227 -25.37227 -25.37227 -25.37227
 -25.37227 -25.37227 -25.37227 -25.37227 -25.37227 -25.37227 -25.37227 -25.37227
 -25.37227 -25.37227
 -25.36982 -25.36982 -25.36982 -25.36982 -25.36982 -25.36982 -25.36982 -25.36982
 -25.36982 -25.36982 -25.36982 -25.36982 -25.36982 -25.36982 -25.36982 -25.36982
 -25.36982 -25.36982 -25.36982 -25.36982 -25.36982 -25.36982 -25.36982 -25.36982
 -25.36982 -25.36982
 -25.37814 -25.37814 -25.37814 -25.37814 -25.37814 -25.37814 -25.37814 -25.37814
 -25.37814 -25.37814 -25.37814 -25.37814 -25.37814 -25.37814 -25.37814 -25.37814
 -25.37814 -25.37814 -25.37814 -25.37814 -25.37814 -25.37814 -25.37814 -25.37814
 -25.37814 -25.37814
 -25.39504 -25.39504 -25.39504 -25.39504 -25.39504 -25.39504 -25.39504 -25.39504
 -25.39504 -25.39504 -25.39504 -25.39504 -25.39504 -25.39504 -25.39504 -25.39504
 -25.39504 -25.39504 -25.39504 -25.39504 -25.39504 -25.39504 -25.39504 -25.39504
 -25.39504 -25.39504
 -25.41874 -25.41874 -25.41874 -25.41874 -25.41874 -25.41874 -25.41874 -25.41874
 -25.41874 -25.41874 -25.41874 -25.41874 -25.41874 -25.41874 -25.41874 -25.41874
 -25.41874 -25.41874 -25.41874 -25.41874 -25.41874 -25.41874 -25.41874 -25.41874
 -25.41874 -25.41874
 -25.44784 -25.44784 -25.44784 -25.44784 -25.44784 -25.44784 -25.44784 -25.44784
 -25.44784 -25.44784 -25.44784 -25.44784 -25.44784 -25.44784 -25.44784 -25.44784
 -25.44784 -25.44784 -25.44784 -25.44784 -25.44784 -25.44784 -25.44784 -25.44784
 -25.44784 -25.44784
 -25.48124 -25.48124 -25.48124 -25.48124 -25.48124 -25.48124 -25.48124 -25.48124
 -25.48124 -25.48124 -25.48124 -25.48124 -25.48124 -25.48124 -25.48124 -25.48124
 -25.48124 -25.48124 -25.48124 -25.48124 -25.48124 -25.48124 -25.48124 -25.48124
 -25.48124 -25.48124
 -25.51805 -25.51805 -25.51805 -25.51805 -25.51805 -25.51805 -25.51805 -25.51805
 -25.51805 -25.51805 -25.51805 -25.51805 -25.51805 -25.51805 -25.51805 -25.51805
 -25.51805 -25.51805 -25.51805 -25.51805 -25.51805 -25.51805 -25.51805 -25.51805
 -25.51805 -25.51805
 -25.55758 -25.55758 -25.55758 -25.55758 -25.55758 -25.55758 -25.55758 -25.55758
 -25.55758 -25.55758 -25.55758 -25.55758 -25.55758 -25.55758 -25.55758 -25.55758
 -25.55758 -25.55758 -25.55758 -25.55758 -25.55758 -25.55758 -25.55758 -25.55758
 -25.55758 -25.55758
 -25.59925 -25.59925 -25.59925 -25.59925 -25.59925 -25.59925 -25.59925 -25.59925
 -25.59925 -25.59925 -25.59925 -25.59925 -25.59925 -25.59925 -25.59925 -25.59925
 -25.59925 -25.59925 -25.59925 -25.59925 -25.59925 -25.59925 -25.59925 -25.59925
 -25.59925 -25.59925
 -25.64263 -25.64263 -25.64263 -25.64263 -25.64263 -25.64263 -25.64263 -25.64263
 -25.64263 -25.64263 -25.64263 -25.64263 -25.64263 -25.64263 -25.64263 -25.64263
 -25.64263 -25.64263 -25.64263 -25.64263 -25.64263 -25.64263 -25.64263 -25.64263
 -25.64263 -25.64263
 -25.68737 -25.68737 -25.68737 -25.68737 -25.68737 -25.68737 -25.68737 -25.68737
 -25.68737 -25.68737 -25.68737 -25.68737 -25.68737 -25.68737 -25.68737 -25.68737
 -25.68737 -25.68737 -25.68737 -25.68737 -25.68737 -25.68737 -25.68737 -25.68737
 -25.68737 -25.68737
 -25.73320 -25.73320 -25.73320 -25.73320 -25.73320 -25.73320 -25.73320 -25.73320
 -25.73320 -25.73320 -25.73320 -25.73320 -25.73320 -25.73320 -25.73320 -25.73320
 -25.73320 -25.73320 -25.73320 -25.73320 -25.73320 -25.73320 -25.73320 -25.73320
 -25.73320 -25.73320
 -25.77987 -25.77987 -25.77987 -25.77987 -25.77987 -25.77987 -25.77987 -25.77987
 -25.77987 -25.77987 -25.77987 -25.77987 -25.77987 -25.77987 -25.77987 -25.77987
 -25.77987 -25.77987 -25.77987 -25.77987 -25.77987 -25.77987 -25.77987 -25.77987
 -25.77987 -25.77987
 -25.82723 -25.82723 -25.82723 -25.82723 -25.82723 -25.82723 -25.82723 -25.82723
 -25.82723 -25.82723 -25.82723 -25.82723 -25.82723 -25.82723 -25.82723 -25.82723
 -25.82723 -25.82723 -25.82723 -25.82723 -25.82723 -25.82723 -25.82723 -25.82723
 -25.82723 -25.82723
 -25.87513 -25.87513 -25.87513 -25.87513 -25.87513 -25.87513 -25.87513 -25.87513
 -25.87513 -25.87513 -25.87513 -25.87513 -25.87513 -25.87513 -25.87513 -25.87513
 -25.87513 -25.87513 -25.87513 -25.87513 -25.87513 -25.87513 -25.87513 -25.87513
 -25.87513 -25.87513
 -25.92346 -25.92346 -25.92346 -25.92346 -25.92346 -25.92346 -25.92346 -25.92346
 -25.92346 -25.92346 -25.92346 -25.92346 -25.92346 -25.92346 -25.92346 -25.92346
 -25.92346 -25.92346 -25.92346 -25.92346 -25.92346 -25.92346 -25.92346 -25.92346
 -25.92346 -25.92346
 -25.97213 -25.97213 -25.97213 -25.97213 -25.97213 -25.97213 -25.97213 -25.97213
 -25.97213 -25.97213 -25.97213 -25.97213 -25.97213 -25.97213 -25.97213 -25.97213
 -25.97213 -25.97213 -25.97213 -25.97213 -25.97213 -25.97213 -25.97213 -25.97213
 -25.97213 -25.97213
 -26.02107 -26.02107 -26.02107 -26.02107 -26.02107 -26.02107 -26.02107 -26.02107
 -26.02107 -26.02107 -26.02107 -26.02107 -26.02107 -26.02107 -26.02107 -26.02107
 -26.02107 -26.02107 -26.02107 -26.02107 -26.02107 -26.02107 -26.02107 -26.02107
 -26.02107 -26.02107
 -26.07023 -26.07023 -26.07023 -26.07023 -26.07023 -26.07023 -26.07023 -26.07023
 -26.07023 -26.07023 -26.07023 -26.07023 -26.07023 -26.07023 -26.07023 -26.07023
 -26.07023 -26.07023 -26.07023 -26.07023 -26.07023 -26.07023 -26.07023 -26.07023
 -26.07023 -26.07023
 -26.11956 -26.11956 -26.11956 -26.11956 -26.11956 -26.11956 -26.11956 -26.11956
 -26.11956 -26.11956 -26.11956 -26.11956 -26.11956 -26.11956 -26.11956 -26.11956
 -26.11956 -26.11956 -26.11956 -26.11956 -26.11956 -26.11956 -26.11956 -26.11956
 -26.11956 -26.11956
 -26.16902 -26.16902 -26.16902 -26.16902 -26.16902 -26.16902 -26.16902 -26.16902
 -26.16902 -26.16902 -26.16902 -26.16902 -26.16902 -26.16902 -26.16902 -26.16902
 -26.16902 -26.16902 -26.16902 -26.16902 -26.16902 -26.16902 -26.16902 -26.16902
 -26.16902 -26.16902
 -26.21859 -26.21859 -26.21859 -26.21859 -26.21859 -26.21859 -26.21859 -26.21859
 -26.21859 -26.21859 -26.21859 -26.21859 -26.21859 -26.21859 -26.21859 -26.21859
 -26.21859 -26.21859 -26.21859 -26.21859 -26.21859 -26.21859 -26.21859 -26.21859
 -26.21859 -26.21859
 -26.26825 -26.26825 -26.26825 -26.26825 -26.26825 -26.26825 -26.26825 -26.26825
 -26.26825 -26.26825 -26.26825 -26.26825 -26.26825 -26.26825 -26.26825 -26.26825
 -26.26825 -26.26825 -26.26825 -26.26825 -26.26825 -26.26825 -26.26825 -26.26825
 -26.26825 -26.26825
 -26.31798 -26.31798 -26.31798 -26.31798 -26.31798 -26.31798 -26.31798 -26.31798
 -26.31798 -26.31798 -26.31798 -26.31798 -26.31798 -26.31798 -26.31798 -26.31798
 -26.31798 -26.31798 -26.31798 -26.31798 -26.31798 -26.31798 -26.31798 -26.31798
 -26.31798 -26.31798
 -26.36776 -26.36776 -26.36776 -26.36776 -26.36776 -26.36776 -26.36776 -26.36776
 -26.36776 -26.36776 -26.36776 -26.36776 -26.36776 -26.36776 -26.36776 -26.36776
 -26.36776 -26.36776 -26.36776 -26.36776 -26.36776 -26.36776 -26.36776 -26.36776
 -26.36776 -26.36776
 -26.41758 -26.41758 -26.41758 -26.41758 -26.41758 -26.41758 -26.41758 -26.41758
 -26.41758 -26.41758 -26.41758 -26.41758 -26.41758 -26.41758 -26.41758 -26.41758
 -26.41758 -26.41758 -26.41758 -26.41758 -26.41758 -26.41758 -26.41758 -26.41758
 -26.41758 -26.41758
 -26.46744 -26.46744 -26.46744 -26.46744 -26.46744 -26.46744 -26.46744 -26.46744
 -26.46744 -26.46744 -26.46744 -26.46744 -26.46744 -26.46744 -26.46744 -26.46744
 -26.46744 -26.46744 -26.46744 -26.46744 -26.46744 -26.46744 -26.46744 -26.46744
 -26.46744 -26.46744
 -26.51732 -26.51732 -26.51732 -26.51732 -26.51732 -26.51732 -26.51732 -26.51732
 -26.51732 -26.51732 -26.51732 -26.51732 -26.51732 -26.51732 -26.51732 -26.51732
 -26.51732 -26.51732 -26.51732 -26.51732 -26.51732 -26.51732 -26.51732 -26.51732
 -26.51732 -26.51732
 -26.56723 -26.56723 -26.56723 -26.56723 -26.56723 -26.56723 -26.56723 -26.56723
 -26.56723 -26.56723 -26.56723 -26.56723 -26.56723 -26.56723 -26.56723 -26.56723
 -26.56723 -26.56723 -26.56723 -26.56723 -26.56723 -26.56723 -26.56723 -26.56723
 -26.56723 -26.56723
 -26.61715 -26.61715 -26.61715 -26.61715 -26.61715 -26.61715 -26.61715 -26.61715
 -26.61715 -26.61715 -26.61715 -26.61715 -26.61715 -26.61715 -26.61715 -26.61715
 -26.61715 -26.61715 -26.61715 -26.61715 -26.61715 -26.61715 -26.61715 -26.61715
 -26.61715 -26.61715
 -26.66709 -26.66709 -26.66709 -26.66709 -26.66709 -26.66709 -26.66709 -26.66709
 -26.66709 -26.66709 -26.66709 -26.66709 -26.66709 -26.66709 -26.66709 -26.66709
 -26.66709 -26.66709 -26.66709 -26.66709 -26.66709 -26.66709 -26.66709 -26.66709
 -26.66709 -26.66709
 -26.71703 -26.71703 -26.71703 -26.71703 -26.71703 -26.71703 -26.71703 -26.71703
 -26.71703 -26.71703 -26.71703 -26.71703 -26.71703 -26.71703 -26.71703 -26.71703
 -26.71703 -26.71703 -26.71703 -26.71703 -26.71703 -26.71703 -26.71703 -26.71703
 -26.71703 -26.71703
 -26.76699 -26.76699 -26.76699 -26.76699 -26.76699 -26.76699 -26.76699 -26.76699
 -26.76699 -26.76699 -26.76699 -26.76699 -26.76699 -26.76699 -26.76699 -26.76699
 -26.76699 -26.76699 -26.76699 -26.76699 -26.76699 -26.76699 -26.76699 -26.76699
 -26.76699 -26.76699
 -26.81695 -26.81695 -26.81695 -26.81695 -26.81695 -26.81695 -26.81695 -26.81695
 -26.81695 -26.81695 -26.81695 -26.81695 -26.81695 -26.81695 -26.81695 -26.81695
 -26.81695 -26.81695 -26.81695 -26.81695 -26.81695 -26.81695 -26.81695 -26.81695
 -26.81695 -26.81695
 --------------------/ IGRD= 1  / IPRT= 0  /  967.67/ Z1= 3   / DATE= 20.01.95
 -30.12924 -30.12924 -30.12924 -30.12924 -30.12924 -30.12924 -30.12924 -30.12924
 -30.12924 -30.12924 -30.12924 -30.12924 -30.12924 -30.12924 -30.12924 -30.12924
 -30.12924 -30.12924 -30.12924 -30.12924 -30.12924 -30.12924 -30.12924 -30.12924
 -30.12924 -30.12924
 -29.03506 -29.03506 -29.03506 -29.03506 -29.03506 -29.03506 -29.03506 -29.03506
 -29.03506 -29.03506 -29.03506 -29.03506 -29.03506 -29.03506 -29.03506 -29.03506
 -29.03506 -29.03506 -29.03506 -29.03506 -29.03506 -29.03506 -29.03506 -29.03506
 -29.03506 -29.03506
 -28.17615 -28.17615 -28.17615 -28.17615 -28.17615 -28.17615 -28.17615 -28.17615
 -28.17615 -28.17615 -28.17615 -28.17615 -28.17615 -28.17615 -28.17615 -28.17615
 -28.17615 -28.17615 -28.17615 -28.17615 -28.17615 -28.17615 -28.17615 -28.17615
 -28.17615 -28.17615
 -27.50414 -27.50414 -27.50414 -27.50414 -27.50414 -27.50414 -27.50414 -27.50414
 -27.50414 -27.50414 -27.50414 -27.50414 -27.50414 -27.50414 -27.50414 -27.50414
 -27.50414 -27.50414 -27.50414 -27.50414 -27.50414 -27.50414 -27.50414 -27.50414
 -27.50414 -27.50414
 -26.98060 -26.98060 -26.98060 -26.98060 -26.98060 -26.98060 -26.98060 -26.98060
 -26.98060 -26.98060 -26.98060 -26.98060 -26.98060 -26.98060 -26.98060 -26.98060
 -26.98060 -26.98060 -26.98060 -26.98060 -26.98060 -26.98060 -26.98060 -26.98060
 -26.98060 -26.98060
 -26.57500 -26.57500 -26.57500 -26.57500 -26.57500 -26.57500 -26.57500 -26.57500
 -26.57500 -26.57500 -26.57500 -26.57500 -26.57500 -26.57500 -26.57500 -26.57500
 -26.57500 -26.57500 -26.57500 -26.57500 -26.57500 -26.57500 -26.57500 -26.57500
 -26.57500 -26.57500
 -26.26308 -26.26308 -26.26308 -26.26308 -26.26308 -26.26308 -26.26308 -26.26308
 -26.26308 -26.26308 -26.26308 -26.26308 -26.26308 -26.26308 -26.26308 -26.26308
 -26.26308 -26.26308 -26.26308 -26.26308 -26.26308 -26.26308 -26.26308 -26.26308
 -26.26308 -26.26308
 -26.02557 -26.02557 -26.02557 -26.02557 -26.02557 -26.02557 -26.02557 -26.02557
 -26.02557 -26.02557 -26.02557 -26.02557 -26.02557 -26.02557 -26.02557 -26.02557
 -26.02557 -26.02557 -26.02557 -26.02557 -26.02557 -26.02557 -26.02557 -26.02557
 -26.02557 -26.02557
 -25.84719 -25.84719 -25.84719 -25.84719 -25.84719 -25.84719 -25.84719 -25.84719
 -25.84719 -25.84719 -25.84719 -25.84719 -25.84719 -25.84719 -25.84719 -25.84719
 -25.84719 -25.84719 -25.84719 -25.84719 -25.84719 -25.84719 -25.84719 -25.84719
 -25.84719 -25.84719
 -25.71577 -25.71577 -25.71577 -25.71577 -25.71577 -25.71577 -25.71577 -25.71577
 -25.71577 -25.71577 -25.71577 -25.71577 -25.71577 -25.71577 -25.71577 -25.71577
 -25.71577 -25.71577 -25.71577 -25.71577 -25.71577 -25.71577 -25.71577 -25.71577
 -25.71577 -25.71577
 -25.62165 -25.62165 -25.62165 -25.62165 -25.62165 -25.62165 -25.62165 -25.62165
 -25.62165 -25.62165 -25.62165 -25.62165 -25.62165 -25.62165 -25.62165 -25.62165
 -25.62165 -25.62165 -25.62165 -25.62165 -25.62165 -25.62165 -25.62165 -25.62165
 -25.62165 -25.62165
 -25.55716 -25.55716 -25.55716 -25.55716 -25.55716 -25.55716 -25.55716 -25.55716
 -25.55716 -25.55716 -25.55716 -25.55716 -25.55716 -25.55716 -25.55716 -25.55716
 -25.55716 -25.55716 -25.55716 -25.55716 -25.55716 -25.55716 -25.55716 -25.55716
 -25.55716 -25.55716
 -25.51622 -25.51622 -25.51622 -25.51622 -25.51622 -25.51622 -25.51622 -25.51622
 -25.51622 -25.51622 -25.51622 -25.51622 -25.51622 -25.51622 -25.51622 -25.51622
 -25.51622 -25.51622 -25.51622 -25.51622 -25.51622 -25.51622 -25.51622 -25.51622
 -25.51622 -25.51622
 -25.49397 -25.49397 -25.49397 -25.49397 -25.49397 -25.49397 -25.49397 -25.49397
 -25.49397 -25.49397 -25.49397 -25.49397 -25.49397 -25.49397 -25.49397 -25.49397
 -25.49397 -25.49397 -25.49397 -25.49397 -25.49397 -25.49397 -25.49397 -25.49397
 -25.49397 -25.49397
 -25.48658 -25.48658 -25.48658 -25.48658 -25.48658 -25.48658 -25.48658 -25.48658
 -25.48658 -25.48658 -25.48658 -25.48658 -25.48658 -25.48658 -25.48658 -25.48658
 -25.48658 -25.48658 -25.48658 -25.48658 -25.48658 -25.48658 -25.48658 -25.48658
 -25.48658 -25.48658
 -25.49098 -25.49098 -25.49098 -25.49098 -25.49098 -25.49098 -25.49098 -25.49098
 -25.49098 -25.49098 -25.49098 -25.49098 -25.49098 -25.49098 -25.49098 -25.49098
 -25.49098 -25.49098 -25.49098 -25.49098 -25.49098 -25.49098 -25.49098 -25.49098
 -25.49098 -25.49098
 -25.50476 -25.50476 -25.50476 -25.50476 -25.50476 -25.50476 -25.50476 -25.50476
 -25.50476 -25.50476 -25.50476 -25.50476 -25.50476 -25.50476 -25.50476 -25.50476
 -25.50476 -25.50476 -25.50476 -25.50476 -25.50476 -25.50476 -25.50476 -25.50476
 -25.50476 -25.50476
 -25.52599 -25.52599 -25.52599 -25.52599 -25.52599 -25.52599 -25.52599 -25.52599
 -25.52599 -25.52599 -25.52599 -25.52599 -25.52599 -25.52599 -25.52599 -25.52599
 -25.52599 -25.52599 -25.52599 -25.52599 -25.52599 -25.52599 -25.52599 -25.52599
 -25.52599 -25.52599
 -25.55313 -25.55313 -25.55313 -25.55313 -25.55313 -25.55313 -25.55313 -25.55313
 -25.55313 -25.55313 -25.55313 -25.55313 -25.55313 -25.55313 -25.55313 -25.55313
 -25.55313 -25.55313 -25.55313 -25.55313 -25.55313 -25.55313 -25.55313 -25.55313
 -25.55313 -25.55313
 -25.58497 -25.58497 -25.58497 -25.58497 -25.58497 -25.58497 -25.58497 -25.58497
 -25.58497 -25.58497 -25.58497 -25.58497 -25.58497 -25.58497 -25.58497 -25.58497
 -25.58497 -25.58497 -25.58497 -25.58497 -25.58497 -25.58497 -25.58497 -25.58497
 -25.58497 -25.58497
 -25.62054 -25.62054 -25.62054 -25.62054 -25.62054 -25.62054 -25.62054 -25.62054
 -25.62054 -25.62054 -25.62054 -25.62054 -25.62054 -25.62054 -25.62054 -25.62054
 -25.62054 -25.62054 -25.62054 -25.62054 -25.62054 -25.62054 -25.62054 -25.62054
 -25.62054 -25.62054
 -25.65907 -25.65907 -25.65907 -25.65907 -25.65907 -25.65907 -25.65907 -25.65907
 -25.65907 -25.65907 -25.65907 -25.65907 -25.65907 -25.65907 -25.65907 -25.65907
 -25.65907 -25.65907 -25.65907 -25.65907 -25.65907 -25.65907 -25.65907 -25.65907
 -25.65907 -25.65907
 -25.69996 -25.69996 -25.69996 -25.69996 -25.69996 -25.69996 -25.69996 -25.69996
 -25.69996 -25.69996 -25.69996 -25.69996 -25.69996 -25.69996 -25.69996 -25.69996
 -25.69996 -25.69996 -25.69996 -25.69996 -25.69996 -25.69996 -25.69996 -25.69996
 -25.69996 -25.69996
 -25.74273 -25.74273 -25.74273 -25.74273 -25.74273 -25.74273 -25.74273 -25.74273
 -25.74273 -25.74273 -25.74273 -25.74273 -25.74273 -25.74273 -25.74273 -25.74273
 -25.74273 -25.74273 -25.74273 -25.74273 -25.74273 -25.74273 -25.74273 -25.74273
 -25.74273 -25.74273
 -25.78697 -25.78697 -25.78697 -25.78697 -25.78697 -25.78697 -25.78697 -25.78697
 -25.78697 -25.78697 -25.78697 -25.78697 -25.78697 -25.78697 -25.78697 -25.78697
 -25.78697 -25.78697 -25.78697 -25.78697 -25.78697 -25.78697 -25.78697 -25.78697
 -25.78697 -25.78697
 -25.83240 -25.83240 -25.83240 -25.83240 -25.83240 -25.83240 -25.83240 -25.83240
 -25.83240 -25.83240 -25.83240 -25.83240 -25.83240 -25.83240 -25.83240 -25.83240
 -25.83240 -25.83240 -25.83240 -25.83240 -25.83240 -25.83240 -25.83240 -25.83240
 -25.83240 -25.83240
 -25.87877 -25.87877 -25.87877 -25.87877 -25.87877 -25.87877 -25.87877 -25.87877
 -25.87877 -25.87877 -25.87877 -25.87877 -25.87877 -25.87877 -25.87877 -25.87877
 -25.87877 -25.87877 -25.87877 -25.87877 -25.87877 -25.87877 -25.87877 -25.87877
 -25.87877 -25.87877
 -25.92588 -25.92588 -25.92588 -25.92588 -25.92588 -25.92588 -25.92588 -25.92588
 -25.92588 -25.92588 -25.92588 -25.92588 -25.92588 -25.92588 -25.92588 -25.92588
 -25.92588 -25.92588 -25.92588 -25.92588 -25.92588 -25.92588 -25.92588 -25.92588
 -25.92588 -25.92588
 -25.97358 -25.97358 -25.97358 -25.97358 -25.97358 -25.97358 -25.97358 -25.97358
 -25.97358 -25.97358 -25.97358 -25.97358 -25.97358 -25.97358 -25.97358 -25.97358
 -25.97358 -25.97358 -25.97358 -25.97358 -25.97358 -25.97358 -25.97358 -25.97358
 -25.97358 -25.97358
 -26.02176 -26.02176 -26.02176 -26.02176 -26.02176 -26.02176 -26.02176 -26.02176
 -26.02176 -26.02176 -26.02176 -26.02176 -26.02176 -26.02176 -26.02176 -26.02176
 -26.02176 -26.02176 -26.02176 -26.02176 -26.02176 -26.02176 -26.02176 -26.02176
 -26.02176 -26.02176
 -26.07030 -26.07030 -26.07030 -26.07030 -26.07030 -26.07030 -26.07030 -26.07030
 -26.07030 -26.07030 -26.07030 -26.07030 -26.07030 -26.07030 -26.07030 -26.07030
 -26.07030 -26.07030 -26.07030 -26.07030 -26.07030 -26.07030 -26.07030 -26.07030
 -26.07030 -26.07030
 -26.11915 -26.11915 -26.11915 -26.11915 -26.11915 -26.11915 -26.11915 -26.11915
 -26.11915 -26.11915 -26.11915 -26.11915 -26.11915 -26.11915 -26.11915 -26.11915
 -26.11915 -26.11915 -26.11915 -26.11915 -26.11915 -26.11915 -26.11915 -26.11915
 -26.11915 -26.11915
 -26.16822 -26.16822 -26.16822 -26.16822 -26.16822 -26.16822 -26.16822 -26.16822
 -26.16822 -26.16822 -26.16822 -26.16822 -26.16822 -26.16822 -26.16822 -26.16822
 -26.16822 -26.16822 -26.16822 -26.16822 -26.16822 -26.16822 -26.16822 -26.16822
 -26.16822 -26.16822
 -26.21749 -26.21749 -26.21749 -26.21749 -26.21749 -26.21749 -26.21749 -26.21749
 -26.21749 -26.21749 -26.21749 -26.21749 -26.21749 -26.21749 -26.21749 -26.21749
 -26.21749 -26.21749 -26.21749 -26.21749 -26.21749 -26.21749 -26.21749 -26.21749
 -26.21749 -26.21749
 -26.26691 -26.26691 -26.26691 -26.26691 -26.26691 -26.26691 -26.26691 -26.26691
 -26.26691 -26.26691 -26.26691 -26.26691 -26.26691 -26.26691 -26.26691 -26.26691
 -26.26691 -26.26691 -26.26691 -26.26691 -26.26691 -26.26691 -26.26691 -26.26691
 -26.26691 -26.26691
 -26.31644 -26.31644 -26.31644 -26.31644 -26.31644 -26.31644 -26.31644 -26.31644
 -26.31644 -26.31644 -26.31644 -26.31644 -26.31644 -26.31644 -26.31644 -26.31644
 -26.31644 -26.31644 -26.31644 -26.31644 -26.31644 -26.31644 -26.31644 -26.31644
 -26.31644 -26.31644
 -26.36606 -26.36606 -26.36606 -26.36606 -26.36606 -26.36606 -26.36606 -26.36606
 -26.36606 -26.36606 -26.36606 -26.36606 -26.36606 -26.36606 -26.36606 -26.36606
 -26.36606 -26.36606 -26.36606 -26.36606 -26.36606 -26.36606 -26.36606 -26.36606
 -26.36606 -26.36606
 -26.41577 -26.41577 -26.41577 -26.41577 -26.41577 -26.41577 -26.41577 -26.41577
 -26.41577 -26.41577 -26.41577 -26.41577 -26.41577 -26.41577 -26.41577 -26.41577
 -26.41577 -26.41577 -26.41577 -26.41577 -26.41577 -26.41577 -26.41577 -26.41577
 -26.41577 -26.41577
 -26.46553 -26.46553 -26.46553 -26.46553 -26.46553 -26.46553 -26.46553 -26.46553
 -26.46553 -26.46553 -26.46553 -26.46553 -26.46553 -26.46553 -26.46553 -26.46553
 -26.46553 -26.46553 -26.46553 -26.46553 -26.46553 -26.46553 -26.46553 -26.46553
 -26.46553 -26.46553
 -26.51533 -26.51533 -26.51533 -26.51533 -26.51533 -26.51533 -26.51533 -26.51533
 -26.51533 -26.51533 -26.51533 -26.51533 -26.51533 -26.51533 -26.51533 -26.51533
 -26.51533 -26.51533 -26.51533 -26.51533 -26.51533 -26.51533 -26.51533 -26.51533
 -26.51533 -26.51533
 -26.56518 -26.56518 -26.56518 -26.56518 -26.56518 -26.56518 -26.56518 -26.56518
 -26.56518 -26.56518 -26.56518 -26.56518 -26.56518 -26.56518 -26.56518 -26.56518
 -26.56518 -26.56518 -26.56518 -26.56518 -26.56518 -26.56518 -26.56518 -26.56518
 -26.56518 -26.56518
 -26.61505 -26.61505 -26.61505 -26.61505 -26.61505 -26.61505 -26.61505 -26.61505
 -26.61505 -26.61505 -26.61505 -26.61505 -26.61505 -26.61505 -26.61505 -26.61505
 -26.61505 -26.61505 -26.61505 -26.61505 -26.61505 -26.61505 -26.61505 -26.61505
 -26.61505 -26.61505
 -26.66495 -26.66495 -26.66495 -26.66495 -26.66495 -26.66495 -26.66495 -26.66495
 -26.66495 -26.66495 -26.66495 -26.66495 -26.66495 -26.66495 -26.66495 -26.66495
 -26.66495 -26.66495 -26.66495 -26.66495 -26.66495 -26.66495 -26.66495 -26.66495
 -26.66495 -26.66495
 -26.71487 -26.71487 -26.71487 -26.71487 -26.71487 -26.71487 -26.71487 -26.71487
 -26.71487 -26.71487 -26.71487 -26.71487 -26.71487 -26.71487 -26.71487 -26.71487
 -26.71487 -26.71487 -26.71487 -26.71487 -26.71487 -26.71487 -26.71487 -26.71487
 -26.71487 -26.71487
 -26.76480 -26.76480 -26.76480 -26.76480 -26.76480 -26.76480 -26.76480 -26.76480
 -26.76480 -26.76480 -26.76480 -26.76480 -26.76480 -26.76480 -26.76480 -26.76480
 -26.76480 -26.76480 -26.76480 -26.76480 -26.76480 -26.76480 -26.76480 -26.76480
 -26.76480 -26.76480
 -26.81474 -26.81474 -26.81474 -26.81474 -26.81474 -26.81474 -26.81474 -26.81474
 -26.81474 -26.81474 -26.81474 -26.81474 -26.81474 -26.81474 -26.81474 -26.81474
 -26.81474 -26.81474 -26.81474 -26.81474 -26.81474 -26.81474 -26.81474 -26.81474
 -26.81474 -26.81474
 -26.86470 -26.86470 -26.86470 -26.86470 -26.86470 -26.86470 -26.86470 -26.86470
 -26.86470 -26.86470 -26.86470 -26.86470 -26.86470 -26.86470 -26.86470 -26.86470
 -26.86470 -26.86470 -26.86470 -26.86470 -26.86470 -26.86470 -26.86470 -26.86470
 -26.86470 -26.86470
 -26.91466 -26.91466 -26.91466 -26.91466 -26.91466 -26.91466 -26.91466 -26.91466
 -26.91466 -26.91466 -26.91466 -26.91466 -26.91466 -26.91466 -26.91466 -26.91466
 -26.91466 -26.91466 -26.91466 -26.91466 -26.91466 -26.91466 -26.91466 -26.91466
 -26.91466 -26.91466
 --------------------/ IGRD= 1  / IPRT= 0  /  817.83/ Z1= 4   / DATE= 20.01.95
 -30.48644 -30.48644 -30.48644 -30.48644 -30.48644 -30.48644 -30.48644 -30.48644
 -30.48644 -30.48644 -30.48644 -30.48644 -30.48644 -30.48644 -30.48644 -30.48644
 -30.48644 -30.48644 -30.48644 -30.48644 -30.48644 -30.48644 -30.48644 -30.48644
 -30.48644 -30.48644
 -29.18266 -29.18266 -29.18266 -29.18266 -29.18266 -29.18266 -29.18266 -29.18266
 -29.18266 -29.18266 -29.18266 -29.18266 -29.18266 -29.18266 -29.18266 -29.18266
 -29.18266 -29.18266 -29.18266 -29.18266 -29.18266 -29.18266 -29.18266 -29.18266
 -29.18266 -29.18266
 -28.15725 -28.15725 -28.15725 -28.15725 -28.15725 -28.15725 -28.15725 -28.15725
 -28.15725 -28.15725 -28.15725 -28.15725 -28.15725 -28.15725 -28.15725 -28.15725
 -28.15725 -28.15725 -28.15725 -28.15725 -28.15725 -28.15725 -28.15725 -28.15725
 -28.15725 -28.15725
 -27.35298 -27.35298 -27.35298 -27.35298 -27.35298 -27.35298 -27.35298 -27.35298
 -27.35298 -27.35298 -27.35298 -27.35298 -27.35298 -27.35298 -27.35298 -27.35298
 -27.35298 -27.35298 -27.35298 -27.35298 -27.35298 -27.35298 -27.35298 -27.35298
 -27.35298 -27.35298
 -26.72438 -26.72438 -26.72438 -26.72438 -26.72438 -26.72438 -26.72438 -26.72438
 -26.72438 -26.72438 -26.72438 -26.72438 -26.72438 -26.72438 -26.72438 -26.72438
 -26.72438 -26.72438 -26.72438 -26.72438 -26.72438 -26.72438 -26.72438 -26.72438
 -26.72438 -26.72438
 -26.23531 -26.23531 -26.23531 -26.23531 -26.23531 -26.23531 -26.23531 -26.23531
 -26.23531 -26.23531 -26.23531 -26.23531 -26.23531 -26.23531 -26.23531 -26.23531
 -26.23531 -26.23531 -26.23531 -26.23531 -26.23531 -26.23531 -26.23531 -26.23531
 -26.23531 -26.23531
 -25.85709 -25.85709 -25.85709 -25.85709 -25.85709 -25.85709 -25.85709 -25.85709
 -25.85709 -25.85709 -25.85709 -25.85709 -25.85709 -25.85709 -25.85709 -25.85709
 -25.85709 -25.85709 -25.85709 -25.85709 -25.85709 -25.85709 -25.85709 -25.85709
 -25.85709 -25.85709
 -25.56693 -25.56693 -25.56693 -25.56693 -25.56693 -25.56693 -25.56693 -25.56693
 -25.56693 -25.56693 -25.56693 -25.56693 -25.56693 -25.56693 -25.56693 -25.56693
 -25.56693 -25.56693 -25.56693 -25.56693 -25.56693 -25.56693 -25.56693 -25.56693
 -25.56693 -25.56693
 -25.34671 -25.34671 -25.34671 -25.34671 -25.34671 -25.34671 -25.34671 -25.34671
 -25.34671 -25.34671 -25.34671 -25.34671 -25.34671 -25.34671 -25.34671 -25.34671
 -25.34671 -25.34671 -25.34671 -25.34671 -25.34671 -25.34671 -25.34671 -25.34671
 -25.34671 -25.34671
 -25.18205 -25.18205 -25.18205 -25.18205 -25.18205 -25.18205 -25.18205 -25.18205
 -25.18205 -25.18205 -25.18205 -25.18205 -25.18205 -25.18205 -25.18205 -25.18205
 -25.18205 -25.18205 -25.18205 -25.18205 -25.18205 -25.18205 -25.18205 -25.18205
 -25.18205 -25.18205
 -25.06154 -25.06154 -25.06154 -25.06154 -25.06154 -25.06154 -25.06154 -25.06154
 -25.06154 -25.06154 -25.06154 -25.06154 -25.06154 -25.06154 -25.06154 -25.06154
 -25.06154 -25.06154 -25.06154 -25.06154 -25.06154 -25.06154 -25.06154 -25.06154
 -25.06154 -25.06154
 -24.97608 -24.97608 -24.97608 -24.97608 -24.97608 -24.97608 -24.97608 -24.97608
 -24.97608 -24.97608 -24.97608 -24.97608 -24.97608 -24.97608 -24.97608 -24.97608
 -24.97608 -24.97608 -24.97608 -24.97608 -24.97608 -24.97608 -24.97608 -24.97608
 -24.97608 -24.97608
 -24.91848 -24.91848 -24.91848 -24.91848 -24.91848 -24.91848 -24.91848 -24.91848
 -24.91848 -24.91848 -24.91848 -24.91848 -24.91848 -24.91848 -24.91848 -24.91848
 -24.91848 -24.91848 -24.91848 -24.91848 -24.91848 -24.91848 -24.91848 -24.91848
 -24.91848 -24.91848
 -24.88300 -24.88300 -24.88300 -24.88300 -24.88300 -24.88300 -24.88300 -24.88300
 -24.88300 -24.88300 -24.88300 -24.88300 -24.88300 -24.88300 -24.88300 -24.88300
 -24.88300 -24.88300 -24.88300 -24.88300 -24.88300 -24.88300 -24.88300 -24.88300
 -24.88300 -24.88300
 -24.86509 -24.86509 -24.86509 -24.86509 -24.86509 -24.86509 -24.86509 -24.86509
 -24.86509 -24.86509 -24.86509 -24.86509 -24.86509 -24.86509 -24.86509 -24.86509
 -24.86509 -24.86509 -24.86509 -24.86509 -24.86509 -24.86509 -24.86509 -24.86509
 -24.86509 -24.86509
 -24.86115 -24.86115 -24.86115 -24.86115 -24.86115 -24.86115 -24.86115 -24.86115
 -24.86115 -24.86115 -24.86115 -24.86115 -24.86115 -24.86115 -24.86115 -24.86115
 -24.86115 -24.86115 -24.86115 -24.86115 -24.86115 -24.86115 -24.86115 -24.86115
 -24.86115 -24.86115
 -24.86829 -24.86829 -24.86829 -24.86829 -24.86829 -24.86829 -24.86829 -24.86829
 -24.86829 -24.86829 -24.86829 -24.86829 -24.86829 -24.86829 -24.86829 -24.86829
 -24.86829 -24.86829 -24.86829 -24.86829 -24.86829 -24.86829 -24.86829 -24.86829
 -24.86829 -24.86829
 -24.88425 -24.88425 -24.88425 -24.88425 -24.88425 -24.88425 -24.88425 -24.88425
 -24.88425 -24.88425 -24.88425 -24.88425 -24.88425 -24.88425 -24.88425 -24.88425
 -24.88425 -24.88425 -24.88425 -24.88425 -24.88425 -24.88425 -24.88425 -24.88425
 -24.88425 -24.88425
 -24.90721 -24.90721 -24.90721 -24.90721 -24.90721 -24.90721 -24.90721 -24.90721
 -24.90721 -24.90721 -24.90721 -24.90721 -24.90721 -24.90721 -24.90721 -24.90721
 -24.90721 -24.90721 -24.90721 -24.90721 -24.90721 -24.90721 -24.90721 -24.90721
 -24.90721 -24.90721
 -24.93572 -24.93572 -24.93572 -24.93572 -24.93572 -24.93572 -24.93572 -24.93572
 -24.93572 -24.93572 -24.93572 -24.93572 -24.93572 -24.93572 -24.93572 -24.93572
 -24.93572 -24.93572 -24.93572 -24.93572 -24.93572 -24.93572 -24.93572 -24.93572
 -24.93572 -24.93572
 -24.96865 -24.96865 -24.96865 -24.96865 -24.96865 -24.96865 -24.96865 -24.96865
 -24.96865 -24.96865 -24.96865 -24.96865 -24.96865 -24.96865 -24.96865 -24.96865
 -24.96865 -24.96865 -24.96865 -24.96865 -24.96865 -24.96865 -24.96865 -24.96865
 -24.96865 -24.96865
 -25.00509 -25.00509 -25.00509 -25.00509 -25.00509 -25.00509 -25.00509 -25.00509
 -25.00509 -25.00509 -25.00509 -25.00509 -25.00509 -25.00509 -25.00509 -25.00509
 -25.00509 -25.00509 -25.00509 -25.00509 -25.00509 -25.00509 -25.00509 -25.00509
 -25.00509 -25.00509
 -25.04431 -25.04431 -25.04431 -25.04431 -25.04431 -25.04431 -25.04431 -25.04431
 -25.04431 -25.04431 -25.04431 -25.04431 -25.04431 -25.04431 -25.04431 -25.04431
 -25.04431 -25.04431 -25.04431 -25.04431 -25.04431 -25.04431 -25.04431 -25.04431
 -25.04431 -25.04431
 -25.08575 -25.08575 -25.08575 -25.08575 -25.08575 -25.08575 -25.08575 -25.08575
 -25.08575 -25.08575 -25.08575 -25.08575 -25.08575 -25.08575 -25.08575 -25.08575
 -25.08575 -25.08575 -25.08575 -25.08575 -25.08575 -25.08575 -25.08575 -25.08575
 -25.08575 -25.08575
 -25.12895 -25.12895 -25.12895 -25.12895 -25.12895 -25.12895 -25.12895 -25.12895
 -25.12895 -25.12895 -25.12895 -25.12895 -25.12895 -25.12895 -25.12895 -25.12895
 -25.12895 -25.12895 -25.12895 -25.12895 -25.12895 -25.12895 -25.12895 -25.12895
 -25.12895 -25.12895
 -25.17354 -25.17354 -25.17354 -25.17354 -25.17354 -25.17354 -25.17354 -25.17354
 -25.17354 -25.17354 -25.17354 -25.17354 -25.17354 -25.17354 -25.17354 -25.17354
 -25.17354 -25.17354 -25.17354 -25.17354 -25.17354 -25.17354 -25.17354 -25.17354
 -25.17354 -25.17354
 -25.21924 -25.21924 -25.21924 -25.21924 -25.21924 -25.21924 -25.21924 -25.21924
 -25.21924 -25.21924 -25.21924 -25.21924 -25.21924 -25.21924 -25.21924 -25.21924
 -25.21924 -25.21924 -25.21924 -25.21924 -25.21924 -25.21924 -25.21924 -25.21924
 -25.21924 -25.21924
 -25.26582 -25.26582 -25.26582 -25.26582 -25.26582 -25.26582 -25.26582 -25.26582
 -25.26582 -25.26582 -25.26582 -25.26582 -25.26582 -25.26582 -25.26582 -25.26582
 -25.26582 -25.26582 -25.26582 -25.26582 -25.26582 -25.26582 -25.26582 -25.26582
 -25.26582 -25.26582
 -25.31311 -25.31311 -25.31311 -25.31311 -25.31311 -25.31311 -25.31311 -25.31311
 -25.31311 -25.31311 -25.31311 -25.31311 -25.31311 -25.31311 -25.31311 -25.31311
 -25.31311 -25.31311 -25.31311 -25.31311 -25.31311 -25.31311 -25.31311 -25.31311
 -25.31311 -25.31311
 -25.36095 -25.36095 -25.36095 -25.36095 -25.36095 -25.36095 -25.36095 -25.36095
 -25.36095 -25.36095 -25.36095 -25.36095 -25.36095 -25.36095 -25.36095 -25.36095
 -25.36095 -25.36095 -25.36095 -25.36095 -25.36095 -25.36095 -25.36095 -25.36095
 -25.36095 -25.36095
 -25.40923 -25.40923 -25.40923 -25.40923 -25.40923 -25.40923 -25.40923 -25.40923
 -25.40923 -25.40923 -25.40923 -25.40923 -25.40923 -25.40923 -25.40923 -25.40923
 -25.40923 -25.40923 -25.40923 -25.40923 -25.40923 -25.40923 -25.40923 -25.40923
 -25.40923 -25.40923
 -25.45787 -25.45787 -25.45787 -25.45787 -25.45787 -25.45787 -25.45787 -25.45787
 -25.45787 -25.45787 -25.45787 -25.45787 -25.45787 -25.45787 -25.45787 -25.45787
 -25.45787 -25.45787 -25.45787 -25.45787 -25.45787 -25.45787 -25.45787 -25.45787
 -25.45787 -25.45787
 -25.50678 -25.50678 -25.50678 -25.50678 -25.50678 -25.50678 -25.50678 -25.50678
 -25.50678 -25.50678 -25.50678 -25.50678 -25.50678 -25.50678 -25.50678 -25.50678
 -25.50678 -25.50678 -25.50678 -25.50678 -25.50678 -25.50678 -25.50678 -25.50678
 -25.50678 -25.50678
 -25.55591 -25.55591 -25.55591 -25.55591 -25.55591 -25.55591 -25.55591 -25.55591
 -25.55591 -25.55591 -25.55591 -25.55591 -25.55591 -25.55591 -25.55591 -25.55591
 -25.55591 -25.55591 -25.55591 -25.55591 -25.55591 -25.55591 -25.55591 -25.55591
 -25.55591 -25.55591
 -25.60522 -25.60522 -25.60522 -25.60522 -25.60522 -25.60522 -25.60522 -25.60522
 -25.60522 -25.60522 -25.60522 -25.60522 -25.60522 -25.60522 -25.60522 -25.60522
 -25.60522 -25.60522 -25.60522 -25.60522 -25.60522 -25.60522 -25.60522 -25.60522
 -25.60522 -25.60522
 -25.65467 -25.65467 -25.65467 -25.65467 -25.65467 -25.65467 -25.65467 -25.65467
 -25.65467 -25.65467 -25.65467 -25.65467 -25.65467 -25.65467 -25.65467 -25.65467
 -25.65467 -25.65467 -25.65467 -25.65467 -25.65467 -25.65467 -25.65467 -25.65467
 -25.65467 -25.65467
 -25.70423 -25.70423 -25.70423 -25.70423 -25.70423 -25.70423 -25.70423 -25.70423
 -25.70423 -25.70423 -25.70423 -25.70423 -25.70423 -25.70423 -25.70423 -25.70423
 -25.70423 -25.70423 -25.70423 -25.70423 -25.70423 -25.70423 -25.70423 -25.70423
 -25.70423 -25.70423
 -25.75388 -25.75388 -25.75388 -25.75388 -25.75388 -25.75388 -25.75388 -25.75388
 -25.75388 -25.75388 -25.75388 -25.75388 -25.75388 -25.75388 -25.75388 -25.75388
 -25.75388 -25.75388 -25.75388 -25.75388 -25.75388 -25.75388 -25.75388 -25.75388
 -25.75388 -25.75388
 -25.80360 -25.80360 -25.80360 -25.80360 -25.80360 -25.80360 -25.80360 -25.80360
 -25.80360 -25.80360 -25.80360 -25.80360 -25.80360 -25.80360 -25.80360 -25.80360
 -25.80360 -25.80360 -25.80360 -25.80360 -25.80360 -25.80360 -25.80360 -25.80360
 -25.80360 -25.80360
 -25.85337 -25.85337 -25.85337 -25.85337 -25.85337 -25.85337 -25.85337 -25.85337
 -25.85337 -25.85337 -25.85337 -25.85337 -25.85337 -25.85337 -25.85337 -25.85337
 -25.85337 -25.85337 -25.85337 -25.85337 -25.85337 -25.85337 -25.85337 -25.85337
 -25.85337 -25.85337
 -25.90319 -25.90319 -25.90319 -25.90319 -25.90319 -25.90319 -25.90319 -25.90319
 -25.90319 -25.90319 -25.90319 -25.90319 -25.90319 -25.90319 -25.90319 -25.90319
 -25.90319 -25.90319 -25.90319 -25.90319 -25.90319 -25.90319 -25.90319 -25.90319
 -25.90319 -25.90319
 -25.95304 -25.95304 -25.95304 -25.95304 -25.95304 -25.95304 -25.95304 -25.95304
 -25.95304 -25.95304 -25.95304 -25.95304 -25.95304 -25.95304 -25.95304 -25.95304
 -25.95304 -25.95304 -25.95304 -25.95304 -25.95304 -25.95304 -25.95304 -25.95304
 -25.95304 -25.95304
 -26.00292 -26.00292 -26.00292 -26.00292 -26.00292 -26.00292 -26.00292 -26.00292
 -26.00292 -26.00292 -26.00292 -26.00292 -26.00292 -26.00292 -26.00292 -26.00292
 -26.00292 -26.00292 -26.00292 -26.00292 -26.00292 -26.00292 -26.00292 -26.00292
 -26.00292 -26.00292
 -26.05283 -26.05283 -26.05283 -26.05283 -26.05283 -26.05283 -26.05283 -26.05283
 -26.05283 -26.05283 -26.05283 -26.05283 -26.05283 -26.05283 -26.05283 -26.05283
 -26.05283 -26.05283 -26.05283 -26.05283 -26.05283 -26.05283 -26.05283 -26.05283
 -26.05283 -26.05283
 -26.10275 -26.10275 -26.10275 -26.10275 -26.10275 -26.10275 -26.10275 -26.10275
 -26.10275 -26.10275 -26.10275 -26.10275 -26.10275 -26.10275 -26.10275 -26.10275
 -26.10275 -26.10275 -26.10275 -26.10275 -26.10275 -26.10275 -26.10275 -26.10275
 -26.10275 -26.10275
 -26.15268 -26.15268 -26.15268 -26.15268 -26.15268 -26.15268 -26.15268 -26.15268
 -26.15268 -26.15268 -26.15268 -26.15268 -26.15268 -26.15268 -26.15268 -26.15268
 -26.15268 -26.15268 -26.15268 -26.15268 -26.15268 -26.15268 -26.15268 -26.15268
 -26.15268 -26.15268
 -26.20263 -26.20263 -26.20263 -26.20263 -26.20263 -26.20263 -26.20263 -26.20263
 -26.20263 -26.20263 -26.20263 -26.20263 -26.20263 -26.20263 -26.20263 -26.20263
 -26.20263 -26.20263 -26.20263 -26.20263 -26.20263 -26.20263 -26.20263 -26.20263
 -26.20263 -26.20263
 -26.25258 -26.25258 -26.25258 -26.25258 -26.25258 -26.25258 -26.25258 -26.25258
 -26.25258 -26.25258 -26.25258 -26.25258 -26.25258 -26.25258 -26.25258 -26.25258
 -26.25258 -26.25258 -26.25258 -26.25258 -26.25258 -26.25258 -26.25258 -26.25258
 -26.25258 -26.25258
 --------------------/ IGRD= 1  / IPRT= 0  / 1238.96/ Z1= 5   / DATE= 20.01.95
 -28.55400 -28.55400 -28.55400 -28.55400 -28.55400 -28.55400 -28.55400 -28.55400
 -28.55400 -28.55400 -28.55400 -28.55400 -28.55400 -28.55400 -28.55400 -28.55400
 -28.55400 -28.55400 -28.55400 -28.55400 -28.55400 -28.55400 -28.55400 -28.55400
 -28.55400 -28.55400
 -27.71041 -27.71041 -27.71041 -27.71041 -27.71041 -27.71041 -27.71041 -27.71041
 -27.71041 -27.71041 -27.71041 -27.71041 -27.71041 -27.71041 -27.71041 -27.71041
 -27.71041 -27.71041 -27.71041 -27.71041 -27.71041 -27.71041 -27.71041 -27.71041
 -27.71041 -27.71041
 -27.05056 -27.05056 -27.05056 -27.05056 -27.05056 -27.05056 -27.05056 -27.05056
 -27.05056 -27.05056 -27.05056 -27.05056 -27.05056 -27.05056 -27.05056 -27.05056
 -27.05056 -27.05056 -27.05056 -27.05056 -27.05056 -27.05056 -27.05056 -27.05056
 -27.05056 -27.05056
 -26.53668 -26.53668 -26.53668 -26.53668 -26.53668 -26.53668 -26.53668 -26.53668
 -26.53668 -26.53668 -26.53668 -26.53668 -26.53668 -26.53668 -26.53668 -26.53668
 -26.53668 -26.53668 -26.53668 -26.53668 -26.53668 -26.53668 -26.53668 -26.53668
 -26.53668 -26.53668
 -26.13875 -26.13875 -26.13875 -26.13875 -26.13875 -26.13875 -26.13875 -26.13875
 -26.13875 -26.13875 -26.13875 -26.13875 -26.13875 -26.13875 -26.13875 -26.13875
 -26.13875 -26.13875 -26.13875 -26.13875 -26.13875 -26.13875 -26.13875 -26.13875
 -26.13875 -26.13875
 -25.83293 -25.83293 -25.83293 -25.83293 -25.83293 -25.83293 -25.83293 -25.83293
 -25.83293 -25.83293 -25.83293 -25.83293 -25.83293 -25.83293 -25.83293 -25.83293
 -25.83293 -25.83293 -25.83293 -25.83293 -25.83293 -25.83293 -25.83293 -25.83293
 -25.83293 -25.83293
 -25.60027 -25.60027 -25.60027 -25.60027 -25.60027 -25.60027 -25.60027 -25.60027
 -25.60027 -25.60027 -25.60027 -25.60027 -25.60027 -25.60027 -25.60027 -25.60027
 -25.60027 -25.60027 -25.60027 -25.60027 -25.60027 -25.60027 -25.60027 -25.60027
 -25.60027 -25.60027
 -25.42573 -25.42573 -25.42573 -25.42573 -25.42573 -25.42573 -25.42573 -25.42573
 -25.42573 -25.42573 -25.42573 -25.42573 -25.42573 -25.42573 -25.42573 -25.42573
 -25.42573 -25.42573 -25.42573 -25.42573 -25.42573 -25.42573 -25.42573 -25.42573
 -25.42573 -25.42573
 -25.29737 -25.29737 -25.29737 -25.29737 -25.29737 -25.29737 -25.29737 -25.29737
 -25.29737 -25.29737 -25.29737 -25.29737 -25.29737 -25.29737 -25.29737 -25.29737
 -25.29737 -25.29737 -25.29737 -25.29737 -25.29737 -25.29737 -25.29737 -25.29737
 -25.29737 -25.29737
 -25.20567 -25.20567 -25.20567 -25.20567 -25.20567 -25.20567 -25.20567 -25.20567
 -25.20567 -25.20567 -25.20567 -25.20567 -25.20567 -25.20567 -25.20567 -25.20567
 -25.20567 -25.20567 -25.20567 -25.20567 -25.20567 -25.20567 -25.20567 -25.20567
 -25.20567 -25.20567
 -25.14312 -25.14312 -25.14312 -25.14312 -25.14312 -25.14312 -25.14312 -25.14312
 -25.14312 -25.14312 -25.14312 -25.14312 -25.14312 -25.14312 -25.14312 -25.14312
 -25.14312 -25.14312 -25.14312 -25.14312 -25.14312 -25.14312 -25.14312 -25.14312
 -25.14312 -25.14312
 -25.10370 -25.10370 -25.10370 -25.10370 -25.10370 -25.10370 -25.10370 -25.10370
 -25.10370 -25.10370 -25.10370 -25.10370 -25.10370 -25.10370 -25.10370 -25.10370
 -25.10370 -25.10370 -25.10370 -25.10370 -25.10370 -25.10370 -25.10370 -25.10370
 -25.10370 -25.10370
 -25.08267 -25.08267 -25.08267 -25.08267 -25.08267 -25.08267 -25.08267 -25.08267
 -25.08267 -25.08267 -25.08267 -25.08267 -25.08267 -25.08267 -25.08267 -25.08267
 -25.08267 -25.08267 -25.08267 -25.08267 -25.08267 -25.08267 -25.08267 -25.08267
 -25.08267 -25.08267
 -25.07625 -25.07625 -25.07625 -25.07625 -25.07625 -25.07625 -25.07625 -25.07625
 -25.07625 -25.07625 -25.07625 -25.07625 -25.07625 -25.07625 -25.07625 -25.07625
 -25.07625 -25.07625 -25.07625 -25.07625 -25.07625 -25.07625 -25.07625 -25.07625
 -25.07625 -25.07625
 -25.08142 -25.08142 -25.08142 -25.08142 -25.08142 -25.08142 -25.08142 -25.08142
 -25.08142 -25.08142 -25.08142 -25.08142 -25.08142 -25.08142 -25.08142 -25.08142
 -25.08142 -25.08142 -25.08142 -25.08142 -25.08142 -25.08142 -25.08142 -25.08142
 -25.08142 -25.08142
 -25.09581 -25.09581 -25.09581 -25.09581 -25.09581 -25.09581 -25.09581 -25.09581
 -25.09581 -25.09581 -25.09581 -25.09581 -25.09581 -25.09581 -25.09581 -25.09581
 -25.09581 -25.09581 -25.09581 -25.09581 -25.09581 -25.09581 -25.09581 -25.09581
 -25.09581 -25.09581
 -25.11752 -25.11752 -25.11752 -25.11752 -25.11752 -25.11752 -25.11752 -25.11752
 -25.11752 -25.11752 -25.11752 -25.11752 -25.11752 -25.11752 -25.11752 -25.11752
 -25.11752 -25.11752 -25.11752 -25.11752 -25.11752 -25.11752 -25.11752 -25.11752
 -25.11752 -25.11752
 -25.14504 -25.14504 -25.14504 -25.14504 -25.14504 -25.14504 -25.14504 -25.14504
 -25.14504 -25.14504 -25.14504 -25.14504 -25.14504 -25.14504 -25.14504 -25.14504
 -25.14504 -25.14504 -25.14504 -25.14504 -25.14504 -25.14504 -25.14504 -25.14504
 -25.14504 -25.14504
 -25.17719 -25.17719 -25.17719 -25.17719 -25.17719 -25.17719 -25.17719 -25.17719
 -25.17719 -25.17719 -25.17719 -25.17719 -25.17719 -25.17719 -25.17719 -25.17719
 -25.17719 -25.17719 -25.17719 -25.17719 -25.17719 -25.17719 -25.17719 -25.17719
 -25.17719 -25.17719
 -25.21300 -25.21300 -25.21300 -25.21300 -25.21300 -25.21300 -25.21300 -25.21300
 -25.21300 -25.21300 -25.21300 -25.21300 -25.21300 -25.21300 -25.21300 -25.21300
 -25.21300 -25.21300 -25.21300 -25.21300 -25.21300 -25.21300 -25.21300 -25.21300
 -25.21300 -25.21300
 -25.25173 -25.25173 -25.25173 -25.25173 -25.25173 -25.25173 -25.25173 -25.25173
 -25.25173 -25.25173 -25.25173 -25.25173 -25.25173 -25.25173 -25.25173 -25.25173
 -25.25173 -25.25173 -25.25173 -25.25173 -25.25173 -25.25173 -25.25173 -25.25173
 -25.25173 -25.25173
 -25.29278 -25.29278 -25.29278 -25.29278 -25.29278 -25.29278 -25.29278 -25.29278
 -25.29278 -25.29278 -25.29278 -25.29278 -25.29278 -25.29278 -25.29278 -25.29278
 -25.29278 -25.29278 -25.29278 -25.29278 -25.29278 -25.29278 -25.29278 -25.29278
 -25.29278 -25.29278
 -25.33566 -25.33566 -25.33566 -25.33566 -25.33566 -25.33566 -25.33566 -25.33566
 -25.33566 -25.33566 -25.33566 -25.33566 -25.33566 -25.33566 -25.33566 -25.33566
 -25.33566 -25.33566 -25.33566 -25.33566 -25.33566 -25.33566 -25.33566 -25.33566
 -25.33566 -25.33566
 -25.38000 -25.38000 -25.38000 -25.38000 -25.38000 -25.38000 -25.38000 -25.38000
 -25.38000 -25.38000 -25.38000 -25.38000 -25.38000 -25.38000 -25.38000 -25.38000
 -25.38000 -25.38000 -25.38000 -25.38000 -25.38000 -25.38000 -25.38000 -25.38000
 -25.38000 -25.38000
 -25.42551 -25.42551 -25.42551 -25.42551 -25.42551 -25.42551 -25.42551 -25.42551
 -25.42551 -25.42551 -25.42551 -25.42551 -25.42551 -25.42551 -25.42551 -25.42551
 -25.42551 -25.42551 -25.42551 -25.42551 -25.42551 -25.42551 -25.42551 -25.42551
 -25.42551 -25.42551
 -25.47194 -25.47194 -25.47194 -25.47194 -25.47194 -25.47194 -25.47194 -25.47194
 -25.47194 -25.47194 -25.47194 -25.47194 -25.47194 -25.47194 -25.47194 -25.47194
 -25.47194 -25.47194 -25.47194 -25.47194 -25.47194 -25.47194 -25.47194 -25.47194
 -25.47194 -25.47194
 -25.51910 -25.51910 -25.51910 -25.51910 -25.51910 -25.51910 -25.51910 -25.51910
 -25.51910 -25.51910 -25.51910 -25.51910 -25.51910 -25.51910 -25.51910 -25.51910
 -25.51910 -25.51910 -25.51910 -25.51910 -25.51910 -25.51910 -25.51910 -25.51910
 -25.51910 -25.51910
 -25.56684 -25.56684 -25.56684 -25.56684 -25.56684 -25.56684 -25.56684 -25.56684
 -25.56684 -25.56684 -25.56684 -25.56684 -25.56684 -25.56684 -25.56684 -25.56684
 -25.56684 -25.56684 -25.56684 -25.56684 -25.56684 -25.56684 -25.56684 -25.56684
 -25.56684 -25.56684
 -25.61504 -25.61504 -25.61504 -25.61504 -25.61504 -25.61504 -25.61504 -25.61504
 -25.61504 -25.61504 -25.61504 -25.61504 -25.61504 -25.61504 -25.61504 -25.61504
 -25.61504 -25.61504 -25.61504 -25.61504 -25.61504 -25.61504 -25.61504 -25.61504
 -25.61504 -25.61504
 -25.66361 -25.66361 -25.66361 -25.66361 -25.66361 -25.66361 -25.66361 -25.66361
 -25.66361 -25.66361 -25.66361 -25.66361 -25.66361 -25.66361 -25.66361 -25.66361
 -25.66361 -25.66361 -25.66361 -25.66361 -25.66361 -25.66361 -25.66361 -25.66361
 -25.66361 -25.66361
 -25.71247 -25.71247 -25.71247 -25.71247 -25.71247 -25.71247 -25.71247 -25.71247
 -25.71247 -25.71247 -25.71247 -25.71247 -25.71247 -25.71247 -25.71247 -25.71247
 -25.71247 -25.71247 -25.71247 -25.71247 -25.71247 -25.71247 -25.71247 -25.71247
 -25.71247 -25.71247
 -25.76157 -25.76157 -25.76157 -25.76157 -25.76157 -25.76157 -25.76157 -25.76157
 -25.76157 -25.76157 -25.76157 -25.76157 -25.76157 -25.76157 -25.76157 -25.76157
 -25.76157 -25.76157 -25.76157 -25.76157 -25.76157 -25.76157 -25.76157 -25.76157
 -25.76157 -25.76157
 -25.81085 -25.81085 -25.81085 -25.81085 -25.81085 -25.81085 -25.81085 -25.81085
 -25.81085 -25.81085 -25.81085 -25.81085 -25.81085 -25.81085 -25.81085 -25.81085
 -25.81085 -25.81085 -25.81085 -25.81085 -25.81085 -25.81085 -25.81085 -25.81085
 -25.81085 -25.81085
 -25.86027 -25.86027 -25.86027 -25.86027 -25.86027 -25.86027 -25.86027 -25.86027
 -25.86027 -25.86027 -25.86027 -25.86027 -25.86027 -25.86027 -25.86027 -25.86027
 -25.86027 -25.86027 -25.86027 -25.86027 -25.86027 -25.86027 -25.86027 -25.86027
 -25.86027 -25.86027
 -25.90981 -25.90981 -25.90981 -25.90981 -25.90981 -25.90981 -25.90981 -25.90981
 -25.90981 -25.90981 -25.90981 -25.90981 -25.90981 -25.90981 -25.90981 -25.90981
 -25.90981 -25.90981 -25.90981 -25.90981 -25.90981 -25.90981 -25.90981 -25.90981
 -25.90981 -25.90981
 -25.95944 -25.95944 -25.95944 -25.95944 -25.95944 -25.95944 -25.95944 -25.95944
 -25.95944 -25.95944 -25.95944 -25.95944 -25.95944 -25.95944 -25.95944 -25.95944
 -25.95944 -25.95944 -25.95944 -25.95944 -25.95944 -25.95944 -25.95944 -25.95944
 -25.95944 -25.95944
 -26.00915 -26.00915 -26.00915 -26.00915 -26.00915 -26.00915 -26.00915 -26.00915
 -26.00915 -26.00915 -26.00915 -26.00915 -26.00915 -26.00915 -26.00915 -26.00915
 -26.00915 -26.00915 -26.00915 -26.00915 -26.00915 -26.00915 -26.00915 -26.00915
 -26.00915 -26.00915
 -26.05891 -26.05891 -26.05891 -26.05891 -26.05891 -26.05891 -26.05891 -26.05891
 -26.05891 -26.05891 -26.05891 -26.05891 -26.05891 -26.05891 -26.05891 -26.05891
 -26.05891 -26.05891 -26.05891 -26.05891 -26.05891 -26.05891 -26.05891 -26.05891
 -26.05891 -26.05891
 -26.10873 -26.10873 -26.10873 -26.10873 -26.10873 -26.10873 -26.10873 -26.10873
 -26.10873 -26.10873 -26.10873 -26.10873 -26.10873 -26.10873 -26.10873 -26.10873
 -26.10873 -26.10873 -26.10873 -26.10873 -26.10873 -26.10873 -26.10873 -26.10873
 -26.10873 -26.10873
 -26.15857 -26.15857 -26.15857 -26.15857 -26.15857 -26.15857 -26.15857 -26.15857
 -26.15857 -26.15857 -26.15857 -26.15857 -26.15857 -26.15857 -26.15857 -26.15857
 -26.15857 -26.15857 -26.15857 -26.15857 -26.15857 -26.15857 -26.15857 -26.15857
 -26.15857 -26.15857
 -26.20845 -26.20845 -26.20845 -26.20845 -26.20845 -26.20845 -26.20845 -26.20845
 -26.20845 -26.20845 -26.20845 -26.20845 -26.20845 -26.20845 -26.20845 -26.20845
 -26.20845 -26.20845 -26.20845 -26.20845 -26.20845 -26.20845 -26.20845 -26.20845
 -26.20845 -26.20845
 -26.25835 -26.25835 -26.25835 -26.25835 -26.25835 -26.25835 -26.25835 -26.25835
 -26.25835 -26.25835 -26.25835 -26.25835 -26.25835 -26.25835 -26.25835 -26.25835
 -26.25835 -26.25835 -26.25835 -26.25835 -26.25835 -26.25835 -26.25835 -26.25835
 -26.25835 -26.25835
 -26.30827 -26.30827 -26.30827 -26.30827 -26.30827 -26.30827 -26.30827 -26.30827
 -26.30827 -26.30827 -26.30827 -26.30827 -26.30827 -26.30827 -26.30827 -26.30827
 -26.30827 -26.30827 -26.30827 -26.30827 -26.30827 -26.30827 -26.30827 -26.30827
 -26.30827 -26.30827
 -26.35820 -26.35820 -26.35820 -26.35820 -26.35820 -26.35820 -26.35820 -26.35820
 -26.35820 -26.35820 -26.35820 -26.35820 -26.35820 -26.35820 -26.35820 -26.35820
 -26.35820 -26.35820 -26.35820 -26.35820 -26.35820 -26.35820 -26.35820 -26.35820
 -26.35820 -26.35820
 -26.40814 -26.40814 -26.40814 -26.40814 -26.40814 -26.40814 -26.40814 -26.40814
 -26.40814 -26.40814 -26.40814 -26.40814 -26.40814 -26.40814 -26.40814 -26.40814
 -26.40814 -26.40814 -26.40814 -26.40814 -26.40814 -26.40814 -26.40814 -26.40814
 -26.40814 -26.40814
 -26.45810 -26.45810 -26.45810 -26.45810 -26.45810 -26.45810 -26.45810 -26.45810
 -26.45810 -26.45810 -26.45810 -26.45810 -26.45810 -26.45810 -26.45810 -26.45810
 -26.45810 -26.45810 -26.45810 -26.45810 -26.45810 -26.45810 -26.45810 -26.45810
 -26.45810 -26.45810
 -26.50806 -26.50806 -26.50806 -26.50806 -26.50806 -26.50806 -26.50806 -26.50806
 -26.50806 -26.50806 -26.50806 -26.50806 -26.50806 -26.50806 -26.50806 -26.50806
 -26.50806 -26.50806 -26.50806 -26.50806 -26.50806 -26.50806 -26.50806 -26.50806
 -26.50806 -26.50806
 -26.55802 -26.55802 -26.55802 -26.55802 -26.55802 -26.55802 -26.55802 -26.55802
 -26.55802 -26.55802 -26.55802 -26.55802 -26.55802 -26.55802 -26.55802 -26.55802
 -26.55802 -26.55802 -26.55802 -26.55802 -26.55802 -26.55802 -26.55802 -26.55802
 -26.55802 -26.55802
 --------------------/ IGRD= 1  / IPRT= 0  /   28.83/ Z1= 6   / DATE= 20.01.95
 -74.00000 -74.00000 -74.00000 -74.00000 -74.00000 -74.00000 -74.00000 -74.00000
 -74.00000 -74.00000 -74.00000 -74.00000 -74.00000 -74.00000 -74.00000 -74.00000
 -74.00000 -74.00000 -74.00000 -74.00000 -74.00000 -74.00000 -74.00000 -74.00000
 -74.00000 -74.00000
 -74.00000 -74.00000 -74.00000 -74.00000 -74.00000 -74.00000 -74.00000 -74.00000
 -74.00000 -74.00000 -74.00000 -74.00000 -74.00000 -74.00000 -74.00000 -74.00000
 -74.00000 -74.00000 -74.00000 -74.00000 -74.00000 -74.00000 -74.00000 -74.00000
 -74.00000 -74.00000
 -74.00000 -74.00000 -74.00000 -74.00000 -74.00000 -74.00000 -74.00000 -74.00000
 -74.00000 -74.00000 -74.00000 -74.00000 -74.00000 -74.00000 -74.00000 -74.00000
 -74.00000 -74.00000 -74.00000 -74.00000 -74.00000 -74.00000 -74.00000 -74.00000
 -74.00000 -74.00000
 -74.00000 -74.00000 -74.00000 -74.00000 -74.00000 -74.00000 -74.00000 -74.00000
 -74.00000 -74.00000 -74.00000 -74.00000 -74.00000 -74.00000 -74.00000 -74.00000
 -74.00000 -74.00000 -74.00000 -74.00000 -74.00000 -74.00000 -74.00000 -74.00000
 -74.00000 -74.00000
 -74.00000 -74.00000 -74.00000 -74.00000 -74.00000 -74.00000 -74.00000 -74.00000
 -74.00000 -74.00000 -74.00000 -74.00000 -74.00000 -74.00000 -74.00000 -74.00000
 -74.00000 -74.00000 -74.00000 -74.00000 -74.00000 -74.00000 -74.00000 -74.00000
 -74.00000 -74.00000
 -74.00000 -74.00000 -74.00000 -74.00000 -74.00000 -74.00000 -74.00000 -74.00000
 -74.00000 -74.00000 -74.00000 -74.00000 -74.00000 -74.00000 -74.00000 -74.00000
 -74.00000 -74.00000 -74.00000 -74.00000 -74.00000 -74.00000 -74.00000 -74.00000
 -74.00000 -74.00000
 -71.47443 -71.47443 -71.47443 -71.47443 -71.47443 -71.47443 -71.47443 -71.47443
 -71.47443 -71.47443 -71.47443 -71.47443 -71.47443 -71.47443 -71.47443 -71.47443
 -71.47443 -71.47443 -71.47443 -71.47443 -71.47443 -71.47443 -71.47443 -71.47443
 -71.47443 -71.47443
 -61.87340 -61.87340 -61.87340 -61.87340 -61.87340 -61.87340 -61.87340 -61.87340
 -61.87340 -61.87340 -61.87340 -61.87340 -61.87340 -61.87340 -61.87340 -61.87340
 -61.87340 -61.87340 -61.87340 -61.87340 -61.87340 -61.87340 -61.87340 -61.87340
 -61.87340 -61.87340
 -54.25692 -54.25692 -54.25692 -54.25692 -54.25692 -54.25692 -54.25692 -54.25692
 -54.25692 -54.25692 -54.25692 -54.25692 -54.25692 -54.25692 -54.25692 -54.25692
 -54.25692 -54.25692 -54.25692 -54.25692 -54.25692 -54.25692 -54.25692 -54.25692
 -54.25692 -54.25692
 -48.21692 -48.21692 -48.21692 -48.21692 -48.21692 -48.21692 -48.21692 -48.21692
 -48.21692 -48.21692 -48.21692 -48.21692 -48.21692 -48.21692 -48.21692 -48.21692
 -48.21692 -48.21692 -48.21692 -48.21692 -48.21692 -48.21692 -48.21692 -48.21692
 -48.21692 -48.21692
 -43.42920 -43.42920 -43.42920 -43.42920 -43.42920 -43.42920 -43.42920 -43.42920
 -43.42920 -43.42920 -43.42920 -43.42920 -43.42920 -43.42920 -43.42920 -43.42920
 -43.42920 -43.42920 -43.42920 -43.42920 -43.42920 -43.42920 -43.42920 -43.42920
 -43.42920 -43.42920
 -39.63628 -39.63628 -39.63628 -39.63628 -39.63628 -39.63628 -39.63628 -39.63628
 -39.63628 -39.63628 -39.63628 -39.63628 -39.63628 -39.63628 -39.63628 -39.63628
 -39.63628 -39.63628 -39.63628 -39.63628 -39.63628 -39.63628 -39.63628 -39.63628
 -39.63628 -39.63628
 -36.63357 -36.63357 -36.63357 -36.63357 -36.63357 -36.63357 -36.63357 -36.63357
 -36.63357 -36.63357 -36.63357 -36.63357 -36.63357 -36.63357 -36.63357 -36.63357
 -36.63357 -36.63357 -36.63357 -36.63357 -36.63357 -36.63357 -36.63357 -36.63357
 -36.63357 -36.63357
 -34.25860 -34.25860 -34.25860 -34.25860 -34.25860 -34.25860 -34.25860 -34.25860
 -34.25860 -34.25860 -34.25860 -34.25860 -34.25860 -34.25860 -34.25860 -34.25860
 -34.25860 -34.25860 -34.25860 -34.25860 -34.25860 -34.25860 -34.25860 -34.25860
 -34.25860 -34.25860
 -32.38228 -32.38228 -32.38228 -32.38228 -32.38228 -32.38228 -32.38228 -32.38228
 -32.38228 -32.38228 -32.38228 -32.38228 -32.38228 -32.38228 -32.38228 -32.38228
 -32.38228 -32.38228 -32.38228 -32.38228 -32.38228 -32.38228 -32.38228 -32.38228
 -32.38228 -32.38228
 -30.90207 -30.90207 -30.90207 -30.90207 -30.90207 -30.90207 -30.90207 -30.90207
 -30.90207 -30.90207 -30.90207 -30.90207 -30.90207 -30.90207 -30.90207 -30.90207
 -30.90207 -30.90207 -30.90207 -30.90207 -30.90207 -30.90207 -30.90207 -30.90207
 -30.90207 -30.90207
 -29.73651 -29.73651 -29.73651 -29.73651 -29.73651 -29.73651 -29.73651 -29.73651
 -29.73651 -29.73651 -29.73651 -29.73651 -29.73651 -29.73651 -29.73651 -29.73651
 -29.73651 -29.73651 -29.73651 -29.73651 -29.73651 -29.73651 -29.73651 -29.73651
 -29.73651 -29.73651
 -28.82091 -28.82091 -28.82091 -28.82091 -28.82091 -28.82091 -28.82091 -28.82091
 -28.82091 -28.82091 -28.82091 -28.82091 -28.82091 -28.82091 -28.82091 -28.82091
 -28.82091 -28.82091 -28.82091 -28.82091 -28.82091 -28.82091 -28.82091 -28.82091
 -28.82091 -28.82091
 -28.10387 -28.10387 -28.10387 -28.10387 -28.10387 -28.10387 -28.10387 -28.10387
 -28.10387 -28.10387 -28.10387 -28.10387 -28.10387 -28.10387 -28.10387 -28.10387
 -28.10387 -28.10387 -28.10387 -28.10387 -28.10387 -28.10387 -28.10387 -28.10387
 -28.10387 -28.10387
 -27.54455 -27.54455 -27.54455 -27.54455 -27.54455 -27.54455 -27.54455 -27.54455
 -27.54455 -27.54455 -27.54455 -27.54455 -27.54455 -27.54455 -27.54455 -27.54455
 -27.54455 -27.54455 -27.54455 -27.54455 -27.54455 -27.54455 -27.54455 -27.54455
 -27.54455 -27.54455
 -27.11053 -27.11053 -27.11053 -27.11053 -27.11053 -27.11053 -27.11053 -27.11053
 -27.11053 -27.11053 -27.11053 -27.11053 -27.11053 -27.11053 -27.11053 -27.11053
 -27.11053 -27.11053 -27.11053 -27.11053 -27.11053 -27.11053 -27.11053 -27.11053
 -27.11053 -27.11053
 -26.77603 -26.77603 -26.77603 -26.77603 -26.77603 -26.77603 -26.77603 -26.77603
 -26.77603 -26.77603 -26.77603 -26.77603 -26.77603 -26.77603 -26.77603 -26.77603
 -26.77603 -26.77603 -26.77603 -26.77603 -26.77603 -26.77603 -26.77603 -26.77603
 -26.77603 -26.77603
 -26.52059 -26.52059 -26.52059 -26.52059 -26.52059 -26.52059 -26.52059 -26.52059
 -26.52059 -26.52059 -26.52059 -26.52059 -26.52059 -26.52059 -26.52059 -26.52059
 -26.52059 -26.52059 -26.52059 -26.52059 -26.52059 -26.52059 -26.52059 -26.52059
 -26.52059 -26.52059
 -26.32797 -26.32797 -26.32797 -26.32797 -26.32797 -26.32797 -26.32797 -26.32797
 -26.32797 -26.32797 -26.32797 -26.32797 -26.32797 -26.32797 -26.32797 -26.32797
 -26.32797 -26.32797 -26.32797 -26.32797 -26.32797 -26.32797 -26.32797 -26.32797
 -26.32797 -26.32797
 -26.18523 -26.18523 -26.18523 -26.18523 -26.18523 -26.18523 -26.18523 -26.18523
 -26.18523 -26.18523 -26.18523 -26.18523 -26.18523 -26.18523 -26.18523 -26.18523
 -26.18523 -26.18523 -26.18523 -26.18523 -26.18523 -26.18523 -26.18523 -26.18523
 -26.18523 -26.18523
 -26.08212 -26.08212 -26.08212 -26.08212 -26.08212 -26.08212 -26.08212 -26.08212
 -26.08212 -26.08212 -26.08212 -26.08212 -26.08212 -26.08212 -26.08212 -26.08212
 -26.08212 -26.08212 -26.08212 -26.08212 -26.08212 -26.08212 -26.08212 -26.08212
 -26.08212 -26.08212
 -26.01049 -26.01049 -26.01049 -26.01049 -26.01049 -26.01049 -26.01049 -26.01049
 -26.01049 -26.01049 -26.01049 -26.01049 -26.01049 -26.01049 -26.01049 -26.01049
 -26.01049 -26.01049 -26.01049 -26.01049 -26.01049 -26.01049 -26.01049 -26.01049
 -26.01049 -26.01049
 -25.96387 -25.96387 -25.96387 -25.96387 -25.96387 -25.96387 -25.96387 -25.96387
 -25.96387 -25.96387 -25.96387 -25.96387 -25.96387 -25.96387 -25.96387 -25.96387
 -25.96387 -25.96387 -25.96387 -25.96387 -25.96387 -25.96387 -25.96387 -25.96387
 -25.96387 -25.96387
 -25.93712 -25.93712 -25.93712 -25.93712 -25.93712 -25.93712 -25.93712 -25.93712
 -25.93712 -25.93712 -25.93712 -25.93712 -25.93712 -25.93712 -25.93712 -25.93712
 -25.93712 -25.93712 -25.93712 -25.93712 -25.93712 -25.93712 -25.93712 -25.93712
 -25.93712 -25.93712
 -25.92615 -25.92615 -25.92615 -25.92615 -25.92615 -25.92615 -25.92615 -25.92615
 -25.92615 -25.92615 -25.92615 -25.92615 -25.92615 -25.92615 -25.92615 -25.92615
 -25.92615 -25.92615 -25.92615 -25.92615 -25.92615 -25.92615 -25.92615 -25.92615
 -25.92615 -25.92615
 -25.92771 -25.92771 -25.92771 -25.92771 -25.92771 -25.92771 -25.92771 -25.92771
 -25.92771 -25.92771 -25.92771 -25.92771 -25.92771 -25.92771 -25.92771 -25.92771
 -25.92771 -25.92771 -25.92771 -25.92771 -25.92771 -25.92771 -25.92771 -25.92771
 -25.92771 -25.92771
 -25.93923 -25.93923 -25.93923 -25.93923 -25.93923 -25.93923 -25.93923 -25.93923
 -25.93923 -25.93923 -25.93923 -25.93923 -25.93923 -25.93923 -25.93923 -25.93923
 -25.93923 -25.93923 -25.93923 -25.93923 -25.93923 -25.93923 -25.93923 -25.93923
 -25.93923 -25.93923
 -25.95866 -25.95866 -25.95866 -25.95866 -25.95866 -25.95866 -25.95866 -25.95866
 -25.95866 -25.95866 -25.95866 -25.95866 -25.95866 -25.95866 -25.95866 -25.95866
 -25.95866 -25.95866 -25.95866 -25.95866 -25.95866 -25.95866 -25.95866 -25.95866
 -25.95866 -25.95866
 -25.98438 -25.98438 -25.98438 -25.98438 -25.98438 -25.98438 -25.98438 -25.98438
 -25.98438 -25.98438 -25.98438 -25.98438 -25.98438 -25.98438 -25.98438 -25.98438
 -25.98438 -25.98438 -25.98438 -25.98438 -25.98438 -25.98438 -25.98438 -25.98438
 -25.98438 -25.98438
 -26.01508 -26.01508 -26.01508 -26.01508 -26.01508 -26.01508 -26.01508 -26.01508
 -26.01508 -26.01508 -26.01508 -26.01508 -26.01508 -26.01508 -26.01508 -26.01508
 -26.01508 -26.01508 -26.01508 -26.01508 -26.01508 -26.01508 -26.01508 -26.01508
 -26.01508 -26.01508
 -26.04976 -26.04976 -26.04976 -26.04976 -26.04976 -26.04976 -26.04976 -26.04976
 -26.04976 -26.04976 -26.04976 -26.04976 -26.04976 -26.04976 -26.04976 -26.04976
 -26.04976 -26.04976 -26.04976 -26.04976 -26.04976 -26.04976 -26.04976 -26.04976
 -26.04976 -26.04976
 -26.08758 -26.08758 -26.08758 -26.08758 -26.08758 -26.08758 -26.08758 -26.08758
 -26.08758 -26.08758 -26.08758 -26.08758 -26.08758 -26.08758 -26.08758 -26.08758
 -26.08758 -26.08758 -26.08758 -26.08758 -26.08758 -26.08758 -26.08758 -26.08758
 -26.08758 -26.08758
 -26.12790 -26.12790 -26.12790 -26.12790 -26.12790 -26.12790 -26.12790 -26.12790
 -26.12790 -26.12790 -26.12790 -26.12790 -26.12790 -26.12790 -26.12790 -26.12790
 -26.12790 -26.12790 -26.12790 -26.12790 -26.12790 -26.12790 -26.12790 -26.12790
 -26.12790 -26.12790
 -26.17021 -26.17021 -26.17021 -26.17021 -26.17021 -26.17021 -26.17021 -26.17021
 -26.17021 -26.17021 -26.17021 -26.17021 -26.17021 -26.17021 -26.17021 -26.17021
 -26.17021 -26.17021 -26.17021 -26.17021 -26.17021 -26.17021 -26.17021 -26.17021
 -26.17021 -26.17021
 -26.21410 -26.21410 -26.21410 -26.21410 -26.21410 -26.21410 -26.21410 -26.21410
 -26.21410 -26.21410 -26.21410 -26.21410 -26.21410 -26.21410 -26.21410 -26.21410
 -26.21410 -26.21410 -26.21410 -26.21410 -26.21410 -26.21410 -26.21410 -26.21410
 -26.21410 -26.21410
 -26.25924 -26.25924 -26.25924 -26.25924 -26.25924 -26.25924 -26.25924 -26.25924
 -26.25924 -26.25924 -26.25924 -26.25924 -26.25924 -26.25924 -26.25924 -26.25924
 -26.25924 -26.25924 -26.25924 -26.25924 -26.25924 -26.25924 -26.25924 -26.25924
 -26.25924 -26.25924
 -26.30539 -26.30539 -26.30539 -26.30539 -26.30539 -26.30539 -26.30539 -26.30539
 -26.30539 -26.30539 -26.30539 -26.30539 -26.30539 -26.30539 -26.30539 -26.30539
 -26.30539 -26.30539 -26.30539 -26.30539 -26.30539 -26.30539 -26.30539 -26.30539
 -26.30539 -26.30539
 -26.35232 -26.35232 -26.35232 -26.35232 -26.35232 -26.35232 -26.35232 -26.35232
 -26.35232 -26.35232 -26.35232 -26.35232 -26.35232 -26.35232 -26.35232 -26.35232
 -26.35232 -26.35232 -26.35232 -26.35232 -26.35232 -26.35232 -26.35232 -26.35232
 -26.35232 -26.35232
 -26.39988 -26.39988 -26.39988 -26.39988 -26.39988 -26.39988 -26.39988 -26.39988
 -26.39988 -26.39988 -26.39988 -26.39988 -26.39988 -26.39988 -26.39988 -26.39988
 -26.39988 -26.39988 -26.39988 -26.39988 -26.39988 -26.39988 -26.39988 -26.39988
 -26.39988 -26.39988
 -26.44794 -26.44794 -26.44794 -26.44794 -26.44794 -26.44794 -26.44794 -26.44794
 -26.44794 -26.44794 -26.44794 -26.44794 -26.44794 -26.44794 -26.44794 -26.44794
 -26.44794 -26.44794 -26.44794 -26.44794 -26.44794 -26.44794 -26.44794 -26.44794
 -26.44794 -26.44794
 -26.49639 -26.49639 -26.49639 -26.49639 -26.49639 -26.49639 -26.49639 -26.49639
 -26.49639 -26.49639 -26.49639 -26.49639 -26.49639 -26.49639 -26.49639 -26.49639
 -26.49639 -26.49639 -26.49639 -26.49639 -26.49639 -26.49639 -26.49639 -26.49639
 -26.49639 -26.49639
 -26.54517 -26.54517 -26.54517 -26.54517 -26.54517 -26.54517 -26.54517 -26.54517
 -26.54517 -26.54517 -26.54517 -26.54517 -26.54517 -26.54517 -26.54517 -26.54517
 -26.54517 -26.54517 -26.54517 -26.54517 -26.54517 -26.54517 -26.54517 -26.54517
 -26.54517 -26.54517
 -26.59419 -26.59419 -26.59419 -26.59419 -26.59419 -26.59419 -26.59419 -26.59419
 -26.59419 -26.59419 -26.59419 -26.59419 -26.59419 -26.59419 -26.59419 -26.59419
 -26.59419 -26.59419 -26.59419 -26.59419 -26.59419 -26.59419 -26.59419 -26.59419
 -26.59419 -26.59419
 --------------------/ IGRD= 1  / IPRT= 0  /   24.78/ Z1= 7   / DATE= 20.01.95
 -74.00000 -74.00000 -74.00000 -74.00000 -74.00000 -74.00000 -74.00000 -74.00000
 -74.00000 -74.00000 -74.00000 -74.00000 -74.00000 -74.00000 -74.00000 -74.00000
 -74.00000 -74.00000 -74.00000 -74.00000 -74.00000 -74.00000 -74.00000 -74.00000
 -74.00000 -74.00000
 -74.00000 -74.00000 -74.00000 -74.00000 -74.00000 -74.00000 -74.00000 -74.00000
 -74.00000 -74.00000 -74.00000 -74.00000 -74.00000 -74.00000 -74.00000 -74.00000
 -74.00000 -74.00000 -74.00000 -74.00000 -74.00000 -74.00000 -74.00000 -74.00000
 -74.00000 -74.00000
 -74.00000 -74.00000 -74.00000 -74.00000 -74.00000 -74.00000 -74.00000 -74.00000
 -74.00000 -74.00000 -74.00000 -74.00000 -74.00000 -74.00000 -74.00000 -74.00000
 -74.00000 -74.00000 -74.00000 -74.00000 -74.00000 -74.00000 -74.00000 -74.00000
 -74.00000 -74.00000
 -74.00000 -74.00000 -74.00000 -74.00000 -74.00000 -74.00000 -74.00000 -74.00000
 -74.00000 -74.00000 -74.00000 -74.00000 -74.00000 -74.00000 -74.00000 -74.00000
 -74.00000 -74.00000 -74.00000 -74.00000 -74.00000 -74.00000 -74.00000 -74.00000
 -74.00000 -74.00000
 -74.00000 -74.00000 -74.00000 -74.00000 -74.00000 -74.00000 -74.00000 -74.00000
 -74.00000 -74.00000 -74.00000 -74.00000 -74.00000 -74.00000 -74.00000 -74.00000
 -74.00000 -74.00000 -74.00000 -74.00000 -74.00000 -74.00000 -74.00000 -74.00000
 -74.00000 -74.00000
 -74.00000 -74.00000 -74.00000 -74.00000 -74.00000 -74.00000 -74.00000 -74.00000
 -74.00000 -74.00000 -74.00000 -74.00000 -74.00000 -74.00000 -74.00000 -74.00000
 -74.00000 -74.00000 -74.00000 -74.00000 -74.00000 -74.00000 -74.00000 -74.00000
 -74.00000 -74.00000
 -74.00000 -74.00000 -74.00000 -74.00000 -74.00000 -74.00000 -74.00000 -74.00000
 -74.00000 -74.00000 -74.00000 -74.00000 -74.00000 -74.00000 -74.00000 -74.00000
 -74.00000 -74.00000 -74.00000 -74.00000 -74.00000 -74.00000 -74.00000 -74.00000
 -74.00000 -74.00000
 -68.20369 -68.20369 -68.20369 -68.20369 -68.20369 -68.20369 -68.20369 -68.20369
 -68.20369 -68.20369 -68.20369 -68.20369 -68.20369 -68.20369 -68.20369 -68.20369
 -68.20369 -68.20369 -68.20369 -68.20369 -68.20369 -68.20369 -68.20369 -68.20369
 -68.20369 -68.20369
 -59.33490 -59.33490 -59.33490 -59.33490 -59.33490 -59.33490 -59.33490 -59.33490
 -59.33490 -59.33490 -59.33490 -59.33490 -59.33490 -59.33490 -59.33490 -59.33490
 -59.33490 -59.33490 -59.33490 -59.33490 -59.33490 -59.33490 -59.33490 -59.33490
 -59.33490 -59.33490
 -52.30010 -52.30010 -52.30010 -52.30010 -52.30010 -52.30010 -52.30010 -52.30010
 -52.30010 -52.30010 -52.30010 -52.30010 -52.30010 -52.30010 -52.30010 -52.30010
 -52.30010 -52.30010 -52.30010 -52.30010 -52.30010 -52.30010 -52.30010 -52.30010
 -52.30010 -52.30010
 -46.72216 -46.72216 -46.72216 -46.72216 -46.72216 -46.72216 -46.72216 -46.72216
 -46.72216 -46.72216 -46.72216 -46.72216 -46.72216 -46.72216 -46.72216 -46.72216
 -46.72216 -46.72216 -46.72216 -46.72216 -46.72216 -46.72216 -46.72216 -46.72216
 -46.72216 -46.72216
 -42.30149 -42.30149 -42.30149 -42.30149 -42.30149 -42.30149 -42.30149 -42.30149
 -42.30149 -42.30149 -42.30149 -42.30149 -42.30149 -42.30149 -42.30149 -42.30149
 -42.30149 -42.30149 -42.30149 -42.30149 -42.30149 -42.30149 -42.30149 -42.30149
 -42.30149 -42.30149
 -38.80014 -38.80014 -38.80014 -38.80014 -38.80014 -38.80014 -38.80014 -38.80014
 -38.80014 -38.80014 -38.80014 -38.80014 -38.80014 -38.80014 -38.80014 -38.80014
 -38.80014 -38.80014 -38.80014 -38.80014 -38.80014 -38.80014 -38.80014 -38.80014
 -38.80014 -38.80014
 -36.02905 -36.02905 -36.02905 -36.02905 -36.02905 -36.02905 -36.02905 -36.02905
 -36.02905 -36.02905 -36.02905 -36.02905 -36.02905 -36.02905 -36.02905 -36.02905
 -36.02905 -36.02905 -36.02905 -36.02905 -36.02905 -36.02905 -36.02905 -36.02905
 -36.02905 -36.02905
 -33.83807 -33.83807 -33.83807 -33.83807 -33.83807 -33.83807 -33.83807 -33.83807
 -33.83807 -33.83807 -33.83807 -33.83807 -33.83807 -33.83807 -33.83807 -33.83807
 -33.83807 -33.83807 -33.83807 -33.83807 -33.83807 -33.83807 -33.83807 -33.83807
 -33.83807 -33.83807
 -32.10790 -32.10790 -32.10790 -32.10790 -32.10790 -32.10790 -32.10790 -32.10790
 -32.10790 -32.10790 -32.10790 -32.10790 -32.10790 -32.10790 -32.10790 -32.10790
 -32.10790 -32.10790 -32.10790 -32.10790 -32.10790 -32.10790 -32.10790 -32.10790
 -32.10790 -32.10790
 -30.74379 -30.74379 -30.74379 -30.74379 -30.74379 -30.74379 -30.74379 -30.74379
 -30.74379 -30.74379 -30.74379 -30.74379 -30.74379 -30.74379 -30.74379 -30.74379
 -30.74379 -30.74379 -30.74379 -30.74379 -30.74379 -30.74379 -30.74379 -30.74379
 -30.74379 -30.74379
 -29.67046 -29.67046 -29.67046 -29.67046 -29.67046 -29.67046 -29.67046 -29.67046
 -29.67046 -29.67046 -29.67046 -29.67046 -29.67046 -29.67046 -29.67046 -29.67046
 -29.67046 -29.67046 -29.67046 -29.67046 -29.67046 -29.67046 -29.67046 -29.67046
 -29.67046 -29.67046
 -28.82812 -28.82812 -28.82812 -28.82812 -28.82812 -28.82812 -28.82812 -28.82812
 -28.82812 -28.82812 -28.82812 -28.82812 -28.82812 -28.82812 -28.82812 -28.82812
 -28.82812 -28.82812 -28.82812 -28.82812 -28.82812 -28.82812 -28.82812 -28.82812
 -28.82812 -28.82812
 -28.16927 -28.16927 -28.16927 -28.16927 -28.16927 -28.16927 -28.16927 -28.16927
 -28.16927 -28.16927 -28.16927 -28.16927 -28.16927 -28.16927 -28.16927 -28.16927
 -28.16927 -28.16927 -28.16927 -28.16927 -28.16927 -28.16927 -28.16927 -28.16927
 -28.16927 -28.16927
 -27.65618 -27.65618 -27.65618 -27.65618 -27.65618 -27.65618 -27.65618 -27.65618
 -27.65618 -27.65618 -27.65618 -27.65618 -27.65618 -27.65618 -27.65618 -27.65618
 -27.65618 -27.65618 -27.65618 -27.65618 -27.65618 -27.65618 -27.65618 -27.65618
 -27.65618 -27.65618
 -27.25888 -27.25888 -27.25888 -27.25888 -27.25888 -27.25888 -27.25888 -27.25888
 -27.25888 -27.25888 -27.25888 -27.25888 -27.25888 -27.25888 -27.25888 -27.25888
 -27.25888 -27.25888 -27.25888 -27.25888 -27.25888 -27.25888 -27.25888 -27.25888
 -27.25888 -27.25888
 -26.95356 -26.95356 -26.95356 -26.95356 -26.95356 -26.95356 -26.95356 -26.95356
 -26.95356 -26.95356 -26.95356 -26.95356 -26.95356 -26.95356 -26.95356 -26.95356
 -26.95356 -26.95356 -26.95356 -26.95356 -26.95356 -26.95356 -26.95356 -26.95356
 -26.95356 -26.95356
 -26.72130 -26.72130 -26.72130 -26.72130 -26.72130 -26.72130 -26.72130 -26.72130
 -26.72130 -26.72130 -26.72130 -26.72130 -26.72130 -26.72130 -26.72130 -26.72130
 -26.72130 -26.72130 -26.72130 -26.72130 -26.72130 -26.72130 -26.72130 -26.72130
 -26.72130 -26.72130
 -26.54708 -26.54708 -26.54708 -26.54708 -26.54708 -26.54708 -26.54708 -26.54708
 -26.54708 -26.54708 -26.54708 -26.54708 -26.54708 -26.54708 -26.54708 -26.54708
 -26.54708 -26.54708 -26.54708 -26.54708 -26.54708 -26.54708 -26.54708 -26.54708
 -26.54708 -26.54708
 -26.41896 -26.41896 -26.41896 -26.41896 -26.41896 -26.41896 -26.41896 -26.41896
 -26.41896 -26.41896 -26.41896 -26.41896 -26.41896 -26.41896 -26.41896 -26.41896
 -26.41896 -26.41896 -26.41896 -26.41896 -26.41896 -26.41896 -26.41896 -26.41896
 -26.41896 -26.41896
 -26.32747 -26.32747 -26.32747 -26.32747 -26.32747 -26.32747 -26.32747 -26.32747
 -26.32747 -26.32747 -26.32747 -26.32747 -26.32747 -26.32747 -26.32747 -26.32747
 -26.32747 -26.32747 -26.32747 -26.32747 -26.32747 -26.32747 -26.32747 -26.32747
 -26.32747 -26.32747
 -26.26507 -26.26507 -26.26507 -26.26507 -26.26507 -26.26507 -26.26507 -26.26507
 -26.26507 -26.26507 -26.26507 -26.26507 -26.26507 -26.26507 -26.26507 -26.26507
 -26.26507 -26.26507 -26.26507 -26.26507 -26.26507 -26.26507 -26.26507 -26.26507
 -26.26507 -26.26507
 -26.22578 -26.22578 -26.22578 -26.22578 -26.22578 -26.22578 -26.22578 -26.22578
 -26.22578 -26.22578 -26.22578 -26.22578 -26.22578 -26.22578 -26.22578 -26.22578
 -26.22578 -26.22578 -26.22578 -26.22578 -26.22578 -26.22578 -26.22578 -26.22578
 -26.22578 -26.22578
 -26.20485 -26.20485 -26.20485 -26.20485 -26.20485 -26.20485 -26.20485 -26.20485
 -26.20485 -26.20485 -26.20485 -26.20485 -26.20485 -26.20485 -26.20485 -26.20485
 -26.20485 -26.20485 -26.20485 -26.20485 -26.20485 -26.20485 -26.20485 -26.20485
 -26.20485 -26.20485
 -26.19850 -26.19850 -26.19850 -26.19850 -26.19850 -26.19850 -26.19850 -26.19850
 -26.19850 -26.19850 -26.19850 -26.19850 -26.19850 -26.19850 -26.19850 -26.19850
 -26.19850 -26.19850 -26.19850 -26.19850 -26.19850 -26.19850 -26.19850 -26.19850
 -26.19850 -26.19850
 -26.20374 -26.20374 -26.20374 -26.20374 -26.20374 -26.20374 -26.20374 -26.20374
 -26.20374 -26.20374 -26.20374 -26.20374 -26.20374 -26.20374 -26.20374 -26.20374
 -26.20374 -26.20374 -26.20374 -26.20374 -26.20374 -26.20374 -26.20374 -26.20374
 -26.20374 -26.20374
 -26.21818 -26.21818 -26.21818 -26.21818 -26.21818 -26.21818 -26.21818 -26.21818
 -26.21818 -26.21818 -26.21818 -26.21818 -26.21818 -26.21818 -26.21818 -26.21818
 -26.21818 -26.21818 -26.21818 -26.21818 -26.21818 -26.21818 -26.21818 -26.21818
 -26.21818 -26.21818
 -26.23993 -26.23993 -26.23993 -26.23993 -26.23993 -26.23993 -26.23993 -26.23993
 -26.23993 -26.23993 -26.23993 -26.23993 -26.23993 -26.23993 -26.23993 -26.23993
 -26.23993 -26.23993 -26.23993 -26.23993 -26.23993 -26.23993 -26.23993 -26.23993
 -26.23993 -26.23993
 -26.26748 -26.26748 -26.26748 -26.26748 -26.26748 -26.26748 -26.26748 -26.26748
 -26.26748 -26.26748 -26.26748 -26.26748 -26.26748 -26.26748 -26.26748 -26.26748
 -26.26748 -26.26748 -26.26748 -26.26748 -26.26748 -26.26748 -26.26748 -26.26748
 -26.26748 -26.26748
 -26.29965 -26.29965 -26.29965 -26.29965 -26.29965 -26.29965 -26.29965 -26.29965
 -26.29965 -26.29965 -26.29965 -26.29965 -26.29965 -26.29965 -26.29965 -26.29965
 -26.29965 -26.29965 -26.29965 -26.29965 -26.29965 -26.29965 -26.29965 -26.29965
 -26.29965 -26.29965
 -26.33549 -26.33549 -26.33549 -26.33549 -26.33549 -26.33549 -26.33549 -26.33549
 -26.33549 -26.33549 -26.33549 -26.33549 -26.33549 -26.33549 -26.33549 -26.33549
 -26.33549 -26.33549 -26.33549 -26.33549 -26.33549 -26.33549 -26.33549 -26.33549
 -26.33549 -26.33549
 -26.37423 -26.37423 -26.37423 -26.37423 -26.37423 -26.37423 -26.37423 -26.37423
 -26.37423 -26.37423 -26.37423 -26.37423 -26.37423 -26.37423 -26.37423 -26.37423
 -26.37423 -26.37423 -26.37423 -26.37423 -26.37423 -26.37423 -26.37423 -26.37423
 -26.37423 -26.37423
 -26.41529 -26.41529 -26.41529 -26.41529 -26.41529 -26.41529 -26.41529 -26.41529
 -26.41529 -26.41529 -26.41529 -26.41529 -26.41529 -26.41529 -26.41529 -26.41529
 -26.41529 -26.41529 -26.41529 -26.41529 -26.41529 -26.41529 -26.41529 -26.41529
 -26.41529 -26.41529
 -26.45818 -26.45818 -26.45818 -26.45818 -26.45818 -26.45818 -26.45818 -26.45818
 -26.45818 -26.45818 -26.45818 -26.45818 -26.45818 -26.45818 -26.45818 -26.45818
 -26.45818 -26.45818 -26.45818 -26.45818 -26.45818 -26.45818 -26.45818 -26.45818
 -26.45818 -26.45818
 -26.50253 -26.50253 -26.50253 -26.50253 -26.50253 -26.50253 -26.50253 -26.50253
 -26.50253 -26.50253 -26.50253 -26.50253 -26.50253 -26.50253 -26.50253 -26.50253
 -26.50253 -26.50253 -26.50253 -26.50253 -26.50253 -26.50253 -26.50253 -26.50253
 -26.50253 -26.50253
 -26.54805 -26.54805 -26.54805 -26.54805 -26.54805 -26.54805 -26.54805 -26.54805
 -26.54805 -26.54805 -26.54805 -26.54805 -26.54805 -26.54805 -26.54805 -26.54805
 -26.54805 -26.54805 -26.54805 -26.54805 -26.54805 -26.54805 -26.54805 -26.54805
 -26.54805 -26.54805
 -26.59448 -26.59448 -26.59448 -26.59448 -26.59448 -26.59448 -26.59448 -26.59448
 -26.59448 -26.59448 -26.59448 -26.59448 -26.59448 -26.59448 -26.59448 -26.59448
 -26.59448 -26.59448 -26.59448 -26.59448 -26.59448 -26.59448 -26.59448 -26.59448
 -26.59448 -26.59448
 -26.64164 -26.64164 -26.64164 -26.64164 -26.64164 -26.64164 -26.64164 -26.64164
 -26.64164 -26.64164 -26.64164 -26.64164 -26.64164 -26.64164 -26.64164 -26.64164
 -26.64164 -26.64164 -26.64164 -26.64164 -26.64164 -26.64164 -26.64164 -26.64164
 -26.64164 -26.64164
 -26.68939 -26.68939 -26.68939 -26.68939 -26.68939 -26.68939 -26.68939 -26.68939
 -26.68939 -26.68939 -26.68939 -26.68939 -26.68939 -26.68939 -26.68939 -26.68939
 -26.68939 -26.68939 -26.68939 -26.68939 -26.68939 -26.68939 -26.68939 -26.68939
 -26.68939 -26.68939
 -26.73759 -26.73759 -26.73759 -26.73759 -26.73759 -26.73759 -26.73759 -26.73759
 -26.73759 -26.73759 -26.73759 -26.73759 -26.73759 -26.73759 -26.73759 -26.73759
 -26.73759 -26.73759 -26.73759 -26.73759 -26.73759 -26.73759 -26.73759 -26.73759
 -26.73759 -26.73759
 -26.78617 -26.78617 -26.78617 -26.78617 -26.78617 -26.78617 -26.78617 -26.78617
 -26.78617 -26.78617 -26.78617 -26.78617 -26.78617 -26.78617 -26.78617 -26.78617
 -26.78617 -26.78617 -26.78617 -26.78617 -26.78617 -26.78617 -26.78617 -26.78617
 -26.78617 -26.78617
 -26.83503 -26.83503 -26.83503 -26.83503 -26.83503 -26.83503 -26.83503 -26.83503
 -26.83503 -26.83503 -26.83503 -26.83503 -26.83503 -26.83503 -26.83503 -26.83503
 -26.83503 -26.83503 -26.83503 -26.83503 -26.83503 -26.83503 -26.83503 -26.83503
 -26.83503 -26.83503
 
C---------------------------------------------------------------------------------
C ADAS ADF11 DATA - SCCS info: @(#)$Header: /home/adascvs/adas/adf11/pls89/pls89_n.dat,v 2.1 2004/07/07 00:04:22 whitefor Exp $ Date $Date: 2004/07/07 00:04:22 $
C---------------------------------------------------------------------------------
