    2   24   30    1    2     /HELIUM             /GCR PROJECT      
--------------------------------------------------------------------------------
   7.69897   8.00000   8.30103   8.69897   9.00000   9.30103   9.69897  10.00000
  10.30103  10.69897  11.00000  11.30103  11.69897  12.00000  12.30103  12.69897
  13.00000  13.30103  13.69897  14.00000  14.30103  14.69897  15.00000  15.30103
   -.69877   -.52268   -.30083   -.15470    .00020    .17629    .30123    .47732
    .69917    .84530   1.00020   1.17629   1.30123   1.47732   1.69917   1.84530
   2.00020   2.17629   2.30123   2.47732   2.69917   2.84530   3.00020   3.17629
   3.30123   3.47732   3.69917   3.84530   4.00020   4.17629
---------------------/ IGRD= 1  / IPRT= 1  /--------/ Z1= 1   / DATE= 04/11/99
 -58.54737 -58.46334 -58.37807 -58.26374 -58.17604 -58.08658 -57.96405 -57.86660
 -57.76399 -57.62156 -57.50730 -57.38524 -57.21599 -57.08875 -56.97041 -56.84296
 -56.76615 -56.68875 -56.52839 -56.36544 -56.20439 -56.04124 -55.95226 -55.86794
 -42.18558 -42.12922 -42.06996 -41.98679 -41.92005 -41.84997 -41.75203 -41.67314
 -41.58916 -41.47011 -41.37389 -41.27257 -41.13440 -41.03217 -40.93774 -40.82874
 -40.73624 -40.60120 -40.33461 -40.10711 -39.91511 -39.72779 -39.61771 -39.51179
 -28.47676 -28.45242 -28.42445 -28.38241 -28.34662 -28.30660 -28.24644 -28.19547
 -28.13994 -28.05799 -27.98969 -27.91718 -27.81599 -27.73972 -27.66785 -27.56865
 -27.45661 -27.28083 -26.99918 -26.80279 -26.65663 -26.51469 -26.42272 -26.33270
 -22.64716 -22.63369 -22.61808 -22.59402 -22.57281 -22.54839 -22.51015 -22.47711
 -22.44094 -22.38364 -22.33347 -22.28016 -22.20137 -22.13921 -22.07883 -21.97342
 -21.84465 -21.66034 -21.40699 -21.25551 -21.15290 -21.05622 -20.99130 -20.92734
 -18.20888 -18.20104 -18.19199 -18.17783 -18.16514 -18.15039 -18.12650 -18.10513
 -18.08126 -18.04299 -18.00816 -17.96900 -17.91171 -17.86624 -17.81693 -17.71196
 -17.58647 -17.42826 -17.24663 -17.15685 -17.09835 -17.04157 -17.00184 -16.96230
 -14.74837 -14.74487 -14.73869 -14.72975 -14.72278 -14.71389 -14.69939 -14.68605
 -14.66990 -14.64397 -14.62142 -14.59678 -14.55879 -14.52563 -14.48633 -14.39970
 -14.30688 -14.20815 -14.11318 -14.07390 -14.04689 -14.01396 -13.98687 -13.95898
 -13.02816 -13.02648 -13.02132 -13.01425 -13.00952 -13.00300 -12.99220 -12.98248
 -12.97075 -12.95094 -12.93358 -12.91541 -12.88641 -12.86006 -12.82905 -12.76333
 -12.69984 -12.64182 -12.58888 -12.56565 -12.54757 -12.52027 -12.49528 -12.46920
 -11.33032 -11.32843 -11.32596 -11.32195 -11.31835 -11.31398 -11.30612 -11.29913
 -11.29204 -11.27991 -11.26777 -11.25369 -11.23344 -11.21679 -11.19727 -11.15984
 -11.12806 -11.10286 -11.07835 -11.06411 -11.05010 -11.02551 -11.00196 -10.97717
  -9.98294  -9.98146  -9.98018  -9.97704  -9.97405  -9.97192  -9.96790  -9.96324
  -9.95795  -9.95001  -9.94247  -9.93302  -9.92133  -9.91256  -9.90103  -9.88257
  -9.86903  -9.85780  -9.84418  -9.83390  -9.82152  -9.79841  -9.77653  -9.75376
  -9.39001  -9.38928  -9.38811  -9.38603  -9.38448  -9.38324  -9.38066  -9.37721
  -9.37252  -9.36618  -9.36122  -9.35506  -9.34634  -9.34007  -9.33407  -9.32541
  -9.31871  -9.31256  -9.30166  -9.29118  -9.27827  -9.25429  -9.23179  -9.20849
  -8.92368  -8.92367  -8.92290  -8.92189  -8.92119  -8.91992  -8.91814  -8.91609
  -8.91239  -8.90746  -8.90426  -8.90066  -8.89505  -8.89085  -8.88773  -8.88633
  -8.88506  -8.88086  -8.87077  -8.86088  -8.84814  -8.82382  -8.80087  -8.77714
  -8.53496  -8.53462  -8.53430  -8.53364  -8.53291  -8.53208  -8.53067  -8.52908
  -8.52691  -8.52383  -8.52145  -8.51875  -8.51458  -8.51141  -8.50888  -8.50658
  -8.50396  -8.49888  -8.48835  -8.47810  -8.46509  -8.44128  -8.41932  -8.39674
  -8.32203  -8.32184  -8.32165  -8.32110  -8.32048  -8.31982  -8.31817  -8.31683
  -8.31615  -8.31406  -8.31164  -8.30970  -8.30653  -8.30372  -8.30149  -8.29849
  -8.29531  -8.29077  -8.28041  -8.26979  -8.25740  -8.23442  -8.21260  -8.19012
  -8.08620  -8.08609  -8.08597  -8.08538  -8.08477  -8.08441  -8.08376  -8.08303
  -8.08232  -8.08107  -8.07956  -8.07749  -8.07543  -8.07413  -8.07199  -8.06876
  -8.06553  -8.06043  -8.05033  -8.04030  -8.02771  -8.00552  -7.98561  -7.96525
  -7.87019  -7.87015  -7.87024  -7.87024  -7.87009  -7.86991  -7.86965  -7.86935
  -7.86898  -7.86904  -7.86817  -7.86520  -7.86401  -7.86427  -7.86137  -7.85708
  -7.85397  -7.84863  -7.83983  -7.83132  -7.81909  -7.79841  -7.78104  -7.76343
  -7.77090  -7.77075  -7.77002  -7.76940  -7.76947  -7.76953  -7.76941  -7.76919
  -7.76897  -7.76887  -7.76837  -7.76698  -7.76601  -7.76523  -7.76253  -7.75874
  -7.75544  -7.74977  -7.74060  -7.73237  -7.72136  -7.70225  -7.68559  -7.66864
  -7.69469  -7.69448  -7.69325  -7.69250  -7.69260  -7.69198  -7.69136  -7.69137
  -7.69130  -7.69100  -7.69091  -7.69107  -7.69012  -7.68836  -7.68636  -7.68336
  -7.68020  -7.67545  -7.66658  -7.65820  -7.64834  -7.63073  -7.61452  -7.59792
  -7.63333  -7.63332  -7.63339  -7.63359  -7.63344  -7.63275  -7.63223  -7.63230
  -7.63226  -7.63208  -7.63201  -7.63201  -7.63106  -7.62989  -7.62904  -7.62672
  -7.62342  -7.61887  -7.61026  -7.60198  -7.59234  -7.57419  -7.55686  -7.53903
  -7.60781  -7.60778  -7.60770  -7.60763  -7.60763  -7.60762  -7.60760  -7.60757
  -7.60752  -7.60739  -7.60735  -7.60743  -7.60660  -7.60542  -7.60441  -7.60230
  -7.59931  -7.59476  -7.58691  -7.57917  -7.56871  -7.54908  -7.53101  -7.51252
  -7.59086  -7.59084  -7.59080  -7.59122  -7.59090  -7.58895  -7.58755  -7.58788
  -7.58793  -7.58776  -7.58776  -7.58781  -7.58709  -7.58595  -7.58487  -7.58396
  -7.58215  -7.57759  -7.57049  -7.56427  -7.55507  -7.53718  -7.52071  -7.50384
  -7.57836  -7.57834  -7.57842  -7.57956  -7.57877  -7.57397  -7.57054  -7.57140
  -7.57156  -7.57131  -7.57135  -7.57134  -7.57073  -7.56968  -7.56853  -7.56930
  -7.56916  -7.56469  -7.55861  -7.55444  -7.54716  -7.53199  -7.51785  -7.50336
  -7.57311  -7.57310  -7.57325  -7.57487  -7.57376  -7.56708  -7.56231  -7.56352
  -7.56374  -7.56342  -7.56349  -7.56343  -7.56289  -7.56191  -7.56073  -7.56261
  -7.56360  -7.55924  -7.55386  -7.55107  -7.54507  -7.53170  -7.51911  -7.50620
  -7.56930  -7.56929  -7.56951  -7.57164  -7.57020  -7.56152  -7.55533  -7.55690
  -7.55718  -7.55680  -7.55688  -7.55677  -7.55631  -7.55540  -7.55418  -7.55726
  -7.55945  -7.55523  -7.55063  -7.54930  -7.54467  -7.53322  -7.52227  -7.51102
  -7.56648  -7.56648  -7.56678  -7.56950  -7.56767  -7.55672  -7.54891  -7.55090
  -7.55125  -7.55078  -7.55088  -7.55071  -7.55034  -7.54950  -7.54824  -7.55268
  -7.55627  -7.55222  -7.54852  -7.54887  -7.54580  -7.53653  -7.52745  -7.51810
  -7.56519  -7.56519  -7.56554  -7.56867  -7.56657  -7.55400  -7.54505  -7.54733
  -7.54773  -7.54720  -7.54732  -7.54711  -7.54679  -7.54601  -7.54471  -7.55012
  -7.55470  -7.55078  -7.54773  -7.54928  -7.54732  -7.53960  -7.53185  -7.52385
  -7.56404  -7.56404  -7.56448  -7.56819  -7.56571  -7.55086  -7.54029  -7.54299
  -7.54346  -7.54284  -7.54298  -7.54270  -7.54247  -7.54176  -7.54042  -7.54720
  -7.55318  -7.54945  -7.54731  -7.55055  -7.55016  -7.54463  -7.53875  -7.53266
  -7.56337  -7.56338  -7.56392  -7.56835  -7.56539  -7.54768  -7.53507  -7.53829
  -7.53885  -7.53812  -7.53828  -7.53792  -7.53779  -7.53717  -7.53579  -7.54429
  -7.55203  -7.54854  -7.54758  -7.55295  -7.55454  -7.55176  -7.54825  -7.54455
  -7.56324  -7.56325  -7.56385  -7.56877  -7.56549  -7.54589  -7.53195  -7.53551
  -7.53612  -7.53532  -7.53549  -7.53508  -7.53502  -7.53446  -7.53304  -7.54268
  -7.55159  -7.54826  -7.54807  -7.55485  -7.55774  -7.55678  -7.55482  -7.55271
  -7.56328  -7.56329  -7.56397  -7.56939  -7.56577  -7.54418  -7.52881  -7.53274
  -7.53341  -7.53254  -7.53272  -7.53225  -7.53226  -7.53177  -7.53031  -7.54116
  -7.55129  -7.54814  -7.54877  -7.55704  -7.56132  -7.56228  -7.56197  -7.56154
  -7.56348  -7.56350  -7.56426  -7.57025  -7.56626  -7.54239  -7.52541  -7.52975
  -7.53049  -7.52953  -7.52973  -7.52919  -7.52928  -7.52886  -7.52736  -7.53958
  -7.55112  -7.54815  -7.54972  -7.55969  -7.56554  -7.56870  -7.57027  -7.57173
---------------------/ IGRD= 1  / IPRT= 1  /--------/ Z1= 2   / DATE= 04/11/99
 -70.91954 -70.91891 -70.91819 -70.91708 -70.91611 -70.91504 -70.91350 -70.91222
 -70.91081 -70.90876 -70.90703 -70.90513 -70.90247 -70.90023 -70.89740 -70.89470
 -70.89248 -70.88247 -70.82614 -70.74865 -70.68372 -70.62481 -70.58196 -70.53427
 -73.40575 -73.40804 -73.41066 -73.41473 -73.41830 -73.42220 -73.42784 -73.43252
 -73.43764 -73.44518 -73.45150 -73.45835 -73.46831 -73.47663 -73.48575 -73.49871
 -73.50882 -73.51918 -73.53703 -73.55173 -73.55599 -73.54238 -73.55012 -73.63673
 -56.45578 -56.43349 -56.40767 -56.36770 -56.33285 -56.29465 -56.23915 -56.19290
 -56.14234 -56.06816 -56.00616 -55.93901 -55.84098 -55.75871 -55.66927 -55.54005
 -55.43632 -55.33345 -55.21504 -55.14849 -55.10164 -55.06518 -54.85423 -54.06086
 -42.92398 -42.90429 -42.88073 -42.84406 -42.81253 -42.77775 -42.72642 -42.68324
 -42.63628 -42.56799 -42.51127 -42.45010 -42.35995 -42.28351 -42.20126 -42.07902
 -41.97078 -41.84565 -41.64290 -41.45463 -41.23843 -40.91279 -40.64575 -40.37912
 -32.80625 -32.78960 -32.76985 -32.73779 -32.70894 -32.67809 -32.63330 -32.59533
 -32.55529 -32.49645 -32.44554 -32.39139 -32.31402 -32.24905 -32.17801 -32.07342
 -31.98315 -31.87795 -31.70723 -31.54770 -31.35704 -31.05951 -30.81094 -30.55737
 -24.87513 -24.86246 -24.84706 -24.82243 -24.80081 -24.77699 -24.74102 -24.70996
 -24.67704 -24.62910 -24.58771 -24.54229 -24.47648 -24.42206 -24.36286 -24.27608
 -24.20210 -24.11751 -23.98169 -23.85428 -23.70082 -23.46039 -23.24772 -22.99564
 -20.87716 -20.86743 -20.85597 -20.83844 -20.82282 -20.80381 -20.77506 -20.75179
 -20.72559 -20.68581 -20.65211 -20.61511 -20.56092 -20.51558 -20.46583 -20.39209
 -20.32868 -20.25609 -20.13648 -20.02083 -19.88120 -19.66353 -19.48061 -19.28924
 -16.83772 -16.83149 -16.82364 -16.81111 -16.80001 -16.78695 -16.76693 -16.75015
 -16.73182 -16.70342 -16.67794 -16.64999 -16.60900 -16.57405 -16.53521 -16.47739
 -16.42761 -16.37021 -16.27506 -16.18319 -16.07302 -15.90314 -15.76038 -15.60755
 -13.58674 -13.58313 -13.57863 -13.57093 -13.56366 -13.55542 -13.54253 -13.53086
 -13.51784 -13.49828 -13.48128 -13.46221 -13.43287 -13.40710 -13.37869 -13.33619
 -13.29889 -13.25592 -13.18532 -13.11756 -13.03643 -12.91167 -12.80784 -12.69883
 -12.17331 -12.17079 -12.16728 -12.16141 -12.15620 -12.14999 -12.14011 -12.13135
 -12.12129 -12.10588 -12.09253 -12.07749 -12.05428 -12.03380 -12.01094 -11.97648
 -11.94634 -11.91173 -11.85407 -11.79817 -11.73235 -11.63203 -11.54807 -11.45966
 -11.09298 -11.09119 -11.08867 -11.08461 -11.08089 -11.07562 -11.06879 -11.06418
 -11.05561 -11.04153 -11.03251 -11.02212 -11.00390 -10.98710 -10.96912 -10.94142
 -10.91599 -10.88845 -10.84397 -10.79995 -10.74810 -10.66862 -10.60093 -10.52838
 -10.23308 -10.23189 -10.23043 -10.22714 -10.22349 -10.22021 -10.21571 -10.21091
 -10.20491 -10.19565 -10.18832 -10.18130 -10.16822 -10.15353 -10.13855 -10.11851
 -10.10096 -10.08043 -10.04525 -10.01083  -9.97113  -9.91025  -9.85732  -9.79981
  -9.79066  -9.78995  -9.78904  -9.78672  -9.78400  -9.78151  -9.77732  -9.77273
  -9.76854  -9.76211  -9.75529  -9.74850  -9.73760  -9.72627  -9.71412  -9.69730
  -9.68272  -9.66505  -9.63538  -9.60762  -9.57522  -9.52456  -9.48005  -9.43096
  -9.33331  -9.33272  -9.33188  -9.33051  -9.32907  -9.32667  -9.32291  -9.32031
  -9.31718  -9.31198  -9.30723  -9.30135  -9.29220  -9.28456  -9.27584  -9.26205
  -9.24962  -9.23531  -9.21284  -9.19236  -9.16802  -9.12797  -9.09151  -9.05185
  -8.94374  -8.94406  -8.94457  -8.94344  -8.94104  -8.94040  -8.94008  -8.93775
  -8.93546  -8.93180  -8.92752  -8.92319  -8.91701  -8.91094  -8.90339  -8.89153
  -8.88197  -8.87277  -8.85805  -8.84233  -8.82319  -8.79313  -8.76655  -8.73621
  -8.77032  -8.77035  -8.77057  -8.77006  -8.76851  -8.76674  -8.76462  -8.76318
  -8.76177  -8.75940  -8.75657  -8.75219  -8.74628  -8.74239  -8.73599  -8.72614
  -8.71981  -8.71137  -8.69718  -8.68504  -8.66945  -8.64390  -8.62139  -8.59420
  -8.63457  -8.63408  -8.63408  -8.63377  -8.63263  -8.63134  -8.62975  -8.62868
  -8.62784  -8.62566  -8.62245  -8.61901  -8.61428  -8.61028  -8.60617  -8.59947
  -8.59267  -8.58491  -8.57296  -8.56204  -8.54917  -8.52834  -8.50874  -8.48489
  -8.52755  -8.52751  -8.52759  -8.52727  -8.52641  -8.52547  -8.52445  -8.52365
  -8.52237  -8.52002  -8.51805  -8.51585  -8.51172  -8.50753  -8.50361  -8.49782
  -8.49202  -8.48599  -8.47637  -8.46662  -8.45539  -8.43782  -8.42117  -8.40042
  -8.47533  -8.47523  -8.47538  -8.47520  -8.47433  -8.47336  -8.47242  -8.47175
  -8.47035  -8.46818  -8.46689  -8.46499  -8.46134  -8.45803  -8.45430  -8.44876
  -8.44397  -8.43827  -8.42909  -8.42068  -8.41066  -8.39443  -8.37922  -8.36046
  -8.42906  -8.42876  -8.42824  -8.42771  -8.42757  -8.42702  -8.42606  -8.42546
  -8.42423  -8.42222  -8.42096  -8.41919  -8.41613  -8.41358  -8.41048  -8.40547
  -8.40098  -8.39565  -8.38778  -8.38109  -8.37224  -8.35719  -8.34357  -8.32707
  -8.40587  -8.40589  -8.40593  -8.40566  -8.40505  -8.40434  -8.40346  -8.40283
  -8.40218  -8.40110  -8.39987  -8.39794  -8.39526  -8.39348  -8.39068  -8.38601
  -8.38244  -8.37787  -8.37040  -8.36402  -8.35637  -8.34345  -8.33093  -8.31548
  -8.40933  -8.40936  -8.40944  -8.40920  -8.40854  -8.40781  -8.40693  -8.40629
  -8.40569  -8.40455  -8.40325  -8.40189  -8.40006  -8.39823  -8.39534  -8.39061
  -8.38699  -8.38285  -8.37631  -8.37046  -8.36342  -8.35126  -8.33913  -8.32405
  -8.42560  -8.42545  -8.42486  -8.42412  -8.42410  -8.42418  -8.42383  -8.42312
  -8.42245  -8.42129  -8.41993  -8.41854  -8.41658  -8.41464  -8.41202  -8.40807
  -8.40488  -8.40068  -8.39399  -8.38849  -8.38171  -8.36991  -8.35829  -8.34361
  -8.44991  -8.44952  -8.44801  -8.44660  -8.44743  -8.44868  -8.44914  -8.44834
  -8.44758  -8.44651  -8.44509  -8.44335  -8.44085  -8.43887  -8.43671  -8.43397
  -8.43155  -8.42705  -8.41962  -8.41435  -8.40781  -8.39636  -8.38534  -8.37112
  -8.46881  -8.46825  -8.46609  -8.46419  -8.46564  -8.46771  -8.46875  -8.46788
  -8.46706  -8.46605  -8.46460  -8.46261  -8.45972  -8.45771  -8.45588  -8.45400
  -8.45212  -8.44742  -8.43945  -8.43436  -8.42797  -8.41678  -8.40619  -8.39228
  -8.49706  -8.49626  -8.49319  -8.49060  -8.49291  -8.49614  -8.49800  -8.49703
  -8.49613  -8.49522  -8.49370  -8.49137  -8.48793  -8.48587  -8.48450  -8.48385
  -8.48272  -8.47773  -8.46902  -8.46417  -8.45801  -8.44717  -8.43718  -8.42372
  -8.53447  -8.53335  -8.52913  -8.52569  -8.52908  -8.53378  -8.53667  -8.53557
  -8.53457  -8.53377  -8.53218  -8.52941  -8.52528  -8.52317  -8.52238  -8.52326
  -8.52309  -8.51774  -8.50808  -8.50354  -8.49766  -8.48727  -8.47804  -8.46515
  -8.55983  -8.55851  -8.55353  -8.54952  -8.55363  -8.55929  -8.56286  -8.56169
  -8.56061  -8.55988  -8.55825  -8.55519  -8.55060  -8.54846  -8.54806  -8.54994
  -8.55041  -8.54481  -8.53453  -8.53019  -8.52450  -8.51440  -8.50568  -8.49316
  -8.58714  -8.58560  -8.57982  -8.57521  -8.58007  -8.58676  -8.59104  -8.58978
  -8.58864  -8.58799  -8.58631  -8.58294  -8.57787  -8.57568  -8.57569  -8.57865
  -8.57978  -8.57393  -8.56299  -8.55887  -8.55337  -8.54359  -8.53540  -8.52327
  -8.61854  -8.61676  -8.61006  -8.60477  -8.61049  -8.61835  -8.62344  -8.62209
  -8.62086  -8.62030  -8.61856  -8.61485  -8.60923  -8.60700  -8.60747  -8.61165
  -8.61354  -8.60740  -8.59571  -8.59183  -8.58656  -8.57713  -8.56954  -8.55787
C-------------------------------------------------------------------------------
C
C     RATE COEFFICIENTS IN UNITS OF CM**3 S-1 
C     --------------------------------------- 
C
C     INPUT DATA
C         FOR YEAR: 96 AND WITH PREFIX: pj
C         FOR he RECOMBINING ION CHARGE(S)  1 TO  2
C
C     CODE     : ADAS404
C     PRODUCER : Martin O'Mullane              
C     DATE     : 04/11/99
C
C-------------------------------------------------------------------------------
 
C---------------------------------------------------------------------------------
C ADAS ADF11 DATA - SCCS info: @(#)$Header: /home/adascvs/adas/adf11/scd96/scd96_he.dat,v 2.1 2004/07/07 00:12:45 whitefor Exp $ Date $Date: 2004/07/07 00:12:45 $
C---------------------------------------------------------------------------------
