    2   24   30    1    2     /HELIUM             /GCR PROJECT      
--------------------------------------------------------------------------------
    2    1    1                                                                 
--------------------------------------------------------------------------------
   7.69897   8.00000   8.30103   8.69897   9.00000   9.30103   9.69897  10.00000
  10.30103  10.69897  11.00000  11.30103  11.69897  12.00000  12.30103  12.69897
  13.00000  13.30103  13.69897  14.00000  14.30103  14.69897  15.00000  15.30103
   -.69877   -.52268   -.30083   -.15470    .00020    .17629    .30123    .47732
    .69917    .84530   1.00020   1.17629   1.30123   1.47732   1.69917   1.84530
   2.00020   2.17629   2.30123   2.47732   2.69917   2.84530   3.00020   3.17629
   3.30123   3.47732   3.69917   3.84530   4.00020   4.17629
---------------------/ IPRT= 1  / IGRD= 1  /--------/ Z1= 1   / DATE= 04/11/99
 -64.91576 -64.91445 -64.91293 -64.91031 -64.90781 -64.90489 -64.90003 -64.89551
 -64.89002 -64.87876 -64.86509 -64.84459 -64.79890 -64.74454 -64.67086 -64.55302
 -64.45218 -64.34241 -64.19848 -64.10284 -64.02711 -63.95985 -63.92515 -63.89258
 -43.53474 -43.53082 -43.52630 -43.51880 -43.51171 -43.50322 -43.48870 -43.47511
 -43.45871 -43.42396 -43.38461 -43.33005 -43.19666 -43.02671 -42.79113 -42.40443
 -42.06733 -41.69876 -41.21308 -40.89211 -40.64336 -40.41885 -40.29611 -40.17957
 -30.22837 -30.22689 -30.22578 -30.22378 -30.22163 -30.21924 -30.21499 -30.21039
 -30.20423 -30.19308 -30.18012 -30.15906 -30.10469 -30.02848 -29.90950 -29.68589
 -29.46832 -29.21570 -28.87814 -28.65962 -28.49554 -28.34180 -28.24923 -28.15974
 -23.89122 -23.89024 -23.88988 -23.88851 -23.88661 -23.88483 -23.88222 -23.87950
 -23.87567 -23.86784 -23.85849 -23.84353 -23.80237 -23.74288 -23.64861 -23.46220
 -23.27264 -23.04817 -22.75063 -22.56375 -22.42883 -22.29986 -22.21678 -22.13552
 -19.29715 -19.29674 -19.29554 -19.29418 -19.29378 -19.29350 -19.29191 -19.28986
 -19.28776 -19.28386 -19.27858 -19.26898 -19.24051 -19.19868 -19.13140 -18.98948
 -18.83764 -18.65472 -18.41966 -18.27870 -18.17847 -18.07826 -18.00936 -17.94130
 -15.63820 -15.63806 -15.63706 -15.63655 -15.63673 -15.63611 -15.63504 -15.63423
 -15.63292 -15.62994 -15.62592 -15.61881 -15.59856 -15.56827 -15.51788 -15.40858
 -15.28978 -15.14666 -14.97249 -14.87436 -14.80327 -14.72525 -14.66723 -14.60928
 -13.79563 -13.79567 -13.79600 -13.79633 -13.79583 -13.79451 -13.79409 -13.79448
 -13.79368 -13.79077 -13.78719 -13.78158 -13.76596 -13.74180 -13.70047 -13.60987
 -13.51171 -13.39490 -13.25818 -13.18319 -13.12571 -13.05908 -13.00903 -12.95899
 -11.91760 -11.91764 -11.91774 -11.91651 -11.91530 -11.91543 -11.91588 -11.91557
 -11.91490 -11.91417 -11.91254 -11.90782 -11.89463 -11.87656 -11.84722 -11.77933
 -11.70528 -11.62047 -11.52294 -11.46987 -11.42930 -11.37756 -11.33500 -11.29195
 -10.36243 -10.36246 -10.36260 -10.36194 -10.36113 -10.36101 -10.36105 -10.36110
 -10.36138 -10.36023 -10.35798 -10.35500 -10.34748 -10.33595 -10.31578 -10.26868
 -10.21873 -10.16367 -10.10169 -10.06737 -10.03915 -10.00100  -9.96928  -9.93716
  -9.66233  -9.66237  -9.66235  -9.66247  -9.66264  -9.66270  -9.66258  -9.66261
  -9.66279  -9.66116  -9.65910  -9.65771  -9.65200  -9.64256  -9.62783  -9.59270
  -9.55534  -9.51551  -9.47030  -9.44365  -9.42003  -9.38609  -9.35733  -9.32815
  -9.11131  -9.11140  -9.11142  -9.11138  -9.11130  -9.11122  -9.11157  -9.11148
  -9.11022  -9.10909  -9.10878  -9.10752  -9.10279  -9.09588  -9.08498  -9.06079
  -9.03538  -9.00725  -8.97480  -8.95503  -8.93572  -8.90498  -8.87779  -8.85007
  -8.65231  -8.65230  -8.65230  -8.65232  -8.65237  -8.65241  -8.65218  -8.65158
  -8.65063  -8.64983  -8.64948  -8.64855  -8.64494  -8.63979  -8.63211  -8.61516
  -8.59714  -8.57679  -8.55183  -8.53523  -8.51833  -8.49081  -8.46632  -8.44132
  -8.40438  -8.40440  -8.40445  -8.40426  -8.40414  -8.40429  -8.40343  -8.40262
  -8.40302  -8.40251  -8.40133  -8.40089  -8.39827  -8.39388  -8.38793  -8.37466
  -8.36063  -8.34528  -8.32460  -8.30941  -8.29427  -8.26875  -8.24522  -8.22112
  -8.13500  -8.13501  -8.13502  -8.13465  -8.13429  -8.13429  -8.13419  -8.13396
  -8.13386  -8.13356  -8.13281  -8.13143  -8.12974  -8.12775  -8.12343  -8.11394
  -8.10413  -8.09246  -8.07628  -8.06356  -8.04920  -8.02547  -8.00466  -7.98347
  -7.89460  -7.89463  -7.89479  -7.89495  -7.89494  -7.89489  -7.89491  -7.89489
  -7.89478  -7.89539  -7.89499  -7.89229  -7.89138  -7.89155  -7.88778  -7.88085
  -7.87473  -7.86605  -7.85388  -7.84383  -7.83065  -7.80916  -7.79129  -7.77321
  -7.78635  -7.78624  -7.78552  -7.78496  -7.78511  -7.78527  -7.78535  -7.78532
  -7.78526  -7.78547  -7.78529  -7.78421  -7.78349  -7.78266  -7.77961  -7.77458
  -7.76962  -7.76183  -7.75035  -7.74101  -7.72932  -7.70965  -7.69268  -7.67543
  -7.70424  -7.70405  -7.70283  -7.70209  -7.70222  -7.70164  -7.70113  -7.70127
  -7.70131  -7.70119  -7.70128  -7.70166  -7.70088  -7.69910  -7.69693  -7.69324
  -7.68906  -7.68299  -7.67266  -7.66357  -7.65327  -7.63531  -7.61891  -7.60214
  -7.63881  -7.63882  -7.63892  -7.63914  -7.63902  -7.63835  -7.63788  -7.63800
  -7.63803  -7.63796  -7.63800  -7.63812  -7.63728  -7.63612  -7.63521  -7.63257
  -7.62873  -7.62343  -7.61392  -7.60518  -7.59526  -7.57689  -7.55943  -7.54150
  -7.61154  -7.61153  -7.61146  -7.61141  -7.61143  -7.61145  -7.61146  -7.61146
  -7.61147  -7.61142  -7.61146  -7.61162  -7.61087  -7.60969  -7.60863  -7.60634
  -7.60302  -7.59796  -7.58948  -7.58141  -7.57074  -7.55095  -7.53279  -7.51421
  -7.59310  -7.59309  -7.59307  -7.59350  -7.59319  -7.59123  -7.58983  -7.59019
  -7.59026  -7.59014  -7.59019  -7.59030  -7.58963  -7.58851  -7.58740  -7.58640
  -7.58441  -7.57956  -7.57207  -7.56564  -7.55630  -7.53832  -7.52179  -7.50486
  -7.57955  -7.57954  -7.57963  -7.58079  -7.57999  -7.57518  -7.57174  -7.57262
  -7.57278  -7.57255  -7.57262  -7.57264  -7.57207  -7.57104  -7.56988  -7.57060
  -7.57039  -7.56578  -7.55947  -7.55518  -7.54783  -7.53261  -7.51844  -7.50391
  -7.57390  -7.57390  -7.57405  -7.57569  -7.57458  -7.56787  -7.56310  -7.56432
  -7.56454  -7.56423  -7.56432  -7.56428  -7.56378  -7.56281  -7.56162  -7.56348
  -7.56442  -7.55998  -7.55445  -7.55157  -7.54552  -7.53212  -7.51951  -7.50657
  -7.56981  -7.56981  -7.57003  -7.57217  -7.57073  -7.56203  -7.55583  -7.55742
  -7.55769  -7.55731  -7.55741  -7.55731  -7.55688  -7.55598  -7.55475  -7.55781
  -7.55999  -7.55572  -7.55102  -7.54963  -7.54497  -7.53350  -7.52253  -7.51127
  -7.56680  -7.56680  -7.56710  -7.56982  -7.56799  -7.55702  -7.54921  -7.55121
  -7.55155  -7.55109  -7.55120  -7.55104  -7.55068  -7.54985  -7.54858  -7.55302
  -7.55660  -7.55253  -7.54876  -7.54907  -7.54599  -7.53670  -7.52761  -7.51826
  -7.56541  -7.56541  -7.56577  -7.56890  -7.56680  -7.55422  -7.54526  -7.54755
  -7.54795  -7.54741  -7.54754  -7.54733  -7.54703  -7.54625  -7.54495  -7.55036
  -7.55494  -7.55100  -7.54790  -7.54942  -7.54745  -7.53972  -7.53196  -7.52396
  -7.56417  -7.56418  -7.56462  -7.56833  -7.56585  -7.55099  -7.54042  -7.54312
  -7.54359  -7.54297  -7.54311  -7.54283  -7.54261  -7.54191  -7.54057  -7.54735
  -7.55332  -7.54959  -7.54742  -7.55064  -7.55025  -7.54471  -7.53883  -7.53273
  -7.56344  -7.56345  -7.56399  -7.56842  -7.56546  -7.54775  -7.53514  -7.53836
  -7.53891  -7.53819  -7.53835  -7.53799  -7.53787  -7.53725  -7.53586  -7.54437
  -7.55211  -7.54862  -7.54764  -7.55300  -7.55459  -7.55181  -7.54829  -7.54459
  -7.56328  -7.56329  -7.56390  -7.56882  -7.56554  -7.54594  -7.53199  -7.53555
  -7.53616  -7.53536  -7.53554  -7.53512  -7.53507  -7.53451  -7.53309  -7.54273
  -7.55164  -7.54831  -7.54811  -7.55488  -7.55777  -7.55681  -7.55485  -7.55273
  -7.56331  -7.56332  -7.56400  -7.56942  -7.56581  -7.54421  -7.52884  -7.53277
  -7.53344  -7.53256  -7.53275  -7.53228  -7.53229  -7.53180  -7.53034  -7.54118
  -7.55133  -7.54817  -7.54879  -7.55706  -7.56134  -7.56230  -7.56199  -7.56155
  -7.56350  -7.56351  -7.56427  -7.57027  -7.56628  -7.54241  -7.52542  -7.52976
  -7.53050  -7.52954  -7.52974  -7.52920  -7.52929  -7.52888  -7.52738  -7.53959
  -7.55114  -7.54817  -7.54974  -7.55971  -7.56555  -7.56871  -7.57028  -7.57174
---------------------/ IPRT= 1  / IGRD= 2  /--------/ Z1= 1   / DATE= 04/11/99
 -16.46422 -16.38020 -16.29492 -16.18060 -16.09290 -16.00344 -15.88091 -15.78346
 -15.68080 -15.53838 -15.42414 -15.30207 -15.13305 -15.00589 -14.88701 -14.75818
 -14.67940 -14.59846 -14.43188 -14.26462 -14.10143 -13.94137 -13.85823 -13.78020
 -13.53771 -13.47904 -13.41766 -13.33198 -13.26356 -13.19198 -13.09228 -13.01229
 -12.92748 -12.80742 -12.71043 -12.60852 -12.47018 -12.36747 -12.27148 -12.16106
 -12.06765 -11.93078 -11.66233 -11.43310 -11.24295 -11.07421 -10.98873 -10.90883
 -10.98289 -10.95815 -10.92973 -10.88709 -10.85081 -10.81028 -10.74961 -10.69805
 -10.64139 -10.55835 -10.48941 -10.41557 -10.31201 -10.23261 -10.15438 -10.03662
  -9.89929  -9.68734  -9.35084  -9.11776  -8.94856  -8.81122  -8.74315  -8.67975
  -9.81025  -9.79604  -9.77954  -9.75425  -9.73202  -9.70639  -9.66686  -9.63224
  -9.59302  -9.53304  -9.48186  -9.42628  -9.34358  -9.27655  -9.20663  -9.07625
  -8.91294  -8.67639  -8.34337  -8.13906  -8.00153  -7.89581  -7.84410  -7.79603
  -8.89672  -8.88823  -8.87850  -8.86327  -8.84957  -8.83365  -8.80822  -8.78536
  -8.75927  -8.71795  -8.68104  -8.63944  -8.57566  -8.52111  -8.45716  -8.31283
  -8.13110  -7.88872  -7.58382  -7.41743  -7.31186  -7.23494  -7.19879  -7.16548
  -8.15785  -8.15385  -8.14692  -8.13677  -8.12879  -8.11876  -8.10246  -8.08752
  -8.06958  -8.04121  -8.01580  -7.98605  -7.93741  -7.89124  -7.82919  -7.67331
  -7.48454  -7.25458  -6.99542  -6.87094  -6.79705  -6.74547  -6.72141  -6.69926
  -7.77648  -7.77444  -7.76818  -7.75964  -7.75407  -7.74652  -7.73384  -7.72218
  -7.70808  -7.68558  -7.66514  -7.64064  -7.59837  -7.55525  -7.49333  -7.33234
  -7.14503  -6.93206  -6.70690  -6.60618  -6.54879  -6.50881  -6.48914  -6.47079
  -7.38549  -7.38292  -7.37953  -7.37455  -7.37013  -7.36422  -7.35376  -7.34452
  -7.33462  -7.31723  -7.29985  -7.27915  -7.24382  -7.20472  -7.14247  -6.97858
  -6.79864  -6.61107  -6.42753  -6.35140  -6.30887  -6.27987  -6.26624  -6.25365
  -7.06444  -7.06191  -7.05976  -7.05498  -7.05043  -7.04692  -7.04012  -7.03226
  -7.02308  -7.00967  -6.99651  -6.97800  -6.94604  -6.90931  -6.84689  -6.68618
  -6.51816  -6.35365  -6.20338  -6.14596  -6.11436  -6.09337  -6.08429  -6.07607
  -6.92457  -6.92285  -6.91980  -6.91483  -6.91146  -6.90882  -6.90345  -6.89642
  -6.88699  -6.87419  -6.86279  -6.84601  -6.81416  -6.77715  -6.71679  -6.56218
  -6.40425  -6.25726  -6.12791  -6.07970  -6.05347  -6.03617  -6.02876  -6.02207
  -6.81747  -6.81713  -6.81394  -6.81047  -6.80885  -6.80552  -6.79958  -6.79376
  -6.78571  -6.77266  -6.76089  -6.74616  -6.71728  -6.68058  -6.61941  -6.47094
  -6.32607  -6.19696  -6.08669  -6.04637  -6.02475  -6.01058  -6.00443  -5.99886
  -6.73893  -6.73755  -6.73638  -6.73362  -6.73046  -6.72697  -6.72172  -6.71671
  -6.71021  -6.69873  -6.68719  -6.67228  -6.64420  -6.60866  -6.54838  -6.40395
  -6.26438  -6.14060  -6.03662  -5.99927  -5.97809  -5.96384  -5.95829  -5.95343
  -6.70373  -6.70261  -6.70125  -6.69894  -6.69609  -6.69169  -6.68645  -6.68264
  -6.67683  -6.66554  -6.65397  -6.63909  -6.61155  -6.57696  -6.51819  -6.37742
  -6.24155  -6.12116  -6.01953  -5.98293  -5.96296  -5.94961  -5.94391  -5.93876
  -6.67494  -6.67382  -6.67268  -6.67034  -6.66776  -6.66462  -6.65914  -6.65401
  -6.64816  -6.63805  -6.62739  -6.61308  -6.58635  -6.55305  -6.49682  -6.36214
  -6.23176  -6.11538  -6.01476  -5.97777  -5.95954  -5.94855  -5.94352  -5.93890
  -6.66787  -6.66680  -6.66572  -6.66312  -6.66061  -6.65840  -6.65381  -6.64904
  -6.64402  -6.63417  -6.62347  -6.61019  -6.58450  -6.55238  -6.49951  -6.37019
  -6.24040  -6.11904  -6.01250  -5.97299  -5.95096  -5.93792  -5.93443  -5.93177
  -6.67859  -6.67749  -6.67629  -6.67413  -6.67216  -6.66993  -6.66480  -6.65993
  -6.65555  -6.64634  -6.63551  -6.62201  -6.59733  -6.56724  -6.51698  -6.39053
  -6.25920  -6.13034  -6.01233  -5.96748  -5.94373  -5.92945  -5.92421  -5.91968
  -6.69891  -6.69758  -6.69614  -6.69471  -6.69352  -6.69126  -6.68619  -6.68137
  -6.67640  -6.66798  -6.65867  -6.64573  -6.62184  -6.59342  -6.54611  -6.42665
  -6.30002  -6.17136  -6.04975  -6.00241  -5.97794  -5.96362  -5.95819  -5.95344
  -6.73113  -6.72950  -6.72792  -6.72639  -6.72482  -6.72195  -6.71807  -6.71464
  -6.70923  -6.70102  -6.69280  -6.68008  -6.65719  -6.63106  -6.58746  -6.47585
  -6.35361  -6.22334  -6.09607  -6.04532  -6.01885  -6.00316  -5.99703  -5.99164
  -6.75841  -6.75675  -6.75510  -6.75342  -6.75184  -6.74918  -6.74599  -6.74315
  -6.73802  -6.72907  -6.72023  -6.70807  -6.68698  -6.66261  -6.62150  -6.51640
  -6.39853  -6.26758  -6.13558  -6.08109  -6.05156  -6.03400  -6.02777  -6.02244
  -6.79944  -6.79759  -6.79587  -6.79357  -6.79216  -6.79145  -6.78858  -6.78495
  -6.78128  -6.77256  -6.76299  -6.75255  -6.73289  -6.71001  -6.67470  -6.57962
  -6.46634  -6.33451  -6.19590  -6.13615  -6.10392  -6.08505  -6.07829  -6.07248
  -6.85142  -6.84932  -6.84753  -6.84438  -6.84322  -6.84514  -6.84261  -6.83779
  -6.83608  -6.82782  -6.81734  -6.80918  -6.79118  -6.77006  -6.74234  -6.65999
  -6.55230  -6.41935  -6.27242  -6.20605  -6.17062  -6.15028  -6.14280  -6.13631
  -6.88565  -6.88339  -6.88155  -6.87785  -6.87684  -6.88051  -6.87820  -6.87259
  -6.87218  -6.86422  -6.85315  -6.84649  -6.82958  -6.80961  -6.78690  -6.71292
  -6.60892  -6.47524  -6.32282  -6.25210  -6.21456  -6.19325  -6.18529  -6.17835
  -6.92195  -6.91951  -6.91762  -6.91333  -6.91249  -6.91800  -6.91592  -6.90948
  -6.91045  -6.90280  -6.89110  -6.88603  -6.87028  -6.85154  -6.83413  -6.76904
  -6.66894  -6.53448  -6.37625  -6.30091  -6.26113  -6.23880  -6.23033  -6.22292
  -6.96320  -6.96057  -6.95862  -6.95367  -6.95301  -6.96062  -6.95881  -6.95142
  -6.95395  -6.94666  -6.93424  -6.93098  -6.91656  -6.89921  -6.88783  -6.83283
  -6.73716  -6.60182  -6.43699  -6.35639  -6.31408  -6.29058  -6.28153  -6.27358
  -6.99248  -6.98970  -6.98771  -6.98228  -6.98176  -6.99086  -6.98923  -6.98118
  -6.98481  -6.97778  -6.96485  -6.96288  -6.94939  -6.93303  -6.92592  -6.87809
  -6.78557  -6.64960  -6.48009  -6.39576  -6.35165  -6.32731  -6.31786  -6.30953
  -7.03374  -7.03076  -7.02871  -7.02262  -7.02229  -7.03348  -7.03212  -7.02312
  -7.02831  -7.02164  -7.00800  -7.00783  -6.99566  -6.98070  -6.97962  -6.94188
  -6.85380  -6.71695  -6.54082  -6.45125  -6.40459  -6.37909  -6.36907  -6.36020
  -7.08571  -7.08249  -7.08037  -7.07343  -7.07334  -7.08717  -7.08615  -7.07596
  -7.08311  -7.07690  -7.06235  -7.06447  -7.05395  -7.04075  -7.04726  -7.02225
  -6.93975  -6.80179  -6.61735  -6.52116  -6.47130  -6.44432  -6.43358  -6.42403
  -7.11995  -7.11656  -7.11439  -7.10690  -7.10697  -7.12254  -7.12173  -7.11076
  -7.11921  -7.11329  -7.09815  -7.10177  -7.09235  -7.08030  -7.09182  -7.07518
  -6.99637  -6.85768  -6.66775  -6.56720  -6.51524  -6.48729  -6.47607  -6.46607
  -7.15625  -7.15268  -7.15046  -7.14238  -7.14261  -7.16003  -7.15946  -7.14765
  -7.15748  -7.15188  -7.13611  -7.14132  -7.13305  -7.12223  -7.13905  -7.13130
  -7.05639  -6.91692  -6.72118  -6.61601  -6.56181  -6.53284  -6.52111  -6.51064
  -7.19750  -7.19374  -7.19146  -7.18272  -7.18314  -7.20265  -7.20234  -7.18959
  -7.20098  -7.19574  -7.17925  -7.18627  -7.17933  -7.16990  -7.19275  -7.19509
  -7.12462  -6.98426  -6.78192  -6.67150  -6.61476  -6.58462  -6.57232  -6.56130
---------------------/ IPRT= 1  / IGRD= 1  /--------/ Z1= 2   / DATE= 04/11/99
 -70.91954 -70.91891 -70.91819 -70.91708 -70.91611 -70.91504 -70.91350 -70.91222
 -70.91081 -70.90876 -70.90703 -70.90513 -70.90247 -70.90023 -70.89740 -70.89470
 -70.89248 -70.88247 -70.82614 -70.74865 -70.68372 -70.62481 -70.58196 -70.53427
 -73.40575 -73.40804 -73.41066 -73.41473 -73.41830 -73.42220 -73.42784 -73.43252
 -73.43764 -73.44518 -73.45150 -73.45835 -73.46831 -73.47663 -73.48575 -73.49871
 -73.50882 -73.51918 -73.53703 -73.55173 -73.55599 -73.54238 -73.55012 -73.63673
 -56.45578 -56.43349 -56.40767 -56.36770 -56.33285 -56.29465 -56.23915 -56.19290
 -56.14234 -56.06816 -56.00616 -55.93901 -55.84098 -55.75871 -55.66927 -55.54005
 -55.43632 -55.33345 -55.21504 -55.14849 -55.10164 -55.06518 -54.85423 -54.06086
 -42.92398 -42.90429 -42.88073 -42.84406 -42.81253 -42.77775 -42.72642 -42.68324
 -42.63628 -42.56799 -42.51127 -42.45010 -42.35995 -42.28351 -42.20126 -42.07902
 -41.97078 -41.84565 -41.64290 -41.45463 -41.23843 -40.91279 -40.64575 -40.37912
 -32.80625 -32.78960 -32.76985 -32.73779 -32.70894 -32.67809 -32.63330 -32.59533
 -32.55529 -32.49645 -32.44554 -32.39139 -32.31402 -32.24905 -32.17801 -32.07342
 -31.98315 -31.87795 -31.70723 -31.54770 -31.35704 -31.05951 -30.81094 -30.55737
 -24.87513 -24.86246 -24.84706 -24.82243 -24.80081 -24.77699 -24.74102 -24.70996
 -24.67704 -24.62910 -24.58771 -24.54229 -24.47648 -24.42206 -24.36286 -24.27608
 -24.20210 -24.11751 -23.98169 -23.85428 -23.70082 -23.46039 -23.24772 -22.99564
 -20.87716 -20.86743 -20.85597 -20.83844 -20.82282 -20.80381 -20.77506 -20.75179
 -20.72559 -20.68581 -20.65211 -20.61511 -20.56092 -20.51558 -20.46583 -20.39209
 -20.32868 -20.25609 -20.13648 -20.02083 -19.88120 -19.66353 -19.48061 -19.28924
 -16.83772 -16.83149 -16.82364 -16.81111 -16.80001 -16.78695 -16.76693 -16.75015
 -16.73182 -16.70342 -16.67794 -16.64999 -16.60900 -16.57405 -16.53521 -16.47739
 -16.42761 -16.37021 -16.27506 -16.18319 -16.07302 -15.90314 -15.76038 -15.60755
 -13.58674 -13.58313 -13.57863 -13.57093 -13.56366 -13.55542 -13.54253 -13.53086
 -13.51784 -13.49828 -13.48128 -13.46221 -13.43287 -13.40710 -13.37869 -13.33619
 -13.29889 -13.25592 -13.18532 -13.11756 -13.03643 -12.91167 -12.80784 -12.69883
 -12.17331 -12.17079 -12.16728 -12.16141 -12.15620 -12.14999 -12.14011 -12.13135
 -12.12129 -12.10588 -12.09253 -12.07749 -12.05428 -12.03380 -12.01094 -11.97648
 -11.94634 -11.91173 -11.85407 -11.79817 -11.73235 -11.63203 -11.54807 -11.45966
 -11.09298 -11.09119 -11.08867 -11.08461 -11.08089 -11.07562 -11.06879 -11.06418
 -11.05561 -11.04153 -11.03251 -11.02212 -11.00390 -10.98710 -10.96912 -10.94142
 -10.91599 -10.88845 -10.84397 -10.79995 -10.74810 -10.66862 -10.60093 -10.52838
 -10.23308 -10.23189 -10.23043 -10.22714 -10.22349 -10.22021 -10.21571 -10.21091
 -10.20491 -10.19565 -10.18832 -10.18130 -10.16822 -10.15353 -10.13855 -10.11851
 -10.10096 -10.08043 -10.04525 -10.01083  -9.97113  -9.91025  -9.85732  -9.79981
  -9.79066  -9.78995  -9.78904  -9.78672  -9.78400  -9.78151  -9.77732  -9.77273
  -9.76854  -9.76211  -9.75529  -9.74850  -9.73760  -9.72627  -9.71412  -9.69730
  -9.68272  -9.66505  -9.63538  -9.60762  -9.57522  -9.52456  -9.48005  -9.43096
  -9.33331  -9.33272  -9.33188  -9.33051  -9.32907  -9.32667  -9.32291  -9.32031
  -9.31718  -9.31198  -9.30723  -9.30135  -9.29220  -9.28456  -9.27584  -9.26205
  -9.24962  -9.23531  -9.21284  -9.19236  -9.16802  -9.12797  -9.09151  -9.05185
  -8.94374  -8.94406  -8.94457  -8.94344  -8.94104  -8.94040  -8.94008  -8.93775
  -8.93546  -8.93180  -8.92752  -8.92319  -8.91701  -8.91094  -8.90339  -8.89153
  -8.88197  -8.87277  -8.85805  -8.84233  -8.82319  -8.79313  -8.76655  -8.73621
  -8.77032  -8.77035  -8.77057  -8.77006  -8.76851  -8.76674  -8.76462  -8.76318
  -8.76177  -8.75940  -8.75657  -8.75219  -8.74628  -8.74239  -8.73599  -8.72614
  -8.71981  -8.71137  -8.69718  -8.68504  -8.66945  -8.64390  -8.62139  -8.59420
  -8.63457  -8.63408  -8.63408  -8.63377  -8.63263  -8.63134  -8.62975  -8.62868
  -8.62784  -8.62566  -8.62245  -8.61901  -8.61428  -8.61028  -8.60617  -8.59947
  -8.59267  -8.58491  -8.57296  -8.56204  -8.54917  -8.52834  -8.50874  -8.48489
  -8.52755  -8.52751  -8.52759  -8.52727  -8.52641  -8.52547  -8.52445  -8.52365
  -8.52237  -8.52002  -8.51805  -8.51585  -8.51172  -8.50753  -8.50361  -8.49782
  -8.49202  -8.48599  -8.47637  -8.46662  -8.45539  -8.43782  -8.42117  -8.40042
  -8.47533  -8.47523  -8.47538  -8.47520  -8.47433  -8.47336  -8.47242  -8.47175
  -8.47035  -8.46818  -8.46689  -8.46499  -8.46134  -8.45803  -8.45430  -8.44876
  -8.44397  -8.43827  -8.42909  -8.42068  -8.41066  -8.39443  -8.37922  -8.36046
  -8.42906  -8.42876  -8.42824  -8.42771  -8.42757  -8.42702  -8.42606  -8.42546
  -8.42423  -8.42222  -8.42096  -8.41919  -8.41613  -8.41358  -8.41048  -8.40547
  -8.40098  -8.39565  -8.38778  -8.38109  -8.37224  -8.35719  -8.34357  -8.32707
  -8.40587  -8.40589  -8.40593  -8.40566  -8.40505  -8.40434  -8.40346  -8.40283
  -8.40218  -8.40110  -8.39987  -8.39794  -8.39526  -8.39348  -8.39068  -8.38601
  -8.38244  -8.37787  -8.37040  -8.36402  -8.35637  -8.34345  -8.33093  -8.31548
  -8.40933  -8.40936  -8.40944  -8.40920  -8.40854  -8.40781  -8.40693  -8.40629
  -8.40569  -8.40455  -8.40325  -8.40189  -8.40006  -8.39823  -8.39534  -8.39061
  -8.38699  -8.38285  -8.37631  -8.37046  -8.36342  -8.35126  -8.33913  -8.32405
  -8.42560  -8.42545  -8.42486  -8.42412  -8.42410  -8.42418  -8.42383  -8.42312
  -8.42245  -8.42129  -8.41993  -8.41854  -8.41658  -8.41464  -8.41202  -8.40807
  -8.40488  -8.40068  -8.39399  -8.38849  -8.38171  -8.36991  -8.35829  -8.34361
  -8.44991  -8.44952  -8.44801  -8.44660  -8.44743  -8.44868  -8.44914  -8.44834
  -8.44758  -8.44651  -8.44509  -8.44335  -8.44085  -8.43887  -8.43671  -8.43397
  -8.43155  -8.42705  -8.41962  -8.41435  -8.40781  -8.39636  -8.38534  -8.37112
  -8.46881  -8.46825  -8.46609  -8.46419  -8.46564  -8.46771  -8.46875  -8.46788
  -8.46706  -8.46605  -8.46460  -8.46261  -8.45972  -8.45771  -8.45588  -8.45400
  -8.45212  -8.44742  -8.43945  -8.43436  -8.42797  -8.41678  -8.40619  -8.39228
  -8.49706  -8.49626  -8.49319  -8.49060  -8.49291  -8.49614  -8.49800  -8.49703
  -8.49613  -8.49522  -8.49370  -8.49137  -8.48793  -8.48587  -8.48450  -8.48385
  -8.48272  -8.47773  -8.46902  -8.46417  -8.45801  -8.44717  -8.43718  -8.42372
  -8.53447  -8.53335  -8.52913  -8.52569  -8.52908  -8.53378  -8.53667  -8.53557
  -8.53457  -8.53377  -8.53218  -8.52941  -8.52528  -8.52317  -8.52238  -8.52326
  -8.52309  -8.51774  -8.50808  -8.50354  -8.49766  -8.48727  -8.47804  -8.46515
  -8.55983  -8.55851  -8.55353  -8.54952  -8.55363  -8.55929  -8.56286  -8.56169
  -8.56061  -8.55988  -8.55825  -8.55519  -8.55060  -8.54846  -8.54806  -8.54994
  -8.55041  -8.54481  -8.53453  -8.53019  -8.52450  -8.51440  -8.50568  -8.49316
  -8.58714  -8.58560  -8.57982  -8.57521  -8.58007  -8.58676  -8.59104  -8.58978
  -8.58864  -8.58799  -8.58631  -8.58294  -8.57787  -8.57568  -8.57569  -8.57865
  -8.57978  -8.57393  -8.56299  -8.55887  -8.55337  -8.54359  -8.53540  -8.52327
  -8.61854  -8.61676  -8.61006  -8.60477  -8.61049  -8.61835  -8.62344  -8.62209
  -8.62086  -8.62030  -8.61856  -8.61485  -8.60923  -8.60700  -8.60747  -8.61165
  -8.61354  -8.60740  -8.59571  -8.59183  -8.58656  -8.57713  -8.56954  -8.55787
C-------------------------------------------------------------------------------
C
C     RATE COEFFICIENTS IN UNITS OF CM**3 S-1 
C     --------------------------------------- 
C
C     INPUT DATA
C         FOR YEAR: 96 AND WITH PREFIX: pj
C         FOR he RECOMBINING ION CHARGE(S)  1 TO  2
C
C     CODE     : ADAS404
C     PRODUCER : Martin O'Mullane              
C     DATE     : 04/11/99
C
C-------------------------------------------------------------------------------
 
C---------------------------------------------------------------------------------
C ADAS ADF11 DATA - SCCS info: @(#)$Header: /home/adascvs/adas/adf11/scd96r/scd96r_he.dat,v 2.1 2004/07/07 00:13:01 whitefor Exp $ Date $Date: 2004/07/07 00:13:01 $
C---------------------------------------------------------------------------------
