    8   13   20    1    8     /OXYGEN             /DICKSON ET AL 1992
--------------------------------------------------------------------------------
   4.00000   5.00000   6.00000   7.00000   8.00000   9.00000  10.00000  11.00000
  12.00000  13.00000  14.00000  15.00000  16.59999
  -0.39997  -0.20010  -0.00015   0.20021   0.39929   0.60003   0.79990   0.99985
   1.20021   1.39929   1.60003   1.79990   1.99985   2.20021   2.39929   2.60003
   2.79990   2.99985   3.20021   3.39929
---------------------/ IPRT= 1  / IGRD= 1  /--------/ Z1= 1   / DATE= 29/03/93
 -22.68404 -22.63180 -22.54796 -22.42790 -22.29270 -22.16987 -22.06063 -21.86119
 -21.44148 -20.73169 -19.90302 -19.18693 -18.61681
 -18.16391 -18.13595 -18.07419 -17.97325 -17.84420 -17.70226 -17.55058 -17.34395
 -17.02505 -16.56732 -16.06723 -15.65197 -15.34648
 -14.03181 -13.96205 -13.87903 -13.78942 -13.68895 -13.57062 -13.42713 -13.24982
 -13.02970 -12.76814 -12.50860 -12.30521 -12.17198
 -11.85073 -11.77549 -11.69311 -11.61478 -11.53227 -11.43242 -11.30542 -11.15503
 -10.98835 -10.81439 -10.65199 -10.52311 -10.42876
 -10.46177 -10.39073 -10.31616 -10.25128 -10.18743 -10.11019 -10.00875  -9.88810
  -9.75726  -9.62412  -9.49716  -9.38703  -9.28836
  -9.41032  -9.34799  -9.28603  -9.23785  -9.19494  -9.14284  -9.07002  -8.97898
  -8.87635  -8.76763  -8.65939  -8.56152  -8.46676
  -8.71160  -8.66881  -8.62830  -8.59996  -8.57609  -8.54414  -8.49354  -8.42460
  -8.34163  -8.24915  -8.15547  -8.07199  -7.98971
  -8.23711  -8.21364  -8.19258  -8.17959  -8.16864  -8.15050  -8.11707  -8.06711
  -8.00253  -7.92683  -7.84947  -7.78200  -7.71443
  -7.87439  -7.86133  -7.85009  -7.84388  -7.83882  -7.82913  -7.80950  -7.77769
  -7.73300  -7.67687  -7.61797  -7.56651  -7.51320
  -7.60868  -7.60088  -7.59418  -7.59049  -7.58766  -7.58246  -7.57173  -7.55285
  -7.52363  -7.48389  -7.44063  -7.40238  -7.36212
  -7.41564  -7.41056  -7.40601  -7.40324  -7.40120  -7.39829  -7.39266  -7.38169
  -7.36264  -7.33448  -7.30272  -7.27438  -7.24527
  -7.27785  -7.27426  -7.27100  -7.26895  -7.26760  -7.26608  -7.26323  -7.25662
  -7.24356  -7.22276  -7.19869  -7.17722  -7.15644
  -7.18475  -7.18211  -7.17970  -7.17819  -7.17734  -7.17668  -7.17538  -7.17120
  -7.16155  -7.14510  -7.12570  -7.10853  -7.09318
  -7.12482  -7.12283  -7.12092  -7.11960  -7.11886  -7.11861  -7.11831  -7.11577
  -7.10832  -7.09454  -7.07793  -7.06330  -7.05123
  -7.07853  -7.07712  -7.07563  -7.07438  -7.07365  -7.07370  -7.07427  -7.07314
  -7.06759  -7.05606  -7.04178  -7.02932  -7.02004
  -7.03722  -7.03638  -7.03530  -7.03414  -7.03342  -7.03375  -7.03516  -7.03543
  -7.03177  -7.02250  -7.01061  -7.00036  -6.99397
  -6.99944  -6.99917  -6.99849  -6.99742  -6.99671  -6.99732  -6.99955  -7.00118
  -6.99936  -6.99234  -6.98285  -6.97486  -6.97139
  -6.96376  -6.96404  -6.96376  -6.96277  -6.96207  -6.96295  -6.96598  -6.96893
  -6.96894  -6.96417  -6.95711  -6.95143  -6.95093
  -6.92931  -6.93014  -6.93026  -6.92936  -6.92867  -6.92981  -6.93362  -6.93787
  -6.93967  -6.93716  -6.93257  -6.92924  -6.93177
  -6.89589  -6.89726  -6.89777  -6.89696  -6.89629  -6.89768  -6.90223  -6.90774
  -6.91130  -6.91103  -6.90892  -6.90799  -6.91356
---------------------/ IPRT= 1  / IGRD= 1  /--------/ Z1= 2   / DATE= 29/03/93
 -46.02409 -45.92629 -45.90077 -45.87125 -45.72198 -45.34728 -44.69740 -43.74185
 -42.46864 -40.96887 -39.36921 -37.80263 -35.78829
 -28.33096 -28.18411 -28.08039 -28.01166 -27.95345 -27.87598 -27.72008 -27.41628
 -26.90152 -26.15094 -25.15332 -23.93230 -22.08118
 -19.76440 -19.59623 -19.46890 -19.39410 -19.37056 -19.38951 -19.40350 -19.35130
 -19.16971 -18.78755 -18.13167 -17.17297 -15.57549
 -17.26816 -17.10020 -16.98491 -16.92283 -16.89447 -16.87903 -16.85138 -16.78434
 -16.64388 -16.36344 -15.86679 -15.11652 -13.84736
 -14.47782 -14.30710 -14.19378 -14.13579 -14.10565 -14.07718 -14.03663 -13.97396
 -13.87184 -13.67714 -13.32599 -12.78471 -11.86083
 -11.58152 -11.40137 -11.27834 -11.21713 -11.19111 -11.17435 -11.15528 -11.12635
 -11.07464 -10.96062 -10.73681 -10.37718  -9.75082
 -10.15124  -9.96932  -9.84423  -9.78446  -9.76116  -9.74601  -9.72929  -9.70647
  -9.66926  -9.59126  -9.44089  -9.20080  -8.78009
  -9.27647  -9.11644  -9.00880  -8.96333  -8.94978  -8.93876  -8.92432  -8.90718
  -8.88466  -8.83709  -8.73958  -8.57677  -8.28003
  -8.62855  -8.51019  -8.43432  -8.40941  -8.40793  -8.40353  -8.39471  -8.38713
  -8.38246  -8.36219  -8.30093  -8.18010  -7.93833
  -8.22604  -8.15341  -8.10971  -8.09974  -8.10327  -8.10155  -8.09594  -8.09364
  -8.09767  -8.08910  -8.04148  -7.93472  -7.71229
  -7.97020  -7.93177  -7.91043  -7.90782  -7.91127  -7.90948  -7.90501  -7.90453
  -7.91071  -7.90527  -7.86281  -7.76471  -7.56218
  -7.77853  -7.75777  -7.74719  -7.74689  -7.74897  -7.74672  -7.74300  -7.74363
  -7.75091  -7.74832  -7.71304  -7.62866  -7.45446
  -7.64737  -7.63555  -7.62970  -7.62953  -7.63016  -7.62763  -7.62472  -7.62633
  -7.63430  -7.63387  -7.60475  -7.53248  -7.38292
  -7.56665  -7.55936  -7.55569  -7.55531  -7.55507  -7.55253  -7.55030  -7.55257
  -7.56081  -7.56170  -7.53694  -7.47358  -7.34227
  -7.52126  -7.51613  -7.51398  -7.51424  -7.51420  -7.51185  -7.50977  -7.51201
  -7.52008  -7.52181  -7.50033  -7.44379  -7.32616
  -7.50547  -7.50157  -7.50036  -7.50110  -7.50127  -7.49908  -7.49709  -7.49928
  -7.50727  -7.50963  -7.49050  -7.43869  -7.33042
  -7.51216  -7.50934  -7.50827  -7.50844  -7.50803  -7.50583  -7.50426  -7.50695
  -7.51528  -7.51823  -7.50057  -7.45158  -7.34886
  -7.52429  -7.52248  -7.52133  -7.52066  -7.51946  -7.51720  -7.51615  -7.51949
  -7.52827  -7.53180  -7.51541  -7.46877  -7.37071
  -7.53640  -7.53555  -7.53428  -7.53276  -7.53079  -7.52849  -7.52795  -7.53193
  -7.54115  -7.54527  -7.53016  -7.48591  -7.39254
  -7.54837  -7.54843  -7.54702  -7.54467  -7.54194  -7.53960  -7.53958  -7.54418
  -7.55383  -7.55853  -7.54470  -7.50283  -7.41417
---------------------/ IPRT= 1  / IGRD= 1  /--------/ Z1= 3   / DATE= 29/03/93
 -68.53208 -68.51971 -68.47733 -68.39169 -68.30971 -68.31781 -68.47495 -68.50523
 -67.91289 -66.25581 -63.77586 -61.16397 -58.17564
 -46.38862 -46.36868 -46.32609 -46.25419 -46.18742 -46.18717 -46.29525 -46.31481
 -45.89231 -44.70994 -42.90799 -40.92743 -38.35632
 -32.39329 -32.36588 -32.32313 -32.26491 -32.21324 -32.20470 -32.26410 -32.27295
 -32.01869 -31.30681 -30.17713 -28.82337 -26.66969
 -23.51352 -23.48088 -23.43899 -23.39283 -23.35403 -23.33865 -23.35733 -23.35552
 -23.23602 -22.90555 -22.32786 -21.50482 -19.77064
 -17.88197 -17.84899 -17.81016 -17.77241 -17.74149 -17.72247 -17.71822 -17.70641
 -17.64865 -17.50468 -17.21475 -16.70807 -15.38277
 -14.24584 -14.21538 -14.18055 -14.14822 -14.12147 -14.10104 -14.08669 -14.06841
 -14.03075 -13.95563 -13.78907 -13.45551 -12.48548
 -11.93555 -11.90793 -11.87641 -11.84726 -11.82249 -11.80155 -11.78354 -11.76475
 -11.74080 -11.70504 -11.61170 -11.39029 -10.67644
 -10.45174 -10.42722 -10.39879 -10.37168 -10.34757 -10.32612 -10.30690 -10.28941
 -10.27432 -10.26052 -10.20960 -10.05882  -9.52092
  -9.49108  -9.46988  -9.44466  -9.41953  -9.39598  -9.37422  -9.35456  -9.33788
  -9.32668  -9.32218  -9.29240  -9.18361  -8.76683
  -8.87144  -8.85350  -8.83175  -8.80935  -8.78752  -8.76672  -8.74761  -8.73190
  -8.72311  -8.72368  -8.70690  -8.62691  -8.29859
  -8.46175  -8.44728  -8.42964  -8.41125  -8.39295  -8.37496  -8.35779  -8.34368
  -8.33686  -8.34049  -8.33208  -8.27219  -8.00841
  -8.19065  -8.17984  -8.16688  -8.15369  -8.14059  -8.12714  -8.11320  -8.10128
  -8.09627  -8.10186  -8.09856  -8.05167  -7.83138
  -8.01194  -8.00420  -7.99525  -7.98673  -7.97846  -7.96930  -7.95840  -7.94851
  -7.94508  -7.95221  -7.95250  -7.91443  -7.72337
  -7.89798  -7.89259  -7.88665  -7.88144  -7.87651  -7.87032  -7.86165  -7.85336
  -7.85121  -7.85947  -7.86219  -7.83015  -7.65934
  -7.83084  -7.82749  -7.82389  -7.82090  -7.81794  -7.81350  -7.80640  -7.79949
  -7.79833  -7.80706  -7.81085  -7.78251  -7.62618
  -7.79798  -7.79614  -7.79420  -7.79262  -7.79076  -7.78725  -7.78104  -7.77498
  -7.77450  -7.78364  -7.78833  -7.76268  -7.61636
  -7.79262  -7.79149  -7.79038  -7.78961  -7.78843  -7.78542  -7.77950  -7.77367
  -7.77363  -7.78366  -7.78994  -7.76681  -7.62659
  -7.80875  -7.80772  -7.80684  -7.80649  -7.80586  -7.80344  -7.79804  -7.79271
  -7.79333  -7.80432  -7.81190  -7.79039  -7.65320
  -7.83834  -7.83710  -7.83614  -7.83602  -7.83595  -7.83433  -7.82987  -7.82555
  -7.82713  -7.83894  -7.84724  -7.82645  -7.69059
  -7.87235  -7.87084  -7.86977  -7.86985  -7.87033  -7.86953  -7.86609  -7.86285
  -7.86544  -7.87804  -7.88694  -7.86672  -7.73194
---------------------/ IPRT= 1  / IGRD= 1  /--------/ Z1= 4   / DATE= 29/03/93
 -73.52288 -73.52288 -73.52288 -73.52288 -73.52288 -73.52288 -73.52288 -73.52288
 -73.52288 -73.52288 -73.52288 -73.52288 -73.52288
 -62.54972 -62.56641 -62.57856 -62.56209 -62.49986 -62.42921 -62.41283 -62.47985
 -62.39825 -61.81410 -60.44013 -58.51011 -55.45156
 -42.77211 -42.78406 -42.79277 -42.78096 -42.73628 -42.68451 -42.66925 -42.70986
 -42.63711 -42.19377 -41.16831 -39.70695 -37.24167
 -30.22987 -30.23710 -30.24236 -30.23523 -30.20806 -30.17515 -30.16097 -30.17513
 -30.11120 -29.80866 -29.13174 -28.13907 -26.26685
 -22.32538 -22.32856 -22.33087 -22.32773 -22.31556 -22.29876 -22.28544 -22.27689
 -22.22127 -22.04190 -21.66892 -21.08714 -19.74911
 -17.26631 -17.26747 -17.26831 -17.26716 -17.26244 -17.25364 -17.24065 -17.22077
 -17.17171 -17.06218 -16.85940 -16.51716 -15.54797
 -14.05815 -14.05890 -14.05944 -14.05870 -14.05554 -14.04837 -14.03521 -14.01252
 -13.96770 -13.88495 -13.74647 -13.50742 -12.76774
 -11.99105 -11.99165 -11.99208 -11.99150 -11.98889 -11.98238 -11.96931 -11.94573
 -11.90393 -11.83689 -11.73630 -11.56266 -10.99300
 -10.64075 -10.64102 -10.64122 -10.64095 -10.63960 -10.63467 -10.62245 -10.59823
 -10.55844 -10.50366 -10.43337 -10.31129  -9.87401
  -9.75467  -9.75454  -9.75445  -9.75458  -9.75471  -9.75171  -9.74072  -9.71630
  -9.67785  -9.63105  -9.58062  -9.49422  -9.15690
  -9.16135  -9.16099  -9.16073  -9.16108  -9.16210  -9.16028  -9.15029  -9.12658
  -9.09083  -9.05178  -9.01709  -8.95808  -8.69958
  -8.76890  -8.76847  -8.76816  -8.76858  -8.76989  -8.76869  -8.75984  -8.73841
  -8.70765  -8.67743  -8.65596  -8.61739  -8.41672
  -8.50979  -8.50934  -8.50902  -8.50946  -8.51090  -8.51042  -8.50358  -8.48646
  -8.46290  -8.44196  -8.43030  -8.40445  -8.24104
  -8.34236  -8.34193  -8.34162  -8.34204  -8.34350  -8.34365  -8.33895  -8.32646
  -8.30991  -8.29683  -8.29197  -8.27378  -8.13383
  -8.24042  -8.24004  -8.23975  -8.24014  -8.24147  -8.24190  -8.23861  -8.22940
  -8.21774  -8.21004  -8.20989  -8.19708  -8.07338
  -8.18426  -8.18392  -8.18367  -8.18401  -8.18519  -8.18572  -8.18330  -8.17620
  -8.16772  -8.16357  -8.16669  -8.15785  -8.04597
  -8.16144  -8.16113  -8.16090  -8.16121  -8.16229  -8.16287  -8.16096  -8.15513
  -8.14859  -8.14672  -8.15218  -8.14632  -8.04291
  -8.16196  -8.16166  -8.16144  -8.16174  -8.16279  -8.16344  -8.16186  -8.15679
  -8.15145  -8.15114  -8.15849  -8.15509  -8.05771
  -8.18075  -8.18045  -8.18024  -8.18053  -8.18157  -8.18226  -8.18083  -8.17612
  -8.17144  -8.17220  -8.18111  -8.17983  -8.08700
  -8.21234  -8.21206  -8.21185  -8.21213  -8.21315  -8.21379  -8.21235  -8.20770
  -8.20331  -8.20477  -8.21499  -8.21558  -8.12661
---------------------/ IPRT= 1  / IGRD= 1  /--------/ Z1= 5   / DATE= 29/03/93
 -73.69897 -73.69897 -73.69897 -73.69897 -73.69897 -73.69897 -73.69897 -73.69897
 -73.69897 -73.69897 -73.69897 -73.69897 -73.69897
 -73.69897 -73.69897 -73.69897 -73.69897 -73.69897 -73.69897 -73.69897 -73.69897
 -73.69897 -73.69897 -73.69897 -73.69897 -73.69897
 -58.84498 -58.86043 -58.88989 -58.89939 -58.84933 -58.71690 -58.52813 -58.31780
 -58.06185 -57.56496 -56.60094 -55.08845 -52.40799
 -40.46602 -40.47770 -40.49993 -40.50689 -40.46848 -40.36594 -40.21351 -40.03135
 -39.79807 -39.37132 -38.58695 -37.38339 -35.19940
 -28.90461 -28.91255 -28.92761 -28.93205 -28.90519 -28.83229 -28.71592 -28.56176
 -28.35106 -27.99398 -27.38787 -26.49077 -24.79929
 -21.51233 -21.51699 -21.52578 -21.52809 -21.51157 -21.46525 -21.38226 -21.25646
 -21.07186 -20.78378 -20.34241 -19.72237 -18.47839
 -16.83886 -16.84173 -16.84715 -16.84856 -16.83831 -16.80834 -16.74934 -16.65178
 -16.50260 -16.27852 -15.95440 -15.51189 -14.56279
 -13.85776 -13.85990 -13.86398 -13.86522 -13.85810 -13.83658 -13.79337 -13.72090
 -13.60869 -13.43780 -13.18779 -12.84134 -12.06700
 -11.94739 -11.94895 -11.95191 -11.95287 -11.94784 -11.93235 -11.90052 -11.84623
 -11.76054 -11.62632 -11.42496 -11.14100 -10.49993
 -10.72663 -10.72768 -10.72968 -10.73030 -10.72681 -10.71581 -10.69191 -10.64937
 -10.58005 -10.46894 -10.29973 -10.06018  -9.53005
  -9.93085  -9.93158  -9.93297  -9.93340  -9.93099  -9.92304  -9.90447  -9.86980
  -9.81159  -9.71673  -9.57113  -9.36570  -8.92758
  -9.41824  -9.41868  -9.41952  -9.41978  -9.41835  -9.41310  -9.39904  -9.37064
  -9.32124  -9.24078  -9.11863  -8.94828  -8.59032
  -9.08687  -9.08706  -9.08742  -9.08754  -9.08691  -9.08395  -9.07390  -9.05140
  -9.01070  -8.94486  -8.84671  -8.71119  -8.41975
  -8.87474  -8.87481  -8.87496  -8.87500  -8.87475  -8.87307  -8.86616  -8.84968
  -8.81900  -8.76845  -8.69219  -8.58503  -8.34100
  -8.74319  -8.74329  -8.74349  -8.74355  -8.74321  -8.74169  -8.73667  -8.72557
  -8.70493  -8.66884  -8.61096  -8.52486  -8.31214
  -8.66471  -8.66490  -8.66526  -8.66537  -8.66475  -8.66282  -8.65877  -8.65171
  -8.63934  -8.61512  -8.57174  -8.50149  -8.31083
  -8.62428  -8.62447  -8.62483  -8.62494  -8.62432  -8.62257  -8.61956  -8.61524
  -8.60793  -8.59130  -8.55816  -8.50025  -8.32716
  -8.61087  -8.61100  -8.61124  -8.61131  -8.61090  -8.60974  -8.60778  -8.60501
  -8.60004  -8.58759  -8.56166  -8.51410  -8.35650
  -8.61757  -8.61765  -8.61779  -8.61784  -8.61759  -8.61684  -8.61542  -8.61315
  -8.60890  -8.59884  -8.57864  -8.54053  -8.39730
  -8.63943  -8.63945  -8.63949  -8.63950  -8.63943  -8.63910  -8.63804  -8.63571
  -8.63117  -8.62230  -8.60679  -8.57744  -8.44741
---------------------/ IPRT= 1  / IGRD= 1  /--------/ Z1= 6   / DATE= 29/03/93
 -73.52288 -73.52288 -73.52288 -73.52288 -73.52288 -73.52288 -73.52288 -73.52288
 -73.52288 -73.52288 -73.52288 -73.52288 -73.52288
 -73.52288 -73.52288 -73.52288 -73.52288 -73.52288 -73.52288 -73.52288 -73.52288
 -73.52288 -73.52288 -73.52288 -73.52288 -73.52288
 -69.83943 -69.84245 -69.85657 -69.87155 -69.86486 -69.81511 -69.72899 -69.63765
 -69.56510 -69.39104 -68.86944 -67.76955 -65.24126
 -47.57072 -47.57327 -47.58519 -47.59779 -47.59197 -47.54964 -47.47781 -47.40530
 -47.35456 -47.21901 -46.77969 -45.83066 -43.60873
 -33.56911 -33.57119 -33.58093 -33.59117 -33.58621 -33.55126 -33.49363 -33.43984
 -33.41078 -33.31351 -32.95595 -32.15682 -30.23929
 -24.62351 -24.62513 -24.63268 -24.64056 -24.63647 -24.60892 -24.56552 -24.53046
 -24.52308 -24.46415 -24.18862 -23.54000 -21.92845
 -18.97594 -18.97716 -18.98286 -18.98876 -18.98549 -18.96440 -18.93324 -18.91400
 -18.92451 -18.89832 -18.69555 -18.18292 -16.85549
 -15.38059 -15.38157 -15.38614 -15.39090 -15.38834 -15.37165 -15.34838 -15.33863
 -15.35891 -15.35338 -15.20314 -14.79458 -13.70266
 -13.08131 -13.08215 -13.08606 -13.09017 -13.08813 -13.07419 -13.05560 -13.05095
 -13.07573 -13.08243 -12.96873 -12.63671 -11.73176
 -11.61610 -11.61684 -11.62027 -11.62388 -11.62210 -11.60994 -11.59443 -11.59308
 -11.62067 -11.63598 -11.54907 -11.27384 -10.51244
 -10.66464 -10.66530 -10.66837 -10.67159 -10.66998 -10.65909 -10.64575 -10.64663
 -10.67593 -10.69721 -10.62990 -10.39694  -9.74461
 -10.05339 -10.05399 -10.05681 -10.05976 -10.05828 -10.04834 -10.03652 -10.03869
 -10.06846 -10.09309 -10.03941  -9.83749  -9.26688
  -9.65841  -9.65897  -9.66158  -9.66431  -9.66295  -9.65376  -9.64301  -9.64570
  -9.67477  -9.70055  -9.65627  -9.47808  -8.97138
  -9.40366  -9.40417  -9.40658  -9.40910  -9.40784  -9.39936  -9.38955  -9.39249
  -9.42033  -9.44602  -9.40831  -9.24862  -8.79205
  -9.24158  -9.24205  -9.24424  -9.24655  -9.24540  -9.23765  -9.22884  -9.23210
  -9.25877  -9.28395  -9.25121  -9.10637  -8.68908
  -9.13850  -9.13894  -9.14098  -9.14313  -9.14206  -9.13485  -9.12674  -9.13006
  -9.15551  -9.18006  -9.15151  -9.01937  -8.63437
  -9.07716  -9.07757  -9.07950  -9.08153  -9.08052  -9.07371  -9.06603  -9.06917
  -9.09325  -9.11697  -9.09195  -8.97101  -8.61364
  -9.04594  -9.04633  -9.04812  -9.05000  -9.04906  -9.04274  -9.03564  -9.03865
  -9.06121  -9.08369  -9.06151  -8.95082  -8.61851
  -9.03811  -9.03846  -9.04012  -9.04186  -9.04099  -9.03515  -9.02862  -9.03149
  -9.05252  -9.07358  -9.05369  -8.95212  -8.64221
  -9.04909  -9.04942  -9.05096  -9.05258  -9.05178  -9.04633  -9.04023  -9.04289
  -9.06246  -9.08217  -9.06411  -8.97042  -8.68005
---------------------/ IPRT= 1  / IGRD= 1  /--------/ Z1= 7   / DATE= 29/03/93
 -73.69897 -73.69897 -73.69897 -73.69897 -73.69897 -73.69897 -73.69897 -73.69897
 -73.69897 -73.69897 -73.69897 -73.69897 -73.69897
 -73.69897 -73.69897 -73.69897 -73.69897 -73.69897 -73.69897 -73.69897 -73.69897
 -73.69897 -73.69897 -73.69897 -73.69897 -73.69897
 -73.69897 -73.69897 -73.69897 -73.69897 -73.69897 -73.69897 -73.69897 -73.69897
 -73.69897 -73.69897 -73.69897 -73.69897 -73.69897
 -73.69897 -73.69897 -73.69897 -73.69897 -73.69897 -73.69897 -73.69897 -73.69897
 -73.69897 -73.69897 -73.69897 -73.69897 -73.69897
 -73.69897 -73.69897 -73.69897 -73.69897 -73.69897 -73.69897 -73.69897 -73.69897
 -73.69897 -73.69897 -73.69897 -73.69897 -73.69897
 -73.69897 -73.69897 -73.69897 -73.69897 -73.69897 -73.69897 -73.69897 -73.69897
 -73.69897 -73.69897 -73.69897 -73.69897 -73.69897
 -61.93810 -61.93727 -61.94496 -61.96005 -61.96525 -61.94010 -61.87726 -61.81010
 -61.77988 -61.77544 -61.62267 -61.11587 -59.42413
 -43.03183 -43.03106 -43.03820 -43.05221 -43.05703 -43.03368 -42.97714 -42.92579
 -42.92643 -42.97447 -42.90553 -42.52428 -41.10844
 -31.03605 -31.03537 -31.04158 -31.05376 -31.05795 -31.03765 -30.98995 -30.95406
 -30.97740 -31.05989 -31.05375 -30.78261 -29.64081
 -23.46675 -23.46631 -23.47036 -23.47830 -23.48103 -23.46780 -23.43694 -23.41511
 -23.43443 -23.49262 -23.48042 -23.26780 -22.38966
 -18.60128 -18.60111 -18.60269 -18.60577 -18.60684 -18.60169 -18.58909 -18.57693
 -18.57483 -18.57489 -18.51456 -18.32073 -17.66781
 -15.49377 -15.49361 -15.49510 -15.49804 -15.49905 -15.49416 -15.48224 -15.47100
 -15.46988 -15.47340 -15.42973 -15.27803 -14.76066
 -13.48109 -13.48088 -13.48289 -13.48685 -13.48821 -13.48162 -13.46611 -13.45450
 -13.46221 -13.48835 -13.48120 -13.37918 -12.96783
 -12.16497 -12.16481 -12.16628 -12.16914 -12.17013 -12.16535 -12.15419 -12.14619
 -12.15285 -12.17385 -12.17197 -12.10287 -11.81384
 -11.30319 -11.30311 -11.30384 -11.30528 -11.30577 -11.30338 -11.29777 -11.29364
 -11.29664 -11.30591 -11.30031 -11.25475 -11.07302
 -10.72705 -10.72701 -10.72738 -10.72811 -10.72835 -10.72715 -10.72430 -10.72212
 -10.72336 -10.72738 -10.72290 -10.69656 -10.59005
 -10.34763 -10.34761 -10.34781 -10.34821 -10.34835 -10.34769 -10.34609 -10.34462
 -10.34458 -10.34567 -10.34252 -10.32880 -10.27021
 -10.09883 -10.09882 -10.09893 -10.09915 -10.09922 -10.09886 -10.09790 -10.09666
 -10.09557 -10.09450 -10.09171 -10.08515 -10.05531
  -9.93930  -9.93929  -9.93936  -9.93947  -9.93952  -9.93932  -9.93873  -9.93763
  -9.93592  -9.93358  -9.93089  -9.92816  -9.91433
  -9.84237  -9.84236  -9.84241  -9.84251  -9.84254  -9.84238  -9.84187  -9.84082
  -9.83901  -9.83655  -9.83445  -9.83394  -9.82803
---------------------/ IPRT= 1  / IGRD= 1  /--------/ Z1= 8   / DATE= 29/03/93
 -73.69897 -73.69897 -73.69897 -73.69897 -73.69897 -73.69897 -73.69897 -73.69897
 -73.69897 -73.69897 -73.69897 -73.69897 -73.69897
 -73.69897 -73.69897 -73.69897 -73.69897 -73.69897 -73.69897 -73.69897 -73.69897
 -73.69897 -73.69897 -73.69897 -73.69897 -73.69897
 -73.69897 -73.69897 -73.69897 -73.69897 -73.69897 -73.69897 -73.69897 -73.69897
 -73.69897 -73.69897 -73.69897 -73.69897 -73.69897
 -73.69897 -73.69897 -73.69897 -73.69897 -73.69897 -73.69897 -73.69897 -73.69897
 -73.69897 -73.69897 -73.69897 -73.69897 -73.69897
 -73.69897 -73.69897 -73.69897 -73.69897 -73.69897 -73.69897 -73.69897 -73.69897
 -73.69897 -73.69897 -73.69897 -73.69897 -73.69897
 -73.69897 -73.69897 -73.69897 -73.69897 -73.69897 -73.69897 -73.69897 -73.69897
 -73.69897 -73.69897 -73.69897 -73.69897 -73.69897
 -66.33240 -66.52840 -66.67258 -66.73771 -66.73732 -66.71044 -66.69344 -66.68889
 -66.67822 -66.64369 -66.58039 -66.49142 -66.29093
 -48.26607 -48.28857 -48.30571 -48.31460 -48.31559 -48.31106 -48.30233 -48.27859
 -48.22145 -48.11073 -47.90746 -47.56095 -46.62627
 -35.44563 -35.41540 -35.39373 -35.38502 -35.38608 -35.38890 -35.38508 -35.36230
 -35.30580 -35.19804 -34.99105 -34.61782 -33.56727
 -25.98156 -25.97630 -25.97250 -25.97091 -25.97104 -25.97160 -25.97078 -25.96108
 -25.93141 -25.86859 -25.73632 -25.48387 -24.74416
 -20.06684 -20.07192 -20.07520 -20.07579 -20.07491 -20.07507 -20.07805 -20.07709
 -20.06013 -20.01451 -19.92201 -19.76094 -19.31774
 -16.61640 -16.61561 -16.61432 -16.61237 -16.61101 -16.61237 -16.61778 -16.61960
 -16.60459 -16.56010 -16.48144 -16.36885 -16.10876
 -14.29087 -14.29078 -14.29009 -14.28855 -14.28734 -14.28847 -14.29333 -14.29590
 -14.28559 -14.25262 -14.19747 -14.12700 -13.98306
 -12.78641 -12.78724 -12.78734 -12.78640 -12.78542 -12.78622 -12.79012 -12.79274
 -12.78610 -12.76301 -12.72552 -12.68145 -12.60017
 -11.85297 -11.85328 -11.85310 -11.85221 -11.85141 -11.85211 -11.85533 -11.85758
 -11.85258 -11.83470 -11.80643 -11.77531 -11.72341
 -11.23934 -11.23941 -11.23915 -11.23843 -11.23783 -11.23838 -11.24079 -11.24233
 -11.23808 -11.22372 -11.20190 -11.17963 -11.14716
 -10.83523 -10.83539 -10.83524 -10.83468 -10.83417 -10.83462 -10.83663 -10.83799
 -10.83470 -10.82331 -10.80647 -10.79071 -10.77186
 -10.57520 -10.57535 -10.57519 -10.57458 -10.57405 -10.57452 -10.57669 -10.57861
 -10.57668 -10.56778 -10.55440 -10.54255 -10.53082
 -10.41041 -10.41053 -10.41037 -10.40982 -10.40934 -10.40977 -10.41172 -10.41353
 -10.41212 -10.40483 -10.39396 -10.38492 -10.37789
 -10.31001 -10.31011 -10.30999 -10.30959 -10.30923 -10.30955 -10.31098 -10.31218
 -10.31067 -10.30431 -10.29527 -10.28838 -10.28489
--------------------------------------------------------------------------------
C
C
C     RATE COEFFICIENTS IN UNITS OF CM**3 S-1
C     ---------------------------------------
C
C     PREPARED USING CODE JETXLE.IONBAL.FORT(WJD404U)
C
C           WILLIAM J. DICKSON   29/03/93
C-------------------------------------------------------------------------------
 
C---------------------------------------------------------------------------------
C ADAS ADF11 DATA - SCCS info: @(#)$Header: /home/adascvs/adas/adf11/scd93/scd93_o.dat,v 2.1 2004/07/07 00:12:31 whitefor Exp $ Date $Date: 2004/07/07 00:12:31 $
C---------------------------------------------------------------------------------
