    8   13   51    1    8     /OXYGEN         / HPS74 matched to A-R Te 22/07/91
 -------------------------------------------------------------------------------
   4.00000   5.00000   6.00000   7.00000   8.00000   9.00000  10.00000  11.00000
  12.00000  13.00000  14.00000  15.00000  16.00000
  -0.06466   0.03533   0.13534   0.23535   0.33534   0.43534   0.53534   0.63534
   0.73534   0.83534   0.93534   1.03533   1.13534   1.23535   1.33534   1.43534
   1.53534   1.63534   1.73534   1.83534   1.93534   2.03533   2.13534   2.23535
   2.33534   2.43534   2.53534   2.63534   2.73534   2.83534   2.93534   3.03533
   3.13534   3.23535   3.33534   3.43534   3.53534   3.63534   3.73534   3.83534
   3.93534   4.03533   4.13534   4.23535   4.33534   4.43534   4.53534   4.63534
   4.73534   4.83534   4.93534
 ---------------------------------------------------/ Z1= 1   / DATE= 22/07/91
 -13.22783 -13.22213 -13.21277 -13.19556 -13.15033 -13.05287 -12.88800 -12.67663
 -12.44866 -12.22907 -12.02309 -11.83103 -11.62137
 -12.89618 -12.92388 -12.95236 -12.97591 -12.97826 -12.94049 -12.85032 -12.72186
 -12.57583 -12.42648 -12.26208 -12.06447 -11.79532
 -12.38781 -12.44720 -12.51383 -12.58151 -12.64061 -12.68064 -12.69334 -12.67942
 -12.64181 -12.57796 -12.46330 -12.26778 -11.95073
 -11.89381 -11.97689 -12.07291 -12.17601 -12.28303 -12.39153 -12.49741 -12.59019
 -12.65778 -12.68281 -12.62683 -12.44611 -12.09545
 -11.56430 -11.65842 -11.76836 -11.88910 -12.02147 -12.16778 -12.32740 -12.48789
 -12.63388 -12.74157 -12.75358 -12.60410 -12.23585
 -11.38065 -11.47525 -11.58646 -11.71043 -11.84928 -12.00662 -12.18423 -12.37642
 -12.57568 -12.75979 -12.84776 -12.74392 -12.37202
 -11.28089 -11.36923 -11.47429 -11.59364 -11.72832 -11.88023 -12.05237 -12.25204
 -12.48762 -12.74428 -12.91438 -12.86707 -12.50235
 -11.20299 -11.28215 -11.37891 -11.49236 -11.62044 -11.76078 -11.91631 -12.11100
 -12.37411 -12.70187 -12.95846 -12.97505 -12.62526
 -11.10123 -11.17159 -11.26210 -11.37336 -11.49871 -11.62965 -11.76780 -11.95506
 -12.24344 -12.64178 -12.98631 -13.07010 -12.73991
 -10.99316 -11.05627 -11.14273 -11.25438 -11.37971 -11.50390 -11.62683 -11.80732
 -12.11892 -12.58264 -13.00930 -13.15720 -12.84837
 -10.91164 -10.96973 -11.05352 -11.16552 -11.29059 -11.40921 -11.52023 -11.69606
 -12.02752 -12.54534 -13.04003 -13.24202 -12.95339
 -10.88096 -10.93656 -11.01833 -11.12870 -11.25113 -11.36430 -11.46738 -11.64153
 -11.98837 -12.54461 -13.08727 -13.32845 -13.05688
 -10.89118 -10.94561 -11.02555 -11.13309 -11.25161 -11.35978 -11.45778 -11.63177
 -11.98937 -12.57056 -13.14467 -13.41333 -13.15736
 -10.92380 -10.97676 -11.05474 -11.15968 -11.27496 -11.37928 -11.47347 -11.64679
 -12.01062 -12.60717 -13.20205 -13.49170 -13.25245
 -10.96527 -11.01536 -11.09101 -11.19469 -11.30887 -11.41098 -11.50141 -11.67211
 -12.03797 -12.64373 -13.25367 -13.56192 -13.34201
 -11.02265 -11.06917 -11.14252 -11.24603 -11.36071 -11.46193 -11.54888 -11.71588
 -12.08103 -12.69169 -13.31214 -13.63595 -13.43499
 -11.10825 -11.15175 -11.22333 -11.32718 -11.44292 -11.54401 -11.62842 -11.79212
 -12.15558 -12.76816 -13.39477 -13.72924 -13.54265
 -11.23440 -11.27665 -11.34754 -11.45162 -11.56793 -11.66910 -11.75254 -11.91483
 -12.27736 -12.89027 -13.51887 -13.85724 -13.67629
 -11.38440 -11.42665 -11.49753 -11.60162 -11.71793 -11.81910 -11.90254 -12.06483
 -12.42736 -13.04027 -13.66887 -14.00724 -13.82629
 -11.53440 -11.57665 -11.64753 -11.75162 -11.86793 -11.96910 -12.05253 -12.21483
 -12.57736 -13.19027 -13.81887 -14.15724 -13.97628
 -11.68440 -11.72665 -11.79753 -11.90162 -12.01793 -12.11909 -12.20253 -12.36483
 -12.72735 -13.34027 -13.96887 -14.30724 -14.12628
 -11.83439 -11.87663 -11.94752 -12.05161 -12.16792 -12.26908 -12.35252 -12.51482
 -12.87734 -13.49025 -14.11885 -14.45723 -14.27627
 -11.98440 -12.02665 -12.09753 -12.20162 -12.31793 -12.41910 -12.50254 -12.66483
 -13.02736 -13.64027 -14.26887 -14.60724 -14.42629
 -12.13441 -12.17666 -12.24754 -12.35163 -12.46794 -12.56911 -12.65255 -12.81484
 -13.17737 -13.79028 -14.41888 -14.75725 -14.57629
 -12.28440 -12.32665 -12.39754 -12.50162 -12.61793 -12.71910 -12.80254 -12.96483
 -13.32736 -13.94027 -14.56887 -14.90724 -14.72629
 -12.43440 -12.47665 -12.54754 -12.65162 -12.76793 -12.86910 -12.95254 -13.11483
 -13.47736 -14.09027 -14.71887 -15.05724 -14.87629
 -12.58440 -12.62665 -12.69754 -12.80162 -12.91793 -13.01910 -13.10254 -13.26483
 -13.62736 -14.24027 -14.86887 -15.20724 -15.02629
 -12.73440 -12.77665 -12.84754 -12.95162 -13.06793 -13.16910 -13.25254 -13.41483
 -13.77736 -14.39027 -15.01887 -15.35724 -15.17629
 -12.88440 -12.92665 -12.99753 -13.10162 -13.21793 -13.31910 -13.40254 -13.56483
 -13.92736 -14.54027 -15.16887 -15.50724 -15.32629
 -13.03440 -13.07665 -13.14753 -13.25162 -13.36793 -13.46910 -13.55253 -13.71483
 -14.07736 -14.69027 -15.31887 -15.65724 -15.47628
 -13.18440 -13.22665 -13.29753 -13.40162 -13.51793 -13.61909 -13.70253 -13.86483
 -14.22735 -14.84027 -15.46887 -15.80724 -15.62628
 -13.33439 -13.37663 -13.44752 -13.55161 -13.66792 -13.76908 -13.85252 -14.01482
 -14.37734 -14.99025 -15.61885 -15.95723 -15.77627
 -13.48440 -13.52665 -13.59753 -13.70162 -13.81793 -13.91910 -14.00254 -14.16483
 -14.52736 -15.14027 -15.76887 -16.10724 -15.92629
 -13.63441 -13.67666 -13.74754 -13.85163 -13.96794 -14.06911 -14.15255 -14.31484
 -14.67737 -15.29028 -15.91888 -16.25725 -16.07629
 -13.78440 -13.82665 -13.89754 -14.00162 -14.11793 -14.21910 -14.30254 -14.46483
 -14.82736 -15.44027 -16.06887 -16.40724 -16.22629
 -13.93440 -13.97665 -14.04754 -14.15162 -14.26793 -14.36910 -14.45254 -14.61483
 -14.97736 -15.59027 -16.21887 -16.55724 -16.37629
 -14.08440 -14.12665 -14.19754 -14.30162 -14.41793 -14.51910 -14.60254 -14.76483
 -15.12736 -15.74027 -16.36887 -16.70724 -16.52629
 -14.23440 -14.27665 -14.34754 -14.45162 -14.56793 -14.66910 -14.75254 -14.91483
 -15.27736 -15.89027 -16.51887 -16.85724 -16.67629
 -14.38440 -14.42665 -14.49753 -14.60162 -14.71793 -14.81910 -14.90254 -15.06483
 -15.42736 -16.04027 -16.66887 -17.00724 -16.82629
 -14.53440 -14.57665 -14.64753 -14.75162 -14.86793 -14.96910 -15.05253 -15.21483
 -15.57736 -16.19027 -16.81887 -17.15724 -16.97628
 -14.68440 -14.72665 -14.79753 -14.90162 -15.01793 -15.11909 -15.20253 -15.36483
 -15.72735 -16.34027 -16.96887 -17.30724 -17.12628
 -14.83439 -14.87663 -14.94752 -15.05161 -15.16792 -15.26908 -15.35252 -15.51482
 -15.87734 -16.49025 -17.11885 -17.45723 -17.27627
 -14.98440 -15.02665 -15.09753 -15.20162 -15.31793 -15.41910 -15.50254 -15.66483
 -16.02736 -16.64027 -17.26887 -17.60724 -17.42629
 -15.13441 -15.17666 -15.24754 -15.35163 -15.46794 -15.56911 -15.65255 -15.81484
 -16.17737 -16.79028 -17.41888 -17.75725 -17.57629
 -15.28440 -15.32665 -15.39754 -15.50162 -15.61793 -15.71910 -15.80254 -15.96483
 -16.32736 -16.94027 -17.56887 -17.90724 -17.72629
 -15.43440 -15.47665 -15.54754 -15.65162 -15.76793 -15.86910 -15.95254 -16.11483
 -16.47736 -17.09027 -17.71887 -18.05724 -17.87629
 -15.58440 -15.62665 -15.69754 -15.80162 -15.91793 -16.01910 -16.10254 -16.26483
 -16.62736 -17.24027 -17.86887 -18.20724 -18.02629
 -15.73440 -15.77665 -15.84754 -15.95162 -16.06793 -16.16910 -16.25254 -16.41483
 -16.77736 -17.39027 -18.01887 -18.35724 -18.17629
 -15.88440 -15.92665 -15.99753 -16.10162 -16.21793 -16.31910 -16.40254 -16.56483
 -16.92736 -17.54027 -18.16887 -18.50724 -18.32629
 -16.03440 -16.07665 -16.14753 -16.25162 -16.36793 -16.46910 -16.55253 -16.71483
 -17.07736 -17.69027 -18.31887 -18.65724 -18.47628
 -16.18440 -16.22665 -16.29753 -16.40162 -16.51793 -16.61909 -16.70253 -16.86483
 -17.22735 -17.84027 -18.46887 -18.80724 -18.62628
 ---------------------------------------------------/ Z1= 2   / DATE= 22/07/91
 -11.78550 -11.78327 -11.77860 -11.76974 -11.75470 -11.73000 -11.68414 -11.60284
 -11.46595 -11.22089 -10.80390 -10.17321  -9.40854
 -11.88191 -11.87971 -11.87445 -11.86506 -11.85055 -11.82846 -11.78835 -11.71703
 -11.59719 -11.38886 -11.04429 -10.53176  -9.90840
 -11.95243 -11.95052 -11.94533 -11.93677 -11.92508 -11.90889 -11.87760 -11.81745
 -11.71295 -11.53911 -11.26767 -10.87922 -10.40334
 -11.97195 -11.97099 -11.96773 -11.96316 -11.95890 -11.95454 -11.93856 -11.89558
 -11.81080 -11.67251 -11.47004 -11.19486 -10.85014
 -11.92060 -11.92153 -11.92272 -11.92636 -11.93534 -11.95013 -11.95796 -11.94147
 -11.88548 -11.78672 -11.64605 -11.46151 -11.21545
 -11.80006 -11.80339 -11.81024 -11.82407 -11.84899 -11.88642 -11.92273 -11.93915
 -11.91993 -11.86619 -11.78483 -11.67642 -11.50642
 -11.61758 -11.62318 -11.63508 -11.65799 -11.69734 -11.75570 -11.81984 -11.87107
 -11.89407 -11.89189 -11.87397 -11.84047 -11.74053
 -11.38559 -11.39282 -11.40771 -11.43616 -11.48506 -11.55853 -11.64536 -11.72910
 -11.79649 -11.85184 -11.90553 -11.95574 -11.93307
 -11.13871 -11.14680 -11.16272 -11.19350 -11.24752 -11.33058 -11.43421 -11.54506
 -11.65278 -11.76383 -11.89044 -12.02919 -12.09015
 -10.91740 -10.92560 -10.94114 -10.97207 -11.02820 -11.11687 -11.23166 -11.36141
 -11.49838 -11.65361 -11.84462 -12.06914 -12.21537
 -10.75424 -10.76181 -10.77606 -10.80591 -10.86245 -10.95413 -11.07483 -11.21343
 -11.36343 -11.54403 -11.78324 -12.08426 -12.31309
 -10.64697 -10.65347 -10.66586 -10.69389 -10.74974 -10.84263 -10.96532 -11.10491
 -11.25502 -11.44537 -11.71810 -12.08507 -12.39081
 -10.58381 -10.58906 -10.59938 -10.62520 -10.67970 -10.77265 -10.89495 -11.03099
 -11.17384 -11.36441 -11.66004 -12.08253 -12.45691
 -10.55298 -10.55713 -10.56548 -10.58908 -10.64200 -10.73450 -10.85555 -10.98684
 -11.12065 -11.30797 -11.61997 -12.08764 -12.51975
 -10.54481 -10.54824 -10.55497 -10.57661 -10.62809 -10.72015 -10.84037 -10.96836
 -11.09583 -11.28137 -11.60658 -12.10942 -12.58653
 -10.55829 -10.56128 -10.56670 -10.58665 -10.63686 -10.72857 -10.84843 -10.97460
 -11.09839 -11.28376 -11.61962 -12.14886 -12.65961
 -10.59467 -10.59734 -10.60161 -10.62006 -10.66911 -10.76051 -10.88024 -11.00541
 -11.12701 -11.31271 -11.65655 -12.20488 -12.74008
 -10.65399 -10.65629 -10.65949 -10.67655 -10.72451 -10.81557 -10.93517 -11.05957
 -11.17942 -11.36505 -11.71415 -12.27558 -12.82804
 -10.73112 -10.73301 -10.73520 -10.75096 -10.79784 -10.88839 -11.00766 -11.13125
 -11.24953 -11.43453 -11.78635 -12.35562 -12.91928
 -10.81959 -10.82105 -10.82229 -10.83684 -10.88257 -10.97230 -11.09086 -11.21344
 -11.33019 -11.51403 -11.86631 -12.43874 -13.00847
 -10.91464 -10.91567 -10.91608 -10.92949 -10.97398 -11.06252 -11.17989 -11.30116
 -11.41638 -11.59863 -11.94949 -12.52119 -13.09288
 -11.01914 -11.01981 -11.01953 -11.03199 -11.07531 -11.16257 -11.27857 -11.39846
 -11.51232 -11.69290 -12.04141 -12.61017 -13.18122
 -11.13812 -11.13852 -11.13778 -11.14957 -11.19204 -11.27825 -11.39313 -11.51194
 -11.62480 -11.80407 -12.15037 -12.71593 -13.28538
 -11.27651 -11.27681 -11.27590 -11.28744 -11.32957 -11.41534 -11.52975 -11.64812
 -11.76059 -11.93932 -12.28462 -12.84866 -13.41720
 -11.42650 -11.42680 -11.42589 -11.43743 -11.47956 -11.56533 -11.67974 -11.79811
 -11.91058 -12.08931 -12.43461 -12.99865 -13.56719
 -11.57650 -11.57680 -11.57589 -11.58743 -11.62956 -11.71533 -11.82974 -11.94811
 -12.06059 -12.23931 -12.58461 -13.14865 -13.71719
 -11.72650 -11.72680 -11.72589 -11.73743 -11.77956 -11.86533 -11.97974 -12.09811
 -12.21059 -12.38931 -12.73461 -13.29865 -13.86719
 -11.87650 -11.87680 -11.87589 -11.88743 -11.92956 -12.01533 -12.12974 -12.24811
 -12.36058 -12.53931 -12.88461 -13.44865 -14.01719
 -12.02650 -12.02680 -12.02589 -12.03743 -12.07956 -12.16533 -12.27974 -12.39810
 -12.51058 -12.68931 -13.03461 -13.59865 -14.16719
 -12.17650 -12.17679 -12.17589 -12.18743 -12.22956 -12.31533 -12.42974 -12.54810
 -12.66058 -12.83931 -13.18461 -13.74864 -14.31719
 -12.32650 -12.32679 -12.32589 -12.33743 -12.37955 -12.46533 -12.57973 -12.69810
 -12.81058 -12.98931 -13.33461 -13.89864 -14.46719
 -12.47648 -12.47678 -12.47588 -12.48742 -12.52954 -12.61532 -12.72972 -12.84809
 -12.96057 -13.13930 -13.48460 -14.04863 -14.61718
 -12.62650 -12.62680 -12.62589 -12.63743 -12.67956 -12.76533 -12.87974 -12.99810
 -13.11058 -13.28931 -13.63461 -14.19865 -14.76719
 -12.77651 -12.77680 -12.77590 -12.78744 -12.82957 -12.91534 -13.02975 -13.14811
 -13.26059 -13.43932 -13.78462 -14.34866 -14.91720
 -12.92650 -12.92680 -12.92589 -12.93743 -12.97956 -13.06533 -13.17974 -13.29811
 -13.41058 -13.58931 -13.93461 -14.49865 -15.06719
 -13.07650 -13.07680 -13.07589 -13.08743 -13.12956 -13.21533 -13.32974 -13.44811
 -13.56059 -13.73931 -14.08461 -14.64865 -15.21719
 -13.22650 -13.22680 -13.22589 -13.23743 -13.27956 -13.36533 -13.47974 -13.59811
 -13.71059 -13.88931 -14.23461 -14.79865 -15.36719
 -13.37650 -13.37680 -13.37589 -13.38743 -13.42956 -13.51533 -13.62974 -13.74811
 -13.86058 -14.03931 -14.38461 -14.94865 -15.51719
 -13.52650 -13.52680 -13.52589 -13.53743 -13.57956 -13.66533 -13.77974 -13.89810
 -14.01058 -14.18931 -14.53461 -15.09865 -15.66719
 -13.67650 -13.67679 -13.67589 -13.68743 -13.72956 -13.81533 -13.92974 -14.04810
 -14.16058 -14.33931 -14.68461 -15.24864 -15.81719
 -13.82650 -13.82679 -13.82589 -13.83743 -13.87955 -13.96533 -14.07973 -14.19810
 -14.31058 -14.48931 -14.83461 -15.39864 -15.96719
 -13.97648 -13.97678 -13.97588 -13.98742 -14.02954 -14.11532 -14.22972 -14.34809
 -14.46057 -14.63930 -14.98460 -15.54863 -16.11718
 -14.12650 -14.12680 -14.12589 -14.13743 -14.17956 -14.26533 -14.37974 -14.49810
 -14.61058 -14.78931 -15.13461 -15.69865 -16.26719
 -14.27651 -14.27680 -14.27590 -14.28744 -14.32957 -14.41534 -14.52975 -14.64811
 -14.76059 -14.93932 -15.28462 -15.84866 -16.41720
 -14.42650 -14.42680 -14.42589 -14.43743 -14.47956 -14.56533 -14.67974 -14.79811
 -14.91058 -15.08931 -15.43461 -15.99865 -16.56719
 -14.57650 -14.57680 -14.57589 -14.58743 -14.62956 -14.71533 -14.82974 -14.94811
 -15.06059 -15.23931 -15.58461 -16.14865 -16.71719
 -14.72650 -14.72680 -14.72589 -14.73743 -14.77956 -14.86533 -14.97974 -15.09811
 -15.21059 -15.38931 -15.73461 -16.29865 -16.86719
 -14.87650 -14.87680 -14.87589 -14.88743 -14.92956 -15.01533 -15.12974 -15.24811
 -15.36058 -15.53931 -15.88461 -16.44865 -17.01719
 -15.02650 -15.02680 -15.02589 -15.03743 -15.07956 -15.16533 -15.27974 -15.39810
 -15.51058 -15.68931 -16.03461 -16.59865 -17.16719
 -15.17650 -15.17679 -15.17589 -15.18743 -15.22956 -15.31533 -15.42974 -15.54810
 -15.66058 -15.83931 -16.18461 -16.74864 -17.31719
 -15.32650 -15.32679 -15.32589 -15.33743 -15.37955 -15.46533 -15.57973 -15.69810
 -15.81058 -15.98931 -16.33461 -16.89864 -17.46719
 ---------------------------------------------------/ Z1= 3   / DATE= 22/07/91
 -11.35738 -11.35573 -11.35122 -11.34194 -11.32613 -11.30208 -11.26622 -11.19307
 -11.04273 -10.77550 -10.35730  -9.75772  -8.95217
 -11.44132 -11.43988 -11.43579 -11.42735 -11.41332 -11.39274 -11.36316 -11.30439
 -11.18455 -10.97081 -10.62100 -10.08683  -9.32695
 -11.49448 -11.49333 -11.49019 -11.48389 -11.47326 -11.45712 -11.43321 -11.38626
 -11.29243 -11.12598 -10.84023 -10.37475  -9.67642
 -11.49247 -11.49219 -11.49134 -11.48965 -11.48595 -11.47854 -11.46491 -11.43332
 -11.36601 -11.24290 -11.01782 -10.62745 -10.01513
 -11.42696 -11.42826 -11.43114 -11.43659 -11.44363 -11.45001 -11.45287 -11.44245
 -11.40444 -11.32244 -11.15560 -10.84707 -10.34495
 -11.30806 -11.31128 -11.31865 -11.33259 -11.35245 -11.37554 -11.39869 -11.41311
 -11.40633 -11.36428 -11.25424 -11.03131 -10.65317
 -11.14689 -11.15200 -11.16387 -11.18640 -11.21935 -11.25979 -11.30435 -11.34491
 -11.37022 -11.36801 -11.31433 -11.17756 -10.92622
 -10.95487 -10.96146 -10.97714 -11.00710 -11.05164 -11.10780 -11.17227 -11.23790
 -11.29508 -11.33356 -11.33666 -11.28344 -11.15090
 -10.75191 -10.75942 -10.77780 -10.81329 -10.86676 -10.93550 -11.01653 -11.10416
 -11.19095 -11.26914 -11.32729 -11.35161 -11.32449
 -10.56716 -10.57508 -10.59500 -10.63389 -10.69318 -10.77067 -10.86394 -10.96881
 -11.07999 -11.19201 -11.29803 -11.39026 -11.45560
 -10.42945 -10.43737 -10.45766 -10.49762 -10.55923 -10.64101 -10.74132 -10.85712
 -10.98447 -11.11961 -11.26083 -11.40783 -11.55338
 -10.34659 -10.35418 -10.37385 -10.41280 -10.47355 -10.55558 -10.65815 -10.77881
 -10.91399 -11.06073 -11.22351 -11.41174 -11.62624
 -10.30282 -10.30991 -10.32834 -10.36497 -10.42285 -10.50259 -10.60451 -10.72630
 -10.86393 -11.01454 -11.18923 -11.40829 -11.68176
 -10.28148 -10.28802 -10.30499 -10.33875 -10.39294 -10.46942 -10.56967 -10.69125
 -10.82908 -10.97981 -11.16096 -11.40371 -11.72743
 -10.27434 -10.28036 -10.29587 -10.32670 -10.37710 -10.45027 -10.54893 -10.67024
 -10.80777 -10.95731 -11.14212 -11.40353 -11.76961
 -10.28289 -10.28841 -10.30251 -10.33052 -10.37726 -10.44726 -10.54443 -10.66549
 -10.80247 -10.95011 -11.13670 -11.41252 -11.81340
 -10.30916 -10.31418 -10.32697 -10.35239 -10.39580 -10.46292 -10.55873 -10.67951
 -10.81585 -10.96146 -11.14872 -11.43540 -11.86379
 -10.35509 -10.35961 -10.37122 -10.39442 -10.43502 -10.49969 -10.59428 -10.71473
 -10.85049 -10.99445 -11.18207 -11.47675 -11.92569
 -10.42033 -10.42437 -10.43496 -10.45636 -10.49471 -10.55738 -10.65086 -10.77090
 -10.90619 -11.04912 -11.23721 -11.53765 -12.00099
 -10.50204 -10.50567 -10.51542 -10.53539 -10.57194 -10.63294 -10.72536 -10.84487
 -10.97976 -11.12214 -11.31084 -11.61538 -12.08833
 -10.59724 -10.60060 -10.60971 -10.62854 -10.66361 -10.72317 -10.81450 -10.93333
 -11.06784 -11.21004 -11.39950 -11.70698 -12.18614
 -10.70288 -10.70611 -10.71477 -10.73268 -10.76649 -10.82471 -10.91488 -11.03289
 -11.16692 -11.30908 -11.49923 -11.80862 -12.29135
 -10.81590 -10.81907 -10.82740 -10.84452 -10.87716 -10.93407 -11.02302 -11.14003
 -11.27341 -11.41531 -11.60562 -11.91557 -12.39930
 -10.93322 -10.93638 -10.94443 -10.96080 -10.99226 -11.04780 -11.13545 -11.25134
 -11.38375 -11.52484 -11.71433 -12.02316 -12.50534
 -11.05448 -11.05763 -11.06545 -11.08108 -11.11136 -11.16556 -11.25193 -11.36664
 -11.49786 -11.63763 -11.82539 -12.13176 -12.61057
 -11.18237 -11.18551 -11.19315 -11.20818 -11.23749 -11.29055 -11.37587 -11.48957
 -11.61968 -11.75807 -11.94393 -12.24753 -12.72259
 -11.31974 -11.32287 -11.33040 -11.34508 -11.37379 -11.42618 -11.51085 -11.62393
 -11.75333 -11.89078 -12.07529 -12.37694 -12.84935
 -11.46785 -11.47098 -11.47850 -11.49312 -11.52174 -11.57402 -11.65859 -11.77158
 -11.90086 -12.03816 -12.22245 -12.52377 -12.99574
 -11.61785 -11.62098 -11.62850 -11.64312 -11.67174 -11.72402 -11.80859 -11.92158
 -12.05086 -12.18815 -12.37245 -12.67377 -13.14574
 -11.76785 -11.77098 -11.77850 -11.79312 -11.82174 -11.87402 -11.95859 -12.07158
 -12.20086 -12.33815 -12.52245 -12.82377 -13.29574
 -11.91784 -11.92098 -11.92850 -11.94312 -11.97174 -12.02402 -12.10859 -12.22158
 -12.35086 -12.48815 -12.67244 -12.97377 -13.44573
 -12.06783 -12.07096 -12.07848 -12.09310 -12.12173 -12.17400 -12.25858 -12.37156
 -12.50085 -12.63814 -12.82243 -13.12375 -13.59572
 -12.21785 -12.22098 -12.22850 -12.24312 -12.27174 -12.32402 -12.40859 -12.52158
 -12.65086 -12.78815 -12.97245 -13.27377 -13.74574
 -12.36786 -12.37099 -12.37851 -12.39313 -12.42175 -12.47403 -12.55860 -12.67159
 -12.80087 -12.93816 -13.12246 -13.42378 -13.89575
 -12.51785 -12.52098 -12.52850 -12.54312 -12.57174 -12.62402 -12.70859 -12.82158
 -12.95086 -13.08815 -13.27245 -13.57377 -14.04574
 -12.66785 -12.67098 -12.67850 -12.69312 -12.72175 -12.77402 -12.85860 -12.97158
 -13.10086 -13.23816 -13.42245 -13.72377 -14.19574
 -12.81785 -12.82098 -12.82850 -12.84312 -12.87175 -12.92402 -13.00860 -13.12158
 -13.25086 -13.38816 -13.57245 -13.87377 -14.34574
 -12.96785 -12.97098 -12.97850 -12.99312 -13.02174 -13.07402 -13.15859 -13.27158
 -13.40086 -13.53816 -13.72245 -14.02377 -14.49574
 -13.11785 -13.12098 -13.12850 -13.14312 -13.17174 -13.22402 -13.30859 -13.42158
 -13.55086 -13.68815 -13.87245 -14.17377 -14.64574
 -13.26785 -13.27098 -13.27850 -13.29312 -13.32174 -13.37402 -13.45859 -13.57158
 -13.70086 -13.83815 -14.02245 -14.32377 -14.79574
 -13.41784 -13.42098 -13.42850 -13.44312 -13.47174 -13.52402 -13.60859 -13.72158
 -13.85086 -13.98815 -14.17244 -14.47377 -14.94573
 -13.56783 -13.57096 -13.57848 -13.59310 -13.62173 -13.67400 -13.75858 -13.87156
 -14.00085 -14.13814 -14.32243 -14.62375 -15.09572
 -13.71785 -13.72098 -13.72850 -13.74312 -13.77174 -13.82402 -13.90859 -14.02158
 -14.15086 -14.28815 -14.47245 -14.77377 -15.24574
 -13.86786 -13.87099 -13.87851 -13.89313 -13.92175 -13.97403 -14.05860 -14.17159
 -14.30087 -14.43816 -14.62246 -14.92378 -15.39575
 -14.01785 -14.02098 -14.02850 -14.04312 -14.07174 -14.12402 -14.20859 -14.32158
 -14.45086 -14.58815 -14.77245 -15.07377 -15.54574
 -14.16785 -14.17098 -14.17850 -14.19312 -14.22175 -14.27402 -14.35860 -14.47158
 -14.60086 -14.73816 -14.92245 -15.22377 -15.69574
 -14.31785 -14.32098 -14.32850 -14.34312 -14.37175 -14.42402 -14.50860 -14.62158
 -14.75086 -14.88816 -15.07245 -15.37377 -15.84574
 -14.46785 -14.47098 -14.47850 -14.49312 -14.52174 -14.57402 -14.65859 -14.77158
 -14.90086 -15.03816 -15.22245 -15.52377 -15.99574
 -14.61785 -14.62098 -14.62850 -14.64312 -14.67174 -14.72402 -14.80859 -14.92158
 -15.05086 -15.18815 -15.37245 -15.67377 -16.14574
 -14.76785 -14.77098 -14.77850 -14.79312 -14.82174 -14.87402 -14.95859 -15.07158
 -15.20086 -15.33815 -15.52245 -15.82377 -16.29574
 -14.91784 -14.92098 -14.92850 -14.94312 -14.97174 -15.02402 -15.10859 -15.22158
 -15.35086 -15.48815 -15.67244 -15.97377 -16.44573
 ---------------------------------------------------/ Z1= 4   / DATE= 22/07/91
 -11.07078 -11.06709 -11.06076 -11.05065 -11.03490 -11.00601 -10.95382 -10.86476
 -10.69864 -10.40285  -9.93101  -9.28522  -8.49021
 -11.17105 -11.16786 -11.16214 -11.15239 -11.13679 -11.11091 -11.06909 -11.00210
 -10.87282 -10.63117 -10.23141  -9.66235  -8.92889
 -11.23463 -11.23305 -11.22958 -11.22253 -11.21017 -11.19024 -11.16031 -11.11440
 -11.01936 -10.82935 -10.50091 -10.00965  -9.34006
 -11.24429 -11.24583 -11.24683 -11.24566 -11.24074 -11.23086 -11.21493 -11.18880
 -11.12445 -10.98272 -10.72462 -10.31289  -9.71110
 -11.18930 -11.19505 -11.20219 -11.20941 -11.21540 -11.21896 -11.21895 -11.21182
 -11.17563 -11.07980 -10.89166 -10.56252 -10.03627
 -11.06074 -11.07112 -11.08525 -11.10230 -11.12132 -11.14058 -11.15798 -11.16988
 -11.16087 -11.11005 -10.99232 -10.75036 -10.31181
 -10.85734 -10.87220 -10.89336 -10.92061 -10.95349 -10.98951 -11.02527 -11.05672
 -11.07506 -11.06927 -11.02246 -10.87249 -10.53609
 -10.61351 -10.63236 -10.66005 -10.69704 -10.74338 -10.79586 -10.84979 -10.90066
 -10.94575 -10.98319 -11.00407 -10.94518 -10.71794
 -10.37403 -10.39618 -10.42944 -10.47489 -10.53309 -10.60033 -10.67092 -10.74006
 -10.80999 -10.88625 -10.96677 -10.99058 -10.86920
 -10.18372 -10.20824 -10.24563 -10.29747 -10.36473 -10.44361 -10.52804 -10.61329
 -10.70482 -10.81287 -10.94016 -11.03084 -11.00173
 -10.07630 -10.10210 -10.14184 -10.19740 -10.27004 -10.35634 -10.45074 -10.54902
 -10.65777 -10.78863 -10.94638 -11.08270 -11.12447
 -10.03687 -10.06302 -10.10357 -10.16049 -10.23520 -10.32507 -10.42556 -10.53335
 -10.65465 -10.80011 -10.97469 -11.13916 -11.23369
 -10.03720 -10.06299 -10.10318 -10.15968 -10.23395 -10.32423 -10.42725 -10.54072
 -10.66981 -10.82324 -11.00534 -11.18671 -11.32217
 -10.05327 -10.07821 -10.11723 -10.17204 -10.24407 -10.33234 -10.43476 -10.54997
 -10.68227 -10.83860 -11.02287 -11.21535 -11.38533
 -10.08013 -10.10383 -10.14106 -10.19329 -10.26183 -10.34638 -10.44594 -10.55999
 -10.69216 -10.84798 -11.03114 -11.23109 -11.43066
 -10.11821 -10.14040 -10.17537 -10.22441 -10.28870 -10.36859 -10.46404 -10.57536
 -10.70562 -10.85914 -11.03952 -11.24449 -11.46908
 -10.16783 -10.18831 -10.22074 -10.26628 -10.32602 -10.40094 -10.49195 -10.60014
 -10.72806 -10.87896 -11.05626 -11.26483 -11.51023
 -10.22874 -10.24744 -10.27725 -10.31920 -10.37440 -10.44440 -10.53102 -10.63609
 -10.76171 -10.91009 -11.08445 -11.29561 -11.55795
 -10.30050 -10.31751 -10.34481 -10.38336 -10.43426 -10.49964 -10.58215 -10.68431
 -10.80783 -10.95398 -11.12570 -11.33864 -11.61439
 -10.38270 -10.39824 -10.42335 -10.45891 -10.50601 -10.56731 -10.64621 -10.74590
 -10.86769 -11.01204 -11.18158 -11.39572 -11.68167
 -10.47487 -10.48928 -10.51268 -10.54584 -10.58984 -10.64778 -10.72377 -10.82154
 -10.94210 -11.08520 -11.25313 -11.46806 -11.76140
 -10.57639 -10.58994 -10.61202 -10.64332 -10.68487 -10.74016 -10.81384 -10.91013
 -11.02981 -11.17204 -11.33884 -11.55428 -11.85274
 -10.68664 -10.69945 -10.72049 -10.75035 -10.79000 -10.84321 -10.91505 -11.01012
 -11.12903 -11.27057 -11.43656 -11.65234 -11.95422
 -10.80470 -10.81683 -10.83698 -10.86568 -10.90385 -10.95543 -11.02578 -11.11969
 -11.23776 -11.37857 -11.54389 -11.75984 -12.06395
 -10.92868 -10.94015 -10.95948 -10.98716 -11.02410 -11.07433 -11.14335 -11.23613
 -11.35321 -11.49311 -11.65754 -11.87315 -12.17821
 -11.05646 -11.06728 -11.08579 -11.11246 -11.14819 -11.19712 -11.26486 -11.35647
 -11.47243 -11.61108 -11.77404 -11.98832 -12.29280
 -11.18644 -11.19664 -11.21428 -11.23985 -11.27428 -11.32181 -11.38821 -11.47863
 -11.59334 -11.73035 -11.89100 -12.10272 -12.40506
 -11.31972 -11.32939 -11.34622 -11.37074 -11.40393 -11.45014 -11.51528 -11.60461
 -11.71814 -11.85343 -12.01150 -12.22013 -12.51959
 -11.45819 -11.46749 -11.48371 -11.50744 -11.53970 -11.58491 -11.64913 -11.73767
 -11.85031 -11.98424 -12.14018 -12.34619 -12.64310
 -11.60374 -11.61290 -11.62888 -11.65228 -11.68415 -11.72896 -11.79280 -11.88102
 -11.99330 -12.12666 -12.28168 -12.48655 -12.78231
 -11.75373 -11.76289 -11.77887 -11.80227 -11.83414 -11.87896 -11.94279 -12.03101
 -12.14329 -12.27665 -12.43167 -12.63654 -12.93230
 -11.90372 -11.91288 -11.92886 -11.95226 -11.98413 -12.02894 -12.09278 -12.18100
 -12.29327 -12.42664 -12.58166 -12.78652 -13.08229
 -12.05373 -12.06289 -12.07887 -12.10227 -12.13414 -12.17896 -12.24280 -12.33101
 -12.44329 -12.57665 -12.73167 -12.93654 -13.23230
 -12.20374 -12.21290 -12.22888 -12.25228 -12.28415 -12.32897 -12.39281 -12.48102
 -12.59330 -12.72666 -12.88168 -13.08655 -13.38231
 -12.35373 -12.36289 -12.37887 -12.40228 -12.43415 -12.47896 -12.54280 -12.63102
 -12.74329 -12.87665 -13.03167 -13.23654 -13.53230
 -12.50374 -12.51289 -12.52887 -12.55228 -12.58415 -12.62896 -12.69280 -12.78102
 -12.89329 -13.02665 -13.18168 -13.38654 -13.68231
 -12.65374 -12.66289 -12.67887 -12.70228 -12.73415 -12.77896 -12.84280 -12.93102
 -13.04329 -13.17665 -13.33168 -13.53654 -13.83231
 -12.80373 -12.81289 -12.82887 -12.85228 -12.88415 -12.92896 -12.99280 -13.08102
 -13.19329 -13.32665 -13.48167 -13.68654 -13.98230
 -12.95373 -12.96289 -12.97887 -13.00227 -13.03414 -13.07896 -13.14280 -13.23101
 -13.34329 -13.47665 -13.63167 -13.83654 -14.13230
 -13.10373 -13.11289 -13.12887 -13.15227 -13.18414 -13.22896 -13.29279 -13.38101
 -13.49329 -13.62665 -13.78167 -13.98654 -14.28230
 -13.25373 -13.26289 -13.27887 -13.30227 -13.33414 -13.37896 -13.44279 -13.53101
 -13.64329 -13.77665 -13.93167 -14.13654 -14.43230
 -13.40372 -13.41288 -13.42886 -13.45226 -13.48413 -13.52894 -13.59278 -13.68100
 -13.79327 -13.92664 -14.08166 -14.28652 -14.58229
 -13.55373 -13.56289 -13.57887 -13.60227 -13.63414 -13.67896 -13.74280 -13.83101
 -13.94329 -14.07665 -14.23167 -14.43654 -14.73230
 -13.70374 -13.71290 -13.72888 -13.75228 -13.78415 -13.82897 -13.89281 -13.98102
 -14.09330 -14.22666 -14.38168 -14.58655 -14.88231
 -13.85373 -13.86289 -13.87887 -13.90228 -13.93415 -13.97896 -14.04280 -14.13102
 -14.24329 -14.37665 -14.53167 -14.73654 -15.03230
 -14.00374 -14.01289 -14.02887 -14.05228 -14.08415 -14.12896 -14.19280 -14.28102
 -14.39329 -14.52665 -14.68168 -14.88654 -15.18231
 -14.15374 -14.16289 -14.17887 -14.20228 -14.23415 -14.27896 -14.34280 -14.43102
 -14.54329 -14.67665 -14.83168 -15.03654 -15.33231
 -14.30373 -14.31289 -14.32887 -14.35228 -14.38415 -14.42896 -14.49280 -14.58102
 -14.69329 -14.82665 -14.98167 -15.18654 -15.48230
 -14.45373 -14.46289 -14.47887 -14.50227 -14.53414 -14.57896 -14.64280 -14.73101
 -14.84329 -14.97665 -15.13167 -15.33654 -15.63230
 -14.60373 -14.61289 -14.62887 -14.65227 -14.68414 -14.72896 -14.79279 -14.88101
 -14.99329 -15.12665 -15.28167 -15.48654 -15.78230
 -14.75373 -14.76289 -14.77887 -14.80227 -14.83414 -14.87896 -14.94279 -15.03101
 -15.14329 -15.27665 -15.43167 -15.63654 -15.93230
 ---------------------------------------------------/ Z1= 5   / DATE= 22/07/91
 -10.75462 -10.75260 -10.74883 -10.74251 -10.73284 -10.71252 -10.66664 -10.57826
 -10.41903 -10.13434  -9.66485  -8.97980  -8.13164
 -10.80460 -10.80258 -10.79881 -10.79251 -10.78283 -10.76631 -10.73143 -10.66521
 -10.54430 -10.31490  -9.91772  -9.31751  -8.54896
 -10.83538 -10.83591 -10.83583 -10.83368 -10.82784 -10.81674 -10.79317 -10.74923
 -10.66645 -10.49203 -10.16698  -9.65171  -8.96309
 -10.82320 -10.82968 -10.83829 -10.84618 -10.85014 -10.84810 -10.83767 -10.81661
 -10.77085 -10.64963 -10.39560  -9.96572  -9.35869
 -10.75823 -10.77211 -10.79154 -10.81251 -10.83037 -10.84191 -10.84823 -10.85120
 -10.84026 -10.76877 -10.58357 -10.23993  -9.71778
 -10.63940 -10.66040 -10.69034 -10.72486 -10.75881 -10.78851 -10.81599 -10.84424
 -10.86502 -10.83834 -10.71846 -10.46132 -10.02767
 -10.49869 -10.52583 -10.56495 -10.61196 -10.66199 -10.71146 -10.76166 -10.81468
 -10.86368 -10.87646 -10.81621 -10.64117 -10.29511
 -10.37581 -10.40763 -10.45392 -10.51113 -10.57492 -10.64212 -10.71289 -10.78797
 -10.86146 -10.90817 -10.89942 -10.79649 -10.53147
 -10.30177 -10.33651 -10.38749 -10.45164 -10.52510 -10.60511 -10.69132 -10.78390
 -10.87782 -10.95275 -10.98554 -10.94053 -10.74565
 -10.27391 -10.31000 -10.36347 -10.43159 -10.51087 -10.59880 -10.69521 -10.80032
 -10.91002 -11.00707 -11.07187 -11.07187 -10.93696
 -10.28139 -10.31761 -10.37183 -10.44153 -10.52344 -10.61524 -10.71714 -10.82978
 -10.94991 -11.06261 -11.15086 -11.18554 -11.10245
 -10.31336 -10.34885 -10.40254 -10.47201 -10.55407 -10.64646 -10.74970 -10.86481
 -10.98934 -11.11082 -11.21494 -11.27656 -11.23909
 -10.35935 -10.39348 -10.44567 -10.51350 -10.59373 -10.68407 -10.78507 -10.89778
 -11.02058 -11.14416 -11.25780 -11.34100 -11.34475
 -10.41023 -10.44227 -10.49173 -10.55620 -10.63245 -10.71816 -10.81384 -10.92048
 -11.03731 -11.15857 -11.27756 -11.37863 -11.42009
 -10.45717 -10.48618 -10.53129 -10.59025 -10.66001 -10.73846 -10.82627 -10.92458
 -11.03360 -11.15085 -11.27337 -11.39010 -11.46649
 -10.49425 -10.51925 -10.55830 -10.60952 -10.67034 -10.73919 -10.81729 -10.90639
 -11.00780 -11.12162 -11.24774 -11.37901 -11.48792
 -10.52641 -10.54702 -10.57931 -10.62190 -10.67289 -10.73137 -10.79944 -10.87969
 -10.97458 -11.08603 -11.21585 -11.36010 -11.49807
 -10.56118 -10.57771 -10.60381 -10.63857 -10.68071 -10.72999 -10.78938 -10.86239
 -10.95245 -11.06260 -11.19584 -11.35074 -11.51295
 -10.60493 -10.61826 -10.63971 -10.66875 -10.70447 -10.74717 -10.80050 -10.86876
 -10.95604 -11.06596 -11.20203 -11.36468 -11.54533
 -10.65962 -10.67060 -10.68883 -10.71399 -10.74547 -10.78387 -10.83341 -10.89897
 -10.98511 -11.09554 -11.23380 -11.40165 -11.59564
 -10.72612 -10.73542 -10.75145 -10.77403 -10.80273 -10.83837 -10.88562 -10.94980
 -11.03578 -11.14706 -11.28691 -11.45800 -11.66126
 -10.80532 -10.81344 -10.82787 -10.84858 -10.87526 -10.90896 -10.95465 -11.01803
 -11.10418 -11.21626 -11.35713 -11.53006 -11.73961
 -10.89756 -10.90485 -10.91798 -10.93705 -10.96193 -10.99387 -11.03813 -11.10072
 -11.18684 -11.29936 -11.44072 -11.61463 -11.82842
 -11.00115 -11.00785 -11.01990 -11.03755 -11.06083 -11.09118 -11.13409 -11.19581
 -11.28166 -11.39425 -11.53569 -11.70997 -11.92650
 -11.11396 -11.12020 -11.13141 -11.14793 -11.16991 -11.19892 -11.24064 -11.30149
 -11.38687 -11.49922 -11.64043 -11.81470 -12.03294
 -11.23391 -11.23977 -11.25037 -11.26607 -11.28709 -11.31507 -11.35580 -11.41581
 -11.50059 -11.61245 -11.75317 -11.92714 -12.14634
 -11.35910 -11.36462 -11.37475 -11.38986 -11.41015 -11.43727 -11.47711 -11.53631
 -11.62037 -11.73150 -11.87133 -12.04436 -12.26344
 -11.48770 -11.49289 -11.50261 -11.51720 -11.53680 -11.56308 -11.60202 -11.66038
 -11.74368 -11.85385 -11.99217 -12.16312 -12.38050
 -11.61847 -11.62335 -11.63266 -11.64669 -11.66554 -11.69088 -11.72883 -11.78632
 -11.86887 -11.97789 -12.11402 -12.28158 -12.49552
 -11.75261 -11.75722 -11.76615 -11.77966 -11.79780 -11.82223 -11.85924 -11.91595
 -11.99786 -12.10574 -12.23952 -12.40326 -12.61307
 -11.89189 -11.89631 -11.90498 -11.91810 -11.93571 -11.95946 -11.99578 -12.05192
 -12.13338 -12.24040 -12.37231 -12.53295 -12.73933
 -12.03808 -12.04244 -12.05100 -12.06398 -12.08139 -12.10489 -12.14094 -12.19688
 -12.27817 -12.38486 -12.51604 -12.67546 -12.88046
 -12.18810 -12.19245 -12.20102 -12.21400 -12.23141 -12.25490 -12.29096 -12.34689
 -12.42818 -12.53488 -12.66606 -12.82547 -13.03047
 -12.33811 -12.34246 -12.35103 -12.36401 -12.38142 -12.40491 -12.44097 -12.49690
 -12.57819 -12.68489 -12.81607 -12.97548 -13.18048
 -12.48810 -12.49245 -12.50102 -12.51400 -12.53141 -12.55490 -12.59096 -12.64689
 -12.72818 -12.83488 -12.96606 -13.12547 -13.33047
 -12.63810 -12.64245 -12.65102 -12.66400 -12.68141 -12.70491 -12.74096 -12.79689
 -12.87818 -12.98488 -13.11606 -13.27548 -13.48047
 -12.78810 -12.79245 -12.80102 -12.81400 -12.83141 -12.85491 -12.89096 -12.94689
 -13.02818 -13.13488 -13.26606 -13.42548 -13.63047
 -12.93810 -12.94245 -12.95102 -12.96400 -12.98141 -13.00490 -13.04096 -13.09689
 -13.17818 -13.28488 -13.41606 -13.57547 -13.78047
 -13.08810 -13.09245 -13.10102 -13.11400 -13.13141 -13.15490 -13.19096 -13.24689
 -13.32818 -13.43488 -13.56606 -13.72547 -13.93047
 -13.23810 -13.24245 -13.25102 -13.26400 -13.28140 -13.30490 -13.34096 -13.39689
 -13.47818 -13.58488 -13.71606 -13.87547 -14.08047
 -13.38810 -13.39245 -13.40101 -13.41399 -13.43140 -13.45490 -13.49095 -13.54689
 -13.62818 -13.73488 -13.86606 -14.02547 -14.23047
 -13.53808 -13.54244 -13.55100 -13.56398 -13.58139 -13.60489 -13.64094 -13.69688
 -13.77817 -13.88486 -14.01604 -14.17546 -14.38046
 -13.68810 -13.69245 -13.70102 -13.71400 -13.73141 -13.75490 -13.79096 -13.84689
 -13.92818 -14.03488 -14.16606 -14.32547 -14.53047
 -13.83811 -13.84246 -13.85103 -13.86401 -13.88142 -13.90491 -13.94097 -13.99690
 -14.07819 -14.18489 -14.31607 -14.47548 -14.68048
 -13.98810 -13.99245 -14.00102 -14.01400 -14.03141 -14.05490 -14.09096 -14.14689
 -14.22818 -14.33488 -14.46606 -14.62547 -14.83047
 -14.13810 -14.14245 -14.15102 -14.16400 -14.18141 -14.20491 -14.24096 -14.29689
 -14.37818 -14.48488 -14.61606 -14.77548 -14.98047
 -14.28810 -14.29245 -14.30102 -14.31400 -14.33141 -14.35491 -14.39096 -14.44689
 -14.52818 -14.63488 -14.76606 -14.92548 -15.13047
 -14.43810 -14.44245 -14.45102 -14.46400 -14.48141 -14.50490 -14.54096 -14.59689
 -14.67818 -14.78488 -14.91606 -15.07547 -15.28047
 -14.58810 -14.59245 -14.60102 -14.61400 -14.63141 -14.65490 -14.69096 -14.74689
 -14.82818 -14.93488 -15.06606 -15.22547 -15.43047
 -14.73810 -14.74245 -14.75102 -14.76400 -14.78140 -14.80490 -14.84096 -14.89689
 -14.97818 -15.08488 -15.21606 -15.37547 -15.58047
 -14.88810 -14.89245 -14.90101 -14.91399 -14.93140 -14.95490 -14.99095 -15.04689
 -15.12818 -15.23488 -15.36606 -15.52547 -15.73047
 ---------------------------------------------------/ Z1= 6   / DATE= 22/07/91
 -10.59394 -10.59240 -10.59205 -10.59146 -10.58683 -10.57443 -10.55282 -10.52257
 -10.48237 -10.39563 -10.19503  -9.81258  -9.18653
 -10.67157 -10.67017 -10.66981 -10.66918 -10.66485 -10.65343 -10.63348 -10.60529
 -10.56741 -10.48616 -10.29984  -9.94590  -9.36445
 -10.74922 -10.74795 -10.74758 -10.74692 -10.74289 -10.73245 -10.71416 -10.68802
 -10.65246 -10.57672 -10.40466 -10.07924  -9.54241
 -10.82687 -10.82573 -10.82534 -10.82465 -10.82092 -10.81146 -10.79484 -10.77075
 -10.73750 -10.66727 -10.50949 -10.21258  -9.72036
 -10.90451 -10.90350 -10.90310 -10.90237 -10.89895 -10.89046 -10.87550 -10.85347
 -10.82254 -10.75781 -10.61430 -10.34591  -9.89828
 -10.98215 -10.98128 -10.98086 -10.98010 -10.97698 -10.96947 -10.95617 -10.93620
 -10.90758 -10.84836 -10.71912 -10.47924 -10.07622
 -11.05980 -11.05905 -11.05862 -11.05783 -11.05501 -11.04848 -11.03684 -11.01892
 -10.99263 -10.93890 -10.82394 -10.61257 -10.25416
 -11.13744 -11.13683 -11.13638 -11.13556 -11.13304 -11.12749 -11.11751 -11.10165
 -11.07767 -11.02945 -10.92876 -10.74590 -10.43209
 -11.21508 -11.21460 -11.21414 -11.21328 -11.21107 -11.20650 -11.19818 -11.18437
 -11.16271 -11.11999 -11.03357 -10.87923 -10.61003
 -11.29272 -11.29236 -11.29190 -11.29100 -11.28909 -11.28549 -11.27884 -11.26708
 -11.24774 -11.21052 -11.13837 -11.01252 -10.78789
 -11.37000 -11.36977 -11.36930 -11.36838 -11.36676 -11.36413 -11.35910 -11.34937
 -11.33233 -11.30053 -11.24231 -11.14421 -10.96316
 -11.44619 -11.44608 -11.44560 -11.44469 -11.44338 -11.44165 -11.43814 -11.43033
 -11.41556 -11.38892 -11.34360 -11.27095 -11.13035
 -11.52055 -11.52051 -11.52006 -11.51920 -11.51821 -11.51728 -11.51511 -11.50907
 -11.49649 -11.47457 -11.44041 -11.38930 -11.28386
 -11.59243 -11.59243 -11.59202 -11.59128 -11.59062 -11.59036 -11.58928 -11.58478
 -11.57429 -11.55647 -11.53102 -11.49597 -11.41824
 -11.66514 -11.66515 -11.66480 -11.66422 -11.66386 -11.66408 -11.66379 -11.66056
 -11.65203 -11.63763 -11.61834 -11.59368 -11.53583
 -11.74654 -11.74653 -11.74623 -11.74576 -11.74559 -11.74609 -11.74628 -11.74404
 -11.73726 -11.72568 -11.71060 -11.69213 -11.64784
 -11.84414 -11.84412 -11.84380 -11.84333 -11.84316 -11.84367 -11.84406 -11.84250
 -11.83722 -11.82796 -11.81577 -11.80079 -11.76542
 -11.94700 -11.94697 -11.94660 -11.94603 -11.94570 -11.94603 -11.94638 -11.94528
 -11.94126 -11.93400 -11.92419 -11.91179 -11.88327
 -12.02244 -12.02242 -12.02201 -12.02136 -12.02090 -12.02103 -12.02131 -12.02058
 -12.01770 -12.01246 -12.00548 -11.99682 -11.97662
 -12.03727 -12.03725 -12.03690 -12.03634 -12.03594 -12.03605 -12.03637 -12.03607
 -12.03434 -12.03148 -12.02874 -12.02701 -12.02012
 -11.98298 -11.98297 -11.98279 -11.98251 -11.98239 -11.98268 -11.98321 -11.98346
 -11.98299 -11.98295 -11.98588 -11.99412 -12.00559
 -11.88102 -11.88102 -11.88103 -11.88112 -11.88137 -11.88189 -11.88266 -11.88354
 -11.88452 -11.88759 -11.89648 -11.91491 -11.94563
 -11.75455 -11.75456 -11.75476 -11.75517 -11.75573 -11.75636 -11.75725 -11.75880
 -11.76151 -11.76778 -11.78170 -11.80763 -11.85406
 -11.62665 -11.62667 -11.62699 -11.62759 -11.62821 -11.62867 -11.62946 -11.63165
 -11.63642 -11.64583 -11.66268 -11.69052 -11.74485
 -11.51552 -11.51555 -11.51591 -11.51652 -11.51699 -11.51699 -11.51741 -11.52020
 -11.52729 -11.53957 -11.55711 -11.58112 -11.63501
 -11.43373 -11.43375 -11.43414 -11.43472 -11.43495 -11.43438 -11.43433 -11.43762
 -11.44694 -11.46177 -11.47872 -11.49613 -11.54502
 -11.39326 -11.39328 -11.39372 -11.39432 -11.39439 -11.39334 -11.39284 -11.39650
 -11.40769 -11.42458 -11.44074 -11.45187 -11.49514
 -11.39634 -11.39635 -11.39686 -11.39757 -11.39761 -11.39624 -11.39539 -11.39928
 -11.41186 -11.43031 -11.44595 -11.45254 -11.49155
 -11.43365 -11.43365 -11.43424 -11.43507 -11.43512 -11.43352 -11.43240 -11.43644
 -11.45001 -11.46960 -11.48487 -11.48812 -11.52384
 -11.49531 -11.49531 -11.49594 -11.49680 -11.49681 -11.49503 -11.49370 -11.49785
 -11.51215 -11.53253 -11.54737 -11.54785 -11.58077
 -11.57411 -11.57412 -11.57474 -11.57556 -11.57546 -11.57348 -11.57198 -11.57623
 -11.59107 -11.61197 -11.62626 -11.62418 -11.65440
 -11.66609 -11.66611 -11.66671 -11.66746 -11.66723 -11.66507 -11.66342 -11.66774
 -11.68299 -11.70424 -11.71789 -11.71337 -11.74084
 -11.76751 -11.76754 -11.76815 -11.76888 -11.76858 -11.76625 -11.76443 -11.76876
 -11.78435 -11.80588 -11.81886 -11.81196 -11.83648
 -11.87473 -11.87478 -11.87546 -11.87629 -11.87602 -11.87356 -11.87153 -11.87580
 -11.89170 -11.91352 -11.92588 -11.91660 -11.93782
 -11.98895 -11.98901 -11.98982 -11.99086 -11.99071 -11.98815 -11.98589 -11.99005
 -12.00624 -12.02837 -12.04021 -12.02877 -12.04674
 -12.11692 -12.11698 -12.11790 -12.11911 -12.11908 -12.11647 -12.11405 -12.11813
 -12.13449 -12.15684 -12.16836 -12.15553 -12.17130
 -12.26321 -12.26327 -12.26421 -12.26546 -12.26545 -12.26283 -12.26038 -12.26444
 -12.28084 -12.30323 -12.31469 -12.30162 -12.31700
 -12.41321 -12.41327 -12.41421 -12.41545 -12.41545 -12.41283 -12.41038 -12.41444
 -12.43084 -12.45323 -12.46469 -12.45162 -12.46700
 -12.56321 -12.56327 -12.56421 -12.56545 -12.56545 -12.56283 -12.56037 -12.56444
 -12.58083 -12.60323 -12.61469 -12.60162 -12.61700
 -12.71321 -12.71327 -12.71421 -12.71545 -12.71545 -12.71283 -12.71037 -12.71444
 -12.73083 -12.75322 -12.76469 -12.75162 -12.76700
 -12.86321 -12.86327 -12.86421 -12.86545 -12.86544 -12.86283 -12.86037 -12.86444
 -12.88083 -12.90322 -12.91469 -12.90162 -12.91700
 -13.01320 -13.01325 -13.01419 -13.01544 -13.01543 -13.01282 -13.01036 -13.01442
 -13.03082 -13.05321 -13.06467 -13.05160 -13.06698
 -13.16321 -13.16327 -13.16421 -13.16545 -13.16545 -13.16283 -13.16037 -13.16444
 -13.18083 -13.20323 -13.21469 -13.20162 -13.21700
 -13.31322 -13.31328 -13.31422 -13.31546 -13.31546 -13.31284 -13.31038 -13.31445
 -13.33084 -13.35323 -13.36470 -13.35163 -13.36701
 -13.46321 -13.46327 -13.46421 -13.46545 -13.46545 -13.46283 -13.46038 -13.46444
 -13.48083 -13.50323 -13.51469 -13.50162 -13.51700
 -13.61321 -13.61327 -13.61421 -13.61546 -13.61545 -13.61283 -13.61038 -13.61444
 -13.63084 -13.65323 -13.66469 -13.65162 -13.66700
 -13.76321 -13.76327 -13.76421 -13.76546 -13.76545 -13.76283 -13.76038 -13.76444
 -13.78084 -13.80323 -13.81469 -13.80162 -13.81700
 -13.91321 -13.91327 -13.91421 -13.91545 -13.91545 -13.91283 -13.91038 -13.91444
 -13.93084 -13.95323 -13.96469 -13.95162 -13.96700
 -14.06321 -14.06327 -14.06421 -14.06545 -14.06545 -14.06283 -14.06037 -14.06444
 -14.08083 -14.10323 -14.11469 -14.10162 -14.11700
 -14.21321 -14.21327 -14.21421 -14.21545 -14.21545 -14.21283 -14.21037 -14.21444
 -14.23083 -14.25322 -14.26469 -14.25162 -14.26700
 -14.36321 -14.36327 -14.36421 -14.36545 -14.36544 -14.36283 -14.36037 -14.36444
 -14.38083 -14.40322 -14.41469 -14.40162 -14.41700
 ---------------------------------------------------/ Z1= 7   / DATE= 22/07/91
 -10.40286 -10.40075 -10.39942 -10.39982 -10.40081 -10.40081 -10.39710 -10.38335
 -10.35252 -10.29736 -10.20991 -10.08207  -9.86753
 -10.46849 -10.46654 -10.46529 -10.46563 -10.46651 -10.46648 -10.46298 -10.44998
 -10.42074 -10.36837 -10.28544 -10.16443  -9.96139
 -10.53414 -10.53235 -10.53118 -10.53145 -10.53221 -10.53215 -10.52888 -10.51663
 -10.48897 -10.43939 -10.36099 -10.24680 -10.05527
 -10.59978 -10.59815 -10.59706 -10.59728 -10.59792 -10.59782 -10.59477 -10.58327
 -10.55720 -10.51041 -10.43653 -10.32918 -10.14914
 -10.66542 -10.66394 -10.66294 -10.66309 -10.66362 -10.66349 -10.66065 -10.64990
 -10.62543 -10.58142 -10.51206 -10.41154 -10.24300
 -10.73106 -10.72974 -10.72882 -10.72890 -10.72932 -10.72916 -10.72654 -10.71654
 -10.69365 -10.65243 -10.58760 -10.49391 -10.33687
 -10.79670 -10.79553 -10.79470 -10.79472 -10.79502 -10.79482 -10.79242 -10.78317
 -10.76188 -10.72344 -10.66314 -10.57627 -10.43074
 -10.86234 -10.86133 -10.86058 -10.86054 -10.86072 -10.86049 -10.85831 -10.84981
 -10.83010 -10.79446 -10.73867 -10.65864 -10.52461
 -10.92798 -10.92713 -10.92646 -10.92635 -10.92642 -10.92616 -10.92419 -10.91645
 -10.89833 -10.86547 -10.81421 -10.74101 -10.61848
 -10.99362 -10.99292 -10.99234 -10.99217 -10.99212 -10.99183 -10.99008 -10.98308
 -10.96655 -10.93648 -10.88974 -10.82338 -10.71234
 -11.05926 -11.05872 -11.05822 -11.05798 -11.05782 -11.05750 -11.05596 -11.04972
 -11.03478 -11.00750 -10.96528 -10.90574 -10.80621
 -11.12490 -11.12451 -11.12410 -11.12379 -11.12352 -11.12316 -11.12184 -11.11635
 -11.10300 -11.07850 -11.04081 -10.98810 -10.90007
 -11.19055 -11.19031 -11.18999 -11.18962 -11.18923 -11.18883 -11.18774 -11.18300
 -11.17123 -11.14952 -11.11636 -11.07048 -10.99395
 -11.25619 -11.25611 -11.25587 -11.25544 -11.25493 -11.25450 -11.25363 -11.24964
 -11.23946 -11.22054 -11.19190 -11.15285 -11.08782
 -11.32183 -11.32191 -11.32175 -11.32125 -11.32063 -11.32017 -11.31951 -11.31627
 -11.30769 -11.29155 -11.26743 -11.23521 -11.18168
 -11.38818 -11.38840 -11.38832 -11.38776 -11.38704 -11.38655 -11.38611 -11.38361
 -11.37660 -11.36322 -11.34355 -11.31801 -11.27569
 -11.45802 -11.45830 -11.45824 -11.45766 -11.45690 -11.45644 -11.45620 -11.45437
 -11.44885 -11.43810 -11.42252 -11.40287 -11.37039
 -11.53449 -11.53466 -11.53455 -11.53400 -11.53333 -11.53298 -11.53291 -11.53166
 -11.52745 -11.51907 -11.50691 -11.49166 -11.46640
 -11.61554 -11.61544 -11.61518 -11.61472 -11.61429 -11.61415 -11.61423 -11.61339
 -11.61031 -11.60399 -11.59443 -11.58183 -11.56068
 -11.68368 -11.68327 -11.68283 -11.68251 -11.68238 -11.68248 -11.68265 -11.68213
 -11.68006 -11.67563 -11.66833 -11.65766 -11.63930
 -11.71852 -11.71792 -11.71740 -11.71723 -11.71734 -11.71760 -11.71780 -11.71757
 -11.71648 -11.71399 -11.70915 -11.70093 -11.68628
 -11.70758 -11.70700 -11.70656 -11.70652 -11.70674 -11.70703 -11.70721 -11.70726
 -11.70720 -11.70679 -11.70498 -11.70057 -11.69195
 -11.66265 -11.66224 -11.66198 -11.66205 -11.66231 -11.66253 -11.66262 -11.66293
 -11.66390 -11.66562 -11.66713 -11.66728 -11.66601
 -11.60018 -11.59999 -11.59994 -11.60014 -11.60041 -11.60053 -11.60048 -11.60099
 -11.60290 -11.60666 -11.61139 -11.61597 -11.62187
 -11.53664 -11.53661 -11.53674 -11.53709 -11.53742 -11.53744 -11.53722 -11.53782
 -11.54053 -11.54609 -11.55353 -11.56157 -11.57296
 -11.48614 -11.48614 -11.48637 -11.48688 -11.48734 -11.48733 -11.48691 -11.48750
 -11.49082 -11.49783 -11.50720 -11.51716 -11.53147
 -11.45601 -11.45597 -11.45623 -11.45688 -11.45747 -11.45747 -11.45689 -11.45745
 -11.46121 -11.46927 -11.47987 -11.49065 -11.50609
 -11.45238 -11.45230 -11.45254 -11.45322 -11.45387 -11.45387 -11.45325 -11.45387
 -11.45795 -11.46666 -11.47791 -11.48896 -11.50485
 -11.47880 -11.47871 -11.47892 -11.47951 -11.48007 -11.48007 -11.47955 -11.48035
 -11.48467 -11.49364 -11.50513 -11.51637 -11.53286
 -11.53116 -11.53110 -11.53125 -11.53168 -11.53207 -11.53203 -11.53167 -11.53272
 -11.53719 -11.54615 -11.55764 -11.56912 -11.58641
 -11.60393 -11.60389 -11.60399 -11.60425 -11.60447 -11.60437 -11.60412 -11.60533
 -11.60987 -11.61871 -11.63016 -11.64198 -11.66020
 -11.69200 -11.69197 -11.69202 -11.69217 -11.69225 -11.69206 -11.69182 -11.69305
 -11.69755 -11.70628 -11.71776 -11.73005 -11.74920
 -11.79160 -11.79156 -11.79158 -11.79167 -11.79166 -11.79139 -11.79108 -11.79224
 -11.79660 -11.80520 -11.81673 -11.82947 -11.84943
 -11.89916 -11.89913 -11.89914 -11.89921 -11.89917 -11.89885 -11.89845 -11.89947
 -11.90366 -11.91205 -11.92353 -11.93657 -11.95703
 -12.01113 -12.01112 -12.01117 -12.01126 -12.01124 -12.01090 -12.01046 -12.01138
 -12.01535 -12.02343 -12.03466 -12.04766 -12.06815
 -12.12645 -12.12649 -12.12660 -12.12675 -12.12678 -12.12650 -12.12609 -12.12695
 -12.13070 -12.13838 -12.14912 -12.16171 -12.18175
 -12.25119 -12.25128 -12.25144 -12.25165 -12.25174 -12.25153 -12.25118 -12.25202
 -12.25561 -12.26292 -12.27319 -12.28530 -12.30476
 -12.39257 -12.39268 -12.39286 -12.39310 -12.39322 -12.39303 -12.39271 -12.39355
 -12.39708 -12.40426 -12.41434 -12.42625 -12.44547
 -12.54257 -12.54268 -12.54286 -12.54310 -12.54322 -12.54303 -12.54271 -12.54355
 -12.54708 -12.55426 -12.56434 -12.57625 -12.59546
 -12.69257 -12.69267 -12.69286 -12.69310 -12.69321 -12.69303 -12.69270 -12.69355
 -12.69708 -12.70426 -12.71434 -12.72625 -12.74546
 -12.84257 -12.84267 -12.84286 -12.84309 -12.84321 -12.84302 -12.84270 -12.84355
 -12.84708 -12.85426 -12.86434 -12.87625 -12.89546
 -12.99255 -12.99266 -12.99285 -12.99308 -12.99320 -12.99301 -12.99269 -12.99354
 -12.99706 -13.00424 -13.01432 -13.02623 -13.04545
 -13.14257 -13.14268 -13.14286 -13.14310 -13.14322 -13.14303 -13.14271 -13.14355
 -13.14708 -13.15426 -13.16434 -13.17625 -13.19546
 -13.29258 -13.29269 -13.29287 -13.29311 -13.29322 -13.29304 -13.29272 -13.29356
 -13.29709 -13.30427 -13.31435 -13.32626 -13.34547
 -13.44257 -13.44268 -13.44286 -13.44310 -13.44322 -13.44303 -13.44271 -13.44355
 -13.44708 -13.45426 -13.46434 -13.47625 -13.49547
 -13.59257 -13.59268 -13.59287 -13.59310 -13.59322 -13.59303 -13.59271 -13.59355
 -13.59708 -13.60426 -13.61434 -13.62625 -13.64547
 -13.74257 -13.74268 -13.74287 -13.74310 -13.74322 -13.74303 -13.74271 -13.74355
 -13.74708 -13.75426 -13.76434 -13.77625 -13.79547
 -13.89257 -13.89268 -13.89286 -13.89310 -13.89322 -13.89303 -13.89271 -13.89355
 -13.89708 -13.90426 -13.91434 -13.92625 -13.94547
 -14.04257 -14.04268 -14.04286 -14.04310 -14.04322 -14.04303 -14.04271 -14.04355
 -14.04708 -14.05426 -14.06434 -14.07625 -14.09546
 -14.19257 -14.19267 -14.19286 -14.19310 -14.19321 -14.19303 -14.19270 -14.19355
 -14.19708 -14.20426 -14.21434 -14.22625 -14.24546
 -14.34257 -14.34267 -14.34286 -14.34309 -14.34321 -14.34302 -14.34270 -14.34355
 -14.34708 -14.35426 -14.36434 -14.37625 -14.39546
 ---------------------------------------------------/ Z1= 8   / DATE= 22/07/91
 -10.20740 -10.20742 -10.20741 -10.20729 -10.20663 -10.20476 -10.20069 -10.18966
 -10.16458 -10.11820 -10.04240  -9.92846  -9.75755
 -10.27754 -10.27756 -10.27755 -10.27742 -10.27676 -10.27498 -10.27114 -10.26069
 -10.23685 -10.19270 -10.12056 -10.01227  -9.84999
 -10.34769 -10.34772 -10.34770 -10.34756 -10.34691 -10.34521 -10.34159 -10.33173
 -10.30913 -10.26721 -10.19874 -10.09610  -9.94245
 -10.41784 -10.41787 -10.41785 -10.41770 -10.41706 -10.41544 -10.41205 -10.40277
 -10.38141 -10.34172 -10.27691 -10.17992 -10.03491
 -10.48798 -10.48801 -10.48799 -10.48782 -10.48720 -10.48566 -10.48250 -10.47380
 -10.45369 -10.41622 -10.35508 -10.26373 -10.12736
 -10.55812 -10.55816 -10.55814 -10.55796 -10.55734 -10.55589 -10.55295 -10.54483
 -10.52597 -10.49072 -10.43325 -10.34755 -10.21981
 -10.62826 -10.62830 -10.62828 -10.62809 -10.62748 -10.62612 -10.62340 -10.61587
 -10.59824 -10.56522 -10.51142 -10.43137 -10.31226
 -10.69840 -10.69845 -10.69843 -10.69822 -10.69762 -10.69634 -10.69385 -10.68690
 -10.67052 -10.63973 -10.58959 -10.51518 -10.40471
 -10.76855 -10.76860 -10.76857 -10.76835 -10.76776 -10.76657 -10.76431 -10.75793
 -10.74280 -10.71423 -10.66775 -10.59900 -10.49716
 -10.83869 -10.83874 -10.83871 -10.83849 -10.83790 -10.83679 -10.83476 -10.82897
 -10.81507 -10.78873 -10.74592 -10.68282 -10.58961
 -10.90883 -10.90889 -10.90886 -10.90862 -10.90805 -10.90702 -10.90521 -10.90000
 -10.88735 -10.86324 -10.82409 -10.76664 -10.68205
 -10.97897 -10.97903 -10.97900 -10.97874 -10.97818 -10.97724 -10.97565 -10.97103
 -10.95962 -10.93773 -10.90225 -10.85045 -10.77450
 -11.04912 -11.04918 -11.04915 -11.04888 -11.04833 -11.04747 -11.04611 -11.04207
 -11.03191 -11.01224 -10.98043 -10.93427 -10.86696
 -11.11927 -11.11933 -11.11930 -11.11902 -11.11848 -11.11770 -11.11657 -11.11311
 -11.10419 -11.08675 -11.05860 -11.01810 -10.95941
 -11.18940 -11.18947 -11.18944 -11.18915 -11.18862 -11.18792 -11.18702 -11.18413
 -11.17646 -11.16125 -11.13677 -11.10191 -11.05186
 -11.25955 -11.25962 -11.25958 -11.25928 -11.25876 -11.25815 -11.25747 -11.25517
 -11.24874 -11.23575 -11.21494 -11.18573 -11.14431
 -11.32974 -11.32982 -11.32978 -11.32947 -11.32896 -11.32843 -11.32797 -11.32624
 -11.32104 -11.31027 -11.29310 -11.26948 -11.23657
 -11.40027 -11.40034 -11.40031 -11.40001 -11.39954 -11.39910 -11.39880 -11.39755
 -11.39349 -11.38488 -11.37123 -11.35279 -11.32754
 -11.47150 -11.47156 -11.47153 -11.47129 -11.47092 -11.47057 -11.47032 -11.46935
 -11.46625 -11.45969 -11.44927 -11.43521 -11.41587
 -11.54373 -11.54376 -11.54375 -11.54363 -11.54343 -11.54316 -11.54283 -11.54189
 -11.53950 -11.53480 -11.52723 -11.51639 -11.50055
 -11.61705 -11.61704 -11.61705 -11.61708 -11.61706 -11.61688 -11.61639 -11.61536
 -11.61349 -11.61043 -11.60523 -11.59658 -11.58230
 -11.69147 -11.69143 -11.69145 -11.69159 -11.69172 -11.69160 -11.69100 -11.68992
 -11.68852 -11.68683 -11.68346 -11.67618 -11.66233
 -11.76703 -11.76698 -11.76701 -11.76718 -11.76737 -11.76729 -11.76670 -11.76575
 -11.76484 -11.76420 -11.76212 -11.75563 -11.74181
 -11.84383 -11.84378 -11.84381 -11.84396 -11.84414 -11.84408 -11.84358 -11.84287
 -11.84244 -11.84261 -11.84138 -11.83536 -11.82145
 -11.92199 -11.92196 -11.92198 -11.92210 -11.92222 -11.92216 -11.92176 -11.92127
 -11.92126 -11.92204 -11.92145 -11.91578 -11.90186
 -12.00168 -12.00165 -12.00166 -12.00177 -12.00186 -12.00178 -12.00138 -12.00100
 -12.00125 -12.00253 -12.00255 -11.99734 -11.98367
 -12.08297 -12.08294 -12.08296 -12.08308 -12.08320 -12.08309 -12.08256 -12.08205
 -12.08237 -12.08409 -12.08483 -12.08037 -12.06734
 -12.16580 -12.16576 -12.16578 -12.16596 -12.16612 -12.16597 -12.16526 -12.16452
 -12.16480 -12.16686 -12.16829 -12.16469 -12.15260
 -12.25004 -12.24998 -12.25001 -12.25022 -12.25043 -12.25025 -12.24942 -12.24854
 -12.24877 -12.25099 -12.25286 -12.25000 -12.23896
 -12.33578 -12.33572 -12.33575 -12.33595 -12.33615 -12.33599 -12.33520 -12.33437
 -12.33462 -12.33680 -12.33872 -12.33626 -12.32623
 -12.42417 -12.42413 -12.42415 -12.42431 -12.42447 -12.42434 -12.42370 -12.42307
 -12.42338 -12.42538 -12.42706 -12.42478 -12.41570
 -12.51670 -12.51667 -12.51668 -12.51681 -12.51692 -12.51682 -12.51634 -12.51590
 -12.51627 -12.51804 -12.51945 -12.51727 -12.50908
 -12.61419 -12.61416 -12.61417 -12.61428 -12.61438 -12.61429 -12.61389 -12.61353
 -12.61390 -12.61551 -12.61676 -12.61478 -12.60743
 -12.71406 -12.71403 -12.71405 -12.71414 -12.71424 -12.71416 -12.71378 -12.71343
 -12.71376 -12.71523 -12.71643 -12.71475 -12.70827
 -12.81271 -12.81268 -12.81269 -12.81279 -12.81288 -12.81280 -12.81243 -12.81209
 -12.81237 -12.81370 -12.81486 -12.81356 -12.80811
 -12.90654 -12.90652 -12.90654 -12.90661 -12.90669 -12.90663 -12.90632 -12.90604
 -12.90628 -12.90742 -12.90847 -12.90761 -12.90345
 -12.99518 -12.99517 -12.99518 -12.99522 -12.99526 -12.99523 -12.99506 -12.99493
 -12.99518 -12.99605 -12.99689 -12.99646 -12.99389
 -13.09325 -13.09324 -13.09324 -13.09325 -13.09326 -13.09325 -13.09323 -13.09329
 -13.09357 -13.09418 -13.09477 -13.09471 -13.09354
 -13.21973 -13.21974 -13.21973 -13.21972 -13.21971 -13.21972 -13.21978 -13.21992
 -13.22022 -13.22071 -13.22118 -13.22128 -13.22077
 -13.36964 -13.36964 -13.36964 -13.36963 -13.36962 -13.36963 -13.36968 -13.36983
 -13.37013 -13.37062 -13.37109 -13.37118 -13.37068
 -13.51964 -13.51964 -13.51964 -13.51963 -13.51961 -13.51962 -13.51968 -13.51983
 -13.52013 -13.52062 -13.52109 -13.52118 -13.52068
 -13.66962 -13.66963 -13.66963 -13.66961 -13.66960 -13.66961 -13.66967 -13.66982
 -13.67012 -13.67060 -13.67107 -13.67117 -13.67066
 -13.81964 -13.81964 -13.81964 -13.81963 -13.81962 -13.81963 -13.81968 -13.81983
 -13.82013 -13.82062 -13.82109 -13.82118 -13.82068
 -13.96965 -13.96965 -13.96965 -13.96964 -13.96963 -13.96964 -13.96969 -13.96984
 -13.97014 -13.97063 -13.97110 -13.97119 -13.97069
 -14.11964 -14.11964 -14.11964 -14.11963 -14.11962 -14.11963 -14.11968 -14.11983
 -14.12013 -14.12062 -14.12109 -14.12119 -14.12068
 -14.26964 -14.26965 -14.26964 -14.26963 -14.26962 -14.26963 -14.26969 -14.26983
 -14.27013 -14.27062 -14.27109 -14.27119 -14.27068
 -14.41964 -14.41965 -14.41964 -14.41963 -14.41962 -14.41963 -14.41969 -14.41983
 -14.42013 -14.42062 -14.42109 -14.42119 -14.42068
 -14.56964 -14.56964 -14.56964 -14.56963 -14.56962 -14.56963 -14.56968 -14.56983
 -14.57013 -14.57062 -14.57109 -14.57119 -14.57068
 -14.71964 -14.71964 -14.71964 -14.71963 -14.71962 -14.71963 -14.71968 -14.71983
 -14.72013 -14.72062 -14.72109 -14.72118 -14.72068
 -14.86964 -14.86964 -14.86964 -14.86963 -14.86962 -14.86963 -14.86968 -14.86983
 -14.87013 -14.87062 -14.87109 -14.87118 -14.87068
 -15.01964 -15.01964 -15.01964 -15.01963 -15.01961 -15.01962 -15.01968 -15.01983
 -15.02013 -15.02062 -15.02109 -15.02118 -15.02068
 
C---------------------------------------------------------------------------------
C ADAS ADF11 DATA - SCCS info: @(#)$Header: /home/adascvs/adas/adf11/acd74/acd74_o.dat,v 2.1 2004/07/07 00:00:11 whitefor Exp $ Date $Date: 2004/07/07 00:00:11 $
C---------------------------------------------------------------------------------
