   13   13   51    1   13     /ALUMINIUM      / ARNAUD-ROSEN(NE SCALED) 22/07/91
 -------------------------------------------------------------------------------
   4.00000   5.00000   6.00000   7.00000   8.00000   9.00000  10.00000  11.00000
  12.00000  13.00000  14.00000  15.00000  16.00000
  -0.06466   0.03533   0.13534   0.23535   0.33534   0.43534   0.53534   0.63534
   0.73534   0.83534   0.93534   1.03533   1.13534   1.23535   1.33534   1.43534
   1.53534   1.63534   1.73534   1.83534   1.93534   2.03533   2.13534   2.23535
   2.33534   2.43534   2.53534   2.63534   2.73534   2.83534   2.93534   3.03533
   3.13534   3.23535   3.33534   3.43534   3.53534   3.63534   3.73534   3.83534
   3.93534   4.03533   4.13534   4.23535   4.33534   4.43534   4.53534   4.63534
   4.73534   4.83534   4.93534
 ---------------------------------------------------/ Z1= 1   / DATE= 22/07/91
 -11.02585 -11.11999 -11.21884 -11.31895 -11.43143 -11.57102 -11.74960 -11.96766
 -12.22282 -12.48606 -12.62183 -12.46792 -11.91540
 -10.60805 -10.70605 -10.80823 -10.91177 -11.03525 -11.20262 -11.43320 -11.72782
 -12.08273 -12.46224 -12.70309 -12.61012 -12.05445
 -10.38175 -10.48151 -10.58690 -10.69575 -10.82601 -11.00068 -11.24069 -11.55886
 -11.96592 -12.43205 -12.76494 -12.73170 -12.17865
 -10.26430 -10.36548 -10.47399 -10.58801 -10.72244 -10.89637 -11.13040 -11.45121
 -11.88699 -12.41680 -12.82322 -12.83966 -12.28980
 -10.18675 -10.29036 -10.40185 -10.51931 -10.65674 -10.83212 -11.06681 -11.39555
 -11.85647 -12.43311 -12.89077 -12.94018 -12.39006
 -10.13698 -10.24349 -10.35760 -10.47707 -10.61707 -10.79709 -11.04021 -11.38371
 -11.86846 -12.47818 -12.96800 -13.03596 -12.48282
 -10.11753 -10.22642 -10.34250 -10.46335 -10.60605 -10.79251 -11.04758 -11.40786
 -11.91287 -12.54423 -13.05211 -13.12877 -12.57179
 -10.13096 -10.24070 -10.35780 -10.48019 -10.62628 -10.81958 -11.08589 -11.46015
 -11.97955 -12.62351 -13.14029 -13.22038 -12.66067
 -10.17753 -10.28603 -10.40307 -10.52762 -10.67798 -10.87729 -11.15090 -11.53285
 -12.05941 -12.70913 -13.22991 -13.31192 -12.75206
 -10.24852 -10.35491 -10.47130 -10.59786 -10.75211 -10.95595 -11.23361 -11.61873
 -12.14729 -12.79783 -13.31900 -13.40200 -12.84430
 -10.33309 -10.43814 -10.55389 -10.68122 -10.83739 -11.04374 -11.32391 -11.71066
 -12.23903 -12.88718 -13.40577 -13.48861 -12.93469
 -10.42417 -10.52974 -10.64534 -10.77160 -10.92673 -11.13338 -11.41582 -11.80494
 -12.33327 -12.97759 -13.49157 -13.57310 -13.02374
 -10.52992 -10.63692 -10.75267 -10.87712 -11.02994 -11.23574 -11.51998 -11.91154
 -12.44016 -13.08092 -13.59034 -13.67030 -13.12483
 -10.66226 -10.77008 -10.88596 -11.00944 -11.16095 -11.36615 -11.65114 -12.04385
 -12.57265 -13.21182 -13.71915 -13.79833 -13.25454
 -10.81225 -10.92007 -11.03595 -11.15943 -11.31094 -11.51614 -11.80113 -12.19383
 -12.72264 -13.36181 -13.86914 -13.94832 -13.40453
 -10.96225 -11.07007 -11.18595 -11.30943 -11.46094 -11.66614 -11.95113 -12.34384
 -12.87264 -13.51181 -14.01914 -14.09832 -13.55453
 -11.11225 -11.22007 -11.33595 -11.45943 -11.61094 -11.81614 -12.10113 -12.49384
 -13.02264 -13.66181 -14.16914 -14.24832 -13.70453
 -11.26225 -11.37007 -11.48595 -11.60943 -11.76094 -11.96614 -12.25113 -12.64383
 -13.17264 -13.81181 -14.31914 -14.39832 -13.85453
 -11.41225 -11.52007 -11.63595 -11.75943 -11.91094 -12.11614 -12.40113 -12.79383
 -13.32264 -13.96181 -14.46914 -14.54832 -14.00453
 -11.56225 -11.67007 -11.78595 -11.90943 -12.06094 -12.26613 -12.55112 -12.94383
 -13.47264 -14.11181 -14.61914 -14.69832 -14.15453
 -11.71225 -11.82006 -11.93594 -12.05943 -12.21094 -12.41613 -12.70112 -13.09383
 -13.62264 -14.26181 -14.76914 -14.84832 -14.30453
 -11.86224 -11.97005 -12.08593 -12.20941 -12.36092 -12.56612 -12.85111 -13.24382
 -13.77262 -14.41179 -14.91913 -14.99831 -14.45452
 -12.01225 -12.12007 -12.23595 -12.35943 -12.51094 -12.71614 -13.00113 -13.39383
 -13.92264 -14.56181 -15.06914 -15.14832 -14.60453
 -12.16226 -12.27008 -12.38596 -12.50944 -12.66095 -12.86615 -13.15113 -13.54384
 -14.07265 -14.71182 -15.21915 -15.29833 -14.75454
 -12.31225 -12.42007 -12.53595 -12.65943 -12.81094 -13.01614 -13.30113 -13.69383
 -14.22264 -14.86181 -15.36914 -15.44832 -14.90453
 -12.46225 -12.57007 -12.68595 -12.80943 -12.96094 -13.16614 -13.45113 -13.84384
 -14.37264 -15.01181 -15.51914 -15.59832 -15.05453
 -12.61225 -12.72007 -12.83595 -12.95943 -13.11094 -13.31614 -13.60113 -13.99384
 -14.52264 -15.16181 -15.66914 -15.74832 -15.20453
 -12.76225 -12.87007 -12.98595 -13.10943 -13.26094 -13.46614 -13.75113 -14.14383
 -14.67264 -15.31181 -15.81914 -15.89832 -15.35453
 -12.91225 -13.02007 -13.13595 -13.25943 -13.41094 -13.61614 -13.90113 -14.29383
 -14.82264 -15.46181 -15.96914 -16.04832 -15.50453
 -13.06225 -13.17007 -13.28595 -13.40943 -13.56094 -13.76613 -14.05112 -14.44383
 -14.97264 -15.61181 -16.11914 -16.19832 -15.65453
 -13.21225 -13.32006 -13.43594 -13.55943 -13.71094 -13.91613 -14.20112 -14.59383
 -15.12264 -15.76181 -16.26914 -16.34832 -15.80453
 -13.36224 -13.47005 -13.58593 -13.70941 -13.86092 -14.06612 -14.35111 -14.74382
 -15.27262 -15.91179 -16.41913 -16.49831 -15.95452
 -13.51225 -13.62007 -13.73595 -13.85943 -14.01094 -14.21614 -14.50113 -14.89383
 -15.42264 -16.06181 -16.56914 -16.64832 -16.10453
 -13.66226 -13.77008 -13.88596 -14.00944 -14.16095 -14.36615 -14.65113 -15.04384
 -15.57265 -16.21182 -16.71915 -16.79833 -16.25454
 -13.81225 -13.92007 -14.03595 -14.15943 -14.31094 -14.51614 -14.80113 -15.19383
 -15.72264 -16.36181 -16.86914 -16.94832 -16.40453
 -13.96225 -14.07007 -14.18595 -14.30943 -14.46094 -14.66614 -14.95113 -15.34384
 -15.87264 -16.51181 -17.01914 -17.09832 -16.55453
 -14.11225 -14.22007 -14.33595 -14.45943 -14.61094 -14.81614 -15.10113 -15.49384
 -16.02264 -16.66181 -17.16914 -17.24832 -16.70453
 -14.26225 -14.37007 -14.48595 -14.60943 -14.76094 -14.96614 -15.25113 -15.64383
 -16.17264 -16.81181 -17.31914 -17.39832 -16.85453
 -14.41225 -14.52007 -14.63595 -14.75943 -14.91094 -15.11614 -15.40113 -15.79383
 -16.32264 -16.96181 -17.46914 -17.54832 -17.00453
 -14.56225 -14.67007 -14.78595 -14.90943 -15.06094 -15.26613 -15.55112 -15.94383
 -16.47264 -17.11181 -17.61914 -17.69832 -17.15453
 -14.71225 -14.82006 -14.93594 -15.05943 -15.21094 -15.41613 -15.70112 -16.09383
 -16.62264 -17.26181 -17.76914 -17.84832 -17.30453
 -14.86224 -14.97005 -15.08593 -15.20941 -15.36092 -15.56612 -15.85111 -16.24382
 -16.77262 -17.41179 -17.91913 -17.99831 -17.45452
 -15.01225 -15.12007 -15.23595 -15.35943 -15.51094 -15.71614 -16.00113 -16.39383
 -16.92264 -17.56181 -18.06914 -18.14832 -17.60453
 -15.16226 -15.27008 -15.38596 -15.50944 -15.66095 -15.86615 -16.15113 -16.54384
 -17.07265 -17.71182 -18.21915 -18.29833 -17.75454
 -15.31225 -15.42007 -15.53595 -15.65943 -15.81094 -16.01614 -16.30113 -16.69383
 -17.22264 -17.86181 -18.36914 -18.44832 -17.90453
 -15.46225 -15.57007 -15.68595 -15.80943 -15.96094 -16.16614 -16.45113 -16.84384
 -17.37264 -18.01181 -18.51914 -18.59832 -18.05453
 -15.61225 -15.72007 -15.83595 -15.95943 -16.11094 -16.31614 -16.60113 -16.99384
 -17.52264 -18.16181 -18.66914 -18.74832 -18.20453
 -15.76225 -15.87007 -15.98595 -16.10943 -16.26094 -16.46614 -16.75113 -17.14383
 -17.67264 -18.31181 -18.81914 -18.89832 -18.35453
 -15.91225 -16.02007 -16.13595 -16.25943 -16.41094 -16.61614 -16.90113 -17.29383
 -17.82264 -18.46181 -18.96914 -19.04832 -18.50453
 -16.06225 -16.17007 -16.28595 -16.40943 -16.56094 -16.76613 -17.05112 -17.44383
 -17.97264 -18.61181 -19.11914 -19.19832 -18.65453
 -16.21225 -16.32006 -16.43594 -16.55943 -16.71094 -16.91613 -17.20112 -17.59383
 -18.12264 -18.76181 -19.26914 -19.34832 -18.80453
 ---------------------------------------------------/ Z1= 2   / DATE= 22/07/91
 -11.49046 -11.51179 -11.52742 -11.54421 -11.57253 -11.61471 -11.62848 -11.55629
 -11.35813 -11.09118 -10.84601 -10.68727 -10.53615
 -11.19919 -11.24117 -11.28158 -11.32588 -11.38263 -11.45395 -11.50622 -11.49354
 -11.38428 -11.22573 -11.09233 -11.03255 -10.95128
 -10.87548 -10.93801 -11.00354 -11.07554 -11.15997 -11.25830 -11.34735 -11.39547
 -11.38065 -11.33435 -11.30638 -11.32313 -11.28123
 -10.58883 -10.66718 -10.75259 -10.84654 -10.95227 -11.07058 -11.18877 -11.28949
 -11.36035 -11.41635 -11.48188 -11.56106 -11.54569
 -10.39343 -10.47962 -10.57567 -10.68150 -10.79818 -10.92608 -11.06155 -11.19956
 -11.33620 -11.47370 -11.61638 -11.75056 -11.76295
 -10.28064 -10.36888 -10.46873 -10.57899 -10.69908 -10.82913 -10.97289 -11.13538
 -11.31979 -11.51918 -11.72311 -11.90461 -11.94514
 -10.22568 -10.31376 -10.41466 -10.52630 -10.64683 -10.77614 -10.92388 -11.10299
 -11.32237 -11.56831 -11.81932 -12.03841 -12.10273
 -10.20708 -10.29570 -10.39820 -10.51176 -10.63342 -10.76285 -10.91413 -11.10626
 -11.35241 -11.63348 -11.91924 -12.16490 -12.24506
 -10.21749 -10.30734 -10.41203 -10.52809 -10.65167 -10.78221 -10.93703 -11.13965
 -11.40636 -11.71365 -12.02430 -12.28740 -12.37656
 -10.25331 -10.34431 -10.45093 -10.56921 -10.69463 -10.82641 -10.98430 -11.19514
 -11.47750 -11.80423 -12.13250 -12.40667 -12.50039
 -10.31099 -10.40243 -10.51007 -10.62961 -10.75607 -10.88857 -11.04868 -11.26573
 -11.55996 -11.90126 -12.24225 -12.52354 -12.61946
 -10.38716 -10.47845 -10.58631 -10.70625 -10.83302 -10.96569 -11.12721 -11.34874
 -11.65171 -12.00364 -12.35355 -12.63915 -12.73578
 -10.47853 -10.56937 -10.67701 -10.79683 -10.92343 -11.05591 -11.21818 -11.44273
 -11.75179 -12.11108 -12.46687 -12.75472 -12.85111
 -10.58175 -10.67217 -10.77948 -10.89898 -11.02521 -11.15729 -11.31983 -11.54620
 -11.85922 -12.22327 -12.58266 -12.87145 -12.96719
 -10.69362 -10.78386 -10.89097 -11.01021 -11.13606 -11.26771 -11.43020 -11.65746
 -11.97265 -12.33933 -12.70060 -12.98962 -13.08478
 -10.81151 -10.90161 -11.00847 -11.12736 -11.25286 -11.38423 -11.54657 -11.77387
 -12.08928 -12.45617 -12.81733 -13.10578 -13.20068
 -10.93287 -11.02258 -11.12883 -11.24709 -11.37221 -11.50364 -11.66598 -11.89253
 -12.20593 -12.57006 -12.92862 -13.21550 -13.31060
 -11.05644 -11.14533 -11.25049 -11.36771 -11.49241 -11.62431 -11.78697 -12.01216
 -12.32142 -12.67993 -13.03343 -13.31773 -13.41358
 -11.18631 -11.27433 -11.37836 -11.49456 -11.61890 -11.75139 -11.91447 -12.13828
 -12.44324 -12.79586 -13.14415 -13.42590 -13.52261
 -11.32801 -11.41561 -11.51909 -11.63482 -11.75900 -11.89179 -12.05509 -12.27825
 -12.58114 -12.93094 -13.27673 -13.55728 -13.65442
 -11.47800 -11.56560 -11.66908 -11.78481 -11.90899 -12.04178 -12.20508 -12.42824
 -12.73113 -13.08092 -13.42671 -13.70726 -13.80440
 -11.62799 -11.71558 -11.81907 -11.93479 -12.05898 -12.19177 -12.35506 -12.57823
 -12.88111 -13.23091 -13.57669 -13.85725 -13.95438
 -11.77800 -11.86560 -11.96908 -12.08481 -12.20899 -12.34179 -12.50508 -12.72824
 -13.03113 -13.38092 -13.72671 -14.00726 -14.10440
 -11.92801 -12.01561 -12.11909 -12.23482 -12.35900 -12.49179 -12.65509 -12.87825
 -13.18114 -13.53093 -13.87672 -14.15727 -14.25441
 -12.07800 -12.16560 -12.26909 -12.38481 -12.50899 -12.64179 -12.80508 -13.02825
 -13.33113 -13.68092 -14.02671 -14.30726 -14.40440
 -12.22800 -12.31560 -12.41909 -12.53481 -12.65900 -12.79179 -12.95508 -13.17825
 -13.48113 -13.83092 -14.17671 -14.45727 -14.55440
 -12.37800 -12.46560 -12.56909 -12.68481 -12.80900 -12.94179 -13.10508 -13.32825
 -13.63113 -13.98092 -14.32671 -14.60727 -14.70440
 -12.52800 -12.61560 -12.71909 -12.83481 -12.95899 -13.09179 -13.25508 -13.47825
 -13.78113 -14.13092 -14.47671 -14.75726 -14.85440
 -12.67800 -12.76560 -12.86908 -12.98481 -13.10899 -13.24179 -13.40508 -13.62824
 -13.93113 -14.28092 -14.62671 -14.90726 -15.00440
 -12.82800 -12.91560 -13.01908 -13.13481 -13.25899 -13.39178 -13.55508 -13.77824
 -14.08113 -14.43092 -14.77671 -15.05726 -15.15440
 -12.97800 -13.06560 -13.16908 -13.28481 -13.40899 -13.54178 -13.70508 -13.92824
 -14.23113 -14.58092 -14.92671 -15.20726 -15.30440
 -13.12799 -13.21558 -13.31907 -13.43479 -13.55898 -13.69177 -13.85506 -14.07823
 -14.38111 -14.73091 -15.07669 -15.35725 -15.45438
 -13.27800 -13.36560 -13.46908 -13.58481 -13.70899 -13.84179 -14.00508 -14.22824
 -14.53113 -14.88092 -15.22671 -15.50726 -15.60440
 -13.42801 -13.51561 -13.61909 -13.73482 -13.85900 -13.99179 -14.15509 -14.37825
 -14.68114 -15.03093 -15.37672 -15.65727 -15.75441
 -13.57800 -13.66560 -13.76909 -13.88481 -14.00899 -14.14179 -14.30508 -14.52825
 -14.83113 -15.18092 -15.52671 -15.80726 -15.90440
 -13.72800 -13.81560 -13.91909 -14.03481 -14.15900 -14.29179 -14.45508 -14.67825
 -14.98113 -15.33092 -15.67671 -15.95727 -16.05440
 -13.87800 -13.96560 -14.06909 -14.18481 -14.30900 -14.44179 -14.60508 -14.82825
 -15.13113 -15.48092 -15.82671 -16.10727 -16.20440
 -14.02800 -14.11560 -14.21909 -14.33481 -14.45899 -14.59179 -14.75508 -14.97825
 -15.28113 -15.63092 -15.97671 -16.25726 -16.35440
 -14.17800 -14.26560 -14.36908 -14.48481 -14.60899 -14.74179 -14.90508 -15.12824
 -15.43113 -15.78092 -16.12671 -16.40726 -16.50440
 -14.32800 -14.41560 -14.51908 -14.63481 -14.75899 -14.89178 -15.05508 -15.27824
 -15.58113 -15.93092 -16.27671 -16.55726 -16.65440
 -14.47800 -14.56560 -14.66908 -14.78481 -14.90899 -15.04178 -15.20508 -15.42824
 -15.73113 -16.08092 -16.42671 -16.70726 -16.80440
 -14.62799 -14.71558 -14.81907 -14.93479 -15.05898 -15.19177 -15.35506 -15.57823
 -15.88111 -16.23091 -16.57669 -16.85725 -16.95438
 -14.77800 -14.86560 -14.96908 -15.08481 -15.20899 -15.34179 -15.50508 -15.72824
 -16.03113 -16.38092 -16.72671 -17.00726 -17.10440
 -14.92801 -15.01561 -15.11909 -15.23482 -15.35900 -15.49179 -15.65509 -15.87825
 -16.18114 -16.53093 -16.87672 -17.15727 -17.25441
 -15.07800 -15.16560 -15.26909 -15.38481 -15.50899 -15.64179 -15.80508 -16.02825
 -16.33113 -16.68092 -17.02671 -17.30726 -17.40440
 -15.22800 -15.31560 -15.41909 -15.53481 -15.65900 -15.79179 -15.95508 -16.17825
 -16.48113 -16.83092 -17.17671 -17.45727 -17.55440
 -15.37800 -15.46560 -15.56909 -15.68481 -15.80900 -15.94179 -16.10508 -16.32825
 -16.63113 -16.98092 -17.32671 -17.60727 -17.70440
 -15.52800 -15.61560 -15.71909 -15.83481 -15.95899 -16.09179 -16.25508 -16.47825
 -16.78113 -17.13092 -17.47671 -17.75726 -17.85440
 -15.67800 -15.76560 -15.86908 -15.98481 -16.10899 -16.24179 -16.40508 -16.62824
 -16.93113 -17.28092 -17.62671 -17.90726 -18.00440
 -15.82800 -15.91560 -16.01908 -16.13481 -16.25899 -16.39178 -16.55508 -16.77824
 -17.08113 -17.43092 -17.77671 -18.05726 -18.15440
 -15.97800 -16.06560 -16.16908 -16.28481 -16.40899 -16.54178 -16.70508 -16.92824
 -17.23113 -17.58092 -17.92671 -18.20726 -18.30440
 ---------------------------------------------------/ Z1= 3   / DATE= 22/07/91
 -11.44643 -11.44582 -11.44075 -11.42820 -11.40945 -11.38864 -11.36676 -11.30710
 -11.14816 -10.83216 -10.35077  -9.72814  -8.98885
 -11.52365 -11.52389 -11.51975 -11.50809 -11.49150 -11.47626 -11.46555 -11.42420
 -11.29191 -11.01273 -10.58790 -10.05617  -9.45385
 -11.59854 -11.59937 -11.59590 -11.58500 -11.57017 -11.55930 -11.55712 -11.53009
 -11.41953 -11.17188 -10.79994 -10.36004  -9.90279
 -11.66748 -11.66842 -11.66543 -11.65566 -11.64301 -11.63579 -11.63933 -11.62283
 -11.53176 -11.31701 -10.99943 -10.64575 -10.31448
 -11.73307 -11.73365 -11.73099 -11.72286 -11.71295 -11.70878 -11.71530 -11.70583
 -11.63289 -11.45418 -11.19299 -10.91566 -10.67919
 -11.80504 -11.80506 -11.80264 -11.79630 -11.78910 -11.78710 -11.79426 -11.78864
 -11.73134 -11.58790 -11.38039 -11.16799 -11.00026
 -11.89350 -11.89305 -11.89085 -11.88603 -11.88089 -11.87987 -11.88572 -11.88116
 -11.83571 -11.72254 -11.56098 -11.40063 -11.28168
 -12.00742 -12.00684 -12.00491 -12.00099 -11.99669 -11.99516 -11.99822 -11.99234
 -11.95382 -11.86199 -11.73394 -11.61155 -11.52749
 -12.12526 -12.12495 -12.12343 -12.11999 -12.11578 -12.11315 -12.11350 -12.10611
 -12.07238 -11.99620 -11.89314 -11.79958 -11.74275
 -12.19228 -12.19242 -12.19159 -12.18906 -12.18577 -12.18371 -12.18414 -12.17921
 -12.15510 -12.09998 -12.02674 -11.96452 -11.93362
 -12.15365 -12.15421 -12.15447 -12.15413 -12.15420 -12.15653 -12.16253 -12.16808
 -12.16540 -12.14784 -12.12257 -12.10583 -12.10586
 -11.99918 -12.00003 -12.00170 -12.00478 -12.01057 -12.02086 -12.03735 -12.06059
 -12.09037 -12.12638 -12.16764 -12.21268 -12.25312
 -11.76845 -11.76949 -11.77258 -11.77928 -11.79120 -11.81001 -11.83769 -11.87963
 -11.94350 -12.03575 -12.14812 -12.26268 -12.35548
 -11.50350 -11.50467 -11.50887 -11.51833 -11.53476 -11.55957 -11.59480 -11.65009
 -11.74005 -11.87738 -12.05091 -12.23376 -12.39303
 -11.23817 -11.23944 -11.24430 -11.25521 -11.27375 -11.30094 -11.33870 -11.39982
 -11.50421 -11.66969 -11.88751 -12.13151 -12.36842
 -10.99684 -10.99819 -11.00331 -11.01461 -11.03346 -11.06061 -11.09785 -11.16000
 -11.27038 -11.45045 -11.69756 -11.99324 -12.31020
 -10.80342 -10.80485 -10.80993 -10.82084 -10.83891 -10.86490 -10.90073 -10.96206
 -11.07357 -11.25858 -11.52229 -11.85805 -12.24834
 -10.68104 -10.68257 -10.68738 -10.69742 -10.71427 -10.73928 -10.77490 -10.83647
 -10.94777 -11.13191 -11.40189 -11.76408 -12.21213
 -10.63196 -10.63356 -10.63797 -10.64695 -10.66263 -10.68741 -10.72457 -10.78825
 -10.89964 -11.07998 -11.34897 -11.72531 -12.21347
 -10.63571 -10.63730 -10.64128 -10.64932 -10.66415 -10.68917 -10.72850 -10.79478
 -10.90619 -11.08156 -11.34614 -11.72940 -12.24530
 -10.67100 -10.67240 -10.67603 -10.68358 -10.69810 -10.72355 -10.76449 -10.83239
 -10.94324 -11.11415 -11.37474 -11.76278 -12.29962
 -10.72472 -10.72581 -10.72922 -10.73670 -10.75134 -10.77718 -10.81876 -10.88689
 -10.99647 -11.16385 -11.42199 -11.81478 -12.36890
 -10.79295 -10.79380 -10.79710 -10.80456 -10.81929 -10.84528 -10.88700 -10.95474
 -11.06256 -11.22630 -11.48179 -11.87801 -12.44620
 -10.87234 -10.87323 -10.87647 -10.88362 -10.89790 -10.92361 -10.96547 -11.03300
 -11.13887 -11.29781 -11.54853 -11.94548 -12.52482
 -10.96299 -10.96419 -10.96742 -10.97389 -10.98714 -11.01219 -11.05439 -11.12220
 -11.22617 -11.37926 -11.62310 -12.01808 -12.60581
 -11.06896 -11.07056 -11.07380 -11.07951 -11.09158 -11.11590 -11.15848 -11.22679
 -11.32920 -11.47685 -11.71381 -12.10575 -12.69912
 -11.19448 -11.19638 -11.19964 -11.20482 -11.21606 -11.23984 -11.28271 -11.35142
 -11.45290 -11.59703 -11.82938 -12.21893 -12.81516
 -11.34089 -11.34285 -11.34611 -11.35120 -11.36230 -11.38599 -11.42891 -11.49769
 -11.59902 -11.74259 -11.97419 -12.36332 -12.95994
 -11.49089 -11.49285 -11.49611 -11.50120 -11.51230 -11.53599 -11.57891 -11.64769
 -11.74902 -11.89259 -12.12419 -12.51332 -13.10994
 -11.64089 -11.64285 -11.64611 -11.65119 -11.66229 -11.68599 -11.72890 -11.79769
 -11.89902 -12.04259 -12.27419 -12.66332 -13.25994
 -11.79089 -11.79284 -11.79610 -11.80119 -11.81229 -11.83599 -11.87890 -11.94769
 -12.04902 -12.19258 -12.42419 -12.81332 -13.40994
 -11.94088 -11.94283 -11.94609 -11.95118 -11.96228 -11.98597 -12.02889 -12.09768
 -12.19900 -12.34257 -12.57417 -12.96330 -13.55993
 -12.09089 -12.09285 -12.09611 -12.10120 -12.11230 -12.13599 -12.17891 -12.24769
 -12.34902 -12.49259 -12.72419 -13.11332 -13.70994
 -12.24090 -12.24286 -12.24612 -12.25120 -12.26231 -12.28600 -12.32891 -12.39770
 -12.49903 -12.64260 -12.87420 -13.26333 -13.85995
 -12.39089 -12.39285 -12.39611 -12.40120 -12.41230 -12.43599 -12.47891 -12.54769
 -12.64902 -12.79259 -13.02419 -13.41332 -14.00994
 -12.54089 -12.54285 -12.54611 -12.55120 -12.56230 -12.58599 -12.62891 -12.69770
 -12.79902 -12.94259 -13.17419 -13.56332 -14.15994
 -12.69089 -12.69285 -12.69611 -12.70120 -12.71230 -12.73599 -12.77891 -12.84770
 -12.94902 -13.09259 -13.32419 -13.71332 -14.30994
 -12.84089 -12.84285 -12.84611 -12.85120 -12.86230 -12.88599 -12.92891 -12.99769
 -13.09902 -13.24259 -13.47419 -13.86332 -14.45994
 -12.99089 -12.99285 -12.99611 -13.00120 -13.01230 -13.03599 -13.07891 -13.14769
 -13.24902 -13.39259 -13.62419 -14.01332 -14.60994
 -13.14089 -13.14285 -13.14611 -13.15119 -13.16229 -13.18599 -13.22890 -13.29769
 -13.39902 -13.54259 -13.77419 -14.16332 -14.75994
 -13.29089 -13.29284 -13.29610 -13.30119 -13.31229 -13.33599 -13.37890 -13.44769
 -13.54902 -13.69258 -13.92419 -14.31332 -14.90994
 -13.44088 -13.44283 -13.44609 -13.45118 -13.46228 -13.48597 -13.52889 -13.59768
 -13.69900 -13.84257 -14.07417 -14.46330 -15.05993
 -13.59089 -13.59285 -13.59611 -13.60120 -13.61230 -13.63599 -13.67891 -13.74769
 -13.84902 -13.99259 -14.22419 -14.61332 -15.20994
 -13.74090 -13.74286 -13.74612 -13.75120 -13.76231 -13.78600 -13.82891 -13.89770
 -13.99903 -14.14260 -14.37420 -14.76333 -15.35995
 -13.89089 -13.89285 -13.89611 -13.90120 -13.91230 -13.93599 -13.97891 -14.04769
 -14.14902 -14.29259 -14.52419 -14.91332 -15.50994
 -14.04089 -14.04285 -14.04611 -14.05120 -14.06230 -14.08599 -14.12891 -14.19770
 -14.29902 -14.44259 -14.67419 -15.06332 -15.65994
 -14.19089 -14.19285 -14.19611 -14.20120 -14.21230 -14.23599 -14.27891 -14.34770
 -14.44902 -14.59259 -14.82419 -15.21332 -15.80994
 -14.34089 -14.34285 -14.34611 -14.35120 -14.36230 -14.38599 -14.42891 -14.49769
 -14.59902 -14.74259 -14.97419 -15.36332 -15.95994
 -14.49089 -14.49285 -14.49611 -14.50120 -14.51230 -14.53599 -14.57891 -14.64769
 -14.74902 -14.89259 -15.12419 -15.51332 -16.10994
 -14.64089 -14.64285 -14.64611 -14.65119 -14.66229 -14.68599 -14.72890 -14.79769
 -14.89902 -15.04259 -15.27419 -15.66332 -16.25994
 -14.79089 -14.79284 -14.79610 -14.80119 -14.81229 -14.83599 -14.87890 -14.94769
 -15.04902 -15.19258 -15.42419 -15.81332 -16.40994
 ---------------------------------------------------/ Z1= 4   / DATE= 22/07/91
 -11.02123 -11.01881 -11.01414 -11.00600 -10.99244 -10.96614 -10.91725 -10.83247
 -10.67171 -10.38238  -9.91798  -9.27945  -8.48990
 -11.10687 -11.10544 -11.10208 -11.09519 -11.08288 -11.06077 -11.02333 -10.96146
 -10.83836 -10.60432 -10.21381  -9.65412  -8.92790
 -11.18822 -11.18747 -11.18509 -11.17941 -11.16867 -11.15054 -11.12244 -11.07837
 -10.98601 -10.80071 -10.47992  -9.99767  -9.33575
 -11.26366 -11.26315 -11.26135 -11.25678 -11.24800 -11.23352 -11.21187 -11.17872
 -11.10763 -10.96185 -10.70439 -10.29702  -9.70088
 -11.33410 -11.33360 -11.33211 -11.32853 -11.32177 -11.31041 -11.29291 -11.26562
 -11.20837 -11.09329 -10.89027 -10.55213 -10.02376
 -11.40124 -11.40076 -11.39953 -11.39679 -11.39166 -11.38266 -11.36801 -11.34439
 -11.29684 -11.20491 -11.04480 -10.76669 -10.30862
 -11.46503 -11.46481 -11.46403 -11.46197 -11.45786 -11.45047 -11.43835 -11.41883
 -11.37989 -11.30514 -11.17497 -10.94515 -10.55995
 -11.51760 -11.51787 -11.51783 -11.51669 -11.51370 -11.50818 -11.49953 -11.48593
 -11.45641 -11.39571 -11.28653 -11.09599 -10.78390
 -11.54875 -11.54974 -11.55082 -11.55128 -11.55047 -11.54843 -11.54549 -11.54068
 -11.52293 -11.47642 -11.38490 -11.22881 -10.98708
 -11.54828 -11.55018 -11.55288 -11.55607 -11.55950 -11.56385 -11.57017 -11.57810
 -11.57602 -11.54710 -11.47548 -11.35324 -11.17612
 -11.50726 -11.51017 -11.51497 -11.52216 -11.53232 -11.54653 -11.56611 -11.59088
 -11.60899 -11.60318 -11.55800 -11.47253 -11.35260
 -11.42218 -11.42598 -11.43278 -11.44409 -11.46140 -11.48610 -11.51957 -11.56169
 -11.60108 -11.62106 -11.60715 -11.56196 -11.49612
 -11.29101 -11.29529 -11.30331 -11.31730 -11.33943 -11.37149 -11.41506 -11.47042
 -11.52761 -11.57190 -11.59076 -11.58918 -11.58027
 -11.11645 -11.12059 -11.12854 -11.14265 -11.16525 -11.19869 -11.24531 -11.30635
 -11.37438 -11.43794 -11.48777 -11.53195 -11.58661
 -10.92239 -10.92600 -10.93299 -10.94534 -10.96516 -10.99554 -11.04001 -11.10117
 -11.17438 -11.25166 -11.32735 -11.41413 -11.53329
 -10.73864 -10.74166 -10.74744 -10.75739 -10.77322 -10.79884 -10.83923 -10.89848
 -10.97392 -11.05970 -11.15282 -11.27258 -11.44870
 -10.59060 -10.59324 -10.59812 -10.60607 -10.61837 -10.63987 -10.67703 -10.73532
 -10.81231 -10.90185 -11.00172 -11.13996 -11.35877
 -10.48282 -10.48529 -10.48961 -10.49608 -10.50566 -10.52404 -10.55918 -10.61769
 -10.69604 -10.78594 -10.88436 -11.02926 -11.27768
 -10.41378 -10.41619 -10.42016 -10.42559 -10.43311 -10.44923 -10.48317 -10.54253
 -10.62202 -10.71040 -10.80311 -10.94773 -11.21619
 -10.38193 -10.38429 -10.38804 -10.39273 -10.39878 -10.41329 -10.44653 -10.50679
 -10.58718 -10.67372 -10.76034 -10.90265 -11.18507
 -10.38512 -10.38740 -10.39095 -10.39511 -10.40012 -10.41352 -10.44622 -10.50701
 -10.58803 -10.67363 -10.75691 -10.89884 -11.19211
 -10.41843 -10.42063 -10.42403 -10.42779 -10.43206 -10.44464 -10.47686 -10.53783
 -10.61928 -10.70477 -10.78707 -10.93036 -11.23212
 -10.47621 -10.47845 -10.48175 -10.48518 -10.48884 -10.50070 -10.53243 -10.59340
 -10.67515 -10.76090 -10.84331 -10.98838 -11.29637
 -10.55292 -10.55536 -10.55865 -10.56178 -10.56481 -10.57593 -10.60710 -10.66799
 -10.74998 -10.83595 -10.91840 -11.06457 -11.37664
 -10.64369 -10.64638 -10.64970 -10.65257 -10.65502 -10.66540 -10.69598 -10.75664
 -10.83865 -10.92458 -11.00673 -11.15317 -11.46730
 -10.74384 -10.74668 -10.75001 -10.75269 -10.75469 -10.76446 -10.79444 -10.85463
 -10.93624 -11.02169 -11.10318 -11.24912 -11.56345
 -10.84987 -10.85262 -10.85590 -10.85849 -10.86026 -10.86964 -10.89903 -10.95843
 -11.03910 -11.12355 -11.20405 -11.34888 -11.66179
 -10.96380 -10.96631 -10.96950 -10.97207 -10.97379 -10.98295 -11.01184 -11.07034
 -11.14983 -11.23305 -11.31244 -11.45592 -11.76662
 -11.08927 -11.09152 -11.09463 -11.09721 -11.09896 -11.10804 -11.13657 -11.19432
 -11.27279 -11.35497 -11.43346 -11.57578 -11.88443
 -11.22989 -11.23203 -11.23510 -11.23769 -11.23947 -11.24853 -11.27692 -11.33435
 -11.41237 -11.49409 -11.57219 -11.71401 -12.02171
 -11.37988 -11.38202 -11.38509 -11.38768 -11.38946 -11.39852 -11.42691 -11.48434
 -11.56236 -11.64407 -11.72218 -11.86400 -12.17170
 -11.52987 -11.53201 -11.53508 -11.53766 -11.53944 -11.54851 -11.57690 -11.63432
 -11.71234 -11.79406 -11.87216 -12.01399 -12.32169
 -11.67988 -11.68202 -11.68509 -11.68768 -11.68946 -11.69853 -11.72692 -11.78434
 -11.86236 -11.94408 -12.02218 -12.16400 -12.47170
 -11.82989 -11.83203 -11.83510 -11.83769 -11.83947 -11.84854 -11.87693 -11.93435
 -12.01237 -12.09409 -12.17219 -12.31401 -12.62171
 -11.97988 -11.98202 -11.98509 -11.98768 -11.98946 -11.99853 -12.02692 -12.08434
 -12.16236 -12.24408 -12.32218 -12.46400 -12.77170
 -12.12988 -12.13202 -12.13509 -12.13768 -12.13946 -12.14853 -12.17692 -12.23434
 -12.31236 -12.39408 -12.47218 -12.61400 -12.92171
 -12.27988 -12.28202 -12.28509 -12.28768 -12.28946 -12.29853 -12.32692 -12.38434
 -12.46236 -12.54408 -12.62218 -12.76400 -13.07171
 -12.42988 -12.43202 -12.43509 -12.43768 -12.43946 -12.44853 -12.47692 -12.53434
 -12.61236 -12.69408 -12.77218 -12.91400 -13.22170
 -12.57988 -12.58202 -12.58509 -12.58768 -12.58946 -12.59853 -12.62692 -12.68434
 -12.76236 -12.84408 -12.92218 -13.06400 -13.37170
 -12.72988 -12.73202 -12.73509 -12.73768 -12.73946 -12.74852 -12.77691 -12.83434
 -12.91236 -12.99407 -13.07218 -13.21400 -13.52170
 -12.87988 -12.88202 -12.88509 -12.88768 -12.88946 -12.89852 -12.92691 -12.98434
 -13.06236 -13.14407 -13.22218 -13.36400 -13.67170
 -13.02987 -13.03201 -13.03508 -13.03766 -13.03944 -13.04851 -13.07690 -13.13432
 -13.21234 -13.29406 -13.37216 -13.51399 -13.82169
 -13.17988 -13.18202 -13.18509 -13.18768 -13.18946 -13.19853 -13.22692 -13.28434
 -13.36236 -13.44408 -13.52218 -13.66400 -13.97170
 -13.32989 -13.33203 -13.33510 -13.33769 -13.33947 -13.34854 -13.37693 -13.43435
 -13.51237 -13.59409 -13.67219 -13.81401 -14.12171
 -13.47988 -13.48202 -13.48509 -13.48768 -13.48946 -13.49853 -13.52692 -13.58434
 -13.66236 -13.74408 -13.82218 -13.96400 -14.27170
 -13.62988 -13.63202 -13.63509 -13.63768 -13.63946 -13.64853 -13.67692 -13.73434
 -13.81236 -13.89408 -13.97218 -14.11400 -14.42171
 -13.77988 -13.78202 -13.78509 -13.78768 -13.78946 -13.79853 -13.82692 -13.88434
 -13.96236 -14.04408 -14.12218 -14.26400 -14.57171
 -13.92988 -13.93202 -13.93509 -13.93768 -13.93946 -13.94853 -13.97692 -14.03434
 -14.11236 -14.19408 -14.27218 -14.41400 -14.72170
 -14.07988 -14.08202 -14.08509 -14.08768 -14.08946 -14.09853 -14.12692 -14.18434
 -14.26236 -14.34408 -14.42218 -14.56400 -14.87170
 -14.22988 -14.23202 -14.23509 -14.23768 -14.23946 -14.24852 -14.27691 -14.33434
 -14.41236 -14.49407 -14.57218 -14.71400 -15.02170
 -14.37988 -14.38202 -14.38509 -14.38768 -14.38946 -14.39852 -14.42691 -14.48434
 -14.56236 -14.64407 -14.72218 -14.86400 -15.17170
 ---------------------------------------------------/ Z1= 5   / DATE= 22/07/91
 -10.67431 -10.67175 -10.66699 -10.66013 -10.65136 -10.63683 -10.60094 -10.52595
 -10.38376 -10.11618  -9.65959  -8.98058  -8.13359
 -10.72662 -10.72493 -10.72175 -10.71648 -10.70850 -10.69472 -10.66482 -10.60716
 -10.49875 -10.28341  -9.89905  -9.30831  -8.54591
 -10.77990 -10.77906 -10.77739 -10.77365 -10.76645 -10.75342 -10.72938 -10.68863
 -10.61317 -10.44912 -10.13617  -9.63323  -8.95530
 -10.83861 -10.83844 -10.83797 -10.83546 -10.82893 -10.81667 -10.79777 -10.77146
 -10.72430 -10.60604 -10.35978  -9.94195  -9.34770
 -10.90801 -10.90819 -10.90828 -10.90637 -10.90031 -10.88887 -10.87371 -10.85695
 -10.82893 -10.74562 -10.55681 -10.21875  -9.70662
 -10.98869 -10.98882 -10.98871 -10.98674 -10.98102 -10.97067 -10.95766 -10.94444
 -10.92401 -10.86174 -10.71800 -10.45200 -10.01947
 -11.06359 -11.06355 -11.06314 -11.06125 -11.05661 -11.04852 -11.03785 -11.02577
 -11.00692 -10.95705 -10.84842 -10.64520 -10.28784
 -11.11152 -11.11155 -11.11153 -11.11092 -11.10911 -11.10551 -11.09963 -11.09099
 -11.07516 -11.03630 -10.95650 -10.80544 -10.51674
 -11.11670 -11.11733 -11.11894 -11.12151 -11.12489 -11.12868 -11.13159 -11.13217
 -11.12642 -11.10293 -11.04890 -10.93898 -10.71113
 -11.08441 -11.08603 -11.09014 -11.09711 -11.10721 -11.12025 -11.13477 -11.14904
 -11.15922 -11.15511 -11.12543 -11.04898 -10.87589
 -11.02499 -11.02781 -11.03464 -11.04627 -11.06338 -11.08612 -11.11324 -11.14322
 -11.17225 -11.18982 -11.18421 -11.13783 -11.01591
 -10.94882 -10.95286 -10.96200 -10.97755 -11.00072 -11.03219 -11.07110 -11.11632
 -11.16423 -11.20397 -11.22339 -11.20792 -11.13603
 -10.86434 -10.86940 -10.87994 -10.89787 -10.92512 -10.96302 -11.01117 -11.06887
 -11.13300 -11.19352 -11.23909 -11.25784 -11.23631
 -10.77305 -10.77876 -10.78970 -10.80834 -10.83723 -10.87834 -10.93185 -10.99761
 -11.07336 -11.15068 -11.22004 -11.27222 -11.29904
 -10.67488 -10.68064 -10.69104 -10.70873 -10.73653 -10.77679 -10.83050 -10.89842
 -10.97939 -11.06688 -11.15331 -11.23256 -11.30253
 -10.57154 -10.57665 -10.58568 -10.60094 -10.62493 -10.66003 -10.70836 -10.77193
 -10.85100 -10.94052 -11.03450 -11.13043 -11.23586
 -10.47150 -10.47558 -10.48285 -10.49498 -10.51376 -10.54139 -10.58126 -10.63694
 -10.71006 -10.79653 -10.89123 -10.99538 -11.12860
 -10.38485 -10.38791 -10.39353 -10.40272 -10.41652 -10.43689 -10.46848 -10.51644
 -10.58359 -10.66603 -10.75866 -10.86589 -11.01986
 -10.32015 -10.32251 -10.32701 -10.33417 -10.34447 -10.35974 -10.38579 -10.42910
 -10.49336 -10.57401 -10.66504 -10.77306 -10.94156
 -10.28012 -10.28207 -10.28594 -10.29190 -10.30007 -10.31227 -10.33525 -10.37665
 -10.44070 -10.52163 -10.61191 -10.71952 -10.89763
 -10.26607 -10.26781 -10.27137 -10.27670 -10.28369 -10.29415 -10.31563 -10.35672
 -10.42197 -10.50425 -10.59433 -10.70096 -10.88527
 -10.27930 -10.28092 -10.28435 -10.28937 -10.29566 -10.30504 -10.32570 -10.36694
 -10.43356 -10.51726 -10.60735 -10.71309 -10.90167
 -10.31999 -10.32150 -10.32484 -10.32964 -10.33535 -10.34379 -10.36357 -10.40456
 -10.47177 -10.55618 -10.64626 -10.75166 -10.94378
 -10.38410 -10.38553 -10.38875 -10.39329 -10.39847 -10.40607 -10.42498 -10.46542
 -10.53256 -10.61709 -10.70708 -10.81260 -11.00769
 -10.46666 -10.46806 -10.47108 -10.47524 -10.47989 -10.48685 -10.50512 -10.54502
 -10.61183 -10.69616 -10.78603 -10.89186 -11.08929
 -10.56298 -10.56443 -10.56713 -10.57075 -10.57486 -10.58143 -10.59941 -10.63902
 -10.70551 -10.78956 -10.87927 -10.98536 -11.18441
 -10.66936 -10.67088 -10.67325 -10.67634 -10.67995 -10.68623 -10.70403 -10.74344
 -10.80959 -10.89327 -10.98267 -11.08872 -11.28848
 -10.78235 -10.78390 -10.78608 -10.78881 -10.79204 -10.79794 -10.81538 -10.85439
 -10.92008 -11.00323 -11.09204 -11.19750 -11.39688
 -10.89960 -10.90107 -10.90327 -10.90599 -10.90896 -10.91430 -10.93099 -10.96925
 -11.03429 -11.11674 -11.20463 -11.30882 -11.50667
 -11.02287 -11.02421 -11.02658 -11.02949 -11.03234 -11.03704 -11.05280 -11.09016
 -11.15450 -11.23624 -11.32310 -11.42575 -11.62157
 -11.15496 -11.15618 -11.15874 -11.16188 -11.16469 -11.16887 -11.18385 -11.22047
 -11.28426 -11.36544 -11.45147 -11.55282 -11.74687
 -11.29865 -11.29982 -11.30246 -11.30571 -11.30851 -11.31249 -11.32716 -11.36347
 -11.42705 -11.50801 -11.59372 -11.69454 -11.88787
 -11.44866 -11.44983 -11.45247 -11.45573 -11.45853 -11.46250 -11.47718 -11.51349
 -11.57706 -11.65803 -11.74373 -11.84456 -12.03788
 -11.59867 -11.59984 -11.60248 -11.60574 -11.60854 -11.61251 -11.62719 -11.66350
 -11.72707 -11.80804 -11.89374 -11.99457 -12.18789
 -11.74866 -11.74983 -11.75247 -11.75573 -11.75853 -11.76250 -11.77718 -11.81349
 -11.87706 -11.95803 -12.04373 -12.14456 -12.33788
 -11.89866 -11.89983 -11.90247 -11.90573 -11.90853 -11.91251 -11.92718 -11.96349
 -12.02706 -12.10803 -12.19373 -12.29456 -12.48788
 -12.04866 -12.04983 -12.05247 -12.05573 -12.05853 -12.06251 -12.07718 -12.11349
 -12.17706 -12.25803 -12.34373 -12.44456 -12.63788
 -12.19866 -12.19983 -12.20247 -12.20573 -12.20853 -12.21250 -12.22718 -12.26349
 -12.32706 -12.40803 -12.49373 -12.59456 -12.78788
 -12.34866 -12.34983 -12.35247 -12.35573 -12.35853 -12.36250 -12.37718 -12.41349
 -12.47706 -12.55803 -12.64373 -12.74456 -12.93788
 -12.49866 -12.49983 -12.50247 -12.50573 -12.50853 -12.51250 -12.52717 -12.56349
 -12.62706 -12.70803 -12.79373 -12.89456 -13.08788
 -12.64866 -12.64983 -12.65247 -12.65573 -12.65853 -12.66250 -12.67717 -12.71349
 -12.77706 -12.85802 -12.94373 -13.04456 -13.23788
 -12.79865 -12.79982 -12.80246 -12.80571 -12.80851 -12.81249 -12.82716 -12.86347
 -12.92705 -13.00801 -13.09372 -13.19454 -13.38787
 -12.94866 -12.94983 -12.95247 -12.95573 -12.95853 -12.96250 -12.97718 -13.01349
 -13.07706 -13.15803 -13.24373 -13.34456 -13.53788
 -13.09867 -13.09984 -13.10248 -13.10574 -13.10854 -13.11251 -13.12719 -13.16350
 -13.22707 -13.30804 -13.39374 -13.49457 -13.68789
 -13.24866 -13.24983 -13.25247 -13.25573 -13.25853 -13.26250 -13.27718 -13.31349
 -13.37706 -13.45803 -13.54373 -13.64456 -13.83788
 -13.39866 -13.39983 -13.40247 -13.40573 -13.40853 -13.41251 -13.42718 -13.46349
 -13.52706 -13.60803 -13.69373 -13.79456 -13.98788
 -13.54866 -13.54983 -13.55247 -13.55573 -13.55853 -13.56251 -13.57718 -13.61349
 -13.67706 -13.75803 -13.84373 -13.94456 -14.13788
 -13.69866 -13.69983 -13.70247 -13.70573 -13.70853 -13.71250 -13.72718 -13.76349
 -13.82706 -13.90803 -13.99373 -14.09456 -14.28788
 -13.84866 -13.84983 -13.85247 -13.85573 -13.85853 -13.86250 -13.87718 -13.91349
 -13.97706 -14.05803 -14.14373 -14.24456 -14.43788
 -13.99866 -13.99983 -14.00247 -14.00573 -14.00853 -14.01250 -14.02717 -14.06349
 -14.12706 -14.20803 -14.29373 -14.39456 -14.58788
 -14.14866 -14.14983 -14.15247 -14.15573 -14.15853 -14.16250 -14.17717 -14.21349
 -14.27706 -14.35802 -14.44373 -14.54456 -14.73788
 ---------------------------------------------------/ Z1= 6   / DATE= 22/07/91
 -10.55083 -10.54836 -10.54320 -10.53499 -10.52391 -10.50934 -10.47603 -10.39593
 -10.23975  -9.96299  -9.50788  -8.82063  -7.92683
 -10.64054 -10.63842 -10.63409 -10.62703 -10.61692 -10.60284 -10.57224 -10.50243
 -10.36944 -10.13179  -9.73282  -9.11910  -8.30592
 -10.73027 -10.72850 -10.72500 -10.71908 -10.70995 -10.69636 -10.66847 -10.60896
 -10.49915 -10.30064  -9.95780  -9.41763  -8.68507
 -10.81981 -10.81841 -10.81574 -10.81096 -10.80281 -10.78972 -10.76456 -10.71533
 -10.62869 -10.46927 -10.18252  -9.71588  -9.06395
 -10.90375 -10.90271 -10.90091 -10.89737 -10.89041 -10.87817 -10.85607 -10.81712
 -10.75293 -10.63133 -10.39942 -10.00558  -9.43427
 -10.97064 -10.97002 -10.96920 -10.96717 -10.96200 -10.95171 -10.93373 -10.90500
 -10.86111 -10.77350 -10.59260 -10.26942  -9.77872
 -11.00882 -11.00871 -11.00905 -11.00899 -11.00665 -11.00012 -10.98804 -10.96947
 -10.94230 -10.88230 -10.74602 -10.48988 -10.07976
 -11.01072 -11.01125 -11.01302 -11.01553 -11.01725 -11.01666 -11.01273 -11.00490
 -10.99161 -10.95347 -10.85557 -10.66214 -10.33164
 -10.97357 -10.97496 -10.97851 -10.98421 -10.99120 -10.99860 -11.00534 -11.01021
 -11.01128 -10.99366 -10.93119 -10.79630 -10.54248
 -10.89520 -10.89775 -10.90349 -10.91305 -10.92648 -10.94376 -10.96384 -10.98475
 -11.00401 -11.01006 -10.98350 -10.90317 -10.72106
 -10.78451 -10.78843 -10.79663 -10.81044 -10.83094 -10.85913 -10.89419 -10.93373
 -10.97495 -11.00831 -11.01841 -10.98810 -10.87139
 -10.66383 -10.66905 -10.67956 -10.69734 -10.72444 -10.76281 -10.81199 -10.86943
 -10.93222 -10.99210 -11.03615 -11.04982 -10.99173
 -10.55624 -10.56239 -10.57463 -10.59542 -10.62752 -10.67356 -10.73341 -10.80453
 -10.88409 -10.96502 -11.03660 -11.08672 -11.08001
 -10.48414 -10.49056 -10.50353 -10.52571 -10.56009 -10.60953 -10.67407 -10.75127
 -10.83850 -10.93045 -11.01956 -11.09705 -11.13404
 -10.44732 -10.45335 -10.46594 -10.48769 -10.52134 -10.56950 -10.63225 -10.70743
 -10.79276 -10.88532 -10.98163 -11.07716 -11.14967
 -10.41976 -10.42497 -10.43633 -10.45617 -10.48670 -10.53003 -10.58635 -10.65416
 -10.73197 -10.81914 -10.91576 -11.02119 -11.12042
 -10.37466 -10.37889 -10.38848 -10.40530 -10.43100 -10.46714 -10.51435 -10.57243
 -10.64120 -10.72155 -10.81524 -10.92365 -11.04029
 -10.30664 -10.30992 -10.31748 -10.33072 -10.35075 -10.37866 -10.41586 -10.46403
 -10.52481 -10.59962 -10.68962 -10.79607 -10.92196
 -10.23554 -10.23798 -10.24362 -10.25340 -10.26797 -10.28805 -10.31596 -10.35538
 -10.40994 -10.48093 -10.56764 -10.66998 -10.80020
 -10.18235 -10.18414 -10.18829 -10.19542 -10.20581 -10.21989 -10.24077 -10.27390
 -10.32456 -10.39374 -10.47863 -10.57753 -10.71045
 -10.15786 -10.15919 -10.16243 -10.16797 -10.17584 -10.18624 -10.20286 -10.23245
 -10.28152 -10.35071 -10.43554 -10.53294 -10.66865
 -10.16049 -10.16154 -10.16429 -10.16903 -10.17558 -10.18398 -10.19834 -10.22630
 -10.27527 -10.34557 -10.43141 -10.52866 -10.66714
 -10.18794 -10.18883 -10.19137 -10.19578 -10.20172 -10.20911 -10.22234 -10.24970
 -10.29919 -10.37092 -10.45812 -10.55587 -10.69687
 -10.23786 -10.23869 -10.24116 -10.24538 -10.25094 -10.25762 -10.27002 -10.29691
 -10.34672 -10.41943 -10.50761 -10.60584 -10.74886
 -10.30750 -10.30836 -10.31079 -10.31484 -10.31998 -10.32592 -10.33741 -10.36357
 -10.41316 -10.48610 -10.57464 -10.67303 -10.81757
 -10.39365 -10.39462 -10.39706 -10.40096 -10.40570 -10.41097 -10.42158 -10.44691
 -10.49595 -10.56866 -10.65715 -10.75562 -10.90138
 -10.49303 -10.49420 -10.49673 -10.50052 -10.50496 -10.50969 -10.51963 -10.54424
 -10.59266 -10.66495 -10.75326 -10.85190 -10.99881
 -10.60261 -10.60400 -10.60664 -10.61037 -10.61460 -10.61897 -10.62844 -10.65251
 -10.70037 -10.77218 -10.86028 -10.95912 -11.10700
 -10.71954 -10.72104 -10.72373 -10.72741 -10.73148 -10.73558 -10.74468 -10.76829
 -10.81562 -10.88691 -10.97459 -11.07327 -11.22138
 -10.84106 -10.84244 -10.84503 -10.84862 -10.85253 -10.85636 -10.86506 -10.88819
 -10.93500 -11.00569 -11.09264 -11.19036 -11.33743
 -10.96654 -10.96757 -10.96990 -10.97335 -10.97710 -10.98065 -10.98890 -11.01152
 -11.05781 -11.12788 -11.21381 -11.30985 -11.45473
 -11.09792 -11.09853 -11.10057 -11.10387 -11.10749 -11.11078 -11.11863 -11.14079
 -11.18667 -11.25620 -11.34113 -11.43538 -11.57783
 -11.23733 -11.23763 -11.23946 -11.24266 -11.24621 -11.24933 -11.25692 -11.27880
 -11.32442 -11.39362 -11.47788 -11.57088 -11.71160
 -11.38568 -11.38593 -11.38771 -11.39090 -11.39443 -11.39753 -11.40508 -11.42691
 -11.47249 -11.54163 -11.62578 -11.71855 -11.85897
 -11.53567 -11.53592 -11.53770 -11.54089 -11.54442 -11.54752 -11.55507 -11.57690
 -11.62248 -11.69163 -11.77577 -11.86855 -12.00896
 -11.68567 -11.68592 -11.68771 -11.69089 -11.69442 -11.69752 -11.70507 -11.72690
 -11.77248 -11.84163 -11.92577 -12.01855 -12.15896
 -11.83567 -11.83592 -11.83771 -11.84089 -11.84442 -11.84752 -11.85507 -11.87690
 -11.92248 -11.99163 -12.07577 -12.16855 -12.30896
 -11.98567 -11.98592 -11.98771 -11.99089 -11.99442 -11.99752 -12.00507 -12.02690
 -12.07248 -12.14163 -12.22577 -12.31855 -12.45896
 -12.13567 -12.13592 -12.13770 -12.14089 -12.14442 -12.14752 -12.15507 -12.17690
 -12.22248 -12.29162 -12.37577 -12.46854 -12.60896
 -12.28567 -12.28592 -12.28770 -12.29089 -12.29442 -12.29752 -12.30506 -12.32690
 -12.37248 -12.44162 -12.52576 -12.61854 -12.75895
 -12.43567 -12.43591 -12.43770 -12.44089 -12.44442 -12.44751 -12.45506 -12.47690
 -12.52247 -12.59162 -12.67576 -12.76854 -12.90895
 -12.58565 -12.58590 -12.58769 -12.59088 -12.59441 -12.59750 -12.60505 -12.62688
 -12.67246 -12.74161 -12.82575 -12.91853 -13.05894
 -12.73567 -12.73592 -12.73770 -12.74089 -12.74442 -12.74752 -12.75507 -12.77690
 -12.82248 -12.89162 -12.97577 -13.06854 -13.20896
 -12.88568 -12.88593 -12.88771 -12.89090 -12.89443 -12.89753 -12.90508 -12.92691
 -12.97249 -13.04163 -13.12578 -13.21855 -13.35897
 -13.03567 -13.03592 -13.03770 -13.04089 -13.04442 -13.04752 -13.05507 -13.07690
 -13.12248 -13.19163 -13.27577 -13.36855 -13.50896
 -13.18567 -13.18592 -13.18771 -13.19089 -13.19442 -13.19752 -13.20507 -13.22690
 -13.27248 -13.34163 -13.42577 -13.51855 -13.65896
 -13.33567 -13.33592 -13.33771 -13.34089 -13.34442 -13.34752 -13.35507 -13.37690
 -13.42248 -13.49163 -13.57577 -13.66855 -13.80896
 -13.48567 -13.48592 -13.48771 -13.49089 -13.49442 -13.49752 -13.50507 -13.52690
 -13.57248 -13.64163 -13.72577 -13.81855 -13.95896
 -13.63567 -13.63592 -13.63770 -13.64089 -13.64442 -13.64752 -13.65507 -13.67690
 -13.72248 -13.79162 -13.87577 -13.96854 -14.10896
 -13.78567 -13.78592 -13.78770 -13.79089 -13.79442 -13.79752 -13.80506 -13.82690
 -13.87248 -13.94162 -14.02576 -14.11854 -14.25895
 -13.93567 -13.93591 -13.93770 -13.94089 -13.94442 -13.94751 -13.95506 -13.97690
 -14.02247 -14.09162 -14.17576 -14.26854 -14.40895
 ---------------------------------------------------/ Z1= 7   / DATE= 22/07/91
 -10.34341 -10.34176 -10.33622 -10.32562 -10.31216 -10.29867 -10.27970 -10.22400
 -10.09533  -9.85160  -9.43254  -8.77437  -7.85444
 -10.42197 -10.42051 -10.41584 -10.40696 -10.39532 -10.38284 -10.36462 -10.31443
 -10.20193  -9.98991  -9.61982  -9.02899  -8.19118
 -10.50054 -10.49927 -10.49548 -10.48832 -10.47849 -10.46703 -10.44955 -10.40488
 -10.30855 -10.12825  -9.80714  -9.28365  -8.52799
 -10.57911 -10.57803 -10.57512 -10.56967 -10.56166 -10.55121 -10.53448 -10.49532
 -10.41517 -10.26658  -9.99445  -9.53831  -8.86479
 -10.65766 -10.65678 -10.65474 -10.65100 -10.64481 -10.63538 -10.61940 -10.58575
 -10.52177 -10.40489 -10.18173  -9.79293  -9.20154
 -10.73327 -10.73258 -10.73139 -10.72930 -10.72490 -10.71654 -10.70148 -10.67343
 -10.62547 -10.53981 -10.36504 -10.04320  -9.53399
 -10.79444 -10.79393 -10.79343 -10.79272 -10.78995 -10.78296 -10.76959 -10.74765
 -10.71494 -10.65808 -10.52879 -10.27208  -9.84530
 -10.82816 -10.82778 -10.82770 -10.82783 -10.82639 -10.82132 -10.81114 -10.79624
 -10.77737 -10.74468 -10.65538 -10.46029 -10.11642
 -10.82588 -10.82561 -10.82561 -10.82591 -10.82546 -10.82299 -10.81783 -10.81115
 -10.80445 -10.79042 -10.73438 -10.59630 -10.33530
 -10.79247 -10.79232 -10.79224 -10.79235 -10.79265 -10.79316 -10.79412 -10.79650
 -10.80145 -10.80352 -10.77692 -10.69186 -10.51091
 -10.73528 -10.73534 -10.73523 -10.73513 -10.73616 -10.73965 -10.74685 -10.75871
 -10.77617 -10.79543 -10.79812 -10.76300 -10.65612
 -10.66236 -10.66272 -10.66278 -10.66271 -10.66455 -10.67070 -10.68344 -10.70462
 -10.73601 -10.77557 -10.80938 -10.82121 -10.77973
 -10.58381 -10.58451 -10.58483 -10.58495 -10.58757 -10.59586 -10.61303 -10.64237
 -10.68717 -10.74711 -10.81062 -10.86396 -10.87808
 -10.51017 -10.51114 -10.51171 -10.51205 -10.51524 -10.52497 -10.54514 -10.58043
 -10.63566 -10.71204 -10.79956 -10.88601 -10.94508
 -10.45198 -10.45304 -10.45371 -10.45414 -10.45758 -10.46787 -10.48926 -10.52722
 -10.58746 -10.67234 -10.77390 -10.88215 -10.97465
 -10.41386 -10.41480 -10.41535 -10.41568 -10.41894 -10.42886 -10.44957 -10.48643
 -10.54506 -10.62856 -10.73217 -10.84963 -10.96396
 -10.38344 -10.38414 -10.38446 -10.38462 -10.38745 -10.39628 -10.41485 -10.44803
 -10.50093 -10.57708 -10.67519 -10.79298 -10.91953
 -10.34528 -10.34572 -10.34586 -10.34594 -10.34827 -10.35561 -10.37115 -10.39953
 -10.44567 -10.51356 -10.60419 -10.71801 -10.84955
 -10.29134 -10.29158 -10.29168 -10.29187 -10.29382 -10.29950 -10.31165 -10.33533
 -10.37610 -10.43847 -10.52388 -10.63314 -10.76483
 -10.23569 -10.23581 -10.23597 -10.23637 -10.23803 -10.24211 -10.25095 -10.27049
 -10.30739 -10.36681 -10.44929 -10.55449 -10.68386
 -10.19653 -10.19657 -10.19681 -10.19743 -10.19887 -10.20160 -10.20765 -10.22390
 -10.25818 -10.31622 -10.39735 -10.49964 -10.62659
 -10.18722 -10.18722 -10.18751 -10.18828 -10.18954 -10.19129 -10.19536 -10.20935
 -10.24197 -10.29944 -10.38017 -10.48108 -10.60721
 -10.20628 -10.20625 -10.20658 -10.20745 -10.20859 -10.20967 -10.21241 -10.22493
 -10.25661 -10.31400 -10.39496 -10.49565 -10.62228
 -10.24937 -10.24932 -10.24969 -10.25065 -10.25173 -10.25237 -10.25419 -10.26575
 -10.29690 -10.35451 -10.43605 -10.53720 -10.66496
 -10.31216 -10.31208 -10.31249 -10.31357 -10.31468 -10.31500 -10.31609 -10.32687
 -10.35765 -10.41557 -10.49779 -10.59956 -10.72839
 -10.39088 -10.39075 -10.39122 -10.39248 -10.39367 -10.39373 -10.39411 -10.40409
 -10.43445 -10.49260 -10.57537 -10.67754 -10.80696
 -10.48335 -10.48318 -10.48369 -10.48509 -10.48635 -10.48618 -10.48594 -10.49521
 -10.52514 -10.58334 -10.66639 -10.76874 -10.89844
 -10.58771 -10.58752 -10.58803 -10.58945 -10.59065 -10.59027 -10.58962 -10.59840
 -10.62792 -10.68591 -10.76890 -10.87126 -11.00128
 -10.70188 -10.70171 -10.70216 -10.70342 -10.70441 -10.70383 -10.70302 -10.71159
 -10.74076 -10.79823 -10.88076 -10.98297 -11.11346
 -10.82321 -10.82307 -10.82345 -10.82451 -10.82525 -10.82449 -10.82360 -10.83204
 -10.86082 -10.91754 -10.99927 -11.10101 -11.23165
 -10.94893 -10.94880 -10.94916 -10.95013 -10.95074 -10.94982 -10.94875 -10.95688
 -10.98509 -11.04094 -11.12165 -11.22241 -11.35229
 -11.07728 -11.07713 -11.07755 -11.07864 -11.07933 -11.07830 -11.07681 -11.08429
 -11.11172 -11.16669 -11.24627 -11.34552 -11.47344
 -11.20968 -11.20950 -11.21000 -11.21135 -11.21224 -11.21112 -11.20913 -11.21584
 -11.24245 -11.29664 -11.37519 -11.47278 -11.59827
 -11.34809 -11.34788 -11.34847 -11.35004 -11.35114 -11.34997 -11.34757 -11.35365
 -11.37962 -11.43327 -11.51108 -11.60737 -11.73084
 -11.49443 -11.49421 -11.49483 -11.49649 -11.49766 -11.49649 -11.49393 -11.49978
 -11.52554 -11.57901 -11.65658 -11.75241 -11.87515
 -11.64443 -11.64421 -11.64483 -11.64649 -11.64767 -11.64649 -11.64393 -11.64978
 -11.67554 -11.72901 -11.80658 -11.90242 -12.02515
 -11.79443 -11.79421 -11.79483 -11.79649 -11.79767 -11.79649 -11.79393 -11.79978
 -11.82554 -11.87901 -11.95658 -12.05242 -12.17515
 -11.94443 -11.94421 -11.94483 -11.94649 -11.94766 -11.94649 -11.94393 -11.94978
 -11.97554 -12.02901 -12.10658 -12.20241 -12.32515
 -12.09443 -12.09421 -12.09483 -12.09649 -12.09766 -12.09649 -12.09393 -12.09978
 -12.12554 -12.17901 -12.25658 -12.35241 -12.47515
 -12.24443 -12.24421 -12.24483 -12.24649 -12.24766 -12.24649 -12.24393 -12.24978
 -12.27553 -12.32901 -12.40658 -12.50241 -12.62515
 -12.39443 -12.39421 -12.39482 -12.39649 -12.39766 -12.39649 -12.39393 -12.39978
 -12.42553 -12.47901 -12.55658 -12.65241 -12.77514
 -12.54441 -12.54419 -12.54481 -12.54647 -12.54765 -12.54647 -12.54392 -12.54977
 -12.57552 -12.62899 -12.70656 -12.80240 -12.92513
 -12.69443 -12.69421 -12.69483 -12.69649 -12.69766 -12.69649 -12.69393 -12.69978
 -12.72554 -12.77901 -12.85658 -12.95241 -13.07515
 -12.84444 -12.84422 -12.84484 -12.84650 -12.84767 -12.84650 -12.84394 -12.84979
 -12.87554 -12.92902 -13.00659 -13.10242 -13.22516
 -12.99443 -12.99421 -12.99483 -12.99649 -12.99766 -12.99649 -12.99393 -12.99978
 -13.02554 -13.07901 -13.15658 -13.25241 -13.37515
 -13.14443 -13.14421 -13.14483 -13.14649 -13.14767 -13.14649 -13.14393 -13.14978
 -13.17554 -13.22901 -13.30658 -13.40242 -13.52515
 -13.29443 -13.29421 -13.29483 -13.29649 -13.29767 -13.29649 -13.29393 -13.29978
 -13.32554 -13.37901 -13.45658 -13.55242 -13.67515
 -13.44443 -13.44421 -13.44483 -13.44649 -13.44766 -13.44649 -13.44393 -13.44978
 -13.47554 -13.52901 -13.60658 -13.70241 -13.82515
 -13.59443 -13.59421 -13.59483 -13.59649 -13.59766 -13.59649 -13.59393 -13.59978
 -13.62554 -13.67901 -13.75658 -13.85241 -13.97515
 -13.74443 -13.74421 -13.74483 -13.74649 -13.74766 -13.74649 -13.74393 -13.74978
 -13.77553 -13.82901 -13.90658 -14.00241 -14.12515
 -13.89443 -13.89421 -13.89482 -13.89649 -13.89766 -13.89649 -13.89393 -13.89978
 -13.92553 -13.97901 -14.05658 -14.15241 -14.27514
 ---------------------------------------------------/ Z1= 8   / DATE= 22/07/91
 -10.38327 -10.38108 -10.37416 -10.36001 -10.33881 -10.31243 -10.28028 -10.21427
 -10.06916  -9.79931  -9.35820  -8.69873  -7.78324
 -10.43739 -10.43549 -10.42958 -10.41758 -10.39948 -10.37660 -10.34814 -10.28964
 -10.16182  -9.92470  -9.53291  -8.93769  -8.09888
 -10.49153 -10.48991 -10.48501 -10.47515 -10.46015 -10.44078 -10.41601 -10.36501
 -10.25449 -10.05012  -9.70765  -9.17669  -8.41458
 -10.54566 -10.54433 -10.54044 -10.53273 -10.52083 -10.50495 -10.48389 -10.44038
 -10.34717 -10.17553  -9.88238  -9.41569  -8.73027
 -10.59978 -10.59874 -10.59587 -10.59030 -10.58150 -10.56912 -10.55175 -10.51575
 -10.43983 -10.30092 -10.05709  -9.65465  -9.04592
 -10.65390 -10.65315 -10.65129 -10.64787 -10.64217 -10.63329 -10.61962 -10.59112
 -10.53250 -10.42632 -10.23182  -9.89364  -9.36159
 -10.70469 -10.70422 -10.70336 -10.70205 -10.69941 -10.69402 -10.68406 -10.66305
 -10.62162 -10.54790 -10.40238 -10.12834  -9.67333
 -10.73317 -10.73295 -10.73300 -10.73361 -10.73380 -10.73178 -10.72562 -10.71208
 -10.68713 -10.64393 -10.54520 -10.33455  -9.95880
 -10.71584 -10.71582 -10.71657 -10.71869 -10.72124 -10.72234 -10.72018 -10.71408
 -10.70410 -10.68752 -10.63105 -10.48222 -10.19035
 -10.63763 -10.63773 -10.63892 -10.64200 -10.64628 -10.65017 -10.65226 -10.65353
 -10.65647 -10.66114 -10.64061 -10.55106 -10.34857
 -10.52407 -10.52428 -10.52576 -10.52946 -10.53507 -10.54154 -10.54803 -10.55651
 -10.57072 -10.59249 -10.60241 -10.56779 -10.45384
 -10.41292 -10.41328 -10.41510 -10.41941 -10.42630 -10.43529 -10.44617 -10.46161
 -10.48614 -10.52290 -10.55937 -10.57326 -10.53855
 -10.33556 -10.33616 -10.33849 -10.34363 -10.35201 -10.36359 -10.37863 -10.40060
 -10.43496 -10.48610 -10.54636 -10.60051 -10.62867
 -10.29185 -10.29274 -10.29564 -10.30171 -10.31156 -10.32549 -10.34410 -10.37160
 -10.41447 -10.47829 -10.55840 -10.64374 -10.71831
 -10.27182 -10.27295 -10.27634 -10.28315 -10.29413 -10.30977 -10.33087 -10.36224
 -10.41112 -10.48399 -10.57815 -10.68512 -10.79168
 -10.26550 -10.26676 -10.27036 -10.27748 -10.28890 -10.30520 -10.32728 -10.36014
 -10.41134 -10.48773 -10.58823 -10.70680 -10.83305
 -10.26371 -10.26491 -10.26835 -10.27515 -10.28608 -10.30171 -10.32294 -10.35452
 -10.40359 -10.47682 -10.57501 -10.69534 -10.83117
 -10.26084 -10.26187 -10.26489 -10.27092 -10.28067 -10.29462 -10.31359 -10.34183
 -10.38579 -10.45164 -10.54210 -10.65775 -10.79602
 -10.25236 -10.25319 -10.25571 -10.26083 -10.26909 -10.28085 -10.29674 -10.32068
 -10.35861 -10.41637 -10.49814 -10.60704 -10.74374
 -10.23596 -10.23665 -10.23876 -10.24305 -10.24989 -10.25938 -10.27198 -10.29159
 -10.32434 -10.37626 -10.45209 -10.55581 -10.68975
 -10.22030 -10.22087 -10.22265 -10.22625 -10.23184 -10.23925 -10.24870 -10.26442
 -10.29316 -10.34155 -10.41428 -10.51488 -10.64608
 -10.21727 -10.21771 -10.21917 -10.22222 -10.22681 -10.23250 -10.23928 -10.25180
 -10.27760 -10.32403 -10.39548 -10.49454 -10.62371
 -10.23679 -10.23703 -10.23817 -10.24078 -10.24468 -10.24916 -10.25400 -10.26419
 -10.28799 -10.33334 -10.40443 -10.50303 -10.63146
 -10.27875 -10.27876 -10.27958 -10.28188 -10.28536 -10.28909 -10.29265 -10.30128
 -10.32377 -10.36858 -10.43976 -10.53858 -10.66727
 -10.33996 -10.33974 -10.34029 -10.34241 -10.34570 -10.34903 -10.35177 -10.35935
 -10.38100 -10.42554 -10.49698 -10.59630 -10.72569
 -10.41723 -10.41682 -10.41719 -10.41926 -10.42255 -10.42570 -10.42791 -10.43474
 -10.45572 -10.50001 -10.57161 -10.67131 -10.80132
 -10.50759 -10.50708 -10.50739 -10.50953 -10.51294 -10.51604 -10.51784 -10.52399
 -10.54430 -10.58816 -10.65958 -10.75923 -10.88935
 -10.60924 -10.60871 -10.60904 -10.61130 -10.61483 -10.61789 -10.61932 -10.62485
 -10.64449 -10.68781 -10.75885 -10.85816 -10.98801
 -10.72069 -10.72020 -10.72059 -10.72291 -10.72645 -10.72935 -10.73041 -10.73539
 -10.75445 -10.79729 -10.86795 -10.96690 -11.09642
 -10.84035 -10.83996 -10.84040 -10.84266 -10.84597 -10.84854 -10.84916 -10.85368
 -10.87231 -10.91483 -10.98527 -11.08401 -11.21333
 -10.96615 -10.96584 -10.96632 -10.96841 -10.97139 -10.97352 -10.97369 -10.97779
 -10.99607 -11.03832 -11.10851 -11.20694 -11.33582
 -11.09581 -11.09556 -11.09603 -11.09795 -11.10060 -11.10233 -11.10208 -11.10578
 -11.12366 -11.16551 -11.23517 -11.33279 -11.46047
 -11.22766 -11.22740 -11.22781 -11.22961 -11.23207 -11.23353 -11.23295 -11.23623
 -11.25359 -11.29476 -11.36344 -11.45950 -11.58487
 -11.36252 -11.36219 -11.36252 -11.36426 -11.36664 -11.36798 -11.36717 -11.37006
 -11.38685 -11.42724 -11.49471 -11.58889 -11.71146
 -11.50204 -11.50164 -11.50189 -11.50360 -11.50599 -11.50729 -11.50633 -11.50894
 -11.52527 -11.56500 -11.63145 -11.72400 -11.84420
 -11.64791 -11.64747 -11.64769 -11.64939 -11.65179 -11.65309 -11.65208 -11.65457
 -11.67071 -11.71013 -11.77612 -11.86795 -11.98707
 -11.79789 -11.79746 -11.79768 -11.79938 -11.80178 -11.80307 -11.80207 -11.80456
 -11.82069 -11.86012 -11.92611 -12.01794 -12.13706
 -11.94789 -11.94746 -11.94768 -11.94938 -11.95178 -11.95307 -11.95207 -11.95456
 -11.97069 -12.01012 -12.07611 -12.16794 -12.28705
 -12.09789 -12.09746 -12.09768 -12.09938 -12.10178 -12.10307 -12.10207 -12.10456
 -12.12069 -12.16012 -12.22611 -12.31794 -12.43705
 -12.24789 -12.24746 -12.24767 -12.24938 -12.25178 -12.25307 -12.25207 -12.25456
 -12.27069 -12.31012 -12.37611 -12.46793 -12.58705
 -12.39789 -12.39745 -12.39767 -12.39938 -12.40178 -12.40307 -12.40207 -12.40455
 -12.42069 -12.46012 -12.52611 -12.61793 -12.73705
 -12.54788 -12.54744 -12.54766 -12.54936 -12.55176 -12.55306 -12.55205 -12.55454
 -12.57068 -12.61010 -12.67609 -12.76792 -12.88704
 -12.69789 -12.69746 -12.69768 -12.69938 -12.70178 -12.70307 -12.70207 -12.70456
 -12.72069 -12.76012 -12.82611 -12.91794 -13.03705
 -12.84790 -12.84747 -12.84769 -12.84939 -12.85179 -12.85308 -12.85208 -12.85457
 -12.87070 -12.91013 -12.97612 -13.06794 -13.18706
 -12.99789 -12.99746 -12.99768 -12.99938 -13.00178 -13.00307 -13.00207 -13.00456
 -13.02069 -13.06012 -13.12611 -13.21794 -13.33705
 -13.14789 -13.14746 -13.14768 -13.14938 -13.15178 -13.15307 -13.15207 -13.15456
 -13.17069 -13.21012 -13.27611 -13.36794 -13.48706
 -13.29789 -13.29746 -13.29768 -13.29938 -13.30178 -13.30307 -13.30207 -13.30456
 -13.32069 -13.36012 -13.42611 -13.51794 -13.63706
 -13.44789 -13.44746 -13.44768 -13.44938 -13.45178 -13.45307 -13.45207 -13.45456
 -13.47069 -13.51012 -13.57611 -13.66794 -13.78705
 -13.59789 -13.59746 -13.59768 -13.59938 -13.60178 -13.60307 -13.60207 -13.60456
 -13.62069 -13.66012 -13.72611 -13.81794 -13.93705
 -13.74789 -13.74746 -13.74767 -13.74938 -13.75178 -13.75307 -13.75207 -13.75456
 -13.77069 -13.81012 -13.87611 -13.96793 -14.08705
 -13.89789 -13.89745 -13.89767 -13.89938 -13.90178 -13.90307 -13.90207 -13.90455
 -13.92069 -13.96012 -14.02611 -14.11793 -14.23705
 ---------------------------------------------------/ Z1= 9   / DATE= 22/07/91
 -10.16609 -10.16613 -10.16568 -10.16414 -10.16088 -10.15525 -10.14653 -10.13019
 -10.09554  -9.96734  -9.55677  -8.91198  -7.97297
 -10.21608 -10.21612 -10.21568 -10.21414 -10.21088 -10.20524 -10.19653 -10.18019
 -10.14554 -10.02781  -9.66422  -9.08477  -8.22883
 -10.26609 -10.26613 -10.26568 -10.26414 -10.26088 -10.25525 -10.24653 -10.23020
 -10.19554 -10.08831  -9.77168  -9.25760  -8.48475
 -10.31609 -10.31613 -10.31569 -10.31415 -10.31088 -10.30525 -10.29653 -10.28020
 -10.24554 -10.14879  -9.87915  -9.43042  -8.74065
 -10.36609 -10.36613 -10.36568 -10.36414 -10.36088 -10.35525 -10.34653 -10.33020
 -10.29554 -10.20927  -9.98659  -9.60322  -8.99652
 -10.41609 -10.41613 -10.41568 -10.41415 -10.41088 -10.40525 -10.39653 -10.38020
 -10.34554 -10.26976 -10.09405  -9.77603  -9.25241
 -10.46609 -10.46613 -10.46568 -10.46415 -10.46088 -10.45525 -10.44653 -10.43020
 -10.39554 -10.33024 -10.20151  -9.94884  -9.50829
 -10.48982 -10.48984 -10.48972 -10.48926 -10.48791 -10.48459 -10.47812 -10.46466
 -10.43610 -10.38885 -10.30673 -10.11904  -9.76139
 -10.45851 -10.45855 -10.45936 -10.46178 -10.46552 -10.46856 -10.46869 -10.46377
 -10.45180 -10.43431 -10.39636 -10.27098  -9.99492
 -10.38191 -10.38213 -10.38427 -10.39023 -10.40016 -10.41140 -10.42107 -10.42877
 -10.43797 -10.45244 -10.45352 -10.38493 -10.18775
 -10.27220 -10.27286 -10.27652 -10.28569 -10.30106 -10.32038 -10.34115 -10.36382
 -10.39351 -10.43404 -10.46692 -10.44719 -10.32464
 -10.15343 -10.15466 -10.15978 -10.17155 -10.19122 -10.21771 -10.24971 -10.28783
 -10.33570 -10.39591 -10.45398 -10.47523 -10.42077
 -10.05335 -10.05511 -10.06144 -10.07514 -10.09802 -10.13037 -10.17231 -10.22437
 -10.28768 -10.36317 -10.44136 -10.49657 -10.50114
  -9.99516  -9.99726 -10.00435 -10.01927 -10.04432 -10.08088 -10.13027 -10.19306
 -10.26861 -10.35660 -10.45108 -10.53385 -10.58621
  -9.97718  -9.97941  -9.98685 -10.00238 -10.02863 -10.06779 -10.12199 -10.19197
 -10.27626 -10.37365 -10.48016 -10.58382 -10.67255
  -9.98947  -9.99171  -9.99917 -10.01479 -10.04139 -10.08166 -10.13825 -10.21208
 -10.30130 -10.40405 -10.51739 -10.63461 -10.74879
 -10.02214 -10.02429 -10.03157 -10.04685 -10.07304 -10.11308 -10.16986 -10.24435
 -10.33438 -10.43752 -10.55152 -10.67436 -10.80356
 -10.06580 -10.06785 -10.07479 -10.08940 -10.11452 -10.15312 -10.20812 -10.28030
 -10.36694 -10.46496 -10.57306 -10.69350 -10.82817
 -10.11388 -10.11578 -10.12223 -10.13584 -10.15929 -10.19537 -10.24686 -10.31424
 -10.39424 -10.48328 -10.58122 -10.69401 -10.82757
 -10.16064 -10.16232 -10.16810 -10.18037 -10.20156 -10.23418 -10.28070 -10.34136
 -10.41275 -10.49125 -10.57792 -10.68147 -10.81090
 -10.20196 -10.20332 -10.20822 -10.21882 -10.23728 -10.26570 -10.30613 -10.35877
 -10.42080 -10.48926 -10.56630 -10.66219 -10.78763
 -10.24181 -10.24279 -10.24670 -10.25554 -10.27114 -10.29516 -10.32916 -10.37347
 -10.42640 -10.48616 -10.55585 -10.64626 -10.76866
 -10.28679 -10.28740 -10.29038 -10.29760 -10.31067 -10.33074 -10.35889 -10.39566
 -10.44067 -10.49353 -10.55808 -10.64499 -10.76537
 -10.34264 -10.34291 -10.34513 -10.35113 -10.36235 -10.37947 -10.40313 -10.43405
 -10.47309 -10.52114 -10.58266 -10.66782 -10.78720
 -10.41038 -10.41040 -10.41205 -10.41722 -10.42718 -10.44227 -10.46273 -10.48945
 -10.52431 -10.56932 -10.62936 -10.71399 -10.83309
 -10.48951 -10.48937 -10.49068 -10.49529 -10.50438 -10.51804 -10.53625 -10.56005
 -10.59209 -10.63525 -10.69470 -10.77939 -10.89855
 -10.57953 -10.57936 -10.58051 -10.58475 -10.59315 -10.60569 -10.62227 -10.64404
 -10.67419 -10.71611 -10.77518 -10.85990 -10.97906
 -10.67983 -10.67976 -10.68093 -10.68489 -10.69260 -10.70409 -10.71935 -10.73966
 -10.76842 -10.80925 -10.86760 -10.95183 -11.07060
 -10.78935 -10.78943 -10.79071 -10.79444 -10.80148 -10.81200 -10.82617 -10.84538
 -10.87306 -10.91287 -10.97027 -11.05365 -11.17167
 -10.90690 -10.90710 -10.90843 -10.91195 -10.91843 -10.92816 -10.94143 -10.95974
 -10.98653 -11.02545 -11.08198 -11.16447 -11.28157
 -11.03119 -11.03137 -11.03261 -11.03592 -11.04202 -11.05121 -11.06377 -11.08122
 -11.10717 -11.14539 -11.20136 -11.28319 -11.39930
 -11.16043 -11.16051 -11.16159 -11.16470 -11.17056 -11.17937 -11.19130 -11.20791
 -11.23302 -11.27066 -11.32628 -11.40755 -11.52239
 -11.29271 -11.29271 -11.29365 -11.29661 -11.30229 -11.31076 -11.32207 -11.33782
 -11.36207 -11.39916 -11.45444 -11.53495 -11.64794
 -11.42650 -11.42652 -11.42745 -11.43034 -11.43581 -11.44388 -11.45452 -11.46938
 -11.49276 -11.52925 -11.58404 -11.66341 -11.77379
 -11.56268 -11.56278 -11.56380 -11.56667 -11.57193 -11.57959 -11.58959 -11.60364
 -11.62623 -11.66213 -11.71637 -11.79444 -11.90198
 -11.70295 -11.70314 -11.70427 -11.70714 -11.71225 -11.71958 -11.72909 -11.74254
 -11.76455 -11.80000 -11.85377 -11.93077 -12.03598
 -11.84897 -11.84921 -11.85039 -11.85327 -11.85831 -11.86549 -11.87479 -11.88799
 -11.90975 -11.94500 -11.99857 -12.07507 -12.17924
 -11.99894 -11.99918 -12.00037 -12.00325 -12.00829 -12.01547 -12.02477 -12.03796
 -12.05972 -12.09498 -12.14854 -12.22504 -12.32921
 -12.14894 -12.14918 -12.15037 -12.15325 -12.15829 -12.16547 -12.17477 -12.18796
 -12.20972 -12.24498 -12.29854 -12.37504 -12.47921
 -12.29894 -12.29918 -12.30037 -12.30325 -12.30829 -12.31547 -12.32477 -12.33796
 -12.35972 -12.39497 -12.44854 -12.52504 -12.62921
 -12.44894 -12.44918 -12.45037 -12.45325 -12.45829 -12.46547 -12.47477 -12.48796
 -12.50972 -12.54497 -12.59854 -12.67504 -12.77920
 -12.59893 -12.59917 -12.60035 -12.60324 -12.60827 -12.61546 -12.62475 -12.63795
 -12.65971 -12.69496 -12.74853 -12.82503 -12.92919
 -12.74894 -12.74918 -12.75037 -12.75325 -12.75829 -12.76547 -12.77477 -12.78796
 -12.80972 -12.84498 -12.89854 -12.97504 -13.07921
 -12.89895 -12.89919 -12.90038 -12.90326 -12.90830 -12.91548 -12.92478 -12.93797
 -12.95973 -12.99499 -13.04855 -13.12505 -13.22922
 -13.04894 -13.04918 -13.05037 -13.05325 -13.05829 -13.06547 -13.07477 -13.08796
 -13.10972 -13.14498 -13.19854 -13.27504 -13.37921
 -13.19894 -13.19919 -13.20037 -13.20325 -13.20829 -13.21547 -13.22477 -13.23797
 -13.25972 -13.29498 -13.34854 -13.42504 -13.52921
 -13.34894 -13.34919 -13.35037 -13.35325 -13.35829 -13.36547 -13.37477 -13.38797
 -13.40972 -13.44498 -13.49854 -13.57504 -13.67921
 -13.49894 -13.49918 -13.50037 -13.50325 -13.50829 -13.51547 -13.52477 -13.53796
 -13.55972 -13.59498 -13.64854 -13.72504 -13.82921
 -13.64894 -13.64918 -13.65037 -13.65325 -13.65829 -13.66547 -13.67477 -13.68796
 -13.70972 -13.74498 -13.79854 -13.87504 -13.97921
 -13.79894 -13.79918 -13.80037 -13.80325 -13.80829 -13.81547 -13.82477 -13.83796
 -13.85972 -13.89497 -13.94854 -14.02504 -14.12921
 -13.94894 -13.94918 -13.95037 -13.95325 -13.95829 -13.96547 -13.97477 -13.98796
 -14.00972 -14.04497 -14.09854 -14.17504 -14.27920
 ---------------------------------------------------/ Z1=10   / DATE= 22/07/91
  -9.92680  -9.92764  -9.92994  -9.93334  -9.93738  -9.94111  -9.94347  -9.94193
  -9.92814  -9.72442  -9.36684  -8.79991  -7.94662
  -9.97680  -9.97764  -9.97994  -9.98334  -9.98737  -9.99110  -9.99346  -9.99193
  -9.97814  -9.79843  -9.48088  -8.96938  -8.18795
 -10.02680 -10.02764 -10.02994 -10.03334 -10.03738 -10.04111 -10.04347 -10.04193
 -10.02814  -9.87246  -9.59495  -9.13889  -8.42933
 -10.07680 -10.07765 -10.07994 -10.08335 -10.08738 -10.09111 -10.09347 -10.09193
 -10.07815  -9.94648  -9.70901  -9.30838  -8.67069
 -10.12680 -10.12764 -10.12994 -10.13334 -10.13738 -10.14111 -10.14347 -10.14193
 -10.12814 -10.02049  -9.82305  -9.47786  -8.91203
 -10.17680 -10.17764 -10.17994 -10.18334 -10.18738 -10.19111 -10.19347 -10.19193
 -10.17814 -10.09450  -9.93710  -9.64735  -9.15338
 -10.22680 -10.22764 -10.22994 -10.23334 -10.23738 -10.24111 -10.24347 -10.24193
 -10.22814 -10.16852 -10.05115  -9.81683  -9.39473
 -10.27680 -10.27764 -10.27994 -10.28334 -10.28738 -10.29111 -10.29346 -10.29193
 -10.27814 -10.24253 -10.16520  -9.98632  -9.63608
 -10.29093 -10.29205 -10.29552 -10.30149 -10.30979 -10.31898 -10.32729 -10.33202
 -10.32666 -10.31596 -10.27813 -10.15404  -9.87508
 -10.25932 -10.26106 -10.26709 -10.27865 -10.29624 -10.31742 -10.33905 -10.35806
 -10.37180 -10.38593 -10.38450 -10.31136 -10.10028
 -10.21839 -10.22077 -10.22941 -10.24661 -10.27356 -10.30711 -10.34301 -10.37802
 -10.41280 -10.44903 -10.47780 -10.44801 -10.29800
 -10.19821 -10.20099 -10.21125 -10.23182 -10.26438 -10.30585 -10.35195 -10.39959
 -10.45039 -10.50383 -10.55436 -10.55749 -10.45908
 -10.20343 -10.20643 -10.21743 -10.23946 -10.27447 -10.31999 -10.37247 -10.42922
 -10.49097 -10.55698 -10.62187 -10.64863 -10.59234
 -10.23236 -10.23546 -10.24678 -10.26938 -10.30536 -10.35300 -10.40968 -10.47310
 -10.54240 -10.61710 -10.69085 -10.73401 -10.71105
 -10.28212 -10.28529 -10.29686 -10.31991 -10.35669 -10.40604 -10.46593 -10.53433
 -10.60908 -10.68917 -10.76786 -10.82202 -10.82448
 -10.34514 -10.34832 -10.35995 -10.38320 -10.42040 -10.47069 -10.53239 -10.60357
 -10.68121 -10.76324 -10.84321 -10.90387 -10.92527
 -10.41257 -10.41564 -10.42699 -10.44978 -10.48640 -10.53610 -10.59734 -10.66821
 -10.74530 -10.82543 -10.90301 -10.96624 -11.00177
 -10.47559 -10.47840 -10.48890 -10.51019 -10.54460 -10.59139 -10.64904 -10.71568
 -10.78790 -10.86190 -10.93339 -10.99587 -11.04232
 -10.52705 -10.52941 -10.53841 -10.55696 -10.58720 -10.62837 -10.67895 -10.73714
 -10.79993 -10.86379 -10.92592 -10.98517 -11.04078
 -10.56628 -10.56810 -10.57526 -10.59035 -10.61527 -10.64924 -10.69079 -10.73830
 -10.78944 -10.84156 -10.89344 -10.94874 -11.01234
 -10.59420 -10.59550 -10.60086 -10.61249 -10.63201 -10.65870 -10.69128 -10.72842
 -10.76863 -10.81037 -10.85390 -10.90653 -10.97737
 -10.61324 -10.61414 -10.61807 -10.62682 -10.64174 -10.66233 -10.68762 -10.71671
 -10.74900 -10.78400 -10.82315 -10.87584 -10.95346
 -10.63194 -10.63260 -10.63552 -10.64207 -10.65335 -10.66912 -10.68885 -10.71217
 -10.73930 -10.77065 -10.80858 -10.86329 -10.94697
 -10.66036 -10.66093 -10.66327 -10.66831 -10.67683 -10.68892 -10.70451 -10.72376
 -10.74759 -10.77716 -10.81545 -10.87283 -10.96148
 -10.70655 -10.70717 -10.70933 -10.71348 -10.72006 -10.72946 -10.74204 -10.75839
 -10.78000 -10.80856 -10.84750 -10.90710 -10.99937
 -10.77023 -10.77096 -10.77317 -10.77688 -10.78221 -10.78976 -10.80024 -10.81459
 -10.83470 -10.86265 -10.90218 -10.96340 -11.05804
 -10.84898 -10.84980 -10.85209 -10.85557 -10.86018 -10.86660 -10.87573 -10.88872
 -10.90776 -10.93530 -10.97529 -11.03761 -11.13364
 -10.94040 -10.94119 -10.94336 -10.94662 -10.95086 -10.95674 -10.96510 -10.97713
 -10.99530 -11.02242 -11.06266 -11.12563 -11.22230
 -11.04226 -11.04284 -11.04457 -11.04744 -11.05153 -11.05730 -11.06531 -11.07657
 -11.09386 -11.12040 -11.16065 -11.22390 -11.32070
 -11.15308 -11.15336 -11.15449 -11.15689 -11.16093 -11.16682 -11.17470 -11.18531
 -11.20173 -11.22763 -11.26776 -11.33108 -11.42761
 -11.27157 -11.27158 -11.27215 -11.27412 -11.27814 -11.28416 -11.29195 -11.30198
 -11.31763 -11.34299 -11.38303 -11.44632 -11.54232
 -11.39630 -11.39614 -11.39639 -11.39809 -11.40204 -11.40803 -11.41560 -11.42510
 -11.44013 -11.46512 -11.50522 -11.56849 -11.66374
 -11.52538 -11.52517 -11.52528 -11.52684 -11.53066 -11.53648 -11.54372 -11.55270
 -11.56722 -11.59195 -11.63214 -11.69525 -11.78931
 -11.65675 -11.65654 -11.65665 -11.65813 -11.66180 -11.66735 -11.67419 -11.68265
 -11.69668 -11.72115 -11.76129 -11.82388 -11.91605
 -11.78903 -11.78886 -11.78900 -11.79046 -11.79396 -11.79921 -11.80562 -11.81355
 -11.82708 -11.85118 -11.89104 -11.95263 -12.04210
 -11.92372 -11.92358 -11.92379 -11.92523 -11.92858 -11.93353 -11.93955 -11.94702
 -11.96007 -11.98378 -12.02324 -12.08364 -12.17021
 -12.06296 -12.06286 -12.06312 -12.06456 -12.06780 -12.07254 -12.07827 -12.08540
 -12.09811 -12.12151 -12.16061 -12.22002 -12.30426
 -12.20895 -12.20887 -12.20915 -12.21059 -12.21379 -12.21845 -12.22406 -12.23107
 -12.24365 -12.26692 -12.30586 -12.36486 -12.44817
 -12.35895 -12.35887 -12.35915 -12.36059 -12.36379 -12.36845 -12.37406 -12.38107
 -12.39365 -12.41692 -12.45586 -12.51486 -12.59817
 -12.50895 -12.50887 -12.50915 -12.51059 -12.51379 -12.51845 -12.52406 -12.53107
 -12.54365 -12.56692 -12.60586 -12.66486 -12.74817
 -12.65895 -12.65886 -12.65915 -12.66059 -12.66379 -12.66844 -12.67406 -12.68107
 -12.69365 -12.71692 -12.75586 -12.81486 -12.89817
 -12.80894 -12.80885 -12.80913 -12.81058 -12.81377 -12.81843 -12.82405 -12.83105
 -12.84363 -12.86691 -12.90584 -12.96484 -13.04815
 -12.95895 -12.95887 -12.95915 -12.96059 -12.96379 -12.96845 -12.97406 -12.98107
 -12.99365 -13.01692 -13.05586 -13.11486 -13.19817
 -13.10896 -13.10888 -13.10916 -13.11060 -13.11380 -13.11846 -13.12407 -13.13108
 -13.14366 -13.16693 -13.20587 -13.26487 -13.34818
 -13.25895 -13.25887 -13.25915 -13.26059 -13.26379 -13.26845 -13.27406 -13.28107
 -13.29365 -13.31692 -13.35586 -13.41486 -13.49817
 -13.40895 -13.40887 -13.40915 -13.41060 -13.41379 -13.41845 -13.42407 -13.43107
 -13.44365 -13.46692 -13.50586 -13.56486 -13.64817
 -13.55895 -13.55887 -13.55915 -13.56060 -13.56379 -13.56845 -13.57407 -13.58107
 -13.59365 -13.61692 -13.65586 -13.71486 -13.79817
 -13.70895 -13.70887 -13.70915 -13.71059 -13.71379 -13.71845 -13.72406 -13.73107
 -13.74365 -13.76692 -13.80586 -13.86486 -13.94817
 -13.85895 -13.85887 -13.85915 -13.86059 -13.86379 -13.86845 -13.87406 -13.88107
 -13.89365 -13.91692 -13.95586 -14.01486 -14.09817
 -14.00895 -14.00887 -14.00915 -14.01059 -14.01379 -14.01845 -14.02406 -14.03107
 -14.04365 -14.06692 -14.10586 -14.16486 -14.24817
 -14.15895 -14.15886 -14.15915 -14.16059 -14.16379 -14.16844 -14.17406 -14.18107
 -14.19365 -14.21692 -14.25586 -14.31486 -14.39817
 ---------------------------------------------------/ Z1=11   / DATE= 22/07/91
  -9.94476  -9.94457  -9.94398  -9.94359  -9.94372  -9.94139  -9.93171  -9.91024
  -9.87718  -9.83537  -9.78135  -9.64872  -9.33493
 -10.02089 -10.02072 -10.02016 -10.01979 -10.01989 -10.01764 -10.00849  -9.98825
  -9.95700  -9.91722  -9.86550  -9.73924  -9.44191
 -10.09704 -10.09688 -10.09637 -10.09601 -10.09606 -10.09391 -10.08529 -10.06628
 -10.03683  -9.99909  -9.94966  -9.82978  -9.54890
 -10.17319 -10.17304 -10.17256 -10.17222 -10.17224 -10.17018 -10.16208 -10.14430
 -10.11666 -10.08095 -10.03382  -9.92032  -9.65590
 -10.24933 -10.24919 -10.24875 -10.24842 -10.24840 -10.24644 -10.23887 -10.22231
 -10.19648 -10.16280 -10.11797 -10.01084  -9.76288
 -10.32547 -10.32535 -10.32495 -10.32463 -10.32458 -10.32270 -10.31566 -10.30033
 -10.27630 -10.24466 -10.20212 -10.10137  -9.86986
 -10.40162 -10.40151 -10.40114 -10.40084 -10.40075 -10.39896 -10.39244 -10.37835
 -10.35612 -10.32652 -10.28627 -10.19190  -9.97685
 -10.47776 -10.47766 -10.47733 -10.47705 -10.47691 -10.47523 -10.46923 -10.45637
 -10.43594 -10.40838 -10.37043 -10.28243 -10.08383
 -10.55390 -10.55382 -10.55353 -10.55326 -10.55308 -10.55149 -10.54602 -10.53438
 -10.51577 -10.49023 -10.45458 -10.37296 -10.19082
 -10.63004 -10.62997 -10.62972 -10.62946 -10.62925 -10.62775 -10.62281 -10.61240
 -10.59559 -10.57209 -10.53873 -10.46349 -10.29780
 -10.70619 -10.70613 -10.70591 -10.70567 -10.70542 -10.70401 -10.69960 -10.69042
 -10.67541 -10.65395 -10.62289 -10.55402 -10.40479
 -10.78232 -10.78228 -10.78210 -10.78187 -10.78159 -10.78027 -10.77638 -10.76843
 -10.75523 -10.73580 -10.70703 -10.64455 -10.51176
 -10.85847 -10.85844 -10.85830 -10.85809 -10.85776 -10.85654 -10.85318 -10.84645
 -10.83506 -10.81767 -10.79119 -10.73509 -10.61876
 -10.93462 -10.93460 -10.93450 -10.93430 -10.93394 -10.93281 -10.92997 -10.92448
 -10.91489 -10.89953 -10.87535 -10.82562 -10.72575
 -11.01076 -11.01075 -11.01069 -11.01050 -11.01011 -11.00906 -11.00676 -11.00249
 -10.99470 -10.98138 -10.95950 -10.91615 -10.83273
 -11.08686 -11.08687 -11.08684 -11.08667 -11.08623 -11.08528 -11.08350 -11.08043
 -11.07443 -11.06313 -11.04354 -11.00650 -10.93931
 -11.16278 -11.16279 -11.16280 -11.16265 -11.16218 -11.16131 -11.16000 -11.15806
 -11.15373 -11.14436 -11.12704 -11.09605 -11.04408
 -11.23835 -11.23837 -11.23842 -11.23828 -11.23778 -11.23698 -11.23608 -11.23508
 -11.23222 -11.22465 -11.20955 -11.18411 -11.14550
 -11.31341 -11.31345 -11.31352 -11.31340 -11.31288 -11.31213 -11.31152 -11.31124
 -11.30954 -11.30356 -11.29063 -11.27000 -11.24200
 -11.38899 -11.38904 -11.38914 -11.38903 -11.38850 -11.38776 -11.38732 -11.38746
 -11.38658 -11.38194 -11.37108 -11.35440 -11.33389
 -11.46882 -11.46888 -11.46900 -11.46891 -11.46834 -11.46757 -11.46717 -11.46753
 -11.46719 -11.46365 -11.45469 -11.44120 -11.42580
 -11.55702 -11.55709 -11.55724 -11.55715 -11.55651 -11.55564 -11.55517 -11.55559
 -11.55561 -11.55296 -11.54566 -11.53473 -11.52295
 -11.65133 -11.65141 -11.65159 -11.65148 -11.65074 -11.64970 -11.64910 -11.64950
 -11.64978 -11.64786 -11.64192 -11.63310 -11.62424
 -11.73401 -11.73410 -11.73430 -11.73418 -11.73335 -11.73217 -11.73145 -11.73182
 -11.73229 -11.73097 -11.72622 -11.71930 -11.71314
 -11.78508 -11.78516 -11.78536 -11.78524 -11.78440 -11.78322 -11.78249 -11.78287
 -11.78353 -11.78275 -11.77911 -11.77413 -11.77095
 -11.79337 -11.79345 -11.79362 -11.79351 -11.79278 -11.79177 -11.79120 -11.79168
 -11.79251 -11.79225 -11.78977 -11.78690 -11.78716
 -11.76963 -11.76969 -11.76982 -11.76974 -11.76919 -11.76846 -11.76814 -11.76873
 -11.76969 -11.76996 -11.76871 -11.76804 -11.77171
 -11.72794 -11.72798 -11.72806 -11.72801 -11.72766 -11.72724 -11.72717 -11.72780
 -11.72883 -11.72961 -11.72970 -11.73121 -11.73767
 -11.68236 -11.68238 -11.68242 -11.68239 -11.68223 -11.68206 -11.68213 -11.68267
 -11.68366 -11.68495 -11.68654 -11.69006 -11.69808
 -11.64526 -11.64527 -11.64528 -11.64527 -11.64522 -11.64519 -11.64526 -11.64554
 -11.64636 -11.64815 -11.65138 -11.65669 -11.66482
 -11.62500 -11.62499 -11.62498 -11.62499 -11.62503 -11.62506 -11.62503 -11.62493
 -11.62546 -11.62772 -11.63263 -11.63956 -11.64695
 -11.62933 -11.62932 -11.62929 -11.62931 -11.62943 -11.62952 -11.62936 -11.62882
 -11.62898 -11.63160 -11.63811 -11.64657 -11.65311
 -11.66251 -11.66248 -11.66243 -11.66247 -11.66269 -11.66287 -11.66259 -11.66161
 -11.66135 -11.66423 -11.67216 -11.68208 -11.68812
 -11.72023 -11.72020 -11.72012 -11.72018 -11.72051 -11.72078 -11.72042 -11.71903
 -11.71838 -11.72144 -11.73057 -11.74181 -11.74758
 -11.79695 -11.79691 -11.79681 -11.79688 -11.79731 -11.79768 -11.79726 -11.79556
 -11.79459 -11.79780 -11.80791 -11.82019 -11.82567
 -11.88775 -11.88770 -11.88758 -11.88767 -11.88817 -11.88862 -11.88818 -11.88627
 -11.88510 -11.88846 -11.89932 -11.91232 -11.91733
 -11.98925 -11.98919 -11.98906 -11.98915 -11.98971 -11.99025 -11.98981 -11.98778
 -11.98648 -11.98996 -12.00140 -12.01486 -12.01924
 -12.09831 -12.09824 -12.09808 -12.09818 -12.09882 -12.09944 -12.09903 -12.09689
 -12.09548 -12.09907 -12.11096 -12.12474 -12.12837
 -12.21178 -12.21171 -12.21153 -12.21164 -12.21236 -12.21308 -12.21271 -12.21047
 -12.20891 -12.21255 -12.22485 -12.23887 -12.24169
 -12.32921 -12.32912 -12.32892 -12.32904 -12.32986 -12.33071 -12.33038 -12.32799
 -12.32625 -12.32989 -12.34256 -12.35681 -12.35883
 -12.45633 -12.45624 -12.45602 -12.45615 -12.45704 -12.45799 -12.45769 -12.45519
 -12.45329 -12.45690 -12.46984 -12.48427 -12.48570
 -12.59946 -12.59936 -12.59914 -12.59928 -12.60019 -12.60118 -12.60088 -12.59835
 -12.59639 -12.59999 -12.61301 -12.62749 -12.62874
 -12.74948 -12.74938 -12.74915 -12.74930 -12.75021 -12.75119 -12.75090 -12.74836
 -12.74640 -12.75001 -12.76302 -12.77750 -12.77875
 -12.89949 -12.89939 -12.89916 -12.89930 -12.90022 -12.90120 -12.90091 -12.89837
 -12.89641 -12.90002 -12.91303 -12.92751 -12.92876
 -13.04948 -13.04938 -13.04915 -13.04930 -13.05021 -13.05119 -13.05090 -13.04836
 -13.04640 -13.05001 -13.06302 -13.07751 -13.07875
 -13.19948 -13.19938 -13.19916 -13.19930 -13.20021 -13.20119 -13.20090 -13.19836
 -13.19640 -13.20001 -13.21303 -13.22751 -13.22875
 -13.34948 -13.34938 -13.34916 -13.34930 -13.35021 -13.35119 -13.35090 -13.34836
 -13.34640 -13.35001 -13.36303 -13.37751 -13.37875
 -13.49948 -13.49938 -13.49915 -13.49930 -13.50021 -13.50119 -13.50090 -13.49836
 -13.49640 -13.50001 -13.51302 -13.52751 -13.52875
 -13.64948 -13.64938 -13.64915 -13.64929 -13.65021 -13.65119 -13.65090 -13.64836
 -13.64640 -13.65001 -13.66302 -13.67750 -13.67875
 -13.79948 -13.79938 -13.79915 -13.79929 -13.80021 -13.80119 -13.80090 -13.79836
 -13.79640 -13.80001 -13.81302 -13.82750 -13.82875
 -13.94948 -13.94938 -13.94915 -13.94929 -13.95021 -13.95119 -13.95090 -13.94836
 -13.94640 -13.95001 -13.96302 -13.97750 -13.97875
 ---------------------------------------------------/ Z1=12   / DATE= 22/07/91
  -9.81779  -9.81788  -9.81837  -9.81821  -9.81622  -9.81249  -9.80863  -9.80613
  -9.80073  -9.78150  -9.73718  -9.65729  -9.53223
  -9.88593  -9.88602  -9.88649  -9.88634  -9.88443  -9.88086  -9.87717  -9.87479
  -9.86961  -9.85117  -9.80865  -9.73203  -9.61221
  -9.95409  -9.95418  -9.95462  -9.95448  -9.95266  -9.94925  -9.94572  -9.94346
  -9.93852  -9.92086  -9.88013  -9.80678  -9.69221
 -10.02224 -10.02233 -10.02275 -10.02262 -10.02089 -10.01763 -10.01428 -10.01212
 -10.00741  -9.99054  -9.95160  -9.88153  -9.77220
 -10.09039 -10.09047 -10.09088 -10.09075 -10.08910 -10.08601 -10.08282 -10.08078
 -10.07630 -10.06021 -10.02307  -9.95627  -9.85219
 -10.15854 -10.15861 -10.15900 -10.15889 -10.15733 -10.15439 -10.15137 -10.14944
 -10.14520 -10.12989 -10.09454 -10.03101  -9.93218
 -10.22669 -10.22676 -10.22713 -10.22703 -10.22555 -10.22277 -10.21992 -10.21811
 -10.21409 -10.19957 -10.16601 -10.10575 -10.01217
 -10.29484 -10.29491 -10.29526 -10.29516 -10.29377 -10.29115 -10.28847 -10.28677
 -10.28298 -10.26925 -10.23748 -10.18050 -10.09216
 -10.36299 -10.36305 -10.36338 -10.36330 -10.36199 -10.35954 -10.35701 -10.35543
 -10.35188 -10.33893 -10.30895 -10.25524 -10.17215
 -10.43114 -10.43120 -10.43151 -10.43143 -10.43021 -10.42792 -10.42556 -10.42409
 -10.42077 -10.40861 -10.38042 -10.32998 -10.25214
 -10.49929 -10.49934 -10.49964 -10.49957 -10.49843 -10.49630 -10.49411 -10.49275
 -10.48966 -10.47828 -10.45189 -10.40472 -10.33213
 -10.56743 -10.56748 -10.56776 -10.56770 -10.56665 -10.56467 -10.56265 -10.56141
 -10.55855 -10.54796 -10.52336 -10.47946 -10.41212
 -10.63559 -10.63564 -10.63589 -10.63584 -10.63487 -10.63306 -10.63121 -10.63008
 -10.62745 -10.61764 -10.59484 -10.55421 -10.49212
 -10.70374 -10.70379 -10.70402 -10.70398 -10.70310 -10.70144 -10.69976 -10.69875
 -10.69635 -10.68733 -10.66631 -10.62896 -10.57211
 -10.77189 -10.77193 -10.77215 -10.77211 -10.77132 -10.76982 -10.76831 -10.76741
 -10.76524 -10.75700 -10.73778 -10.70370 -10.65210
 -10.84004 -10.84007 -10.84027 -10.84025 -10.83954 -10.83820 -10.83685 -10.83607
 -10.83413 -10.82668 -10.80925 -10.77844 -10.73209
 -10.90819 -10.90822 -10.90840 -10.90838 -10.90776 -10.90658 -10.90540 -10.90473
 -10.90302 -10.89636 -10.88072 -10.85318 -10.81208
 -10.97634 -10.97637 -10.97653 -10.97652 -10.97598 -10.97496 -10.97395 -10.97339
 -10.97191 -10.96603 -10.95219 -10.92793 -10.89207
 -11.04449 -11.04451 -11.04465 -11.04465 -11.04420 -11.04335 -11.04250 -11.04205
 -11.04081 -11.03571 -11.02366 -11.00267 -10.97206
 -11.11265 -11.11268 -11.11280 -11.11280 -11.11244 -11.11174 -11.11106 -11.11073
 -11.10972 -11.10541 -11.09515 -11.07743 -11.05206
 -11.18151 -11.18153 -11.18162 -11.18162 -11.18133 -11.18079 -11.18028 -11.18005
 -11.17926 -11.17572 -11.16723 -11.15272 -11.13242
 -11.25251 -11.25252 -11.25255 -11.25250 -11.25225 -11.25185 -11.25149 -11.25136
 -11.25076 -11.24795 -11.24117 -11.22968 -11.21390
 -11.32703 -11.32702 -11.32693 -11.32675 -11.32649 -11.32620 -11.32598 -11.32592
 -11.32546 -11.32331 -11.31814 -11.30935 -11.29717
 -11.40112 -11.40108 -11.40084 -11.40048 -11.40016 -11.39995 -11.39985 -11.39982
 -11.39945 -11.39787 -11.39418 -11.38775 -11.37820
 -11.46427 -11.46422 -11.46385 -11.46334 -11.46296 -11.46281 -11.46277 -11.46273
 -11.46240 -11.46132 -11.45900 -11.45467 -11.44720
 -11.50580 -11.50575 -11.50535 -11.50481 -11.50443 -11.50431 -11.50427 -11.50416
 -11.50383 -11.50320 -11.50215 -11.49976 -11.49421
 -11.52344 -11.52339 -11.52307 -11.52264 -11.52235 -11.52225 -11.52216 -11.52193
 -11.52156 -11.52131 -11.52142 -11.52088 -11.51729
 -11.52566 -11.52563 -11.52544 -11.52519 -11.52503 -11.52498 -11.52484 -11.52445
 -11.52398 -11.52404 -11.52519 -11.52639 -11.52471
 -11.52165 -11.52164 -11.52156 -11.52148 -11.52150 -11.52155 -11.52140 -11.52084
 -11.52020 -11.52045 -11.52253 -11.52535 -11.52545
 -11.52052 -11.52051 -11.52048 -11.52051 -11.52070 -11.52095 -11.52088 -11.52016
 -11.51925 -11.51955 -11.52243 -11.52674 -11.52838
 -11.52911 -11.52910 -11.52903 -11.52908 -11.52942 -11.52992 -11.53001 -11.52917
 -11.52798 -11.52825 -11.53178 -11.53734 -11.54019
 -11.55154 -11.55152 -11.55140 -11.55141 -11.55184 -11.55250 -11.55273 -11.55188
 -11.55055 -11.55086 -11.55487 -11.56128 -11.56493
 -11.59168 -11.59165 -11.59152 -11.59150 -11.59189 -11.59252 -11.59278 -11.59203
 -11.59092 -11.59150 -11.59578 -11.60246 -11.60638
 -11.65054 -11.65052 -11.65043 -11.65041 -11.65065 -11.65106 -11.65120 -11.65069
 -11.65009 -11.65114 -11.65552 -11.66195 -11.66572
 -11.72561 -11.72560 -11.72557 -11.72556 -11.72565 -11.72579 -11.72579 -11.72549
 -11.72541 -11.72691 -11.73130 -11.73733 -11.74080
 -11.81417 -11.81417 -11.81416 -11.81417 -11.81419 -11.81420 -11.81413 -11.81389
 -11.81402 -11.81571 -11.82012 -11.82598 -11.82931
 -11.91316 -11.91316 -11.91315 -11.91316 -11.91322 -11.91329 -11.91323 -11.91290
 -11.91286 -11.91441 -11.91883 -11.92484 -11.92828
 -12.01913 -12.01912 -12.01908 -12.01909 -12.01924 -12.01945 -12.01945 -12.01899
 -12.01863 -12.01987 -12.02415 -12.03028 -12.03400
 -12.12858 -12.12857 -12.12851 -12.12851 -12.12872 -12.12903 -12.12910 -12.12859
 -12.12803 -12.12893 -12.13279 -12.13864 -12.14269
 -12.23822 -12.23821 -12.23815 -12.23814 -12.23831 -12.23858 -12.23867 -12.23831
 -12.23790 -12.23862 -12.24164 -12.24648 -12.25077
 -12.35068 -12.35067 -12.35064 -12.35062 -12.35066 -12.35074 -12.35081 -12.35077
 -12.35084 -12.35156 -12.35348 -12.35676 -12.36116
 -12.47578 -12.47578 -12.47578 -12.47575 -12.47567 -12.47558 -12.47560 -12.47584
 -12.47636 -12.47715 -12.47822 -12.48024 -12.48467
 -12.62121 -12.62121 -12.62121 -12.62118 -12.62108 -12.62095 -12.62096 -12.62126
 -12.62188 -12.62269 -12.62358 -12.62535 -12.62978
 -12.77122 -12.77122 -12.77122 -12.77119 -12.77108 -12.77096 -12.77097 -12.77127
 -12.77189 -12.77270 -12.77359 -12.77536 -12.77979
 -12.92121 -12.92121 -12.92121 -12.92118 -12.92108 -12.92095 -12.92096 -12.92126
 -12.92188 -12.92269 -12.92358 -12.92535 -12.92978
 -13.07121 -13.07121 -13.07122 -13.07118 -13.07108 -13.07095 -13.07096 -13.07126
 -13.07188 -13.07269 -13.07359 -13.07535 -13.07978
 -13.22121 -13.22121 -13.22122 -13.22118 -13.22108 -13.22095 -13.22096 -13.22126
 -13.22188 -13.22269 -13.22359 -13.22535 -13.22978
 -13.37121 -13.37121 -13.37121 -13.37118 -13.37108 -13.37095 -13.37096 -13.37126
 -13.37188 -13.37269 -13.37359 -13.37535 -13.37978
 -13.52121 -13.52121 -13.52121 -13.52118 -13.52108 -13.52095 -13.52096 -13.52126
 -13.52188 -13.52269 -13.52358 -13.52535 -13.52978
 -13.67121 -13.67121 -13.67121 -13.67118 -13.67107 -13.67095 -13.67096 -13.67126
 -13.67188 -13.67269 -13.67358 -13.67535 -13.67978
 -13.82121 -13.82121 -13.82121 -13.82118 -13.82107 -13.82095 -13.82096 -13.82126
 -13.82188 -13.82269 -13.82358 -13.82534 -13.82978
 ---------------------------------------------------/ Z1=13   / DATE= 22/07/91
  -9.69322  -9.69319  -9.69267  -9.69240  -9.69365  -9.69646  -9.69825  -9.69603
  -9.68599  -9.66240  -9.61925  -9.54838  -9.43679
  -9.76370  -9.76368  -9.76318  -9.76293  -9.76411  -9.76677  -9.76845  -9.76633
  -9.75674  -9.73415  -9.69275  -9.62469  -9.51761
  -9.83420  -9.83418  -9.83371  -9.83347  -9.83459  -9.83710  -9.83867  -9.83664
  -9.82750  -9.80591  -9.76625  -9.70102  -9.59846
  -9.90470  -9.90468  -9.90424  -9.90401  -9.90506  -9.90742  -9.90889  -9.90694
  -9.89826  -9.87767  -9.83976  -9.77734  -9.67930
  -9.97518  -9.97517  -9.97475  -9.97454  -9.97552  -9.97773  -9.97909  -9.97724
  -9.96901  -9.94942  -9.91326  -9.85366  -9.76013
 -10.04568 -10.04566 -10.04528 -10.04508 -10.04599 -10.04805 -10.04931 -10.04755
 -10.03976 -10.02118  -9.98676  -9.92997  -9.84097
 -10.11617 -10.11615 -10.11580 -10.11561 -10.11646 -10.11837 -10.11952 -10.11785
 -10.11052 -10.09293 -10.06026 -10.00629  -9.92180
 -10.18666 -10.18664 -10.18632 -10.18615 -10.18693 -10.18868 -10.18973 -10.18815
 -10.18127 -10.16469 -10.13376 -10.08261 -10.00264
 -10.25715 -10.25714 -10.25684 -10.25668 -10.25740 -10.25900 -10.25994 -10.25845
 -10.25203 -10.23644 -10.20726 -10.15893 -10.08347
 -10.32764 -10.32763 -10.32736 -10.32722 -10.32787 -10.32932 -10.33015 -10.32876
 -10.32278 -10.30819 -10.28075 -10.23524 -10.16430
 -10.39813 -10.39812 -10.39788 -10.39775 -10.39833 -10.39963 -10.40036 -10.39906
 -10.39353 -10.37995 -10.35425 -10.31156 -10.24514
 -10.46862 -10.46861 -10.46839 -10.46828 -10.46880 -10.46994 -10.47057 -10.46936
 -10.46428 -10.45170 -10.42775 -10.38787 -10.32597
 -10.53912 -10.53911 -10.53892 -10.53882 -10.53927 -10.54027 -10.54078 -10.53967
 -10.53504 -10.52346 -10.50126 -10.46420 -10.40681
 -10.60961 -10.60961 -10.60945 -10.60936 -10.60975 -10.61059 -10.61100 -10.60997
 -10.60580 -10.59522 -10.57476 -10.54052 -10.48765
 -10.68010 -10.68010 -10.67996 -10.67989 -10.68021 -10.68090 -10.68121 -10.68027
 -10.67655 -10.66697 -10.64826 -10.61683 -10.56848
 -10.75059 -10.75059 -10.75048 -10.75043 -10.75068 -10.75122 -10.75142 -10.75058
 -10.74731 -10.73873 -10.72176 -10.69315 -10.64932
 -10.82109 -10.82108 -10.82100 -10.82096 -10.82115 -10.82154 -10.82163 -10.82088
 -10.81806 -10.81048 -10.79526 -10.76947 -10.73015
 -10.89158 -10.89157 -10.89152 -10.89150 -10.89162 -10.89185 -10.89184 -10.89118
 -10.88881 -10.88224 -10.86876 -10.84579 -10.81099
 -10.96207 -10.96207 -10.96205 -10.96203 -10.96209 -10.96217 -10.96205 -10.96148
 -10.95957 -10.95399 -10.94226 -10.92210 -10.89182
 -11.03256 -11.03256 -11.03257 -11.03257 -11.03255 -11.03248 -11.03226 -11.03179
 -11.03032 -11.02575 -11.01576 -10.99842 -10.97266
 -11.10307 -11.10307 -11.10311 -11.10312 -11.10304 -11.10282 -11.10250 -11.10211
 -11.10109 -11.09751 -11.08926 -11.07474 -11.05348
 -11.17380 -11.17381 -11.17386 -11.17389 -11.17376 -11.17343 -11.17303 -11.17272
 -11.17207 -11.16939 -11.16281 -11.15105 -11.13410
 -11.24508 -11.24508 -11.24514 -11.24517 -11.24503 -11.24468 -11.24428 -11.24401
 -11.24356 -11.24157 -11.23651 -11.22739 -11.21431
 -11.31718 -11.31719 -11.31722 -11.31724 -11.31715 -11.31692 -11.31661 -11.31631
 -11.31582 -11.31419 -11.31043 -11.30375 -11.29387
 -11.39024 -11.39024 -11.39024 -11.39024 -11.39024 -11.39020 -11.39005 -11.38971
 -11.38899 -11.38750 -11.38482 -11.38031 -11.37293
 -11.46431 -11.46431 -11.46428 -11.46426 -11.46434 -11.46449 -11.46450 -11.46411
 -11.46319 -11.46181 -11.46005 -11.45738 -11.45187
 -11.53946 -11.53945 -11.53941 -11.53938 -11.53950 -11.53974 -11.53983 -11.53945
 -11.53850 -11.53736 -11.53644 -11.53522 -11.53104
 -11.61580 -11.61580 -11.61576 -11.61573 -11.61584 -11.61608 -11.61618 -11.61585
 -11.61504 -11.61427 -11.61410 -11.61397 -11.61071
 -11.69354 -11.69354 -11.69350 -11.69349 -11.69357 -11.69375 -11.69383 -11.69355
 -11.69293 -11.69254 -11.69300 -11.69366 -11.69106
 -11.77285 -11.77285 -11.77282 -11.77281 -11.77287 -11.77300 -11.77303 -11.77278
 -11.77230 -11.77219 -11.77311 -11.77436 -11.77230
 -11.85388 -11.85388 -11.85385 -11.85384 -11.85390 -11.85402 -11.85404 -11.85376
 -11.85326 -11.85322 -11.85440 -11.85613 -11.85460
 -11.93654 -11.93654 -11.93651 -11.93649 -11.93657 -11.93673 -11.93675 -11.93641
 -11.93577 -11.93565 -11.93692 -11.93901 -11.93803
 -12.02064 -12.02064 -12.02060 -12.02058 -12.02068 -12.02087 -12.02091 -12.02051
 -12.01974 -12.01950 -12.02079 -12.02310 -12.02260
 -12.10606 -12.10606 -12.10601 -12.10599 -12.10609 -12.10630 -12.10635 -12.10593
 -12.10513 -12.10486 -12.10614 -12.10854 -12.10836
 -12.19371 -12.19371 -12.19367 -12.19365 -12.19374 -12.19394 -12.19398 -12.19359
 -12.19286 -12.19264 -12.19392 -12.19628 -12.19629
 -12.28513 -12.28513 -12.28510 -12.28508 -12.28516 -12.28533 -12.28536 -12.28502
 -12.28439 -12.28425 -12.28549 -12.28774 -12.28786
 -12.38153 -12.38153 -12.38150 -12.38148 -12.38155 -12.38170 -12.38173 -12.38143
 -12.38087 -12.38078 -12.38194 -12.38404 -12.38422
 -12.48110 -12.48110 -12.48107 -12.48105 -12.48112 -12.48125 -12.48128 -12.48101
 -12.48050 -12.48041 -12.48146 -12.48336 -12.48358
 -12.58030 -12.58030 -12.58027 -12.58026 -12.58032 -12.58044 -12.58046 -12.58022
 -12.57976 -12.57967 -12.58057 -12.58222 -12.58246
 -12.67558 -12.67558 -12.67556 -12.67555 -12.67559 -12.67569 -12.67571 -12.67551
 -12.67515 -12.67507 -12.67579 -12.67712 -12.67735
 -12.76484 -12.76484 -12.76482 -12.76482 -12.76485 -12.76490 -12.76492 -12.76480
 -12.76459 -12.76457 -12.76509 -12.76602 -12.76621
 -12.85951 -12.85951 -12.85951 -12.85950 -12.85951 -12.85953 -12.85953 -12.85950
 -12.85945 -12.85953 -12.85987 -12.86040 -12.86055
 -12.97840 -12.97840 -12.97840 -12.97841 -12.97840 -12.97839 -12.97839 -12.97841
 -12.97847 -12.97860 -12.97884 -12.97914 -12.97926
 -13.12660 -13.12660 -13.12660 -13.12661 -13.12660 -13.12659 -13.12659 -13.12661
 -13.12667 -13.12681 -13.12704 -13.12733 -13.12745
 -13.27659 -13.27659 -13.27660 -13.27660 -13.27659 -13.27658 -13.27658 -13.27660
 -13.27666 -13.27680 -13.27703 -13.27732 -13.27744
 -13.42659 -13.42659 -13.42660 -13.42660 -13.42659 -13.42658 -13.42658 -13.42660
 -13.42666 -13.42680 -13.42703 -13.42732 -13.42744
 -13.57659 -13.57659 -13.57660 -13.57660 -13.57659 -13.57658 -13.57658 -13.57660
 -13.57666 -13.57680 -13.57703 -13.57732 -13.57744
 -13.72659 -13.72659 -13.72660 -13.72660 -13.72659 -13.72658 -13.72658 -13.72660
 -13.72666 -13.72680 -13.72703 -13.72732 -13.72744
 -13.87659 -13.87659 -13.87659 -13.87660 -13.87659 -13.87658 -13.87658 -13.87660
 -13.87666 -13.87680 -13.87703 -13.87732 -13.87744
 -14.02659 -14.02659 -14.02659 -14.02659 -14.02659 -14.02658 -14.02658 -14.02660
 -14.02666 -14.02680 -14.02703 -14.02732 -14.02744
 -14.17659 -14.17659 -14.17659 -14.17659 -14.17659 -14.17658 -14.17658 -14.17660
 -14.17666 -14.17679 -14.17703 -14.17731 -14.17743
 
C---------------------------------------------------------------------------------
C ADAS ADF11 DATA - SCCS info: @(#)$Header: /home/adascvs/adas/adf11/acd74/acd74_al.dat,v 2.1 2004/07/06 23:59:45 whitefor Exp $ Date $Date: 2004/07/06 23:59:45 $
C---------------------------------------------------------------------------------
