    6   13   51    1    6     /CARBON         / HPS74 matched to A-R Te 12/11/90
 -------------------------------------------------------------------------------
   4.00000   5.00000   6.00000   7.00000   8.00000   9.00000  10.00000  11.00000
  12.00000  13.00000  14.00000  15.00000  16.00000
  -0.06466   0.03533   0.13534   0.23535   0.33534   0.43534   0.53534   0.63534
   0.73534   0.83534   0.93534   1.03533   1.13534   1.23535   1.33534   1.43534
   1.53534   1.63534   1.73534   1.83534   1.93534   2.03533   2.13534   2.23535
   2.33534   2.43534   2.53534   2.63534   2.73534   2.83534   2.93534   3.03533
   3.13534   3.23535   3.33534   3.43534   3.53534   3.63534   3.73534   3.83534
   3.93534   4.03533   4.13534   4.23535   4.33534   4.43534   4.53534   4.63534
   4.73534   4.83534   4.93534
 ---------------------------------------------------/ Z1= 1   / DATE= 12/11/90
 -12.79539 -12.72357 -12.68308 -12.70393 -12.75430 -12.78687 -12.76343 -12.68207
 -12.54997 -12.37541 -12.17117 -11.95115 -11.69837
 -12.29297 -12.23430 -12.21384 -12.26437 -12.35751 -12.44958 -12.50486 -12.51933
 -12.49692 -12.43864 -12.33388 -12.16916 -11.91173
 -11.80647 -11.75494 -11.74371 -11.80642 -11.92022 -12.04815 -12.16070 -12.25823
 -12.34852 -12.42870 -12.45310 -12.36536 -12.10621
 -11.39549 -11.34836 -11.34152 -11.40847 -11.53118 -11.67872 -11.82819 -11.98867
 -12.17726 -12.39085 -12.54566 -12.53769 -12.27750
 -11.10506 -11.06222 -11.05985 -11.13101 -11.25956 -11.41706 -11.58484 -11.78321
 -12.04226 -12.36247 -12.62596 -12.68530 -12.42302
 -10.92053 -10.88200 -10.88465 -10.96099 -11.09420 -11.25513 -11.42704 -11.64279
 -11.94762 -12.34838 -12.69822 -12.81189 -12.54725
 -10.81196 -10.77722 -10.78477 -10.86649 -11.00329 -11.16336 -11.33036 -11.54995
 -11.88329 -12.34505 -12.76397 -12.92232 -12.65641
 -10.74936 -10.71742 -10.72906 -10.81559 -10.95505 -11.11218 -11.27034 -11.48724
 -11.83920 -12.34894 -12.82479 -13.02147 -12.75674
 -10.70882 -10.67832 -10.69277 -10.78292 -10.92421 -11.07823 -11.22789 -11.44139
 -11.80819 -12.35820 -12.88285 -13.11401 -12.85376
 -10.68978 -10.65980 -10.67596 -10.76860 -10.91101 -11.06220 -11.20475 -11.41538
 -11.79435 -12.37750 -12.94282 -13.20390 -12.95013
 -10.69735 -10.66758 -10.68473 -10.77891 -10.92184 -11.07065 -11.20767 -11.41614
 -11.80450 -12.41310 -13.00993 -13.29490 -13.04781
 -10.73432 -10.70491 -10.72260 -10.81751 -10.96044 -11.10735 -11.24056 -11.44766
 -11.84255 -12.46866 -13.08729 -13.38925 -13.14787
 -10.79413 -10.76513 -10.78296 -10.87774 -11.01996 -11.16517 -11.29584 -11.50208
 -11.90088 -12.53741 -13.16947 -13.48305 -13.24786
 -10.86787 -10.83910 -10.85659 -10.95029 -11.09086 -11.23415 -11.36305 -11.56861
 -11.96894 -12.60994 -13.24888 -13.57084 -13.34438
 -10.94914 -10.92025 -10.93695 -11.02863 -11.16657 -11.30748 -11.43493 -11.63975
 -12.03961 -12.68046 -13.32153 -13.65033 -13.43630
 -11.04193 -11.01270 -11.02841 -11.11775 -11.25274 -11.39124 -11.51754 -11.72162
 -12.11990 -12.75797 -13.39828 -13.73244 -13.53182
 -11.15287 -11.12328 -11.13815 -11.22555 -11.35815 -11.49478 -11.62033 -11.82385
 -12.22044 -12.85527 -13.49377 -13.83142 -13.64152
 -11.28858 -11.25883 -11.27336 -11.35996 -11.49159 -11.62748 -11.75276 -11.95605
 -12.35187 -12.98517 -13.62267 -13.96155 -13.77598
 -11.43858 -11.40883 -11.42336 -11.50996 -11.64159 -11.77748 -11.90276 -12.10605
 -12.50187 -13.13517 -13.77267 -14.11155 -13.92598
 -11.58858 -11.55883 -11.57336 -11.65996 -11.79158 -11.92748 -12.05276 -12.25605
 -12.65187 -13.28517 -13.92267 -14.26155 -14.07597
 -11.73858 -11.70883 -11.72336 -11.80996 -11.94158 -12.07748 -12.20275 -12.40605
 -12.80187 -13.43517 -14.07267 -14.41155 -14.22597
 -11.88857 -11.85881 -11.87334 -11.95995 -12.09157 -12.22746 -12.35274 -12.55604
 -12.95186 -13.58515 -14.22265 -14.56154 -14.37596
 -12.03858 -12.00883 -12.02336 -12.10996 -12.24159 -12.37748 -12.50276 -12.70605
 -13.10187 -13.73517 -14.37267 -14.71155 -14.52598
 -12.18859 -12.15884 -12.17337 -12.25997 -12.39160 -12.52749 -12.65277 -12.85606
 -13.25188 -13.88518 -14.52268 -14.86156 -14.67598
 -12.33858 -12.30883 -12.32336 -12.40996 -12.54159 -12.67748 -12.80276 -13.00605
 -13.40187 -14.03517 -14.67267 -15.01155 -14.82598
 -12.48858 -12.45883 -12.47336 -12.55996 -12.69159 -12.82748 -12.95276 -13.15606
 -13.55188 -14.18517 -14.82267 -15.16156 -14.97598
 -12.63858 -12.60883 -12.62336 -12.70996 -12.84159 -12.97748 -13.10276 -13.30606
 -13.70188 -14.33517 -14.97267 -15.31156 -15.12598
 -12.78858 -12.75883 -12.77336 -12.85996 -12.99159 -13.12748 -13.25276 -13.45605
 -13.85187 -14.48517 -15.12267 -15.46155 -15.27598
 -12.93858 -12.90883 -12.92336 -13.00996 -13.14159 -13.27748 -13.40276 -13.60605
 -14.00187 -14.63517 -15.27267 -15.61155 -15.42598
 -13.08858 -13.05883 -13.07336 -13.15996 -13.29158 -13.42748 -13.55276 -13.75605
 -14.15187 -14.78517 -15.42267 -15.76155 -15.57597
 -13.23858 -13.20883 -13.22336 -13.30996 -13.44158 -13.57748 -13.70275 -13.90605
 -14.30187 -14.93517 -15.57267 -15.91155 -15.72597
 -13.38857 -13.35881 -13.37334 -13.45995 -13.59157 -13.72746 -13.85274 -14.05604
 -14.45186 -15.08515 -15.72265 -16.06154 -15.87596
 -13.53858 -13.50883 -13.52336 -13.60996 -13.74159 -13.87748 -14.00276 -14.20605
 -14.60187 -15.23517 -15.87267 -16.21155 -16.02598
 -13.68859 -13.65884 -13.67337 -13.75997 -13.89160 -14.02749 -14.15277 -14.35606
 -14.75188 -15.38518 -16.02268 -16.36156 -16.17598
 -13.83858 -13.80883 -13.82336 -13.90996 -14.04159 -14.17748 -14.30276 -14.50605
 -14.90187 -15.53517 -16.17267 -16.51155 -16.32598
 -13.98858 -13.95883 -13.97336 -14.05996 -14.19159 -14.32748 -14.45276 -14.65606
 -15.05188 -15.68517 -16.32267 -16.66156 -16.47598
 -14.13858 -14.10883 -14.12336 -14.20996 -14.34159 -14.47748 -14.60276 -14.80606
 -15.20188 -15.83517 -16.47267 -16.81156 -16.62598
 -14.28858 -14.25883 -14.27336 -14.35996 -14.49159 -14.62748 -14.75276 -14.95605
 -15.35187 -15.98517 -16.62267 -16.96155 -16.77598
 -14.43858 -14.40883 -14.42336 -14.50996 -14.64159 -14.77748 -14.90276 -15.10605
 -15.50187 -16.13517 -16.77267 -17.11155 -16.92598
 -14.58858 -14.55883 -14.57336 -14.65996 -14.79158 -14.92748 -15.05276 -15.25605
 -15.65187 -16.28517 -16.92267 -17.26155 -17.07597
 -14.73858 -14.70883 -14.72336 -14.80996 -14.94158 -15.07748 -15.20275 -15.40605
 -15.80187 -16.43517 -17.07267 -17.41155 -17.22597
 -14.88857 -14.85881 -14.87334 -14.95995 -15.09157 -15.22746 -15.35274 -15.55604
 -15.95186 -16.58515 -17.22265 -17.56154 -17.37596
 -15.03858 -15.00883 -15.02336 -15.10996 -15.24159 -15.37748 -15.50276 -15.70605
 -16.10187 -16.73517 -17.37267 -17.71155 -17.52598
 -15.18859 -15.15884 -15.17337 -15.25997 -15.39160 -15.52749 -15.65277 -15.85606
 -16.25188 -16.88518 -17.52268 -17.86156 -17.67598
 -15.33858 -15.30883 -15.32336 -15.40996 -15.54159 -15.67748 -15.80276 -16.00605
 -16.40187 -17.03517 -17.67267 -18.01155 -17.82598
 -15.48858 -15.45883 -15.47336 -15.55996 -15.69159 -15.82748 -15.95276 -16.15606
 -16.55188 -17.18517 -17.82267 -18.16156 -17.97598
 -15.63858 -15.60883 -15.62336 -15.70996 -15.84159 -15.97748 -16.10276 -16.30606
 -16.70188 -17.33517 -17.97267 -18.31156 -18.12598
 -15.78858 -15.75883 -15.77336 -15.85996 -15.99159 -16.12748 -16.25276 -16.45605
 -16.85187 -17.48517 -18.12267 -18.46155 -18.27598
 -15.93858 -15.90883 -15.92336 -16.00996 -16.14159 -16.27748 -16.40276 -16.60605
 -17.00187 -17.63517 -18.27267 -18.61155 -18.42598
 -16.08858 -16.05883 -16.07336 -16.15996 -16.29158 -16.42748 -16.55276 -16.75605
 -17.15187 -17.78517 -18.42267 -18.76155 -18.57597
 -16.23858 -16.20883 -16.22336 -16.30996 -16.44158 -16.57748 -16.70275 -16.90605
 -17.30187 -17.93517 -18.57267 -18.91155 -18.72597
 ---------------------------------------------------/ Z1= 2   / DATE= 12/11/90
 -11.75324 -11.75610 -11.75811 -11.75714 -11.75062 -11.73458 -11.69724 -11.62414
 -11.49555 -11.26275 -10.86700 -10.26406  -9.48989
 -11.75389 -11.76474 -11.77618 -11.78625 -11.79262 -11.79159 -11.77177 -11.71913
 -11.61605 -11.42506 -11.10187 -10.61078  -9.96365
 -11.68185 -11.70237 -11.72543 -11.74927 -11.77189 -11.78984 -11.79164 -11.76308
 -11.68833 -11.54276 -11.29875 -10.93057 -10.42328
 -11.50821 -11.53923 -11.57540 -11.61517 -11.65680 -11.69718 -11.72552 -11.72841
 -11.69234 -11.60330 -11.44710 -11.20544 -10.83734
 -11.22241 -11.26382 -11.31368 -11.37060 -11.43297 -11.49815 -11.55765 -11.60102
 -11.61811 -11.60058 -11.54073 -11.42228 -11.18166
 -10.88923 -10.93967 -11.00199 -11.07492 -11.15691 -11.24581 -11.33635 -11.42212
 -11.49687 -11.55498 -11.59105 -11.58773 -11.46177
 -10.59295 -10.64973 -10.72122 -10.80631 -10.90345 -11.01097 -11.12646 -11.24722
 -11.37055 -11.49372 -11.61399 -11.71349 -11.69076
 -10.39949 -10.45901 -10.53495 -10.62636 -10.73179 -10.84991 -10.97992 -11.12122
 -11.27373 -11.44019 -11.62431 -11.81097 -11.88100
 -10.29658 -10.35619 -10.43297 -10.52620 -10.63463 -10.75717 -10.89360 -11.04400
 -11.20999 -11.40158 -11.63168 -11.89041 -12.04185
 -10.25119 -10.30965 -10.38547 -10.47822 -10.58698 -10.71090 -10.84974 -11.00343
 -11.17462 -11.38076 -11.64445 -11.96171 -12.18188
 -10.23511 -10.29238 -10.36695 -10.45878 -10.56739 -10.69228 -10.83294 -10.98887
 -11.16325 -11.37985 -11.66948 -12.03334 -12.30870
 -10.24131 -10.29749 -10.37078 -10.46157 -10.56991 -10.69575 -10.83821 -10.99614
 -11.17299 -11.39752 -11.70721 -12.10743 -12.42593
 -10.26858 -10.32364 -10.39552 -10.48505 -10.59289 -10.71942 -10.86336 -11.02285
 -11.20134 -11.43156 -11.75632 -12.18436 -12.53612
 -10.31570 -10.36946 -10.43972 -10.52770 -10.63465 -10.76140 -10.90624 -11.06659
 -11.24580 -11.47973 -11.81546 -12.26450 -12.64174
 -10.38118 -10.43342 -10.50178 -10.58788 -10.69350 -10.81984 -10.96482 -11.12523
 -11.30422 -11.54019 -11.88365 -12.34841 -12.74523
 -10.46254 -10.51318 -10.57957 -10.66366 -10.76768 -10.89318 -11.03775 -11.19766
 -11.37590 -11.61278 -11.96144 -12.43748 -12.84883
 -10.55700 -10.60620 -10.67080 -10.75301 -10.85544 -10.97992 -11.12383 -11.28307
 -11.46053 -11.69779 -12.04977 -12.53329 -12.95466
 -10.66179 -10.70987 -10.77303 -10.85370 -10.95475 -11.07823 -11.22146 -11.38015
 -11.55714 -11.79469 -12.14860 -12.63641 -13.06388
 -10.77421 -10.82130 -10.88325 -10.96260 -11.06243 -11.18492 -11.32739 -11.48550
 -11.66207 -11.89953 -12.25396 -12.74317 -13.17350
 -10.89152 -10.93752 -10.99825 -11.07637 -11.17500 -11.29641 -11.43792 -11.59517
 -11.77091 -12.00748 -12.36077 -12.84874 -13.27941
 -11.01187 -11.05649 -11.11588 -11.19271 -11.29011 -11.41031 -11.55060 -11.70653
 -11.88078 -12.11538 -12.46589 -12.95040 -13.37966
 -11.13709 -11.18029 -11.23838 -11.31402 -11.41029 -11.52934 -11.66837 -11.82284
 -11.99531 -12.22747 -12.57450 -13.05462 -13.48166
 -11.27008 -11.31218 -11.36928 -11.44405 -11.53948 -11.65767 -11.79572 -11.94900
 -12.11996 -12.35004 -12.69409 -13.17044 -13.59541
 -11.41369 -11.45533 -11.51204 -11.58646 -11.68157 -11.79941 -11.93706 -12.08985
 -12.26017 -12.48935 -12.83212 -13.30685 -13.73090
 -11.56368 -11.60532 -11.66203 -11.73645 -11.83156 -11.94940 -12.08705 -12.23984
 -12.41016 -12.63934 -12.98211 -13.45684 -13.88089
 -11.71368 -11.75532 -11.81203 -11.88645 -11.98156 -12.09940 -12.23705 -12.38984
 -12.56016 -12.78934 -13.13211 -13.60684 -14.03089
 -11.86368 -11.90532 -11.96203 -12.03645 -12.13156 -12.24940 -12.38705 -12.53984
 -12.71016 -12.93934 -13.28211 -13.75684 -14.18089
 -12.01368 -12.05532 -12.11203 -12.18645 -12.28156 -12.39940 -12.53705 -12.68984
 -12.86016 -13.08934 -13.43211 -13.90684 -14.33089
 -12.16368 -12.20532 -12.26203 -12.33645 -12.43156 -12.54940 -12.68705 -12.83984
 -13.01016 -13.23934 -13.58211 -14.05684 -14.48089
 -12.31368 -12.35532 -12.41202 -12.48645 -12.58156 -12.69940 -12.83705 -12.98983
 -13.16015 -13.38934 -13.73211 -14.20684 -14.63088
 -12.46368 -12.50531 -12.56202 -12.63645 -12.73156 -12.84940 -12.98704 -13.13983
 -13.31015 -13.53934 -13.88211 -14.35684 -14.78088
 -12.61366 -12.65530 -12.71201 -12.78644 -12.88154 -12.99939 -13.13703 -13.28982
 -13.46014 -13.68933 -14.03210 -14.50683 -14.93087
 -12.76368 -12.80532 -12.86203 -12.93645 -13.03156 -13.14940 -13.28705 -13.43984
 -13.61016 -13.83934 -14.18211 -14.65684 -15.08089
 -12.91369 -12.95533 -13.01204 -13.08646 -13.18157 -13.29941 -13.43706 -13.58984
 -13.76017 -13.98935 -14.33212 -14.80685 -15.23089
 -13.06368 -13.10532 -13.16203 -13.23645 -13.33156 -13.44940 -13.58705 -13.73984
 -13.91016 -14.13934 -14.48211 -14.95684 -15.38089
 -13.21368 -13.25532 -13.31203 -13.38645 -13.48156 -13.59940 -13.73705 -13.88984
 -14.06016 -14.28934 -14.63211 -15.10684 -15.53089
 -13.36368 -13.40532 -13.46203 -13.53645 -13.63156 -13.74940 -13.88705 -14.03984
 -14.21016 -14.43934 -14.78211 -15.25684 -15.68089
 -13.51368 -13.55532 -13.61203 -13.68645 -13.78156 -13.89940 -14.03705 -14.18984
 -14.36016 -14.58934 -14.93211 -15.40684 -15.83089
 -13.66368 -13.70532 -13.76203 -13.83645 -13.93156 -14.04940 -14.18705 -14.33984
 -14.51016 -14.73934 -15.08211 -15.55684 -15.98089
 -13.81368 -13.85532 -13.91202 -13.98645 -14.08156 -14.19940 -14.33705 -14.48983
 -14.66015 -14.88934 -15.23211 -15.70684 -16.13088
 -13.96368 -14.00531 -14.06202 -14.13645 -14.23156 -14.34940 -14.48704 -14.63983
 -14.81015 -15.03934 -15.38211 -15.85684 -16.28088
 -14.11366 -14.15530 -14.21201 -14.28644 -14.38154 -14.49939 -14.63703 -14.78982
 -14.96014 -15.18933 -15.53210 -16.00683 -16.43087
 -14.26368 -14.30532 -14.36203 -14.43645 -14.53156 -14.64940 -14.78705 -14.93984
 -15.11016 -15.33934 -15.68211 -16.15684 -16.58089
 -14.41369 -14.45533 -14.51204 -14.58646 -14.68157 -14.79941 -14.93706 -15.08984
 -15.26017 -15.48935 -15.83212 -16.30685 -16.73089
 -14.56368 -14.60532 -14.66203 -14.73645 -14.83156 -14.94940 -15.08705 -15.23984
 -15.41016 -15.63934 -15.98211 -16.45684 -16.88089
 -14.71368 -14.75532 -14.81203 -14.88645 -14.98156 -15.09940 -15.23705 -15.38984
 -15.56016 -15.78934 -16.13211 -16.60684 -17.03089
 -14.86368 -14.90532 -14.96203 -15.03645 -15.13156 -15.24940 -15.38705 -15.53984
 -15.71016 -15.93934 -16.28211 -16.75684 -17.18089
 -15.01368 -15.05532 -15.11203 -15.18645 -15.28156 -15.39940 -15.53705 -15.68984
 -15.86016 -16.08934 -16.43211 -16.90684 -17.33089
 -15.16368 -15.20532 -15.26203 -15.33645 -15.43156 -15.54940 -15.68705 -15.83984
 -16.01016 -16.23934 -16.58211 -17.05684 -17.48089
 -15.31368 -15.35532 -15.41202 -15.48645 -15.58156 -15.69940 -15.83705 -15.98983
 -16.16015 -16.38934 -16.73211 -17.20684 -17.63088
 -15.46368 -15.50531 -15.56202 -15.63645 -15.73156 -15.84940 -15.98704 -16.13983
 -16.31015 -16.53934 -16.88211 -17.35684 -17.78088
 ---------------------------------------------------/ Z1= 3   / DATE= 12/11/90
 -11.27619 -11.28034 -11.28235 -11.28023 -11.27226 -11.25694 -11.23088 -11.16800
 -11.02737 -10.76829 -10.35618  -9.76045  -8.95640
 -11.19616 -11.21416 -11.23206 -11.24714 -11.25774 -11.26295 -11.26030 -11.22876
 -11.13512 -10.94516 -10.61496 -10.09428  -9.34000
 -11.06437 -11.09771 -11.13354 -11.16846 -11.20040 -11.22816 -11.24939 -11.24799
 -11.19884 -11.07471 -10.82519 -10.38467  -9.69539
 -10.90375 -10.95007 -11.00169 -11.05481 -11.10703 -11.15682 -11.20186 -11.23015
 -11.22334 -11.16031 -10.98834 -10.63397 -10.03135
 -10.73615 -10.79147 -10.85480 -10.92232 -10.99163 -11.06127 -11.12922 -11.18646
 -11.21937 -11.21138 -11.11173 -10.84725 -10.35118
 -10.58220 -10.64338 -10.71502 -10.79341 -10.87645 -10.96312 -11.05194 -11.13592
 -11.20447 -11.24419 -11.20928 -11.03265 -10.65191
 -10.46250 -10.52741 -10.60475 -10.69090 -10.78425 -10.88451 -10.99097 -11.09796
 -11.19655 -11.27539 -11.29523 -11.19846 -10.93012
 -10.39689 -10.46438 -10.54558 -10.63679 -10.73697 -10.84679 -10.96652 -11.09128
 -11.21284 -11.32103 -11.38335 -11.35265 -11.18243
 -10.38570 -10.45479 -10.53819 -10.63196 -10.73560 -10.85082 -10.97892 -11.11557
 -11.25275 -11.38099 -11.47412 -11.49498 -11.40529
 -10.40805 -10.47708 -10.56052 -10.65428 -10.75830 -10.87513 -11.00688 -11.14979
 -11.29625 -11.43760 -11.55357 -11.61626 -11.59499
 -10.44235 -10.50896 -10.58977 -10.68090 -10.78255 -10.89760 -11.02852 -11.17242
 -11.32289 -11.47280 -11.60746 -11.70719 -11.74807
 -10.47761 -10.53957 -10.61534 -10.70161 -10.79871 -10.90935 -11.03595 -11.17680
 -11.32749 -11.48315 -11.63433 -11.76852 -11.86767
 -10.51473 -10.57083 -10.64022 -10.72030 -10.81153 -10.91633 -11.03697 -11.17294
 -11.32196 -11.48153 -11.64698 -11.81225 -11.96444
 -10.55520 -10.60531 -10.66807 -10.74156 -10.82647 -10.92522 -11.04009 -11.17158
 -11.31895 -11.48150 -11.65883 -11.85076 -12.04923
 -10.60092 -10.64552 -10.70211 -10.76923 -10.84799 -10.94117 -11.05145 -11.17990
 -11.32653 -11.49161 -11.67842 -11.89223 -12.12954
 -10.65421 -10.69391 -10.74494 -10.80622 -10.87936 -10.96769 -11.07442 -11.20095
 -11.34747 -11.51461 -11.70875 -11.94001 -12.20898
 -10.71745 -10.75293 -10.79917 -10.85543 -10.92378 -11.00813 -11.11223 -11.23759
 -11.38425 -11.55294 -11.75250 -11.99715 -12.29093
 -10.79290 -10.82495 -10.86730 -10.91962 -10.98435 -11.06577 -11.16798 -11.29252
 -11.43928 -11.60895 -11.81228 -12.06661 -12.37871
 -10.88104 -10.91039 -10.94977 -10.99922 -11.06145 -11.14088 -11.24176 -11.36562
 -11.51228 -11.68244 -11.88820 -12.14910 -12.47382
 -10.98031 -11.00759 -11.04468 -11.09201 -11.15245 -11.23048 -11.33036 -11.45364
 -11.60009 -11.77047 -11.97773 -12.24285 -12.57576
 -11.08906 -11.11475 -11.15005 -11.19567 -11.25461 -11.33142 -11.43042 -11.55317
 -11.69942 -11.86993 -12.07817 -12.34591 -12.68387
 -11.20533 -11.22976 -11.26362 -11.30774 -11.36526 -11.44084 -11.53893 -11.66111
 -11.80707 -11.97756 -12.18627 -12.45537 -12.79597
 -11.32686 -11.35023 -11.38289 -11.42571 -11.48190 -11.55625 -11.65332 -11.77470
 -11.92001 -12.08994 -12.29824 -12.56723 -12.90825
 -11.45137 -11.47376 -11.50538 -11.54706 -11.60204 -11.67516 -11.77105 -11.89124
 -12.03527 -12.20371 -12.41034 -12.67756 -13.01689
 -11.57869 -11.60018 -11.63090 -11.67162 -11.72557 -11.79756 -11.89218 -12.01088
 -12.15309 -12.31927 -12.52320 -12.78737 -13.12357
 -11.71112 -11.73187 -11.76190 -11.80192 -11.85509 -11.92617 -12.01969 -12.13700
 -12.27740 -12.44129 -12.64243 -12.90340 -13.23625
 -11.85101 -11.87133 -11.90097 -11.94060 -11.99334 -12.06388 -12.15671 -12.27311
 -12.41232 -12.57465 -12.77389 -13.03266 -13.36320
 -11.99949 -12.01975 -12.04933 -12.08890 -12.14158 -12.21204 -12.30476 -12.42102
 -12.56003 -12.72210 -12.92103 -13.17944 -13.50959
 -12.14949 -12.16974 -12.19932 -12.23890 -12.29158 -12.36204 -12.45476 -12.57101
 -12.71002 -12.87210 -13.07103 -13.32944 -13.65959
 -12.29949 -12.31974 -12.34932 -12.38890 -12.44158 -12.51204 -12.60476 -12.72101
 -12.86002 -13.02210 -13.22103 -13.47944 -13.80959
 -12.44949 -12.46974 -12.49932 -12.53890 -12.59157 -12.66204 -12.75476 -12.87101
 -13.01002 -13.17210 -13.37102 -13.62944 -13.95958
 -12.59947 -12.61973 -12.64931 -12.68889 -12.74156 -12.81203 -12.90474 -13.02100
 -13.16001 -13.32208 -13.52101 -13.77943 -14.10957
 -12.74949 -12.76974 -12.79932 -12.83890 -12.89158 -12.96204 -13.05476 -13.17101
 -13.31002 -13.47210 -13.67103 -13.92944 -14.25959
 -12.89950 -12.91975 -12.94933 -12.98891 -13.04159 -13.11205 -13.20477 -13.32102
 -13.46003 -13.62211 -13.82104 -14.07945 -14.40960
 -13.04949 -13.06975 -13.09933 -13.13890 -13.19158 -13.26204 -13.35476 -13.47101
 -13.61003 -13.77210 -13.97103 -14.22944 -14.55959
 -13.19949 -13.21975 -13.24933 -13.28890 -13.34158 -13.41204 -13.50476 -13.62102
 -13.76003 -13.92210 -14.12103 -14.37944 -14.70959
 -13.34949 -13.36975 -13.39933 -13.43890 -13.49158 -13.56204 -13.65476 -13.77102
 -13.91003 -14.07210 -14.27103 -14.52944 -14.85959
 -13.49949 -13.51975 -13.54933 -13.58890 -13.64158 -13.71204 -13.80476 -13.92102
 -14.06003 -14.22210 -14.42103 -14.67944 -15.00959
 -13.64949 -13.66974 -13.69932 -13.73890 -13.79158 -13.86204 -13.95476 -14.07101
 -14.21002 -14.37210 -14.57103 -14.82944 -15.15959
 -13.79949 -13.81974 -13.84932 -13.88890 -13.94158 -14.01204 -14.10476 -14.22101
 -14.36002 -14.52210 -14.72103 -14.97944 -15.30959
 -13.94949 -13.96974 -13.99932 -14.03890 -14.09157 -14.16204 -14.25476 -14.37101
 -14.51002 -14.67210 -14.87102 -15.12944 -15.45958
 -14.09947 -14.11973 -14.14931 -14.18889 -14.24156 -14.31203 -14.40474 -14.52100
 -14.66001 -14.82208 -15.02101 -15.27943 -15.60957
 -14.24949 -14.26974 -14.29932 -14.33890 -14.39158 -14.46204 -14.55476 -14.67101
 -14.81002 -14.97210 -15.17103 -15.42944 -15.75959
 -14.39950 -14.41975 -14.44933 -14.48891 -14.54159 -14.61205 -14.70477 -14.82102
 -14.96003 -15.12211 -15.32104 -15.57945 -15.90960
 -14.54949 -14.56975 -14.59933 -14.63890 -14.69158 -14.76204 -14.85476 -14.97101
 -15.11003 -15.27210 -15.47103 -15.72944 -16.05959
 -14.69949 -14.71975 -14.74933 -14.78890 -14.84158 -14.91204 -15.00476 -15.12102
 -15.26003 -15.42210 -15.62103 -15.87944 -16.20959
 -14.84949 -14.86975 -14.89933 -14.93890 -14.99158 -15.06204 -15.15476 -15.27102
 -15.41003 -15.57210 -15.77103 -16.02944 -16.35959
 -14.99949 -15.01975 -15.04933 -15.08890 -15.14158 -15.21204 -15.30476 -15.42102
 -15.56003 -15.72210 -15.92103 -16.17944 -16.50959
 -15.14949 -15.16974 -15.19932 -15.23890 -15.29158 -15.36204 -15.45476 -15.57101
 -15.71002 -15.87210 -16.07103 -16.32944 -16.65959
 -15.29949 -15.31974 -15.34932 -15.38890 -15.44158 -15.51204 -15.60476 -15.72101
 -15.86002 -16.02210 -16.22103 -16.47944 -16.80959
 -15.44949 -15.46974 -15.49932 -15.53890 -15.59157 -15.66204 -15.75476 -15.87101
 -16.01002 -16.17210 -16.37102 -16.62944 -16.95958
 ---------------------------------------------------/ Z1= 4   / DATE= 12/11/90
 -11.04269 -11.04192 -11.03976 -11.03419 -11.02326 -11.00572 -10.98060 -10.94327
 -10.86060 -10.68615 -10.37167  -9.85544  -9.06947
 -11.11995 -11.11925 -11.11731 -11.11234 -11.10262 -11.08683 -11.06385 -11.02932
 -10.95378 -10.79606 -10.51277 -10.04377  -9.32113
 -11.19722 -11.19660 -11.19487 -11.19052 -11.18200 -11.16797 -11.14713 -11.11539
 -11.04698 -10.90600 -10.65389 -10.23213  -9.57285
 -11.27449 -11.27394 -11.27244 -11.26869 -11.26137 -11.24910 -11.23039 -11.20146
 -11.14018 -11.01593 -10.79501 -10.42049  -9.82455
 -11.35175 -11.35127 -11.34999 -11.34685 -11.34074 -11.33021 -11.31365 -11.28751
 -11.23336 -11.12584 -10.93611 -10.60882 -10.07623
 -11.42902 -11.42861 -11.42755 -11.42501 -11.42011 -11.41134 -11.39692 -11.37357
 -11.32655 -11.23577 -11.07723 -10.79717 -10.32792
 -11.50618 -11.50584 -11.50500 -11.50306 -11.49936 -11.49233 -11.48004 -11.45948
 -11.41956 -11.34538 -11.21779 -10.98467 -10.57853
 -11.58264 -11.58237 -11.58173 -11.58037 -11.57780 -11.57245 -11.56223 -11.54444
 -11.51136 -11.45298 -11.35471 -11.16655 -10.82198
 -11.65768 -11.65747 -11.65700 -11.65615 -11.65459 -11.65076 -11.64252 -11.62741
 -11.60067 -11.55643 -11.48415 -11.33689 -11.05071
 -11.73056 -11.73038 -11.73006 -11.72960 -11.72887 -11.72635 -11.71992 -11.70740
 -11.68621 -11.65360 -11.60228 -11.48976 -11.25717
 -11.80187 -11.80171 -11.80148 -11.80130 -11.80115 -11.79965 -11.79481 -11.78473
 -11.76812 -11.74398 -11.70730 -11.62176 -11.43644
 -11.87801 -11.87786 -11.87769 -11.87768 -11.87785 -11.87704 -11.87351 -11.86564
 -11.85265 -11.83416 -11.80649 -11.74050 -11.59519
 -11.96698 -11.96688 -11.96678 -11.96683 -11.96707 -11.96658 -11.96400 -11.95803
 -11.94782 -11.93270 -11.90959 -11.85667 -11.74331
 -12.07095 -12.07093 -12.07093 -12.07098 -12.07106 -12.07054 -12.06854 -12.06412
 -12.05601 -12.04278 -12.02139 -11.97660 -11.88742
 -12.16576 -12.16586 -12.16599 -12.16604 -12.16588 -12.16521 -12.16363 -12.16062
 -12.15459 -12.14346 -12.12426 -12.08726 -12.01958
 -12.21984 -12.22007 -12.22037 -12.22050 -12.22024 -12.21956 -12.21853 -12.21706
 -12.21383 -12.20699 -12.19425 -12.17016 -12.12777
 -12.20811 -12.20848 -12.20899 -12.20932 -12.20922 -12.20889 -12.20876 -12.20919
 -12.21005 -12.21106 -12.21163 -12.20939 -12.20106
 -12.13592 -12.13641 -12.13713 -12.13772 -12.13794 -12.13821 -12.13928 -12.14197
 -12.14783 -12.15871 -12.17633 -12.20129 -12.23368
 -12.01750 -12.01808 -12.01896 -12.01977 -12.02028 -12.02117 -12.02360 -12.02891
 -12.03998 -12.06042 -12.09401 -12.14578 -12.22136
 -11.86708 -11.86771 -11.86866 -11.86953 -11.87009 -11.87143 -11.87527 -11.88348
 -11.89932 -11.92666 -11.97034 -12.04277 -12.15985
 -11.70102 -11.70165 -11.70256 -11.70326 -11.70352 -11.70497 -11.71012 -11.72145
 -11.74108 -11.77094 -11.81545 -11.89811 -12.05136
 -11.54506 -11.54568 -11.54650 -11.54690 -11.54662 -11.54791 -11.55422 -11.56860
 -11.59107 -11.62022 -11.65895 -11.74368 -11.92645
 -11.42746 -11.42812 -11.42888 -11.42900 -11.42814 -11.42916 -11.43638 -11.45340
 -11.47796 -11.50505 -11.53577 -11.61845 -11.82348
 -11.37011 -11.37088 -11.37169 -11.37164 -11.37032 -11.37106 -11.37891 -11.39790
 -11.42396 -11.44926 -11.47335 -11.55333 -11.77311
 -11.36554 -11.36644 -11.36734 -11.36720 -11.36555 -11.36604 -11.37429 -11.39464
 -11.42173 -11.44567 -11.46486 -11.54228 -11.77101
 -11.39799 -11.39898 -11.39991 -11.39969 -11.39779 -11.39810 -11.40660 -11.42787
 -11.45559 -11.47838 -11.49380 -11.56885 -11.80299
 -11.45342 -11.45438 -11.45525 -11.45489 -11.45278 -11.45296 -11.46164 -11.48353
 -11.51157 -11.53325 -11.54546 -11.61836 -11.85627
 -11.52560 -11.52647 -11.52723 -11.52672 -11.52443 -11.52451 -11.53331 -11.55561
 -11.58375 -11.60431 -11.61366 -11.68440 -11.92473
 -11.61060 -11.61141 -11.61210 -11.61150 -11.60904 -11.60899 -11.61784 -11.64042
 -11.66856 -11.68802 -11.69466 -11.76299 -12.00422
 -11.70448 -11.70534 -11.70612 -11.70553 -11.70292 -11.70266 -11.71147 -11.73429
 -11.76242 -11.78080 -11.78474 -11.85014 -12.09056
 -11.80519 -11.80626 -11.80733 -11.80688 -11.80413 -11.80359 -11.81226 -11.83531
 -11.86351 -11.88089 -11.88209 -11.94402 -12.18202
 -11.91891 -11.92024 -11.92163 -11.92138 -11.91852 -11.91769 -11.92622 -11.94947
 -11.97776 -11.99438 -11.99337 -12.05226 -12.28754
 -12.05413 -12.05558 -12.05714 -12.05700 -12.05408 -12.05313 -12.06158 -12.08492
 -12.11326 -12.12957 -12.12761 -12.18512 -12.41905
 -12.20412 -12.20557 -12.20713 -12.20698 -12.20407 -12.20311 -12.21157 -12.23490
 -12.26324 -12.27955 -12.27759 -12.33510 -12.56902
 -12.35411 -12.35556 -12.35712 -12.35698 -12.35406 -12.35311 -12.36156 -12.38489
 -12.41323 -12.42954 -12.42758 -12.48509 -12.71902
 -12.50411 -12.50556 -12.50712 -12.50698 -12.50406 -12.50311 -12.51156 -12.53489
 -12.56324 -12.57954 -12.57758 -12.63509 -12.86902
 -12.65411 -12.65556 -12.65712 -12.65698 -12.65406 -12.65311 -12.66156 -12.68489
 -12.71324 -12.72954 -12.72758 -12.78509 -13.01902
 -12.80411 -12.80556 -12.80712 -12.80698 -12.80406 -12.80311 -12.81156 -12.83489
 -12.86323 -12.87954 -12.87758 -12.93509 -13.16902
 -12.95411 -12.95556 -12.95712 -12.95698 -12.95406 -12.95311 -12.96156 -12.98489
 -13.01323 -13.02954 -13.02758 -13.08509 -13.31902
 -13.10410 -13.10556 -13.10712 -13.10697 -13.10406 -13.10310 -13.11156 -13.13489
 -13.16323 -13.17954 -13.17758 -13.23509 -13.46901
 -13.25410 -13.25555 -13.25712 -13.25697 -13.25406 -13.25310 -13.26156 -13.28489
 -13.31323 -13.32954 -13.32758 -13.38509 -13.61901
 -13.40409 -13.40554 -13.40710 -13.40696 -13.40404 -13.40309 -13.41154 -13.43488
 -13.46322 -13.47952 -13.47756 -13.53508 -13.76900
 -13.55411 -13.55556 -13.55712 -13.55698 -13.55406 -13.55311 -13.56156 -13.58489
 -13.61323 -13.62954 -13.62758 -13.68509 -13.91902
 -13.70412 -13.70557 -13.70713 -13.70698 -13.70407 -13.70311 -13.71157 -13.73490
 -13.76324 -13.77955 -13.77759 -13.83510 -14.06902
 -13.85411 -13.85556 -13.85712 -13.85698 -13.85406 -13.85311 -13.86156 -13.88489
 -13.91323 -13.92954 -13.92758 -13.98509 -14.21902
 -14.00411 -14.00556 -14.00712 -14.00698 -14.00406 -14.00311 -14.01156 -14.03489
 -14.06324 -14.07954 -14.07758 -14.13509 -14.36902
 -14.15411 -14.15556 -14.15712 -14.15698 -14.15406 -14.15311 -14.16156 -14.18489
 -14.21324 -14.22954 -14.22758 -14.28509 -14.51902
 -14.30411 -14.30556 -14.30712 -14.30698 -14.30406 -14.30311 -14.31156 -14.33489
 -14.36323 -14.37954 -14.37758 -14.43509 -14.66902
 -14.45411 -14.45556 -14.45712 -14.45698 -14.45406 -14.45311 -14.46156 -14.48489
 -14.51323 -14.52954 -14.52758 -14.58509 -14.81902
 -14.60410 -14.60556 -14.60712 -14.60697 -14.60406 -14.60310 -14.61156 -14.63489
 -14.66323 -14.67954 -14.67758 -14.73509 -14.96901
 -14.75410 -14.75555 -14.75712 -14.75697 -14.75406 -14.75310 -14.76156 -14.78489
 -14.81323 -14.82954 -14.82758 -14.88509 -15.11901
 ---------------------------------------------------/ Z1= 5   / DATE= 12/11/90
 -10.76321 -10.76313 -10.76283 -10.76198 -10.76025 -10.75599 -10.74375 -10.71736
 -10.67027 -10.59475 -10.48282 -10.29303  -9.88655
 -10.82660 -10.82651 -10.82615 -10.82529 -10.82366 -10.81975 -10.80834 -10.78356
 -10.73924 -10.66832 -10.56357 -10.38603 -10.00443
 -10.89001 -10.88990 -10.88949 -10.88861 -10.88709 -10.88352 -10.87295 -10.84978
 -10.80822 -10.74191 -10.64434 -10.47904 -10.12233
 -10.95341 -10.95328 -10.95282 -10.95193 -10.95051 -10.94728 -10.93755 -10.91599
 -10.87720 -10.81549 -10.72510 -10.57205 -10.24023
 -11.01681 -11.01666 -11.01615 -11.01525 -11.01393 -11.01104 -11.00214 -10.98220
 -10.94617 -10.88907 -10.80586 -10.66505 -10.35811
 -11.08021 -11.08004 -11.07948 -11.07856 -11.07735 -11.07480 -11.06674 -11.04840
 -11.01515 -10.96265 -10.88662 -10.75805 -10.47600
 -11.14361 -11.14342 -11.14281 -11.14188 -11.14077 -11.13856 -11.13134 -11.11461
 -11.08412 -11.03623 -10.96738 -10.85105 -10.59389
 -11.20702 -11.20680 -11.20614 -11.20520 -11.20419 -11.20232 -11.19594 -11.18082
 -11.15310 -11.10981 -11.04814 -10.94406 -10.71178
 -11.27042 -11.27018 -11.26947 -11.26851 -11.26760 -11.26608 -11.26053 -11.24703
 -11.22207 -11.18339 -11.12890 -11.03706 -10.82967
 -11.33382 -11.33356 -11.33280 -11.33183 -11.33102 -11.32984 -11.32513 -11.31324
 -11.29105 -11.25697 -11.20966 -11.13006 -10.94756
 -11.39722 -11.39694 -11.39613 -11.39515 -11.39444 -11.39361 -11.38973 -11.37944
 -11.36002 -11.33055 -11.29042 -11.22306 -11.06545
 -11.46061 -11.46031 -11.45945 -11.45846 -11.45786 -11.45736 -11.45432 -11.44565
 -11.42899 -11.40412 -11.37117 -11.31606 -11.18333
 -11.52484 -11.52452 -11.52361 -11.52261 -11.52212 -11.52196 -11.51974 -11.51266
 -11.49875 -11.47841 -11.45248 -11.40934 -11.30110
 -11.59366 -11.59334 -11.59243 -11.59146 -11.59108 -11.59123 -11.58977 -11.58420
 -11.57288 -11.55667 -11.53686 -11.50411 -11.41813
 -11.67155 -11.67125 -11.67042 -11.66956 -11.66932 -11.66970 -11.66886 -11.66463
 -11.65563 -11.64274 -11.62728 -11.60183 -11.53368
 -11.75768 -11.75743 -11.75677 -11.75613 -11.75606 -11.75658 -11.75619 -11.75309
 -11.74606 -11.73555 -11.72230 -11.70042 -11.64468
 -11.83120 -11.83104 -11.83062 -11.83026 -11.83037 -11.83095 -11.83087 -11.82881
 -11.82372 -11.81541 -11.80385 -11.78440 -11.73904
 -11.86659 -11.86653 -11.86639 -11.86635 -11.86660 -11.86715 -11.86734 -11.86639
 -11.86357 -11.85828 -11.84994 -11.83518 -11.80258
 -11.84600 -11.84605 -11.84618 -11.84643 -11.84678 -11.84723 -11.84768 -11.84803
 -11.84805 -11.84724 -11.84506 -11.83961 -11.82523
 -11.78127 -11.78140 -11.78178 -11.78226 -11.78267 -11.78300 -11.78374 -11.78547
 -11.78861 -11.79313 -11.79889 -11.80569 -11.81303
 -11.69145 -11.69164 -11.69218 -11.69282 -11.69325 -11.69348 -11.69453 -11.69762
 -11.70375 -11.71347 -11.72723 -11.74651 -11.77590
 -11.59557 -11.59578 -11.59639 -11.59708 -11.59749 -11.59770 -11.59911 -11.60337
 -11.61195 -11.62582 -11.64584 -11.67520 -11.72374
 -11.51083 -11.51102 -11.51156 -11.51218 -11.51255 -11.51284 -11.51464 -11.51981
 -11.53001 -11.54631 -11.56968 -11.60482 -11.66723
 -11.44774 -11.44789 -11.44832 -11.44884 -11.44916 -11.44955 -11.45167 -11.45749
 -11.46869 -11.48617 -11.51073 -11.54832 -11.61991
 -11.41526 -11.41540 -11.41578 -11.41623 -11.41651 -11.41691 -11.41919 -11.42544
 -11.43732 -11.45546 -11.48029 -11.51863 -11.59591
 -11.41946 -11.41963 -11.42009 -11.42059 -11.42083 -11.42107 -11.42329 -11.42978
 -11.44229 -11.46111 -11.48626 -11.52500 -11.60567
 -11.45556 -11.45578 -11.45636 -11.45695 -11.45713 -11.45714 -11.45917 -11.46576
 -11.47880 -11.49830 -11.52391 -11.56303 -11.64553
 -11.51625 -11.51647 -11.51711 -11.51773 -11.51782 -11.51762 -11.51946 -11.52607
 -11.53944 -11.55943 -11.58551 -11.62507 -11.70858
 -11.59480 -11.59497 -11.59551 -11.59602 -11.59600 -11.59569 -11.59745 -11.60403
 -11.61745 -11.63761 -11.66404 -11.70415 -11.78839
 -11.68683 -11.68692 -11.68729 -11.68761 -11.68747 -11.68715 -11.68892 -11.69541
 -11.70860 -11.72861 -11.75523 -11.79595 -11.88061
 -11.78855 -11.78858 -11.78877 -11.78890 -11.78869 -11.78845 -11.79028 -11.79658
 -11.80927 -11.82883 -11.85550 -11.89678 -11.98137
 -11.89612 -11.89617 -11.89628 -11.89632 -11.89612 -11.89602 -11.89790 -11.90390
 -11.91584 -11.93469 -11.96122 -12.00293 -12.08679
 -12.00784 -12.00801 -12.00819 -12.00829 -12.00820 -12.00829 -12.01018 -12.01575
 -12.02678 -12.04472 -12.07098 -12.11293 -12.19540
 -12.12954 -12.12985 -12.13015 -12.13036 -12.13043 -12.13066 -12.13254 -12.13774
 -12.14797 -12.16512 -12.19109 -12.23314 -12.31419
 -12.26875 -12.26914 -12.26950 -12.26977 -12.26990 -12.27020 -12.27207 -12.27711
 -12.28701 -12.30383 -12.32967 -12.37174 -12.45217
 -12.41875 -12.41914 -12.41950 -12.41977 -12.41990 -12.42020 -12.42207 -12.42711
 -12.43701 -12.45383 -12.47967 -12.52174 -12.60217
 -12.56875 -12.56914 -12.56950 -12.56977 -12.56990 -12.57020 -12.57207 -12.57711
 -12.58701 -12.60383 -12.62967 -12.67174 -12.75217
 -12.71875 -12.71914 -12.71950 -12.71977 -12.71990 -12.72020 -12.72207 -12.72711
 -12.73701 -12.75383 -12.77967 -12.82174 -12.90217
 -12.86875 -12.86913 -12.86950 -12.86977 -12.86990 -12.87020 -12.87207 -12.87710
 -12.88701 -12.90383 -12.92967 -12.97174 -13.05216
 -13.01875 -13.01913 -13.01949 -13.01977 -13.01990 -13.02020 -13.02207 -13.02710
 -13.03701 -13.05383 -13.07967 -13.12174 -13.20216
 -13.16875 -13.16913 -13.16949 -13.16977 -13.16990 -13.17020 -13.17207 -13.17710
 -13.18701 -13.20383 -13.22966 -13.27174 -13.35216
 -13.31874 -13.31912 -13.31948 -13.31975 -13.31989 -13.32019 -13.32206 -13.32709
 -13.33700 -13.35382 -13.37965 -13.42172 -13.50215
 -13.46875 -13.46913 -13.46950 -13.46977 -13.46990 -13.47020 -13.47207 -13.47710
 -13.48701 -13.50383 -13.52967 -13.57174 -13.65216
 -13.61876 -13.61914 -13.61950 -13.61978 -13.61991 -13.62021 -13.62208 -13.62711
 -13.63702 -13.65384 -13.67968 -13.72175 -13.80217
 -13.76875 -13.76914 -13.76950 -13.76977 -13.76990 -13.77020 -13.77207 -13.77711
 -13.78701 -13.80383 -13.82967 -13.87174 -13.95217
 -13.91875 -13.91914 -13.91950 -13.91977 -13.91990 -13.92020 -13.92207 -13.92711
 -13.93701 -13.95383 -13.97967 -14.02174 -14.10217
 -14.06875 -14.06914 -14.06950 -14.06977 -14.06990 -14.07020 -14.07207 -14.07711
 -14.08701 -14.10383 -14.12967 -14.17174 -14.25217
 -14.21875 -14.21914 -14.21950 -14.21977 -14.21990 -14.22020 -14.22207 -14.22711
 -14.23701 -14.25383 -14.27967 -14.32174 -14.40217
 -14.36875 -14.36913 -14.36950 -14.36977 -14.36990 -14.37020 -14.37207 -14.37710
 -14.38701 -14.40383 -14.42967 -14.47174 -14.55216
 -14.51875 -14.51913 -14.51949 -14.51977 -14.51990 -14.52020 -14.52207 -14.52710
 -14.53701 -14.55383 -14.57967 -14.62174 -14.70216
 -14.66875 -14.66913 -14.66949 -14.66977 -14.66990 -14.67020 -14.67207 -14.67710
 -14.68701 -14.70383 -14.72966 -14.77174 -14.85216
 ---------------------------------------------------/ Z1= 6   / DATE= 12/11/90
 -10.50897 -10.50888 -10.50738 -10.50452 -10.50120 -10.49809 -10.49159 -10.47433
 -10.43883 -10.37726 -10.28154 -10.13882  -9.85020
 -10.57901 -10.57893 -10.57752 -10.57486 -10.57175 -10.56884 -10.56270 -10.54636
 -10.51274 -10.45451 -10.36419 -10.22976  -9.95751
 -10.64907 -10.64899 -10.64769 -10.64520 -10.64232 -10.63961 -10.63383 -10.61841
 -10.58666 -10.53177 -10.44685 -10.32072 -10.06483
 -10.71912 -10.71905 -10.71784 -10.71555 -10.71288 -10.71037 -10.70495 -10.69045
 -10.66058 -10.60903 -10.52950 -10.41168 -10.17215
 -10.78917 -10.78910 -10.78799 -10.78589 -10.78343 -10.78112 -10.77607 -10.76249
 -10.73449 -10.68628 -10.61215 -10.50262 -10.27945
 -10.85922 -10.85916 -10.85815 -10.85623 -10.85399 -10.85187 -10.84719 -10.83453
 -10.80841 -10.76353 -10.69480 -10.59357 -10.38676
 -10.92926 -10.92921 -10.92830 -10.92657 -10.92455 -10.92263 -10.91831 -10.90657
 -10.88232 -10.84079 -10.77745 -10.68452 -10.49408
 -10.99931 -10.99926 -10.99845 -10.99691 -10.99511 -10.99339 -10.98943 -10.97861
 -10.95624 -10.91804 -10.86011 -10.77547 -10.60139
 -11.06936 -11.06932 -11.06861 -11.06725 -11.06566 -11.06414 -11.06055 -11.05065
 -11.03015 -10.99529 -10.94276 -10.86641 -10.70870
 -11.13941 -11.13937 -11.13876 -11.13759 -11.13622 -11.13490 -11.13167 -11.12269
 -11.10406 -11.07254 -11.02541 -10.95736 -10.81601
 -11.20946 -11.20943 -11.20891 -11.20793 -11.20678 -11.20565 -11.20279 -11.19473
 -11.17798 -11.14980 -11.10806 -11.04831 -10.92332
 -11.27950 -11.27947 -11.27906 -11.27827 -11.27733 -11.27640 -11.27390 -11.26676
 -11.25189 -11.22704 -11.19070 -11.13925 -11.03062
 -11.34956 -11.34954 -11.34922 -11.34861 -11.34790 -11.34716 -11.34503 -11.33881
 -11.32581 -11.30430 -11.27336 -11.23021 -11.13794
 -11.41961 -11.41960 -11.41938 -11.41896 -11.41846 -11.41793 -11.41616 -11.41085
 -11.39973 -11.38156 -11.35602 -11.32114 -11.24522
 -11.48982 -11.48981 -11.48969 -11.48944 -11.48915 -11.48880 -11.48739 -11.48301
 -11.47376 -11.45887 -11.43852 -11.41151 -11.35125
 -11.56051 -11.56051 -11.56046 -11.56035 -11.56022 -11.56004 -11.55899 -11.55552
 -11.54814 -11.53637 -11.52062 -11.50019 -11.45350
 -11.63202 -11.63202 -11.63200 -11.63198 -11.63195 -11.63190 -11.63118 -11.62863
 -11.62309 -11.61416 -11.60203 -11.58604 -11.54944
 -11.70455 -11.70455 -11.70455 -11.70455 -11.70456 -11.70457 -11.70415 -11.70247
 -11.69872 -11.69227 -11.68267 -11.66888 -11.63867
 -11.77821 -11.77821 -11.77820 -11.77820 -11.77821 -11.77824 -11.77802 -11.77709
 -11.77493 -11.77058 -11.76273 -11.74969 -11.72339
 -11.85307 -11.85307 -11.85307 -11.85307 -11.85307 -11.85304 -11.85291 -11.85252
 -11.85164 -11.84899 -11.84240 -11.82952 -11.80588
 -11.92923 -11.92923 -11.92926 -11.92929 -11.92926 -11.92913 -11.92895 -11.92886
 -11.92892 -11.92761 -11.92199 -11.90919 -11.88775
 -12.00678 -12.00679 -12.00685 -12.00693 -12.00689 -12.00661 -12.00627 -12.00631
 -12.00706 -12.00678 -12.00196 -11.98928 -11.96971
 -12.08586 -12.08587 -12.08598 -12.08611 -12.08605 -12.08560 -12.08505 -12.08511
 -12.08634 -12.08690 -12.08281 -12.07038 -12.05246
 -12.16654 -12.16655 -12.16671 -12.16689 -12.16681 -12.16619 -12.16541 -12.16542
 -12.16704 -12.16832 -12.16497 -12.15302 -12.13665
 -12.24881 -12.24882 -12.24901 -12.24924 -12.24914 -12.24837 -12.24740 -12.24736
 -12.24926 -12.25116 -12.24854 -12.23730 -12.22245
 -12.33255 -12.33256 -12.33277 -12.33302 -12.33290 -12.33207 -12.33100 -12.33094
 -12.33299 -12.33525 -12.33323 -12.32284 -12.30952
 -12.41763 -12.41764 -12.41784 -12.41808 -12.41797 -12.41717 -12.41617 -12.41615
 -12.41816 -12.42044 -12.41874 -12.40924 -12.39751
 -12.50463 -12.50464 -12.50480 -12.50499 -12.50490 -12.50426 -12.50346 -12.50353
 -12.50535 -12.50733 -12.50567 -12.49704 -12.48693
 -12.59491 -12.59492 -12.59504 -12.59518 -12.59511 -12.59464 -12.59409 -12.59426
 -12.59584 -12.59741 -12.59573 -12.58792 -12.57932
 -12.68984 -12.68984 -12.68993 -12.69004 -12.68999 -12.68964 -12.68925 -12.68948
 -12.69088 -12.69218 -12.69057 -12.68356 -12.67622
 -12.78865 -12.78866 -12.78874 -12.78883 -12.78879 -12.78847 -12.78814 -12.78837
 -12.78968 -12.79093 -12.78956 -12.78336 -12.77702
 -12.88803 -12.88804 -12.88812 -12.88821 -12.88817 -12.88785 -12.88751 -12.88771
 -12.88897 -12.89026 -12.88926 -12.88394 -12.87855
 -12.98454 -12.98455 -12.98463 -12.98472 -12.98468 -12.98437 -12.98402 -12.98419
 -12.98536 -12.98666 -12.98607 -12.98181 -12.97749
 -13.07503 -13.07503 -13.07510 -13.07517 -13.07514 -13.07488 -13.07460 -13.07475
 -13.07573 -13.07690 -13.07670 -13.07375 -13.07082
 -13.16625 -13.16626 -13.16629 -13.16634 -13.16632 -13.16617 -13.16602 -13.16617
 -13.16689 -13.16780 -13.16789 -13.16632 -13.16493
 -13.27638 -13.27638 -13.27639 -13.27641 -13.27640 -13.27634 -13.27630 -13.27646
 -13.27699 -13.27766 -13.27793 -13.27733 -13.27703
 -13.41929 -13.41929 -13.41930 -13.41932 -13.41931 -13.41926 -13.41924 -13.41941
 -13.41990 -13.42053 -13.42083 -13.42040 -13.42030
 -13.56929 -13.56929 -13.56930 -13.56932 -13.56931 -13.56926 -13.56924 -13.56941
 -13.56990 -13.57053 -13.57082 -13.57039 -13.57030
 -13.71929 -13.71929 -13.71930 -13.71932 -13.71931 -13.71926 -13.71924 -13.71941
 -13.71990 -13.72053 -13.72082 -13.72039 -13.72029
 -13.86929 -13.86929 -13.86930 -13.86932 -13.86931 -13.86926 -13.86924 -13.86941
 -13.86990 -13.87052 -13.87082 -13.87039 -13.87029
 -14.01929 -14.01929 -14.01930 -14.01932 -14.01931 -14.01926 -14.01924 -14.01941
 -14.01989 -14.02052 -14.02082 -14.02039 -14.02029
 -14.16927 -14.16927 -14.16929 -14.16930 -14.16930 -14.16925 -14.16923 -14.16939
 -14.16988 -14.17051 -14.17081 -14.17038 -14.17028
 -14.31929 -14.31929 -14.31930 -14.31932 -14.31931 -14.31926 -14.31924 -14.31941
 -14.31990 -14.32053 -14.32082 -14.32039 -14.32030
 -14.46930 -14.46930 -14.46931 -14.46933 -14.46932 -14.46927 -14.46925 -14.46942
 -14.46991 -14.47054 -14.47083 -14.47040 -14.47030
 -14.61929 -14.61929 -14.61930 -14.61932 -14.61931 -14.61926 -14.61924 -14.61941
 -14.61990 -14.62053 -14.62082 -14.62039 -14.62030
 -14.76929 -14.76929 -14.76930 -14.76932 -14.76931 -14.76926 -14.76924 -14.76941
 -14.76990 -14.77053 -14.77083 -14.77040 -14.77030
 -14.91929 -14.91929 -14.91930 -14.91932 -14.91931 -14.91926 -14.91924 -14.91941
 -14.91990 -14.92053 -14.92083 -14.92040 -14.92030
 -15.06929 -15.06929 -15.06930 -15.06932 -15.06931 -15.06926 -15.06924 -15.06941
 -15.06990 -15.07053 -15.07082 -15.07039 -15.07030
 -15.21929 -15.21929 -15.21930 -15.21932 -15.21931 -15.21926 -15.21924 -15.21941
 -15.21990 -15.22053 -15.22082 -15.22039 -15.22029
 -15.36929 -15.36929 -15.36930 -15.36932 -15.36931 -15.36926 -15.36924 -15.36941
 -15.36990 -15.37052 -15.37082 -15.37039 -15.37029
 -15.51929 -15.51929 -15.51930 -15.51932 -15.51931 -15.51926 -15.51924 -15.51941
 -15.51989 -15.52052 -15.52082 -15.52039 -15.52029
 
C---------------------------------------------------------------------------------
C ADAS ADF11 DATA - SCCS info: @(#)$Header: /home/adascvs/adas/adf11/acd74/acd74_c.dat,v 2.1 2004/07/06 23:59:52 whitefor Exp $ Date $Date: 2004/07/06 23:59:52 $
C---------------------------------------------------------------------------------
