   10    /fe+25 PHOTON EMISSIVITY COEFFICIENTS/
     1.8 A  24  24 /FILMEM = bn#97fe /TYPE = EXCIT    /INDM = T/ISEL =    1
 8.03E+10 8.03E+11 8.03E+12 8.03E+13 8.03E+14 8.03E+15 2.41E+16 8.03E+16
 2.41E+17 8.03E+17 2.41E+18 8.03E+18 2.41E+19 8.03E+19 2.41E+20 8.03E+20
 2.41E+21 8.03E+21 2.41E+22 8.03E+22 2.41E+23 8.03E+23 2.41E+24 8.03E+24
 2.91E+01 4.08E+01 5.82E+01 8.74E+01 1.16E+02 1.75E+02 2.91E+02 4.08E+02
 5.82E+02 8.74E+02 1.16E+03 1.75E+03 2.91E+03 4.08E+03 5.82E+03 8.74E+03
 1.16E+04 1.75E+04 2.91E+04 4.08E+04 5.82E+04 8.74E+04 1.16E+05 1.75E+05
 1.00E-74 1.00E-74 1.00E-74 1.00E-74 3.92E-37 1.20E-28 6.72E-22 4.98E-19
 6.80E-17 2.97E-15 1.91E-14 1.18E-13 4.81E-13 8.54E-13 1.29E-12 1.75E-12
 2.01E-12 2.28E-12 2.47E-12 2.50E-12 2.49E-12 2.43E-12 2.37E-12 2.27E-12
 1.00E-74 1.00E-74 1.00E-74 1.00E-74 3.92E-37 1.20E-28 6.72E-22 4.98E-19
 6.80E-17 2.97E-15 1.91E-14 1.18E-13 4.81E-13 8.54E-13 1.29E-12 1.75E-12
 2.01E-12 2.28E-12 2.47E-12 2.50E-12 2.49E-12 2.43E-12 2.37E-12 2.27E-12
 1.00E-74 1.00E-74 1.00E-74 1.00E-74 3.92E-37 1.20E-28 6.72E-22 4.98E-19
 6.80E-17 2.97E-15 1.91E-14 1.18E-13 4.81E-13 8.54E-13 1.29E-12 1.75E-12
 2.01E-12 2.28E-12 2.47E-12 2.50E-12 2.49E-12 2.43E-12 2.37E-12 2.27E-12
 1.00E-74 1.00E-74 1.00E-74 1.00E-74 3.92E-37 1.20E-28 6.72E-22 4.98E-19
 6.80E-17 2.97E-15 1.91E-14 1.18E-13 4.81E-13 8.54E-13 1.29E-12 1.75E-12
 2.01E-12 2.28E-12 2.47E-12 2.50E-12 2.49E-12 2.43E-12 2.37E-12 2.27E-12
 1.00E-74 1.00E-74 1.00E-74 1.13E-45 3.92E-37 1.20E-28 6.72E-22 4.98E-19
 6.80E-17 2.97E-15 1.91E-14 1.18E-13 4.81E-13 8.54E-13 1.29E-12 1.75E-12
 2.01E-12 2.28E-12 2.47E-12 2.50E-12 2.49E-12 2.43E-12 2.37E-12 2.27E-12
 1.00E-74 1.00E-74 1.00E-74 1.20E-45 3.92E-37 1.20E-28 6.72E-22 4.98E-19
 6.80E-17 2.97E-15 1.91E-14 1.18E-13 4.81E-13 8.54E-13 1.29E-12 1.75E-12
 2.01E-12 2.28E-12 2.47E-12 2.50E-12 2.49E-12 2.43E-12 2.37E-12 2.27E-12
 1.00E-74 1.00E-74 1.00E-74 1.21E-45 3.92E-37 1.20E-28 6.72E-22 4.98E-19
 6.80E-17 2.97E-15 1.91E-14 1.18E-13 4.81E-13 8.54E-13 1.29E-12 1.75E-12
 2.01E-12 2.28E-12 2.47E-12 2.50E-12 2.49E-12 2.43E-12 2.37E-12 2.27E-12
 1.00E-74 1.00E-74 1.00E-74 1.21E-45 3.92E-37 1.20E-28 6.72E-22 4.98E-19
 6.80E-17 2.97E-15 1.91E-14 1.18E-13 4.81E-13 8.54E-13 1.29E-12 1.75E-12
 2.01E-12 2.28E-12 2.47E-12 2.50E-12 2.49E-12 2.43E-12 2.37E-12 2.27E-12
 1.00E-74 1.00E-74 1.00E-74 1.21E-45 3.92E-37 1.20E-28 6.72E-22 4.98E-19
 6.80E-17 2.97E-15 1.91E-14 1.18E-13 4.81E-13 8.54E-13 1.29E-12 1.75E-12
 2.01E-12 2.28E-12 2.47E-12 2.50E-12 2.49E-12 2.43E-12 2.37E-12 2.27E-12
 1.00E-74 1.00E-74 1.00E-74 1.21E-45 3.92E-37 1.20E-28 6.72E-22 4.98E-19
 6.80E-17 2.97E-15 1.91E-14 1.18E-13 4.81E-13 8.54E-13 1.29E-12 1.75E-12
 2.01E-12 2.28E-12 2.47E-12 2.50E-12 2.49E-12 2.43E-12 2.37E-12 2.27E-12
 1.00E-74 1.00E-74 1.00E-74 1.21E-45 3.92E-37 1.20E-28 6.72E-22 4.98E-19
 6.80E-17 2.97E-15 1.91E-14 1.18E-13 4.81E-13 8.54E-13 1.29E-12 1.75E-12
 2.01E-12 2.28E-12 2.47E-12 2.50E-12 2.49E-12 2.43E-12 2.37E-12 2.27E-12
 1.00E-74 1.00E-74 1.00E-74 1.21E-45 3.92E-37 1.20E-28 6.72E-22 4.98E-19
 6.80E-17 2.97E-15 1.91E-14 1.18E-13 4.81E-13 8.54E-13 1.29E-12 1.75E-12
 2.01E-12 2.28E-12 2.47E-12 2.50E-12 2.49E-12 2.43E-12 2.37E-12 2.27E-12
 1.00E-74 1.00E-74 1.00E-74 1.21E-45 3.92E-37 1.20E-28 6.72E-22 4.98E-19
 6.80E-17 2.97E-15 1.91E-14 1.18E-13 4.81E-13 8.54E-13 1.29E-12 1.75E-12
 2.01E-12 2.28E-12 2.47E-12 2.50E-12 2.49E-12 2.43E-12 2.37E-12 2.27E-12
 1.00E-74 1.00E-74 1.00E-74 1.21E-45 3.92E-37 1.20E-28 6.72E-22 4.98E-19
 6.80E-17 2.97E-15 1.91E-14 1.18E-13 4.81E-13 8.54E-13 1.29E-12 1.75E-12
 2.01E-12 2.28E-12 2.47E-12 2.50E-12 2.49E-12 2.43E-12 2.37E-12 2.27E-12
 1.00E-74 1.00E-74 1.00E-74 1.21E-45 3.92E-37 1.20E-28 6.72E-22 4.98E-19
 6.80E-17 2.97E-15 1.91E-14 1.18E-13 4.81E-13 8.54E-13 1.29E-12 1.75E-12
 2.01E-12 2.28E-12 2.47E-12 2.50E-12 2.49E-12 2.43E-12 2.37E-12 2.27E-12
 1.00E-74 1.00E-74 1.00E-74 1.21E-45 3.92E-37 1.20E-28 6.72E-22 4.98E-19
 6.79E-17 2.97E-15 1.91E-14 1.18E-13 4.81E-13 8.54E-13 1.29E-12 1.75E-12
 2.01E-12 2.28E-12 2.47E-12 2.50E-12 2.49E-12 2.43E-12 2.37E-12 2.27E-12
 1.00E-74 1.00E-74 1.00E-74 1.21E-45 3.92E-37 1.20E-28 6.72E-22 4.98E-19
 6.79E-17 2.97E-15 1.90E-14 1.18E-13 4.80E-13 8.53E-13 1.29E-12 1.74E-12
 2.01E-12 2.28E-12 2.46E-12 2.50E-12 2.49E-12 2.43E-12 2.37E-12 2.27E-12
 1.00E-74 1.00E-74 1.00E-74 1.21E-45 3.92E-37 1.20E-28 6.72E-22 4.98E-19
 6.79E-17 2.97E-15 1.90E-14 1.18E-13 4.79E-13 8.51E-13 1.29E-12 1.74E-12
 2.00E-12 2.27E-12 2.46E-12 2.50E-12 2.48E-12 2.42E-12 2.36E-12 2.26E-12
 1.00E-74 1.00E-74 1.00E-74 1.21E-45 3.92E-37 1.20E-28 6.72E-22 4.98E-19
 6.79E-17 2.96E-15 1.90E-14 1.17E-13 4.76E-13 8.45E-13 1.28E-12 1.73E-12
 1.99E-12 2.26E-12 2.44E-12 2.48E-12 2.47E-12 2.41E-12 2.35E-12 2.25E-12
 1.00E-74 1.00E-74 1.00E-74 1.21E-45 3.91E-37 1.20E-28 6.71E-22 4.97E-19
 6.77E-17 2.94E-15 1.88E-14 1.16E-13 4.67E-13 8.26E-13 1.24E-12 1.68E-12
 1.94E-12 2.20E-12 2.38E-12 2.42E-12 2.42E-12 2.37E-12 2.31E-12 2.22E-12
 1.00E-74 1.00E-74 1.00E-74 1.20E-45 3.90E-37 1.19E-28 6.69E-22 4.95E-19
 6.72E-17 2.90E-15 1.84E-14 1.12E-13 4.45E-13 7.83E-13 1.17E-12 1.58E-12
 1.82E-12 2.07E-12 2.25E-12 2.30E-12 2.30E-12 2.26E-12 2.21E-12 2.13E-12
 1.00E-74 1.00E-74 1.00E-74 1.19E-45 3.85E-37 1.18E-28 6.63E-22 4.89E-19
 6.55E-17 2.75E-15 1.70E-14 1.00E-13 3.88E-13 6.74E-13 1.00E-12 1.34E-12
 1.54E-12 1.76E-12 1.93E-12 1.98E-12 1.99E-12 1.98E-12 1.95E-12 1.89E-12
 1.00E-74 1.00E-74 1.00E-74 1.14E-45 3.71E-37 1.14E-28 6.46E-22 4.73E-19
 6.11E-17 2.39E-15 1.41E-14 7.82E-14 2.88E-13 4.90E-13 7.18E-13 9.56E-13
 1.10E-12 1.26E-12 1.39E-12 1.45E-12 1.48E-12 1.49E-12 1.48E-12 1.47E-12
 1.00E-74 1.00E-74 1.00E-74 9.94E-46 3.30E-37 1.04E-28 5.94E-22 4.23E-19
 4.94E-17 1.65E-15 8.83E-15 4.44E-14 1.52E-13 2.52E-13 3.63E-13 4.79E-13
 5.51E-13 6.35E-13 7.15E-13 7.53E-13 7.82E-13 8.05E-13 8.17E-13 8.28E-13
     1.5 A  24  24 /FILMEM = bn#97fe /TYPE = EXCIT    /INDM = T/ISEL =    2
 8.03E+10 8.03E+11 8.03E+12 8.03E+13 8.03E+14 8.03E+15 2.41E+16 8.03E+16
 2.41E+17 8.03E+17 2.41E+18 8.03E+18 2.41E+19 8.03E+19 2.41E+20 8.03E+20
 2.41E+21 8.03E+21 2.41E+22 8.03E+22 2.41E+23 8.03E+23 2.41E+24 8.03E+24
 2.91E+01 4.08E+01 5.82E+01 8.74E+01 1.16E+02 1.75E+02 2.91E+02 4.08E+02
 5.82E+02 8.74E+02 1.16E+03 1.75E+03 2.91E+03 4.08E+03 5.82E+03 8.74E+03
 1.16E+04 1.75E+04 2.91E+04 4.08E+04 5.82E+04 8.74E+04 1.16E+05 1.75E+05
 1.00E-74 1.00E-74 1.00E-74 1.00E-74 8.90E-43 1.08E-32 1.14E-24 2.99E-21
 1.05E-18 9.46E-17 8.61E-16 7.51E-15 3.94E-14 7.71E-14 1.24E-13 1.75E-13
 2.05E-13 2.36E-13 2.57E-13 2.61E-13 2.59E-13 2.51E-13 2.42E-13 2.29E-13
 1.00E-74 1.00E-74 1.00E-74 1.00E-74 8.90E-43 1.08E-32 1.14E-24 2.99E-21
 1.05E-18 9.46E-17 8.61E-16 7.51E-15 3.94E-14 7.71E-14 1.24E-13 1.75E-13
 2.05E-13 2.36E-13 2.57E-13 2.61E-13 2.59E-13 2.51E-13 2.42E-13 2.29E-13
 1.00E-74 1.00E-74 1.00E-74 1.00E-74 9.12E-43 1.08E-32 1.14E-24 2.99E-21
 1.05E-18 9.46E-17 8.61E-16 7.51E-15 3.94E-14 7.71E-14 1.24E-13 1.75E-13
 2.05E-13 2.36E-13 2.57E-13 2.61E-13 2.59E-13 2.51E-13 2.42E-13 2.29E-13
 1.00E-74 1.00E-74 1.00E-74 1.00E-74 9.11E-43 1.08E-32 1.14E-24 2.99E-21
 1.05E-18 9.46E-17 8.61E-16 7.51E-15 3.94E-14 7.71E-14 1.24E-13 1.75E-13
 2.05E-13 2.36E-13 2.57E-13 2.61E-13 2.59E-13 2.51E-13 2.42E-13 2.29E-13
 1.00E-74 1.00E-74 1.00E-74 1.00E-74 9.11E-43 1.08E-32 1.14E-24 2.99E-21
 1.05E-18 9.46E-17 8.61E-16 7.51E-15 3.94E-14 7.71E-14 1.24E-13 1.75E-13
 2.05E-13 2.36E-13 2.57E-13 2.61E-13 2.59E-13 2.51E-13 2.42E-13 2.29E-13
 1.00E-74 1.00E-74 1.00E-74 1.00E-74 9.11E-43 1.08E-32 1.14E-24 2.99E-21
 1.05E-18 9.46E-17 8.61E-16 7.51E-15 3.94E-14 7.71E-14 1.24E-13 1.75E-13
 2.05E-13 2.36E-13 2.57E-13 2.61E-13 2.59E-13 2.51E-13 2.42E-13 2.29E-13
 1.00E-74 1.00E-74 1.00E-74 1.00E-74 9.11E-43 1.08E-32 1.14E-24 2.99E-21
 1.05E-18 9.46E-17 8.61E-16 7.51E-15 3.94E-14 7.71E-14 1.24E-13 1.75E-13
 2.05E-13 2.36E-13 2.57E-13 2.61E-13 2.59E-13 2.51E-13 2.42E-13 2.29E-13
 1.00E-74 1.00E-74 1.00E-74 1.00E-74 9.11E-43 1.08E-32 1.14E-24 2.99E-21
 1.05E-18 9.46E-17 8.61E-16 7.51E-15 3.94E-14 7.71E-14 1.24E-13 1.75E-13
 2.05E-13 2.36E-13 2.57E-13 2.61E-13 2.59E-13 2.51E-13 2.42E-13 2.29E-13
 1.00E-74 1.00E-74 1.00E-74 1.00E-74 9.11E-43 1.08E-32 1.14E-24 2.99E-21
 1.05E-18 9.46E-17 8.61E-16 7.51E-15 3.94E-14 7.71E-14 1.24E-13 1.75E-13
 2.05E-13 2.36E-13 2.57E-13 2.61E-13 2.59E-13 2.51E-13 2.42E-13 2.29E-13
 1.00E-74 1.00E-74 1.00E-74 1.00E-74 9.11E-43 1.08E-32 1.14E-24 2.99E-21
 1.05E-18 9.46E-17 8.61E-16 7.51E-15 3.94E-14 7.71E-14 1.24E-13 1.75E-13
 2.05E-13 2.36E-13 2.57E-13 2.61E-13 2.59E-13 2.51E-13 2.42E-13 2.29E-13
 1.00E-74 1.00E-74 1.00E-74 1.00E-74 9.11E-43 1.08E-32 1.14E-24 2.99E-21
 1.05E-18 9.46E-17 8.61E-16 7.51E-15 3.94E-14 7.71E-14 1.24E-13 1.75E-13
 2.05E-13 2.36E-13 2.57E-13 2.61E-13 2.59E-13 2.51E-13 2.42E-13 2.29E-13
 1.00E-74 1.00E-74 1.00E-74 1.00E-74 9.11E-43 1.08E-32 1.14E-24 2.99E-21
 1.05E-18 9.46E-17 8.61E-16 7.51E-15 3.94E-14 7.71E-14 1.24E-13 1.75E-13
 2.05E-13 2.36E-13 2.57E-13 2.61E-13 2.59E-13 2.51E-13 2.42E-13 2.29E-13
 1.00E-74 1.00E-74 1.00E-74 1.00E-74 9.11E-43 1.08E-32 1.14E-24 2.99E-21
 1.05E-18 9.46E-17 8.61E-16 7.51E-15 3.94E-14 7.71E-14 1.24E-13 1.75E-13
 2.05E-13 2.36E-13 2.57E-13 2.61E-13 2.59E-13 2.51E-13 2.42E-13 2.29E-13
 1.00E-74 1.00E-74 1.00E-74 1.00E-74 9.11E-43 1.08E-32 1.14E-24 2.99E-21
 1.05E-18 9.46E-17 8.61E-16 7.51E-15 3.94E-14 7.71E-14 1.24E-13 1.75E-13
 2.05E-13 2.36E-13 2.57E-13 2.61E-13 2.59E-13 2.50E-13 2.42E-13 2.29E-13
 1.00E-74 1.00E-74 1.00E-74 1.00E-74 9.12E-43 1.08E-32 1.14E-24 2.99E-21
 1.05E-18 9.46E-17 8.61E-16 7.50E-15 3.94E-14 7.70E-14 1.24E-13 1.75E-13
 2.05E-13 2.36E-13 2.57E-13 2.61E-13 2.59E-13 2.50E-13 2.42E-13 2.29E-13
 1.00E-74 1.00E-74 1.00E-74 8.90E-53 9.13E-43 1.08E-32 1.14E-24 2.99E-21
 1.05E-18 9.45E-17 8.60E-16 7.49E-15 3.93E-14 7.69E-14 1.24E-13 1.75E-13
 2.05E-13 2.36E-13 2.57E-13 2.61E-13 2.58E-13 2.50E-13 2.42E-13 2.29E-13
 1.00E-74 1.00E-74 1.00E-74 7.41E-53 9.16E-43 1.08E-32 1.15E-24 2.99E-21
 1.05E-18 9.43E-17 8.58E-16 7.47E-15 3.91E-14 7.66E-14 1.23E-13 1.74E-13
 2.04E-13 2.35E-13 2.56E-13 2.60E-13 2.58E-13 2.50E-13 2.42E-13 2.29E-13
 1.00E-74 1.00E-74 1.00E-74 7.56E-53 9.28E-43 1.10E-32 1.15E-24 2.99E-21
 1.04E-18 9.37E-17 8.50E-16 7.37E-15 3.86E-14 7.54E-14 1.21E-13 1.72E-13
 2.01E-13 2.31E-13 2.53E-13 2.57E-13 2.55E-13 2.47E-13 2.40E-13 2.27E-13
 1.00E-74 1.00E-74 1.00E-74 7.71E-53 9.60E-43 1.12E-32 1.17E-24 3.01E-21
 1.04E-18 9.21E-17 8.29E-16 7.13E-15 3.70E-14 7.22E-14 1.16E-13 1.65E-13
 1.93E-13 2.23E-13 2.44E-13 2.49E-13 2.48E-13 2.41E-13 2.35E-13 2.23E-13
 1.00E-74 1.00E-74 1.00E-74 8.59E-53 1.06E-42 1.22E-32 1.24E-24 3.10E-21
 1.03E-18 8.81E-17 7.73E-16 6.47E-15 3.29E-14 6.36E-14 1.02E-13 1.45E-13
 1.70E-13 1.98E-13 2.20E-13 2.26E-13 2.27E-13 2.24E-13 2.19E-13 2.10E-13
 1.00E-74 1.00E-74 1.00E-74 1.01E-52 1.24E-42 1.41E-32 1.38E-24 3.31E-21
 1.03E-18 8.10E-17 6.77E-16 5.35E-15 2.61E-14 4.97E-14 7.92E-14 1.12E-13
 1.33E-13 1.56E-13 1.76E-13 1.84E-13 1.88E-13 1.88E-13 1.87E-13 1.83E-13
 1.00E-74 1.00E-74 1.00E-74 1.20E-52 1.48E-42 1.70E-32 1.61E-24 3.62E-21
 1.01E-18 6.98E-17 5.38E-16 3.90E-15 1.77E-14 3.28E-14 5.14E-14 7.24E-14
 8.56E-14 1.01E-13 1.17E-13 1.24E-13 1.29E-13 1.32E-13 1.34E-13 1.35E-13
 1.00E-74 1.00E-74 1.00E-74 1.27E-52 1.59E-42 1.86E-32 1.75E-24 3.76E-21
 9.53E-19 5.72E-17 4.04E-16 2.65E-15 1.11E-14 2.00E-14 3.07E-14 4.27E-14
 5.04E-14 5.98E-14 6.95E-14 7.45E-14 7.87E-14 8.26E-14 8.49E-14 8.74E-14
 1.00E-74 1.00E-74 1.00E-74 1.16E-52 1.48E-42 1.78E-32 1.71E-24 3.49E-21
 7.74E-19 3.82E-17 2.41E-16 1.41E-15 5.40E-15 9.40E-15 1.41E-14 1.94E-14
 2.29E-14 2.72E-14 3.20E-14 3.47E-14 3.73E-14 3.99E-14 4.17E-14 4.41E-14
     1.4 A  24  24 /FILMEM = bn#97fe /TYPE = EXCIT    /INDM = T/ISEL =    3
 8.03E+10 8.03E+11 8.03E+12 8.03E+13 8.03E+14 8.03E+15 2.41E+16 8.03E+16
 2.41E+17 8.03E+17 2.41E+18 8.03E+18 2.41E+19 8.03E+19 2.41E+20 8.03E+20
 2.41E+21 8.03E+21 2.41E+22 8.03E+22 2.41E+23 8.03E+23 2.41E+24 8.03E+24
 2.91E+01 4.08E+01 5.82E+01 8.74E+01 1.16E+02 1.75E+02 2.91E+02 4.08E+02
 5.82E+02 8.74E+02 1.16E+03 1.75E+03 2.91E+03 4.08E+03 5.82E+03 8.74E+03
 1.16E+04 1.75E+04 2.91E+04 4.08E+04 5.82E+04 8.74E+04 1.16E+05 1.75E+05
 1.00E-74 1.00E-74 1.00E-74 1.00E-74 1.00E-74 2.61E-34 7.67E-26 3.09E-22
 1.48E-19 1.69E-17 1.74E-16 1.69E-15 9.64E-15 1.95E-14 3.21E-14 4.60E-14
 5.40E-14 6.24E-14 6.80E-14 6.89E-14 6.80E-14 6.56E-14 6.32E-14 5.95E-14
 1.00E-74 1.00E-74 1.00E-74 1.00E-74 1.02E-44 2.61E-34 7.67E-26 3.09E-22
 1.48E-19 1.69E-17 1.74E-16 1.69E-15 9.64E-15 1.95E-14 3.21E-14 4.60E-14
 5.40E-14 6.24E-14 6.80E-14 6.89E-14 6.80E-14 6.56E-14 6.32E-14 5.95E-14
 1.00E-74 1.00E-74 1.00E-74 1.00E-74 6.12E-45 2.61E-34 7.67E-26 3.09E-22
 1.48E-19 1.69E-17 1.74E-16 1.69E-15 9.64E-15 1.95E-14 3.21E-14 4.60E-14
 5.40E-14 6.24E-14 6.80E-14 6.89E-14 6.80E-14 6.56E-14 6.32E-14 5.95E-14
 1.00E-74 1.00E-74 1.00E-74 1.00E-74 6.12E-45 2.61E-34 7.67E-26 3.09E-22
 1.48E-19 1.69E-17 1.74E-16 1.69E-15 9.64E-15 1.95E-14 3.21E-14 4.60E-14
 5.40E-14 6.24E-14 6.80E-14 6.89E-14 6.80E-14 6.56E-14 6.32E-14 5.95E-14
 1.00E-74 1.00E-74 1.00E-74 1.00E-74 6.08E-45 2.61E-34 7.67E-26 3.09E-22
 1.48E-19 1.69E-17 1.74E-16 1.69E-15 9.64E-15 1.95E-14 3.21E-14 4.60E-14
 5.40E-14 6.24E-14 6.80E-14 6.89E-14 6.80E-14 6.56E-14 6.32E-14 5.95E-14
 1.00E-74 1.00E-74 1.00E-74 1.00E-74 6.08E-45 2.61E-34 7.67E-26 3.09E-22
 1.48E-19 1.69E-17 1.74E-16 1.69E-15 9.64E-15 1.95E-14 3.21E-14 4.60E-14
 5.40E-14 6.24E-14 6.80E-14 6.89E-14 6.80E-14 6.56E-14 6.32E-14 5.95E-14
 1.00E-74 1.00E-74 1.00E-74 1.00E-74 6.08E-45 2.61E-34 7.67E-26 3.09E-22
 1.48E-19 1.69E-17 1.74E-16 1.69E-15 9.64E-15 1.95E-14 3.21E-14 4.60E-14
 5.40E-14 6.24E-14 6.80E-14 6.89E-14 6.80E-14 6.56E-14 6.32E-14 5.95E-14
 1.00E-74 1.00E-74 1.00E-74 1.00E-74 6.08E-45 2.61E-34 7.67E-26 3.09E-22
 1.48E-19 1.69E-17 1.74E-16 1.69E-15 9.64E-15 1.95E-14 3.21E-14 4.60E-14
 5.40E-14 6.24E-14 6.80E-14 6.89E-14 6.80E-14 6.56E-14 6.32E-14 5.95E-14
 1.00E-74 1.00E-74 1.00E-74 1.00E-74 6.08E-45 2.61E-34 7.67E-26 3.09E-22
 1.48E-19 1.69E-17 1.74E-16 1.69E-15 9.64E-15 1.95E-14 3.21E-14 4.60E-14
 5.40E-14 6.24E-14 6.80E-14 6.89E-14 6.80E-14 6.56E-14 6.32E-14 5.95E-14
 1.00E-74 1.00E-74 1.00E-74 1.00E-74 6.08E-45 2.61E-34 7.67E-26 3.09E-22
 1.48E-19 1.69E-17 1.74E-16 1.69E-15 9.64E-15 1.95E-14 3.21E-14 4.60E-14
 5.40E-14 6.24E-14 6.80E-14 6.89E-14 6.80E-14 6.56E-14 6.32E-14 5.95E-14
 1.00E-74 1.00E-74 1.00E-74 1.00E-74 6.08E-45 2.61E-34 7.67E-26 3.09E-22
 1.48E-19 1.69E-17 1.74E-16 1.69E-15 9.64E-15 1.95E-14 3.21E-14 4.60E-14
 5.40E-14 6.24E-14 6.80E-14 6.89E-14 6.80E-14 6.56E-14 6.32E-14 5.95E-14
 1.00E-74 1.00E-74 1.00E-74 1.00E-74 6.08E-45 2.61E-34 7.67E-26 3.09E-22
 1.48E-19 1.69E-17 1.74E-16 1.69E-15 9.64E-15 1.95E-14 3.21E-14 4.60E-14
 5.40E-14 6.24E-14 6.79E-14 6.89E-14 6.80E-14 6.56E-14 6.32E-14 5.95E-14
 1.00E-74 1.00E-74 1.00E-74 1.00E-74 6.08E-45 2.61E-34 7.67E-26 3.09E-22
 1.48E-19 1.69E-17 1.74E-16 1.69E-15 9.64E-15 1.95E-14 3.21E-14 4.59E-14
 5.40E-14 6.24E-14 6.79E-14 6.88E-14 6.80E-14 6.56E-14 6.32E-14 5.94E-14
 1.00E-74 1.00E-74 1.00E-74 1.00E-74 6.09E-45 2.61E-34 7.67E-26 3.09E-22
 1.48E-19 1.69E-17 1.74E-16 1.69E-15 9.63E-15 1.95E-14 3.20E-14 4.59E-14
 5.40E-14 6.23E-14 6.79E-14 6.88E-14 6.80E-14 6.55E-14 6.32E-14 5.94E-14
 1.00E-74 1.00E-74 1.00E-74 1.00E-74 6.10E-45 2.61E-34 7.67E-26 3.08E-22
 1.48E-19 1.69E-17 1.73E-16 1.68E-15 9.61E-15 1.94E-14 3.20E-14 4.58E-14
 5.39E-14 6.22E-14 6.78E-14 6.87E-14 6.79E-14 6.55E-14 6.31E-14 5.94E-14
 1.00E-74 1.00E-74 1.00E-74 1.00E-74 6.14E-45 2.62E-34 7.67E-26 3.08E-22
 1.47E-19 1.68E-17 1.72E-16 1.67E-15 9.55E-15 1.93E-14 3.18E-14 4.55E-14
 5.36E-14 6.19E-14 6.75E-14 6.84E-14 6.77E-14 6.53E-14 6.30E-14 5.92E-14
 1.00E-74 1.00E-74 1.00E-74 1.00E-74 6.26E-45 2.66E-34 7.72E-26 3.08E-22
 1.47E-19 1.67E-17 1.71E-16 1.65E-15 9.42E-15 1.90E-14 3.13E-14 4.49E-14
 5.28E-14 6.11E-14 6.67E-14 6.77E-14 6.70E-14 6.47E-14 6.25E-14 5.88E-14
 1.00E-74 1.00E-74 1.00E-74 1.00E-74 6.64E-45 2.78E-34 7.95E-26 3.14E-22
 1.48E-19 1.66E-17 1.68E-16 1.62E-15 9.15E-15 1.84E-14 3.03E-14 4.35E-14
 5.12E-14 5.93E-14 6.49E-14 6.60E-14 6.55E-14 6.34E-14 6.13E-14 5.79E-14
 1.00E-74 1.00E-74 1.00E-74 1.00E-74 7.36E-45 3.05E-34 8.52E-26 3.30E-22
 1.52E-19 1.66E-17 1.66E-16 1.56E-15 8.70E-15 1.74E-14 2.86E-14 4.10E-14
 4.83E-14 5.61E-14 6.18E-14 6.31E-14 6.29E-14 6.12E-14 5.94E-14 5.64E-14
 1.00E-74 1.00E-74 1.00E-74 2.04E-55 8.69E-45 3.55E-34 9.61E-26 3.60E-22
 1.58E-19 1.64E-17 1.58E-16 1.43E-15 7.67E-15 1.52E-14 2.47E-14 3.55E-14
 4.20E-14 4.92E-14 5.50E-14 5.68E-14 5.73E-14 5.66E-14 5.55E-14 5.33E-14
 1.00E-74 1.00E-74 1.00E-74 2.38E-55 1.06E-44 4.27E-34 1.12E-25 3.97E-22
 1.62E-19 1.54E-17 1.39E-16 1.18E-15 6.04E-15 1.17E-14 1.89E-14 2.71E-14
 3.22E-14 3.82E-14 4.36E-14 4.58E-14 4.72E-14 4.77E-14 4.76E-14 4.69E-14
 1.00E-74 1.00E-74 1.00E-74 2.96E-55 1.29E-44 5.24E-34 1.33E-25 4.43E-22
 1.62E-19 1.33E-17 1.11E-16 8.56E-16 4.04E-15 7.61E-15 1.21E-14 1.71E-14
 2.04E-14 2.43E-14 2.83E-14 3.03E-14 3.19E-14 3.33E-14 3.40E-14 3.47E-14
 1.00E-74 1.00E-74 1.00E-74 3.10E-55 1.39E-44 5.78E-34 1.46E-25 4.63E-22
 1.53E-19 1.09E-17 8.30E-17 5.79E-16 2.52E-15 4.58E-15 7.10E-15 9.96E-15
 1.18E-14 1.41E-14 1.66E-14 1.80E-14 1.92E-14 2.05E-14 2.13E-14 2.23E-14
 1.00E-74 1.00E-74 1.00E-74 2.84E-55 1.30E-44 5.56E-34 1.43E-25 4.31E-22
 1.24E-19 7.31E-18 4.94E-17 3.06E-16 1.22E-15 2.14E-15 3.24E-15 4.49E-15
 5.31E-15 6.36E-15 7.57E-15 8.29E-15 9.02E-15 9.82E-15 1.04E-14 1.12E-14
     1.4 A  24  24 /FILMEM = bn#97fe /TYPE = EXCIT    /INDM = T/ISEL =    4
 8.03E+10 8.03E+11 8.03E+12 8.03E+13 8.03E+14 8.03E+15 2.41E+16 8.03E+16
 2.41E+17 8.03E+17 2.41E+18 8.03E+18 2.41E+19 8.03E+19 2.41E+20 8.03E+20
 2.41E+21 8.03E+21 2.41E+22 8.03E+22 2.41E+23 8.03E+23 2.41E+24 8.03E+24
 2.91E+01 4.08E+01 5.82E+01 8.74E+01 1.16E+02 1.75E+02 2.91E+02 4.08E+02
 5.82E+02 8.74E+02 1.16E+03 1.75E+03 2.91E+03 4.08E+03 5.82E+03 8.74E+03
 1.16E+04 1.75E+04 2.91E+04 4.08E+04 5.82E+04 8.74E+04 1.16E+05 1.75E+05
 1.00E-74 1.00E-74 1.00E-74 1.00E-74 1.00E-74 3.25E-35 1.51E-26 7.32E-23
 4.03E-20 5.13E-18 5.55E-17 5.69E-16 3.37E-15 6.91E-15 1.15E-14 1.66E-14
 1.95E-14 2.26E-14 2.46E-14 2.48E-14 2.45E-14 2.35E-14 2.26E-14 2.12E-14
 1.00E-74 1.00E-74 1.00E-74 1.00E-74 1.00E-74 3.25E-35 1.51E-26 7.32E-23
 4.03E-20 5.13E-18 5.55E-17 5.69E-16 3.37E-15 6.91E-15 1.15E-14 1.66E-14
 1.95E-14 2.26E-14 2.46E-14 2.48E-14 2.45E-14 2.35E-14 2.26E-14 2.12E-14
 1.00E-74 1.00E-74 1.00E-74 1.00E-74 3.28E-46 3.25E-35 1.51E-26 7.32E-23
 4.03E-20 5.13E-18 5.55E-17 5.69E-16 3.37E-15 6.91E-15 1.15E-14 1.66E-14
 1.95E-14 2.26E-14 2.46E-14 2.48E-14 2.45E-14 2.35E-14 2.26E-14 2.12E-14
 1.00E-74 1.00E-74 1.00E-74 1.00E-74 4.26E-46 3.25E-35 1.51E-26 7.32E-23
 4.03E-20 5.13E-18 5.55E-17 5.69E-16 3.37E-15 6.91E-15 1.15E-14 1.66E-14
 1.95E-14 2.26E-14 2.46E-14 2.48E-14 2.45E-14 2.35E-14 2.26E-14 2.12E-14
 1.00E-74 1.00E-74 1.00E-74 1.00E-74 4.26E-46 3.25E-35 1.51E-26 7.32E-23
 4.03E-20 5.13E-18 5.55E-17 5.69E-16 3.37E-15 6.91E-15 1.15E-14 1.66E-14
 1.95E-14 2.26E-14 2.46E-14 2.48E-14 2.45E-14 2.35E-14 2.26E-14 2.12E-14
 1.00E-74 1.00E-74 1.00E-74 1.00E-74 4.27E-46 3.25E-35 1.51E-26 7.32E-23
 4.03E-20 5.13E-18 5.55E-17 5.69E-16 3.37E-15 6.91E-15 1.15E-14 1.66E-14
 1.95E-14 2.26E-14 2.46E-14 2.48E-14 2.45E-14 2.35E-14 2.26E-14 2.12E-14
 1.00E-74 1.00E-74 1.00E-74 1.00E-74 4.27E-46 3.25E-35 1.51E-26 7.32E-23
 4.03E-20 5.13E-18 5.55E-17 5.69E-16 3.37E-15 6.91E-15 1.15E-14 1.66E-14
 1.95E-14 2.26E-14 2.46E-14 2.48E-14 2.45E-14 2.35E-14 2.26E-14 2.12E-14
 1.00E-74 1.00E-74 1.00E-74 1.00E-74 4.27E-46 3.25E-35 1.51E-26 7.32E-23
 4.03E-20 5.13E-18 5.55E-17 5.69E-16 3.37E-15 6.91E-15 1.15E-14 1.66E-14
 1.95E-14 2.26E-14 2.46E-14 2.48E-14 2.45E-14 2.35E-14 2.26E-14 2.12E-14
 1.00E-74 1.00E-74 1.00E-74 1.00E-74 4.27E-46 3.25E-35 1.51E-26 7.32E-23
 4.03E-20 5.13E-18 5.55E-17 5.69E-16 3.37E-15 6.91E-15 1.15E-14 1.66E-14
 1.95E-14 2.26E-14 2.46E-14 2.48E-14 2.45E-14 2.35E-14 2.26E-14 2.12E-14
 1.00E-74 1.00E-74 1.00E-74 1.00E-74 4.27E-46 3.25E-35 1.51E-26 7.32E-23
 4.03E-20 5.13E-18 5.55E-17 5.69E-16 3.37E-15 6.91E-15 1.15E-14 1.66E-14
 1.95E-14 2.26E-14 2.46E-14 2.48E-14 2.45E-14 2.35E-14 2.26E-14 2.12E-14
 1.00E-74 1.00E-74 1.00E-74 1.00E-74 4.27E-46 3.25E-35 1.51E-26 7.32E-23
 4.03E-20 5.13E-18 5.55E-17 5.69E-16 3.37E-15 6.91E-15 1.15E-14 1.66E-14
 1.95E-14 2.26E-14 2.46E-14 2.49E-14 2.45E-14 2.35E-14 2.26E-14 2.12E-14
 1.00E-74 1.00E-74 1.00E-74 1.00E-74 4.27E-46 3.25E-35 1.51E-26 7.32E-23
 4.03E-20 5.13E-18 5.56E-17 5.69E-16 3.37E-15 6.91E-15 1.15E-14 1.66E-14
 1.95E-14 2.26E-14 2.46E-14 2.49E-14 2.45E-14 2.35E-14 2.26E-14 2.12E-14
 1.00E-74 1.00E-74 1.00E-74 1.00E-74 4.28E-46 3.26E-35 1.51E-26 7.33E-23
 4.04E-20 5.13E-18 5.56E-17 5.70E-16 3.37E-15 6.91E-15 1.15E-14 1.66E-14
 1.95E-14 2.26E-14 2.46E-14 2.49E-14 2.45E-14 2.35E-14 2.27E-14 2.12E-14
 1.00E-74 1.00E-74 1.00E-74 1.00E-74 4.30E-46 3.27E-35 1.52E-26 7.36E-23
 4.05E-20 5.15E-18 5.57E-17 5.71E-16 3.37E-15 6.92E-15 1.15E-14 1.66E-14
 1.95E-14 2.26E-14 2.46E-14 2.49E-14 2.45E-14 2.36E-14 2.27E-14 2.12E-14
 1.00E-74 1.00E-74 1.00E-74 1.00E-74 4.36E-46 3.31E-35 1.53E-26 7.43E-23
 4.08E-20 5.19E-18 5.61E-17 5.74E-16 3.39E-15 6.96E-15 1.16E-14 1.67E-14
 1.96E-14 2.27E-14 2.47E-14 2.50E-14 2.46E-14 2.36E-14 2.27E-14 2.13E-14
 1.00E-74 1.00E-74 1.00E-74 1.00E-74 4.53E-46 3.43E-35 1.58E-26 7.64E-23
 4.19E-20 5.30E-18 5.72E-17 5.84E-16 3.44E-15 7.05E-15 1.17E-14 1.69E-14
 1.98E-14 2.29E-14 2.49E-14 2.52E-14 2.48E-14 2.38E-14 2.29E-14 2.14E-14
 1.00E-74 1.00E-74 1.00E-74 1.00E-74 4.83E-46 3.65E-35 1.67E-26 8.04E-23
 4.39E-20 5.52E-18 5.93E-17 6.02E-16 3.54E-15 7.23E-15 1.20E-14 1.72E-14
 2.03E-14 2.34E-14 2.54E-14 2.57E-14 2.53E-14 2.43E-14 2.33E-14 2.18E-14
 1.00E-74 1.00E-74 1.00E-74 1.00E-74 5.38E-46 4.03E-35 1.82E-26 8.69E-23
 4.69E-20 5.84E-18 6.22E-17 6.25E-16 3.65E-15 7.44E-15 1.23E-14 1.77E-14
 2.08E-14 2.41E-14 2.62E-14 2.65E-14 2.62E-14 2.52E-14 2.42E-14 2.27E-14
 1.00E-74 1.00E-74 1.00E-74 1.00E-74 6.12E-46 4.55E-35 2.02E-26 9.46E-23
 5.00E-20 6.07E-18 6.36E-17 6.28E-16 3.61E-15 7.33E-15 1.21E-14 1.74E-14
 2.06E-14 2.40E-14 2.63E-14 2.68E-14 2.66E-14 2.58E-14 2.50E-14 2.35E-14
 1.00E-74 1.00E-74 1.00E-74 1.00E-74 7.32E-46 5.37E-35 2.31E-26 1.05E-22
 5.31E-20 6.10E-18 6.16E-17 5.84E-16 3.25E-15 6.52E-15 1.07E-14 1.55E-14
 1.84E-14 2.16E-14 2.42E-14 2.50E-14 2.52E-14 2.49E-14 2.44E-14 2.34E-14
 1.00E-74 1.00E-74 1.00E-74 1.09E-56 8.94E-46 6.51E-35 2.70E-26 1.17E-22
 5.48E-20 5.75E-18 5.47E-17 4.87E-16 2.57E-15 5.06E-15 8.25E-15 1.19E-14
 1.42E-14 1.69E-14 1.94E-14 2.04E-14 2.11E-14 2.14E-14 2.14E-14 2.11E-14
 1.00E-74 1.00E-74 1.00E-74 1.31E-56 1.09E-45 8.00E-35 3.23E-26 1.30E-22
 5.48E-20 5.00E-18 4.37E-17 3.53E-16 1.72E-15 3.29E-15 5.27E-15 7.54E-15
 9.01E-15 1.08E-14 1.26E-14 1.36E-14 1.43E-14 1.50E-14 1.54E-14 1.57E-14
 1.00E-74 1.00E-74 1.00E-74 1.42E-56 1.18E-45 8.83E-35 3.55E-26 1.36E-22
 5.18E-20 4.10E-18 3.27E-17 2.39E-16 1.07E-15 1.98E-15 3.10E-15 4.38E-15
 5.22E-15 6.27E-15 7.41E-15 8.05E-15 8.64E-15 9.25E-15 9.65E-15 1.02E-14
 1.00E-74 1.00E-74 1.00E-74 1.34E-56 1.10E-45 8.51E-35 3.47E-26 1.27E-22
 4.21E-20 2.74E-18 1.95E-17 1.26E-16 5.19E-16 9.25E-16 1.42E-15 1.97E-15
 2.34E-15 2.83E-15 3.38E-15 3.71E-15 4.05E-15 4.43E-15 4.70E-15 5.08E-15
     9.7 A  24  24 /FILMEM = bn#97fe /TYPE = EXCIT    /INDM = T/ISEL =    5
 8.03E+10 8.03E+11 8.03E+12 8.03E+13 8.03E+14 8.03E+15 2.41E+16 8.03E+16
 2.41E+17 8.03E+17 2.41E+18 8.03E+18 2.41E+19 8.03E+19 2.41E+20 8.03E+20
 2.41E+21 8.03E+21 2.41E+22 8.03E+22 2.41E+23 8.03E+23 2.41E+24 8.03E+24
 2.91E+01 4.08E+01 5.82E+01 8.74E+01 1.16E+02 1.75E+02 2.91E+02 4.08E+02
 5.82E+02 8.74E+02 1.16E+03 1.75E+03 2.91E+03 4.08E+03 5.82E+03 8.74E+03
 1.16E+04 1.75E+04 2.91E+04 4.08E+04 5.82E+04 8.74E+04 1.16E+05 1.75E+05
 1.00E-74 1.00E-74 1.00E-74 1.00E-74 7.01E-43 8.51E-33 9.01E-25 2.36E-21
 8.25E-19 7.46E-17 6.79E-16 5.92E-15 3.10E-14 6.08E-14 9.79E-14 1.38E-13
 1.62E-13 1.86E-13 2.03E-13 2.06E-13 2.04E-13 1.97E-13 1.91E-13 1.81E-13
 1.00E-74 1.00E-74 1.00E-74 1.00E-74 7.01E-43 8.51E-33 9.01E-25 2.36E-21
 8.25E-19 7.46E-17 6.79E-16 5.92E-15 3.10E-14 6.08E-14 9.79E-14 1.38E-13
 1.62E-13 1.86E-13 2.03E-13 2.06E-13 2.04E-13 1.97E-13 1.91E-13 1.81E-13
 1.00E-74 1.00E-74 1.00E-74 1.00E-74 7.19E-43 8.51E-33 9.01E-25 2.36E-21
 8.25E-19 7.46E-17 6.79E-16 5.92E-15 3.10E-14 6.08E-14 9.79E-14 1.38E-13
 1.62E-13 1.86E-13 2.03E-13 2.06E-13 2.04E-13 1.97E-13 1.91E-13 1.81E-13
 1.00E-74 1.00E-74 1.00E-74 1.00E-74 7.18E-43 8.51E-33 9.01E-25 2.36E-21
 8.25E-19 7.46E-17 6.79E-16 5.92E-15 3.10E-14 6.08E-14 9.79E-14 1.38E-13
 1.62E-13 1.86E-13 2.03E-13 2.06E-13 2.04E-13 1.97E-13 1.91E-13 1.81E-13
 1.00E-74 1.00E-74 1.00E-74 1.00E-74 7.18E-43 8.51E-33 9.01E-25 2.36E-21
 8.25E-19 7.46E-17 6.79E-16 5.92E-15 3.10E-14 6.08E-14 9.79E-14 1.38E-13
 1.62E-13 1.86E-13 2.03E-13 2.06E-13 2.04E-13 1.97E-13 1.91E-13 1.81E-13
 1.00E-74 1.00E-74 1.00E-74 1.00E-74 7.18E-43 8.51E-33 9.01E-25 2.36E-21
 8.25E-19 7.46E-17 6.79E-16 5.92E-15 3.10E-14 6.08E-14 9.79E-14 1.38E-13
 1.62E-13 1.86E-13 2.03E-13 2.06E-13 2.04E-13 1.97E-13 1.91E-13 1.81E-13
 1.00E-74 1.00E-74 1.00E-74 1.00E-74 7.18E-43 8.51E-33 9.01E-25 2.36E-21
 8.25E-19 7.46E-17 6.79E-16 5.92E-15 3.10E-14 6.08E-14 9.79E-14 1.38E-13
 1.62E-13 1.86E-13 2.03E-13 2.06E-13 2.04E-13 1.97E-13 1.91E-13 1.81E-13
 1.00E-74 1.00E-74 1.00E-74 1.00E-74 7.18E-43 8.51E-33 9.01E-25 2.36E-21
 8.25E-19 7.46E-17 6.79E-16 5.92E-15 3.10E-14 6.08E-14 9.79E-14 1.38E-13
 1.62E-13 1.86E-13 2.03E-13 2.06E-13 2.04E-13 1.97E-13 1.91E-13 1.81E-13
 1.00E-74 1.00E-74 1.00E-74 1.00E-74 7.18E-43 8.51E-33 9.01E-25 2.36E-21
 8.25E-19 7.46E-17 6.79E-16 5.92E-15 3.10E-14 6.08E-14 9.79E-14 1.38E-13
 1.62E-13 1.86E-13 2.03E-13 2.06E-13 2.04E-13 1.97E-13 1.91E-13 1.81E-13
 1.00E-74 1.00E-74 1.00E-74 1.00E-74 7.18E-43 8.51E-33 9.01E-25 2.36E-21
 8.25E-19 7.46E-17 6.79E-16 5.92E-15 3.10E-14 6.08E-14 9.79E-14 1.38E-13
 1.62E-13 1.86E-13 2.03E-13 2.06E-13 2.04E-13 1.97E-13 1.91E-13 1.81E-13
 1.00E-74 1.00E-74 1.00E-74 1.00E-74 7.18E-43 8.51E-33 9.01E-25 2.36E-21
 8.25E-19 7.46E-17 6.79E-16 5.92E-15 3.10E-14 6.08E-14 9.79E-14 1.38E-13
 1.62E-13 1.86E-13 2.03E-13 2.06E-13 2.04E-13 1.97E-13 1.91E-13 1.81E-13
 1.00E-74 1.00E-74 1.00E-74 1.00E-74 7.18E-43 8.51E-33 9.02E-25 2.36E-21
 8.25E-19 7.46E-17 6.79E-16 5.92E-15 3.10E-14 6.08E-14 9.79E-14 1.38E-13
 1.62E-13 1.86E-13 2.03E-13 2.06E-13 2.04E-13 1.97E-13 1.91E-13 1.81E-13
 1.00E-74 1.00E-74 1.00E-74 1.00E-74 7.18E-43 8.51E-33 9.02E-25 2.36E-21
 8.25E-19 7.46E-17 6.79E-16 5.92E-15 3.10E-14 6.08E-14 9.79E-14 1.38E-13
 1.62E-13 1.86E-13 2.03E-13 2.06E-13 2.04E-13 1.97E-13 1.91E-13 1.81E-13
 1.00E-74 1.00E-74 1.00E-74 1.00E-74 7.18E-43 8.52E-33 9.02E-25 2.36E-21
 8.25E-19 7.46E-17 6.79E-16 5.92E-15 3.10E-14 6.07E-14 9.79E-14 1.38E-13
 1.62E-13 1.86E-13 2.03E-13 2.06E-13 2.04E-13 1.97E-13 1.91E-13 1.81E-13
 1.00E-74 1.00E-74 1.00E-74 1.00E-74 7.19E-43 8.52E-33 9.02E-25 2.36E-21
 8.25E-19 7.46E-17 6.79E-16 5.91E-15 3.10E-14 6.07E-14 9.78E-14 1.38E-13
 1.62E-13 1.86E-13 2.03E-13 2.06E-13 2.04E-13 1.97E-13 1.91E-13 1.81E-13
 1.00E-74 1.00E-74 1.00E-74 7.01E-53 7.19E-43 8.53E-33 9.02E-25 2.36E-21
 8.25E-19 7.45E-17 6.78E-16 5.91E-15 3.10E-14 6.06E-14 9.77E-14 1.38E-13
 1.61E-13 1.86E-13 2.02E-13 2.05E-13 2.04E-13 1.97E-13 1.91E-13 1.81E-13
 1.00E-74 1.00E-74 1.00E-74 5.84E-53 7.22E-43 8.55E-33 9.03E-25 2.36E-21
 8.24E-19 7.43E-17 6.76E-16 5.88E-15 3.08E-14 6.03E-14 9.72E-14 1.37E-13
 1.61E-13 1.85E-13 2.02E-13 2.05E-13 2.03E-13 1.97E-13 1.90E-13 1.80E-13
 1.00E-74 1.00E-74 1.00E-74 5.96E-53 7.31E-43 8.63E-33 9.08E-25 2.36E-21
 8.22E-19 7.38E-17 6.70E-16 5.81E-15 3.04E-14 5.94E-14 9.57E-14 1.35E-13
 1.58E-13 1.82E-13 1.99E-13 2.02E-13 2.01E-13 1.95E-13 1.89E-13 1.79E-13
 1.00E-74 1.00E-74 1.00E-74 6.08E-53 7.57E-43 8.87E-33 9.22E-25 2.38E-21
 8.18E-19 7.26E-17 6.53E-16 5.62E-15 2.92E-14 5.69E-14 9.17E-14 1.30E-13
 1.52E-13 1.76E-13 1.93E-13 1.96E-13 1.96E-13 1.90E-13 1.85E-13 1.76E-13
 1.00E-74 1.00E-74 1.00E-74 6.77E-53 8.33E-43 9.61E-33 9.74E-25 2.45E-21
 8.15E-19 6.94E-17 6.10E-16 5.10E-15 2.59E-14 5.02E-14 8.06E-14 1.14E-13
 1.34E-13 1.56E-13 1.73E-13 1.78E-13 1.79E-13 1.76E-13 1.72E-13 1.65E-13
 1.00E-74 1.00E-74 1.00E-74 7.98E-53 9.76E-43 1.11E-32 1.09E-24 2.61E-21
 8.12E-19 6.38E-17 5.33E-16 4.22E-15 2.05E-14 3.92E-14 6.25E-14 8.86E-14
 1.05E-13 1.23E-13 1.39E-13 1.45E-13 1.48E-13 1.49E-13 1.47E-13 1.44E-13
 1.00E-74 1.00E-74 1.00E-74 9.47E-53 1.17E-42 1.34E-32 1.27E-24 2.85E-21
 7.99E-19 5.50E-17 4.24E-16 3.07E-15 1.39E-14 2.58E-14 4.05E-14 5.71E-14
 6.75E-14 8.00E-14 9.19E-14 9.75E-14 1.02E-13 1.04E-13 1.06E-13 1.06E-13
 1.00E-74 1.00E-74 1.00E-74 1.00E-52 1.25E-42 1.46E-32 1.38E-24 2.96E-21
 7.51E-19 4.51E-17 3.18E-16 2.09E-15 8.77E-15 1.58E-14 2.42E-14 3.37E-14
 3.97E-14 4.72E-14 5.48E-14 5.87E-14 6.21E-14 6.51E-14 6.69E-14 6.89E-14
 1.00E-74 1.00E-74 1.00E-74 9.17E-53 1.17E-42 1.40E-32 1.35E-24 2.75E-21
 6.10E-19 3.01E-17 1.90E-16 1.11E-15 4.26E-15 7.41E-15 1.11E-14 1.53E-14
 1.80E-14 2.15E-14 2.52E-14 2.73E-14 2.94E-14 3.15E-14 3.29E-14 3.47E-14
     7.2 A  24  24 /FILMEM = bn#97fe /TYPE = EXCIT    /INDM = T/ISEL =    6
 8.03E+10 8.03E+11 8.03E+12 8.03E+13 8.03E+14 8.03E+15 2.41E+16 8.03E+16
 2.41E+17 8.03E+17 2.41E+18 8.03E+18 2.41E+19 8.03E+19 2.41E+20 8.03E+20
 2.41E+21 8.03E+21 2.41E+22 8.03E+22 2.41E+23 8.03E+23 2.41E+24 8.03E+24
 2.91E+01 4.08E+01 5.82E+01 8.74E+01 1.16E+02 1.75E+02 2.91E+02 4.08E+02
 5.82E+02 8.74E+02 1.16E+03 1.75E+03 2.91E+03 4.08E+03 5.82E+03 8.74E+03
 1.16E+04 1.75E+04 2.91E+04 4.08E+04 5.82E+04 8.74E+04 1.16E+05 1.75E+05
 1.00E-74 1.00E-74 1.00E-74 1.00E-74 1.00E-74 1.72E-34 5.05E-26 2.03E-22
 9.76E-20 1.11E-17 1.14E-16 1.11E-15 6.35E-15 1.28E-14 2.11E-14 3.02E-14
 3.55E-14 4.11E-14 4.47E-14 4.53E-14 4.48E-14 4.32E-14 4.16E-14 3.91E-14
 1.00E-74 1.00E-74 1.00E-74 1.00E-74 6.72E-45 1.72E-34 5.05E-26 2.03E-22
 9.76E-20 1.11E-17 1.14E-16 1.11E-15 6.35E-15 1.28E-14 2.11E-14 3.02E-14
 3.55E-14 4.11E-14 4.47E-14 4.53E-14 4.48E-14 4.32E-14 4.16E-14 3.91E-14
 1.00E-74 1.00E-74 1.00E-74 1.00E-74 4.03E-45 1.72E-34 5.05E-26 2.03E-22
 9.76E-20 1.11E-17 1.14E-16 1.11E-15 6.35E-15 1.28E-14 2.11E-14 3.02E-14
 3.55E-14 4.11E-14 4.47E-14 4.53E-14 4.48E-14 4.32E-14 4.16E-14 3.91E-14
 1.00E-74 1.00E-74 1.00E-74 1.00E-74 4.03E-45 1.72E-34 5.05E-26 2.03E-22
 9.76E-20 1.11E-17 1.14E-16 1.11E-15 6.35E-15 1.28E-14 2.11E-14 3.02E-14
 3.55E-14 4.11E-14 4.47E-14 4.53E-14 4.48E-14 4.32E-14 4.16E-14 3.91E-14
 1.00E-74 1.00E-74 1.00E-74 1.00E-74 4.00E-45 1.72E-34 5.05E-26 2.03E-22
 9.76E-20 1.11E-17 1.14E-16 1.11E-15 6.35E-15 1.28E-14 2.11E-14 3.02E-14
 3.55E-14 4.11E-14 4.47E-14 4.53E-14 4.48E-14 4.32E-14 4.16E-14 3.91E-14
 1.00E-74 1.00E-74 1.00E-74 1.00E-74 4.00E-45 1.72E-34 5.05E-26 2.03E-22
 9.76E-20 1.11E-17 1.14E-16 1.11E-15 6.35E-15 1.28E-14 2.11E-14 3.02E-14
 3.55E-14 4.11E-14 4.47E-14 4.53E-14 4.48E-14 4.32E-14 4.16E-14 3.91E-14
 1.00E-74 1.00E-74 1.00E-74 1.00E-74 4.00E-45 1.72E-34 5.05E-26 2.03E-22
 9.76E-20 1.11E-17 1.14E-16 1.11E-15 6.35E-15 1.28E-14 2.11E-14 3.02E-14
 3.55E-14 4.11E-14 4.47E-14 4.53E-14 4.48E-14 4.32E-14 4.16E-14 3.91E-14
 1.00E-74 1.00E-74 1.00E-74 1.00E-74 4.00E-45 1.72E-34 5.05E-26 2.03E-22
 9.76E-20 1.11E-17 1.14E-16 1.11E-15 6.35E-15 1.28E-14 2.11E-14 3.02E-14
 3.55E-14 4.11E-14 4.47E-14 4.53E-14 4.48E-14 4.32E-14 4.16E-14 3.91E-14
 1.00E-74 1.00E-74 1.00E-74 1.00E-74 4.00E-45 1.72E-34 5.05E-26 2.03E-22
 9.76E-20 1.11E-17 1.14E-16 1.11E-15 6.35E-15 1.28E-14 2.11E-14 3.02E-14
 3.55E-14 4.11E-14 4.47E-14 4.53E-14 4.48E-14 4.32E-14 4.16E-14 3.91E-14
 1.00E-74 1.00E-74 1.00E-74 1.00E-74 4.00E-45 1.72E-34 5.05E-26 2.03E-22
 9.75E-20 1.11E-17 1.14E-16 1.11E-15 6.35E-15 1.28E-14 2.11E-14 3.02E-14
 3.55E-14 4.10E-14 4.47E-14 4.53E-14 4.48E-14 4.32E-14 4.16E-14 3.91E-14
 1.00E-74 1.00E-74 1.00E-74 1.00E-74 4.00E-45 1.72E-34 5.05E-26 2.03E-22
 9.75E-20 1.11E-17 1.14E-16 1.11E-15 6.35E-15 1.28E-14 2.11E-14 3.02E-14
 3.55E-14 4.10E-14 4.47E-14 4.53E-14 4.48E-14 4.32E-14 4.16E-14 3.91E-14
 1.00E-74 1.00E-74 1.00E-74 1.00E-74 4.00E-45 1.72E-34 5.05E-26 2.03E-22
 9.75E-20 1.11E-17 1.14E-16 1.11E-15 6.35E-15 1.28E-14 2.11E-14 3.02E-14
 3.55E-14 4.10E-14 4.47E-14 4.53E-14 4.48E-14 4.32E-14 4.16E-14 3.91E-14
 1.00E-74 1.00E-74 1.00E-74 1.00E-74 4.00E-45 1.72E-34 5.05E-26 2.03E-22
 9.75E-20 1.11E-17 1.14E-16 1.11E-15 6.34E-15 1.28E-14 2.11E-14 3.02E-14
 3.55E-14 4.10E-14 4.47E-14 4.53E-14 4.48E-14 4.31E-14 4.16E-14 3.91E-14
 1.00E-74 1.00E-74 1.00E-74 1.00E-74 4.01E-45 1.72E-34 5.05E-26 2.03E-22
 9.75E-20 1.11E-17 1.14E-16 1.11E-15 6.34E-15 1.28E-14 2.11E-14 3.02E-14
 3.55E-14 4.10E-14 4.47E-14 4.53E-14 4.47E-14 4.31E-14 4.16E-14 3.91E-14
 1.00E-74 1.00E-74 1.00E-74 1.00E-74 4.01E-45 1.72E-34 5.05E-26 2.03E-22
 9.74E-20 1.11E-17 1.14E-16 1.11E-15 6.33E-15 1.28E-14 2.10E-14 3.02E-14
 3.55E-14 4.09E-14 4.46E-14 4.52E-14 4.47E-14 4.31E-14 4.16E-14 3.91E-14
 1.00E-74 1.00E-74 1.00E-74 1.00E-74 4.04E-45 1.72E-34 5.05E-26 2.03E-22
 9.71E-20 1.11E-17 1.13E-16 1.10E-15 6.29E-15 1.27E-14 2.09E-14 3.00E-14
 3.52E-14 4.07E-14 4.44E-14 4.50E-14 4.45E-14 4.29E-14 4.14E-14 3.90E-14
 1.00E-74 1.00E-74 1.00E-74 1.00E-74 4.12E-45 1.75E-34 5.08E-26 2.03E-22
 9.67E-20 1.10E-17 1.12E-16 1.09E-15 6.20E-15 1.25E-14 2.06E-14 2.96E-14
 3.48E-14 4.02E-14 4.39E-14 4.46E-14 4.41E-14 4.26E-14 4.11E-14 3.87E-14
 1.00E-74 1.00E-74 1.00E-74 1.00E-74 4.37E-45 1.83E-34 5.23E-26 2.07E-22
 9.74E-20 1.09E-17 1.11E-16 1.06E-15 6.02E-15 1.21E-14 1.99E-14 2.86E-14
 3.37E-14 3.90E-14 4.27E-14 4.35E-14 4.31E-14 4.17E-14 4.04E-14 3.81E-14
 1.00E-74 1.00E-74 1.00E-74 1.00E-74 4.85E-45 2.01E-34 5.61E-26 2.17E-22
 1.00E-19 1.10E-17 1.09E-16 1.03E-15 5.73E-15 1.15E-14 1.88E-14 2.70E-14
 3.18E-14 3.69E-14 4.07E-14 4.16E-14 4.14E-14 4.03E-14 3.91E-14 3.71E-14
 1.00E-74 1.00E-74 1.00E-74 1.34E-55 5.72E-45 2.33E-34 6.33E-26 2.37E-22
 1.04E-19 1.08E-17 1.04E-16 9.39E-16 5.05E-15 9.99E-15 1.63E-14 2.33E-14
 2.76E-14 3.24E-14 3.62E-14 3.74E-14 3.77E-14 3.72E-14 3.65E-14 3.51E-14
 1.00E-74 1.00E-74 1.00E-74 1.57E-55 6.95E-45 2.81E-34 7.35E-26 2.61E-22
 1.07E-19 1.01E-17 9.17E-17 7.79E-16 3.97E-15 7.71E-15 1.24E-14 1.78E-14
 2.12E-14 2.51E-14 2.87E-14 3.01E-14 3.10E-14 3.14E-14 3.13E-14 3.09E-14
 1.00E-74 1.00E-74 1.00E-74 1.95E-55 8.46E-45 3.45E-34 8.76E-26 2.92E-22
 1.07E-19 8.78E-18 7.30E-17 5.63E-16 2.66E-15 5.01E-15 7.93E-15 1.13E-14
 1.34E-14 1.60E-14 1.86E-14 1.99E-14 2.10E-14 2.19E-14 2.24E-14 2.28E-14
 1.00E-74 1.00E-74 1.00E-74 2.04E-55 9.15E-45 3.80E-34 9.63E-26 3.05E-22
 1.01E-19 7.19E-18 5.46E-17 3.81E-16 1.66E-15 3.02E-15 4.67E-15 6.55E-15
 7.77E-15 9.30E-15 1.09E-14 1.18E-14 1.27E-14 1.35E-14 1.40E-14 1.47E-14
 1.00E-74 1.00E-74 1.00E-74 1.87E-55 8.57E-45 3.66E-34 9.40E-26 2.84E-22
 8.18E-20 4.81E-18 3.25E-17 2.01E-16 8.00E-16 1.41E-15 2.13E-15 2.95E-15
 3.49E-15 4.19E-15 4.98E-15 5.46E-15 5.93E-15 6.46E-15 6.84E-15 7.36E-15
     6.4 A  24  24 /FILMEM = bn#97fe /TYPE = EXCIT    /INDM = T/ISEL =    7
 8.03E+10 8.03E+11 8.03E+12 8.03E+13 8.03E+14 8.03E+15 2.41E+16 8.03E+16
 2.41E+17 8.03E+17 2.41E+18 8.03E+18 2.41E+19 8.03E+19 2.41E+20 8.03E+20
 2.41E+21 8.03E+21 2.41E+22 8.03E+22 2.41E+23 8.03E+23 2.41E+24 8.03E+24
 2.91E+01 4.08E+01 5.82E+01 8.74E+01 1.16E+02 1.75E+02 2.91E+02 4.08E+02
 5.82E+02 8.74E+02 1.16E+03 1.75E+03 2.91E+03 4.08E+03 5.82E+03 8.74E+03
 1.16E+04 1.75E+04 2.91E+04 4.08E+04 5.82E+04 8.74E+04 1.16E+05 1.75E+05
 1.00E-74 1.00E-74 1.00E-74 1.00E-74 1.00E-74 2.01E-35 9.30E-27 4.52E-23
 2.49E-20 3.16E-18 3.43E-17 3.51E-16 2.08E-15 4.26E-15 7.09E-15 1.02E-14
 1.20E-14 1.39E-14 1.52E-14 1.53E-14 1.51E-14 1.45E-14 1.40E-14 1.31E-14
 1.00E-74 1.00E-74 1.00E-74 1.00E-74 1.00E-74 2.01E-35 9.30E-27 4.52E-23
 2.49E-20 3.16E-18 3.43E-17 3.51E-16 2.08E-15 4.26E-15 7.09E-15 1.02E-14
 1.20E-14 1.39E-14 1.52E-14 1.53E-14 1.51E-14 1.45E-14 1.40E-14 1.31E-14
 1.00E-74 1.00E-74 1.00E-74 1.00E-74 2.02E-46 2.01E-35 9.30E-27 4.52E-23
 2.49E-20 3.16E-18 3.43E-17 3.51E-16 2.08E-15 4.26E-15 7.09E-15 1.02E-14
 1.20E-14 1.39E-14 1.52E-14 1.53E-14 1.51E-14 1.45E-14 1.40E-14 1.31E-14
 1.00E-74 1.00E-74 1.00E-74 1.00E-74 2.63E-46 2.01E-35 9.30E-27 4.52E-23
 2.49E-20 3.16E-18 3.43E-17 3.51E-16 2.08E-15 4.26E-15 7.09E-15 1.02E-14
 1.20E-14 1.39E-14 1.52E-14 1.53E-14 1.51E-14 1.45E-14 1.40E-14 1.31E-14
 1.00E-74 1.00E-74 1.00E-74 1.00E-74 2.63E-46 2.01E-35 9.30E-27 4.52E-23
 2.49E-20 3.16E-18 3.43E-17 3.51E-16 2.08E-15 4.26E-15 7.09E-15 1.02E-14
 1.20E-14 1.39E-14 1.52E-14 1.53E-14 1.51E-14 1.45E-14 1.40E-14 1.31E-14
 1.00E-74 1.00E-74 1.00E-74 1.00E-74 2.63E-46 2.01E-35 9.30E-27 4.52E-23
 2.49E-20 3.16E-18 3.43E-17 3.51E-16 2.08E-15 4.26E-15 7.09E-15 1.02E-14
 1.20E-14 1.39E-14 1.52E-14 1.53E-14 1.51E-14 1.45E-14 1.40E-14 1.31E-14
 1.00E-74 1.00E-74 1.00E-74 1.00E-74 2.63E-46 2.01E-35 9.30E-27 4.52E-23
 2.49E-20 3.16E-18 3.43E-17 3.51E-16 2.08E-15 4.26E-15 7.09E-15 1.02E-14
 1.20E-14 1.39E-14 1.52E-14 1.53E-14 1.51E-14 1.45E-14 1.40E-14 1.31E-14
 1.00E-74 1.00E-74 1.00E-74 1.00E-74 2.63E-46 2.01E-35 9.30E-27 4.52E-23
 2.49E-20 3.16E-18 3.43E-17 3.51E-16 2.08E-15 4.26E-15 7.09E-15 1.02E-14
 1.20E-14 1.39E-14 1.52E-14 1.53E-14 1.51E-14 1.45E-14 1.40E-14 1.31E-14
 1.00E-74 1.00E-74 1.00E-74 1.00E-74 2.63E-46 2.01E-35 9.30E-27 4.52E-23
 2.49E-20 3.16E-18 3.43E-17 3.51E-16 2.08E-15 4.26E-15 7.09E-15 1.02E-14
 1.20E-14 1.39E-14 1.52E-14 1.53E-14 1.51E-14 1.45E-14 1.40E-14 1.31E-14
 1.00E-74 1.00E-74 1.00E-74 1.00E-74 2.63E-46 2.01E-35 9.30E-27 4.52E-23
 2.49E-20 3.16E-18 3.43E-17 3.51E-16 2.08E-15 4.26E-15 7.09E-15 1.02E-14
 1.20E-14 1.39E-14 1.52E-14 1.53E-14 1.51E-14 1.45E-14 1.40E-14 1.31E-14
 1.00E-74 1.00E-74 1.00E-74 1.00E-74 2.63E-46 2.01E-35 9.30E-27 4.52E-23
 2.49E-20 3.16E-18 3.43E-17 3.51E-16 2.08E-15 4.26E-15 7.09E-15 1.02E-14
 1.20E-14 1.39E-14 1.52E-14 1.53E-14 1.51E-14 1.45E-14 1.40E-14 1.31E-14
 1.00E-74 1.00E-74 1.00E-74 1.00E-74 2.64E-46 2.01E-35 9.30E-27 4.52E-23
 2.49E-20 3.16E-18 3.43E-17 3.51E-16 2.08E-15 4.26E-15 7.09E-15 1.02E-14
 1.20E-14 1.39E-14 1.52E-14 1.53E-14 1.51E-14 1.45E-14 1.40E-14 1.31E-14
 1.00E-74 1.00E-74 1.00E-74 1.00E-74 2.64E-46 2.01E-35 9.31E-27 4.52E-23
 2.49E-20 3.17E-18 3.43E-17 3.52E-16 2.08E-15 4.26E-15 7.10E-15 1.02E-14
 1.20E-14 1.39E-14 1.52E-14 1.53E-14 1.51E-14 1.45E-14 1.40E-14 1.31E-14
 1.00E-74 1.00E-74 1.00E-74 1.00E-74 2.65E-46 2.02E-35 9.35E-27 4.54E-23
 2.50E-20 3.18E-18 3.44E-17 3.52E-16 2.08E-15 4.27E-15 7.11E-15 1.02E-14
 1.21E-14 1.39E-14 1.52E-14 1.54E-14 1.51E-14 1.45E-14 1.40E-14 1.31E-14
 1.00E-74 1.00E-74 1.00E-74 1.00E-74 2.69E-46 2.04E-35 9.45E-27 4.58E-23
 2.52E-20 3.20E-18 3.46E-17 3.54E-16 2.09E-15 4.29E-15 7.14E-15 1.03E-14
 1.21E-14 1.40E-14 1.52E-14 1.54E-14 1.52E-14 1.46E-14 1.40E-14 1.31E-14
 1.00E-74 1.00E-74 1.00E-74 1.00E-74 2.79E-46 2.12E-35 9.74E-27 4.71E-23
 2.59E-20 3.27E-18 3.53E-17 3.60E-16 2.12E-15 4.35E-15 7.23E-15 1.04E-14
 1.22E-14 1.41E-14 1.54E-14 1.55E-14 1.53E-14 1.47E-14 1.41E-14 1.32E-14
 1.00E-74 1.00E-74 1.00E-74 1.00E-74 2.98E-46 2.25E-35 1.03E-26 4.96E-23
 2.71E-20 3.41E-18 3.66E-17 3.72E-16 2.18E-15 4.46E-15 7.40E-15 1.06E-14
 1.25E-14 1.44E-14 1.57E-14 1.58E-14 1.56E-14 1.50E-14 1.44E-14 1.35E-14
 1.00E-74 1.00E-74 1.00E-74 1.00E-74 3.32E-46 2.49E-35 1.12E-26 5.36E-23
 2.90E-20 3.60E-18 3.83E-17 3.86E-16 2.25E-15 4.59E-15 7.60E-15 1.09E-14
 1.29E-14 1.49E-14 1.62E-14 1.64E-14 1.61E-14 1.55E-14 1.49E-14 1.40E-14
 1.00E-74 1.00E-74 1.00E-74 1.00E-74 3.78E-46 2.80E-35 1.24E-26 5.83E-23
 3.09E-20 3.75E-18 3.92E-17 3.87E-16 2.23E-15 4.52E-15 7.47E-15 1.08E-14
 1.27E-14 1.48E-14 1.62E-14 1.65E-14 1.64E-14 1.59E-14 1.54E-14 1.45E-14
 1.00E-74 1.00E-74 1.00E-74 1.00E-74 4.51E-46 3.32E-35 1.43E-26 6.48E-23
 3.28E-20 3.77E-18 3.80E-17 3.60E-16 2.00E-15 4.02E-15 6.61E-15 9.55E-15
 1.13E-14 1.33E-14 1.49E-14 1.54E-14 1.56E-14 1.54E-14 1.51E-14 1.45E-14
 1.00E-74 1.00E-74 1.00E-74 6.75E-57 5.51E-46 4.02E-35 1.67E-26 7.20E-23
 3.38E-20 3.55E-18 3.38E-17 3.00E-16 1.59E-15 3.12E-15 5.09E-15 7.35E-15
 8.77E-15 1.04E-14 1.20E-14 1.26E-14 1.30E-14 1.32E-14 1.32E-14 1.30E-14
 1.00E-74 1.00E-74 1.00E-74 8.10E-57 6.73E-46 4.94E-35 1.99E-26 8.05E-23
 3.38E-20 3.09E-18 2.70E-17 2.18E-16 1.06E-15 2.03E-15 3.25E-15 4.66E-15
 5.56E-15 6.67E-15 7.80E-15 8.37E-15 8.85E-15 9.26E-15 9.48E-15 9.70E-15
 1.00E-74 1.00E-74 1.00E-74 8.77E-57 7.28E-46 5.45E-35 2.19E-26 8.42E-23
 3.19E-20 2.53E-18 2.02E-17 1.47E-16 6.63E-16 1.22E-15 1.91E-15 2.70E-15
 3.22E-15 3.87E-15 4.57E-15 4.97E-15 5.33E-15 5.71E-15 5.95E-15 6.26E-15
 1.00E-74 1.00E-74 1.00E-74 8.30E-57 6.82E-46 5.25E-35 2.14E-26 7.84E-23
 2.60E-20 1.69E-18 1.20E-17 7.78E-17 3.20E-16 5.71E-16 8.73E-16 1.22E-15
 1.45E-15 1.74E-15 2.08E-15 2.29E-15 2.50E-15 2.73E-15 2.90E-15 3.13E-15
    27.7 A  24  24 /FILMEM = bn#97fe /TYPE = EXCIT    /INDM = T/ISEL =    8
 8.03E+10 8.03E+11 8.03E+12 8.03E+13 8.03E+14 8.03E+15 2.41E+16 8.03E+16
 2.41E+17 8.03E+17 2.41E+18 8.03E+18 2.41E+19 8.03E+19 2.41E+20 8.03E+20
 2.41E+21 8.03E+21 2.41E+22 8.03E+22 2.41E+23 8.03E+23 2.41E+24 8.03E+24
 2.91E+01 4.08E+01 5.82E+01 8.74E+01 1.16E+02 1.75E+02 2.91E+02 4.08E+02
 5.82E+02 8.74E+02 1.16E+03 1.75E+03 2.91E+03 4.08E+03 5.82E+03 8.74E+03
 1.16E+04 1.75E+04 2.91E+04 4.08E+04 5.82E+04 8.74E+04 1.16E+05 1.75E+05
 1.00E-74 1.00E-74 1.00E-74 1.00E-74 1.00E-74 1.83E-34 5.39E-26 2.17E-22
 1.04E-19 1.19E-17 1.22E-16 1.19E-15 6.78E-15 1.37E-14 2.25E-14 3.23E-14
 3.79E-14 4.38E-14 4.77E-14 4.84E-14 4.78E-14 4.61E-14 4.44E-14 4.18E-14
 1.00E-74 1.00E-74 1.00E-74 1.00E-74 7.17E-45 1.83E-34 5.39E-26 2.17E-22
 1.04E-19 1.19E-17 1.22E-16 1.19E-15 6.78E-15 1.37E-14 2.25E-14 3.23E-14
 3.79E-14 4.38E-14 4.77E-14 4.84E-14 4.78E-14 4.61E-14 4.44E-14 4.18E-14
 1.00E-74 1.00E-74 1.00E-74 1.00E-74 4.30E-45 1.83E-34 5.39E-26 2.17E-22
 1.04E-19 1.19E-17 1.22E-16 1.19E-15 6.78E-15 1.37E-14 2.25E-14 3.23E-14
 3.79E-14 4.38E-14 4.77E-14 4.84E-14 4.78E-14 4.61E-14 4.44E-14 4.18E-14
 1.00E-74 1.00E-74 1.00E-74 1.00E-74 4.30E-45 1.83E-34 5.39E-26 2.17E-22
 1.04E-19 1.19E-17 1.22E-16 1.19E-15 6.78E-15 1.37E-14 2.25E-14 3.23E-14
 3.79E-14 4.38E-14 4.77E-14 4.84E-14 4.78E-14 4.61E-14 4.44E-14 4.18E-14
 1.00E-74 1.00E-74 1.00E-74 1.00E-74 4.27E-45 1.83E-34 5.39E-26 2.17E-22
 1.04E-19 1.19E-17 1.22E-16 1.19E-15 6.78E-15 1.37E-14 2.25E-14 3.23E-14
 3.79E-14 4.38E-14 4.77E-14 4.84E-14 4.78E-14 4.61E-14 4.44E-14 4.18E-14
 1.00E-74 1.00E-74 1.00E-74 1.00E-74 4.27E-45 1.83E-34 5.39E-26 2.17E-22
 1.04E-19 1.19E-17 1.22E-16 1.19E-15 6.78E-15 1.37E-14 2.25E-14 3.23E-14
 3.79E-14 4.38E-14 4.77E-14 4.84E-14 4.78E-14 4.61E-14 4.44E-14 4.18E-14
 1.00E-74 1.00E-74 1.00E-74 1.00E-74 4.27E-45 1.83E-34 5.39E-26 2.17E-22
 1.04E-19 1.19E-17 1.22E-16 1.19E-15 6.78E-15 1.37E-14 2.25E-14 3.23E-14
 3.79E-14 4.38E-14 4.77E-14 4.84E-14 4.78E-14 4.61E-14 4.44E-14 4.18E-14
 1.00E-74 1.00E-74 1.00E-74 1.00E-74 4.27E-45 1.83E-34 5.39E-26 2.17E-22
 1.04E-19 1.19E-17 1.22E-16 1.19E-15 6.78E-15 1.37E-14 2.25E-14 3.23E-14
 3.79E-14 4.38E-14 4.77E-14 4.84E-14 4.78E-14 4.61E-14 4.44E-14 4.18E-14
 1.00E-74 1.00E-74 1.00E-74 1.00E-74 4.27E-45 1.83E-34 5.39E-26 2.17E-22
 1.04E-19 1.19E-17 1.22E-16 1.19E-15 6.78E-15 1.37E-14 2.25E-14 3.23E-14
 3.79E-14 4.38E-14 4.77E-14 4.84E-14 4.78E-14 4.61E-14 4.44E-14 4.18E-14
 1.00E-74 1.00E-74 1.00E-74 1.00E-74 4.27E-45 1.83E-34 5.39E-26 2.17E-22
 1.04E-19 1.19E-17 1.22E-16 1.19E-15 6.78E-15 1.37E-14 2.25E-14 3.23E-14
 3.79E-14 4.38E-14 4.77E-14 4.84E-14 4.78E-14 4.61E-14 4.44E-14 4.18E-14
 1.00E-74 1.00E-74 1.00E-74 1.00E-74 4.27E-45 1.83E-34 5.39E-26 2.17E-22
 1.04E-19 1.19E-17 1.22E-16 1.19E-15 6.78E-15 1.37E-14 2.25E-14 3.23E-14
 3.79E-14 4.38E-14 4.77E-14 4.84E-14 4.78E-14 4.61E-14 4.44E-14 4.18E-14
 1.00E-74 1.00E-74 1.00E-74 1.00E-74 4.27E-45 1.83E-34 5.39E-26 2.17E-22
 1.04E-19 1.19E-17 1.22E-16 1.19E-15 6.77E-15 1.37E-14 2.25E-14 3.23E-14
 3.79E-14 4.38E-14 4.77E-14 4.84E-14 4.78E-14 4.61E-14 4.44E-14 4.18E-14
 1.00E-74 1.00E-74 1.00E-74 1.00E-74 4.28E-45 1.83E-34 5.39E-26 2.17E-22
 1.04E-19 1.19E-17 1.22E-16 1.19E-15 6.77E-15 1.37E-14 2.25E-14 3.23E-14
 3.79E-14 4.38E-14 4.77E-14 4.84E-14 4.78E-14 4.61E-14 4.44E-14 4.18E-14
 1.00E-74 1.00E-74 1.00E-74 1.00E-74 4.28E-45 1.83E-34 5.39E-26 2.17E-22
 1.04E-19 1.19E-17 1.22E-16 1.18E-15 6.77E-15 1.37E-14 2.25E-14 3.23E-14
 3.79E-14 4.38E-14 4.77E-14 4.83E-14 4.78E-14 4.60E-14 4.44E-14 4.18E-14
 1.00E-74 1.00E-74 1.00E-74 1.00E-74 4.29E-45 1.83E-34 5.39E-26 2.17E-22
 1.04E-19 1.19E-17 1.22E-16 1.18E-15 6.75E-15 1.37E-14 2.25E-14 3.22E-14
 3.78E-14 4.37E-14 4.76E-14 4.83E-14 4.77E-14 4.60E-14 4.44E-14 4.17E-14
 1.00E-74 1.00E-74 1.00E-74 1.00E-74 4.31E-45 1.84E-34 5.39E-26 2.16E-22
 1.04E-19 1.18E-17 1.21E-16 1.18E-15 6.71E-15 1.36E-14 2.23E-14 3.20E-14
 3.76E-14 4.35E-14 4.74E-14 4.81E-14 4.75E-14 4.58E-14 4.42E-14 4.16E-14
 1.00E-74 1.00E-74 1.00E-74 1.00E-74 4.40E-45 1.87E-34 5.42E-26 2.17E-22
 1.03E-19 1.17E-17 1.20E-16 1.16E-15 6.62E-15 1.34E-14 2.20E-14 3.16E-14
 3.71E-14 4.29E-14 4.69E-14 4.76E-14 4.71E-14 4.55E-14 4.39E-14 4.13E-14
 1.00E-74 1.00E-74 1.00E-74 1.00E-74 4.67E-45 1.95E-34 5.59E-26 2.21E-22
 1.04E-19 1.17E-17 1.18E-16 1.14E-15 6.43E-15 1.29E-14 2.13E-14 3.05E-14
 3.59E-14 4.16E-14 4.56E-14 4.64E-14 4.60E-14 4.45E-14 4.31E-14 4.07E-14
 1.00E-74 1.00E-74 1.00E-74 1.00E-74 5.17E-45 2.14E-34 5.99E-26 2.32E-22
 1.07E-19 1.17E-17 1.17E-16 1.10E-15 6.11E-15 1.22E-14 2.01E-14 2.88E-14
 3.39E-14 3.94E-14 4.34E-14 4.44E-14 4.42E-14 4.30E-14 4.18E-14 3.96E-14
 1.00E-74 1.00E-74 1.00E-74 1.43E-55 6.10E-45 2.49E-34 6.75E-26 2.53E-22
 1.11E-19 1.15E-17 1.11E-16 1.00E-15 5.39E-15 1.07E-14 1.74E-14 2.49E-14
 2.95E-14 3.45E-14 3.86E-14 3.99E-14 4.03E-14 3.98E-14 3.90E-14 3.74E-14
 1.00E-74 1.00E-74 1.00E-74 1.67E-55 7.42E-45 3.00E-34 7.84E-26 2.79E-22
 1.14E-19 1.08E-17 9.79E-17 8.31E-16 4.24E-15 8.23E-15 1.33E-14 1.90E-14
 2.26E-14 2.68E-14 3.06E-14 3.22E-14 3.31E-14 3.35E-14 3.35E-14 3.30E-14
 1.00E-74 1.00E-74 1.00E-74 2.08E-55 9.03E-45 3.68E-34 9.36E-26 3.11E-22
 1.14E-19 9.37E-18 7.79E-17 6.01E-16 2.84E-15 5.35E-15 8.47E-15 1.20E-14
 1.43E-14 1.71E-14 1.99E-14 2.13E-14 2.24E-14 2.34E-14 2.39E-14 2.44E-14
 1.00E-74 1.00E-74 1.00E-74 2.18E-55 9.76E-45 4.06E-34 1.03E-25 3.25E-22
 1.07E-19 7.68E-18 5.83E-17 4.07E-16 1.77E-15 3.22E-15 4.99E-15 7.00E-15
 8.29E-15 9.92E-15 1.17E-14 1.26E-14 1.35E-14 1.44E-14 1.50E-14 1.57E-14
 1.00E-74 1.00E-74 1.00E-74 1.99E-55 9.14E-45 3.91E-34 1.00E-25 3.03E-22
 8.74E-20 5.13E-18 3.47E-17 2.15E-16 8.55E-16 1.50E-15 2.28E-15 3.15E-15
 3.73E-15 4.47E-15 5.32E-15 5.83E-15 6.33E-15 6.90E-15 7.30E-15 7.85E-15
    19.0 A  24  24 /FILMEM = bn#97fe /TYPE = EXCIT    /INDM = T/ISEL =    9
 8.03E+10 8.03E+11 8.03E+12 8.03E+13 8.03E+14 8.03E+15 2.41E+16 8.03E+16
 2.41E+17 8.03E+17 2.41E+18 8.03E+18 2.41E+19 8.03E+19 2.41E+20 8.03E+20
 2.41E+21 8.03E+21 2.41E+22 8.03E+22 2.41E+23 8.03E+23 2.41E+24 8.03E+24
 2.91E+01 4.08E+01 5.82E+01 8.74E+01 1.16E+02 1.75E+02 2.91E+02 4.08E+02
 5.82E+02 8.74E+02 1.16E+03 1.75E+03 2.91E+03 4.08E+03 5.82E+03 8.74E+03
 1.16E+04 1.75E+04 2.91E+04 4.08E+04 5.82E+04 8.74E+04 1.16E+05 1.75E+05
 1.00E-74 1.00E-74 1.00E-74 1.00E-74 1.00E-74 1.75E-35 8.09E-27 3.93E-23
 2.17E-20 2.75E-18 2.98E-17 3.06E-16 1.81E-15 3.71E-15 6.17E-15 8.90E-15
 1.05E-14 1.21E-14 1.32E-14 1.34E-14 1.32E-14 1.26E-14 1.22E-14 1.14E-14
 1.00E-74 1.00E-74 1.00E-74 1.00E-74 1.00E-74 1.75E-35 8.09E-27 3.93E-23
 2.17E-20 2.75E-18 2.98E-17 3.06E-16 1.81E-15 3.71E-15 6.17E-15 8.90E-15
 1.05E-14 1.21E-14 1.32E-14 1.34E-14 1.32E-14 1.26E-14 1.22E-14 1.14E-14
 1.00E-74 1.00E-74 1.00E-74 1.00E-74 1.76E-46 1.75E-35 8.09E-27 3.93E-23
 2.17E-20 2.75E-18 2.98E-17 3.06E-16 1.81E-15 3.71E-15 6.17E-15 8.90E-15
 1.05E-14 1.21E-14 1.32E-14 1.34E-14 1.32E-14 1.26E-14 1.22E-14 1.14E-14
 1.00E-74 1.00E-74 1.00E-74 1.00E-74 2.29E-46 1.75E-35 8.09E-27 3.93E-23
 2.17E-20 2.75E-18 2.98E-17 3.06E-16 1.81E-15 3.71E-15 6.17E-15 8.90E-15
 1.05E-14 1.21E-14 1.32E-14 1.34E-14 1.32E-14 1.26E-14 1.22E-14 1.14E-14
 1.00E-74 1.00E-74 1.00E-74 1.00E-74 2.29E-46 1.75E-35 8.09E-27 3.93E-23
 2.17E-20 2.75E-18 2.98E-17 3.06E-16 1.81E-15 3.71E-15 6.17E-15 8.90E-15
 1.05E-14 1.21E-14 1.32E-14 1.34E-14 1.32E-14 1.26E-14 1.22E-14 1.14E-14
 1.00E-74 1.00E-74 1.00E-74 1.00E-74 2.29E-46 1.75E-35 8.09E-27 3.93E-23
 2.17E-20 2.75E-18 2.98E-17 3.06E-16 1.81E-15 3.71E-15 6.17E-15 8.90E-15
 1.05E-14 1.21E-14 1.32E-14 1.34E-14 1.32E-14 1.26E-14 1.22E-14 1.14E-14
 1.00E-74 1.00E-74 1.00E-74 1.00E-74 2.29E-46 1.75E-35 8.09E-27 3.93E-23
 2.17E-20 2.75E-18 2.98E-17 3.06E-16 1.81E-15 3.71E-15 6.17E-15 8.90E-15
 1.05E-14 1.21E-14 1.32E-14 1.34E-14 1.32E-14 1.26E-14 1.22E-14 1.14E-14
 1.00E-74 1.00E-74 1.00E-74 1.00E-74 2.29E-46 1.75E-35 8.09E-27 3.93E-23
 2.17E-20 2.75E-18 2.98E-17 3.06E-16 1.81E-15 3.71E-15 6.17E-15 8.90E-15
 1.05E-14 1.21E-14 1.32E-14 1.34E-14 1.32E-14 1.26E-14 1.22E-14 1.14E-14
 1.00E-74 1.00E-74 1.00E-74 1.00E-74 2.29E-46 1.75E-35 8.09E-27 3.93E-23
 2.17E-20 2.75E-18 2.98E-17 3.06E-16 1.81E-15 3.71E-15 6.17E-15 8.90E-15
 1.05E-14 1.21E-14 1.32E-14 1.34E-14 1.32E-14 1.26E-14 1.22E-14 1.14E-14
 1.00E-74 1.00E-74 1.00E-74 1.00E-74 2.29E-46 1.75E-35 8.09E-27 3.93E-23
 2.17E-20 2.75E-18 2.98E-17 3.06E-16 1.81E-15 3.71E-15 6.17E-15 8.90E-15
 1.05E-14 1.21E-14 1.32E-14 1.34E-14 1.32E-14 1.26E-14 1.22E-14 1.14E-14
 1.00E-74 1.00E-74 1.00E-74 1.00E-74 2.29E-46 1.75E-35 8.10E-27 3.93E-23
 2.17E-20 2.75E-18 2.98E-17 3.06E-16 1.81E-15 3.71E-15 6.17E-15 8.90E-15
 1.05E-14 1.21E-14 1.32E-14 1.34E-14 1.32E-14 1.26E-14 1.22E-14 1.14E-14
 1.00E-74 1.00E-74 1.00E-74 1.00E-74 2.29E-46 1.75E-35 8.10E-27 3.93E-23
 2.17E-20 2.76E-18 2.98E-17 3.06E-16 1.81E-15 3.71E-15 6.17E-15 8.90E-15
 1.05E-14 1.21E-14 1.32E-14 1.34E-14 1.32E-14 1.26E-14 1.22E-14 1.14E-14
 1.00E-74 1.00E-74 1.00E-74 1.00E-74 2.30E-46 1.75E-35 8.11E-27 3.94E-23
 2.17E-20 2.76E-18 2.99E-17 3.06E-16 1.81E-15 3.71E-15 6.18E-15 8.90E-15
 1.05E-14 1.21E-14 1.32E-14 1.34E-14 1.32E-14 1.27E-14 1.22E-14 1.14E-14
 1.00E-74 1.00E-74 1.00E-74 1.00E-74 2.31E-46 1.76E-35 8.14E-27 3.95E-23
 2.18E-20 2.77E-18 2.99E-17 3.07E-16 1.81E-15 3.72E-15 6.19E-15 8.92E-15
 1.05E-14 1.21E-14 1.32E-14 1.34E-14 1.32E-14 1.27E-14 1.22E-14 1.14E-14
 1.00E-74 1.00E-74 1.00E-74 1.00E-74 2.34E-46 1.78E-35 8.23E-27 3.99E-23
 2.19E-20 2.79E-18 3.01E-17 3.09E-16 1.82E-15 3.74E-15 6.21E-15 8.95E-15
 1.05E-14 1.22E-14 1.33E-14 1.34E-14 1.32E-14 1.27E-14 1.22E-14 1.14E-14
 1.00E-74 1.00E-74 1.00E-74 1.00E-74 2.43E-46 1.84E-35 8.48E-27 4.11E-23
 2.25E-20 2.85E-18 3.07E-17 3.14E-16 1.85E-15 3.79E-15 6.29E-15 9.06E-15
 1.07E-14 1.23E-14 1.34E-14 1.35E-14 1.33E-14 1.28E-14 1.23E-14 1.15E-14
 1.00E-74 1.00E-74 1.00E-74 1.00E-74 2.60E-46 1.96E-35 8.96E-27 4.32E-23
 2.36E-20 2.97E-18 3.19E-17 3.24E-16 1.90E-15 3.89E-15 6.44E-15 9.26E-15
 1.09E-14 1.26E-14 1.37E-14 1.38E-14 1.36E-14 1.30E-14 1.25E-14 1.17E-14
 1.00E-74 1.00E-74 1.00E-74 1.00E-74 2.89E-46 2.16E-35 9.78E-27 4.67E-23
 2.52E-20 3.13E-18 3.34E-17 3.36E-16 1.96E-15 3.99E-15 6.61E-15 9.51E-15
 1.12E-14 1.29E-14 1.41E-14 1.43E-14 1.41E-14 1.35E-14 1.30E-14 1.22E-14
 1.00E-74 1.00E-74 1.00E-74 1.00E-74 3.29E-46 2.44E-35 1.08E-26 5.08E-23
 2.69E-20 3.26E-18 3.41E-17 3.37E-16 1.94E-15 3.94E-15 6.51E-15 9.37E-15
 1.11E-14 1.29E-14 1.41E-14 1.44E-14 1.43E-14 1.39E-14 1.34E-14 1.26E-14
 1.00E-74 1.00E-74 1.00E-74 1.00E-74 3.93E-46 2.89E-35 1.24E-26 5.64E-23
 2.85E-20 3.28E-18 3.31E-17 3.14E-16 1.74E-15 3.50E-15 5.76E-15 8.31E-15
 9.87E-15 1.16E-14 1.30E-14 1.34E-14 1.36E-14 1.34E-14 1.31E-14 1.26E-14
 1.00E-74 1.00E-74 1.00E-74 5.87E-57 4.80E-46 3.50E-35 1.45E-26 6.27E-23
 2.94E-20 3.09E-18 2.94E-17 2.62E-16 1.38E-15 2.72E-15 4.43E-15 6.40E-15
 7.63E-15 9.09E-15 1.04E-14 1.10E-14 1.13E-14 1.15E-14 1.15E-14 1.13E-14
 1.00E-74 1.00E-74 1.00E-74 7.05E-57 5.86E-46 4.30E-35 1.74E-26 7.01E-23
 2.94E-20 2.69E-18 2.35E-17 1.90E-16 9.26E-16 1.77E-15 2.83E-15 4.05E-15
 4.84E-15 5.81E-15 6.79E-15 7.29E-15 7.70E-15 8.06E-15 8.26E-15 8.45E-15
 1.00E-74 1.00E-74 1.00E-74 7.64E-57 6.34E-46 4.74E-35 1.91E-26 7.33E-23
 2.78E-20 2.20E-18 1.76E-17 1.28E-16 5.77E-16 1.07E-15 1.67E-15 2.36E-15
 2.80E-15 3.37E-15 3.98E-15 4.32E-15 4.64E-15 4.97E-15 5.18E-15 5.45E-15
 1.00E-74 1.00E-74 1.00E-74 7.22E-57 5.93E-46 4.57E-35 1.87E-26 6.83E-23
 2.26E-20 1.47E-18 1.05E-17 6.78E-17 2.79E-16 4.97E-16 7.60E-16 1.06E-15
 1.26E-15 1.52E-15 1.81E-15 1.99E-15 2.18E-15 2.38E-15 2.52E-15 2.73E-15
    59.9 A  24  24 /FILMEM = bn#97fe /TYPE = EXCIT    /INDM = T/ISEL =   10
 8.03E+10 8.03E+11 8.03E+12 8.03E+13 8.03E+14 8.03E+15 2.41E+16 8.03E+16
 2.41E+17 8.03E+17 2.41E+18 8.03E+18 2.41E+19 8.03E+19 2.41E+20 8.03E+20
 2.41E+21 8.03E+21 2.41E+22 8.03E+22 2.41E+23 8.03E+23 2.41E+24 8.03E+24
 2.91E+01 4.08E+01 5.82E+01 8.74E+01 1.16E+02 1.75E+02 2.91E+02 4.08E+02
 5.82E+02 8.74E+02 1.16E+03 1.75E+03 2.91E+03 4.08E+03 5.82E+03 8.74E+03
 1.16E+04 1.75E+04 2.91E+04 4.08E+04 5.82E+04 8.74E+04 1.16E+05 1.75E+05
 1.00E-74 1.00E-74 1.00E-74 1.00E-74 1.00E-74 2.13E-35 9.86E-27 4.79E-23
 2.64E-20 3.35E-18 3.63E-17 3.72E-16 2.20E-15 4.52E-15 7.52E-15 1.08E-14
 1.28E-14 1.48E-14 1.61E-14 1.63E-14 1.60E-14 1.54E-14 1.48E-14 1.39E-14
 1.00E-74 1.00E-74 1.00E-74 1.00E-74 1.00E-74 2.13E-35 9.86E-27 4.79E-23
 2.64E-20 3.35E-18 3.63E-17 3.72E-16 2.20E-15 4.52E-15 7.52E-15 1.08E-14
 1.28E-14 1.48E-14 1.61E-14 1.63E-14 1.60E-14 1.54E-14 1.48E-14 1.39E-14
 1.00E-74 1.00E-74 1.00E-74 1.00E-74 2.15E-46 2.13E-35 9.86E-27 4.79E-23
 2.64E-20 3.35E-18 3.63E-17 3.72E-16 2.20E-15 4.52E-15 7.52E-15 1.08E-14
 1.28E-14 1.48E-14 1.61E-14 1.63E-14 1.60E-14 1.54E-14 1.48E-14 1.39E-14
 1.00E-74 1.00E-74 1.00E-74 1.00E-74 2.79E-46 2.13E-35 9.86E-27 4.79E-23
 2.64E-20 3.35E-18 3.63E-17 3.72E-16 2.20E-15 4.52E-15 7.52E-15 1.08E-14
 1.28E-14 1.48E-14 1.61E-14 1.63E-14 1.60E-14 1.54E-14 1.48E-14 1.39E-14
 1.00E-74 1.00E-74 1.00E-74 1.00E-74 2.79E-46 2.13E-35 9.86E-27 4.79E-23
 2.64E-20 3.35E-18 3.63E-17 3.72E-16 2.20E-15 4.52E-15 7.52E-15 1.08E-14
 1.28E-14 1.48E-14 1.61E-14 1.63E-14 1.60E-14 1.54E-14 1.48E-14 1.39E-14
 1.00E-74 1.00E-74 1.00E-74 1.00E-74 2.79E-46 2.13E-35 9.86E-27 4.79E-23
 2.64E-20 3.35E-18 3.63E-17 3.72E-16 2.20E-15 4.52E-15 7.52E-15 1.08E-14
 1.28E-14 1.48E-14 1.61E-14 1.63E-14 1.60E-14 1.54E-14 1.48E-14 1.39E-14
 1.00E-74 1.00E-74 1.00E-74 1.00E-74 2.79E-46 2.13E-35 9.86E-27 4.79E-23
 2.64E-20 3.35E-18 3.63E-17 3.72E-16 2.20E-15 4.52E-15 7.52E-15 1.08E-14
 1.28E-14 1.48E-14 1.61E-14 1.63E-14 1.60E-14 1.54E-14 1.48E-14 1.39E-14
 1.00E-74 1.00E-74 1.00E-74 1.00E-74 2.79E-46 2.13E-35 9.86E-27 4.79E-23
 2.64E-20 3.35E-18 3.63E-17 3.72E-16 2.20E-15 4.52E-15 7.52E-15 1.08E-14
 1.28E-14 1.48E-14 1.61E-14 1.63E-14 1.60E-14 1.54E-14 1.48E-14 1.39E-14
 1.00E-74 1.00E-74 1.00E-74 1.00E-74 2.79E-46 2.13E-35 9.86E-27 4.79E-23
 2.64E-20 3.35E-18 3.63E-17 3.72E-16 2.20E-15 4.52E-15 7.52E-15 1.08E-14
 1.28E-14 1.48E-14 1.61E-14 1.63E-14 1.60E-14 1.54E-14 1.48E-14 1.39E-14
 1.00E-74 1.00E-74 1.00E-74 1.00E-74 2.79E-46 2.13E-35 9.86E-27 4.79E-23
 2.64E-20 3.35E-18 3.63E-17 3.72E-16 2.20E-15 4.52E-15 7.52E-15 1.08E-14
 1.28E-14 1.48E-14 1.61E-14 1.63E-14 1.60E-14 1.54E-14 1.48E-14 1.39E-14
 1.00E-74 1.00E-74 1.00E-74 1.00E-74 2.79E-46 2.13E-35 9.86E-27 4.79E-23
 2.64E-20 3.35E-18 3.63E-17 3.72E-16 2.20E-15 4.52E-15 7.52E-15 1.08E-14
 1.28E-14 1.48E-14 1.61E-14 1.63E-14 1.60E-14 1.54E-14 1.48E-14 1.39E-14
 1.00E-74 1.00E-74 1.00E-74 1.00E-74 2.79E-46 2.13E-35 9.86E-27 4.79E-23
 2.64E-20 3.36E-18 3.63E-17 3.73E-16 2.20E-15 4.52E-15 7.52E-15 1.08E-14
 1.28E-14 1.48E-14 1.61E-14 1.63E-14 1.60E-14 1.54E-14 1.48E-14 1.39E-14
 1.00E-74 1.00E-74 1.00E-74 1.00E-74 2.80E-46 2.13E-35 9.87E-27 4.80E-23
 2.64E-20 3.36E-18 3.64E-17 3.73E-16 2.20E-15 4.52E-15 7.52E-15 1.08E-14
 1.28E-14 1.48E-14 1.61E-14 1.63E-14 1.60E-14 1.54E-14 1.48E-14 1.39E-14
 1.00E-74 1.00E-74 1.00E-74 1.00E-74 2.81E-46 2.14E-35 9.91E-27 4.81E-23
 2.65E-20 3.37E-18 3.65E-17 3.74E-16 2.21E-15 4.53E-15 7.53E-15 1.09E-14
 1.28E-14 1.48E-14 1.61E-14 1.63E-14 1.60E-14 1.54E-14 1.48E-14 1.39E-14
 1.00E-74 1.00E-74 1.00E-74 1.00E-74 2.85E-46 2.17E-35 1.00E-26 4.86E-23
 2.67E-20 3.39E-18 3.67E-17 3.76E-16 2.22E-15 4.55E-15 7.57E-15 1.09E-14
 1.28E-14 1.48E-14 1.61E-14 1.63E-14 1.61E-14 1.55E-14 1.49E-14 1.39E-14
 1.00E-74 1.00E-74 1.00E-74 1.00E-74 2.96E-46 2.24E-35 1.03E-26 5.00E-23
 2.74E-20 3.47E-18 3.74E-17 3.82E-16 2.25E-15 4.61E-15 7.66E-15 1.10E-14
 1.30E-14 1.50E-14 1.63E-14 1.65E-14 1.62E-14 1.56E-14 1.50E-14 1.40E-14
 1.00E-74 1.00E-74 1.00E-74 1.00E-74 3.16E-46 2.39E-35 1.09E-26 5.26E-23
 2.87E-20 3.61E-18 3.88E-17 3.94E-16 2.31E-15 4.73E-15 7.85E-15 1.13E-14
 1.33E-14 1.53E-14 1.66E-14 1.68E-14 1.65E-14 1.59E-14 1.53E-14 1.43E-14
 1.00E-74 1.00E-74 1.00E-74 1.00E-74 3.52E-46 2.64E-35 1.19E-26 5.69E-23
 3.07E-20 3.82E-18 4.07E-17 4.09E-16 2.39E-15 4.86E-15 8.06E-15 1.16E-14
 1.36E-14 1.58E-14 1.72E-14 1.74E-14 1.71E-14 1.65E-14 1.58E-14 1.48E-14
 1.00E-74 1.00E-74 1.00E-74 1.00E-74 4.00E-46 2.97E-35 1.32E-26 6.19E-23
 3.27E-20 3.97E-18 4.16E-17 4.11E-16 2.36E-15 4.79E-15 7.92E-15 1.14E-14
 1.35E-14 1.57E-14 1.72E-14 1.75E-14 1.74E-14 1.69E-14 1.63E-14 1.54E-14
 1.00E-74 1.00E-74 1.00E-74 1.00E-74 4.79E-46 3.52E-35 1.51E-26 6.87E-23
 3.47E-20 3.99E-18 4.03E-17 3.82E-16 2.13E-15 4.26E-15 7.01E-15 1.01E-14
 1.20E-14 1.41E-14 1.58E-14 1.64E-14 1.65E-14 1.63E-14 1.60E-14 1.53E-14
 1.00E-74 1.00E-74 1.00E-74 7.15E-57 5.85E-46 4.26E-35 1.77E-26 7.63E-23
 3.58E-20 3.76E-18 3.58E-17 3.19E-16 1.68E-15 3.31E-15 5.40E-15 7.79E-15
 9.30E-15 1.11E-14 1.27E-14 1.34E-14 1.38E-14 1.40E-14 1.40E-14 1.38E-14
 1.00E-74 1.00E-74 1.00E-74 8.58E-57 7.13E-46 5.24E-35 2.12E-26 8.53E-23
 3.59E-20 3.27E-18 2.86E-17 2.31E-16 1.13E-15 2.15E-15 3.45E-15 4.94E-15
 5.89E-15 7.07E-15 8.27E-15 8.87E-15 9.38E-15 9.82E-15 1.01E-14 1.03E-14
 1.00E-74 1.00E-74 1.00E-74 9.30E-57 7.72E-46 5.78E-35 2.33E-26 8.93E-23
 3.39E-20 2.68E-18 2.14E-17 1.56E-16 7.03E-16 1.30E-15 2.03E-15 2.87E-15
 3.41E-15 4.10E-15 4.85E-15 5.27E-15 5.66E-15 6.05E-15 6.31E-15 6.64E-15
 1.00E-74 1.00E-74 1.00E-74 8.80E-57 7.23E-46 5.57E-35 2.27E-26 8.32E-23
 2.76E-20 1.79E-18 1.27E-17 8.25E-17 3.39E-16 6.05E-16 9.26E-16 1.29E-15
 1.53E-15 1.85E-15 2.21E-15 2.43E-15 2.65E-15 2.90E-15 3.07E-15 3.32E-15
C-----------------------------------------------------------------------
C
C  PHOTON EMISSIVITY COEFFICIENTS:
C
C 
C  INFORMATION
C  -----------
C 
C  NUCLEAR CHARGE = 26
C  ION CHARGE +1  = 26
C 
C  SPECIFIC ION FILE  : /home/adas/adas/adf04/copha#h/copha#h_bn#97fe.dat
C  EXPANSION FILE     : 
C 
C  No ionisation data has been included
C
C  OPTIONS  : LNORM=T  LPSEL=F  LZSEL=F  LIOSEL=T
C             LHSEL=F  LRSEL=F  LISEL=F  LNSEL =T
C
C
C   Configuration           (2S+1)L(w-1/2)          Energy (cm**-1)
C     1   n=1                  (2)0( 0.5)              0.0
C     2   n=2                  (2)0( 3.5)       55636789.7
C     3   n=3                  (2)0( 8.5)       65939898.9
C     4   n=4                  (2)0(15.5)       69545987.1
C     5   n=5                  (2)0(24.5)       71215090.8
C
C
C  POPULATION PROCESSING CODE:  ADAS208
C
C  ISEL  WAVELENGTH      TRANSITION            TYPE    METASTABLE  IMET NMET  IP
C  ----  ----------  ------------------------  -----  ------------ ---- ----  --
C   1.       1.8     2(2)0( 3.5)- 1(2)0( 0.5)  EXCIT                 T     1
C   2.       1.5     3(2)0( 8.5)- 1(2)0( 0.5)  EXCIT                 T     1
C   3.       1.4     4(2)0(15.5)- 1(2)0( 0.5)  EXCIT                 T     1
C   4.       1.4     5(2)0(24.5)- 1(2)0( 0.5)  EXCIT                 T     1
C   5.       9.7     3(2)0( 8.5)- 2(2)0( 3.5)  EXCIT                 T     1
C   6.       7.2     4(2)0(15.5)- 2(2)0( 3.5)  EXCIT                 T     1
C   7.       6.4     5(2)0(24.5)- 2(2)0( 3.5)  EXCIT                 T     1
C   8.      27.7     4(2)0(15.5)- 3(2)0( 8.5)  EXCIT                 T     1
C   9.      19.0     5(2)0(24.5)- 3(2)0( 8.5)  EXCIT                 T     1
C  10.      59.9     5(2)0(24.5)- 4(2)0(15.5)  EXCIT                 T     1
C
C  CODE     : ADAS208
C  PRODUCER : Martin O'Mullane              
C  DATE     : 08/01/04
C
C-------------------------------------------------------------------------------
C
C  This file is intended to provide PEC data for elements not yet
C  in the GCR framework. There may be a large variability in data
C  quality between ionisation stages of the same element. The adf04
C  file will indicate the source/quality of the fundamental data.
C  
C  Note that this file was not produced as part of the GCR Project. 
C  No recombination or projection data is used - only the low
C  levels (in the adf04 file) have been included in the collisional-
C  radiative calculation.
C
C  Check the adf15/pec96#<el>/ directories to see if more complete
C  data is available for this ionisation stage.
C
C-------------------------------------------------------------------------------

C--------------------------------------------------------------------------------
C  SCCS info: Module @(#)$Header: /home/adascvs/adas/adf15/transport/transport_llu#fe25.dat,v 1.1 2004/07/07 00:32:02 whitefor Exp $ Date $Date: 2004/07/07 00:32:02 $
C--------------------------------------------------------------------------------
