    5    /Fe+16 EMISSIVITY COEFFTS./
    15.0 A  24  24 /FILMEM = b06#fe16/TYPE = EXCIT    /INDM = T/ISEL =    1
 4.10E+09 4.10E+10 4.10E+11 4.10E+12 4.10E+13 4.10E+14 1.23E+15 4.10E+15
 1.23E+16 4.10E+16 1.23E+17 4.10E+17 1.23E+18 4.10E+18 1.23E+19 4.10E+19
 1.23E+20 4.10E+20 1.23E+21 4.10E+21 1.23E+22 4.10E+22 1.23E+23 4.10E+23
 1.25E+01 1.74E+01 2.49E+01 3.74E+01 4.98E+01 7.47E+01 1.25E+02 1.74E+02
 2.49E+02 3.74E+02 4.98E+02 7.47E+02 1.25E+03 1.74E+03 2.49E+03 3.74E+03
 4.98E+03 7.47E+03 1.25E+04 1.74E+04 2.49E+04 3.74E+04 4.98E+04 7.47E+04
 2.87E-38 4.16E-30 5.25E-24 2.77E-19 6.15E-17 1.30E-14 8.84E-13 5.19E-12
 1.90E-11 5.04E-11 8.09E-11 1.28E-10 1.82E-10 2.10E-10 2.30E-10 2.44E-10
 2.48E-10 2.48E-10 2.42E-10 2.36E-10 2.28E-10 2.19E-10 2.11E-10 2.01E-10
 2.87E-38 4.16E-30 5.25E-24 2.77E-19 6.15E-17 1.30E-14 8.84E-13 5.19E-12
 1.90E-11 5.04E-11 8.09E-11 1.28E-10 1.82E-10 2.10E-10 2.30E-10 2.44E-10
 2.48E-10 2.48E-10 2.42E-10 2.36E-10 2.28E-10 2.19E-10 2.11E-10 2.01E-10
 2.87E-38 4.16E-30 5.25E-24 2.77E-19 6.15E-17 1.30E-14 8.84E-13 5.19E-12
 1.90E-11 5.04E-11 8.09E-11 1.28E-10 1.82E-10 2.10E-10 2.30E-10 2.44E-10
 2.48E-10 2.48E-10 2.42E-10 2.36E-10 2.28E-10 2.19E-10 2.11E-10 2.01E-10
 2.87E-38 4.16E-30 5.25E-24 2.77E-19 6.15E-17 1.30E-14 8.84E-13 5.19E-12
 1.90E-11 5.04E-11 8.09E-11 1.28E-10 1.82E-10 2.10E-10 2.30E-10 2.44E-10
 2.48E-10 2.48E-10 2.42E-10 2.36E-10 2.28E-10 2.19E-10 2.11E-10 2.01E-10
 2.87E-38 4.16E-30 5.25E-24 2.77E-19 6.15E-17 1.30E-14 8.84E-13 5.19E-12
 1.90E-11 5.04E-11 8.09E-11 1.28E-10 1.82E-10 2.10E-10 2.30E-10 2.44E-10
 2.48E-10 2.48E-10 2.42E-10 2.36E-10 2.28E-10 2.19E-10 2.11E-10 2.01E-10
 2.87E-38 4.16E-30 5.25E-24 2.77E-19 6.15E-17 1.30E-14 8.85E-13 5.19E-12
 1.90E-11 5.04E-11 8.09E-11 1.28E-10 1.82E-10 2.10E-10 2.30E-10 2.44E-10
 2.48E-10 2.48E-10 2.42E-10 2.36E-10 2.28E-10 2.19E-10 2.11E-10 2.01E-10
 2.87E-38 4.16E-30 5.26E-24 2.77E-19 6.16E-17 1.30E-14 8.85E-13 5.19E-12
 1.90E-11 5.04E-11 8.09E-11 1.28E-10 1.82E-10 2.10E-10 2.30E-10 2.44E-10
 2.48E-10 2.48E-10 2.42E-10 2.36E-10 2.28E-10 2.19E-10 2.11E-10 2.01E-10
 2.88E-38 4.17E-30 5.27E-24 2.78E-19 6.16E-17 1.31E-14 8.85E-13 5.19E-12
 1.90E-11 5.04E-11 8.09E-11 1.28E-10 1.82E-10 2.10E-10 2.30E-10 2.44E-10
 2.48E-10 2.48E-10 2.42E-10 2.36E-10 2.28E-10 2.19E-10 2.11E-10 2.01E-10
 2.91E-38 4.20E-30 5.29E-24 2.79E-19 6.18E-17 1.31E-14 8.87E-13 5.20E-12
 1.90E-11 5.04E-11 8.09E-11 1.28E-10 1.82E-10 2.10E-10 2.30E-10 2.43E-10
 2.48E-10 2.48E-10 2.42E-10 2.36E-10 2.28E-10 2.19E-10 2.11E-10 2.01E-10
 2.98E-38 4.29E-30 5.39E-24 2.83E-19 6.25E-17 1.32E-14 8.92E-13 5.22E-12
 1.91E-11 5.05E-11 8.10E-11 1.28E-10 1.82E-10 2.10E-10 2.30E-10 2.43E-10
 2.48E-10 2.48E-10 2.42E-10 2.36E-10 2.28E-10 2.19E-10 2.11E-10 2.01E-10
 3.19E-38 4.53E-30 5.63E-24 2.93E-19 6.44E-17 1.35E-14 9.07E-13 5.29E-12
 1.92E-11 5.08E-11 8.13E-11 1.28E-10 1.82E-10 2.09E-10 2.30E-10 2.43E-10
 2.47E-10 2.48E-10 2.42E-10 2.36E-10 2.28E-10 2.18E-10 2.11E-10 2.01E-10
 3.70E-38 5.16E-30 6.29E-24 3.20E-19 6.95E-17 1.43E-14 9.49E-13 5.49E-12
 1.98E-11 5.17E-11 8.21E-11 1.29E-10 1.81E-10 2.08E-10 2.28E-10 2.42E-10
 2.46E-10 2.47E-10 2.41E-10 2.35E-10 2.27E-10 2.18E-10 2.11E-10 2.00E-10
 4.44E-38 6.12E-30 7.35E-24 3.67E-19 7.85E-17 1.59E-14 1.03E-12 5.86E-12
 2.08E-11 5.33E-11 8.36E-11 1.29E-10 1.80E-10 2.06E-10 2.26E-10 2.39E-10
 2.43E-10 2.44E-10 2.38E-10 2.33E-10 2.25E-10 2.16E-10 2.09E-10 1.99E-10
 5.27E-38 7.27E-30 8.69E-24 4.29E-19 9.08E-17 1.81E-14 1.14E-12 6.43E-12
 2.24E-11 5.58E-11 8.58E-11 1.29E-10 1.77E-10 2.01E-10 2.19E-10 2.31E-10
 2.35E-10 2.36E-10 2.32E-10 2.27E-10 2.20E-10 2.11E-10 2.04E-10 1.95E-10
 6.07E-38 8.35E-30 9.94E-24 4.86E-19 1.02E-16 2.00E-14 1.24E-12 6.91E-12
 2.37E-11 5.76E-11 8.70E-11 1.28E-10 1.72E-10 1.93E-10 2.09E-10 2.20E-10
 2.24E-10 2.25E-10 2.21E-10 2.17E-10 2.10E-10 2.02E-10 1.96E-10 1.88E-10
 7.84E-38 1.06E-29 1.23E-23 5.86E-19 1.20E-16 2.28E-14 1.37E-12 7.44E-12
 2.48E-11 5.84E-11 8.60E-11 1.23E-10 1.61E-10 1.80E-10 1.94E-10 2.04E-10
 2.08E-10 2.09E-10 2.06E-10 2.02E-10 1.96E-10 1.89E-10 1.84E-10 1.76E-10
 1.19E-37 1.56E-29 1.76E-23 7.94E-19 1.56E-16 2.78E-14 1.56E-12 8.15E-12
 2.59E-11 5.75E-11 8.17E-11 1.12E-10 1.43E-10 1.58E-10 1.70E-10 1.78E-10
 1.82E-10 1.84E-10 1.83E-10 1.80E-10 1.76E-10 1.71E-10 1.67E-10 1.60E-10
 2.01E-37 2.66E-29 2.93E-23 1.24E-18 2.29E-16 3.73E-14 1.89E-12 9.17E-12
 2.65E-11 5.24E-11 6.93E-11 8.86E-11 1.07E-10 1.15E-10 1.23E-10 1.29E-10
 1.32E-10 1.35E-10 1.36E-10 1.36E-10 1.35E-10 1.33E-10 1.31E-10 1.28E-10
 2.43E-37 3.42E-29 3.95E-23 1.68E-18 3.03E-16 4.73E-14 2.23E-12 9.94E-12
 2.48E-11 4.08E-11 4.85E-11 5.60E-11 6.26E-11 6.61E-11 6.93E-11 7.24E-11
 7.43E-11 7.65E-11 7.86E-11 7.95E-11 8.02E-11 8.05E-11 8.05E-11 8.03E-11
 1.68E-37 2.59E-29 3.32E-23 1.59E-18 3.06E-16 5.06E-14 2.38E-12 9.44E-12
 1.84E-11 2.32E-11 2.43E-11 2.48E-11 2.54E-11 2.59E-11 2.65E-11 2.72E-11
 2.78E-11 2.86E-11 2.96E-11 3.02E-11 3.09E-11 3.15E-11 3.19E-11 3.24E-11
 7.79E-38 1.27E-29 1.77E-23 9.68E-19 2.08E-16 3.95E-14 1.99E-12 6.83E-12
 1.03E-11 1.07E-11 1.03E-11 9.77E-12 9.38E-12 9.27E-12 9.25E-12 9.31E-12
 9.39E-12 9.54E-12 9.77E-12 9.94E-12 1.01E-11 1.03E-11 1.05E-11 1.07E-11
 2.67E-38 4.46E-30 6.49E-24 3.89E-19 9.17E-17 2.02E-14 1.13E-12 3.28E-12
 4.03E-12 3.73E-12 3.46E-12 3.16E-12 2.93E-12 2.84E-12 2.78E-12 2.75E-12
 2.74E-12 2.74E-12 2.76E-12 2.77E-12 2.80E-12 2.83E-12 2.85E-12 2.89E-12
 9.24E-39 1.56E-30 2.30E-24 1.43E-19 3.50E-17 8.35E-15 4.99E-13 1.31E-12
 1.47E-12 1.31E-12 1.20E-12 1.08E-12 9.89E-13 9.52E-13 9.25E-13 9.07E-13
 8.98E-13 8.91E-13 8.88E-13 8.88E-13 8.89E-13 8.92E-13 8.95E-13 9.00E-13
 2.81E-39 4.76E-31 7.06E-25 4.44E-20 1.11E-17 2.73E-15 1.68E-13 4.22E-13
 4.56E-13 4.00E-13 3.64E-13 3.27E-13 2.98E-13 2.86E-13 2.77E-13 2.71E-13
 2.68E-13 2.65E-13 2.62E-13 2.62E-13 2.61E-13 2.61E-13 2.61E-13 2.61E-13
    17.1 A  24  24 /FILMEM = b06#fe16/TYPE = EXCIT    /INDM = T/ISEL =    2
 4.10E+09 4.10E+10 4.10E+11 4.10E+12 4.10E+13 4.10E+14 1.23E+15 4.10E+15
 1.23E+16 4.10E+16 1.23E+17 4.10E+17 1.23E+18 4.10E+18 1.23E+19 4.10E+19
 1.23E+20 4.10E+20 1.23E+21 4.10E+21 1.23E+22 4.10E+22 1.23E+23 4.10E+23
 1.25E+01 1.74E+01 2.49E+01 3.74E+01 4.98E+01 7.47E+01 1.25E+02 1.74E+02
 2.49E+02 3.74E+02 4.98E+02 7.47E+02 1.25E+03 1.74E+03 2.49E+03 3.74E+03
 4.98E+03 7.47E+03 1.25E+04 1.74E+04 2.49E+04 3.74E+04 4.98E+04 7.47E+04
 1.60E-34 2.23E-27 4.87E-22 6.54E-18 7.26E-16 7.58E-14 2.82E-12 1.25E-11
 3.56E-11 7.41E-11 1.01E-10 1.29E-10 1.41E-10 1.39E-10 1.30E-10 1.17E-10
 1.06E-10 9.21E-11 7.62E-11 6.71E-11 5.86E-11 5.03E-11 4.53E-11 3.91E-11
 1.60E-34 2.23E-27 4.87E-22 6.54E-18 7.26E-16 7.58E-14 2.82E-12 1.25E-11
 3.56E-11 7.41E-11 1.01E-10 1.29E-10 1.41E-10 1.39E-10 1.30E-10 1.17E-10
 1.06E-10 9.21E-11 7.62E-11 6.71E-11 5.86E-11 5.03E-11 4.53E-11 3.91E-11
 1.60E-34 2.23E-27 4.87E-22 6.54E-18 7.26E-16 7.58E-14 2.82E-12 1.25E-11
 3.56E-11 7.41E-11 1.01E-10 1.29E-10 1.41E-10 1.39E-10 1.30E-10 1.17E-10
 1.06E-10 9.21E-11 7.62E-11 6.71E-11 5.86E-11 5.03E-11 4.53E-11 3.91E-11
 1.60E-34 2.23E-27 4.87E-22 6.54E-18 7.26E-16 7.58E-14 2.82E-12 1.25E-11
 3.56E-11 7.41E-11 1.01E-10 1.29E-10 1.41E-10 1.39E-10 1.30E-10 1.17E-10
 1.06E-10 9.21E-11 7.62E-11 6.71E-11 5.86E-11 5.03E-11 4.53E-11 3.91E-11
 1.60E-34 2.23E-27 4.87E-22 6.54E-18 7.26E-16 7.58E-14 2.82E-12 1.25E-11
 3.56E-11 7.41E-11 1.01E-10 1.29E-10 1.41E-10 1.39E-10 1.30E-10 1.17E-10
 1.06E-10 9.21E-11 7.62E-11 6.71E-11 5.86E-11 5.03E-11 4.53E-11 3.91E-11
 1.60E-34 2.23E-27 4.87E-22 6.54E-18 7.26E-16 7.57E-14 2.82E-12 1.25E-11
 3.56E-11 7.41E-11 1.01E-10 1.29E-10 1.41E-10 1.39E-10 1.30E-10 1.17E-10
 1.06E-10 9.21E-11 7.62E-11 6.71E-11 5.86E-11 5.03E-11 4.53E-11 3.91E-11
 1.60E-34 2.23E-27 4.87E-22 6.54E-18 7.26E-16 7.57E-14 2.82E-12 1.25E-11
 3.56E-11 7.41E-11 1.01E-10 1.29E-10 1.41E-10 1.39E-10 1.30E-10 1.16E-10
 1.06E-10 9.21E-11 7.62E-11 6.70E-11 5.86E-11 5.03E-11 4.53E-11 3.91E-11
 1.60E-34 2.23E-27 4.87E-22 6.54E-18 7.25E-16 7.56E-14 2.82E-12 1.25E-11
 3.56E-11 7.40E-11 1.01E-10 1.28E-10 1.41E-10 1.38E-10 1.30E-10 1.16E-10
 1.06E-10 9.21E-11 7.61E-11 6.70E-11 5.86E-11 5.03E-11 4.53E-11 3.91E-11
 1.60E-34 2.23E-27 4.86E-22 6.52E-18 7.24E-16 7.54E-14 2.81E-12 1.24E-11
 3.55E-11 7.38E-11 1.01E-10 1.28E-10 1.41E-10 1.38E-10 1.30E-10 1.16E-10
 1.06E-10 9.19E-11 7.60E-11 6.70E-11 5.85E-11 5.03E-11 4.52E-11 3.91E-11
 1.60E-34 2.22E-27 4.84E-22 6.48E-18 7.18E-16 7.47E-14 2.78E-12 1.23E-11
 3.51E-11 7.30E-11 9.96E-11 1.27E-10 1.39E-10 1.37E-10 1.29E-10 1.16E-10
 1.05E-10 9.15E-11 7.58E-11 6.67E-11 5.83E-11 5.02E-11 4.51E-11 3.90E-11
 1.60E-34 2.21E-27 4.80E-22 6.40E-18 7.06E-16 7.31E-14 2.71E-12 1.19E-11
 3.41E-11 7.09E-11 9.69E-11 1.24E-10 1.36E-10 1.34E-10 1.26E-10 1.14E-10
 1.04E-10 9.04E-11 7.50E-11 6.61E-11 5.79E-11 4.98E-11 4.48E-11 3.88E-11
 1.59E-34 2.19E-27 4.72E-22 6.21E-18 6.79E-16 6.94E-14 2.54E-12 1.12E-11
 3.18E-11 6.60E-11 9.01E-11 1.15E-10 1.28E-10 1.26E-10 1.20E-10 1.08E-10
 9.95E-11 8.70E-11 7.26E-11 6.42E-11 5.64E-11 4.87E-11 4.39E-11 3.81E-11
 1.58E-34 2.17E-27 4.63E-22 5.99E-18 6.46E-16 6.47E-14 2.32E-12 1.01E-11
 2.84E-11 5.84E-11 7.93E-11 1.01E-10 1.12E-10 1.12E-10 1.07E-10 9.79E-11
 9.05E-11 7.99E-11 6.74E-11 6.00E-11 5.30E-11 4.60E-11 4.17E-11 3.63E-11
 1.57E-34 2.14E-27 4.55E-22 5.80E-18 6.15E-16 5.99E-14 2.07E-12 8.81E-12
 2.43E-11 4.86E-11 6.49E-11 8.13E-11 8.99E-11 8.98E-11 8.63E-11 7.98E-11
 7.44E-11 6.65E-11 5.70E-11 5.13E-11 4.57E-11 4.01E-11 3.66E-11 3.22E-11
 1.55E-34 2.12E-27 4.49E-22 5.68E-18 5.96E-16 5.69E-14 1.91E-12 7.91E-12
 2.12E-11 4.10E-11 5.34E-11 6.50E-11 7.03E-11 6.97E-11 6.68E-11 6.19E-11
 5.79E-11 5.21E-11 4.51E-11 4.08E-11 3.67E-11 3.25E-11 2.99E-11 2.65E-11
 1.48E-34 2.04E-27 4.34E-22 5.45E-18 5.66E-16 5.29E-14 1.71E-12 6.94E-12
 1.80E-11 3.35E-11 4.25E-11 5.02E-11 5.29E-11 5.21E-11 4.96E-11 4.59E-11
 4.29E-11 3.87E-11 3.36E-11 3.05E-11 2.76E-11 2.45E-11 2.26E-11 2.01E-11
 1.34E-34 1.87E-27 4.00E-22 4.94E-18 5.02E-16 4.52E-14 1.40E-12 5.48E-12
 1.37E-11 2.43E-11 3.00E-11 3.46E-11 3.63E-11 3.58E-11 3.45E-11 3.24E-11
 3.07E-11 2.81E-11 2.48E-11 2.28E-11 2.08E-11 1.87E-11 1.73E-11 1.55E-11
 1.04E-34 1.50E-27 3.23E-22 3.87E-18 3.79E-16 3.21E-14 9.24E-13 3.42E-12
 7.89E-12 1.27E-11 1.48E-11 1.64E-11 1.69E-11 1.69E-11 1.67E-11 1.63E-11
 1.58E-11 1.52E-11 1.42E-11 1.35E-11 1.27E-11 1.19E-11 1.12E-11 1.04E-11
 6.42E-35 9.78E-28 2.18E-22 2.62E-18 2.53E-16 2.09E-14 5.75E-13 1.99E-12
 4.04E-12 5.51E-12 5.88E-12 5.98E-12 5.92E-12 5.89E-12 5.85E-12 5.82E-12
 5.80E-12 5.75E-12 5.67E-12 5.60E-12 5.51E-12 5.38E-12 5.28E-12 5.11E-12
 2.76E-35 4.46E-28 1.07E-22 1.41E-18 1.43E-16 1.24E-14 3.47E-13 1.09E-12
 1.76E-12 1.89E-12 1.80E-12 1.66E-12 1.54E-12 1.50E-12 1.47E-12 1.46E-12
 1.45E-12 1.46E-12 1.47E-12 1.47E-12 1.48E-12 1.49E-12 1.49E-12 1.50E-12
 1.05E-35 1.76E-28 4.45E-23 6.53E-19 7.28E-17 7.18E-15 2.14E-13 5.83E-13
 7.38E-13 6.62E-13 5.91E-13 5.15E-13 4.59E-13 4.37E-13 4.22E-13 4.12E-13
 4.08E-13 4.06E-13 4.06E-13 4.07E-13 4.09E-13 4.12E-13 4.14E-13 4.17E-13
 3.32E-36 5.63E-29 1.47E-23 2.33E-19 2.83E-17 3.21E-15 1.06E-13 2.43E-13
 2.51E-13 2.03E-13 1.75E-13 1.49E-13 1.30E-13 1.22E-13 1.17E-13 1.13E-13
 1.11E-13 1.10E-13 1.09E-13 1.08E-13 1.08E-13 1.09E-13 1.09E-13 1.09E-13
 1.12E-36 1.92E-29 5.06E-24 8.25E-20 1.04E-17 1.27E-15 4.44E-14 9.28E-14
 8.75E-14 6.82E-14 5.82E-14 4.90E-14 4.24E-14 3.98E-14 3.80E-14 3.66E-14
 3.59E-14 3.53E-14 3.48E-14 3.47E-14 3.45E-14 3.45E-14 3.44E-14 3.44E-14
 3.39E-37 5.79E-30 1.54E-24 2.53E-20 3.23E-18 4.08E-16 1.47E-14 2.94E-14
 2.67E-14 2.05E-14 1.74E-14 1.46E-14 1.26E-14 1.18E-14 1.13E-14 1.09E-14
 1.07E-14 1.05E-14 1.03E-14 1.02E-14 1.02E-14 1.02E-14 1.01E-14 1.01E-14
    16.8 A  24  24 /FILMEM = b06#fe16/TYPE = EXCIT    /INDM = T/ISEL =    3
 4.10E+09 4.10E+10 4.10E+11 4.10E+12 4.10E+13 4.10E+14 1.23E+15 4.10E+15
 1.23E+16 4.10E+16 1.23E+17 4.10E+17 1.23E+18 4.10E+18 1.23E+19 4.10E+19
 1.23E+20 4.10E+20 1.23E+21 4.10E+21 1.23E+22 4.10E+22 1.23E+23 4.10E+23
 1.25E+01 1.74E+01 2.49E+01 3.74E+01 4.98E+01 7.47E+01 1.25E+02 1.74E+02
 2.49E+02 3.74E+02 4.98E+02 7.47E+02 1.25E+03 1.74E+03 2.49E+03 3.74E+03
 4.98E+03 7.47E+03 1.25E+04 1.74E+04 2.49E+04 3.74E+04 4.98E+04 7.47E+04
 3.54E-35 7.02E-28 1.99E-22 3.22E-18 3.88E-16 4.35E-14 1.70E-12 7.61E-12
 2.20E-11 4.65E-11 6.43E-11 8.35E-11 9.44E-11 9.45E-11 9.02E-11 8.22E-11
 7.56E-11 6.61E-11 5.50E-11 4.84E-11 4.23E-11 3.62E-11 3.24E-11 2.78E-11
 3.54E-35 7.02E-28 1.99E-22 3.22E-18 3.88E-16 4.35E-14 1.70E-12 7.61E-12
 2.20E-11 4.65E-11 6.43E-11 8.35E-11 9.44E-11 9.45E-11 9.02E-11 8.22E-11
 7.56E-11 6.61E-11 5.50E-11 4.84E-11 4.23E-11 3.62E-11 3.24E-11 2.78E-11
 3.54E-35 7.02E-28 1.99E-22 3.22E-18 3.88E-16 4.35E-14 1.70E-12 7.61E-12
 2.20E-11 4.65E-11 6.43E-11 8.35E-11 9.44E-11 9.45E-11 9.02E-11 8.22E-11
 7.56E-11 6.61E-11 5.50E-11 4.84E-11 4.23E-11 3.62E-11 3.24E-11 2.78E-11
 3.54E-35 7.02E-28 1.99E-22 3.22E-18 3.88E-16 4.35E-14 1.70E-12 7.61E-12
 2.20E-11 4.65E-11 6.43E-11 8.35E-11 9.44E-11 9.45E-11 9.02E-11 8.22E-11
 7.56E-11 6.61E-11 5.50E-11 4.84E-11 4.23E-11 3.62E-11 3.24E-11 2.78E-11
 3.54E-35 7.02E-28 1.99E-22 3.22E-18 3.88E-16 4.35E-14 1.70E-12 7.61E-12
 2.20E-11 4.65E-11 6.43E-11 8.35E-11 9.44E-11 9.45E-11 9.02E-11 8.22E-11
 7.56E-11 6.61E-11 5.50E-11 4.84E-11 4.23E-11 3.62E-11 3.24E-11 2.78E-11
 3.54E-35 7.02E-28 1.99E-22 3.22E-18 3.88E-16 4.35E-14 1.70E-12 7.61E-12
 2.20E-11 4.65E-11 6.43E-11 8.35E-11 9.44E-11 9.45E-11 9.02E-11 8.22E-11
 7.56E-11 6.61E-11 5.50E-11 4.84E-11 4.23E-11 3.62E-11 3.24E-11 2.78E-11
 3.54E-35 7.02E-28 1.99E-22 3.22E-18 3.88E-16 4.35E-14 1.70E-12 7.61E-12
 2.20E-11 4.65E-11 6.43E-11 8.34E-11 9.44E-11 9.45E-11 9.02E-11 8.22E-11
 7.56E-11 6.61E-11 5.50E-11 4.84E-11 4.23E-11 3.62E-11 3.24E-11 2.78E-11
 3.54E-35 7.02E-28 1.99E-22 3.22E-18 3.88E-16 4.35E-14 1.70E-12 7.61E-12
 2.20E-11 4.65E-11 6.42E-11 8.34E-11 9.44E-11 9.45E-11 9.02E-11 8.22E-11
 7.56E-11 6.61E-11 5.50E-11 4.84E-11 4.23E-11 3.62E-11 3.24E-11 2.78E-11
 3.55E-35 7.03E-28 1.99E-22 3.22E-18 3.88E-16 4.35E-14 1.70E-12 7.60E-12
 2.20E-11 4.64E-11 6.42E-11 8.33E-11 9.43E-11 9.44E-11 9.01E-11 8.21E-11
 7.55E-11 6.60E-11 5.49E-11 4.84E-11 4.22E-11 3.62E-11 3.24E-11 2.78E-11
 3.56E-35 7.07E-28 2.00E-22 3.23E-18 3.89E-16 4.35E-14 1.69E-12 7.59E-12
 2.19E-11 4.63E-11 6.39E-11 8.30E-11 9.39E-11 9.41E-11 8.98E-11 8.19E-11
 7.53E-11 6.59E-11 5.48E-11 4.83E-11 4.22E-11 3.61E-11 3.24E-11 2.78E-11
 3.60E-35 7.14E-28 2.02E-22 3.25E-18 3.91E-16 4.36E-14 1.69E-12 7.55E-12
 2.18E-11 4.59E-11 6.33E-11 8.22E-11 9.30E-11 9.32E-11 8.91E-11 8.12E-11
 7.48E-11 6.55E-11 5.45E-11 4.81E-11 4.20E-11 3.60E-11 3.23E-11 2.77E-11
 3.66E-35 7.27E-28 2.06E-22 3.29E-18 3.94E-16 4.35E-14 1.67E-12 7.44E-12
 2.14E-11 4.47E-11 6.15E-11 7.96E-11 9.01E-11 9.04E-11 8.66E-11 7.92E-11
 7.31E-11 6.42E-11 5.36E-11 4.73E-11 4.14E-11 3.55E-11 3.19E-11 2.74E-11
 3.71E-35 7.40E-28 2.09E-22 3.33E-18 3.95E-16 4.31E-14 1.63E-12 7.19E-12
 2.04E-11 4.22E-11 5.77E-11 7.41E-11 8.38E-11 8.43E-11 8.11E-11 7.46E-11
 6.91E-11 6.10E-11 5.13E-11 4.55E-11 3.99E-11 3.44E-11 3.09E-11 2.67E-11
 3.76E-35 7.50E-28 2.11E-22 3.34E-18 3.92E-16 4.21E-14 1.55E-12 6.73E-12
 1.87E-11 3.78E-11 5.08E-11 6.42E-11 7.18E-11 7.22E-11 6.97E-11 6.46E-11
 6.02E-11 5.37E-11 4.57E-11 4.08E-11 3.61E-11 3.14E-11 2.84E-11 2.47E-11
 3.81E-35 7.56E-28 2.12E-22 3.32E-18 3.86E-16 4.07E-14 1.46E-12 6.23E-12
 1.70E-11 3.32E-11 4.36E-11 5.37E-11 5.89E-11 5.89E-11 5.68E-11 5.27E-11
 4.93E-11 4.43E-11 3.80E-11 3.42E-11 3.05E-11 2.68E-11 2.44E-11 2.13E-11
 3.88E-35 7.59E-28 2.10E-22 3.22E-18 3.69E-16 3.79E-14 1.32E-12 5.49E-12
 1.45E-11 2.74E-11 3.52E-11 4.22E-11 4.53E-11 4.50E-11 4.33E-11 4.02E-11
 3.77E-11 3.40E-11 2.94E-11 2.66E-11 2.39E-11 2.11E-11 1.93E-11 1.70E-11
 3.82E-35 7.35E-28 1.99E-22 2.96E-18 3.28E-16 3.23E-14 1.07E-12 4.31E-12
 1.10E-11 1.99E-11 2.49E-11 2.91E-11 3.11E-11 3.11E-11 3.02E-11 2.85E-11
 2.71E-11 2.49E-11 2.20E-11 2.01E-11 1.83E-11 1.63E-11 1.50E-11 1.34E-11
 3.18E-35 6.18E-28 1.65E-22 2.34E-18 2.48E-16 2.28E-14 7.01E-13 2.68E-12
 6.31E-12 1.04E-11 1.23E-11 1.37E-11 1.45E-11 1.46E-11 1.45E-11 1.42E-11
 1.39E-11 1.33E-11 1.25E-11 1.18E-11 1.12E-11 1.04E-11 9.78E-12 8.99E-12
 2.04E-35 4.12E-28 1.13E-22 1.60E-18 1.66E-16 1.48E-14 4.35E-13 1.55E-12
 3.22E-12 4.49E-12 4.86E-12 5.01E-12 5.04E-12 5.04E-12 5.04E-12 5.04E-12
 5.03E-12 5.00E-12 4.93E-12 4.87E-12 4.78E-12 4.66E-12 4.56E-12 4.41E-12
 8.88E-36 1.90E-28 5.61E-23 8.64E-19 9.47E-17 8.90E-15 2.65E-13 8.53E-13
 1.41E-12 1.55E-12 1.49E-12 1.40E-12 1.31E-12 1.28E-12 1.26E-12 1.25E-12
 1.25E-12 1.26E-12 1.27E-12 1.27E-12 1.28E-12 1.29E-12 1.29E-12 1.29E-12
 3.40E-36 7.51E-29 2.35E-23 4.04E-19 4.88E-17 5.21E-15 1.66E-13 4.63E-13
 5.99E-13 5.47E-13 4.93E-13 4.35E-13 3.90E-13 3.73E-13 3.62E-13 3.54E-13
 3.52E-13 3.50E-13 3.50E-13 3.52E-13 3.53E-13 3.56E-13 3.57E-13 3.60E-13
 1.07E-36 2.41E-29 7.78E-24 1.45E-19 1.91E-17 2.34E-15 8.23E-14 1.95E-13
 2.05E-13 1.69E-13 1.47E-13 1.26E-13 1.11E-13 1.05E-13 1.00E-13 9.73E-14
 9.59E-14 9.47E-14 9.39E-14 9.37E-14 9.37E-14 9.38E-14 9.40E-14 9.42E-14
 3.64E-37 8.20E-30 2.67E-24 5.13E-20 7.01E-18 9.29E-16 3.47E-14 7.46E-14
 7.18E-14 5.69E-14 4.90E-14 4.16E-14 3.62E-14 3.41E-14 3.26E-14 3.15E-14
 3.10E-14 3.04E-14 3.01E-14 2.99E-14 2.98E-14 2.98E-14 2.98E-14 2.98E-14
 1.10E-37 2.48E-30 8.12E-25 1.57E-20 2.18E-18 2.99E-16 1.15E-14 2.36E-14
 2.19E-14 1.71E-14 1.47E-14 1.24E-14 1.08E-14 1.02E-14 9.69E-15 9.34E-15
 9.18E-15 9.01E-15 8.88E-15 8.83E-15 8.79E-15 8.76E-15 8.75E-15 8.74E-15
    15.3 A  24  24 /FILMEM = b06#fe16/TYPE = EXCIT    /INDM = T/ISEL =    4
 4.10E+09 4.10E+10 4.10E+11 4.10E+12 4.10E+13 4.10E+14 1.23E+15 4.10E+15
 1.23E+16 4.10E+16 1.23E+17 4.10E+17 1.23E+18 4.10E+18 1.23E+19 4.10E+19
 1.23E+20 4.10E+20 1.23E+21 4.10E+21 1.23E+22 4.10E+22 1.23E+23 4.10E+23
 1.25E+01 1.74E+01 2.49E+01 3.74E+01 4.98E+01 7.47E+01 1.25E+02 1.74E+02
 2.49E+02 3.74E+02 4.98E+02 7.47E+02 1.25E+03 1.74E+03 2.49E+03 3.74E+03
 4.98E+03 7.47E+03 1.25E+04 1.74E+04 2.49E+04 3.74E+04 4.98E+04 7.47E+04
 2.78E-38 2.92E-30 2.93E-24 1.30E-19 2.64E-17 5.13E-15 3.20E-13 1.79E-12
 6.28E-12 1.60E-11 2.50E-11 3.83E-11 5.31E-11 6.03E-11 6.55E-11 6.84E-11
 6.90E-11 6.84E-11 6.59E-11 6.36E-11 6.10E-11 5.78E-11 5.56E-11 5.24E-11
 2.78E-38 2.92E-30 2.93E-24 1.30E-19 2.64E-17 5.13E-15 3.20E-13 1.79E-12
 6.28E-12 1.60E-11 2.50E-11 3.83E-11 5.31E-11 6.03E-11 6.55E-11 6.84E-11
 6.90E-11 6.84E-11 6.59E-11 6.36E-11 6.10E-11 5.78E-11 5.56E-11 5.24E-11
 2.78E-38 2.92E-30 2.93E-24 1.30E-19 2.64E-17 5.13E-15 3.20E-13 1.79E-12
 6.28E-12 1.60E-11 2.50E-11 3.83E-11 5.31E-11 6.03E-11 6.55E-11 6.84E-11
 6.90E-11 6.84E-11 6.59E-11 6.36E-11 6.10E-11 5.78E-11 5.56E-11 5.24E-11
 2.78E-38 2.92E-30 2.93E-24 1.30E-19 2.64E-17 5.13E-15 3.20E-13 1.79E-12
 6.28E-12 1.60E-11 2.50E-11 3.83E-11 5.31E-11 6.03E-11 6.55E-11 6.84E-11
 6.90E-11 6.84E-11 6.59E-11 6.36E-11 6.10E-11 5.78E-11 5.56E-11 5.24E-11
 2.78E-38 2.92E-30 2.93E-24 1.30E-19 2.64E-17 5.13E-15 3.20E-13 1.79E-12
 6.28E-12 1.60E-11 2.50E-11 3.83E-11 5.31E-11 6.03E-11 6.55E-11 6.84E-11
 6.90E-11 6.84E-11 6.59E-11 6.36E-11 6.10E-11 5.78E-11 5.56E-11 5.24E-11
 2.78E-38 2.93E-30 2.93E-24 1.30E-19 2.65E-17 5.13E-15 3.20E-13 1.79E-12
 6.28E-12 1.60E-11 2.50E-11 3.83E-11 5.31E-11 6.03E-11 6.55E-11 6.84E-11
 6.90E-11 6.84E-11 6.59E-11 6.36E-11 6.10E-11 5.78E-11 5.56E-11 5.24E-11
 2.79E-38 2.93E-30 2.94E-24 1.30E-19 2.65E-17 5.13E-15 3.20E-13 1.79E-12
 6.28E-12 1.60E-11 2.50E-11 3.83E-11 5.31E-11 6.03E-11 6.55E-11 6.84E-11
 6.90E-11 6.84E-11 6.59E-11 6.36E-11 6.10E-11 5.78E-11 5.56E-11 5.24E-11
 2.82E-38 2.95E-30 2.95E-24 1.31E-19 2.66E-17 5.14E-15 3.21E-13 1.79E-12
 6.29E-12 1.60E-11 2.50E-11 3.84E-11 5.31E-11 6.04E-11 6.55E-11 6.84E-11
 6.90E-11 6.84E-11 6.59E-11 6.36E-11 6.10E-11 5.78E-11 5.56E-11 5.24E-11
 2.89E-38 3.02E-30 3.00E-24 1.32E-19 2.68E-17 5.18E-15 3.22E-13 1.80E-12
 6.30E-12 1.60E-11 2.50E-11 3.84E-11 5.31E-11 6.04E-11 6.55E-11 6.84E-11
 6.90E-11 6.83E-11 6.59E-11 6.36E-11 6.10E-11 5.78E-11 5.56E-11 5.24E-11
 3.16E-38 3.23E-30 3.16E-24 1.37E-19 2.76E-17 5.29E-15 3.27E-13 1.82E-12
 6.36E-12 1.61E-11 2.51E-11 3.85E-11 5.32E-11 6.04E-11 6.55E-11 6.84E-11
 6.90E-11 6.83E-11 6.59E-11 6.36E-11 6.10E-11 5.78E-11 5.55E-11 5.24E-11
 3.82E-38 3.77E-30 3.57E-24 1.51E-19 2.98E-17 5.60E-15 3.40E-13 1.88E-12
 6.51E-12 1.64E-11 2.54E-11 3.87E-11 5.33E-11 6.05E-11 6.55E-11 6.84E-11
 6.90E-11 6.83E-11 6.58E-11 6.36E-11 6.10E-11 5.78E-11 5.55E-11 5.24E-11
 5.39E-38 5.12E-30 4.65E-24 1.87E-19 3.58E-17 6.46E-15 3.77E-13 2.04E-12
 6.94E-12 1.71E-11 2.63E-11 3.95E-11 5.38E-11 6.08E-11 6.57E-11 6.84E-11
 6.90E-11 6.83E-11 6.58E-11 6.35E-11 6.09E-11 5.77E-11 5.55E-11 5.23E-11
 7.33E-38 6.93E-30 6.19E-24 2.42E-19 4.52E-17 7.89E-15 4.42E-13 2.34E-12
 7.73E-12 1.85E-11 2.79E-11 4.09E-11 5.46E-11 6.12E-11 6.58E-11 6.83E-11
 6.88E-11 6.80E-11 6.55E-11 6.33E-11 6.07E-11 5.75E-11 5.53E-11 5.21E-11
 9.36E-38 8.90E-30 7.97E-24 3.09E-19 5.71E-17 9.75E-15 5.31E-13 2.75E-12
 8.86E-12 2.05E-11 3.00E-11 4.27E-11 5.53E-11 6.12E-11 6.52E-11 6.74E-11
 6.77E-11 6.69E-11 6.44E-11 6.23E-11 5.98E-11 5.67E-11 5.45E-11 5.15E-11
 1.16E-37 1.10E-29 9.81E-24 3.77E-19 6.90E-17 1.16E-14 6.14E-13 3.12E-12
 9.86E-12 2.21E-11 3.17E-11 4.37E-11 5.51E-11 6.02E-11 6.36E-11 6.54E-11
 6.55E-11 6.46E-11 6.23E-11 6.02E-11 5.78E-11 5.50E-11 5.29E-11 5.00E-11
 1.67E-37 1.56E-29 1.37E-23 5.10E-19 9.10E-17 1.46E-14 7.39E-13 3.65E-12
 1.11E-11 2.38E-11 3.31E-11 4.41E-11 5.38E-11 5.80E-11 6.07E-11 6.19E-11
 6.19E-11 6.10E-11 5.87E-11 5.69E-11 5.47E-11 5.20E-11 5.01E-11 4.74E-11
 2.63E-37 2.45E-29 2.11E-23 7.59E-19 1.30E-16 1.97E-14 9.24E-13 4.34E-12
 1.25E-11 2.51E-11 3.34E-11 4.24E-11 4.98E-11 5.29E-11 5.48E-11 5.57E-11
 5.57E-11 5.49E-11 5.32E-11 5.17E-11 4.99E-11 4.77E-11 4.61E-11 4.38E-11
 3.67E-37 3.58E-29 3.16E-23 1.11E-18 1.84E-16 2.61E-14 1.13E-12 4.97E-12
 1.31E-11 2.34E-11 2.90E-11 3.43E-11 3.81E-11 3.96E-11 4.07E-11 4.12E-11
 4.13E-11 4.11E-11 4.04E-11 3.97E-11 3.88E-11 3.77E-11 3.68E-11 3.54E-11
 3.20E-37 3.38E-29 3.17E-23 1.15E-18 1.91E-16 2.71E-14 1.14E-12 4.73E-12
 1.10E-11 1.67E-11 1.89E-11 2.04E-11 2.14E-11 2.18E-11 2.22E-11 2.25E-11
 2.27E-11 2.29E-11 2.29E-11 2.29E-11 2.28E-11 2.27E-11 2.25E-11 2.22E-11
 1.63E-37 1.86E-29 1.92E-23 7.83E-19 1.39E-16 2.13E-14 9.28E-13 3.52E-12
 6.58E-12 7.91E-12 8.01E-12 7.86E-12 7.68E-12 7.64E-12 7.65E-12 7.71E-12
 7.77E-12 7.87E-12 8.02E-12 8.12E-12 8.22E-12 8.33E-12 8.40E-12 8.48E-12
 6.55E-38 7.82E-30 8.63E-24 3.97E-19 7.83E-17 1.36E-14 6.42E-13 2.12E-12
 3.11E-12 3.13E-12 2.97E-12 2.75E-12 2.57E-12 2.50E-12 2.46E-12 2.44E-12
 2.44E-12 2.45E-12 2.47E-12 2.50E-12 2.53E-12 2.56E-12 2.59E-12 2.62E-12
 2.11E-38 2.57E-30 2.94E-24 1.46E-19 3.15E-17 6.35E-15 3.30E-13 9.26E-13
 1.11E-12 1.01E-12 9.20E-13 8.29E-13 7.57E-13 7.28E-13 7.08E-13 6.94E-13
 6.88E-13 6.83E-13 6.82E-13 6.83E-13 6.85E-13 6.88E-13 6.91E-13 6.96E-13
 7.19E-39 8.79E-31 1.02E-24 5.23E-20 1.17E-17 2.54E-15 1.41E-13 3.58E-13
 3.91E-13 3.42E-13 3.09E-13 2.76E-13 2.50E-13 2.40E-13 2.32E-13 2.26E-13
 2.24E-13 2.21E-13 2.20E-13 2.19E-13 2.19E-13 2.19E-13 2.19E-13 2.19E-13
 2.17E-39 2.66E-31 3.10E-25 1.61E-20 3.66E-18 8.20E-16 4.69E-14 1.14E-13
 1.20E-13 1.03E-13 9.31E-14 8.28E-14 7.49E-14 7.16E-14 6.92E-14 6.74E-14
 6.65E-14 6.56E-14 6.50E-14 6.47E-14 6.45E-14 6.44E-14 6.44E-14 6.43E-14
    15.5 A  24  24 /FILMEM = b06#fe16/TYPE = EXCIT    /INDM = T/ISEL =    5
 4.10E+09 4.10E+10 4.10E+11 4.10E+12 4.10E+13 4.10E+14 1.23E+15 4.10E+15
 1.23E+16 4.10E+16 1.23E+17 4.10E+17 1.23E+18 4.10E+18 1.23E+19 4.10E+19
 1.23E+20 4.10E+20 1.23E+21 4.10E+21 1.23E+22 4.10E+22 1.23E+23 4.10E+23
 1.25E+01 1.74E+01 2.49E+01 3.74E+01 4.98E+01 7.47E+01 1.25E+02 1.74E+02
 2.49E+02 3.74E+02 4.98E+02 7.47E+02 1.25E+03 1.74E+03 2.49E+03 3.74E+03
 4.98E+03 7.47E+03 1.25E+04 1.74E+04 2.49E+04 3.74E+04 4.98E+04 7.47E+04
 3.45E-38 2.63E-30 2.04E-24 7.30E-20 1.32E-17 2.24E-15 1.21E-13 6.17E-13
 1.92E-12 4.16E-12 5.66E-12 6.96E-12 7.07E-12 6.50E-12 5.66E-12 4.64E-12
 3.97E-12 3.14E-12 2.32E-12 1.90E-12 1.55E-12 1.24E-12 1.06E-12 8.65E-13
 3.45E-38 2.63E-30 2.04E-24 7.30E-20 1.32E-17 2.24E-15 1.21E-13 6.17E-13
 1.92E-12 4.16E-12 5.66E-12 6.96E-12 7.07E-12 6.50E-12 5.66E-12 4.64E-12
 3.97E-12 3.14E-12 2.32E-12 1.90E-12 1.55E-12 1.24E-12 1.06E-12 8.65E-13
 3.45E-38 2.63E-30 2.04E-24 7.30E-20 1.32E-17 2.24E-15 1.21E-13 6.17E-13
 1.92E-12 4.16E-12 5.66E-12 6.96E-12 7.07E-12 6.50E-12 5.66E-12 4.64E-12
 3.97E-12 3.14E-12 2.32E-12 1.90E-12 1.55E-12 1.24E-12 1.06E-12 8.65E-13
 3.45E-38 2.63E-30 2.04E-24 7.30E-20 1.32E-17 2.24E-15 1.21E-13 6.17E-13
 1.92E-12 4.16E-12 5.66E-12 6.96E-12 7.07E-12 6.50E-12 5.66E-12 4.64E-12
 3.97E-12 3.14E-12 2.32E-12 1.90E-12 1.55E-12 1.24E-12 1.06E-12 8.65E-13
 3.45E-38 2.63E-30 2.04E-24 7.30E-20 1.32E-17 2.24E-15 1.21E-13 6.17E-13
 1.92E-12 4.16E-12 5.66E-12 6.96E-12 7.07E-12 6.50E-12 5.66E-12 4.64E-12
 3.97E-12 3.14E-12 2.32E-12 1.90E-12 1.55E-12 1.24E-12 1.06E-12 8.65E-13
 3.48E-38 2.65E-30 2.05E-24 7.33E-20 1.33E-17 2.25E-15 1.22E-13 6.18E-13
 1.92E-12 4.16E-12 5.67E-12 6.97E-12 7.07E-12 6.51E-12 5.66E-12 4.64E-12
 3.97E-12 3.14E-12 2.32E-12 1.91E-12 1.55E-12 1.24E-12 1.06E-12 8.65E-13
 3.53E-38 2.68E-30 2.07E-24 7.39E-20 1.33E-17 2.26E-15 1.22E-13 6.20E-13
 1.93E-12 4.18E-12 5.69E-12 6.99E-12 7.09E-12 6.52E-12 5.68E-12 4.65E-12
 3.98E-12 3.15E-12 2.32E-12 1.91E-12 1.55E-12 1.24E-12 1.06E-12 8.66E-13
 3.72E-38 2.80E-30 2.15E-24 7.60E-20 1.37E-17 2.31E-15 1.24E-13 6.29E-13
 1.96E-12 4.22E-12 5.75E-12 7.06E-12 7.15E-12 6.57E-12 5.71E-12 4.68E-12
 4.00E-12 3.16E-12 2.34E-12 1.92E-12 1.56E-12 1.25E-12 1.07E-12 8.69E-13
 4.21E-38 3.11E-30 2.35E-24 8.17E-20 1.46E-17 2.43E-15 1.29E-13 6.54E-13
 2.02E-12 4.35E-12 5.91E-12 7.24E-12 7.31E-12 6.71E-12 5.82E-12 4.76E-12
 4.06E-12 3.21E-12 2.37E-12 1.94E-12 1.58E-12 1.26E-12 1.08E-12 8.76E-13
 5.68E-38 4.05E-30 2.95E-24 9.93E-20 1.73E-17 2.82E-15 1.47E-13 7.31E-13
 2.24E-12 4.78E-12 6.45E-12 7.84E-12 7.85E-12 7.16E-12 6.18E-12 5.03E-12
 4.27E-12 3.36E-12 2.47E-12 2.02E-12 1.64E-12 1.30E-12 1.11E-12 9.04E-13
 8.48E-38 5.90E-30 4.18E-24 1.36E-19 2.31E-17 3.65E-15 1.84E-13 9.05E-13
 2.74E-12 5.76E-12 7.71E-12 9.28E-12 9.16E-12 8.28E-12 7.09E-12 5.71E-12
 4.83E-12 3.77E-12 2.74E-12 2.23E-12 1.80E-12 1.42E-12 1.21E-12 9.78E-13
 1.26E-37 8.82E-30 6.21E-24 1.99E-19 3.33E-17 5.14E-15 2.54E-13 1.24E-12
 3.71E-12 7.75E-12 1.03E-11 1.24E-11 1.21E-11 1.09E-11 9.30E-12 7.45E-12
 6.27E-12 4.86E-12 3.51E-12 2.83E-12 2.27E-12 1.78E-12 1.51E-12 1.21E-12
 1.51E-37 1.09E-29 7.77E-24 2.51E-19 4.20E-17 6.46E-15 3.18E-13 1.55E-12
 4.65E-12 9.74E-12 1.30E-11 1.57E-11 1.56E-11 1.42E-11 1.22E-11 9.89E-12
 8.39E-12 6.57E-12 4.80E-12 3.90E-12 3.15E-12 2.48E-12 2.10E-12 1.68E-12
 1.40E-37 1.04E-29 7.77E-24 2.58E-19 4.39E-17 6.84E-15 3.42E-13 1.68E-12
 5.07E-12 1.07E-11 1.43E-11 1.74E-11 1.76E-11 1.63E-11 1.44E-11 1.20E-11
 1.04E-11 8.39E-12 6.36E-12 5.29E-12 4.36E-12 3.52E-12 3.04E-12 2.48E-12
 9.96E-38 7.76E-30 6.01E-24 2.07E-19 3.60E-17 5.74E-15 2.94E-13 1.46E-12
 4.49E-12 9.51E-12 1.28E-11 1.58E-11 1.64E-11 1.55E-11 1.40E-11 1.20E-11
 1.07E-11 8.90E-12 7.01E-12 5.99E-12 5.08E-12 4.23E-12 3.72E-12 3.12E-12
 6.02E-38 4.79E-30 3.79E-24 1.33E-19 2.33E-17 3.73E-15 1.92E-13 9.63E-13
 2.96E-12 6.30E-12 8.55E-12 1.07E-11 1.15E-11 1.12E-11 1.05E-11 9.49E-12
 8.69E-12 7.58E-12 6.30E-12 5.57E-12 4.88E-12 4.21E-12 3.80E-12 3.29E-12
 4.02E-38 3.22E-30 2.54E-24 8.73E-20 1.49E-17 2.29E-15 1.12E-13 5.42E-13
 1.61E-12 3.28E-12 4.38E-12 5.43E-12 5.99E-12 6.02E-12 5.88E-12 5.56E-12
 5.29E-12 4.87E-12 4.34E-12 4.00E-12 3.66E-12 3.30E-12 3.07E-12 2.77E-12
 2.67E-38 2.19E-30 1.72E-24 5.70E-20 9.28E-18 1.32E-15 5.87E-14 2.64E-13
 7.10E-13 1.30E-12 1.62E-12 1.90E-12 2.05E-12 2.09E-12 2.09E-12 2.07E-12
 2.04E-12 1.98E-12 1.90E-12 1.84E-12 1.78E-12 1.70E-12 1.65E-12 1.57E-12
 1.57E-38 1.35E-30 1.10E-24 3.64E-20 5.82E-18 8.01E-16 3.35E-14 1.39E-13
 3.25E-13 4.95E-13 5.59E-13 5.99E-13 6.15E-13 6.18E-13 6.20E-13 6.21E-13
 6.21E-13 6.22E-13 6.22E-13 6.21E-13 6.20E-13 6.18E-13 6.16E-13 6.13E-13
 6.65E-39 6.07E-31 5.32E-25 1.92E-20 3.22E-18 4.66E-16 1.96E-14 7.32E-14
 1.35E-13 1.61E-13 1.62E-13 1.57E-13 1.51E-13 1.48E-13 1.46E-13 1.46E-13
 1.46E-13 1.46E-13 1.48E-13 1.49E-13 1.51E-13 1.53E-13 1.54E-13 1.56E-13
 2.52E-39 2.38E-31 2.21E-25 8.87E-21 1.64E-18 2.68E-16 1.20E-14 3.89E-14
 5.61E-14 5.57E-14 5.23E-14 4.79E-14 4.42E-14 4.27E-14 4.17E-14 4.10E-14
 4.07E-14 4.06E-14 4.07E-14 4.08E-14 4.11E-14 4.14E-14 4.17E-14 4.21E-14
 7.95E-40 7.61E-32 7.29E-26 3.16E-21 6.36E-19 1.20E-16 5.90E-15 1.62E-14
 1.90E-14 1.70E-14 1.54E-14 1.38E-14 1.25E-14 1.20E-14 1.16E-14 1.13E-14
 1.12E-14 1.11E-14 1.10E-14 1.10E-14 1.10E-14 1.10E-14 1.10E-14 1.11E-14
 2.69E-40 2.59E-32 2.50E-26 1.12E-21 2.34E-19 4.73E-17 2.48E-15 6.16E-15
 6.62E-15 5.70E-15 5.12E-15 4.54E-15 4.08E-15 3.90E-15 3.77E-15 3.66E-15
 3.62E-15 3.57E-15 3.53E-15 3.52E-15 3.51E-15 3.51E-15 3.51E-15 3.51E-15
 8.11E-41 7.81E-33 7.59E-27 3.43E-22 7.27E-20 1.52E-17 8.23E-16 1.95E-15
 2.02E-15 1.71E-15 1.53E-15 1.35E-15 1.22E-15 1.16E-15 1.12E-15 1.09E-15
 1.07E-15 1.06E-15 1.05E-15 1.04E-15 1.04E-15 1.04E-15 1.03E-15 1.03E-15
C-----------------------------------------------------------------------
C
C  PHOTON EMISSIVITY COEFFICIENTS:
C
C 
C  INFORMATION
C  -----------
C 
C  NUCLEAR CHARGE = 26
C  ION CHARGE +1  = 17
C 
C  SPECIFIC ION FILE  : /home/mog/adas_dev/adas/adf04/nelike/nelike_cpb06#fe16.dat
C  EXPANSION FILE     :  
C 
C  No ionisation data has been included
C
C  OPTIONS  : LNORM=T  LPSEL=F  LZSEL=F  LIOSEL=T
C             LHSEL=F  LRSEL=F  LISEL=F  LNSEL =T
C
C
C   Configuration           (2s+1)l(w-1/2)          Energy (cm**-1)
C     1   2s2 2p6              (1)0( 0.0)              0.0
C     2   2s2 2p5 3s1          (3)1( 2.0)        5838379.0
C     3   2s2 2p5 3s1          (1)1( 1.0)        5853927.0
C     4   2s2 2p5 3s1          (3)1( 0.0)        5942383.0
C     5   2s2 2p5 3s1          (3)1( 1.0)        5952415.0
C     6   2s2 2p5 3p1          (3)0( 1.0)        6083057.0
C     7   2s2 2p5 3p1          (3)2( 2.0)        6111991.0
C     8   2s2 2p5 3p1          (3)2( 3.0)        6125552.0
C     9   2s2 2p5 3p1          (1)1( 1.0)        6134566.0
C    10   2s2 2p5 3p1          (3)1( 2.0)        6148971.0
C    11   2s2 2p5 3p1          (3)1( 0.0)        6194727.0
C    12   2s2 2p5 3p1          (3)2( 1.0)        6211977.0
C    13   2s2 2p5 3p1          (3)1( 1.0)        6237877.0
C    14   2s2 2p5 3p1          (1)2( 2.0)        6241452.0
C    15   2s2 2p5 3p1          (1)0( 0.0)        6363140.0
C    16   2s2 2p5 3d1          (3)1( 0.0)        6453949.0
C    17   2s2 2p5 3d1          (3)1( 1.0)        6462383.0
C    18   2s2 2p5 3d1          (3)1( 2.0)        6477821.0
C    19   2s2 2p5 3d1          (3)3( 4.0)        6479085.0
C    20   2s2 2p5 3d1          (3)3( 3.0)        6485381.0
C    21   2s2 2p5 3d1          (1)2( 2.0)        6499155.0
C    22   2s2 2p5 3d1          (3)2( 3.0)        6508274.0
C    23   2s2 2p5 3d1          (3)2( 1.0)        6546780.0
C    24   2s2 2p5 3d1          (3)3( 2.0)        6589044.0
C    25   2s2 2p5 3d1          (3)2( 2.0)        6595465.0
C    26   2s2 2p5 3d1          (1)3( 3.0)        6600343.0
C    27   2s2 2p5 3d1          (1)1( 1.0)        6660755.0
C    28   2s1 2p6 3s1          (3)0( 1.0)        6943101.0
C    29   2s1 2p6 3s1          (1)0( 0.0)        6996458.0
C    30   2s1 2p6 3p1          (3)1( 0.0)        7208669.0
C    31   2s1 2p6 3p1          (3)1( 1.0)        7212580.0
C    32   2s1 2p6 3p1          (3)1( 2.0)        7231776.0
C    33   2s1 2p6 3p1          (1)1( 1.0)        7247249.0
C    34   2s1 2p6 3d1          (3)2( 1.0)        7570510.0
C    35   2s1 2p6 3d1          (3)2( 2.0)        7572004.0
C    36   2s1 2p6 3d1          (3)2( 3.0)        7574450.0
C    37   2s1 2p6 3d1          (1)2( 2.0)        7615255.0
C    38   2s2 2p5 4s1          (3)1( 2.0)        7867815.0
C    39   2s2 2p5 4s1          (1)1( 1.0)        7872910.0
C    40   2s2 2p5 4p1          (3)0( 1.0)        7969726.0
C    41   2s2 2p5 4s1          (3)1( 0.0)        7972328.0
C    42   2s2 2p5 4s1          (3)1( 1.0)        7975029.0
C    43   2s2 2p5 4p1          (3)2( 2.0)        7976775.0
C    44   2s2 2p5 4p1          (3)2( 3.0)        7982472.0
C    45   2s2 2p5 4p1          (1)1( 1.0)        7985573.0
C    46   2s2 2p5 4p1          (3)1( 2.0)        7990328.0
C    47   2s2 2p5 4p1          (3)1( 0.0)        8022090.0
C    48   2s2 2p5 4p1          (3)2( 1.0)        8079245.0
C    49   2s2 2p5 4p1          (3)1( 1.0)        8088839.0
C    50   2s2 2p5 4p1          (1)2( 2.0)        8090797.0
C    51   2s2 2p5 4d1          (3)1( 0.0)        8104240.0
C    52   2s2 2p5 4d1          (3)1( 1.0)        8107977.0
C    53   2s2 2p5 4d1          (3)3( 4.0)        8112691.0
C    54   2s2 2p5 4d1          (3)1( 2.0)        8113938.0
C    55   2s2 2p5 4d1          (3)3( 3.0)        8114979.0
C    56   2s2 2p5 4p1          (1)0( 0.0)        8117198.0
C    57   2s2 2p5 4d1          (1)2( 2.0)        8119891.0
C    58   2s2 2p5 4d1          (3)2( 3.0)        8123096.0
C    59   2s2 2p5 4d1          (3)2( 1.0)        8144498.0
C    60   2s2 2p5 4f1          (3)2( 1.0)        8175623.0
C    61   2s2 2p5 4f1          (1)4( 4.0)        8175891.0
C    62   2s2 2p5 4f1          (3)4( 5.0)        8176034.0
C    63   2s2 2p5 4f1          (3)2( 2.0)        8176789.0
C    64   2s2 2p5 4f1          (3)3( 3.0)        8179543.0
C    65   2s2 2p5 4f1          (1)2( 2.0)        8179941.0
C    66   2s2 2p5 4f1          (1)3( 3.0)        8180275.0
C    67   2s2 2p5 4f1          (3)3( 4.0)        8180915.0
C    68   2s2 2p5 4d1          (3)3( 2.0)        8218425.0
C    69   2s2 2p5 4d1          (3)2( 2.0)        8220486.0
C    70   2s2 2p5 4d1          (1)3( 3.0)        8223068.0
C    71   2s2 2p5 4d1          (1)1( 1.0)        8241013.0
C    72   2s2 2p5 4f1          (3)4( 3.0)        8282007.0
C    73   2s2 2p5 4f1          (3)4( 4.0)        8282911.0
C    74   2s2 2p5 4f1          (3)2( 3.0)        8283813.0
C    75   2s2 2p5 4f1          (3)3( 2.0)        8283885.0
C    76   2s2 2p5 5s1          (3)1( 2.0)        8739909.0
C    77   2s2 2p5 5s1          (1)1( 1.0)        8742522.0
C    78   2s2 2p5 5p1          (3)0( 1.0)        8790341.0
C    79   2s2 2p5 5p1          (3)2( 2.0)        8794035.0
C    80   2s2 2p5 5p1          (3)2( 3.0)        8796873.0
C    81   2s2 2p5 5p1          (1)1( 1.0)        8798414.0
C    82   2s2 2p5 5p1          (3)1( 2.0)        8800733.0
C    83   2s2 2p5 5p1          (1)0( 0.0)        8819014.0
C    84   2s2 2p5 5s1          (3)1( 0.0)        8844432.0
C    85   2s2 2p5 5s1          (3)1( 1.0)        8845659.0
C    86   2s2 2p5 5d1          (3)1( 0.0)        8856299.0
C    87   2s2 2p5 5d1          (3)1( 1.0)        8858194.0
C    88   2s2 2p5 5d1          (3)3( 4.0)        8860179.0
C    89   2s2 2p5 5d1          (3)1( 2.0)        8860999.0
C    90   2s2 2p5 5d1          (3)3( 3.0)        8861249.0
C    91   2s2 2p5 5d1          (1)2( 2.0)        8863576.0
C    92   2s2 2p5 5d1          (3)2( 3.0)        8865122.0
C    93   2s2 2p5 5d1          (1)1( 1.0)        8877406.0
C    94   2s2 2p5 5f1          (3)2( 1.0)        8890446.0
C    95   2s2 2p5 5f1          (3)2( 2.0)        8891365.0
C    96   2s2 2p5 5f1          (3)4( 5.0)        8891706.0
C    97   2s2 2p5 5f1          (1)4( 4.0)        8891714.0
C    98   2s2 2p5 5f1          (3)3( 3.0)        8893070.0
C    99   2s2 2p5 5f1          (1)2( 2.0)        8893743.0
C   100   2s2 2p5 5f1          (1)3( 3.0)        8893832.0
C   101   2s2 2p5 5g1          (3)3( 2.0)        8894183.0
C   102   2s2 2p5 5f1          (3)3( 4.0)        8894196.0
C   103   2s2 2p5 5g1          (3)3( 3.0)        8894403.0
C   104   2s2 2p5 5g1          (1)5( 5.0)        8895188.0
C   105   2s2 2p5 5g1          (3)5( 6.0)        8895367.0
C   106   2s2 2p5 5g1          (3)4( 3.0)        8895734.0
C   107   2s2 2p5 5g1          (3)4( 4.0)        8895883.0
C   108   2s2 2p5 5g1          (1)4( 4.0)        8896383.0
C   109   2s2 2p5 5g1          (3)4( 5.0)        8896562.0
C   110   2s2 2p5 5p1          (3)2( 1.0)        8897682.0
C   111   2s2 2p5 5p1          (3)1( 1.0)        8901361.0
C   112   2s2 2p5 5p1          (1)2( 2.0)        8903457.0
C   113   2s2 2p5 5p1          (3)1( 0.0)        8913154.0
C   114   2s1 2p6 4s1          (3)0( 1.0)        8960738.0
C   115   2s2 2p5 5d1          (3)3( 2.0)        8965330.0
C   116   2s2 2p5 5d1          (3)2( 2.0)        8966265.0
C   117   2s2 2p5 5d1          (1)3( 3.0)        8967642.0
C   118   2s2 2p5 5d1          (3)2( 1.0)        8975575.0
C   119   2s1 2p6 4s1          (1)0( 0.0)        8977620.0
C   120   2s2 2p5 5f1          (3)4( 3.0)        8997120.0
C   121   2s2 2p5 5f1          (3)2( 3.0)        8997539.0
C   122   2s2 2p5 5f1          (3)4( 4.0)        8997642.0
C   123   2s2 2p5 5f1          (3)3( 2.0)        8997947.0
C   124   2s2 2p5 5g1          (1)3( 3.0)        9000119.0
C   125   2s2 2p5 5g1          (3)3( 4.0)        9000282.0
C   126   2s2 2p5 5g1          (3)5( 4.0)        9000538.0
C   127   2s2 2p5 5g1          (3)5( 5.0)        9000736.0
C   128   2s1 2p6 4p1          (3)1( 0.0)        9065881.0
C   129   2s1 2p6 4p1          (3)1( 1.0)        9067220.0
C   130   2s1 2p6 4p1          (3)1( 2.0)        9074964.0
C   131   2s1 2p6 4p1          (1)1( 1.0)        9079911.0
C   132   2s1 2p6 4d1          (3)2( 1.0)        9201920.0
C   133   2s1 2p6 4d1          (3)2( 2.0)        9202571.0
C   134   2s1 2p6 4d1          (3)2( 3.0)        9203669.0
C   135   2s1 2p6 4d1          (1)2( 2.0)        9217752.0
C   136   2s1 2p6 4f1          (3)3( 2.0)        9263865.0
C   137   2s1 2p6 4f1          (3)3( 3.0)        9264141.0
C   138   2s1 2p6 4f1          (3)3( 4.0)        9264614.0
C   139   2s1 2p6 4f1          (1)3( 3.0)        9265652.0
C
C
C
C  ISEL  WAVELENGTH       TRANSITION               TYPE   METASTABLE  IMET NMET  IP
C  ----  ----------  ----------------------------  -----  ----------- ---- ----  --
C   1.      15.01     27(1)1( 1.0)-   1(1)0( 0.0)  EXCIT                T    1
C   2.      17.08      3(1)1( 1.0)-   1(1)0( 0.0)  EXCIT                T    1
C   3.      16.80      5(3)1( 1.0)-   1(1)0( 0.0)  EXCIT                T    1
C   4.      15.27     23(3)2( 1.0)-   1(1)0( 0.0)  EXCIT                T    1
C   5.      15.47     17(3)1( 1.0)-   1(1)0( 0.0)  EXCIT                T    1
C
C-------------------------------------------------------------------------------
C  This file is intended to provide PEC data for elements not yet
C  in the GCR framework. There may be a large variability in data
C  quality between ionisation stages of the same element. The adf04
C  file will indicate the source/quality of the fundamental data.
C  
C  Note that this file was not produced as part of the GCR Project. 
C  No recombination or projection data is used - only the low
C  levels (in the adf04 file) have been included in the collisional-
C  radiative calculation.
C
C  Check the adf15/pec96#<el>/ directories to see if more complete
C  data is available for this ionisation stage.
C
C-------------------------------------------------------------------------------
C
C  CODE     : ADAS208
C  PRODUCER : Martin O'Mullane              
C  DATE     : 19/08/08
C
C-------------------------------------------------------------------------------
