    5   26   48    1    5     /BORON              /ABELS-VAN MAANEN 1985   ADF11
 -------------------------------------------------------------------------------
  10.00000  10.20000  10.40000  10.60000  10.80000  11.00000  11.20000  11.40000
  11.60000  11.80000  12.00000  12.20000  12.40000  12.60000  12.80000  13.00000
  13.20000  13.40000  13.60000  13.80000  14.00000  14.20000  14.40000  14.60000
  14.80000  15.00000
   0.00000   0.10000   0.20000   0.30000   0.40000   0.50000   0.60000   0.70000
   0.80000   0.90000   1.00000   1.10000   1.20000   1.30000   1.40000   1.50000
   1.60000   1.70000   1.80000   1.90000   2.00000   2.10000   2.20000   2.30000
   2.40000   2.50000   2.60000   2.70000   2.80000   2.90000   3.00000   3.10000
   3.20000   3.30000   3.40000   3.50000   3.60000   3.70000   3.80000   3.90000
   4.00000   4.10000   4.20000   4.30000   4.40000   4.50000   4.60000   4.70000
 ------------------------------------------/ MH=2.01/ Z1= 1   / DATE= 09.12.92
  -9.23111  -9.23111  -9.23111  -9.23111  -9.23111  -9.23111  -9.23111  -9.23111
  -9.23111  -9.23111  -9.23111  -9.23111  -9.23111  -9.23111  -9.23111  -9.23111
  -9.23111  -9.23111  -9.23111  -9.23111  -9.23111  -9.23111  -9.23111  -9.23111
  -9.23111  -9.23111
  -9.18111  -9.18111  -9.18111  -9.18111  -9.18111  -9.18111  -9.18111  -9.18111
  -9.18111  -9.18111  -9.18111  -9.18111  -9.18111  -9.18111  -9.18111  -9.18111
  -9.18111  -9.18111  -9.18111  -9.18111  -9.18111  -9.18111  -9.18111  -9.18111
  -9.18111  -9.18111
  -9.13111  -9.13111  -9.13111  -9.13111  -9.13111  -9.13111  -9.13111  -9.13111
  -9.13111  -9.13111  -9.13111  -9.13111  -9.13111  -9.13111  -9.13111  -9.13111
  -9.13111  -9.13111  -9.13111  -9.13111  -9.13111  -9.13111  -9.13111  -9.13111
  -9.13111  -9.13111
  -9.08111  -9.08111  -9.08111  -9.08111  -9.08111  -9.08111  -9.08111  -9.08111
  -9.08111  -9.08111  -9.08111  -9.08111  -9.08111  -9.08111  -9.08111  -9.08111
  -9.08111  -9.08111  -9.08111  -9.08111  -9.08111  -9.08111  -9.08111  -9.08111
  -9.08111  -9.08111
  -9.03111  -9.03111  -9.03111  -9.03111  -9.03111  -9.03111  -9.03111  -9.03111
  -9.03111  -9.03111  -9.03111  -9.03111  -9.03111  -9.03111  -9.03111  -9.03111
  -9.03111  -9.03111  -9.03111  -9.03111  -9.03111  -9.03111  -9.03111  -9.03111
  -9.03111  -9.03111
  -8.98111  -8.98111  -8.98111  -8.98111  -8.98111  -8.98111  -8.98111  -8.98111
  -8.98111  -8.98111  -8.98111  -8.98111  -8.98111  -8.98111  -8.98111  -8.98111
  -8.98111  -8.98111  -8.98111  -8.98111  -8.98111  -8.98111  -8.98111  -8.98111
  -8.98111  -8.98111
  -8.93111  -8.93111  -8.93111  -8.93111  -8.93111  -8.93111  -8.93111  -8.93111
  -8.93111  -8.93111  -8.93111  -8.93111  -8.93111  -8.93111  -8.93111  -8.93111
  -8.93111  -8.93111  -8.93111  -8.93111  -8.93111  -8.93111  -8.93111  -8.93111
  -8.93111  -8.93111
  -8.88111  -8.88111  -8.88111  -8.88111  -8.88111  -8.88111  -8.88111  -8.88111
  -8.88111  -8.88111  -8.88111  -8.88111  -8.88111  -8.88111  -8.88111  -8.88111
  -8.88111  -8.88111  -8.88111  -8.88111  -8.88111  -8.88111  -8.88111  -8.88111
  -8.88111  -8.88111
  -8.83111  -8.83111  -8.83111  -8.83111  -8.83111  -8.83111  -8.83111  -8.83111
  -8.83111  -8.83111  -8.83111  -8.83111  -8.83111  -8.83111  -8.83111  -8.83111
  -8.83111  -8.83111  -8.83111  -8.83111  -8.83111  -8.83111  -8.83111  -8.83111
  -8.83111  -8.83111
  -8.78111  -8.78111  -8.78111  -8.78111  -8.78111  -8.78111  -8.78111  -8.78111
  -8.78111  -8.78111  -8.78111  -8.78111  -8.78111  -8.78111  -8.78111  -8.78111
  -8.78111  -8.78111  -8.78111  -8.78111  -8.78111  -8.78111  -8.78111  -8.78111
  -8.78111  -8.78111
  -8.73111  -8.73111  -8.73111  -8.73111  -8.73111  -8.73111  -8.73111  -8.73111
  -8.73111  -8.73111  -8.73111  -8.73111  -8.73111  -8.73111  -8.73111  -8.73111
  -8.73111  -8.73111  -8.73111  -8.73111  -8.73111  -8.73111  -8.73111  -8.73111
  -8.73111  -8.73111
  -8.68111  -8.68111  -8.68111  -8.68111  -8.68111  -8.68111  -8.68111  -8.68111
  -8.68111  -8.68111  -8.68111  -8.68111  -8.68111  -8.68111  -8.68111  -8.68111
  -8.68111  -8.68111  -8.68111  -8.68111  -8.68111  -8.68111  -8.68111  -8.68111
  -8.68111  -8.68111
  -8.63111  -8.63111  -8.63111  -8.63111  -8.63111  -8.63111  -8.63111  -8.63111
  -8.63111  -8.63111  -8.63111  -8.63111  -8.63111  -8.63111  -8.63111  -8.63111
  -8.63111  -8.63111  -8.63111  -8.63111  -8.63111  -8.63111  -8.63111  -8.63111
  -8.63111  -8.63111
  -8.58111  -8.58111  -8.58111  -8.58111  -8.58111  -8.58111  -8.58111  -8.58111
  -8.58111  -8.58111  -8.58111  -8.58111  -8.58111  -8.58111  -8.58111  -8.58111
  -8.58111  -8.58111  -8.58111  -8.58111  -8.58111  -8.58111  -8.58111  -8.58111
  -8.58111  -8.58111
  -8.53111  -8.53111  -8.53111  -8.53111  -8.53111  -8.53111  -8.53111  -8.53111
  -8.53111  -8.53111  -8.53111  -8.53111  -8.53111  -8.53111  -8.53111  -8.53111
  -8.53111  -8.53111  -8.53111  -8.53111  -8.53111  -8.53111  -8.53111  -8.53111
  -8.53111  -8.53111
  -8.48111  -8.48111  -8.48111  -8.48111  -8.48111  -8.48111  -8.48111  -8.48111
  -8.48111  -8.48111  -8.48111  -8.48111  -8.48111  -8.48111  -8.48111  -8.48111
  -8.48111  -8.48111  -8.48111  -8.48111  -8.48111  -8.48111  -8.48111  -8.48111
  -8.48111  -8.48111
  -8.43111  -8.43111  -8.43111  -8.43111  -8.43111  -8.43111  -8.43111  -8.43111
  -8.43111  -8.43111  -8.43111  -8.43111  -8.43111  -8.43111  -8.43111  -8.43111
  -8.43111  -8.43111  -8.43111  -8.43111  -8.43111  -8.43111  -8.43111  -8.43111
  -8.43111  -8.43111
  -8.38111  -8.38111  -8.38111  -8.38111  -8.38111  -8.38111  -8.38111  -8.38111
  -8.38111  -8.38111  -8.38111  -8.38111  -8.38111  -8.38111  -8.38111  -8.38111
  -8.38111  -8.38111  -8.38111  -8.38111  -8.38111  -8.38111  -8.38111  -8.38111
  -8.38111  -8.38111
  -8.33111  -8.33111  -8.33111  -8.33111  -8.33111  -8.33111  -8.33111  -8.33111
  -8.33111  -8.33111  -8.33111  -8.33111  -8.33111  -8.33111  -8.33111  -8.33111
  -8.33111  -8.33111  -8.33111  -8.33111  -8.33111  -8.33111  -8.33111  -8.33111
  -8.33111  -8.33111
  -8.28111  -8.28111  -8.28111  -8.28111  -8.28111  -8.28111  -8.28111  -8.28111
  -8.28111  -8.28111  -8.28111  -8.28111  -8.28111  -8.28111  -8.28111  -8.28111
  -8.28111  -8.28111  -8.28111  -8.28111  -8.28111  -8.28111  -8.28111  -8.28111
  -8.28111  -8.28111
  -8.23111  -8.23111  -8.23111  -8.23111  -8.23111  -8.23111  -8.23111  -8.23111
  -8.23111  -8.23111  -8.23111  -8.23111  -8.23111  -8.23111  -8.23111  -8.23111
  -8.23111  -8.23111  -8.23111  -8.23111  -8.23111  -8.23111  -8.23111  -8.23111
  -8.23111  -8.23111
  -8.18111  -8.18111  -8.18111  -8.18111  -8.18111  -8.18111  -8.18111  -8.18111
  -8.18111  -8.18111  -8.18111  -8.18111  -8.18111  -8.18111  -8.18111  -8.18111
  -8.18111  -8.18111  -8.18111  -8.18111  -8.18111  -8.18111  -8.18111  -8.18111
  -8.18111  -8.18111
  -8.13111  -8.13111  -8.13111  -8.13111  -8.13111  -8.13111  -8.13111  -8.13111
  -8.13111  -8.13111  -8.13111  -8.13111  -8.13111  -8.13111  -8.13111  -8.13111
  -8.13111  -8.13111  -8.13111  -8.13111  -8.13111  -8.13111  -8.13111  -8.13111
  -8.13111  -8.13111
  -8.08111  -8.08111  -8.08111  -8.08111  -8.08111  -8.08111  -8.08111  -8.08111
  -8.08111  -8.08111  -8.08111  -8.08111  -8.08111  -8.08111  -8.08111  -8.08111
  -8.08111  -8.08111  -8.08111  -8.08111  -8.08111  -8.08111  -8.08111  -8.08111
  -8.08111  -8.08111
  -8.03111  -8.03111  -8.03111  -8.03111  -8.03111  -8.03111  -8.03111  -8.03111
  -8.03111  -8.03111  -8.03111  -8.03111  -8.03111  -8.03111  -8.03111  -8.03111
  -8.03111  -8.03111  -8.03111  -8.03111  -8.03111  -8.03111  -8.03111  -8.03111
  -8.03111  -8.03111
  -7.98111  -7.98111  -7.98111  -7.98111  -7.98111  -7.98111  -7.98111  -7.98111
  -7.98111  -7.98111  -7.98111  -7.98111  -7.98111  -7.98111  -7.98111  -7.98111
  -7.98111  -7.98111  -7.98111  -7.98111  -7.98111  -7.98111  -7.98111  -7.98111
  -7.98111  -7.98111
  -7.93111  -7.93111  -7.93111  -7.93111  -7.93111  -7.93111  -7.93111  -7.93111
  -7.93111  -7.93111  -7.93111  -7.93111  -7.93111  -7.93111  -7.93111  -7.93111
  -7.93111  -7.93111  -7.93111  -7.93111  -7.93111  -7.93111  -7.93111  -7.93111
  -7.93111  -7.93111
  -7.88111  -7.88111  -7.88111  -7.88111  -7.88111  -7.88111  -7.88111  -7.88111
  -7.88111  -7.88111  -7.88111  -7.88111  -7.88111  -7.88111  -7.88111  -7.88111
  -7.88111  -7.88111  -7.88111  -7.88111  -7.88111  -7.88111  -7.88111  -7.88111
  -7.88111  -7.88111
  -7.83111  -7.83111  -7.83111  -7.83111  -7.83111  -7.83111  -7.83111  -7.83111
  -7.83111  -7.83111  -7.83111  -7.83111  -7.83111  -7.83111  -7.83111  -7.83111
  -7.83111  -7.83111  -7.83111  -7.83111  -7.83111  -7.83111  -7.83111  -7.83111
  -7.83111  -7.83111
  -7.78111  -7.78111  -7.78111  -7.78111  -7.78111  -7.78111  -7.78111  -7.78111
  -7.78111  -7.78111  -7.78111  -7.78111  -7.78111  -7.78111  -7.78111  -7.78111
  -7.78111  -7.78111  -7.78111  -7.78111  -7.78111  -7.78111  -7.78111  -7.78111
  -7.78111  -7.78111
  -7.73111  -7.73111  -7.73111  -7.73111  -7.73111  -7.73111  -7.73111  -7.73111
  -7.73111  -7.73111  -7.73111  -7.73111  -7.73111  -7.73111  -7.73111  -7.73111
  -7.73111  -7.73111  -7.73111  -7.73111  -7.73111  -7.73111  -7.73111  -7.73111
  -7.73111  -7.73111
  -7.68111  -7.68111  -7.68111  -7.68111  -7.68111  -7.68111  -7.68111  -7.68111
  -7.68111  -7.68111  -7.68111  -7.68111  -7.68111  -7.68111  -7.68111  -7.68111
  -7.68111  -7.68111  -7.68111  -7.68111  -7.68111  -7.68111  -7.68111  -7.68111
  -7.68111  -7.68111
  -7.63111  -7.63111  -7.63111  -7.63111  -7.63111  -7.63111  -7.63111  -7.63111
  -7.63111  -7.63111  -7.63111  -7.63111  -7.63111  -7.63111  -7.63111  -7.63111
  -7.63111  -7.63111  -7.63111  -7.63111  -7.63111  -7.63111  -7.63111  -7.63111
  -7.63111  -7.63111
  -7.58111  -7.58111  -7.58111  -7.58111  -7.58111  -7.58111  -7.58111  -7.58111
  -7.58111  -7.58111  -7.58111  -7.58111  -7.58111  -7.58111  -7.58111  -7.58111
  -7.58111  -7.58111  -7.58111  -7.58111  -7.58111  -7.58111  -7.58111  -7.58111
  -7.58111  -7.58111
  -7.53111  -7.53111  -7.53111  -7.53111  -7.53111  -7.53111  -7.53111  -7.53111
  -7.53111  -7.53111  -7.53111  -7.53111  -7.53111  -7.53111  -7.53111  -7.53111
  -7.53111  -7.53111  -7.53111  -7.53111  -7.53111  -7.53111  -7.53111  -7.53111
  -7.53111  -7.53111
  -7.48111  -7.48111  -7.48111  -7.48111  -7.48111  -7.48111  -7.48111  -7.48111
  -7.48111  -7.48111  -7.48111  -7.48111  -7.48111  -7.48111  -7.48111  -7.48111
  -7.48111  -7.48111  -7.48111  -7.48111  -7.48111  -7.48111  -7.48111  -7.48111
  -7.48111  -7.48111
  -7.43111  -7.43111  -7.43111  -7.43111  -7.43111  -7.43111  -7.43111  -7.43111
  -7.43111  -7.43111  -7.43111  -7.43111  -7.43111  -7.43111  -7.43111  -7.43111
  -7.43111  -7.43111  -7.43111  -7.43111  -7.43111  -7.43111  -7.43111  -7.43111
  -7.43111  -7.43111
  -7.38111  -7.38111  -7.38111  -7.38111  -7.38111  -7.38111  -7.38111  -7.38111
  -7.38111  -7.38111  -7.38111  -7.38111  -7.38111  -7.38111  -7.38111  -7.38111
  -7.38111  -7.38111  -7.38111  -7.38111  -7.38111  -7.38111  -7.38111  -7.38111
  -7.38111  -7.38111
  -7.33111  -7.33111  -7.33111  -7.33111  -7.33111  -7.33111  -7.33111  -7.33111
  -7.33111  -7.33111  -7.33111  -7.33111  -7.33111  -7.33111  -7.33111  -7.33111
  -7.33111  -7.33111  -7.33111  -7.33111  -7.33111  -7.33111  -7.33111  -7.33111
  -7.33111  -7.33111
  -7.28111  -7.28111  -7.28111  -7.28111  -7.28111  -7.28111  -7.28111  -7.28111
  -7.28111  -7.28111  -7.28111  -7.28111  -7.28111  -7.28111  -7.28111  -7.28111
  -7.28111  -7.28111  -7.28111  -7.28111  -7.28111  -7.28111  -7.28111  -7.28111
  -7.28111  -7.28111
  -7.23111  -7.23111  -7.23111  -7.23111  -7.23111  -7.23111  -7.23111  -7.23111
  -7.23111  -7.23111  -7.23111  -7.23111  -7.23111  -7.23111  -7.23111  -7.23111
  -7.23111  -7.23111  -7.23111  -7.23111  -7.23111  -7.23111  -7.23111  -7.23111
  -7.23111  -7.23111
  -7.18111  -7.18111  -7.18111  -7.18111  -7.18111  -7.18111  -7.18111  -7.18111
  -7.18111  -7.18111  -7.18111  -7.18111  -7.18111  -7.18111  -7.18111  -7.18111
  -7.18111  -7.18111  -7.18111  -7.18111  -7.18111  -7.18111  -7.18111  -7.18111
  -7.18111  -7.18111
  -7.13111  -7.13111  -7.13111  -7.13111  -7.13111  -7.13111  -7.13111  -7.13111
  -7.13111  -7.13111  -7.13111  -7.13111  -7.13111  -7.13111  -7.13111  -7.13111
  -7.13111  -7.13111  -7.13111  -7.13111  -7.13111  -7.13111  -7.13111  -7.13111
  -7.13111  -7.13111
  -7.08111  -7.08111  -7.08111  -7.08111  -7.08111  -7.08111  -7.08111  -7.08111
  -7.08111  -7.08111  -7.08111  -7.08111  -7.08111  -7.08111  -7.08111  -7.08111
  -7.08111  -7.08111  -7.08111  -7.08111  -7.08111  -7.08111  -7.08111  -7.08111
  -7.08111  -7.08111
  -7.03111  -7.03111  -7.03111  -7.03111  -7.03111  -7.03111  -7.03111  -7.03111
  -7.03111  -7.03111  -7.03111  -7.03111  -7.03111  -7.03111  -7.03111  -7.03111
  -7.03111  -7.03111  -7.03111  -7.03111  -7.03111  -7.03111  -7.03111  -7.03111
  -7.03111  -7.03111
  -6.98111  -6.98111  -6.98111  -6.98111  -6.98111  -6.98111  -6.98111  -6.98111
  -6.98111  -6.98111  -6.98111  -6.98111  -6.98111  -6.98111  -6.98111  -6.98111
  -6.98111  -6.98111  -6.98111  -6.98111  -6.98111  -6.98111  -6.98111  -6.98111
  -6.98111  -6.98111
  -6.93111  -6.93111  -6.93111  -6.93111  -6.93111  -6.93111  -6.93111  -6.93111
  -6.93111  -6.93111  -6.93111  -6.93111  -6.93111  -6.93111  -6.93111  -6.93111
  -6.93111  -6.93111  -6.93111  -6.93111  -6.93111  -6.93111  -6.93111  -6.93111
  -6.93111  -6.93111
  -6.88111  -6.88111  -6.88111  -6.88111  -6.88111  -6.88111  -6.88111  -6.88111
  -6.88111  -6.88111  -6.88111  -6.88111  -6.88111  -6.88111  -6.88111  -6.88111
  -6.88111  -6.88111  -6.88111  -6.88111  -6.88111  -6.88111  -6.88111  -6.88111
  -6.88111  -6.88111
 ------------------------------------------/ MH=2.01/ Z1= 2   / DATE= 09.12.92
  -8.90901  -8.90901  -8.90901  -8.90901  -8.90901  -8.90901  -8.90901  -8.90901
  -8.90901  -8.90901  -8.90901  -8.90901  -8.90901  -8.90901  -8.90901  -8.90901
  -8.90901  -8.90901  -8.90901  -8.90901  -8.90901  -8.90901  -8.90901  -8.90901
  -8.90901  -8.90901
  -8.85901  -8.85901  -8.85901  -8.85901  -8.85901  -8.85901  -8.85901  -8.85901
  -8.85901  -8.85901  -8.85901  -8.85901  -8.85901  -8.85901  -8.85901  -8.85901
  -8.85901  -8.85901  -8.85901  -8.85901  -8.85901  -8.85901  -8.85901  -8.85901
  -8.85901  -8.85901
  -8.80901  -8.80901  -8.80901  -8.80901  -8.80901  -8.80901  -8.80901  -8.80901
  -8.80901  -8.80901  -8.80901  -8.80901  -8.80901  -8.80901  -8.80901  -8.80901
  -8.80901  -8.80901  -8.80901  -8.80901  -8.80901  -8.80901  -8.80901  -8.80901
  -8.80901  -8.80901
  -8.75901  -8.75901  -8.75901  -8.75901  -8.75901  -8.75901  -8.75901  -8.75901
  -8.75901  -8.75901  -8.75901  -8.75901  -8.75901  -8.75901  -8.75901  -8.75901
  -8.75901  -8.75901  -8.75901  -8.75901  -8.75901  -8.75901  -8.75901  -8.75901
  -8.75901  -8.75901
  -8.70901  -8.70901  -8.70901  -8.70901  -8.70901  -8.70901  -8.70901  -8.70901
  -8.70901  -8.70901  -8.70901  -8.70901  -8.70901  -8.70901  -8.70901  -8.70901
  -8.70901  -8.70901  -8.70901  -8.70901  -8.70901  -8.70901  -8.70901  -8.70901
  -8.70901  -8.70901
  -8.65901  -8.65901  -8.65901  -8.65901  -8.65901  -8.65901  -8.65901  -8.65901
  -8.65901  -8.65901  -8.65901  -8.65901  -8.65901  -8.65901  -8.65901  -8.65901
  -8.65901  -8.65901  -8.65901  -8.65901  -8.65901  -8.65901  -8.65901  -8.65901
  -8.65901  -8.65901
  -8.60901  -8.60901  -8.60901  -8.60901  -8.60901  -8.60901  -8.60901  -8.60901
  -8.60901  -8.60901  -8.60901  -8.60901  -8.60901  -8.60901  -8.60901  -8.60901
  -8.60901  -8.60901  -8.60901  -8.60901  -8.60901  -8.60901  -8.60901  -8.60901
  -8.60901  -8.60901
  -8.55901  -8.55901  -8.55901  -8.55901  -8.55901  -8.55901  -8.55901  -8.55901
  -8.55901  -8.55901  -8.55901  -8.55901  -8.55901  -8.55901  -8.55901  -8.55901
  -8.55901  -8.55901  -8.55901  -8.55901  -8.55901  -8.55901  -8.55901  -8.55901
  -8.55901  -8.55901
  -8.50901  -8.50901  -8.50901  -8.50901  -8.50901  -8.50901  -8.50901  -8.50901
  -8.50901  -8.50901  -8.50901  -8.50901  -8.50901  -8.50901  -8.50901  -8.50901
  -8.50901  -8.50901  -8.50901  -8.50901  -8.50901  -8.50901  -8.50901  -8.50901
  -8.50901  -8.50901
  -8.45901  -8.45901  -8.45901  -8.45901  -8.45901  -8.45901  -8.45901  -8.45901
  -8.45901  -8.45901  -8.45901  -8.45901  -8.45901  -8.45901  -8.45901  -8.45901
  -8.45901  -8.45901  -8.45901  -8.45901  -8.45901  -8.45901  -8.45901  -8.45901
  -8.45901  -8.45901
  -8.40901  -8.40901  -8.40901  -8.40901  -8.40901  -8.40901  -8.40901  -8.40901
  -8.40901  -8.40901  -8.40901  -8.40901  -8.40901  -8.40901  -8.40901  -8.40901
  -8.40901  -8.40901  -8.40901  -8.40901  -8.40901  -8.40901  -8.40901  -8.40901
  -8.40901  -8.40901
  -8.35901  -8.35901  -8.35901  -8.35901  -8.35901  -8.35901  -8.35901  -8.35901
  -8.35901  -8.35901  -8.35901  -8.35901  -8.35901  -8.35901  -8.35901  -8.35901
  -8.35901  -8.35901  -8.35901  -8.35901  -8.35901  -8.35901  -8.35901  -8.35901
  -8.35901  -8.35901
  -8.30901  -8.30901  -8.30901  -8.30901  -8.30901  -8.30901  -8.30901  -8.30901
  -8.30901  -8.30901  -8.30901  -8.30901  -8.30901  -8.30901  -8.30901  -8.30901
  -8.30901  -8.30901  -8.30901  -8.30901  -8.30901  -8.30901  -8.30901  -8.30901
  -8.30901  -8.30901
  -8.25901  -8.25901  -8.25901  -8.25901  -8.25901  -8.25901  -8.25901  -8.25901
  -8.25901  -8.25901  -8.25901  -8.25901  -8.25901  -8.25901  -8.25901  -8.25901
  -8.25901  -8.25901  -8.25901  -8.25901  -8.25901  -8.25901  -8.25901  -8.25901
  -8.25901  -8.25901
  -8.20901  -8.20901  -8.20901  -8.20901  -8.20901  -8.20901  -8.20901  -8.20901
  -8.20901  -8.20901  -8.20901  -8.20901  -8.20901  -8.20901  -8.20901  -8.20901
  -8.20901  -8.20901  -8.20901  -8.20901  -8.20901  -8.20901  -8.20901  -8.20901
  -8.20901  -8.20901
  -8.15901  -8.15901  -8.15901  -8.15901  -8.15901  -8.15901  -8.15901  -8.15901
  -8.15901  -8.15901  -8.15901  -8.15901  -8.15901  -8.15901  -8.15901  -8.15901
  -8.15901  -8.15901  -8.15901  -8.15901  -8.15901  -8.15901  -8.15901  -8.15901
  -8.15901  -8.15901
  -8.10901  -8.10901  -8.10901  -8.10901  -8.10901  -8.10901  -8.10901  -8.10901
  -8.10901  -8.10901  -8.10901  -8.10901  -8.10901  -8.10901  -8.10901  -8.10901
  -8.10901  -8.10901  -8.10901  -8.10901  -8.10901  -8.10901  -8.10901  -8.10901
  -8.10901  -8.10901
  -8.05901  -8.05901  -8.05901  -8.05901  -8.05901  -8.05901  -8.05901  -8.05901
  -8.05901  -8.05901  -8.05901  -8.05901  -8.05901  -8.05901  -8.05901  -8.05901
  -8.05901  -8.05901  -8.05901  -8.05901  -8.05901  -8.05901  -8.05901  -8.05901
  -8.05901  -8.05901
  -8.00901  -8.00901  -8.00901  -8.00901  -8.00901  -8.00901  -8.00901  -8.00901
  -8.00901  -8.00901  -8.00901  -8.00901  -8.00901  -8.00901  -8.00901  -8.00901
  -8.00901  -8.00901  -8.00901  -8.00901  -8.00901  -8.00901  -8.00901  -8.00901
  -8.00901  -8.00901
  -7.95901  -7.95901  -7.95901  -7.95901  -7.95901  -7.95901  -7.95901  -7.95901
  -7.95901  -7.95901  -7.95901  -7.95901  -7.95901  -7.95901  -7.95901  -7.95901
  -7.95901  -7.95901  -7.95901  -7.95901  -7.95901  -7.95901  -7.95901  -7.95901
  -7.95901  -7.95901
  -7.90901  -7.90901  -7.90901  -7.90901  -7.90901  -7.90901  -7.90901  -7.90901
  -7.90901  -7.90901  -7.90901  -7.90901  -7.90901  -7.90901  -7.90901  -7.90901
  -7.90901  -7.90901  -7.90901  -7.90901  -7.90901  -7.90901  -7.90901  -7.90901
  -7.90901  -7.90901
  -7.85901  -7.85901  -7.85901  -7.85901  -7.85901  -7.85901  -7.85901  -7.85901
  -7.85901  -7.85901  -7.85901  -7.85901  -7.85901  -7.85901  -7.85901  -7.85901
  -7.85901  -7.85901  -7.85901  -7.85901  -7.85901  -7.85901  -7.85901  -7.85901
  -7.85901  -7.85901
  -7.80901  -7.80901  -7.80901  -7.80901  -7.80901  -7.80901  -7.80901  -7.80901
  -7.80901  -7.80901  -7.80901  -7.80901  -7.80901  -7.80901  -7.80901  -7.80901
  -7.80901  -7.80901  -7.80901  -7.80901  -7.80901  -7.80901  -7.80901  -7.80901
  -7.80901  -7.80901
  -7.75901  -7.75901  -7.75901  -7.75901  -7.75901  -7.75901  -7.75901  -7.75901
  -7.75901  -7.75901  -7.75901  -7.75901  -7.75901  -7.75901  -7.75901  -7.75901
  -7.75901  -7.75901  -7.75901  -7.75901  -7.75901  -7.75901  -7.75901  -7.75901
  -7.75901  -7.75901
  -7.70901  -7.70901  -7.70901  -7.70901  -7.70901  -7.70901  -7.70901  -7.70901
  -7.70901  -7.70901  -7.70901  -7.70901  -7.70901  -7.70901  -7.70901  -7.70901
  -7.70901  -7.70901  -7.70901  -7.70901  -7.70901  -7.70901  -7.70901  -7.70901
  -7.70901  -7.70901
  -7.65901  -7.65901  -7.65901  -7.65901  -7.65901  -7.65901  -7.65901  -7.65901
  -7.65901  -7.65901  -7.65901  -7.65901  -7.65901  -7.65901  -7.65901  -7.65901
  -7.65901  -7.65901  -7.65901  -7.65901  -7.65901  -7.65901  -7.65901  -7.65901
  -7.65901  -7.65901
  -7.60901  -7.60901  -7.60901  -7.60901  -7.60901  -7.60901  -7.60901  -7.60901
  -7.60901  -7.60901  -7.60901  -7.60901  -7.60901  -7.60901  -7.60901  -7.60901
  -7.60901  -7.60901  -7.60901  -7.60901  -7.60901  -7.60901  -7.60901  -7.60901
  -7.60901  -7.60901
  -7.55901  -7.55901  -7.55901  -7.55901  -7.55901  -7.55901  -7.55901  -7.55901
  -7.55901  -7.55901  -7.55901  -7.55901  -7.55901  -7.55901  -7.55901  -7.55901
  -7.55901  -7.55901  -7.55901  -7.55901  -7.55901  -7.55901  -7.55901  -7.55901
  -7.55901  -7.55901
  -7.50901  -7.50901  -7.50901  -7.50901  -7.50901  -7.50901  -7.50901  -7.50901
  -7.50901  -7.50901  -7.50901  -7.50901  -7.50901  -7.50901  -7.50901  -7.50901
  -7.50901  -7.50901  -7.50901  -7.50901  -7.50901  -7.50901  -7.50901  -7.50901
  -7.50901  -7.50901
  -7.45901  -7.45901  -7.45901  -7.45901  -7.45901  -7.45901  -7.45901  -7.45901
  -7.45901  -7.45901  -7.45901  -7.45901  -7.45901  -7.45901  -7.45901  -7.45901
  -7.45901  -7.45901  -7.45901  -7.45901  -7.45901  -7.45901  -7.45901  -7.45901
  -7.45901  -7.45901
  -7.40901  -7.40901  -7.40901  -7.40901  -7.40901  -7.40901  -7.40901  -7.40901
  -7.40901  -7.40901  -7.40901  -7.40901  -7.40901  -7.40901  -7.40901  -7.40901
  -7.40901  -7.40901  -7.40901  -7.40901  -7.40901  -7.40901  -7.40901  -7.40901
  -7.40901  -7.40901
  -7.35901  -7.35901  -7.35901  -7.35901  -7.35901  -7.35901  -7.35901  -7.35901
  -7.35901  -7.35901  -7.35901  -7.35901  -7.35901  -7.35901  -7.35901  -7.35901
  -7.35901  -7.35901  -7.35901  -7.35901  -7.35901  -7.35901  -7.35901  -7.35901
  -7.35901  -7.35901
  -7.30901  -7.30901  -7.30901  -7.30901  -7.30901  -7.30901  -7.30901  -7.30901
  -7.30901  -7.30901  -7.30901  -7.30901  -7.30901  -7.30901  -7.30901  -7.30901
  -7.30901  -7.30901  -7.30901  -7.30901  -7.30901  -7.30901  -7.30901  -7.30901
  -7.30901  -7.30901
  -7.25901  -7.25901  -7.25901  -7.25901  -7.25901  -7.25901  -7.25901  -7.25901
  -7.25901  -7.25901  -7.25901  -7.25901  -7.25901  -7.25901  -7.25901  -7.25901
  -7.25901  -7.25901  -7.25901  -7.25901  -7.25901  -7.25901  -7.25901  -7.25901
  -7.25901  -7.25901
  -7.20901  -7.20901  -7.20901  -7.20901  -7.20901  -7.20901  -7.20901  -7.20901
  -7.20901  -7.20901  -7.20901  -7.20901  -7.20901  -7.20901  -7.20901  -7.20901
  -7.20901  -7.20901  -7.20901  -7.20901  -7.20901  -7.20901  -7.20901  -7.20901
  -7.20901  -7.20901
  -7.15901  -7.15901  -7.15901  -7.15901  -7.15901  -7.15901  -7.15901  -7.15901
  -7.15901  -7.15901  -7.15901  -7.15901  -7.15901  -7.15901  -7.15901  -7.15901
  -7.15901  -7.15901  -7.15901  -7.15901  -7.15901  -7.15901  -7.15901  -7.15901
  -7.15901  -7.15901
  -7.10901  -7.10901  -7.10901  -7.10901  -7.10901  -7.10901  -7.10901  -7.10901
  -7.10901  -7.10901  -7.10901  -7.10901  -7.10901  -7.10901  -7.10901  -7.10901
  -7.10901  -7.10901  -7.10901  -7.10901  -7.10901  -7.10901  -7.10901  -7.10901
  -7.10901  -7.10901
  -7.05901  -7.05901  -7.05901  -7.05901  -7.05901  -7.05901  -7.05901  -7.05901
  -7.05901  -7.05901  -7.05901  -7.05901  -7.05901  -7.05901  -7.05901  -7.05901
  -7.05901  -7.05901  -7.05901  -7.05901  -7.05901  -7.05901  -7.05901  -7.05901
  -7.05901  -7.05901
  -7.00901  -7.00901  -7.00901  -7.00901  -7.00901  -7.00901  -7.00901  -7.00901
  -7.00901  -7.00901  -7.00901  -7.00901  -7.00901  -7.00901  -7.00901  -7.00901
  -7.00901  -7.00901  -7.00901  -7.00901  -7.00901  -7.00901  -7.00901  -7.00901
  -7.00901  -7.00901
  -6.95901  -6.95901  -6.95901  -6.95901  -6.95901  -6.95901  -6.95901  -6.95901
  -6.95901  -6.95901  -6.95901  -6.95901  -6.95901  -6.95901  -6.95901  -6.95901
  -6.95901  -6.95901  -6.95901  -6.95901  -6.95901  -6.95901  -6.95901  -6.95901
  -6.95901  -6.95901
  -6.90901  -6.90901  -6.90901  -6.90901  -6.90901  -6.90901  -6.90901  -6.90901
  -6.90901  -6.90901  -6.90901  -6.90901  -6.90901  -6.90901  -6.90901  -6.90901
  -6.90901  -6.90901  -6.90901  -6.90901  -6.90901  -6.90901  -6.90901  -6.90901
  -6.90901  -6.90901
  -6.85901  -6.85901  -6.85901  -6.85901  -6.85901  -6.85901  -6.85901  -6.85901
  -6.85901  -6.85901  -6.85901  -6.85901  -6.85901  -6.85901  -6.85901  -6.85901
  -6.85901  -6.85901  -6.85901  -6.85901  -6.85901  -6.85901  -6.85901  -6.85901
  -6.85901  -6.85901
  -6.80901  -6.80901  -6.80901  -6.80901  -6.80901  -6.80901  -6.80901  -6.80901
  -6.80901  -6.80901  -6.80901  -6.80901  -6.80901  -6.80901  -6.80901  -6.80901
  -6.80901  -6.80901  -6.80901  -6.80901  -6.80901  -6.80901  -6.80901  -6.80901
  -6.80901  -6.80901
  -6.75901  -6.75901  -6.75901  -6.75901  -6.75901  -6.75901  -6.75901  -6.75901
  -6.75901  -6.75901  -6.75901  -6.75901  -6.75901  -6.75901  -6.75901  -6.75901
  -6.75901  -6.75901  -6.75901  -6.75901  -6.75901  -6.75901  -6.75901  -6.75901
  -6.75901  -6.75901
  -6.70901  -6.70901  -6.70901  -6.70901  -6.70901  -6.70901  -6.70901  -6.70901
  -6.70901  -6.70901  -6.70901  -6.70901  -6.70901  -6.70901  -6.70901  -6.70901
  -6.70901  -6.70901  -6.70901  -6.70901  -6.70901  -6.70901  -6.70901  -6.70901
  -6.70901  -6.70901
  -6.65901  -6.65901  -6.65901  -6.65901  -6.65901  -6.65901  -6.65901  -6.65901
  -6.65901  -6.65901  -6.65901  -6.65901  -6.65901  -6.65901  -6.65901  -6.65901
  -6.65901  -6.65901  -6.65901  -6.65901  -6.65901  -6.65901  -6.65901  -6.65901
  -6.65901  -6.65901
  -6.60901  -6.60901  -6.60901  -6.60901  -6.60901  -6.60901  -6.60901  -6.60901
  -6.60901  -6.60901  -6.60901  -6.60901  -6.60901  -6.60901  -6.60901  -6.60901
  -6.60901  -6.60901  -6.60901  -6.60901  -6.60901  -6.60901  -6.60901  -6.60901
  -6.60901  -6.60901
  -6.55901  -6.55901  -6.55901  -6.55901  -6.55901  -6.55901  -6.55901  -6.55901
  -6.55901  -6.55901  -6.55901  -6.55901  -6.55901  -6.55901  -6.55901  -6.55901
  -6.55901  -6.55901  -6.55901  -6.55901  -6.55901  -6.55901  -6.55901  -6.55901
  -6.55901  -6.55901
 ------------------------------------------/ MH=2.01/ Z1= 3   / DATE= 09.12.92
  -8.72059  -8.72059  -8.72059  -8.72059  -8.72059  -8.72059  -8.72059  -8.72059
  -8.72059  -8.72059  -8.72059  -8.72059  -8.72059  -8.72059  -8.72059  -8.72059
  -8.72059  -8.72059  -8.72059  -8.72059  -8.72059  -8.72059  -8.72059  -8.72059
  -8.72059  -8.72059
  -8.67059  -8.67059  -8.67059  -8.67059  -8.67059  -8.67059  -8.67059  -8.67059
  -8.67059  -8.67059  -8.67059  -8.67059  -8.67059  -8.67059  -8.67059  -8.67059
  -8.67059  -8.67059  -8.67059  -8.67059  -8.67059  -8.67059  -8.67059  -8.67059
  -8.67059  -8.67059
  -8.62059  -8.62059  -8.62059  -8.62059  -8.62059  -8.62059  -8.62059  -8.62059
  -8.62059  -8.62059  -8.62059  -8.62059  -8.62059  -8.62059  -8.62059  -8.62059
  -8.62059  -8.62059  -8.62059  -8.62059  -8.62059  -8.62059  -8.62059  -8.62059
  -8.62059  -8.62059
  -8.57059  -8.57059  -8.57059  -8.57059  -8.57059  -8.57059  -8.57059  -8.57059
  -8.57059  -8.57059  -8.57059  -8.57059  -8.57059  -8.57059  -8.57059  -8.57059
  -8.57059  -8.57059  -8.57059  -8.57059  -8.57059  -8.57059  -8.57059  -8.57059
  -8.57059  -8.57059
  -8.52059  -8.52059  -8.52059  -8.52059  -8.52059  -8.52059  -8.52059  -8.52059
  -8.52059  -8.52059  -8.52059  -8.52059  -8.52059  -8.52059  -8.52059  -8.52059
  -8.52059  -8.52059  -8.52059  -8.52059  -8.52059  -8.52059  -8.52059  -8.52059
  -8.52059  -8.52059
  -8.47059  -8.47059  -8.47059  -8.47059  -8.47059  -8.47059  -8.47059  -8.47059
  -8.47059  -8.47059  -8.47059  -8.47059  -8.47059  -8.47059  -8.47059  -8.47059
  -8.47059  -8.47059  -8.47059  -8.47059  -8.47059  -8.47059  -8.47059  -8.47059
  -8.47059  -8.47059
  -8.42059  -8.42059  -8.42059  -8.42059  -8.42059  -8.42059  -8.42059  -8.42059
  -8.42059  -8.42059  -8.42059  -8.42059  -8.42059  -8.42059  -8.42059  -8.42059
  -8.42059  -8.42059  -8.42059  -8.42059  -8.42059  -8.42059  -8.42059  -8.42059
  -8.42059  -8.42059
  -8.37059  -8.37059  -8.37059  -8.37059  -8.37059  -8.37059  -8.37059  -8.37059
  -8.37059  -8.37059  -8.37059  -8.37059  -8.37059  -8.37059  -8.37059  -8.37059
  -8.37059  -8.37059  -8.37059  -8.37059  -8.37059  -8.37059  -8.37059  -8.37059
  -8.37059  -8.37059
  -8.32059  -8.32059  -8.32059  -8.32059  -8.32059  -8.32059  -8.32059  -8.32059
  -8.32059  -8.32059  -8.32059  -8.32059  -8.32059  -8.32059  -8.32059  -8.32059
  -8.32059  -8.32059  -8.32059  -8.32059  -8.32059  -8.32059  -8.32059  -8.32059
  -8.32059  -8.32059
  -8.27059  -8.27059  -8.27059  -8.27059  -8.27059  -8.27059  -8.27059  -8.27059
  -8.27059  -8.27059  -8.27059  -8.27059  -8.27059  -8.27059  -8.27059  -8.27059
  -8.27059  -8.27059  -8.27059  -8.27059  -8.27059  -8.27059  -8.27059  -8.27059
  -8.27059  -8.27059
  -8.22059  -8.22059  -8.22059  -8.22059  -8.22059  -8.22059  -8.22059  -8.22059
  -8.22059  -8.22059  -8.22059  -8.22059  -8.22059  -8.22059  -8.22059  -8.22059
  -8.22059  -8.22059  -8.22059  -8.22059  -8.22059  -8.22059  -8.22059  -8.22059
  -8.22059  -8.22059
  -8.17060  -8.17060  -8.17060  -8.17060  -8.17060  -8.17060  -8.17060  -8.17060
  -8.17060  -8.17060  -8.17060  -8.17060  -8.17060  -8.17060  -8.17060  -8.17060
  -8.17060  -8.17060  -8.17060  -8.17060  -8.17060  -8.17060  -8.17060  -8.17060
  -8.17060  -8.17060
  -8.12059  -8.12059  -8.12059  -8.12059  -8.12059  -8.12059  -8.12059  -8.12059
  -8.12059  -8.12059  -8.12059  -8.12059  -8.12059  -8.12059  -8.12059  -8.12059
  -8.12059  -8.12059  -8.12059  -8.12059  -8.12059  -8.12059  -8.12059  -8.12059
  -8.12059  -8.12059
  -8.07059  -8.07059  -8.07059  -8.07059  -8.07059  -8.07059  -8.07059  -8.07059
  -8.07059  -8.07059  -8.07059  -8.07059  -8.07059  -8.07059  -8.07059  -8.07059
  -8.07059  -8.07059  -8.07059  -8.07059  -8.07059  -8.07059  -8.07059  -8.07059
  -8.07059  -8.07059
  -8.02059  -8.02059  -8.02059  -8.02059  -8.02059  -8.02059  -8.02059  -8.02059
  -8.02059  -8.02059  -8.02059  -8.02059  -8.02059  -8.02059  -8.02059  -8.02059
  -8.02059  -8.02059  -8.02059  -8.02059  -8.02059  -8.02059  -8.02059  -8.02059
  -8.02059  -8.02059
  -7.97059  -7.97059  -7.97059  -7.97059  -7.97059  -7.97059  -7.97059  -7.97059
  -7.97059  -7.97059  -7.97059  -7.97059  -7.97059  -7.97059  -7.97059  -7.97059
  -7.97059  -7.97059  -7.97059  -7.97059  -7.97059  -7.97059  -7.97059  -7.97059
  -7.97059  -7.97059
  -7.92059  -7.92059  -7.92059  -7.92059  -7.92059  -7.92059  -7.92059  -7.92059
  -7.92059  -7.92059  -7.92059  -7.92059  -7.92059  -7.92059  -7.92059  -7.92059
  -7.92059  -7.92059  -7.92059  -7.92059  -7.92059  -7.92059  -7.92059  -7.92059
  -7.92059  -7.92059
  -7.87059  -7.87059  -7.87059  -7.87059  -7.87059  -7.87059  -7.87059  -7.87059
  -7.87059  -7.87059  -7.87059  -7.87059  -7.87059  -7.87059  -7.87059  -7.87059
  -7.87059  -7.87059  -7.87059  -7.87059  -7.87059  -7.87059  -7.87059  -7.87059
  -7.87059  -7.87059
  -7.82059  -7.82059  -7.82059  -7.82059  -7.82059  -7.82059  -7.82059  -7.82059
  -7.82059  -7.82059  -7.82059  -7.82059  -7.82059  -7.82059  -7.82059  -7.82059
  -7.82059  -7.82059  -7.82059  -7.82059  -7.82059  -7.82059  -7.82059  -7.82059
  -7.82059  -7.82059
  -7.77059  -7.77059  -7.77059  -7.77059  -7.77059  -7.77059  -7.77059  -7.77059
  -7.77059  -7.77059  -7.77059  -7.77059  -7.77059  -7.77059  -7.77059  -7.77059
  -7.77059  -7.77059  -7.77059  -7.77059  -7.77059  -7.77059  -7.77059  -7.77059
  -7.77059  -7.77059
  -7.72059  -7.72059  -7.72059  -7.72059  -7.72059  -7.72059  -7.72059  -7.72059
  -7.72059  -7.72059  -7.72059  -7.72059  -7.72059  -7.72059  -7.72059  -7.72059
  -7.72059  -7.72059  -7.72059  -7.72059  -7.72059  -7.72059  -7.72059  -7.72059
  -7.72059  -7.72059
  -7.67059  -7.67059  -7.67059  -7.67059  -7.67059  -7.67059  -7.67059  -7.67059
  -7.67059  -7.67059  -7.67059  -7.67059  -7.67059  -7.67059  -7.67059  -7.67059
  -7.67059  -7.67059  -7.67059  -7.67059  -7.67059  -7.67059  -7.67059  -7.67059
  -7.67059  -7.67059
  -7.62059  -7.62059  -7.62059  -7.62059  -7.62059  -7.62059  -7.62059  -7.62059
  -7.62059  -7.62059  -7.62059  -7.62059  -7.62059  -7.62059  -7.62059  -7.62059
  -7.62059  -7.62059  -7.62059  -7.62059  -7.62059  -7.62059  -7.62059  -7.62059
  -7.62059  -7.62059
  -7.57059  -7.57059  -7.57059  -7.57059  -7.57059  -7.57059  -7.57059  -7.57059
  -7.57059  -7.57059  -7.57059  -7.57059  -7.57059  -7.57059  -7.57059  -7.57059
  -7.57059  -7.57059  -7.57059  -7.57059  -7.57059  -7.57059  -7.57059  -7.57059
  -7.57059  -7.57059
  -7.52059  -7.52059  -7.52059  -7.52059  -7.52059  -7.52059  -7.52059  -7.52059
  -7.52059  -7.52059  -7.52059  -7.52059  -7.52059  -7.52059  -7.52059  -7.52059
  -7.52059  -7.52059  -7.52059  -7.52059  -7.52059  -7.52059  -7.52059  -7.52059
  -7.52059  -7.52059
  -7.47059  -7.47059  -7.47059  -7.47059  -7.47059  -7.47059  -7.47059  -7.47059
  -7.47059  -7.47059  -7.47059  -7.47059  -7.47059  -7.47059  -7.47059  -7.47059
  -7.47059  -7.47059  -7.47059  -7.47059  -7.47059  -7.47059  -7.47059  -7.47059
  -7.47059  -7.47059
  -7.42059  -7.42059  -7.42059  -7.42059  -7.42059  -7.42059  -7.42059  -7.42059
  -7.42059  -7.42059  -7.42059  -7.42059  -7.42059  -7.42059  -7.42059  -7.42059
  -7.42059  -7.42059  -7.42059  -7.42059  -7.42059  -7.42059  -7.42059  -7.42059
  -7.42059  -7.42059
  -7.37059  -7.37059  -7.37059  -7.37059  -7.37059  -7.37059  -7.37059  -7.37059
  -7.37059  -7.37059  -7.37059  -7.37059  -7.37059  -7.37059  -7.37059  -7.37059
  -7.37059  -7.37059  -7.37059  -7.37059  -7.37059  -7.37059  -7.37059  -7.37059
  -7.37059  -7.37059
  -7.32059  -7.32059  -7.32059  -7.32059  -7.32059  -7.32059  -7.32059  -7.32059
  -7.32059  -7.32059  -7.32059  -7.32059  -7.32059  -7.32059  -7.32059  -7.32059
  -7.32059  -7.32059  -7.32059  -7.32059  -7.32059  -7.32059  -7.32059  -7.32059
  -7.32059  -7.32059
  -7.27059  -7.27059  -7.27059  -7.27059  -7.27059  -7.27059  -7.27059  -7.27059
  -7.27059  -7.27059  -7.27059  -7.27059  -7.27059  -7.27059  -7.27059  -7.27059
  -7.27059  -7.27059  -7.27059  -7.27059  -7.27059  -7.27059  -7.27059  -7.27059
  -7.27059  -7.27059
  -7.22059  -7.22059  -7.22059  -7.22059  -7.22059  -7.22059  -7.22059  -7.22059
  -7.22059  -7.22059  -7.22059  -7.22059  -7.22059  -7.22059  -7.22059  -7.22059
  -7.22059  -7.22059  -7.22059  -7.22059  -7.22059  -7.22059  -7.22059  -7.22059
  -7.22059  -7.22059
  -7.17059  -7.17059  -7.17059  -7.17059  -7.17059  -7.17059  -7.17059  -7.17059
  -7.17059  -7.17059  -7.17059  -7.17059  -7.17059  -7.17059  -7.17059  -7.17059
  -7.17059  -7.17059  -7.17059  -7.17059  -7.17059  -7.17059  -7.17059  -7.17059
  -7.17059  -7.17059
  -7.12059  -7.12059  -7.12059  -7.12059  -7.12059  -7.12059  -7.12059  -7.12059
  -7.12059  -7.12059  -7.12059  -7.12059  -7.12059  -7.12059  -7.12059  -7.12059
  -7.12059  -7.12059  -7.12059  -7.12059  -7.12059  -7.12059  -7.12059  -7.12059
  -7.12059  -7.12059
  -7.07059  -7.07059  -7.07059  -7.07059  -7.07059  -7.07059  -7.07059  -7.07059
  -7.07059  -7.07059  -7.07059  -7.07059  -7.07059  -7.07059  -7.07059  -7.07059
  -7.07059  -7.07059  -7.07059  -7.07059  -7.07059  -7.07059  -7.07059  -7.07059
  -7.07059  -7.07059
  -7.02059  -7.02059  -7.02059  -7.02059  -7.02059  -7.02059  -7.02059  -7.02059
  -7.02059  -7.02059  -7.02059  -7.02059  -7.02059  -7.02059  -7.02059  -7.02059
  -7.02059  -7.02059  -7.02059  -7.02059  -7.02059  -7.02059  -7.02059  -7.02059
  -7.02059  -7.02059
  -6.97059  -6.97059  -6.97059  -6.97059  -6.97059  -6.97059  -6.97059  -6.97059
  -6.97059  -6.97059  -6.97059  -6.97059  -6.97059  -6.97059  -6.97059  -6.97059
  -6.97059  -6.97059  -6.97059  -6.97059  -6.97059  -6.97059  -6.97059  -6.97059
  -6.97059  -6.97059
  -6.92059  -6.92059  -6.92059  -6.92059  -6.92059  -6.92059  -6.92059  -6.92059
  -6.92059  -6.92059  -6.92059  -6.92059  -6.92059  -6.92059  -6.92059  -6.92059
  -6.92059  -6.92059  -6.92059  -6.92059  -6.92059  -6.92059  -6.92059  -6.92059
  -6.92059  -6.92059
  -6.87059  -6.87059  -6.87059  -6.87059  -6.87059  -6.87059  -6.87059  -6.87059
  -6.87059  -6.87059  -6.87059  -6.87059  -6.87059  -6.87059  -6.87059  -6.87059
  -6.87059  -6.87059  -6.87059  -6.87059  -6.87059  -6.87059  -6.87059  -6.87059
  -6.87059  -6.87059
  -6.82059  -6.82059  -6.82059  -6.82059  -6.82059  -6.82059  -6.82059  -6.82059
  -6.82059  -6.82059  -6.82059  -6.82059  -6.82059  -6.82059  -6.82059  -6.82059
  -6.82059  -6.82059  -6.82059  -6.82059  -6.82059  -6.82059  -6.82059  -6.82059
  -6.82059  -6.82059
  -6.77059  -6.77059  -6.77059  -6.77059  -6.77059  -6.77059  -6.77059  -6.77059
  -6.77059  -6.77059  -6.77059  -6.77059  -6.77059  -6.77059  -6.77059  -6.77059
  -6.77059  -6.77059  -6.77059  -6.77059  -6.77059  -6.77059  -6.77059  -6.77059
  -6.77059  -6.77059
  -6.72059  -6.72059  -6.72059  -6.72059  -6.72059  -6.72059  -6.72059  -6.72059
  -6.72059  -6.72059  -6.72059  -6.72059  -6.72059  -6.72059  -6.72059  -6.72059
  -6.72059  -6.72059  -6.72059  -6.72059  -6.72059  -6.72059  -6.72059  -6.72059
  -6.72059  -6.72059
  -6.67059  -6.67059  -6.67059  -6.67059  -6.67059  -6.67059  -6.67059  -6.67059
  -6.67059  -6.67059  -6.67059  -6.67059  -6.67059  -6.67059  -6.67059  -6.67059
  -6.67059  -6.67059  -6.67059  -6.67059  -6.67059  -6.67059  -6.67059  -6.67059
  -6.67059  -6.67059
  -6.62059  -6.62059  -6.62059  -6.62059  -6.62059  -6.62059  -6.62059  -6.62059
  -6.62059  -6.62059  -6.62059  -6.62059  -6.62059  -6.62059  -6.62059  -6.62059
  -6.62059  -6.62059  -6.62059  -6.62059  -6.62059  -6.62059  -6.62059  -6.62059
  -6.62059  -6.62059
  -6.57059  -6.57059  -6.57059  -6.57059  -6.57059  -6.57059  -6.57059  -6.57059
  -6.57059  -6.57059  -6.57059  -6.57059  -6.57059  -6.57059  -6.57059  -6.57059
  -6.57059  -6.57059  -6.57059  -6.57059  -6.57059  -6.57059  -6.57059  -6.57059
  -6.57059  -6.57059
  -6.52059  -6.52059  -6.52059  -6.52059  -6.52059  -6.52059  -6.52059  -6.52059
  -6.52059  -6.52059  -6.52059  -6.52059  -6.52059  -6.52059  -6.52059  -6.52059
  -6.52059  -6.52059  -6.52059  -6.52059  -6.52059  -6.52059  -6.52059  -6.52059
  -6.52059  -6.52059
  -6.47059  -6.47059  -6.47059  -6.47059  -6.47059  -6.47059  -6.47059  -6.47059
  -6.47059  -6.47059  -6.47059  -6.47059  -6.47059  -6.47059  -6.47059  -6.47059
  -6.47059  -6.47059  -6.47059  -6.47059  -6.47059  -6.47059  -6.47059  -6.47059
  -6.47059  -6.47059
  -6.42059  -6.42059  -6.42059  -6.42059  -6.42059  -6.42059  -6.42059  -6.42059
  -6.42059  -6.42059  -6.42059  -6.42059  -6.42059  -6.42059  -6.42059  -6.42059
  -6.42059  -6.42059  -6.42059  -6.42059  -6.42059  -6.42059  -6.42059  -6.42059
  -6.42059  -6.42059
  -6.37059  -6.37059  -6.37059  -6.37059  -6.37059  -6.37059  -6.37059  -6.37059
  -6.37059  -6.37059  -6.37059  -6.37059  -6.37059  -6.37059  -6.37059  -6.37059
  -6.37059  -6.37059  -6.37059  -6.37059  -6.37059  -6.37059  -6.37059  -6.37059
  -6.37059  -6.37059
 ------------------------------------------/ MH=2.01/ Z1= 4   / DATE= 09.12.92
  -8.58691  -8.58691  -8.58691  -8.58691  -8.58691  -8.58691  -8.58691  -8.58691
  -8.58691  -8.58691  -8.58691  -8.58691  -8.58691  -8.58691  -8.58691  -8.58691
  -8.58691  -8.58691  -8.58691  -8.58691  -8.58691  -8.58691  -8.58691  -8.58691
  -8.58691  -8.58691
  -8.53691  -8.53691  -8.53691  -8.53691  -8.53691  -8.53691  -8.53691  -8.53691
  -8.53691  -8.53691  -8.53691  -8.53691  -8.53691  -8.53691  -8.53691  -8.53691
  -8.53691  -8.53691  -8.53691  -8.53691  -8.53691  -8.53691  -8.53691  -8.53691
  -8.53691  -8.53691
  -8.48691  -8.48691  -8.48691  -8.48691  -8.48691  -8.48691  -8.48691  -8.48691
  -8.48691  -8.48691  -8.48691  -8.48691  -8.48691  -8.48691  -8.48691  -8.48691
  -8.48691  -8.48691  -8.48691  -8.48691  -8.48691  -8.48691  -8.48691  -8.48691
  -8.48691  -8.48691
  -8.43691  -8.43691  -8.43691  -8.43691  -8.43691  -8.43691  -8.43691  -8.43691
  -8.43691  -8.43691  -8.43691  -8.43691  -8.43691  -8.43691  -8.43691  -8.43691
  -8.43691  -8.43691  -8.43691  -8.43691  -8.43691  -8.43691  -8.43691  -8.43691
  -8.43691  -8.43691
  -8.38691  -8.38691  -8.38691  -8.38691  -8.38691  -8.38691  -8.38691  -8.38691
  -8.38691  -8.38691  -8.38691  -8.38691  -8.38691  -8.38691  -8.38691  -8.38691
  -8.38691  -8.38691  -8.38691  -8.38691  -8.38691  -8.38691  -8.38691  -8.38691
  -8.38691  -8.38691
  -8.33691  -8.33691  -8.33691  -8.33691  -8.33691  -8.33691  -8.33691  -8.33691
  -8.33691  -8.33691  -8.33691  -8.33691  -8.33691  -8.33691  -8.33691  -8.33691
  -8.33691  -8.33691  -8.33691  -8.33691  -8.33691  -8.33691  -8.33691  -8.33691
  -8.33691  -8.33691
  -8.28691  -8.28691  -8.28691  -8.28691  -8.28691  -8.28691  -8.28691  -8.28691
  -8.28691  -8.28691  -8.28691  -8.28691  -8.28691  -8.28691  -8.28691  -8.28691
  -8.28691  -8.28691  -8.28691  -8.28691  -8.28691  -8.28691  -8.28691  -8.28691
  -8.28691  -8.28691
  -8.23691  -8.23691  -8.23691  -8.23691  -8.23691  -8.23691  -8.23691  -8.23691
  -8.23691  -8.23691  -8.23691  -8.23691  -8.23691  -8.23691  -8.23691  -8.23691
  -8.23691  -8.23691  -8.23691  -8.23691  -8.23691  -8.23691  -8.23691  -8.23691
  -8.23691  -8.23691
  -8.18691  -8.18691  -8.18691  -8.18691  -8.18691  -8.18691  -8.18691  -8.18691
  -8.18691  -8.18691  -8.18691  -8.18691  -8.18691  -8.18691  -8.18691  -8.18691
  -8.18691  -8.18691  -8.18691  -8.18691  -8.18691  -8.18691  -8.18691  -8.18691
  -8.18691  -8.18691
  -8.13691  -8.13691  -8.13691  -8.13691  -8.13691  -8.13691  -8.13691  -8.13691
  -8.13691  -8.13691  -8.13691  -8.13691  -8.13691  -8.13691  -8.13691  -8.13691
  -8.13691  -8.13691  -8.13691  -8.13691  -8.13691  -8.13691  -8.13691  -8.13691
  -8.13691  -8.13691
  -8.08691  -8.08691  -8.08691  -8.08691  -8.08691  -8.08691  -8.08691  -8.08691
  -8.08691  -8.08691  -8.08691  -8.08691  -8.08691  -8.08691  -8.08691  -8.08691
  -8.08691  -8.08691  -8.08691  -8.08691  -8.08691  -8.08691  -8.08691  -8.08691
  -8.08691  -8.08691
  -8.03691  -8.03691  -8.03691  -8.03691  -8.03691  -8.03691  -8.03691  -8.03691
  -8.03691  -8.03691  -8.03691  -8.03691  -8.03691  -8.03691  -8.03691  -8.03691
  -8.03691  -8.03691  -8.03691  -8.03691  -8.03691  -8.03691  -8.03691  -8.03691
  -8.03691  -8.03691
  -7.98691  -7.98691  -7.98691  -7.98691  -7.98691  -7.98691  -7.98691  -7.98691
  -7.98691  -7.98691  -7.98691  -7.98691  -7.98691  -7.98691  -7.98691  -7.98691
  -7.98691  -7.98691  -7.98691  -7.98691  -7.98691  -7.98691  -7.98691  -7.98691
  -7.98691  -7.98691
  -7.93691  -7.93691  -7.93691  -7.93691  -7.93691  -7.93691  -7.93691  -7.93691
  -7.93691  -7.93691  -7.93691  -7.93691  -7.93691  -7.93691  -7.93691  -7.93691
  -7.93691  -7.93691  -7.93691  -7.93691  -7.93691  -7.93691  -7.93691  -7.93691
  -7.93691  -7.93691
  -7.88691  -7.88691  -7.88691  -7.88691  -7.88691  -7.88691  -7.88691  -7.88691
  -7.88691  -7.88691  -7.88691  -7.88691  -7.88691  -7.88691  -7.88691  -7.88691
  -7.88691  -7.88691  -7.88691  -7.88691  -7.88691  -7.88691  -7.88691  -7.88691
  -7.88691  -7.88691
  -7.83691  -7.83691  -7.83691  -7.83691  -7.83691  -7.83691  -7.83691  -7.83691
  -7.83691  -7.83691  -7.83691  -7.83691  -7.83691  -7.83691  -7.83691  -7.83691
  -7.83691  -7.83691  -7.83691  -7.83691  -7.83691  -7.83691  -7.83691  -7.83691
  -7.83691  -7.83691
  -7.78691  -7.78691  -7.78691  -7.78691  -7.78691  -7.78691  -7.78691  -7.78691
  -7.78691  -7.78691  -7.78691  -7.78691  -7.78691  -7.78691  -7.78691  -7.78691
  -7.78691  -7.78691  -7.78691  -7.78691  -7.78691  -7.78691  -7.78691  -7.78691
  -7.78691  -7.78691
  -7.73691  -7.73691  -7.73691  -7.73691  -7.73691  -7.73691  -7.73691  -7.73691
  -7.73691  -7.73691  -7.73691  -7.73691  -7.73691  -7.73691  -7.73691  -7.73691
  -7.73691  -7.73691  -7.73691  -7.73691  -7.73691  -7.73691  -7.73691  -7.73691
  -7.73691  -7.73691
  -7.68691  -7.68691  -7.68691  -7.68691  -7.68691  -7.68691  -7.68691  -7.68691
  -7.68691  -7.68691  -7.68691  -7.68691  -7.68691  -7.68691  -7.68691  -7.68691
  -7.68691  -7.68691  -7.68691  -7.68691  -7.68691  -7.68691  -7.68691  -7.68691
  -7.68691  -7.68691
  -7.63691  -7.63691  -7.63691  -7.63691  -7.63691  -7.63691  -7.63691  -7.63691
  -7.63691  -7.63691  -7.63691  -7.63691  -7.63691  -7.63691  -7.63691  -7.63691
  -7.63691  -7.63691  -7.63691  -7.63691  -7.63691  -7.63691  -7.63691  -7.63691
  -7.63691  -7.63691
  -7.58691  -7.58691  -7.58691  -7.58691  -7.58691  -7.58691  -7.58691  -7.58691
  -7.58691  -7.58691  -7.58691  -7.58691  -7.58691  -7.58691  -7.58691  -7.58691
  -7.58691  -7.58691  -7.58691  -7.58691  -7.58691  -7.58691  -7.58691  -7.58691
  -7.58691  -7.58691
  -7.53691  -7.53691  -7.53691  -7.53691  -7.53691  -7.53691  -7.53691  -7.53691
  -7.53691  -7.53691  -7.53691  -7.53691  -7.53691  -7.53691  -7.53691  -7.53691
  -7.53691  -7.53691  -7.53691  -7.53691  -7.53691  -7.53691  -7.53691  -7.53691
  -7.53691  -7.53691
  -7.48691  -7.48691  -7.48691  -7.48691  -7.48691  -7.48691  -7.48691  -7.48691
  -7.48691  -7.48691  -7.48691  -7.48691  -7.48691  -7.48691  -7.48691  -7.48691
  -7.48691  -7.48691  -7.48691  -7.48691  -7.48691  -7.48691  -7.48691  -7.48691
  -7.48691  -7.48691
  -7.43691  -7.43691  -7.43691  -7.43691  -7.43691  -7.43691  -7.43691  -7.43691
  -7.43691  -7.43691  -7.43691  -7.43691  -7.43691  -7.43691  -7.43691  -7.43691
  -7.43691  -7.43691  -7.43691  -7.43691  -7.43691  -7.43691  -7.43691  -7.43691
  -7.43691  -7.43691
  -7.38691  -7.38691  -7.38691  -7.38691  -7.38691  -7.38691  -7.38691  -7.38691
  -7.38691  -7.38691  -7.38691  -7.38691  -7.38691  -7.38691  -7.38691  -7.38691
  -7.38691  -7.38691  -7.38691  -7.38691  -7.38691  -7.38691  -7.38691  -7.38691
  -7.38691  -7.38691
  -7.33691  -7.33691  -7.33691  -7.33691  -7.33691  -7.33691  -7.33691  -7.33691
  -7.33691  -7.33691  -7.33691  -7.33691  -7.33691  -7.33691  -7.33691  -7.33691
  -7.33691  -7.33691  -7.33691  -7.33691  -7.33691  -7.33691  -7.33691  -7.33691
  -7.33691  -7.33691
  -7.28691  -7.28691  -7.28691  -7.28691  -7.28691  -7.28691  -7.28691  -7.28691
  -7.28691  -7.28691  -7.28691  -7.28691  -7.28691  -7.28691  -7.28691  -7.28691
  -7.28691  -7.28691  -7.28691  -7.28691  -7.28691  -7.28691  -7.28691  -7.28691
  -7.28691  -7.28691
  -7.23691  -7.23691  -7.23691  -7.23691  -7.23691  -7.23691  -7.23691  -7.23691
  -7.23691  -7.23691  -7.23691  -7.23691  -7.23691  -7.23691  -7.23691  -7.23691
  -7.23691  -7.23691  -7.23691  -7.23691  -7.23691  -7.23691  -7.23691  -7.23691
  -7.23691  -7.23691
  -7.18691  -7.18691  -7.18691  -7.18691  -7.18691  -7.18691  -7.18691  -7.18691
  -7.18691  -7.18691  -7.18691  -7.18691  -7.18691  -7.18691  -7.18691  -7.18691
  -7.18691  -7.18691  -7.18691  -7.18691  -7.18691  -7.18691  -7.18691  -7.18691
  -7.18691  -7.18691
  -7.13691  -7.13691  -7.13691  -7.13691  -7.13691  -7.13691  -7.13691  -7.13691
  -7.13691  -7.13691  -7.13691  -7.13691  -7.13691  -7.13691  -7.13691  -7.13691
  -7.13691  -7.13691  -7.13691  -7.13691  -7.13691  -7.13691  -7.13691  -7.13691
  -7.13691  -7.13691
  -7.08691  -7.08691  -7.08691  -7.08691  -7.08691  -7.08691  -7.08691  -7.08691
  -7.08691  -7.08691  -7.08691  -7.08691  -7.08691  -7.08691  -7.08691  -7.08691
  -7.08691  -7.08691  -7.08691  -7.08691  -7.08691  -7.08691  -7.08691  -7.08691
  -7.08691  -7.08691
  -7.03691  -7.03691  -7.03691  -7.03691  -7.03691  -7.03691  -7.03691  -7.03691
  -7.03691  -7.03691  -7.03691  -7.03691  -7.03691  -7.03691  -7.03691  -7.03691
  -7.03691  -7.03691  -7.03691  -7.03691  -7.03691  -7.03691  -7.03691  -7.03691
  -7.03691  -7.03691
  -6.98691  -6.98691  -6.98691  -6.98691  -6.98691  -6.98691  -6.98691  -6.98691
  -6.98691  -6.98691  -6.98691  -6.98691  -6.98691  -6.98691  -6.98691  -6.98691
  -6.98691  -6.98691  -6.98691  -6.98691  -6.98691  -6.98691  -6.98691  -6.98691
  -6.98691  -6.98691
  -6.93691  -6.93691  -6.93691  -6.93691  -6.93691  -6.93691  -6.93691  -6.93691
  -6.93691  -6.93691  -6.93691  -6.93691  -6.93691  -6.93691  -6.93691  -6.93691
  -6.93691  -6.93691  -6.93691  -6.93691  -6.93691  -6.93691  -6.93691  -6.93691
  -6.93691  -6.93691
  -6.88691  -6.88691  -6.88691  -6.88691  -6.88691  -6.88691  -6.88691  -6.88691
  -6.88691  -6.88691  -6.88691  -6.88691  -6.88691  -6.88691  -6.88691  -6.88691
  -6.88691  -6.88691  -6.88691  -6.88691  -6.88691  -6.88691  -6.88691  -6.88691
  -6.88691  -6.88691
  -6.83691  -6.83691  -6.83691  -6.83691  -6.83691  -6.83691  -6.83691  -6.83691
  -6.83691  -6.83691  -6.83691  -6.83691  -6.83691  -6.83691  -6.83691  -6.83691
  -6.83691  -6.83691  -6.83691  -6.83691  -6.83691  -6.83691  -6.83691  -6.83691
  -6.83691  -6.83691
  -6.78691  -6.78691  -6.78691  -6.78691  -6.78691  -6.78691  -6.78691  -6.78691
  -6.78691  -6.78691  -6.78691  -6.78691  -6.78691  -6.78691  -6.78691  -6.78691
  -6.78691  -6.78691  -6.78691  -6.78691  -6.78691  -6.78691  -6.78691  -6.78691
  -6.78691  -6.78691
  -6.73691  -6.73691  -6.73691  -6.73691  -6.73691  -6.73691  -6.73691  -6.73691
  -6.73691  -6.73691  -6.73691  -6.73691  -6.73691  -6.73691  -6.73691  -6.73691
  -6.73691  -6.73691  -6.73691  -6.73691  -6.73691  -6.73691  -6.73691  -6.73691
  -6.73691  -6.73691
  -6.68691  -6.68691  -6.68691  -6.68691  -6.68691  -6.68691  -6.68691  -6.68691
  -6.68691  -6.68691  -6.68691  -6.68691  -6.68691  -6.68691  -6.68691  -6.68691
  -6.68691  -6.68691  -6.68691  -6.68691  -6.68691  -6.68691  -6.68691  -6.68691
  -6.68691  -6.68691
  -6.63691  -6.63691  -6.63691  -6.63691  -6.63691  -6.63691  -6.63691  -6.63691
  -6.63691  -6.63691  -6.63691  -6.63691  -6.63691  -6.63691  -6.63691  -6.63691
  -6.63691  -6.63691  -6.63691  -6.63691  -6.63691  -6.63691  -6.63691  -6.63691
  -6.63691  -6.63691
  -6.58691  -6.58691  -6.58691  -6.58691  -6.58691  -6.58691  -6.58691  -6.58691
  -6.58691  -6.58691  -6.58691  -6.58691  -6.58691  -6.58691  -6.58691  -6.58691
  -6.58691  -6.58691  -6.58691  -6.58691  -6.58691  -6.58691  -6.58691  -6.58691
  -6.58691  -6.58691
  -6.53691  -6.53691  -6.53691  -6.53691  -6.53691  -6.53691  -6.53691  -6.53691
  -6.53691  -6.53691  -6.53691  -6.53691  -6.53691  -6.53691  -6.53691  -6.53691
  -6.53691  -6.53691  -6.53691  -6.53691  -6.53691  -6.53691  -6.53691  -6.53691
  -6.53691  -6.53691
  -6.48691  -6.48691  -6.48691  -6.48691  -6.48691  -6.48691  -6.48691  -6.48691
  -6.48691  -6.48691  -6.48691  -6.48691  -6.48691  -6.48691  -6.48691  -6.48691
  -6.48691  -6.48691  -6.48691  -6.48691  -6.48691  -6.48691  -6.48691  -6.48691
  -6.48691  -6.48691
  -6.43691  -6.43691  -6.43691  -6.43691  -6.43691  -6.43691  -6.43691  -6.43691
  -6.43691  -6.43691  -6.43691  -6.43691  -6.43691  -6.43691  -6.43691  -6.43691
  -6.43691  -6.43691  -6.43691  -6.43691  -6.43691  -6.43691  -6.43691  -6.43691
  -6.43691  -6.43691
  -6.38691  -6.38691  -6.38691  -6.38691  -6.38691  -6.38691  -6.38691  -6.38691
  -6.38691  -6.38691  -6.38691  -6.38691  -6.38691  -6.38691  -6.38691  -6.38691
  -6.38691  -6.38691  -6.38691  -6.38691  -6.38691  -6.38691  -6.38691  -6.38691
  -6.38691  -6.38691
  -6.33691  -6.33691  -6.33691  -6.33691  -6.33691  -6.33691  -6.33691  -6.33691
  -6.33691  -6.33691  -6.33691  -6.33691  -6.33691  -6.33691  -6.33691  -6.33691
  -6.33691  -6.33691  -6.33691  -6.33691  -6.33691  -6.33691  -6.33691  -6.33691
  -6.33691  -6.33691
  -6.28691  -6.28691  -6.28691  -6.28691  -6.28691  -6.28691  -6.28691  -6.28691
  -6.28691  -6.28691  -6.28691  -6.28691  -6.28691  -6.28691  -6.28691  -6.28691
  -6.28691  -6.28691  -6.28691  -6.28691  -6.28691  -6.28691  -6.28691  -6.28691
  -6.28691  -6.28691
  -6.23691  -6.23691  -6.23691  -6.23691  -6.23691  -6.23691  -6.23691  -6.23691
  -6.23691  -6.23691  -6.23691  -6.23691  -6.23691  -6.23691  -6.23691  -6.23691
  -6.23691  -6.23691  -6.23691  -6.23691  -6.23691  -6.23691  -6.23691  -6.23691
  -6.23691  -6.23691
 ------------------------------------------/ MH=2.01/ Z1= 5   / DATE= 09.12.92
  -8.48322  -8.48322  -8.48322  -8.48322  -8.48322  -8.48322  -8.48322  -8.48322
  -8.48322  -8.48322  -8.48322  -8.48322  -8.48322  -8.48322  -8.48322  -8.48322
  -8.48322  -8.48322  -8.48322  -8.48322  -8.48322  -8.48322  -8.48322  -8.48322
  -8.48322  -8.48322
  -8.43322  -8.43322  -8.43322  -8.43322  -8.43322  -8.43322  -8.43322  -8.43322
  -8.43322  -8.43322  -8.43322  -8.43322  -8.43322  -8.43322  -8.43322  -8.43322
  -8.43322  -8.43322  -8.43322  -8.43322  -8.43322  -8.43322  -8.43322  -8.43322
  -8.43322  -8.43322
  -8.38322  -8.38322  -8.38322  -8.38322  -8.38322  -8.38322  -8.38322  -8.38322
  -8.38322  -8.38322  -8.38322  -8.38322  -8.38322  -8.38322  -8.38322  -8.38322
  -8.38322  -8.38322  -8.38322  -8.38322  -8.38322  -8.38322  -8.38322  -8.38322
  -8.38322  -8.38322
  -8.33322  -8.33322  -8.33322  -8.33322  -8.33322  -8.33322  -8.33322  -8.33322
  -8.33322  -8.33322  -8.33322  -8.33322  -8.33322  -8.33322  -8.33322  -8.33322
  -8.33322  -8.33322  -8.33322  -8.33322  -8.33322  -8.33322  -8.33322  -8.33322
  -8.33322  -8.33322
  -8.28322  -8.28322  -8.28322  -8.28322  -8.28322  -8.28322  -8.28322  -8.28322
  -8.28322  -8.28322  -8.28322  -8.28322  -8.28322  -8.28322  -8.28322  -8.28322
  -8.28322  -8.28322  -8.28322  -8.28322  -8.28322  -8.28322  -8.28322  -8.28322
  -8.28322  -8.28322
  -8.23322  -8.23322  -8.23322  -8.23322  -8.23322  -8.23322  -8.23322  -8.23322
  -8.23322  -8.23322  -8.23322  -8.23322  -8.23322  -8.23322  -8.23322  -8.23322
  -8.23322  -8.23322  -8.23322  -8.23322  -8.23322  -8.23322  -8.23322  -8.23322
  -8.23322  -8.23322
  -8.18322  -8.18322  -8.18322  -8.18322  -8.18322  -8.18322  -8.18322  -8.18322
  -8.18322  -8.18322  -8.18322  -8.18322  -8.18322  -8.18322  -8.18322  -8.18322
  -8.18322  -8.18322  -8.18322  -8.18322  -8.18322  -8.18322  -8.18322  -8.18322
  -8.18322  -8.18322
  -8.13322  -8.13322  -8.13322  -8.13322  -8.13322  -8.13322  -8.13322  -8.13322
  -8.13322  -8.13322  -8.13322  -8.13322  -8.13322  -8.13322  -8.13322  -8.13322
  -8.13322  -8.13322  -8.13322  -8.13322  -8.13322  -8.13322  -8.13322  -8.13322
  -8.13322  -8.13322
  -8.08322  -8.08322  -8.08322  -8.08322  -8.08322  -8.08322  -8.08322  -8.08322
  -8.08322  -8.08322  -8.08322  -8.08322  -8.08322  -8.08322  -8.08322  -8.08322
  -8.08322  -8.08322  -8.08322  -8.08322  -8.08322  -8.08322  -8.08322  -8.08322
  -8.08322  -8.08322
  -8.03322  -8.03322  -8.03322  -8.03322  -8.03322  -8.03322  -8.03322  -8.03322
  -8.03322  -8.03322  -8.03322  -8.03322  -8.03322  -8.03322  -8.03322  -8.03322
  -8.03322  -8.03322  -8.03322  -8.03322  -8.03322  -8.03322  -8.03322  -8.03322
  -8.03322  -8.03322
  -7.98322  -7.98322  -7.98322  -7.98322  -7.98322  -7.98322  -7.98322  -7.98322
  -7.98322  -7.98322  -7.98322  -7.98322  -7.98322  -7.98322  -7.98322  -7.98322
  -7.98322  -7.98322  -7.98322  -7.98322  -7.98322  -7.98322  -7.98322  -7.98322
  -7.98322  -7.98322
  -7.93322  -7.93322  -7.93322  -7.93322  -7.93322  -7.93322  -7.93322  -7.93322
  -7.93322  -7.93322  -7.93322  -7.93322  -7.93322  -7.93322  -7.93322  -7.93322
  -7.93322  -7.93322  -7.93322  -7.93322  -7.93322  -7.93322  -7.93322  -7.93322
  -7.93322  -7.93322
  -7.88322  -7.88322  -7.88322  -7.88322  -7.88322  -7.88322  -7.88322  -7.88322
  -7.88322  -7.88322  -7.88322  -7.88322  -7.88322  -7.88322  -7.88322  -7.88322
  -7.88322  -7.88322  -7.88322  -7.88322  -7.88322  -7.88322  -7.88322  -7.88322
  -7.88322  -7.88322
  -7.83322  -7.83322  -7.83322  -7.83322  -7.83322  -7.83322  -7.83322  -7.83322
  -7.83322  -7.83322  -7.83322  -7.83322  -7.83322  -7.83322  -7.83322  -7.83322
  -7.83322  -7.83322  -7.83322  -7.83322  -7.83322  -7.83322  -7.83322  -7.83322
  -7.83322  -7.83322
  -7.78322  -7.78322  -7.78322  -7.78322  -7.78322  -7.78322  -7.78322  -7.78322
  -7.78322  -7.78322  -7.78322  -7.78322  -7.78322  -7.78322  -7.78322  -7.78322
  -7.78322  -7.78322  -7.78322  -7.78322  -7.78322  -7.78322  -7.78322  -7.78322
  -7.78322  -7.78322
  -7.73322  -7.73322  -7.73322  -7.73322  -7.73322  -7.73322  -7.73322  -7.73322
  -7.73322  -7.73322  -7.73322  -7.73322  -7.73322  -7.73322  -7.73322  -7.73322
  -7.73322  -7.73322  -7.73322  -7.73322  -7.73322  -7.73322  -7.73322  -7.73322
  -7.73322  -7.73322
  -7.68322  -7.68322  -7.68322  -7.68322  -7.68322  -7.68322  -7.68322  -7.68322
  -7.68322  -7.68322  -7.68322  -7.68322  -7.68322  -7.68322  -7.68322  -7.68322
  -7.68322  -7.68322  -7.68322  -7.68322  -7.68322  -7.68322  -7.68322  -7.68322
  -7.68322  -7.68322
  -7.63322  -7.63322  -7.63322  -7.63322  -7.63322  -7.63322  -7.63322  -7.63322
  -7.63322  -7.63322  -7.63322  -7.63322  -7.63322  -7.63322  -7.63322  -7.63322
  -7.63322  -7.63322  -7.63322  -7.63322  -7.63322  -7.63322  -7.63322  -7.63322
  -7.63322  -7.63322
  -7.58322  -7.58322  -7.58322  -7.58322  -7.58322  -7.58322  -7.58322  -7.58322
  -7.58322  -7.58322  -7.58322  -7.58322  -7.58322  -7.58322  -7.58322  -7.58322
  -7.58322  -7.58322  -7.58322  -7.58322  -7.58322  -7.58322  -7.58322  -7.58322
  -7.58322  -7.58322
  -7.53322  -7.53322  -7.53322  -7.53322  -7.53322  -7.53322  -7.53322  -7.53322
  -7.53322  -7.53322  -7.53322  -7.53322  -7.53322  -7.53322  -7.53322  -7.53322
  -7.53322  -7.53322  -7.53322  -7.53322  -7.53322  -7.53322  -7.53322  -7.53322
  -7.53322  -7.53322
  -7.48322  -7.48322  -7.48322  -7.48322  -7.48322  -7.48322  -7.48322  -7.48322
  -7.48322  -7.48322  -7.48322  -7.48322  -7.48322  -7.48322  -7.48322  -7.48322
  -7.48322  -7.48322  -7.48322  -7.48322  -7.48322  -7.48322  -7.48322  -7.48322
  -7.48322  -7.48322
  -7.43322  -7.43322  -7.43322  -7.43322  -7.43322  -7.43322  -7.43322  -7.43322
  -7.43322  -7.43322  -7.43322  -7.43322  -7.43322  -7.43322  -7.43322  -7.43322
  -7.43322  -7.43322  -7.43322  -7.43322  -7.43322  -7.43322  -7.43322  -7.43322
  -7.43322  -7.43322
  -7.38322  -7.38322  -7.38322  -7.38322  -7.38322  -7.38322  -7.38322  -7.38322
  -7.38322  -7.38322  -7.38322  -7.38322  -7.38322  -7.38322  -7.38322  -7.38322
  -7.38322  -7.38322  -7.38322  -7.38322  -7.38322  -7.38322  -7.38322  -7.38322
  -7.38322  -7.38322
  -7.33322  -7.33322  -7.33322  -7.33322  -7.33322  -7.33322  -7.33322  -7.33322
  -7.33322  -7.33322  -7.33322  -7.33322  -7.33322  -7.33322  -7.33322  -7.33322
  -7.33322  -7.33322  -7.33322  -7.33322  -7.33322  -7.33322  -7.33322  -7.33322
  -7.33322  -7.33322
  -7.28322  -7.28322  -7.28322  -7.28322  -7.28322  -7.28322  -7.28322  -7.28322
  -7.28322  -7.28322  -7.28322  -7.28322  -7.28322  -7.28322  -7.28322  -7.28322
  -7.28322  -7.28322  -7.28322  -7.28322  -7.28322  -7.28322  -7.28322  -7.28322
  -7.28322  -7.28322
  -7.23322  -7.23322  -7.23322  -7.23322  -7.23322  -7.23322  -7.23322  -7.23322
  -7.23322  -7.23322  -7.23322  -7.23322  -7.23322  -7.23322  -7.23322  -7.23322
  -7.23322  -7.23322  -7.23322  -7.23322  -7.23322  -7.23322  -7.23322  -7.23322
  -7.23322  -7.23322
  -7.18322  -7.18322  -7.18322  -7.18322  -7.18322  -7.18322  -7.18322  -7.18322
  -7.18322  -7.18322  -7.18322  -7.18322  -7.18322  -7.18322  -7.18322  -7.18322
  -7.18322  -7.18322  -7.18322  -7.18322  -7.18322  -7.18322  -7.18322  -7.18322
  -7.18322  -7.18322
  -7.13322  -7.13322  -7.13322  -7.13322  -7.13322  -7.13322  -7.13322  -7.13322
  -7.13322  -7.13322  -7.13322  -7.13322  -7.13322  -7.13322  -7.13322  -7.13322
  -7.13322  -7.13322  -7.13322  -7.13322  -7.13322  -7.13322  -7.13322  -7.13322
  -7.13322  -7.13322
  -7.08322  -7.08322  -7.08322  -7.08322  -7.08322  -7.08322  -7.08322  -7.08322
  -7.08322  -7.08322  -7.08322  -7.08322  -7.08322  -7.08322  -7.08322  -7.08322
  -7.08322  -7.08322  -7.08322  -7.08322  -7.08322  -7.08322  -7.08322  -7.08322
  -7.08322  -7.08322
  -7.03322  -7.03322  -7.03322  -7.03322  -7.03322  -7.03322  -7.03322  -7.03322
  -7.03322  -7.03322  -7.03322  -7.03322  -7.03322  -7.03322  -7.03322  -7.03322
  -7.03322  -7.03322  -7.03322  -7.03322  -7.03322  -7.03322  -7.03322  -7.03322
  -7.03322  -7.03322
  -6.98322  -6.98322  -6.98322  -6.98322  -6.98322  -6.98322  -6.98322  -6.98322
  -6.98322  -6.98322  -6.98322  -6.98322  -6.98322  -6.98322  -6.98322  -6.98322
  -6.98322  -6.98322  -6.98322  -6.98322  -6.98322  -6.98322  -6.98322  -6.98322
  -6.98322  -6.98322
  -6.93322  -6.93322  -6.93322  -6.93322  -6.93322  -6.93322  -6.93322  -6.93322
  -6.93322  -6.93322  -6.93322  -6.93322  -6.93322  -6.93322  -6.93322  -6.93322
  -6.93322  -6.93322  -6.93322  -6.93322  -6.93322  -6.93322  -6.93322  -6.93322
  -6.93322  -6.93322
  -6.88322  -6.88322  -6.88322  -6.88322  -6.88322  -6.88322  -6.88322  -6.88322
  -6.88322  -6.88322  -6.88322  -6.88322  -6.88322  -6.88322  -6.88322  -6.88322
  -6.88322  -6.88322  -6.88322  -6.88322  -6.88322  -6.88322  -6.88322  -6.88322
  -6.88322  -6.88322
  -6.83322  -6.83322  -6.83322  -6.83322  -6.83322  -6.83322  -6.83322  -6.83322
  -6.83322  -6.83322  -6.83322  -6.83322  -6.83322  -6.83322  -6.83322  -6.83322
  -6.83322  -6.83322  -6.83322  -6.83322  -6.83322  -6.83322  -6.83322  -6.83322
  -6.83322  -6.83322
  -6.78322  -6.78322  -6.78322  -6.78322  -6.78322  -6.78322  -6.78322  -6.78322
  -6.78322  -6.78322  -6.78322  -6.78322  -6.78322  -6.78322  -6.78322  -6.78322
  -6.78322  -6.78322  -6.78322  -6.78322  -6.78322  -6.78322  -6.78322  -6.78322
  -6.78322  -6.78322
  -6.73322  -6.73322  -6.73322  -6.73322  -6.73322  -6.73322  -6.73322  -6.73322
  -6.73322  -6.73322  -6.73322  -6.73322  -6.73322  -6.73322  -6.73322  -6.73322
  -6.73322  -6.73322  -6.73322  -6.73322  -6.73322  -6.73322  -6.73322  -6.73322
  -6.73322  -6.73322
  -6.68322  -6.68322  -6.68322  -6.68322  -6.68322  -6.68322  -6.68322  -6.68322
  -6.68322  -6.68322  -6.68322  -6.68322  -6.68322  -6.68322  -6.68322  -6.68322
  -6.68322  -6.68322  -6.68322  -6.68322  -6.68322  -6.68322  -6.68322  -6.68322
  -6.68322  -6.68322
  -6.63322  -6.63322  -6.63322  -6.63322  -6.63322  -6.63322  -6.63322  -6.63322
  -6.63322  -6.63322  -6.63322  -6.63322  -6.63322  -6.63322  -6.63322  -6.63322
  -6.63322  -6.63322  -6.63322  -6.63322  -6.63322  -6.63322  -6.63322  -6.63322
  -6.63322  -6.63322
  -6.58322  -6.58322  -6.58322  -6.58322  -6.58322  -6.58322  -6.58322  -6.58322
  -6.58322  -6.58322  -6.58322  -6.58322  -6.58322  -6.58322  -6.58322  -6.58322
  -6.58322  -6.58322  -6.58322  -6.58322  -6.58322  -6.58322  -6.58322  -6.58322
  -6.58322  -6.58322
  -6.53322  -6.53322  -6.53322  -6.53322  -6.53322  -6.53322  -6.53322  -6.53322
  -6.53322  -6.53322  -6.53322  -6.53322  -6.53322  -6.53322  -6.53322  -6.53322
  -6.53322  -6.53322  -6.53322  -6.53322  -6.53322  -6.53322  -6.53322  -6.53322
  -6.53322  -6.53322
  -6.48322  -6.48322  -6.48322  -6.48322  -6.48322  -6.48322  -6.48322  -6.48322
  -6.48322  -6.48322  -6.48322  -6.48322  -6.48322  -6.48322  -6.48322  -6.48322
  -6.48322  -6.48322  -6.48322  -6.48322  -6.48322  -6.48322  -6.48322  -6.48322
  -6.48322  -6.48322
  -6.43322  -6.43322  -6.43322  -6.43322  -6.43322  -6.43322  -6.43322  -6.43322
  -6.43322  -6.43322  -6.43322  -6.43322  -6.43322  -6.43322  -6.43322  -6.43322
  -6.43322  -6.43322  -6.43322  -6.43322  -6.43322  -6.43322  -6.43322  -6.43322
  -6.43322  -6.43322
  -6.38322  -6.38322  -6.38322  -6.38322  -6.38322  -6.38322  -6.38322  -6.38322
  -6.38322  -6.38322  -6.38322  -6.38322  -6.38322  -6.38322  -6.38322  -6.38322
  -6.38322  -6.38322  -6.38322  -6.38322  -6.38322  -6.38322  -6.38322  -6.38322
  -6.38322  -6.38322
  -6.33322  -6.33322  -6.33322  -6.33322  -6.33322  -6.33322  -6.33322  -6.33322
  -6.33322  -6.33322  -6.33322  -6.33322  -6.33322  -6.33322  -6.33322  -6.33322
  -6.33322  -6.33322  -6.33322  -6.33322  -6.33322  -6.33322  -6.33322  -6.33322
  -6.33322  -6.33322
  -6.28322  -6.28322  -6.28322  -6.28322  -6.28322  -6.28322  -6.28322  -6.28322
  -6.28322  -6.28322  -6.28322  -6.28322  -6.28322  -6.28322  -6.28322  -6.28322
  -6.28322  -6.28322  -6.28322  -6.28322  -6.28322  -6.28322  -6.28322  -6.28322
  -6.28322  -6.28322
  -6.23322  -6.23322  -6.23322  -6.23322  -6.23322  -6.23322  -6.23322  -6.23322
  -6.23322  -6.23322  -6.23322  -6.23322  -6.23322  -6.23322  -6.23322  -6.23322
  -6.23322  -6.23322  -6.23322  -6.23322  -6.23322  -6.23322  -6.23322  -6.23322
  -6.23322  -6.23322
  -6.18322  -6.18322  -6.18322  -6.18322  -6.18322  -6.18322  -6.18322  -6.18322
  -6.18322  -6.18322  -6.18322  -6.18322  -6.18322  -6.18322  -6.18322  -6.18322
  -6.18322  -6.18322  -6.18322  -6.18322  -6.18322  -6.18322  -6.18322  -6.18322
  -6.18322  -6.18322
  -6.13322  -6.13322  -6.13322  -6.13322  -6.13322  -6.13322  -6.13322  -6.13322
  -6.13322  -6.13322  -6.13322  -6.13322  -6.13322  -6.13322  -6.13322  -6.13322
  -6.13322  -6.13322  -6.13322  -6.13322  -6.13322  -6.13322  -6.13322  -6.13322
  -6.13322  -6.13322
 
C---------------------------------------------------------------------------------
C ADAS ADF11 DATA - SCCS info: @(#)$Header: /home/adascvs/adas/adf11/ccd89/ccd89_b.dat,v 2.1 2004/07/07 00:02:43 whitefor Exp $ Date $Date: 2004/07/07 00:02:43 $
C---------------------------------------------------------------------------------
