   39    /C +4  PHOTON EMISSIVITY COEFFICIENTS/
    40.7 A   8  10 /FILMEM = JL1989C /TYPE = EXCIT    /INDM = 1/ISEL =    1
 7.81E+01 7.81E+04 7.81E+07 7.81E+10 7.81E+13 7.81E+16 7.81E+19 7.81E+22
 4.31E+00 1.08E+01 2.15E+01 4.31E+01 1.08E+02 2.15E+02 4.31E+02 1.08E+03
 2.15E+03 4.31E+03
 5.21E-41 7.25E-23 6.92E-17 5.48E-14 2.07E-12 4.93E-12 5.15E-12 3.15E-12
 1.81E-12 9.67E-13
 5.21E-41 7.25E-23 6.92E-17 5.48E-14 2.07E-12 4.93E-12 5.15E-12 3.15E-12
 1.81E-12 9.67E-13
 5.21E-41 7.25E-23 6.92E-17 5.48E-14 2.07E-12 4.93E-12 5.15E-12 3.15E-12
 1.81E-12 9.67E-13
 5.22E-41 7.25E-23 6.92E-17 5.48E-14 2.07E-12 4.93E-12 5.15E-12 3.15E-12
 1.81E-12 9.67E-13
 5.15E-41 7.16E-23 6.85E-17 5.42E-14 2.04E-12 4.88E-12 5.10E-12 3.12E-12
 1.80E-12 9.61E-13
 1.17E-42 2.21E-24 2.54E-18 2.32E-15 9.95E-14 2.62E-13 3.15E-13 2.36E-13
 1.60E-13 1.01E-13
 1.53E-45 3.18E-27 3.49E-21 2.68E-18 9.24E-17 2.27E-16 2.68E-16 2.02E-16
 1.40E-16 9.08E-17
 1.71E-48 3.98E-30 4.49E-24 3.29E-21 1.06E-19 2.56E-19 3.00E-19 2.26E-19
 1.57E-19 1.02E-19
    40.3 A   8  10 /FILMEM = JL1989C /TYPE = EXCIT    /INDM = 1/ISEL =    2
 7.81E+01 7.81E+04 7.81E+07 7.81E+10 7.81E+13 7.81E+16 7.81E+19 7.81E+22
 4.31E+00 1.08E+01 2.15E+01 4.31E+01 1.08E+02 2.15E+02 4.31E+02 1.08E+03
 2.15E+03 4.31E+03
 1.02E-40 2.95E-22 3.77E-16 4.02E-13 2.42E-11 9.39E-11 1.89E-10 2.88E-10
 3.32E-10 3.56E-10
 1.02E-40 2.95E-22 3.77E-16 4.02E-13 2.42E-11 9.38E-11 1.89E-10 2.88E-10
 3.32E-10 3.56E-10
 1.02E-40 2.95E-22 3.77E-16 4.02E-13 2.42E-11 9.38E-11 1.89E-10 2.88E-10
 3.32E-10 3.55E-10
 1.03E-40 2.97E-22 3.79E-16 4.03E-13 2.43E-11 9.39E-11 1.89E-10 2.88E-10
 3.32E-10 3.55E-10
 1.75E-40 4.17E-22 5.02E-16 5.10E-13 2.91E-11 1.09E-10 2.13E-10 3.14E-10
 3.53E-10 3.73E-10
 2.01E-40 4.66E-22 5.48E-16 5.31E-13 2.85E-11 1.05E-10 2.05E-10 3.04E-10
 3.45E-10 3.67E-10
 7.12E-41 2.21E-22 2.78E-16 2.63E-13 1.38E-11 5.26E-11 1.05E-10 1.62E-10
 1.90E-10 2.11E-10
 1.10E-43 4.18E-25 5.61E-19 5.29E-16 2.78E-14 1.10E-13 2.24E-13 3.59E-13
 4.40E-13 5.09E-13
    35.0 A   8  10 /FILMEM = JL1989C /TYPE = EXCIT    /INDM = 1/ISEL =    3
 7.81E+01 7.81E+04 7.81E+07 7.81E+10 7.81E+13 7.81E+16 7.81E+19 7.81E+22
 4.31E+00 1.08E+01 2.15E+01 4.31E+01 1.08E+02 2.15E+02 4.31E+02 1.08E+03
 2.15E+03 4.31E+03
 8.13E-46 9.53E-25 1.00E-17 2.91E-14 3.17E-12 1.58E-11 3.30E-11 4.72E-11
 5.02E-11 4.93E-11
 8.13E-46 9.53E-25 1.00E-17 2.91E-14 3.17E-12 1.58E-11 3.30E-11 4.72E-11
 5.02E-11 4.93E-11
 8.13E-46 9.53E-25 1.00E-17 2.91E-14 3.17E-12 1.58E-11 3.30E-11 4.72E-11
 5.02E-11 4.93E-11
 8.14E-46 9.54E-25 1.00E-17 2.91E-14 3.17E-12 1.57E-11 3.29E-11 4.71E-11
 5.02E-11 4.93E-11
 8.89E-46 1.00E-24 1.04E-17 2.99E-14 3.24E-12 1.61E-11 3.37E-11 4.82E-11
 5.13E-11 5.03E-11
 1.57E-45 1.45E-24 1.35E-17 3.56E-14 3.57E-12 1.72E-11 3.52E-11 4.95E-11
 5.22E-11 5.10E-11
 2.23E-46 3.39E-25 2.35E-18 4.38E-15 3.07E-13 1.24E-12 2.62E-12 4.39E-12
 5.59E-12 6.81E-12
 3.09E-49 5.64E-28 4.14E-21 7.56E-18 5.05E-16 2.01E-15 4.26E-15 7.41E-15
 9.90E-15 1.28E-14
  2274.6 A   8  10 /FILMEM = JL1989C /TYPE = EXCIT    /INDM = 1/ISEL =    4
 7.81E+01 7.81E+04 7.81E+07 7.81E+10 7.81E+13 7.81E+16 7.81E+19 7.81E+22
 4.31E+00 1.08E+01 2.15E+01 4.31E+01 1.08E+02 2.15E+02 4.31E+02 1.08E+03
 2.15E+03 4.31E+03
 3.08E-40 4.29E-22 4.10E-16 3.24E-13 1.22E-11 2.92E-11 3.05E-11 1.86E-11
 1.07E-11 5.72E-12
 3.08E-40 4.29E-22 4.10E-16 3.24E-13 1.22E-11 2.92E-11 3.05E-11 1.86E-11
 1.07E-11 5.72E-12
 3.08E-40 4.29E-22 4.10E-16 3.24E-13 1.22E-11 2.92E-11 3.05E-11 1.86E-11
 1.07E-11 5.72E-12
 3.09E-40 4.29E-22 4.10E-16 3.24E-13 1.22E-11 2.92E-11 3.05E-11 1.86E-11
 1.07E-11 5.72E-12
 3.05E-40 4.24E-22 4.05E-16 3.21E-13 1.21E-11 2.89E-11 3.02E-11 1.85E-11
 1.06E-11 5.69E-12
 6.89E-42 1.31E-23 1.50E-17 1.37E-14 5.88E-13 1.55E-12 1.86E-12 1.40E-12
 9.46E-13 6.00E-13
 9.03E-45 1.88E-26 2.07E-20 1.59E-17 5.47E-16 1.34E-15 1.58E-15 1.20E-15
 8.26E-16 5.37E-16
 1.01E-47 2.36E-29 2.66E-23 1.94E-20 6.29E-19 1.52E-18 1.77E-18 1.34E-18
 9.26E-19 6.05E-19
   227.2 A   8  10 /FILMEM = JL1989C /TYPE = EXCIT    /INDM = 1/ISEL =    5
 7.81E+01 7.81E+04 7.81E+07 7.81E+10 7.81E+13 7.81E+16 7.81E+19 7.81E+22
 4.31E+00 1.08E+01 2.15E+01 4.31E+01 1.08E+02 2.15E+02 4.31E+02 1.08E+03
 2.15E+03 4.31E+03
 1.27E-45 1.32E-24 1.17E-17 2.71E-14 1.88E-12 5.54E-12 6.35E-12 4.04E-12
 2.33E-12 1.24E-12
 1.27E-45 1.32E-24 1.17E-17 2.71E-14 1.88E-12 5.54E-12 6.35E-12 4.04E-12
 2.33E-12 1.24E-12
 1.27E-45 1.32E-24 1.17E-17 2.71E-14 1.88E-12 5.54E-12 6.35E-12 4.04E-12
 2.33E-12 1.24E-12
 1.27E-45 1.32E-24 1.17E-17 2.71E-14 1.88E-12 5.54E-12 6.35E-12 4.04E-12
 2.33E-12 1.24E-12
 1.37E-45 1.37E-24 1.20E-17 2.76E-14 1.91E-12 5.60E-12 6.41E-12 4.07E-12
 2.35E-12 1.25E-12
 1.51E-45 1.51E-24 1.31E-17 2.98E-14 2.05E-12 6.13E-12 6.97E-12 4.43E-12
 2.58E-12 1.38E-12
 4.17E-47 4.89E-26 2.45E-19 3.20E-16 1.41E-14 3.62E-14 4.07E-14 2.83E-14
 1.86E-14 1.17E-14
 5.53E-50 7.42E-29 3.62E-22 4.31E-19 1.72E-17 4.30E-17 4.77E-17 3.30E-17
 2.17E-17 1.38E-17
  3527.7 A   8  10 /FILMEM = JL1989C /TYPE = EXCIT    /INDM = 1/ISEL =    6
 7.81E+01 7.81E+04 7.81E+07 7.81E+10 7.81E+13 7.81E+16 7.81E+19 7.81E+22
 4.31E+00 1.08E+01 2.15E+01 4.31E+01 1.08E+02 2.15E+02 4.31E+02 1.08E+03
 2.15E+03 4.31E+03
 1.93E-45 5.57E-27 7.13E-21 7.59E-18 4.58E-16 1.77E-15 3.57E-15 5.45E-15
 6.27E-15 6.72E-15
 1.93E-45 5.57E-27 7.13E-21 7.59E-18 4.58E-16 1.77E-15 3.57E-15 5.45E-15
 6.27E-15 6.72E-15
 1.93E-45 5.57E-27 7.13E-21 7.59E-18 4.57E-16 1.77E-15 3.57E-15 5.45E-15
 6.27E-15 6.72E-15
 1.95E-45 5.62E-27 7.17E-21 7.62E-18 4.58E-16 1.78E-15 3.57E-15 5.45E-15
 6.27E-15 6.72E-15
 3.31E-45 7.89E-27 9.49E-21 9.64E-18 5.50E-16 2.07E-15 4.03E-15 5.93E-15
 6.68E-15 7.05E-15
 3.80E-45 8.81E-27 1.04E-20 1.00E-17 5.40E-16 1.99E-15 3.87E-15 5.75E-15
 6.52E-15 6.93E-15
 1.35E-45 4.18E-27 5.25E-21 4.97E-18 2.61E-16 9.93E-16 1.98E-15 3.05E-15
 3.60E-15 3.98E-15
 2.08E-48 7.89E-30 1.06E-23 1.00E-20 5.25E-19 2.07E-18 4.24E-18 6.78E-18
 8.31E-18 9.62E-18
   247.3 A   8  10 /FILMEM = JL1989C /TYPE = EXCIT    /INDM = 1/ISEL =    7
 7.81E+01 7.81E+04 7.81E+07 7.81E+10 7.81E+13 7.81E+16 7.81E+19 7.81E+22
 4.31E+00 1.08E+01 2.15E+01 4.31E+01 1.08E+02 2.15E+02 4.31E+02 1.08E+03
 2.15E+03 4.31E+03
 4.92E-47 5.77E-26 6.08E-19 1.76E-15 1.92E-13 9.54E-13 2.00E-12 2.86E-12
 3.04E-12 2.98E-12
 4.92E-47 5.77E-26 6.08E-19 1.76E-15 1.92E-13 9.54E-13 2.00E-12 2.86E-12
 3.04E-12 2.98E-12
 4.92E-47 5.77E-26 6.08E-19 1.76E-15 1.92E-13 9.54E-13 2.00E-12 2.86E-12
 3.04E-12 2.98E-12
 4.93E-47 5.78E-26 6.08E-19 1.76E-15 1.92E-13 9.53E-13 1.99E-12 2.85E-12
 3.04E-12 2.98E-12
 5.38E-47 6.06E-26 6.29E-19 1.81E-15 1.96E-13 9.75E-13 2.04E-12 2.92E-12
 3.11E-12 3.04E-12
 9.50E-47 8.75E-26 8.15E-19 2.16E-15 2.16E-13 1.04E-12 2.13E-12 2.99E-12
 3.16E-12 3.09E-12
 1.35E-47 2.05E-26 1.42E-19 2.65E-16 1.86E-14 7.54E-14 1.59E-13 2.66E-13
 3.39E-13 4.13E-13
 1.87E-50 3.42E-29 2.51E-22 4.58E-19 3.06E-17 1.22E-16 2.58E-16 4.49E-16
 5.99E-16 7.77E-16
   260.2 A   8  10 /FILMEM = JL1989C /TYPE = EXCIT    /INDM = 1/ISEL =    8
 7.81E+01 7.81E+04 7.81E+07 7.81E+10 7.81E+13 7.81E+16 7.81E+19 7.81E+22
 4.31E+00 1.08E+01 2.15E+01 4.31E+01 1.08E+02 2.15E+02 4.31E+02 1.08E+03
 2.15E+03 4.31E+03
 6.23E-46 4.98E-25 3.70E-18 7.95E-15 5.39E-13 1.59E-12 1.81E-12 1.14E-12
 6.52E-13 3.44E-13
 6.23E-46 4.98E-25 3.70E-18 7.95E-15 5.39E-13 1.59E-12 1.81E-12 1.14E-12
 6.52E-13 3.44E-13
 6.23E-46 4.98E-25 3.70E-18 7.95E-15 5.39E-13 1.59E-12 1.81E-12 1.14E-12
 6.52E-13 3.44E-13
 6.24E-46 4.98E-25 3.70E-18 7.95E-15 5.39E-13 1.59E-12 1.81E-12 1.14E-12
 6.52E-13 3.44E-13
 6.81E-46 5.19E-25 3.80E-18 8.08E-15 5.44E-13 1.60E-12 1.82E-12 1.15E-12
 6.56E-13 3.46E-13
 4.04E-46 3.30E-25 2.58E-18 5.55E-15 3.72E-13 1.11E-12 1.31E-12 8.89E-13
 5.49E-13 3.16E-13
 9.54E-48 9.12E-27 4.24E-20 5.34E-17 2.29E-15 5.85E-15 6.56E-15 4.59E-15
 3.03E-15 1.92E-15
 1.27E-50 1.38E-29 6.27E-23 7.17E-20 2.79E-18 6.94E-18 7.67E-18 5.32E-18
 3.53E-18 2.25E-18
   248.7 A   8  10 /FILMEM = JL1989C /TYPE = EXCIT    /INDM = 1/ISEL =    9
 7.81E+01 7.81E+04 7.81E+07 7.81E+10 7.81E+13 7.81E+16 7.81E+19 7.81E+22
 4.31E+00 1.08E+01 2.15E+01 4.31E+01 1.08E+02 2.15E+02 4.31E+02 1.08E+03
 2.15E+03 4.31E+03
 3.03E-46 3.11E-25 2.69E-18 6.00E-15 4.12E-13 1.16E-12 1.27E-12 7.61E-13
 4.19E-13 2.13E-13
 3.03E-46 3.11E-25 2.69E-18 6.00E-15 4.12E-13 1.16E-12 1.27E-12 7.61E-13
 4.19E-13 2.13E-13
 3.03E-46 3.11E-25 2.69E-18 6.00E-15 4.12E-13 1.16E-12 1.27E-12 7.61E-13
 4.19E-13 2.13E-13
 3.04E-46 3.12E-25 2.70E-18 6.01E-15 4.12E-13 1.16E-12 1.27E-12 7.61E-13
 4.19E-13 2.13E-13
 5.19E-46 4.44E-25 3.61E-18 7.80E-15 5.15E-13 1.41E-12 1.50E-12 8.67E-13
 4.68E-13 2.33E-13
 4.47E-45 3.79E-24 3.09E-17 6.85E-14 4.45E-12 1.14E-11 1.18E-11 6.74E-12
 3.61E-12 1.79E-12
 1.86E-46 2.41E-25 1.25E-18 1.67E-15 7.30E-14 1.80E-13 1.95E-13 1.31E-13
 8.44E-14 5.22E-14
 2.48E-49 3.68E-28 1.87E-21 2.29E-18 9.20E-17 2.26E-16 2.44E-16 1.64E-16
 1.07E-16 6.69E-17
   271.9 A   8  10 /FILMEM = JL1989C /TYPE = EXCIT    /INDM = 1/ISEL =   10
 7.81E+01 7.81E+04 7.81E+07 7.81E+10 7.81E+13 7.81E+16 7.81E+19 7.81E+22
 4.31E+00 1.08E+01 2.15E+01 4.31E+01 1.08E+02 2.15E+02 4.31E+02 1.08E+03
 2.15E+03 4.31E+03
 2.80E-46 3.00E-25 2.87E-18 7.84E-15 7.55E-13 3.19E-12 5.75E-12 6.81E-12
 6.29E-12 5.35E-12
 2.80E-46 3.00E-25 2.87E-18 7.84E-15 7.55E-13 3.19E-12 5.75E-12 6.81E-12
 6.29E-12 5.35E-12
 2.80E-46 3.00E-25 2.87E-18 7.84E-15 7.54E-13 3.19E-12 5.75E-12 6.81E-12
 6.29E-12 5.35E-12
 2.82E-46 3.01E-25 2.88E-18 7.85E-15 7.54E-13 3.19E-12 5.74E-12 6.80E-12
 6.28E-12 5.34E-12
 3.86E-46 3.66E-25 3.34E-18 8.83E-15 8.20E-13 3.42E-12 6.09E-12 7.12E-12
 6.53E-12 5.52E-12
 4.48E-47 5.43E-26 5.32E-19 1.44E-15 1.42E-13 6.58E-13 1.36E-12 1.96E-12
 2.09E-12 2.05E-12
 2.45E-48 3.24E-27 2.14E-20 3.89E-17 2.68E-15 1.08E-14 2.23E-14 3.63E-14
 4.55E-14 5.45E-14
 3.40E-51 5.37E-30 3.74E-23 6.65E-20 4.36E-18 1.72E-17 3.58E-17 6.06E-17
 7.95E-17 1.01E-16
   267.3 A   8  10 /FILMEM = JL1989C /TYPE = EXCIT    /INDM = 1/ISEL =   11
 7.81E+01 7.81E+04 7.81E+07 7.81E+10 7.81E+13 7.81E+16 7.81E+19 7.81E+22
 4.31E+00 1.08E+01 2.15E+01 4.31E+01 1.08E+02 2.15E+02 4.31E+02 1.08E+03
 2.15E+03 4.31E+03
 1.61E-46 1.91E-25 2.31E-18 7.53E-15 8.27E-13 3.52E-12 6.54E-12 8.18E-12
 7.86E-12 6.94E-12
 1.61E-46 1.91E-25 2.31E-18 7.53E-15 8.27E-13 3.52E-12 6.54E-12 8.18E-12
 7.86E-12 6.93E-12
 1.61E-46 1.91E-25 2.30E-18 7.52E-15 8.25E-13 3.51E-12 6.53E-12 8.17E-12
 7.85E-12 6.93E-12
 1.64E-46 1.93E-25 2.31E-18 7.50E-15 8.19E-13 3.49E-12 6.48E-12 8.10E-12
 7.80E-12 6.88E-12
 3.34E-46 3.05E-25 3.13E-18 9.10E-15 9.09E-13 3.83E-12 7.01E-12 8.62E-12
 8.20E-12 7.17E-12
 6.44E-46 5.38E-25 4.40E-18 9.96E-15 7.87E-13 3.09E-12 5.47E-12 6.70E-12
 6.46E-12 5.76E-12
 7.12E-47 1.05E-25 7.23E-19 1.33E-15 9.03E-14 3.48E-13 7.29E-13 1.25E-12
 1.65E-12 2.09E-12
 9.91E-50 1.76E-28 1.29E-21 2.34E-18 1.55E-16 5.99E-16 1.29E-15 2.35E-15
 3.28E-15 4.44E-15
  8434.5 A   8  10 /FILMEM = JL1989C /TYPE = EXCIT    /INDM = 1/ISEL =   12
 7.81E+01 7.81E+04 7.81E+07 7.81E+10 7.81E+13 7.81E+16 7.81E+19 7.81E+22
 4.31E+00 1.08E+01 2.15E+01 4.31E+01 1.08E+02 2.15E+02 4.31E+02 1.08E+03
 2.15E+03 4.31E+03
 6.60E-49 6.85E-28 6.10E-21 1.41E-17 9.80E-16 2.88E-15 3.30E-15 2.10E-15
 1.21E-15 6.46E-16
 6.60E-49 6.85E-28 6.10E-21 1.41E-17 9.80E-16 2.88E-15 3.30E-15 2.10E-15
 1.21E-15 6.46E-16
 6.60E-49 6.85E-28 6.10E-21 1.41E-17 9.80E-16 2.88E-15 3.30E-15 2.10E-15
 1.21E-15 6.46E-16
 6.61E-49 6.86E-28 6.10E-21 1.41E-17 9.80E-16 2.88E-15 3.30E-15 2.10E-15
 1.21E-15 6.46E-16
 7.14E-49 7.13E-28 6.26E-21 1.44E-17 9.94E-16 2.91E-15 3.33E-15 2.12E-15
 1.22E-15 6.48E-16
 7.88E-49 7.85E-28 6.81E-21 1.55E-17 1.07E-15 3.19E-15 3.63E-15 2.31E-15
 1.34E-15 7.19E-16
 2.17E-50 2.54E-29 1.27E-22 1.67E-19 7.32E-18 1.88E-17 2.12E-17 1.47E-17
 9.68E-18 6.08E-18
 2.88E-53 3.86E-32 1.88E-25 2.24E-22 8.93E-21 2.24E-20 2.48E-20 1.72E-20
 1.13E-20 7.17E-21
 12202.6 A   8  10 /FILMEM = JL1989C /TYPE = EXCIT    /INDM = 1/ISEL =   13
 7.81E+01 7.81E+04 7.81E+07 7.81E+10 7.81E+13 7.81E+16 7.81E+19 7.81E+22
 4.31E+00 1.08E+01 2.15E+01 4.31E+01 1.08E+02 2.15E+02 4.31E+02 1.08E+03
 2.15E+03 4.31E+03
 8.65E-51 1.01E-29 1.07E-22 3.10E-19 3.38E-17 1.68E-16 3.51E-16 5.02E-16
 5.35E-16 5.25E-16
 8.65E-51 1.01E-29 1.07E-22 3.10E-19 3.38E-17 1.68E-16 3.51E-16 5.02E-16
 5.35E-16 5.25E-16
 8.65E-51 1.01E-29 1.07E-22 3.10E-19 3.38E-17 1.68E-16 3.51E-16 5.02E-16
 5.35E-16 5.25E-16
 8.66E-51 1.02E-29 1.07E-22 3.09E-19 3.37E-17 1.67E-16 3.51E-16 5.02E-16
 5.34E-16 5.24E-16
 9.46E-51 1.06E-29 1.11E-22 3.18E-19 3.44E-17 1.71E-16 3.59E-16 5.13E-16
 5.46E-16 5.35E-16
 1.67E-50 1.54E-29 1.43E-22 3.79E-19 3.80E-17 1.83E-16 3.74E-16 5.26E-16
 5.56E-16 5.42E-16
 2.37E-51 3.60E-30 2.50E-23 4.66E-20 3.27E-18 1.32E-17 2.79E-17 4.67E-17
 5.95E-17 7.25E-17
 3.29E-54 6.00E-33 4.41E-26 8.04E-23 5.38E-21 2.14E-20 4.54E-20 7.88E-20
 1.05E-19 1.37E-19
    40.7 A   8  10 /FILMEM = JL1989C /TYPE = EXCIT    /INDM = 2/ISEL =   14
 7.81E+01 7.81E+04 7.81E+07 7.81E+10 7.81E+13 7.81E+16 7.81E+19 7.81E+22
 4.31E+00 1.08E+01 2.15E+01 4.31E+01 1.08E+02 2.15E+02 4.31E+02 1.08E+03
 2.15E+03 4.31E+03
 4.36E-09 6.53E-09 6.86E-09 6.71E-09 6.20E-09 5.53E-09 4.69E-09 3.69E-09
 3.06E-09 2.53E-09
 4.36E-09 6.53E-09 6.86E-09 6.71E-09 6.20E-09 5.53E-09 4.69E-09 3.69E-09
 3.06E-09 2.53E-09
 4.36E-09 6.53E-09 6.86E-09 6.71E-09 6.20E-09 5.53E-09 4.69E-09 3.69E-09
 3.06E-09 2.53E-09
 4.36E-09 6.53E-09 6.86E-09 6.71E-09 6.20E-09 5.53E-09 4.69E-09 3.69E-09
 3.06E-09 2.53E-09
 4.17E-09 6.32E-09 6.69E-09 6.56E-09 6.08E-09 5.43E-09 4.62E-09 3.64E-09
 3.03E-09 2.51E-09
 9.42E-11 1.94E-10 2.46E-10 2.75E-10 2.88E-10 2.86E-10 2.80E-10 2.72E-10
 2.67E-10 2.63E-10
 1.00E-13 2.10E-13 2.54E-13 2.53E-13 2.32E-13 2.23E-13 2.18E-13 2.16E-13
 2.17E-13 2.20E-13
 1.03E-16 2.19E-16 2.63E-16 2.57E-16 2.33E-16 2.23E-16 2.17E-16 2.15E-16
 2.16E-16 2.19E-16
    40.3 A   8  10 /FILMEM = JL1989C /TYPE = EXCIT    /INDM = 2/ISEL =   15
 7.81E+01 7.81E+04 7.81E+07 7.81E+10 7.81E+13 7.81E+16 7.81E+19 7.81E+22
 4.31E+00 1.08E+01 2.15E+01 4.31E+01 1.08E+02 2.15E+02 4.31E+02 1.08E+03
 2.15E+03 4.31E+03
 2.41E-10 6.44E-10 7.65E-10 6.31E-10 3.43E-10 1.82E-10 8.73E-11 3.14E-11
 1.43E-11 6.46E-12
 2.41E-10 6.44E-10 7.65E-10 6.31E-10 3.43E-10 1.82E-10 8.73E-11 3.14E-11
 1.43E-11 6.46E-12
 2.41E-10 6.44E-10 7.65E-10 6.31E-10 3.43E-10 1.82E-10 8.73E-11 3.14E-11
 1.43E-11 6.46E-12
 2.46E-10 6.53E-10 7.72E-10 6.36E-10 3.45E-10 1.83E-10 8.77E-11 3.15E-11
 1.43E-11 6.47E-12
 6.17E-10 1.20E-09 1.27E-09 9.84E-10 5.13E-10 2.69E-10 1.28E-10 4.56E-11
 2.07E-11 9.35E-12
 2.44E-09 5.04E-09 5.42E-09 4.19E-09 2.13E-09 1.09E-09 5.13E-10 1.81E-10
 8.26E-11 3.77E-11
 8.77E-10 2.45E-09 2.77E-09 1.92E-09 8.37E-10 4.11E-10 1.93E-10 7.17E-11
 3.47E-11 1.70E-11
 1.35E-12 4.63E-12 5.60E-12 3.86E-12 1.68E-12 8.53E-13 4.10E-13 1.58E-13
 7.96E-14 4.08E-14
    35.0 A   8  10 /FILMEM = JL1989C /TYPE = EXCIT    /INDM = 2/ISEL =   16
 7.81E+01 7.81E+04 7.81E+07 7.81E+10 7.81E+13 7.81E+16 7.81E+19 7.81E+22
 4.31E+00 1.08E+01 2.15E+01 4.31E+01 1.08E+02 2.15E+02 4.31E+02 1.08E+03
 2.15E+03 4.31E+03
 2.00E-15 1.67E-12 1.26E-11 2.51E-11 2.39E-11 1.76E-11 9.28E-12 3.34E-12
 1.50E-12 6.60E-13
 2.00E-15 1.67E-12 1.26E-11 2.51E-11 2.39E-11 1.76E-11 9.28E-12 3.34E-12
 1.50E-12 6.60E-13
 2.00E-15 1.67E-12 1.26E-11 2.51E-11 2.39E-11 1.76E-11 9.28E-12 3.34E-12
 1.50E-12 6.60E-13
 2.01E-15 1.68E-12 1.26E-11 2.52E-11 2.39E-11 1.77E-11 9.29E-12 3.35E-12
 1.50E-12 6.62E-13
 2.72E-15 2.07E-12 1.52E-11 3.00E-11 2.85E-11 2.11E-11 1.12E-11 4.10E-12
 1.87E-12 8.47E-13
 3.83E-14 2.15E-11 1.35E-10 2.39E-10 2.04E-10 1.35E-10 6.41E-11 2.06E-11
 8.60E-12 3.59E-12
 5.63E-15 7.37E-12 3.94E-11 4.91E-11 2.83E-11 1.57E-11 7.58E-12 2.89E-12
 1.47E-12 7.73E-13
 6.79E-18 1.01E-14 5.81E-14 7.31E-14 4.07E-14 2.19E-14 1.07E-14 4.27E-15
 2.27E-15 1.27E-15
  2274.6 A   8  10 /FILMEM = JL1989C /TYPE = EXCIT    /INDM = 2/ISEL =   17
 7.81E+01 7.81E+04 7.81E+07 7.81E+10 7.81E+13 7.81E+16 7.81E+19 7.81E+22
 4.31E+00 1.08E+01 2.15E+01 4.31E+01 1.08E+02 2.15E+02 4.31E+02 1.08E+03
 2.15E+03 4.31E+03
 2.58E-08 3.86E-08 4.06E-08 3.97E-08 3.67E-08 3.27E-08 2.77E-08 2.18E-08
 1.81E-08 1.50E-08
 2.58E-08 3.86E-08 4.06E-08 3.97E-08 3.67E-08 3.27E-08 2.77E-08 2.18E-08
 1.81E-08 1.50E-08
 2.58E-08 3.86E-08 4.06E-08 3.97E-08 3.67E-08 3.27E-08 2.77E-08 2.18E-08
 1.81E-08 1.50E-08
 2.58E-08 3.86E-08 4.06E-08 3.97E-08 3.67E-08 3.27E-08 2.77E-08 2.18E-08
 1.81E-08 1.50E-08
 2.47E-08 3.74E-08 3.96E-08 3.88E-08 3.60E-08 3.21E-08 2.73E-08 2.15E-08
 1.79E-08 1.49E-08
 5.58E-10 1.15E-09 1.45E-09 1.63E-09 1.70E-09 1.69E-09 1.66E-09 1.61E-09
 1.58E-09 1.55E-09
 5.94E-13 1.24E-12 1.50E-12 1.50E-12 1.38E-12 1.32E-12 1.29E-12 1.28E-12
 1.28E-12 1.30E-12
 6.08E-16 1.29E-15 1.56E-15 1.52E-15 1.38E-15 1.32E-15 1.29E-15 1.27E-15
 1.28E-15 1.30E-15
   227.2 A   8  10 /FILMEM = JL1989C /TYPE = EXCIT    /INDM = 2/ISEL =   18
 7.81E+01 7.81E+04 7.81E+07 7.81E+10 7.81E+13 7.81E+16 7.81E+19 7.81E+22
 4.31E+00 1.08E+01 2.15E+01 4.31E+01 1.08E+02 2.15E+02 4.31E+02 1.08E+03
 2.15E+03 4.31E+03
 1.76E-14 1.58E-11 1.57E-10 5.21E-10 1.12E-09 1.47E-09 1.54E-09 1.46E-09
 1.34E-09 1.22E-09
 1.76E-14 1.58E-11 1.57E-10 5.21E-10 1.12E-09 1.47E-09 1.54E-09 1.46E-09
 1.34E-09 1.22E-09
 1.76E-14 1.58E-11 1.57E-10 5.21E-10 1.12E-09 1.47E-09 1.54E-09 1.46E-09
 1.34E-09 1.22E-09
 1.76E-14 1.58E-11 1.57E-10 5.20E-10 1.12E-09 1.47E-09 1.54E-09 1.45E-09
 1.34E-09 1.22E-09
 2.27E-14 1.88E-11 1.76E-10 5.60E-10 1.16E-09 1.50E-09 1.56E-09 1.46E-09
 1.35E-09 1.22E-09
 8.82E-14 8.15E-11 7.13E-10 1.88E-09 2.94E-09 3.09E-09 2.82E-09 2.33E-09
 2.01E-09 1.73E-09
 1.38E-15 1.68E-12 1.01E-11 1.80E-11 2.02E-11 1.81E-11 1.62E-11 1.48E-11
 1.44E-11 1.45E-11
 1.57E-18 2.00E-15 1.14E-14 1.89E-14 2.05E-14 1.82E-14 1.63E-14 1.49E-14
 1.45E-14 1.47E-14
  3527.7 A   8  10 /FILMEM = JL1989C /TYPE = EXCIT    /INDM = 2/ISEL =   19
 7.81E+01 7.81E+04 7.81E+07 7.81E+10 7.81E+13 7.81E+16 7.81E+19 7.81E+22
 4.31E+00 1.08E+01 2.15E+01 4.31E+01 1.08E+02 2.15E+02 4.31E+02 1.08E+03
 2.15E+03 4.31E+03
 4.55E-15 1.22E-14 1.45E-14 1.19E-14 6.48E-15 3.43E-15 1.65E-15 5.93E-16
 2.70E-16 1.22E-16
 4.55E-15 1.22E-14 1.45E-14 1.19E-14 6.48E-15 3.43E-15 1.65E-15 5.93E-16
 2.70E-16 1.22E-16
 4.55E-15 1.22E-14 1.45E-14 1.19E-14 6.48E-15 3.43E-15 1.65E-15 5.93E-16
 2.70E-16 1.22E-16
 4.65E-15 1.23E-14 1.46E-14 1.20E-14 6.52E-15 3.45E-15 1.66E-15 5.95E-16
 2.70E-16 1.22E-16
 1.17E-14 2.27E-14 2.40E-14 1.86E-14 9.70E-15 5.09E-15 2.42E-15 8.63E-16
 3.91E-16 1.77E-16
 4.62E-14 9.53E-14 1.02E-13 7.92E-14 4.03E-14 2.07E-14 9.69E-15 3.43E-15
 1.56E-15 7.13E-16
 1.66E-14 4.63E-14 5.23E-14 3.63E-14 1.58E-14 7.76E-15 3.64E-15 1.36E-15
 6.56E-16 3.21E-16
 2.56E-17 8.75E-17 1.06E-16 7.29E-17 3.17E-17 1.61E-17 7.75E-18 2.99E-18
 1.50E-18 7.70E-19
   247.3 A   8  10 /FILMEM = JL1989C /TYPE = EXCIT    /INDM = 2/ISEL =   20
 7.81E+01 7.81E+04 7.81E+07 7.81E+10 7.81E+13 7.81E+16 7.81E+19 7.81E+22
 4.31E+00 1.08E+01 2.15E+01 4.31E+01 1.08E+02 2.15E+02 4.31E+02 1.08E+03
 2.15E+03 4.31E+03
 1.21E-16 1.01E-13 7.62E-13 1.52E-12 1.45E-12 1.07E-12 5.62E-13 2.02E-13
 9.06E-14 4.00E-14
 1.21E-16 1.01E-13 7.62E-13 1.52E-12 1.45E-12 1.07E-12 5.62E-13 2.02E-13
 9.06E-14 4.00E-14
 1.21E-16 1.01E-13 7.62E-13 1.52E-12 1.45E-12 1.07E-12 5.62E-13 2.02E-13
 9.06E-14 4.00E-14
 1.21E-16 1.01E-13 7.64E-13 1.52E-12 1.45E-12 1.07E-12 5.63E-13 2.03E-13
 9.07E-14 4.01E-14
 1.65E-16 1.26E-13 9.19E-13 1.82E-12 1.72E-12 1.27E-12 6.76E-13 2.48E-13
 1.13E-13 5.13E-14
 2.32E-15 1.30E-12 8.17E-12 1.45E-11 1.24E-11 8.19E-12 3.88E-12 1.25E-12
 5.21E-13 2.17E-13
 3.41E-16 4.46E-13 2.38E-12 2.97E-12 1.72E-12 9.53E-13 4.59E-13 1.75E-13
 8.89E-14 4.68E-14
 4.11E-19 6.11E-16 3.52E-15 4.43E-15 2.47E-15 1.33E-15 6.48E-16 2.59E-16
 1.38E-16 7.69E-17
   260.2 A   8  10 /FILMEM = JL1989C /TYPE = EXCIT    /INDM = 2/ISEL =   21
 7.81E+01 7.81E+04 7.81E+07 7.81E+10 7.81E+13 7.81E+16 7.81E+19 7.81E+22
 4.31E+00 1.08E+01 2.15E+01 4.31E+01 1.08E+02 2.15E+02 4.31E+02 1.08E+03
 2.15E+03 4.31E+03
 3.26E-14 2.53E-11 2.05E-10 5.17E-10 7.52E-10 7.34E-10 6.13E-10 4.39E-10
 3.30E-10 2.45E-10
 3.26E-14 2.53E-11 2.05E-10 5.16E-10 7.52E-10 7.34E-10 6.13E-10 4.39E-10
 3.30E-10 2.45E-10
 3.26E-14 2.53E-11 2.05E-10 5.16E-10 7.52E-10 7.34E-10 6.13E-10 4.39E-10
 3.30E-10 2.45E-10
 3.26E-14 2.53E-11 2.05E-10 5.16E-10 7.52E-10 7.33E-10 6.13E-10 4.38E-10
 3.30E-10 2.45E-10
 3.42E-14 2.58E-11 2.07E-10 5.19E-10 7.54E-10 7.35E-10 6.15E-10 4.41E-10
 3.32E-10 2.47E-10
 2.41E-14 1.88E-11 1.50E-10 3.73E-10 5.60E-10 5.84E-10 5.44E-10 4.75E-10
 4.29E-10 3.92E-10
 3.17E-16 3.14E-13 1.75E-12 3.00E-12 3.28E-12 2.91E-12 2.59E-12 2.35E-12
 2.29E-12 2.32E-12
 3.59E-19 3.73E-16 1.98E-15 3.16E-15 3.33E-15 2.93E-15 2.60E-15 2.36E-15
 2.31E-15 2.34E-15
   248.7 A   8  10 /FILMEM = JL1989C /TYPE = EXCIT    /INDM = 2/ISEL =   22
 7.81E+01 7.81E+04 7.81E+07 7.81E+10 7.81E+13 7.81E+16 7.81E+19 7.81E+22
 4.31E+00 1.08E+01 2.15E+01 4.31E+01 1.08E+02 2.15E+02 4.31E+02 1.08E+03
 2.15E+03 4.31E+03
 3.47E-14 3.56E-11 3.60E-10 1.07E-09 1.78E-09 1.84E-09 1.58E-09 1.16E-09
 8.91E-10 6.73E-10
 3.47E-14 3.56E-11 3.60E-10 1.07E-09 1.78E-09 1.84E-09 1.58E-09 1.16E-09
 8.91E-10 6.73E-10
 3.47E-14 3.56E-11 3.60E-10 1.07E-09 1.78E-09 1.84E-09 1.58E-09 1.16E-09
 8.91E-10 6.73E-10
 3.47E-14 3.56E-11 3.60E-10 1.06E-09 1.78E-09 1.84E-09 1.58E-09 1.16E-09
 8.89E-10 6.72E-10
 4.55E-14 4.30E-11 4.20E-10 1.21E-09 2.00E-09 2.03E-09 1.72E-09 1.24E-09
 9.38E-10 7.02E-10
 3.05E-13 2.82E-10 2.61E-09 7.39E-09 1.21E-08 1.21E-08 1.02E-08 7.49E-09
 5.79E-09 4.44E-09
 6.21E-15 8.43E-12 5.38E-11 1.02E-10 1.27E-10 1.25E-10 1.13E-10 9.83E-11
 9.13E-11 8.71E-11
 7.05E-18 1.00E-14 6.07E-14 1.08E-13 1.30E-13 1.27E-13 1.14E-13 9.94E-14
 9.25E-14 8.85E-14
   271.9 A   8  10 /FILMEM = JL1989C /TYPE = EXCIT    /INDM = 2/ISEL =   23
 7.81E+01 7.81E+04 7.81E+07 7.81E+10 7.81E+13 7.81E+16 7.81E+19 7.81E+22
 4.31E+00 1.08E+01 2.15E+01 4.31E+01 1.08E+02 2.15E+02 4.31E+02 1.08E+03
 2.15E+03 4.31E+03
 1.10E-15 7.56E-13 5.03E-12 9.27E-12 8.00E-12 5.04E-12 2.43E-12 8.02E-13
 3.36E-13 1.39E-13
 1.10E-15 7.56E-13 5.03E-12 9.27E-12 8.00E-12 5.04E-12 2.43E-12 8.02E-13
 3.36E-13 1.39E-13
 1.10E-15 7.56E-13 5.03E-12 9.27E-12 8.00E-12 5.04E-12 2.43E-12 8.02E-13
 3.36E-13 1.39E-13
 1.10E-15 7.61E-13 5.06E-12 9.32E-12 8.03E-12 5.06E-12 2.43E-12 8.04E-13
 3.37E-13 1.39E-13
 1.75E-15 1.10E-12 7.14E-12 1.29E-11 1.08E-11 6.70E-12 3.19E-12 1.04E-12
 4.34E-13 1.79E-13
 9.67E-16 7.38E-13 5.05E-12 9.38E-12 8.49E-12 6.06E-12 3.25E-12 1.25E-12
 5.90E-13 2.76E-13
 6.20E-17 7.04E-14 3.57E-13 4.33E-13 2.44E-13 1.34E-13 6.41E-14 2.41E-14
 1.21E-14 6.33E-15
 7.46E-20 9.61E-17 5.25E-16 6.41E-16 3.49E-16 1.86E-16 8.98E-17 3.52E-17
 1.85E-17 1.02E-17
   267.3 A   8  10 /FILMEM = JL1989C /TYPE = EXCIT    /INDM = 2/ISEL =   24
 7.81E+01 7.81E+04 7.81E+07 7.81E+10 7.81E+13 7.81E+16 7.81E+19 7.81E+22
 4.31E+00 1.08E+01 2.15E+01 4.31E+01 1.08E+02 2.15E+02 4.31E+02 1.08E+03
 2.15E+03 4.31E+03
 5.99E-15 5.02E-12 3.80E-11 7.66E-11 7.47E-11 5.26E-11 2.69E-11 9.46E-12
 4.15E-12 1.80E-12
 5.99E-15 5.02E-12 3.80E-11 7.66E-11 7.47E-11 5.26E-11 2.69E-11 9.46E-12
 4.15E-12 1.80E-12
 5.99E-15 5.02E-12 3.80E-11 7.66E-11 7.47E-11 5.26E-11 2.69E-11 9.46E-12
 4.15E-12 1.80E-12
 6.01E-15 5.03E-12 3.80E-11 7.67E-11 7.47E-11 5.27E-11 2.69E-11 9.47E-12
 4.16E-12 1.80E-12
 7.74E-15 6.03E-12 4.43E-11 8.76E-11 8.34E-11 5.82E-11 2.95E-11 1.03E-11
 4.48E-12 1.93E-12
 2.71E-14 2.15E-11 1.55E-10 3.01E-10 2.82E-10 1.98E-10 9.92E-11 3.39E-11
 1.47E-11 6.30E-12
 1.81E-15 2.31E-12 1.24E-11 1.57E-11 9.26E-12 5.19E-12 2.56E-12 1.01E-12
 5.26E-13 2.83E-13
 2.18E-18 3.16E-15 1.83E-14 2.33E-14 1.33E-14 7.20E-15 3.61E-15 1.51E-15
 8.27E-16 4.75E-16
  8434.5 A   8  10 /FILMEM = JL1989C /TYPE = EXCIT    /INDM = 2/ISEL =   25
 7.81E+01 7.81E+04 7.81E+07 7.81E+10 7.81E+13 7.81E+16 7.81E+19 7.81E+22
 4.31E+00 1.08E+01 2.15E+01 4.31E+01 1.08E+02 2.15E+02 4.31E+02 1.08E+03
 2.15E+03 4.31E+03
 9.16E-18 8.24E-15 8.17E-14 2.71E-13 5.83E-13 7.63E-13 8.04E-13 7.57E-13
 6.99E-13 6.36E-13
 9.16E-18 8.24E-15 8.17E-14 2.71E-13 5.83E-13 7.63E-13 8.04E-13 7.57E-13
 6.99E-13 6.36E-13
 9.16E-18 8.24E-15 8.17E-14 2.71E-13 5.83E-13 7.63E-13 8.04E-13 7.57E-13
 6.99E-13 6.36E-13
 9.17E-18 8.24E-15 8.16E-14 2.71E-13 5.82E-13 7.62E-13 8.03E-13 7.57E-13
 6.99E-13 6.36E-13
 1.18E-17 9.77E-15 9.18E-14 2.91E-13 6.05E-13 7.80E-13 8.14E-13 7.62E-13
 7.01E-13 6.37E-13
 4.59E-17 4.24E-14 3.71E-13 9.80E-13 1.53E-12 1.61E-12 1.47E-12 1.21E-12
 1.04E-12 9.00E-13
 7.19E-19 8.76E-16 5.26E-15 9.35E-15 1.05E-14 9.39E-15 8.42E-15 7.69E-15
 7.49E-15 7.55E-15
 8.16E-22 1.04E-18 5.94E-18 9.85E-18 1.07E-17 9.48E-18 8.47E-18 7.74E-18
 7.56E-18 7.63E-18
 12202.6 A   8  10 /FILMEM = JL1989C /TYPE = EXCIT    /INDM = 2/ISEL =   26
 7.81E+01 7.81E+04 7.81E+07 7.81E+10 7.81E+13 7.81E+16 7.81E+19 7.81E+22
 4.31E+00 1.08E+01 2.15E+01 4.31E+01 1.08E+02 2.15E+02 4.31E+02 1.08E+03
 2.15E+03 4.31E+03
 2.13E-20 1.78E-17 1.34E-16 2.68E-16 2.54E-16 1.88E-16 9.87E-17 3.56E-17
 1.59E-17 7.03E-18
 2.13E-20 1.78E-17 1.34E-16 2.68E-16 2.54E-16 1.88E-16 9.87E-17 3.56E-17
 1.59E-17 7.03E-18
 2.13E-20 1.78E-17 1.34E-16 2.68E-16 2.54E-16 1.88E-16 9.87E-17 3.56E-17
 1.59E-17 7.03E-18
 2.13E-20 1.78E-17 1.34E-16 2.68E-16 2.55E-16 1.88E-16 9.89E-17 3.56E-17
 1.59E-17 7.04E-18
 2.89E-20 2.21E-17 1.62E-16 3.20E-16 3.03E-16 2.24E-16 1.19E-16 4.36E-17
 1.99E-17 9.02E-18
 4.07E-19 2.29E-16 1.44E-15 2.54E-15 2.17E-15 1.44E-15 6.82E-16 2.19E-16
 9.15E-17 3.82E-17
 5.99E-20 7.84E-17 4.19E-16 5.23E-16 3.02E-16 1.68E-16 8.07E-17 3.08E-17
 1.56E-17 8.23E-18
 7.22E-23 1.07E-19 6.19E-19 7.78E-19 4.33E-19 2.33E-19 1.14E-19 4.55E-20
 2.42E-20 1.35E-20
    40.7 A   8  10 /FILMEM = JL1989C /TYPE = RECOM    /INDM =+1/ISEL =   27
 7.81E+01 7.81E+04 7.81E+07 7.81E+10 7.81E+13 7.81E+16 7.81E+19 7.81E+22
 4.31E+00 1.08E+01 2.15E+01 4.31E+01 1.08E+02 2.15E+02 4.31E+02 1.08E+03
 2.15E+03 4.31E+03
 3.68E-13 1.85E-13 1.07E-13 6.08E-14 6.39E-14 7.94E-14 5.86E-14 2.37E-14
 9.87E-15 3.82E-15
 3.69E-13 1.86E-13 1.07E-13 6.08E-14 6.39E-14 7.94E-14 5.86E-14 2.37E-14
 9.87E-15 3.82E-15
 3.74E-13 1.86E-13 1.07E-13 6.08E-14 6.38E-14 7.92E-14 5.85E-14 2.36E-14
 9.85E-15 3.81E-15
 4.09E-13 1.93E-13 1.09E-13 6.11E-14 6.31E-14 7.80E-14 5.76E-14 2.33E-14
 9.72E-15 3.76E-15
 6.70E-13 2.30E-13 1.16E-13 6.18E-14 5.79E-14 6.89E-14 5.06E-14 2.06E-14
 8.70E-15 3.40E-15
 1.96E-13 2.20E-14 7.40E-15 3.24E-15 2.04E-15 2.04E-15 1.58E-15 7.87E-16
 4.01E-16 1.93E-16
 1.07E-13 2.64E-15 2.61E-16 3.97E-17 5.94E-18 2.08E-18 8.82E-19 3.04E-19
 1.37E-19 6.16E-20
 1.20E-13 3.07E-15 2.88E-16 3.90E-17 4.78E-18 1.28E-18 3.91E-19 9.00E-20
 3.04E-20 1.04E-20
    40.3 A   8  10 /FILMEM = JL1989C /TYPE = RECOM    /INDM =+1/ISEL =   28
 7.81E+01 7.81E+04 7.81E+07 7.81E+10 7.81E+13 7.81E+16 7.81E+19 7.81E+22
 4.31E+00 1.08E+01 2.15E+01 4.31E+01 1.08E+02 2.15E+02 4.31E+02 1.08E+03
 2.15E+03 4.31E+03
 5.53E-13 2.90E-13 1.73E-13 1.08E-13 2.59E-13 3.92E-13 3.01E-13 1.23E-13
 5.11E-14 1.96E-14
 5.55E-13 2.91E-13 1.73E-13 1.08E-13 2.59E-13 3.92E-13 3.01E-13 1.23E-13
 5.11E-14 1.96E-14
 5.62E-13 2.92E-13 1.73E-13 1.08E-13 2.57E-13 3.89E-13 2.99E-13 1.22E-13
 5.08E-14 1.95E-14
 6.19E-13 3.04E-13 1.77E-13 1.09E-13 2.49E-13 3.73E-13 2.87E-13 1.17E-13
 4.89E-14 1.89E-14
 1.23E-12 4.49E-13 2.35E-13 1.35E-13 2.48E-13 3.50E-13 2.65E-13 1.08E-13
 4.54E-14 1.77E-14
 1.73E-11 1.74E-12 5.26E-13 2.05E-13 1.76E-13 1.94E-13 1.35E-13 5.42E-14
 2.30E-14 9.16E-15
 4.94E-09 1.27E-10 1.17E-11 1.62E-12 2.41E-13 1.02E-13 4.97E-14 1.69E-14
 6.87E-15 2.71E-15
 7.71E-09 2.40E-10 2.29E-11 3.00E-12 3.49E-13 9.20E-14 2.80E-14 6.47E-15
 2.22E-15 7.72E-16
    35.0 A   8  10 /FILMEM = JL1989C /TYPE = RECOM    /INDM =+1/ISEL =   29
 7.81E+01 7.81E+04 7.81E+07 7.81E+10 7.81E+13 7.81E+16 7.81E+19 7.81E+22
 4.31E+00 1.08E+01 2.15E+01 4.31E+01 1.08E+02 2.15E+02 4.31E+02 1.08E+03
 2.15E+03 4.31E+03
 1.04E-13 5.33E-14 3.08E-14 1.83E-14 5.00E-14 8.04E-14 6.30E-14 2.59E-14
 1.08E-14 4.14E-15
 1.04E-13 5.34E-14 3.08E-14 1.83E-14 4.99E-14 8.04E-14 6.29E-14 2.59E-14
 1.08E-14 4.13E-15
 1.06E-13 5.36E-14 3.09E-14 1.83E-14 4.97E-14 7.99E-14 6.26E-14 2.57E-14
 1.07E-14 4.12E-15
 1.16E-13 5.57E-14 3.14E-14 1.84E-14 4.79E-14 7.66E-14 6.01E-14 2.48E-14
 1.03E-14 3.99E-15
 2.02E-13 7.04E-14 3.56E-14 1.95E-14 4.14E-14 6.41E-14 5.03E-14 2.10E-14
 8.87E-15 3.47E-15
 6.30E-12 4.62E-13 1.24E-13 4.62E-14 4.41E-14 5.52E-14 3.98E-14 1.58E-14
 6.51E-15 2.51E-15
 3.62E-10 1.65E-11 2.05E-12 3.84E-13 6.52E-14 2.22E-14 8.58E-15 2.57E-15
 1.03E-15 4.17E-16
 3.74E-10 1.74E-11 2.21E-12 4.12E-13 6.69E-14 2.02E-14 6.58E-15 1.58E-15
 5.51E-16 1.93E-16
  2274.6 A   8  10 /FILMEM = JL1989C /TYPE = RECOM    /INDM =+1/ISEL =   30
 7.81E+01 7.81E+04 7.81E+07 7.81E+10 7.81E+13 7.81E+16 7.81E+19 7.81E+22
 4.31E+00 1.08E+01 2.15E+01 4.31E+01 1.08E+02 2.15E+02 4.31E+02 1.08E+03
 2.15E+03 4.31E+03
 2.18E-12 1.10E-12 6.32E-13 3.59E-13 3.78E-13 4.70E-13 3.47E-13 1.40E-13
 5.84E-14 2.26E-14
 2.18E-12 1.10E-12 6.32E-13 3.60E-13 3.78E-13 4.70E-13 3.47E-13 1.40E-13
 5.84E-14 2.26E-14
 2.21E-12 1.10E-12 6.33E-13 3.60E-13 3.77E-13 4.69E-13 3.46E-13 1.40E-13
 5.83E-14 2.26E-14
 2.42E-12 1.14E-12 6.42E-13 3.61E-13 3.73E-13 4.62E-13 3.41E-13 1.38E-13
 5.75E-14 2.23E-14
 3.97E-12 1.36E-12 6.87E-13 3.66E-13 3.42E-13 4.08E-13 2.99E-13 1.22E-13
 5.15E-14 2.01E-14
 1.16E-12 1.30E-13 4.38E-14 1.92E-14 1.21E-14 1.21E-14 9.37E-15 4.66E-15
 2.37E-15 1.14E-15
 6.31E-13 1.56E-14 1.55E-15 2.35E-16 3.52E-17 1.23E-17 5.22E-18 1.80E-18
 8.08E-19 3.64E-19
 7.09E-13 1.82E-14 1.70E-15 2.31E-16 2.83E-17 7.56E-18 2.31E-18 5.32E-19
 1.80E-19 6.14E-20
   227.2 A   8  10 /FILMEM = JL1989C /TYPE = RECOM    /INDM =+1/ISEL =   31
 7.81E+01 7.81E+04 7.81E+07 7.81E+10 7.81E+13 7.81E+16 7.81E+19 7.81E+22
 4.31E+00 1.08E+01 2.15E+01 4.31E+01 1.08E+02 2.15E+02 4.31E+02 1.08E+03
 2.15E+03 4.31E+03
 4.96E-13 2.43E-13 1.36E-13 7.52E-14 9.42E-14 1.28E-13 9.65E-14 3.91E-14
 1.62E-14 6.25E-15
 4.97E-13 2.44E-13 1.36E-13 7.52E-14 9.42E-14 1.28E-13 9.64E-14 3.91E-14
 1.62E-14 6.25E-15
 5.04E-13 2.45E-13 1.37E-13 7.53E-14 9.41E-14 1.28E-13 9.63E-14 3.90E-14
 1.62E-14 6.24E-15
 5.54E-13 2.54E-13 1.39E-13 7.57E-14 9.31E-14 1.26E-13 9.49E-14 3.85E-14
 1.60E-14 6.17E-15
 9.70E-13 3.17E-13 1.54E-13 7.91E-14 8.76E-14 1.15E-13 8.63E-14 3.52E-14
 1.47E-14 5.70E-15
 8.67E-12 7.85E-13 2.34E-13 9.69E-14 6.68E-14 7.32E-14 5.23E-14 2.15E-14
 9.26E-15 3.73E-15
 8.57E-11 3.45E-12 4.05E-13 7.28E-14 1.20E-14 3.86E-15 1.38E-15 3.77E-16
 1.44E-16 5.61E-17
 8.76E-11 3.56E-12 4.15E-13 7.35E-14 1.18E-14 3.57E-15 1.17E-15 2.82E-16
 9.80E-17 3.44E-17
  3527.7 A   8  10 /FILMEM = JL1989C /TYPE = RECOM    /INDM =+1/ISEL =   32
 7.81E+01 7.81E+04 7.81E+07 7.81E+10 7.81E+13 7.81E+16 7.81E+19 7.81E+22
 4.31E+00 1.08E+01 2.15E+01 4.31E+01 1.08E+02 2.15E+02 4.31E+02 1.08E+03
 2.15E+03 4.31E+03
 1.05E-17 5.49E-18 3.26E-18 2.03E-18 4.89E-18 7.41E-18 5.69E-18 2.32E-18
 9.66E-19 3.71E-19
 1.05E-17 5.49E-18 3.26E-18 2.03E-18 4.89E-18 7.40E-18 5.69E-18 2.32E-18
 9.65E-19 3.71E-19
 1.06E-17 5.52E-18 3.27E-18 2.04E-18 4.86E-18 7.36E-18 5.65E-18 2.31E-18
 9.60E-19 3.69E-19
 1.17E-17 5.74E-18 3.34E-18 2.05E-18 4.70E-18 7.05E-18 5.42E-18 2.22E-18
 9.25E-19 3.57E-19
 2.33E-17 8.48E-18 4.44E-18 2.56E-18 4.69E-18 6.62E-18 5.00E-18 2.05E-18
 8.59E-19 3.34E-19
 3.28E-16 3.30E-17 9.94E-18 3.88E-18 3.33E-18 3.66E-18 2.55E-18 1.02E-18
 4.35E-19 1.73E-19
 9.34E-14 2.40E-15 2.21E-16 3.06E-17 4.56E-18 1.94E-18 9.39E-19 3.19E-19
 1.30E-19 5.12E-20
 1.46E-13 4.54E-15 4.32E-16 5.66E-17 6.59E-18 1.74E-18 5.30E-19 1.22E-19
 4.19E-20 1.46E-20
   247.3 A   8  10 /FILMEM = JL1989C /TYPE = RECOM    /INDM =+1/ISEL =   33
 7.81E+01 7.81E+04 7.81E+07 7.81E+10 7.81E+13 7.81E+16 7.81E+19 7.81E+22
 4.31E+00 1.08E+01 2.15E+01 4.31E+01 1.08E+02 2.15E+02 4.31E+02 1.08E+03
 2.15E+03 4.31E+03
 6.30E-15 3.23E-15 1.86E-15 1.11E-15 3.03E-15 4.87E-15 3.81E-15 1.57E-15
 6.52E-16 2.50E-16
 6.32E-15 3.23E-15 1.86E-15 1.11E-15 3.02E-15 4.87E-15 3.81E-15 1.57E-15
 6.51E-16 2.50E-16
 6.41E-15 3.25E-15 1.87E-15 1.11E-15 3.01E-15 4.84E-15 3.79E-15 1.56E-15
 6.48E-16 2.49E-16
 7.05E-15 3.37E-15 1.90E-15 1.12E-15 2.90E-15 4.64E-15 3.64E-15 1.50E-15
 6.26E-16 2.41E-16
 1.22E-14 4.26E-15 2.16E-15 1.18E-15 2.50E-15 3.88E-15 3.04E-15 1.27E-15
 5.37E-16 2.10E-16
 3.81E-13 2.80E-14 7.54E-15 2.80E-15 2.67E-15 3.34E-15 2.41E-15 9.54E-16
 3.94E-16 1.52E-16
 2.19E-11 9.98E-13 1.24E-13 2.32E-14 3.95E-15 1.34E-15 5.20E-16 1.56E-16
 6.26E-17 2.53E-17
 2.26E-11 1.06E-12 1.34E-13 2.50E-14 4.05E-15 1.22E-15 3.98E-16 9.59E-17
 3.34E-17 1.17E-17
   260.2 A   8  10 /FILMEM = JL1989C /TYPE = RECOM    /INDM =+1/ISEL =   34
 7.81E+01 7.81E+04 7.81E+07 7.81E+10 7.81E+13 7.81E+16 7.81E+19 7.81E+22
 4.31E+00 1.08E+01 2.15E+01 4.31E+01 1.08E+02 2.15E+02 4.31E+02 1.08E+03
 2.15E+03 4.31E+03
 1.66E-13 8.13E-14 4.55E-14 2.51E-14 3.15E-14 4.27E-14 3.22E-14 1.31E-14
 5.43E-15 2.09E-15
 1.66E-13 8.14E-14 4.55E-14 2.51E-14 3.15E-14 4.27E-14 3.22E-14 1.31E-14
 5.43E-15 2.09E-15
 1.68E-13 8.18E-14 4.56E-14 2.51E-14 3.14E-14 4.27E-14 3.22E-14 1.30E-14
 5.42E-15 2.09E-15
 1.85E-13 8.47E-14 4.64E-14 2.53E-14 3.11E-14 4.21E-14 3.17E-14 1.29E-14
 5.35E-15 2.06E-15
 3.23E-13 1.06E-13 5.13E-14 2.63E-14 2.91E-14 3.83E-14 2.88E-14 1.17E-14
 4.91E-15 1.91E-15
 2.16E-12 1.71E-13 4.82E-14 1.90E-14 1.27E-14 1.40E-14 1.03E-14 4.54E-15
 2.08E-15 8.95E-16
 1.95E-11 6.43E-13 7.06E-14 1.23E-14 1.98E-15 6.33E-16 2.25E-16 6.16E-17
 2.36E-17 9.16E-18
 1.99E-11 6.63E-13 7.23E-14 1.24E-14 1.94E-15 5.85E-16 1.91E-16 4.60E-17
 1.60E-17 5.60E-18
   248.7 A   8  10 /FILMEM = JL1989C /TYPE = RECOM    /INDM =+1/ISEL =   35
 7.81E+01 7.81E+04 7.81E+07 7.81E+10 7.81E+13 7.81E+16 7.81E+19 7.81E+22
 4.31E+00 1.08E+01 2.15E+01 4.31E+01 1.08E+02 2.15E+02 4.31E+02 1.08E+03
 2.15E+03 4.31E+03
 8.28E-13 4.07E-13 2.28E-13 1.26E-13 1.57E-13 2.14E-13 1.61E-13 6.53E-14
 2.71E-14 1.04E-14
 8.30E-13 4.07E-13 2.28E-13 1.26E-13 1.57E-13 2.14E-13 1.61E-13 6.53E-14
 2.71E-14 1.04E-14
 8.41E-13 4.09E-13 2.28E-13 1.26E-13 1.57E-13 2.13E-13 1.61E-13 6.52E-14
 2.71E-14 1.04E-14
 9.26E-13 4.24E-13 2.32E-13 1.26E-13 1.56E-13 2.10E-13 1.59E-13 6.43E-14
 2.68E-14 1.03E-14
 1.62E-12 5.30E-13 2.58E-13 1.33E-13 1.48E-13 1.94E-13 1.45E-13 5.91E-14
 2.47E-14 9.56E-15
 2.87E-11 2.27E-12 6.38E-13 2.69E-13 1.89E-13 1.92E-13 1.33E-13 5.27E-14
 2.20E-14 8.58E-15
 3.84E-10 1.70E-11 2.06E-12 3.77E-13 6.27E-14 2.03E-14 7.28E-15 2.01E-15
 7.71E-16 3.00E-16
 3.93E-10 1.76E-11 2.12E-12 3.81E-13 6.16E-14 1.87E-14 6.14E-15 1.49E-15
 5.19E-16 1.82E-16
   271.9 A   8  10 /FILMEM = JL1989C /TYPE = RECOM    /INDM =+1/ISEL =   36
 7.81E+01 7.81E+04 7.81E+07 7.81E+10 7.81E+13 7.81E+16 7.81E+19 7.81E+22
 4.31E+00 1.08E+01 2.15E+01 4.31E+01 1.08E+02 2.15E+02 4.31E+02 1.08E+03
 2.15E+03 4.31E+03
 3.68E-14 1.89E-14 1.09E-14 6.47E-15 1.77E-14 2.84E-14 2.23E-14 9.15E-15
 3.81E-15 1.46E-15
 3.69E-14 1.89E-14 1.09E-14 6.47E-15 1.77E-14 2.84E-14 2.22E-14 9.14E-15
 3.80E-15 1.46E-15
 3.74E-14 1.90E-14 1.09E-14 6.48E-15 1.76E-14 2.82E-14 2.21E-14 9.09E-15
 3.79E-15 1.46E-15
 4.12E-14 1.97E-14 1.11E-14 6.52E-15 1.70E-14 2.71E-14 2.12E-14 8.76E-15
 3.66E-15 1.41E-15
 6.99E-14 2.46E-14 1.26E-14 7.01E-15 1.49E-14 2.29E-14 1.78E-14 7.38E-15
 3.10E-15 1.20E-15
 1.42E-13 1.45E-14 4.51E-15 1.85E-15 1.99E-15 2.81E-15 2.38E-15 1.18E-15
 5.75E-16 2.60E-16
 4.00E-12 1.58E-13 1.88E-14 3.43E-15 5.74E-16 1.94E-16 7.50E-17 2.24E-17
 9.03E-18 3.65E-18
 4.12E-12 1.67E-13 2.01E-14 3.67E-15 5.86E-16 1.76E-16 5.73E-17 1.38E-17
 4.79E-18 1.68E-18
   267.3 A   8  10 /FILMEM = JL1989C /TYPE = RECOM    /INDM =+1/ISEL =   37
 7.81E+01 7.81E+04 7.81E+07 7.81E+10 7.81E+13 7.81E+16 7.81E+19 7.81E+22
 4.31E+00 1.08E+01 2.15E+01 4.31E+01 1.08E+02 2.15E+02 4.31E+02 1.08E+03
 2.15E+03 4.31E+03
 1.84E-13 9.44E-14 5.45E-14 3.24E-14 8.85E-14 1.42E-13 1.12E-13 4.58E-14
 1.91E-14 7.33E-15
 1.85E-13 9.45E-14 5.45E-14 3.24E-14 8.84E-14 1.42E-13 1.11E-13 4.58E-14
 1.91E-14 7.32E-15
 1.87E-13 9.50E-14 5.47E-14 3.24E-14 8.80E-14 1.41E-13 1.11E-13 4.55E-14
 1.90E-14 7.29E-15
 2.06E-13 9.86E-14 5.57E-14 3.26E-14 8.49E-14 1.36E-13 1.06E-13 4.39E-14
 1.83E-14 7.06E-15
 3.56E-13 1.24E-13 6.30E-14 3.46E-14 7.29E-14 1.12E-13 8.77E-14 3.64E-14
 1.53E-14 5.96E-15
 4.01E-12 3.83E-13 1.14E-13 4.54E-14 4.59E-14 6.04E-14 4.56E-14 1.91E-14
 8.17E-15 3.26E-15
 1.15E-10 5.08E-12 6.28E-13 1.17E-13 2.00E-14 6.81E-15 2.65E-15 7.99E-16
 3.24E-16 1.32E-16
 1.18E-10 5.36E-12 6.73E-13 1.26E-13 2.04E-14 6.14E-15 2.00E-15 4.82E-16
 1.68E-16 5.88E-17
  8434.5 A   8  10 /FILMEM = JL1989C /TYPE = RECOM    /INDM =+1/ISEL =   38
 7.81E+01 7.81E+04 7.81E+07 7.81E+10 7.81E+13 7.81E+16 7.81E+19 7.81E+22
 4.31E+00 1.08E+01 2.15E+01 4.31E+01 1.08E+02 2.15E+02 4.31E+02 1.08E+03
 2.15E+03 4.31E+03
 2.58E-16 1.27E-16 7.09E-17 3.91E-17 4.90E-17 6.66E-17 5.02E-17 2.03E-17
 8.45E-18 3.25E-18
 2.58E-16 1.27E-16 7.09E-17 3.91E-17 4.90E-17 6.66E-17 5.02E-17 2.03E-17
 8.45E-18 3.25E-18
 2.62E-16 1.27E-16 7.11E-17 3.92E-17 4.89E-17 6.65E-17 5.01E-17 2.03E-17
 8.44E-18 3.25E-18
 2.88E-16 1.32E-16 7.22E-17 3.94E-17 4.85E-17 6.55E-17 4.94E-17 2.00E-17
 8.34E-18 3.21E-18
 5.05E-16 1.65E-16 8.02E-17 4.11E-17 4.56E-17 5.99E-17 4.49E-17 1.83E-17
 7.66E-18 2.97E-18
 4.51E-15 4.08E-16 1.22E-16 5.04E-17 3.48E-17 3.81E-17 2.72E-17 1.12E-17
 4.82E-18 1.94E-18
 4.46E-14 1.79E-15 2.11E-16 3.79E-17 6.25E-18 2.01E-18 7.17E-19 1.96E-19
 7.51E-20 2.92E-20
 4.56E-14 1.85E-15 2.16E-16 3.82E-17 6.13E-18 1.86E-18 6.07E-19 1.47E-19
 5.10E-20 1.79E-20
 12202.6 A   8  10 /FILMEM = JL1989C /TYPE = RECOM    /INDM =+1/ISEL =   39
 7.81E+01 7.81E+04 7.81E+07 7.81E+10 7.81E+13 7.81E+16 7.81E+19 7.81E+22
 4.31E+00 1.08E+01 2.15E+01 4.31E+01 1.08E+02 2.15E+02 4.31E+02 1.08E+03
 2.15E+03 4.31E+03
 1.11E-18 5.67E-19 3.28E-19 1.95E-19 5.32E-19 8.56E-19 6.70E-19 2.75E-19
 1.15E-19 4.40E-20
 1.11E-18 5.68E-19 3.28E-19 1.95E-19 5.32E-19 8.55E-19 6.70E-19 2.75E-19
 1.15E-19 4.40E-20
 1.13E-18 5.71E-19 3.29E-19 1.95E-19 5.29E-19 8.50E-19 6.66E-19 2.74E-19
 1.14E-19 4.38E-20
 1.24E-18 5.93E-19 3.35E-19 1.96E-19 5.10E-19 8.16E-19 6.39E-19 2.64E-19
 1.10E-19 4.24E-20
 2.15E-18 7.49E-19 3.79E-19 2.08E-19 4.40E-19 6.82E-19 5.35E-19 2.23E-19
 9.44E-20 3.69E-20
 6.70E-17 4.92E-18 1.32E-18 4.92E-19 4.69E-19 5.87E-19 4.24E-19 1.68E-19
 6.93E-20 2.67E-20
 3.86E-15 1.75E-16 2.18E-17 4.08E-18 6.94E-19 2.36E-19 9.13E-20 2.74E-20
 1.10E-20 4.44E-21
 3.98E-15 1.86E-16 2.35E-17 4.39E-18 7.12E-19 2.15E-19 7.00E-20 1.69E-20
 5.86E-21 2.06E-21
C-----------------------------------------------------------------------
C
C  PHOTON EMISSIVITY COEFFICIENTS:
C
C  SOURCE SPECIFIC ION   FILE:/JETXLE.HELIKE.DATA(JL1989C)
C  SOURCE IONIS. COEFFT. FILE:/JETXLE.IONELEC.DATA(SZD#C)
C  META. ION. COEFF. SELECTOR: 24(1,1)
C                              25(2,1)
C  POPULATION PROCESSING CODE:  ADAS208
C
C  ISEL  WAVELENGTH      TRANSITION            TYPE    METASTABLE  IMET NMET  IP
C  ----  ----------  ------------------------  -----  ------------ ---- ----  --
C   1.      40.7     4(3)1( 4.0)- 1(1)0( 0.0)  EXCIT   1(1)0( 0.0)   1     2
C   2.      40.3     5(1)1( 1.0)- 1(1)0( 0.0)  EXCIT   1(1)0( 0.0)   1     2
C   3.      35.0    11(1)1( 1.0)- 1(1)0( 0.0)  EXCIT   1(1)0( 0.0)   1     2
C   4.    2274.6     4(3)1( 4.0)- 2(3)0( 1.0)  EXCIT   1(1)0( 0.0)   1     2
C   5.     227.2     8(3)1( 4.0)- 2(3)0( 1.0)  EXCIT   1(1)0( 0.0)   1     2
C   6.    3527.7     5(1)1( 1.0)- 3(1)0( 0.0)  EXCIT   1(1)0( 0.0)   1     2
C   7.     247.3    11(1)1( 1.0)- 3(1)0( 0.0)  EXCIT   1(1)0( 0.0)   1     2
C   8.     260.2     6(3)0( 1.0)- 4(3)1( 4.0)  EXCIT   1(1)0( 0.0)   1     2
C   9.     248.7     9(3)2( 7.0)- 4(3)1( 4.0)  EXCIT   1(1)0( 0.0)   1     2
C  10.     271.9     7(1)0( 0.0)- 5(1)1( 1.0)  EXCIT   1(1)0( 0.0)   1     2
C  11.     267.3    10(1)2( 2.0)- 5(1)1( 1.0)  EXCIT   1(1)0( 0.0)   1     2
C  12.    8434.5     8(3)1( 4.0)- 6(3)0( 1.0)  EXCIT   1(1)0( 0.0)   1     2
C  13.   12202.6    11(1)1( 1.0)- 7(1)0( 0.0)  EXCIT   1(1)0( 0.0)   1     2
C  14.      40.7     4(3)1( 4.0)- 1(1)0( 0.0)  EXCIT   2(3)0( 1.0)   2     2
C  15.      40.3     5(1)1( 1.0)- 1(1)0( 0.0)  EXCIT   2(3)0( 1.0)   2     2
C  16.      35.0    11(1)1( 1.0)- 1(1)0( 0.0)  EXCIT   2(3)0( 1.0)   2     2
C  17.    2274.6     4(3)1( 4.0)- 2(3)0( 1.0)  EXCIT   2(3)0( 1.0)   2     2
C  18.     227.2     8(3)1( 4.0)- 2(3)0( 1.0)  EXCIT   2(3)0( 1.0)   2     2
C  19.    3527.7     5(1)1( 1.0)- 3(1)0( 0.0)  EXCIT   2(3)0( 1.0)   2     2
C  20.     247.3    11(1)1( 1.0)- 3(1)0( 0.0)  EXCIT   2(3)0( 1.0)   2     2
C  21.     260.2     6(3)0( 1.0)- 4(3)1( 4.0)  EXCIT   2(3)0( 1.0)   2     2
C  22.     248.7     9(3)2( 7.0)- 4(3)1( 4.0)  EXCIT   2(3)0( 1.0)   2     2
C  23.     271.9     7(1)0( 0.0)- 5(1)1( 1.0)  EXCIT   2(3)0( 1.0)   2     2
C  24.     267.3    10(1)2( 2.0)- 5(1)1( 1.0)  EXCIT   2(3)0( 1.0)   2     2
C  25.    8434.5     8(3)1( 4.0)- 6(3)0( 1.0)  EXCIT   2(3)0( 1.0)   2     2
C  26.   12202.6    11(1)1( 1.0)- 7(1)0( 0.0)  EXCIT   2(3)0( 1.0)   2     2
C  27.      40.7     4(3)1( 4.0)- 1(1)0( 0.0)  RECOM  SEE JL1989C             +1
C  28.      40.3     5(1)1( 1.0)- 1(1)0( 0.0)  RECOM  SEE JL1989C             +1
C  29.      35.0    11(1)1( 1.0)- 1(1)0( 0.0)  RECOM  SEE JL1989C             +1
C  30.    2274.6     4(3)1( 4.0)- 2(3)0( 1.0)  RECOM  SEE JL1989C             +1
C  31.     227.2     8(3)1( 4.0)- 2(3)0( 1.0)  RECOM  SEE JL1989C             +1
C  32.    3527.7     5(1)1( 1.0)- 3(1)0( 0.0)  RECOM  SEE JL1989C             +1
C  33.     247.3    11(1)1( 1.0)- 3(1)0( 0.0)  RECOM  SEE JL1989C             +1
C  34.     260.2     6(3)0( 1.0)- 4(3)1( 4.0)  RECOM  SEE JL1989C             +1
C  35.     248.7     9(3)2( 7.0)- 4(3)1( 4.0)  RECOM  SEE JL1989C             +1
C  36.     271.9     7(1)0( 0.0)- 5(1)1( 1.0)  RECOM  SEE JL1989C             +1
C  37.     267.3    10(1)2( 2.0)- 5(1)1( 1.0)  RECOM  SEE JL1989C             +1
C  38.    8434.5     8(3)1( 4.0)- 6(3)0( 1.0)  RECOM  SEE JL1989C             +1
C  39.   12202.6    11(1)1( 1.0)- 7(1)0( 0.0)  RECOM  SEE JL1989C             +1
C
C   NOTES:  PROCESSED 07/03/93
C
C-------------------------------------------------------------------------------
 
C---------------------------------------------------------------------------------
C ADAS ADF15 DATA - SCCS info: @(#)$Header: /home/adascvs/adas/adf15/pec93#c/pec93#c_pjr#c4.dat,v 2.1 2004/07/07 00:25:15 whitefor Exp $ Date $Date: 2004/07/07 00:25:15 $
C---------------------------------------------------------------------------------
