   74    /HE+ 0 PHOTON EMISSIVITY COEFFICIENTS/
   584.4 A  11   8 /FILMEM = HPSL91HE/TYPE = EXCIT    /INDM = 1/ISEL =    1
 1.00E+11 5.00E+11 1.00E+12 5.00E+12 1.00E+13 5.00E+13 1.00E+14 5.00E+14
 1.00E+15 5.00E+15 1.00E+16
 1.00E+00 2.00E+00 5.00E+00 1.00E+01 2.00E+01 5.00E+01 1.00E+02 2.00E+02
 3.13E-18 1.16E-13 6.97E-11 6.70E-10 2.27E-09 4.96E-09 6.57E-09 7.22E-09
 3.11E-18 1.14E-13 6.85E-11 6.61E-10 2.25E-09 4.94E-09 6.55E-09 7.21E-09
 3.10E-18 1.13E-13 6.78E-11 6.57E-10 2.24E-09 4.93E-09 6.55E-09 7.21E-09
 3.09E-18 1.12E-13 6.69E-11 6.51E-10 2.23E-09 4.94E-09 6.58E-09 7.26E-09
 3.11E-18 1.12E-13 6.69E-11 6.51E-10 2.24E-09 4.96E-09 6.62E-09 7.30E-09
 3.21E-18 1.15E-13 6.72E-11 6.51E-10 2.24E-09 4.98E-09 6.67E-09 7.39E-09
 3.23E-18 1.15E-13 6.70E-11 6.47E-10 2.22E-09 4.96E-09 6.66E-09 7.38E-09
 3.11E-18 1.11E-13 6.45E-11 6.19E-10 2.13E-09 4.78E-09 6.45E-09 7.19E-09
 2.92E-18 1.06E-13 6.21E-11 5.98E-10 2.06E-09 4.65E-09 6.29E-09 7.02E-09
 1.96E-18 7.94E-14 5.13E-11 5.19E-10 1.86E-09 4.32E-09 5.89E-09 6.60E-09
 1.39E-18 6.09E-14 4.31E-11 4.60E-10 1.71E-09 4.12E-09 5.70E-09 6.43E-09
   537.0 A  11   8 /FILMEM = HPSL91HE/TYPE = EXCIT    /INDM = 1/ISEL =    2
 1.00E+11 5.00E+11 1.00E+12 5.00E+12 1.00E+13 5.00E+13 1.00E+14 5.00E+14
 1.00E+15 5.00E+15 1.00E+16
 1.00E+00 2.00E+00 5.00E+00 1.00E+01 2.00E+01 5.00E+01 1.00E+02 2.00E+02
 4.79E-20 5.46E-15 6.48E-12 8.18E-11 3.53E-10 9.64E-10 1.40E-09 1.60E-09
 6.36E-20 6.61E-15 7.27E-12 8.77E-11 3.66E-10 9.79E-10 1.41E-09 1.61E-09
 7.77E-20 7.56E-15 7.88E-12 9.20E-11 3.75E-10 9.91E-10 1.42E-09 1.62E-09
 1.14E-19 9.70E-15 9.03E-12 9.92E-11 3.86E-10 9.93E-10 1.41E-09 1.61E-09
 1.25E-19 1.02E-14 9.28E-12 1.00E-10 3.84E-10 9.77E-10 1.39E-09 1.58E-09
 1.36E-19 1.08E-14 9.61E-12 1.02E-10 3.82E-10 9.42E-10 1.31E-09 1.49E-09
 1.38E-19 1.10E-14 9.83E-12 1.05E-10 3.89E-10 9.46E-10 1.31E-09 1.47E-09
 1.40E-19 1.16E-14 1.08E-11 1.19E-10 4.41E-10 1.04E-09 1.42E-09 1.56E-09
 1.37E-19 1.18E-14 1.13E-11 1.26E-10 4.71E-10 1.12E-09 1.51E-09 1.66E-09
 1.01E-19 9.85E-15 1.07E-11 1.29E-10 5.01E-10 1.22E-09 1.68E-09 1.87E-09
 7.31E-20 7.74E-15 9.26E-12 1.17E-10 4.77E-10 1.21E-09 1.69E-09 1.90E-09
   522.2 A  11   8 /FILMEM = HPSL91HE/TYPE = EXCIT    /INDM = 1/ISEL =    3
 1.00E+11 5.00E+11 1.00E+12 5.00E+12 1.00E+13 5.00E+13 1.00E+14 5.00E+14
 1.00E+15 5.00E+15 1.00E+16
 1.00E+00 2.00E+00 5.00E+00 1.00E+01 2.00E+01 5.00E+01 1.00E+02 2.00E+02
 1.37E-20 1.92E-15 2.72E-12 3.51E-11 1.41E-10 3.67E-10 5.18E-10 5.98E-10
 2.11E-20 2.58E-15 3.18E-12 3.83E-11 1.47E-10 3.72E-10 5.20E-10 5.98E-10
 2.36E-20 2.77E-15 3.29E-12 3.88E-11 1.47E-10 3.68E-10 5.14E-10 5.90E-10
 2.67E-20 3.02E-15 3.39E-12 3.88E-11 1.44E-10 3.51E-10 4.85E-10 5.54E-10
 2.75E-20 3.09E-15 3.43E-12 3.89E-11 1.44E-10 3.48E-10 4.77E-10 5.40E-10
 2.93E-20 3.26E-15 3.57E-12 4.03E-11 1.50E-10 3.63E-10 4.92E-10 5.47E-10
 3.01E-20 3.35E-15 3.67E-12 4.17E-11 1.57E-10 3.79E-10 5.14E-10 5.69E-10
 3.13E-20 3.60E-15 4.10E-12 4.79E-11 1.83E-10 4.40E-10 5.96E-10 6.56E-10
 3.08E-20 3.67E-15 4.29E-12 5.11E-11 1.97E-10 4.74E-10 6.43E-10 7.08E-10
 2.28E-20 3.09E-15 4.09E-12 5.23E-11 2.10E-10 5.22E-10 7.23E-10 8.09E-10
 1.65E-20 2.42E-15 3.53E-12 4.78E-11 2.01E-10 5.17E-10 7.27E-10 8.23E-10
 20584.6 A  11   8 /FILMEM = HPSL91HE/TYPE = EXCIT    /INDM = 1/ISEL =    4
 1.00E+11 5.00E+11 1.00E+12 5.00E+12 1.00E+13 5.00E+13 1.00E+14 5.00E+14
 1.00E+15 5.00E+15 1.00E+16
 1.00E+00 2.00E+00 5.00E+00 1.00E+01 2.00E+01 5.00E+01 1.00E+02 2.00E+02
 3.44E-21 1.28E-16 7.67E-14 7.37E-13 2.49E-12 5.45E-12 7.22E-12 7.94E-12
 3.42E-21 1.26E-16 7.53E-14 7.27E-13 2.47E-12 5.43E-12 7.21E-12 7.93E-12
 3.41E-21 1.25E-16 7.46E-14 7.22E-13 2.46E-12 5.42E-12 7.20E-12 7.94E-12
 3.40E-21 1.23E-16 7.35E-14 7.16E-13 2.46E-12 5.44E-12 7.24E-12 7.98E-12
 3.42E-21 1.24E-16 7.36E-14 7.16E-13 2.46E-12 5.46E-12 7.28E-12 8.03E-12
 3.53E-21 1.26E-16 7.39E-14 7.16E-13 2.46E-12 5.48E-12 7.34E-12 8.12E-12
 3.55E-21 1.26E-16 7.37E-14 7.11E-13 2.44E-12 5.46E-12 7.32E-12 8.12E-12
 3.42E-21 1.22E-16 7.09E-14 6.81E-13 2.34E-12 5.26E-12 7.09E-12 7.91E-12
 3.22E-21 1.17E-16 6.83E-14 6.57E-13 2.27E-12 5.12E-12 6.92E-12 7.73E-12
 2.16E-21 8.73E-17 5.65E-14 5.71E-13 2.04E-12 4.75E-12 6.48E-12 7.26E-12
 1.53E-21 6.70E-17 4.74E-14 5.05E-13 1.89E-12 4.53E-12 6.27E-12 7.07E-12
  5017.1 A  11   8 /FILMEM = HPSL91HE/TYPE = EXCIT    /INDM = 1/ISEL =    5
 1.00E+11 5.00E+11 1.00E+12 5.00E+12 1.00E+13 5.00E+13 1.00E+14 5.00E+14
 1.00E+15 5.00E+15 1.00E+16
 1.00E+00 2.00E+00 5.00E+00 1.00E+01 2.00E+01 5.00E+01 1.00E+02 2.00E+02
 1.13E-21 1.29E-16 1.53E-13 1.94E-12 8.36E-12 2.28E-11 3.31E-11 3.80E-11
 1.51E-21 1.56E-16 1.72E-13 2.08E-12 8.66E-12 2.32E-11 3.33E-11 3.81E-11
 1.84E-21 1.79E-16 1.87E-13 2.18E-12 8.88E-12 2.35E-11 3.36E-11 3.83E-11
 2.71E-21 2.30E-16 2.14E-13 2.35E-12 9.15E-12 2.35E-11 3.34E-11 3.82E-11
 2.95E-21 2.42E-16 2.20E-13 2.37E-12 9.10E-12 2.31E-11 3.28E-11 3.75E-11
 3.21E-21 2.56E-16 2.28E-13 2.42E-12 9.04E-12 2.23E-11 3.11E-11 3.53E-11
 3.26E-21 2.60E-16 2.33E-13 2.48E-12 9.21E-12 2.24E-11 3.10E-11 3.48E-11
 3.31E-21 2.75E-16 2.56E-13 2.81E-12 1.04E-11 2.47E-11 3.35E-11 3.70E-11
 3.25E-21 2.78E-16 2.68E-13 2.99E-12 1.12E-11 2.64E-11 3.58E-11 3.94E-11
 2.39E-21 2.33E-16 2.54E-13 3.04E-12 1.19E-11 2.89E-11 3.97E-11 4.44E-11
 1.73E-21 1.83E-16 2.19E-13 2.78E-12 1.13E-11 2.85E-11 3.99E-11 4.51E-11
  3965.7 A  11   8 /FILMEM = HPSL91HE/TYPE = EXCIT    /INDM = 1/ISEL =    6
 1.00E+11 5.00E+11 1.00E+12 5.00E+12 1.00E+13 5.00E+13 1.00E+14 5.00E+14
 1.00E+15 5.00E+15 1.00E+16
 1.00E+00 2.00E+00 5.00E+00 1.00E+01 2.00E+01 5.00E+01 1.00E+02 2.00E+02
 4.00E-22 5.61E-17 7.92E-14 1.02E-12 4.10E-12 1.07E-11 1.51E-11 1.74E-11
 6.16E-22 7.52E-17 9.26E-14 1.12E-12 4.29E-12 1.08E-11 1.52E-11 1.74E-11
 6.87E-22 8.08E-17 9.58E-14 1.13E-12 4.29E-12 1.07E-11 1.50E-11 1.72E-11
 7.77E-22 8.79E-17 9.89E-14 1.13E-12 4.19E-12 1.02E-11 1.41E-11 1.61E-11
 8.01E-22 8.99E-17 1.00E-13 1.13E-12 4.19E-12 1.01E-11 1.39E-11 1.57E-11
 8.54E-22 9.51E-17 1.04E-13 1.17E-12 4.39E-12 1.06E-11 1.43E-11 1.59E-11
 8.77E-22 9.77E-17 1.07E-13 1.21E-12 4.57E-12 1.10E-11 1.50E-11 1.66E-11
 9.11E-22 1.05E-16 1.19E-13 1.40E-12 5.33E-12 1.28E-11 1.74E-11 1.91E-11
 8.99E-22 1.07E-16 1.25E-13 1.49E-12 5.74E-12 1.38E-11 1.88E-11 2.06E-11
 6.64E-22 8.99E-17 1.19E-13 1.52E-12 6.13E-12 1.52E-11 2.11E-11 2.36E-11
 4.81E-22 7.07E-17 1.03E-13 1.39E-12 5.85E-12 1.51E-11 2.12E-11 2.40E-11
 10831.9 A  11   8 /FILMEM = HPSL91HE/TYPE = EXCIT    /INDM = 1/ISEL =    7
 1.00E+11 5.00E+11 1.00E+12 5.00E+12 1.00E+13 5.00E+13 1.00E+14 5.00E+14
 1.00E+15 5.00E+15 1.00E+16
 1.00E+00 2.00E+00 5.00E+00 1.00E+01 2.00E+01 5.00E+01 1.00E+02 2.00E+02
 2.29E-18 8.34E-14 4.01E-11 2.62E-10 5.12E-10 4.66E-10 2.89E-10 1.47E-10
 2.30E-18 8.56E-14 4.20E-11 2.77E-10 5.45E-10 4.97E-10 3.07E-10 1.56E-10
 2.28E-18 8.55E-14 4.22E-11 2.80E-10 5.53E-10 5.08E-10 3.15E-10 1.60E-10
 2.06E-18 7.68E-14 3.76E-11 2.51E-10 5.03E-10 4.76E-10 3.03E-10 1.57E-10
 1.83E-18 6.68E-14 3.22E-11 2.14E-10 4.33E-10 4.19E-10 2.72E-10 1.44E-10
 9.54E-19 3.25E-14 1.47E-11 9.70E-11 2.01E-10 2.07E-10 1.43E-10 8.16E-11
 5.99E-19 1.98E-14 8.77E-12 5.77E-11 1.20E-10 1.27E-10 8.98E-11 5.28E-11
 1.57E-19 4.94E-15 2.12E-12 1.39E-11 2.94E-11 3.18E-11 2.33E-11 1.43E-11
 8.51E-20 2.63E-15 1.11E-12 7.30E-12 1.54E-11 1.68E-11 1.25E-11 7.70E-12
 2.18E-20 6.46E-16 2.65E-13 1.73E-12 3.68E-12 4.09E-12 3.09E-12 1.95E-12
 1.23E-20 3.63E-16 1.50E-13 9.85E-13 2.13E-12 2.42E-12 1.86E-12 1.18E-12
  3889.7 A  11   8 /FILMEM = HPSL91HE/TYPE = EXCIT    /INDM = 1/ISEL =    8
 1.00E+11 5.00E+11 1.00E+12 5.00E+12 1.00E+13 5.00E+13 1.00E+14 5.00E+14
 1.00E+15 5.00E+15 1.00E+16
 1.00E+00 2.00E+00 5.00E+00 1.00E+01 2.00E+01 5.00E+01 1.00E+02 2.00E+02
 1.05E-19 9.43E-15 6.73E-12 5.21E-11 1.13E-10 1.12E-10 7.23E-11 3.76E-11
 7.67E-20 6.66E-15 4.68E-12 3.69E-11 8.19E-11 8.58E-11 5.79E-11 3.15E-11
 6.25E-20 5.36E-15 3.73E-12 2.95E-11 6.55E-11 6.98E-11 4.80E-11 2.66E-11
 4.32E-20 3.65E-15 2.55E-12 1.99E-11 4.31E-11 4.42E-11 2.97E-11 1.64E-11
 4.13E-20 3.52E-15 2.52E-12 1.96E-11 4.22E-11 4.18E-11 2.73E-11 1.45E-11
 4.24E-20 3.65E-15 2.72E-12 2.14E-11 4.63E-11 4.59E-11 2.96E-11 1.53E-11
 3.94E-20 3.36E-15 2.50E-12 1.96E-11 4.30E-11 4.38E-11 2.89E-11 1.54E-11
 2.04E-20 1.69E-15 1.23E-12 9.64E-12 2.18E-11 2.37E-11 1.68E-11 9.74E-12
 1.27E-20 1.04E-15 7.50E-13 5.85E-12 1.33E-11 1.49E-11 1.08E-11 6.48E-12
 3.51E-21 2.78E-16 1.98E-13 1.54E-12 3.57E-12 4.13E-12 3.13E-12 1.96E-12
 1.94E-21 1.54E-16 1.11E-13 8.71E-13 2.04E-12 2.42E-12 1.87E-12 1.19E-12
  3188.7 A  11   8 /FILMEM = HPSL91HE/TYPE = EXCIT    /INDM = 1/ISEL =    9
 1.00E+11 5.00E+11 1.00E+12 5.00E+12 1.00E+13 5.00E+13 1.00E+14 5.00E+14
 1.00E+15 5.00E+15 1.00E+16
 1.00E+00 2.00E+00 5.00E+00 1.00E+01 2.00E+01 5.00E+01 1.00E+02 2.00E+02
 1.11E-20 1.36E-15 1.19E-12 1.01E-11 2.34E-11 2.53E-11 1.74E-11 9.54E-12
 6.79E-21 8.14E-16 6.87E-13 5.79E-12 1.34E-11 1.48E-11 1.04E-11 5.94E-12
 5.76E-21 6.84E-16 5.73E-13 4.77E-12 1.09E-11 1.17E-11 8.21E-12 4.67E-12
 5.34E-21 6.56E-16 5.76E-13 4.72E-12 1.03E-11 1.01E-11 6.45E-12 3.37E-12
 6.16E-21 7.78E-16 7.09E-13 5.87E-12 1.28E-11 1.21E-11 7.46E-12 3.71E-12
 9.25E-21 1.16E-15 1.09E-12 9.18E-12 2.05E-11 2.02E-11 1.27E-11 6.38E-12
 9.38E-21 1.16E-15 1.07E-12 9.03E-12 2.04E-11 2.09E-11 1.37E-11 7.13E-12
 5.28E-21 6.23E-16 5.62E-13 4.71E-12 1.10E-11 1.22E-11 8.69E-12 5.02E-12
 3.33E-21 3.86E-16 3.45E-13 2.88E-12 6.80E-12 7.73E-12 5.65E-12 3.39E-12
 9.26E-22 1.04E-16 9.16E-14 7.65E-13 1.83E-12 2.16E-12 1.65E-12 1.04E-12
 5.12E-22 5.80E-17 5.13E-14 4.32E-13 1.05E-12 1.27E-12 9.89E-13 6.31E-13
 42955.3 A  11   8 /FILMEM = HPSL91HE/TYPE = EXCIT    /INDM = 1/ISEL =   10
 1.00E+11 5.00E+11 1.00E+12 5.00E+12 1.00E+13 5.00E+13 1.00E+14 5.00E+14
 1.00E+15 5.00E+15 1.00E+16
 1.00E+00 2.00E+00 5.00E+00 1.00E+01 2.00E+01 5.00E+01 1.00E+02 2.00E+02
 1.20E-20 1.07E-15 7.66E-13 5.94E-12 1.28E-11 1.27E-11 8.23E-12 4.28E-12
 8.73E-21 7.59E-16 5.34E-13 4.21E-12 9.33E-12 9.78E-12 6.60E-12 3.58E-12
 7.12E-21 6.11E-16 4.25E-13 3.36E-12 7.46E-12 7.95E-12 5.46E-12 3.03E-12
 4.92E-21 4.16E-16 2.91E-13 2.27E-12 4.91E-12 5.03E-12 3.39E-12 1.86E-12
 4.70E-21 4.01E-16 2.88E-13 2.24E-12 4.80E-12 4.77E-12 3.11E-12 1.65E-12
 4.83E-21 4.16E-16 3.10E-13 2.43E-12 5.27E-12 5.23E-12 3.37E-12 1.75E-12
 4.48E-21 3.83E-16 2.85E-13 2.24E-12 4.90E-12 4.98E-12 3.29E-12 1.75E-12
 2.33E-21 1.92E-16 1.40E-13 1.10E-12 2.48E-12 2.70E-12 1.92E-12 1.11E-12
 1.45E-21 1.18E-16 8.55E-14 6.67E-13 1.52E-12 1.69E-12 1.23E-12 7.38E-13
 3.99E-22 3.17E-17 2.26E-14 1.76E-13 4.06E-13 4.70E-13 3.57E-13 2.24E-13
 2.21E-22 1.76E-17 1.26E-14 9.92E-14 2.33E-13 2.76E-13 2.13E-13 1.36E-13
 12531.3 A  11   8 /FILMEM = HPSL91HE/TYPE = EXCIT    /INDM = 1/ISEL =   11
 1.00E+11 5.00E+11 1.00E+12 5.00E+12 1.00E+13 5.00E+13 1.00E+14 5.00E+14
 1.00E+15 5.00E+15 1.00E+16
 1.00E+00 2.00E+00 5.00E+00 1.00E+01 2.00E+01 5.00E+01 1.00E+02 2.00E+02
 1.33E-21 1.64E-16 1.43E-13 1.22E-12 2.82E-12 3.05E-12 2.09E-12 1.15E-12
 8.17E-22 9.80E-17 8.27E-14 6.98E-13 1.62E-12 1.78E-12 1.25E-12 7.15E-13
 6.93E-22 8.24E-17 6.90E-14 5.74E-13 1.31E-12 1.41E-12 9.88E-13 5.62E-13
 6.43E-22 7.90E-17 6.93E-14 5.69E-13 1.24E-12 1.21E-12 7.76E-13 4.06E-13
 7.42E-22 9.36E-17 8.53E-14 7.07E-13 1.54E-12 1.46E-12 8.98E-13 4.47E-13
 1.11E-21 1.40E-16 1.31E-13 1.10E-12 2.46E-12 2.43E-12 1.53E-12 7.68E-13
 1.13E-21 1.39E-16 1.29E-13 1.09E-12 2.46E-12 2.52E-12 1.65E-12 8.59E-13
 6.36E-22 7.50E-17 6.77E-14 5.67E-13 1.32E-12 1.47E-12 1.05E-12 6.05E-13
 4.01E-22 4.65E-17 4.15E-14 3.47E-13 8.19E-13 9.30E-13 6.81E-13 4.08E-13
 1.12E-22 1.26E-17 1.10E-14 9.21E-14 2.21E-13 2.60E-13 1.99E-13 1.25E-13
 6.17E-23 6.98E-18 6.18E-15 5.21E-14 1.27E-13 1.53E-13 1.19E-13 7.60E-14
 74404.8 A  11   8 /FILMEM = HPSL91HE/TYPE = EXCIT    /INDM = 1/ISEL =   12
 1.00E+11 5.00E+11 1.00E+12 5.00E+12 1.00E+13 5.00E+13 1.00E+14 5.00E+14
 1.00E+15 5.00E+15 1.00E+16
 1.00E+00 2.00E+00 5.00E+00 1.00E+01 2.00E+01 5.00E+01 1.00E+02 2.00E+02
 2.14E-23 2.44E-18 2.90E-15 3.66E-14 1.58E-13 4.31E-13 6.24E-13 7.17E-13
 2.84E-23 2.95E-18 3.25E-15 3.92E-14 1.64E-13 4.38E-13 6.29E-13 7.20E-13
 3.47E-23 3.38E-18 3.52E-15 4.11E-14 1.68E-13 4.43E-13 6.34E-13 7.23E-13
 5.11E-23 4.33E-18 4.04E-15 4.43E-14 1.73E-13 4.44E-13 6.31E-13 7.20E-13
 5.58E-23 4.57E-18 4.15E-15 4.48E-14 1.72E-13 4.37E-13 6.19E-13 7.08E-13
 6.06E-23 4.83E-18 4.30E-15 4.57E-14 1.71E-13 4.21E-13 5.87E-13 6.66E-13
 6.15E-23 4.91E-18 4.39E-15 4.68E-14 1.74E-13 4.23E-13 5.85E-13 6.57E-13
 6.25E-23 5.19E-18 4.84E-15 5.31E-14 1.97E-13 4.67E-13 6.33E-13 6.99E-13
 6.14E-23 5.26E-18 5.06E-15 5.64E-14 2.11E-13 4.99E-13 6.75E-13 7.43E-13
 4.51E-23 4.40E-18 4.80E-15 5.75E-14 2.24E-13 5.45E-13 7.50E-13 8.38E-13
 3.27E-23 3.46E-18 4.14E-15 5.25E-14 2.13E-13 5.39E-13 7.54E-13 8.51E-13
 15087.5 A  11   8 /FILMEM = HPSL91HE/TYPE = EXCIT    /INDM = 1/ISEL =   13
 1.00E+11 5.00E+11 1.00E+12 5.00E+12 1.00E+13 5.00E+13 1.00E+14 5.00E+14
 1.00E+15 5.00E+15 1.00E+16
 1.00E+00 2.00E+00 5.00E+00 1.00E+01 2.00E+01 5.00E+01 1.00E+02 2.00E+02
 7.64E-23 1.07E-17 1.51E-14 1.96E-13 7.84E-13 2.04E-12 2.89E-12 3.33E-12
 1.18E-22 1.44E-17 1.77E-14 2.13E-13 8.20E-13 2.07E-12 2.90E-12 3.33E-12
 1.31E-22 1.54E-17 1.83E-14 2.16E-13 8.19E-13 2.05E-12 2.86E-12 3.28E-12
 1.49E-22 1.68E-17 1.89E-14 2.16E-13 8.01E-13 1.95E-12 2.70E-12 3.08E-12
 1.53E-22 1.72E-17 1.91E-14 2.16E-13 8.01E-13 1.94E-12 2.65E-12 3.01E-12
 1.63E-22 1.82E-17 1.99E-14 2.24E-13 8.38E-13 2.02E-12 2.74E-12 3.04E-12
 1.67E-22 1.87E-17 2.05E-14 2.32E-13 8.74E-13 2.11E-12 2.86E-12 3.17E-12
 1.74E-22 2.01E-17 2.28E-14 2.67E-13 1.02E-12 2.45E-12 3.32E-12 3.65E-12
 1.72E-22 2.04E-17 2.39E-14 2.85E-13 1.10E-12 2.64E-12 3.58E-12 3.94E-12
 1.27E-22 1.72E-17 2.28E-14 2.91E-13 1.17E-12 2.91E-12 4.03E-12 4.51E-12
 9.20E-23 1.35E-17 1.97E-14 2.66E-13 1.12E-12 2.88E-12 4.05E-12 4.59E-12
 21128.2 A  11   8 /FILMEM = HPSL91HE/TYPE = EXCIT    /INDM = 1/ISEL =   14
 1.00E+11 5.00E+11 1.00E+12 5.00E+12 1.00E+13 5.00E+13 1.00E+14 5.00E+14
 1.00E+15 5.00E+15 1.00E+16
 1.00E+00 2.00E+00 5.00E+00 1.00E+01 2.00E+01 5.00E+01 1.00E+02 2.00E+02
 1.45E-20 1.38E-15 8.41E-13 5.96E-12 1.20E-11 1.12E-11 7.06E-12 3.69E-12
 1.01E-20 9.21E-16 5.65E-13 4.13E-12 8.72E-12 8.74E-12 5.84E-12 3.21E-12
 7.66E-21 6.91E-16 4.35E-13 3.24E-12 6.93E-12 7.10E-12 4.85E-12 2.72E-12
 4.07E-21 4.10E-16 3.08E-13 2.41E-12 5.19E-12 5.10E-12 3.33E-12 1.80E-12
 3.79E-21 4.15E-16 3.42E-13 2.75E-12 5.93E-12 5.65E-12 3.54E-12 1.80E-12
 4.65E-21 5.44E-16 4.87E-13 4.04E-12 8.95E-12 8.81E-12 5.57E-12 2.80E-12
 4.62E-21 5.34E-16 4.76E-13 3.95E-12 8.89E-12 9.07E-12 5.93E-12 3.10E-12
 2.57E-21 2.85E-16 2.48E-13 2.05E-12 4.77E-12 5.27E-12 3.75E-12 2.17E-12
 1.61E-21 1.76E-16 1.52E-13 1.26E-12 2.95E-12 3.34E-12 2.44E-12 1.46E-12
 4.48E-22 4.77E-17 4.04E-14 3.33E-13 7.93E-13 9.34E-13 7.12E-13 4.47E-13
 2.48E-22 2.65E-17 2.26E-14 1.88E-13 4.55E-13 5.48E-13 4.27E-13 2.72E-13
186219.7 A  11   8 /FILMEM = HPSL91HE/TYPE = EXCIT    /INDM = 1/ISEL =   15
 1.00E+11 5.00E+11 1.00E+12 5.00E+12 1.00E+13 5.00E+13 1.00E+14 5.00E+14
 1.00E+15 5.00E+15 1.00E+16
 1.00E+00 2.00E+00 5.00E+00 1.00E+01 2.00E+01 5.00E+01 1.00E+02 2.00E+02
 8.37E-24 9.95E-19 9.19E-16 6.88E-15 1.42E-14 1.29E-14 7.87E-15 3.90E-15
 1.78E-23 1.92E-18 1.59E-15 1.19E-14 2.40E-14 2.09E-14 1.22E-14 5.73E-15
 2.46E-23 2.56E-18 2.05E-15 1.54E-14 3.13E-14 2.75E-14 1.60E-14 7.46E-15
 4.81E-23 4.63E-18 3.58E-15 2.76E-14 5.73E-14 5.21E-14 3.10E-14 1.47E-14
 6.09E-23 5.73E-18 4.43E-15 3.46E-14 7.26E-14 6.72E-14 4.06E-14 1.95E-14
 8.28E-23 7.50E-18 5.79E-15 4.57E-14 9.91E-14 9.72E-14 6.19E-14 3.15E-14
 7.96E-23 7.09E-18 5.43E-15 4.29E-14 9.41E-14 9.54E-14 6.26E-14 3.30E-14
 4.23E-23 3.63E-18 2.71E-15 2.13E-14 4.83E-14 5.27E-14 3.74E-14 2.16E-14
 2.65E-23 2.24E-18 1.65E-15 1.30E-14 2.97E-14 3.31E-14 2.41E-14 1.44E-14
 7.32E-24 6.02E-19 4.37E-16 3.43E-15 7.95E-15 9.22E-15 7.00E-15 4.39E-15
 4.05E-24 3.34E-19 2.45E-16 1.94E-15 4.56E-15 5.41E-15 4.19E-15 2.67E-15
 17006.8 A  11   8 /FILMEM = HPSL91HE/TYPE = EXCIT    /INDM = 1/ISEL =   16
 1.00E+11 5.00E+11 1.00E+12 5.00E+12 1.00E+13 5.00E+13 1.00E+14 5.00E+14
 1.00E+15 5.00E+15 1.00E+16
 1.00E+00 2.00E+00 5.00E+00 1.00E+01 2.00E+01 5.00E+01 1.00E+02 2.00E+02
 3.29E-21 4.79E-16 4.87E-13 3.94E-12 8.45E-12 7.87E-12 4.76E-12 2.31E-12
 5.50E-21 7.28E-16 6.64E-13 5.36E-12 1.16E-11 1.11E-11 6.82E-12 3.37E-12
 6.64E-21 8.50E-16 7.53E-13 6.06E-12 1.31E-11 1.25E-11 7.77E-12 3.88E-12
 9.93E-21 1.27E-15 1.14E-12 9.31E-12 2.00E-11 1.88E-11 1.14E-11 5.59E-12
 1.24E-20 1.61E-15 1.49E-12 1.24E-11 2.67E-11 2.49E-11 1.50E-11 7.21E-12
 1.97E-20 2.52E-15 2.38E-12 2.01E-11 4.48E-11 4.41E-11 2.78E-11 1.39E-11
 2.00E-20 2.51E-15 2.35E-12 1.98E-11 4.48E-11 4.59E-11 3.00E-11 1.56E-11
 1.13E-20 1.35E-15 1.23E-12 1.03E-11 2.42E-11 2.68E-11 1.91E-11 1.11E-11
 7.13E-21 8.38E-16 7.56E-13 6.34E-12 1.50E-11 1.70E-11 1.24E-11 7.45E-12
 1.98E-21 2.27E-16 2.01E-13 1.68E-12 4.03E-12 4.76E-12 3.64E-12 2.29E-12
 1.10E-21 1.26E-16 1.12E-13 9.50E-13 2.31E-12 2.80E-12 2.18E-12 1.39E-12
 19550.3 A  11   8 /FILMEM = HPSL91HE/TYPE = EXCIT    /INDM = 1/ISEL =   17
 1.00E+11 5.00E+11 1.00E+12 5.00E+12 1.00E+13 5.00E+13 1.00E+14 5.00E+14
 1.00E+15 5.00E+15 1.00E+16
 1.00E+00 2.00E+00 5.00E+00 1.00E+01 2.00E+01 5.00E+01 1.00E+02 2.00E+02
 1.31E-21 1.61E-16 1.40E-13 1.19E-12 2.77E-12 2.99E-12 2.05E-12 1.13E-12
 8.03E-22 9.62E-17 8.12E-14 6.85E-13 1.59E-12 1.74E-12 1.23E-12 7.02E-13
 6.81E-22 8.09E-17 6.77E-14 5.63E-13 1.29E-12 1.39E-12 9.70E-13 5.52E-13
 6.32E-22 7.76E-17 6.81E-14 5.58E-13 1.22E-12 1.19E-12 7.62E-13 3.99E-13
 7.29E-22 9.19E-17 8.38E-14 6.94E-13 1.51E-12 1.43E-12 8.82E-13 4.39E-13
 1.09E-21 1.38E-16 1.29E-13 1.08E-12 2.42E-12 2.39E-12 1.50E-12 7.54E-13
 1.11E-21 1.37E-16 1.27E-13 1.07E-12 2.41E-12 2.47E-12 1.62E-12 8.43E-13
 6.25E-22 7.36E-17 6.64E-14 5.57E-13 1.30E-12 1.44E-12 1.03E-12 5.94E-13
 3.94E-22 4.56E-17 4.08E-14 3.41E-13 8.04E-13 9.13E-13 6.68E-13 4.00E-13
 1.09E-22 1.23E-17 1.08E-14 9.04E-14 2.17E-13 2.56E-13 1.95E-13 1.23E-13
 6.06E-23 6.85E-18 6.06E-15 5.11E-14 1.24E-13 1.50E-13 1.17E-13 7.46E-14
 18688.1 A  11   8 /FILMEM = HPSL91HE/TYPE = EXCIT    /INDM = 1/ISEL =   18
 1.00E+11 5.00E+11 1.00E+12 5.00E+12 1.00E+13 5.00E+13 1.00E+14 5.00E+14
 1.00E+15 5.00E+15 1.00E+16
 1.00E+00 2.00E+00 5.00E+00 1.00E+01 2.00E+01 5.00E+01 1.00E+02 2.00E+02
 4.12E-21 5.31E-16 4.41E-13 2.98E-12 5.21E-12 3.56E-12 1.67E-12 6.27E-13
 1.26E-20 1.60E-15 1.35E-12 1.00E-11 1.95E-11 1.55E-11 8.11E-12 3.32E-12
 1.71E-20 2.14E-15 1.82E-12 1.40E-11 2.83E-11 2.40E-11 1.33E-11 5.76E-12
 2.83E-20 3.61E-15 3.24E-12 2.63E-11 5.62E-11 5.13E-11 3.03E-11 1.42E-11
 3.58E-20 4.65E-15 4.32E-12 3.57E-11 7.72E-11 7.13E-11 4.25E-11 2.01E-11
 5.72E-20 7.32E-15 6.93E-12 5.85E-11 1.31E-10 1.29E-10 8.11E-11 4.04E-11
 5.83E-20 7.30E-15 6.83E-12 5.77E-11 1.31E-10 1.34E-10 8.75E-11 4.56E-11
 3.29E-20 3.94E-15 3.58E-12 3.01E-11 7.05E-11 7.82E-11 5.57E-11 3.22E-11
 2.08E-20 2.44E-15 2.20E-12 1.85E-11 4.36E-11 4.95E-11 3.62E-11 2.17E-11
 5.77E-21 6.60E-16 5.85E-13 4.89E-12 1.17E-11 1.39E-11 1.06E-11 6.66E-12
 3.19E-21 3.67E-16 3.27E-13 2.77E-12 6.73E-12 8.14E-12 6.35E-12 4.05E-12
961538.5 A  11   8 /FILMEM = HPSL91HE/TYPE = EXCIT    /INDM = 1/ISEL =   19
 1.00E+11 5.00E+11 1.00E+12 5.00E+12 1.00E+13 5.00E+13 1.00E+14 5.00E+14
 1.00E+15 5.00E+15 1.00E+16
 1.00E+00 2.00E+00 5.00E+00 1.00E+01 2.00E+01 5.00E+01 1.00E+02 2.00E+02
 1.42E-26 1.62E-21 1.92E-18 2.43E-17 1.05E-16 2.86E-16 4.14E-16 4.76E-16
 1.89E-26 1.96E-21 2.16E-18 2.60E-17 1.09E-16 2.91E-16 4.18E-16 4.78E-16
 2.31E-26 2.24E-21 2.34E-18 2.73E-17 1.11E-16 2.94E-16 4.21E-16 4.80E-16
 3.39E-26 2.88E-21 2.68E-18 2.94E-17 1.15E-16 2.95E-16 4.19E-16 4.78E-16
 3.70E-26 3.04E-21 2.75E-18 2.97E-17 1.14E-16 2.90E-16 4.11E-16 4.70E-16
 4.03E-26 3.21E-21 2.85E-18 3.03E-17 1.13E-16 2.79E-16 3.90E-16 4.42E-16
 4.08E-26 3.26E-21 2.92E-18 3.11E-17 1.16E-16 2.81E-16 3.88E-16 4.37E-16
 4.15E-26 3.44E-21 3.21E-18 3.52E-17 1.31E-16 3.10E-16 4.21E-16 4.64E-16
 4.07E-26 3.49E-21 3.36E-18 3.75E-17 1.40E-16 3.31E-16 4.48E-16 4.93E-16
 2.99E-26 2.92E-21 3.19E-18 3.82E-17 1.49E-16 3.62E-16 4.98E-16 5.56E-16
 2.17E-26 2.30E-21 2.75E-18 3.48E-17 1.42E-16 3.58E-16 5.00E-16 5.65E-16
 18698.6 A  11   8 /FILMEM = HPSL91HE/TYPE = EXCIT    /INDM = 1/ISEL =   20
 1.00E+11 5.00E+11 1.00E+12 5.00E+12 1.00E+13 5.00E+13 1.00E+14 5.00E+14
 1.00E+15 5.00E+15 1.00E+16
 1.00E+00 2.00E+00 5.00E+00 1.00E+01 2.00E+01 5.00E+01 1.00E+02 2.00E+02
 2.78E-21 2.41E-16 1.74E-13 1.34E-12 3.24E-12 4.06E-12 3.23E-12 2.13E-12
 3.61E-21 3.58E-16 3.21E-13 2.96E-12 8.54E-12 1.37E-11 1.29E-11 9.89E-12
 3.65E-21 3.80E-16 3.67E-13 3.62E-12 1.13E-11 2.02E-11 2.10E-11 1.75E-11
 3.67E-21 4.03E-16 4.28E-13 4.63E-12 1.61E-11 3.50E-11 4.30E-11 4.27E-11
 3.71E-21 4.10E-16 4.41E-13 4.86E-12 1.74E-11 3.93E-11 5.03E-11 5.22E-11
 3.88E-21 4.30E-16 4.67E-13 5.24E-12 1.95E-11 4.64E-11 6.22E-11 6.76E-11
 3.97E-21 4.41E-16 4.81E-13 5.45E-12 2.05E-11 4.92E-11 6.65E-11 7.28E-11
 4.11E-21 4.73E-16 5.37E-13 6.28E-12 2.40E-11 5.76E-11 7.82E-11 8.59E-11
 4.06E-21 4.81E-16 5.63E-13 6.70E-12 2.58E-11 6.21E-11 8.43E-11 9.28E-11
 3.00E-21 4.05E-16 5.36E-13 6.85E-12 2.75E-11 6.84E-11 9.47E-11 1.06E-10
 2.17E-21 3.18E-16 4.63E-13 6.25E-12 2.63E-11 6.76E-11 9.52E-11 1.08E-10
 18559.8 A  11   8 /FILMEM = HPSL91HE/TYPE = EXCIT    /INDM = 1/ISEL =   21
 1.00E+11 5.00E+11 1.00E+12 5.00E+12 1.00E+13 5.00E+13 1.00E+14 5.00E+14
 1.00E+15 5.00E+15 1.00E+16
 1.00E+00 2.00E+00 5.00E+00 1.00E+01 2.00E+01 5.00E+01 1.00E+02 2.00E+02
 1.54E-23 2.17E-18 3.06E-15 3.96E-14 1.59E-13 4.13E-13 5.84E-13 6.73E-13
 2.38E-23 2.91E-18 3.58E-15 4.31E-14 1.66E-13 4.18E-13 5.86E-13 6.73E-13
 2.65E-23 3.12E-18 3.70E-15 4.37E-14 1.66E-13 4.14E-13 5.78E-13 6.64E-13
 3.00E-23 3.40E-18 3.82E-15 4.37E-14 1.62E-13 3.95E-13 5.46E-13 6.23E-13
 3.09E-23 3.47E-18 3.86E-15 4.38E-14 1.62E-13 3.91E-13 5.37E-13 6.08E-13
 3.30E-23 3.68E-18 4.02E-15 4.54E-14 1.69E-13 4.08E-13 5.54E-13 6.15E-13
 3.39E-23 3.78E-18 4.14E-15 4.69E-14 1.77E-13 4.26E-13 5.79E-13 6.40E-13
 3.52E-23 4.06E-18 4.61E-15 5.39E-14 2.06E-13 4.95E-13 6.72E-13 7.39E-13
 3.47E-23 4.13E-18 4.84E-15 5.76E-14 2.22E-13 5.33E-13 7.25E-13 7.98E-13
 2.56E-23 3.47E-18 4.61E-15 5.89E-14 2.37E-13 5.88E-13 8.14E-13 9.11E-13
 1.86E-23 2.73E-18 3.98E-15 5.38E-14 2.26E-13 5.82E-13 8.19E-13 9.27E-13
 21132.7 A  11   8 /FILMEM = HPSL91HE/TYPE = EXCIT    /INDM = 1/ISEL =   22
 1.00E+11 5.00E+11 1.00E+12 5.00E+12 1.00E+13 5.00E+13 1.00E+14 5.00E+14
 1.00E+15 5.00E+15 1.00E+16
 1.00E+00 2.00E+00 5.00E+00 1.00E+01 2.00E+01 5.00E+01 1.00E+02 2.00E+02
 4.18E-21 3.86E-16 3.19E-13 2.78E-12 7.92E-12 1.43E-11 1.68E-11 1.70E-11
 1.89E-21 1.64E-16 1.34E-13 1.21E-12 3.69E-12 7.45E-12 9.61E-12 1.06E-11
 1.18E-21 1.02E-16 8.48E-14 7.88E-13 2.50E-12 5.30E-12 7.05E-12 8.00E-12
 4.14E-22 3.83E-17 3.57E-14 3.64E-13 1.26E-12 2.89E-12 3.96E-12 4.56E-12
 3.04E-22 2.95E-17 2.89E-14 3.05E-13 1.08E-12 2.53E-12 3.46E-12 3.95E-12
 2.20E-22 2.30E-17 2.40E-14 2.65E-13 9.77E-13 2.34E-12 3.17E-12 3.53E-12
 2.13E-22 2.26E-17 2.39E-14 2.67E-13 9.98E-13 2.40E-12 3.26E-12 3.61E-12
 2.11E-22 2.34E-17 2.60E-14 3.01E-13 1.15E-12 2.75E-12 3.72E-12 4.10E-12
 2.07E-22 2.37E-17 2.72E-14 3.21E-13 1.23E-12 2.95E-12 4.01E-12 4.41E-12
 1.52E-22 1.99E-17 2.58E-14 3.28E-13 1.31E-12 3.25E-12 4.50E-12 5.03E-12
 1.10E-22 1.56E-17 2.23E-14 2.99E-13 1.25E-12 3.22E-12 4.52E-12 5.12E-12
 19091.3 A  11   8 /FILMEM = HPSL91HE/TYPE = EXCIT    /INDM = 1/ISEL =   23
 1.00E+11 5.00E+11 1.00E+12 5.00E+12 1.00E+13 5.00E+13 1.00E+14 5.00E+14
 1.00E+15 5.00E+15 1.00E+16
 1.00E+00 2.00E+00 5.00E+00 1.00E+01 2.00E+01 5.00E+01 1.00E+02 2.00E+02
 2.43E-21 2.40E-16 2.15E-13 2.00E-12 6.02E-12 1.04E-11 1.08E-11 9.28E-12
 1.68E-21 1.76E-16 1.73E-13 1.75E-12 5.71E-12 1.11E-11 1.26E-11 1.18E-11
 1.52E-21 1.63E-16 1.67E-13 1.74E-12 5.87E-12 1.21E-11 1.43E-11 1.39E-11
 1.38E-21 1.52E-16 1.65E-13 1.81E-12 6.47E-12 1.47E-11 1.89E-11 1.99E-11
 1.38E-21 1.53E-16 1.66E-13 1.84E-12 6.68E-12 1.55E-11 2.04E-11 2.19E-11
 1.43E-21 1.59E-16 1.72E-13 1.94E-12 7.22E-12 1.73E-11 2.32E-11 2.55E-11
 1.46E-21 1.63E-16 1.77E-13 2.01E-12 7.55E-12 1.82E-11 2.46E-11 2.71E-11
 1.52E-21 1.74E-16 1.98E-13 2.31E-12 8.82E-12 2.12E-11 2.87E-11 3.16E-11
 1.49E-21 1.77E-16 2.07E-13 2.47E-12 9.49E-12 2.28E-11 3.10E-11 3.41E-11
 1.10E-21 1.49E-16 1.97E-13 2.52E-12 1.01E-11 2.52E-11 3.48E-11 3.90E-11
 8.00E-22 1.17E-16 1.70E-13 2.30E-12 9.67E-12 2.49E-11 3.50E-11 3.97E-11
108813.9 A  11   8 /FILMEM = HPSL91HE/TYPE = EXCIT    /INDM = 1/ISEL =   24
 1.00E+11 5.00E+11 1.00E+12 5.00E+12 1.00E+13 5.00E+13 1.00E+14 5.00E+14
 1.00E+15 5.00E+15 1.00E+16
 1.00E+00 2.00E+00 5.00E+00 1.00E+01 2.00E+01 5.00E+01 1.00E+02 2.00E+02
 4.98E-22 6.11E-17 5.33E-14 4.54E-13 1.05E-12 1.14E-12 7.81E-13 4.29E-13
 3.05E-22 3.66E-17 3.09E-14 2.60E-13 6.03E-13 6.63E-13 4.68E-13 2.67E-13
 2.59E-22 3.08E-17 2.58E-14 2.14E-13 4.89E-13 5.28E-13 3.69E-13 2.10E-13
 2.40E-22 2.95E-17 2.59E-14 2.12E-13 4.64E-13 4.53E-13 2.90E-13 1.52E-13
 2.77E-22 3.50E-17 3.19E-14 2.64E-13 5.74E-13 5.44E-13 3.35E-13 1.67E-13
 4.16E-22 5.24E-17 4.90E-14 4.13E-13 9.19E-13 9.07E-13 5.72E-13 2.87E-13
 4.22E-22 5.20E-17 4.82E-14 4.06E-13 9.18E-13 9.40E-13 6.15E-13 3.21E-13
 2.38E-22 2.80E-17 2.53E-14 2.12E-13 4.95E-13 5.48E-13 3.90E-13 2.26E-13
 1.50E-22 1.74E-17 1.55E-14 1.30E-13 3.06E-13 3.47E-13 2.54E-13 1.52E-13
 4.16E-23 4.69E-18 4.12E-15 3.44E-14 8.23E-14 9.72E-14 7.43E-14 4.67E-14
 2.30E-23 2.61E-18 2.31E-15 1.94E-14 4.72E-14 5.71E-14 4.45E-14 2.84E-14
438596.5 A  11   8 /FILMEM = HPSL91HE/TYPE = EXCIT    /INDM = 1/ISEL =   25
 1.00E+11 5.00E+11 1.00E+12 5.00E+12 1.00E+13 5.00E+13 1.00E+14 5.00E+14
 1.00E+15 5.00E+15 1.00E+16
 1.00E+00 2.00E+00 5.00E+00 1.00E+01 2.00E+01 5.00E+01 1.00E+02 2.00E+02
 2.05E-32 2.98E-27 3.02E-24 2.44E-23 5.25E-23 4.89E-23 2.96E-23 1.44E-23
 3.41E-32 4.52E-27 4.13E-24 3.33E-23 7.20E-23 6.87E-23 4.24E-23 2.09E-23
 4.12E-32 5.28E-27 4.68E-24 3.76E-23 8.12E-23 7.77E-23 4.83E-23 2.41E-23
 6.17E-32 7.86E-27 7.08E-24 5.78E-23 1.25E-22 1.17E-22 7.09E-23 3.47E-23
 7.71E-32 9.98E-27 9.26E-24 7.67E-23 1.66E-22 1.55E-22 9.31E-23 4.48E-23
 1.22E-31 1.56E-26 1.48E-23 1.25E-22 2.78E-22 2.74E-22 1.73E-22 8.61E-23
 1.24E-31 1.56E-26 1.46E-23 1.23E-22 2.78E-22 2.85E-22 1.86E-22 9.71E-23
 7.03E-32 8.40E-27 7.65E-24 6.43E-23 1.50E-22 1.67E-22 1.19E-22 6.87E-23
 4.43E-32 5.21E-27 4.69E-24 3.94E-23 9.29E-23 1.06E-22 7.73E-23 4.63E-23
 1.23E-32 1.41E-27 1.25E-24 1.04E-23 2.50E-23 2.96E-23 2.26E-23 1.42E-23
 6.82E-33 7.82E-28 6.98E-25 5.90E-24 1.44E-23 1.74E-23 1.35E-23 8.64E-24
******** A  11   8 /FILMEM = HPSL91HE/TYPE = EXCIT    /INDM = 1/ISEL =   26
 1.00E+11 5.00E+11 1.00E+12 5.00E+12 1.00E+13 5.00E+13 1.00E+14 5.00E+14
 1.00E+15 5.00E+15 1.00E+16
 1.00E+00 2.00E+00 5.00E+00 1.00E+01 2.00E+01 5.00E+01 1.00E+02 2.00E+02
 2.42E-37 3.11E-32 2.59E-29 1.75E-28 3.06E-28 2.09E-28 9.82E-29 3.68E-29
 7.41E-37 9.39E-32 7.92E-29 5.88E-28 1.15E-27 9.10E-28 4.76E-28 1.95E-28
 1.00E-36 1.25E-31 1.07E-28 8.19E-28 1.66E-27 1.41E-27 7.79E-28 3.38E-28
 1.66E-36 2.11E-31 1.90E-28 1.54E-27 3.29E-27 3.01E-27 1.78E-27 8.35E-28
 2.10E-36 2.72E-31 2.53E-28 2.10E-27 4.53E-27 4.18E-27 2.49E-27 1.18E-27
 3.35E-36 4.29E-31 4.06E-28 3.43E-27 7.66E-27 7.55E-27 4.75E-27 2.37E-27
 3.42E-36 4.28E-31 4.01E-28 3.38E-27 7.66E-27 7.85E-27 5.13E-27 2.67E-27
 1.93E-36 2.31E-31 2.10E-28 1.77E-27 4.13E-27 4.59E-27 3.26E-27 1.89E-27
 1.22E-36 1.43E-31 1.29E-28 1.08E-27 2.55E-27 2.90E-27 2.13E-27 1.27E-27
 3.38E-37 3.87E-32 3.43E-29 2.87E-28 6.88E-28 8.13E-28 6.21E-28 3.90E-28
 1.87E-37 2.15E-32 1.92E-29 1.62E-28 3.95E-28 4.77E-28 3.72E-28 2.37E-28
181159.4 A  11   8 /FILMEM = HPSL91HE/TYPE = EXCIT    /INDM = 1/ISEL =   27
 1.00E+11 5.00E+11 1.00E+12 5.00E+12 1.00E+13 5.00E+13 1.00E+14 5.00E+14
 1.00E+15 5.00E+15 1.00E+16
 1.00E+00 2.00E+00 5.00E+00 1.00E+01 2.00E+01 5.00E+01 1.00E+02 2.00E+02
 3.23E-32 4.53E-27 6.40E-24 8.27E-23 3.31E-22 8.63E-22 1.22E-21 1.41E-21
 4.98E-32 6.08E-27 7.48E-24 9.02E-23 3.47E-22 8.75E-22 1.22E-21 1.41E-21
 5.55E-32 6.53E-27 7.73E-24 9.13E-23 3.46E-22 8.65E-22 1.21E-21 1.39E-21
 6.28E-32 7.10E-27 7.99E-24 9.13E-23 3.39E-22 8.26E-22 1.14E-21 1.30E-21
 6.47E-32 7.26E-27 8.07E-24 9.15E-23 3.38E-22 8.18E-22 1.12E-21 1.27E-21
 6.90E-32 7.68E-27 8.40E-24 9.48E-23 3.54E-22 8.53E-22 1.16E-21 1.29E-21
 7.08E-32 7.89E-27 8.65E-24 9.81E-23 3.69E-22 8.91E-22 1.21E-21 1.34E-21
 7.36E-32 8.48E-27 9.64E-24 1.13E-22 4.31E-22 1.04E-21 1.40E-21 1.54E-21
 7.26E-32 8.63E-27 1.01E-23 1.20E-22 4.63E-22 1.11E-21 1.51E-21 1.67E-21
 5.36E-32 7.26E-27 9.63E-24 1.23E-22 4.95E-22 1.23E-21 1.70E-21 1.90E-21
 3.89E-32 5.71E-27 8.31E-24 1.12E-22 4.72E-22 1.22E-21 1.71E-21 1.94E-21
******** A  11   8 /FILMEM = HPSL91HE/TYPE = EXCIT    /INDM = 1/ISEL =   28
 1.00E+11 5.00E+11 1.00E+12 5.00E+12 1.00E+13 5.00E+13 1.00E+14 5.00E+14
 1.00E+15 5.00E+15 1.00E+16
 1.00E+00 2.00E+00 5.00E+00 1.00E+01 2.00E+01 5.00E+01 1.00E+02 2.00E+02
 3.18E-35 4.46E-30 6.30E-27 8.14E-26 3.26E-25 8.49E-25 1.20E-24 1.39E-24
 4.90E-35 5.98E-30 7.36E-27 8.88E-26 3.41E-25 8.61E-25 1.21E-24 1.38E-24
 5.46E-35 6.43E-30 7.61E-27 8.98E-26 3.41E-25 8.52E-25 1.19E-24 1.37E-24
 6.18E-35 6.99E-30 7.87E-27 8.98E-26 3.33E-25 8.13E-25 1.12E-24 1.28E-24
 6.37E-35 7.15E-30 7.95E-27 9.00E-26 3.33E-25 8.05E-25 1.10E-24 1.25E-24
 6.79E-35 7.56E-30 8.27E-27 9.33E-26 3.49E-25 8.40E-25 1.14E-24 1.27E-24
 6.97E-35 7.77E-30 8.51E-27 9.66E-26 3.63E-25 8.77E-25 1.19E-24 1.32E-24
 7.24E-35 8.35E-30 9.49E-27 1.11E-25 4.24E-25 1.02E-24 1.38E-24 1.52E-24
 7.14E-35 8.49E-30 9.95E-27 1.18E-25 4.56E-25 1.10E-24 1.49E-24 1.64E-24
 5.28E-35 7.15E-30 9.48E-27 1.21E-25 4.87E-25 1.21E-24 1.67E-24 1.87E-24
 3.83E-35 5.62E-30 8.18E-27 1.11E-25 4.65E-25 1.20E-24 1.68E-24 1.91E-24
******** A  11   8 /FILMEM = HPSL91HE/TYPE = EXCIT    /INDM = 1/ISEL =   29
 1.00E+11 5.00E+11 1.00E+12 5.00E+12 1.00E+13 5.00E+13 1.00E+14 5.00E+14
 1.00E+15 5.00E+15 1.00E+16
 1.00E+00 2.00E+00 5.00E+00 1.00E+01 2.00E+01 5.00E+01 1.00E+02 2.00E+02
 7.32E-38 6.34E-33 4.57E-30 3.54E-29 8.53E-29 1.07E-28 8.49E-29 5.60E-29
 9.49E-38 9.42E-33 8.44E-30 7.78E-29 2.25E-28 3.59E-28 3.40E-28 2.60E-28
 9.60E-38 9.98E-33 9.67E-30 9.53E-29 2.96E-28 5.32E-28 5.53E-28 4.61E-28
 9.65E-38 1.06E-32 1.13E-29 1.22E-28 4.24E-28 9.20E-28 1.13E-27 1.12E-27
 9.75E-38 1.08E-32 1.16E-29 1.28E-28 4.57E-28 1.03E-27 1.32E-27 1.37E-27
 1.02E-37 1.13E-32 1.23E-29 1.38E-28 5.13E-28 1.22E-27 1.64E-27 1.78E-27
 1.04E-37 1.16E-32 1.27E-29 1.43E-28 5.39E-28 1.29E-27 1.75E-27 1.92E-27
 1.08E-37 1.24E-32 1.41E-29 1.65E-28 6.31E-28 1.52E-27 2.06E-27 2.26E-27
 1.07E-37 1.27E-32 1.48E-29 1.76E-28 6.79E-28 1.63E-27 2.22E-27 2.44E-27
 7.88E-38 1.06E-32 1.41E-29 1.80E-28 7.24E-28 1.80E-27 2.49E-27 2.79E-27
 5.71E-38 8.37E-33 1.22E-29 1.65E-28 6.91E-28 1.78E-27 2.50E-27 2.84E-27
  7067.6 A  11   8 /FILMEM = HPSL91HE/TYPE = EXCIT    /INDM = 1/ISEL =   30
 1.00E+11 5.00E+11 1.00E+12 5.00E+12 1.00E+13 5.00E+13 1.00E+14 5.00E+14
 1.00E+15 5.00E+15 1.00E+16
 1.00E+00 2.00E+00 5.00E+00 1.00E+01 2.00E+01 5.00E+01 1.00E+02 2.00E+02
 2.49E-19 1.59E-14 7.61E-12 4.95E-11 9.44E-11 8.46E-11 5.25E-11 2.72E-11
 2.34E-19 1.46E-14 6.98E-12 4.58E-11 8.86E-11 8.12E-11 5.10E-11 2.66E-11
 2.19E-19 1.34E-14 6.36E-12 4.20E-11 8.23E-11 7.68E-11 4.89E-11 2.58E-11
 1.53E-19 8.92E-15 4.41E-12 3.01E-11 6.09E-11 5.90E-11 3.88E-11 2.11E-11
 1.21E-19 7.20E-15 3.82E-12 2.68E-11 5.51E-11 5.34E-11 3.49E-11 1.88E-11
 7.51E-20 5.02E-15 3.16E-12 2.36E-11 5.00E-11 4.93E-11 3.21E-11 1.69E-11
 6.14E-20 4.25E-15 2.76E-12 2.07E-11 4.47E-11 4.52E-11 3.00E-11 1.61E-11
 2.83E-20 1.98E-15 1.30E-12 9.83E-12 2.18E-11 2.36E-11 1.67E-11 9.70E-12
 1.73E-20 1.20E-15 7.86E-13 5.94E-12 1.33E-11 1.47E-11 1.07E-11 6.40E-12
 4.69E-21 3.19E-16 2.06E-13 1.56E-12 3.55E-12 4.07E-12 3.08E-12 1.93E-12
 2.58E-21 1.77E-16 1.15E-13 8.79E-13 2.03E-12 2.38E-12 1.84E-12 1.17E-12
  5877.5 A  11   8 /FILMEM = HPSL91HE/TYPE = EXCIT    /INDM = 1/ISEL =   31
 1.00E+11 5.00E+11 1.00E+12 5.00E+12 1.00E+13 5.00E+13 1.00E+14 5.00E+14
 1.00E+15 5.00E+15 1.00E+16
 1.00E+00 2.00E+00 5.00E+00 1.00E+01 2.00E+01 5.00E+01 1.00E+02 2.00E+02
 4.63E-20 5.50E-15 5.08E-12 3.81E-11 7.84E-11 7.14E-11 4.35E-11 2.16E-11
 9.87E-20 1.06E-14 8.82E-12 6.57E-11 1.33E-10 1.16E-10 6.74E-11 3.17E-11
 1.36E-19 1.41E-14 1.14E-11 8.52E-11 1.73E-10 1.52E-10 8.84E-11 4.13E-11
 2.66E-19 2.56E-14 1.98E-11 1.53E-10 3.17E-10 2.88E-10 1.71E-10 8.13E-11
 3.37E-19 3.17E-14 2.45E-11 1.91E-10 4.01E-10 3.72E-10 2.24E-10 1.08E-10
 4.58E-19 4.15E-14 3.20E-11 2.53E-10 5.48E-10 5.38E-10 3.42E-10 1.74E-10
 4.40E-19 3.92E-14 3.00E-11 2.37E-10 5.21E-10 5.28E-10 3.46E-10 1.83E-10
 2.34E-19 2.01E-14 1.50E-11 1.18E-10 2.67E-10 2.91E-10 2.07E-10 1.20E-10
 1.46E-19 1.24E-14 9.15E-12 7.18E-11 1.64E-10 1.83E-10 1.33E-10 7.97E-11
 4.05E-20 3.33E-15 2.42E-12 1.90E-11 4.40E-11 5.10E-11 3.87E-11 2.43E-11
 2.24E-20 1.85E-15 1.35E-12 1.07E-11 2.52E-11 2.99E-11 2.32E-11 1.48E-11
  4714.8 A  11   8 /FILMEM = HPSL91HE/TYPE = EXCIT    /INDM = 1/ISEL =   32
 1.00E+11 5.00E+11 1.00E+12 5.00E+12 1.00E+13 5.00E+13 1.00E+14 5.00E+14
 1.00E+15 5.00E+15 1.00E+16
 1.00E+00 2.00E+00 5.00E+00 1.00E+01 2.00E+01 5.00E+01 1.00E+02 2.00E+02
 2.36E-20 2.25E-15 1.37E-12 9.70E-12 1.95E-11 1.82E-11 1.15E-11 6.00E-12
 1.65E-20 1.50E-15 9.19E-13 6.72E-12 1.42E-11 1.42E-11 9.50E-12 5.21E-12
 1.25E-20 1.12E-15 7.08E-13 5.26E-12 1.13E-11 1.15E-11 7.88E-12 4.43E-12
 6.62E-21 6.66E-16 5.00E-13 3.92E-12 8.44E-12 8.29E-12 5.41E-12 2.92E-12
 6.17E-21 6.74E-16 5.56E-13 4.48E-12 9.64E-12 9.19E-12 5.75E-12 2.93E-12
 7.56E-21 8.85E-16 7.92E-13 6.57E-12 1.45E-11 1.43E-11 9.05E-12 4.55E-12
 7.51E-21 8.68E-16 7.73E-13 6.43E-12 1.44E-11 1.47E-11 9.65E-12 5.04E-12
 4.17E-21 4.63E-16 4.03E-13 3.34E-12 7.76E-12 8.57E-12 6.10E-12 3.52E-12
 2.63E-21 2.87E-16 2.47E-13 2.04E-12 4.79E-12 5.43E-12 3.97E-12 2.37E-12
 7.28E-22 7.75E-17 6.57E-14 5.42E-13 1.29E-12 1.52E-12 1.16E-12 7.28E-13
 4.03E-22 4.30E-17 3.68E-14 3.06E-13 7.40E-13 8.91E-13 6.93E-13 4.42E-13
  4472.9 A  11   8 /FILMEM = HPSL91HE/TYPE = EXCIT    /INDM = 1/ISEL =   33
 1.00E+11 5.00E+11 1.00E+12 5.00E+12 1.00E+13 5.00E+13 1.00E+14 5.00E+14
 1.00E+15 5.00E+15 1.00E+16
 1.00E+00 2.00E+00 5.00E+00 1.00E+01 2.00E+01 5.00E+01 1.00E+02 2.00E+02
 1.24E-20 1.80E-15 1.83E-12 1.48E-11 3.18E-11 2.96E-11 1.79E-11 8.69E-12
 2.07E-20 2.73E-15 2.50E-12 2.01E-11 4.35E-11 4.16E-11 2.56E-11 1.27E-11
 2.49E-20 3.19E-15 2.83E-12 2.28E-11 4.91E-11 4.70E-11 2.92E-11 1.46E-11
 3.73E-20 4.76E-15 4.28E-12 3.50E-11 7.53E-11 7.05E-11 4.29E-11 2.10E-11
 4.66E-20 6.04E-15 5.60E-12 4.64E-11 1.00E-10 9.36E-11 5.63E-11 2.71E-11
 7.39E-20 9.45E-15 8.94E-12 7.54E-11 1.68E-10 1.66E-10 1.04E-10 5.21E-11
 7.52E-20 9.41E-15 8.81E-12 7.44E-11 1.68E-10 1.72E-10 1.13E-10 5.87E-11
 4.25E-20 5.08E-15 4.63E-12 3.89E-11 9.09E-11 1.01E-10 7.18E-11 4.15E-11
 2.68E-20 3.15E-15 2.84E-12 2.38E-11 5.62E-11 6.39E-11 4.68E-11 2.80E-11
 7.45E-21 8.52E-16 7.54E-13 6.31E-12 1.51E-11 1.79E-11 1.37E-11 8.59E-12
 4.12E-21 4.73E-16 4.22E-13 3.57E-12 8.69E-12 1.05E-11 8.19E-12 5.23E-12
  7283.3 A  11   8 /FILMEM = HPSL91HE/TYPE = EXCIT    /INDM = 1/ISEL =   34
 1.00E+11 5.00E+11 1.00E+12 5.00E+12 1.00E+13 5.00E+13 1.00E+14 5.00E+14
 1.00E+15 5.00E+15 1.00E+16
 1.00E+00 2.00E+00 5.00E+00 1.00E+01 2.00E+01 5.00E+01 1.00E+02 2.00E+02
 8.05E-20 5.47E-15 3.73E-12 2.96E-11 7.83E-11 1.29E-10 1.43E-10 1.37E-10
 6.46E-20 4.14E-15 2.70E-12 2.13E-11 5.81E-11 1.01E-10 1.17E-10 1.17E-10
 5.20E-20 3.19E-15 2.02E-12 1.59E-11 4.44E-11 7.97E-11 9.60E-11 9.98E-11
 2.10E-20 1.18E-15 7.25E-13 5.85E-12 1.74E-11 3.49E-11 4.58E-11 5.16E-11
 1.26E-20 7.07E-16 4.42E-13 3.67E-12 1.14E-11 2.39E-11 3.21E-11 3.69E-11
 4.18E-21 2.54E-16 1.79E-13 1.67E-12 5.69E-12 1.31E-11 1.80E-11 2.06E-11
 2.99E-21 1.93E-16 1.46E-13 1.42E-12 5.00E-12 1.17E-11 1.60E-11 1.81E-11
 2.01E-21 1.48E-16 1.27E-13 1.35E-12 4.91E-12 1.15E-11 1.56E-11 1.72E-11
 1.85E-21 1.43E-16 1.29E-13 1.40E-12 5.16E-12 1.21E-11 1.64E-11 1.80E-11
 1.29E-21 1.15E-16 1.19E-13 1.40E-12 5.40E-12 1.31E-11 1.80E-11 2.01E-11
 9.30E-22 9.02E-17 1.02E-13 1.28E-12 5.14E-12 1.29E-11 1.80E-11 2.03E-11
  6680.0 A  11   8 /FILMEM = HPSL91HE/TYPE = EXCIT    /INDM = 1/ISEL =   35
 1.00E+11 5.00E+11 1.00E+12 5.00E+12 1.00E+13 5.00E+13 1.00E+14 5.00E+14
 1.00E+15 5.00E+15 1.00E+16
 1.00E+00 2.00E+00 5.00E+00 1.00E+01 2.00E+01 5.00E+01 1.00E+02 2.00E+02
 6.89E-20 4.42E-15 2.83E-12 2.24E-11 5.92E-11 9.45E-11 9.44E-11 8.06E-11
 6.62E-20 4.38E-15 2.95E-12 2.43E-11 6.68E-11 1.10E-10 1.12E-10 9.56E-11
 6.31E-20 4.28E-15 2.99E-12 2.54E-11 7.25E-11 1.25E-10 1.30E-10 1.12E-10
 5.45E-20 3.97E-15 3.10E-12 2.91E-11 9.33E-11 1.84E-10 2.12E-10 1.98E-10
 5.17E-20 3.87E-15 3.15E-12 3.08E-11 1.04E-10 2.19E-10 2.65E-10 2.58E-10
 4.86E-20 3.78E-15 3.27E-12 3.40E-11 1.23E-10 2.85E-10 3.75E-10 3.98E-10
 4.82E-20 3.80E-15 3.35E-12 3.54E-11 1.29E-10 3.04E-10 4.07E-10 4.41E-10
 4.81E-20 3.97E-15 3.69E-12 4.04E-11 1.50E-10 3.53E-10 4.76E-10 5.22E-10
 4.71E-20 4.01E-15 3.85E-12 4.29E-11 1.60E-10 3.78E-10 5.11E-10 5.61E-10
 3.45E-20 3.35E-15 3.65E-12 4.36E-11 1.70E-10 4.13E-10 5.68E-10 6.34E-10
 2.50E-20 2.63E-15 3.14E-12 3.98E-11 1.62E-10 4.08E-10 5.71E-10 6.44E-10
  5049.0 A  11   8 /FILMEM = HPSL91HE/TYPE = EXCIT    /INDM = 1/ISEL =   36
 1.00E+11 5.00E+11 1.00E+12 5.00E+12 1.00E+13 5.00E+13 1.00E+14 5.00E+14
 1.00E+15 5.00E+15 1.00E+16
 1.00E+00 2.00E+00 5.00E+00 1.00E+01 2.00E+01 5.00E+01 1.00E+02 2.00E+02
 5.97E-21 5.50E-16 4.56E-13 3.97E-12 1.13E-11 2.04E-11 2.40E-11 2.43E-11
 2.70E-21 2.34E-16 1.91E-13 1.72E-12 5.27E-12 1.06E-11 1.37E-11 1.52E-11
 1.68E-21 1.45E-16 1.21E-13 1.12E-12 3.57E-12 7.56E-12 1.01E-11 1.14E-11
 5.91E-22 5.47E-17 5.09E-14 5.20E-13 1.79E-12 4.13E-12 5.65E-12 6.50E-12
 4.33E-22 4.21E-17 4.12E-14 4.36E-13 1.54E-12 3.61E-12 4.94E-12 5.64E-12
 3.14E-22 3.28E-17 3.42E-14 3.78E-13 1.39E-12 3.33E-12 4.52E-12 5.04E-12
 3.04E-22 3.22E-17 3.41E-14 3.82E-13 1.42E-12 3.42E-12 4.65E-12 5.15E-12
 3.01E-22 3.34E-17 3.71E-14 4.30E-13 1.63E-12 3.92E-12 5.31E-12 5.85E-12
 2.95E-22 3.38E-17 3.87E-14 4.58E-13 1.76E-12 4.22E-12 5.72E-12 6.30E-12
 2.17E-22 2.84E-17 3.69E-14 4.67E-13 1.87E-12 4.64E-12 6.42E-12 7.18E-12
 1.57E-22 2.23E-17 3.18E-14 4.27E-13 1.79E-12 4.59E-12 6.46E-12 7.31E-12
  4923.2 A  11   8 /FILMEM = HPSL91HE/TYPE = EXCIT    /INDM = 1/ISEL =   37
 1.00E+11 5.00E+11 1.00E+12 5.00E+12 1.00E+13 5.00E+13 1.00E+14 5.00E+14
 1.00E+15 5.00E+15 1.00E+16
 1.00E+00 2.00E+00 5.00E+00 1.00E+01 2.00E+01 5.00E+01 1.00E+02 2.00E+02
 6.91E-21 6.81E-16 6.11E-13 5.68E-12 1.71E-11 2.95E-11 3.06E-11 2.64E-11
 4.78E-21 4.99E-16 4.93E-13 4.98E-12 1.62E-11 3.17E-11 3.59E-11 3.34E-11
 4.32E-21 4.62E-16 4.74E-13 4.96E-12 1.67E-11 3.43E-11 4.07E-11 3.94E-11
 3.93E-21 4.33E-16 4.68E-13 5.15E-12 1.84E-11 4.17E-11 5.36E-11 5.64E-11
 3.92E-21 4.34E-16 4.72E-13 5.24E-12 1.90E-11 4.40E-11 5.79E-11 6.23E-11
 4.07E-21 4.51E-16 4.90E-13 5.51E-12 2.05E-11 4.91E-11 6.60E-11 7.25E-11
 4.16E-21 4.62E-16 5.04E-13 5.71E-12 2.15E-11 5.16E-11 6.99E-11 7.69E-11
 4.31E-21 4.95E-16 5.62E-13 6.56E-12 2.51E-11 6.02E-11 8.17E-11 8.98E-11
 4.24E-21 5.03E-16 5.89E-13 7.01E-12 2.70E-11 6.49E-11 8.81E-11 9.70E-11
 3.14E-21 4.23E-16 5.61E-13 7.16E-12 2.88E-11 7.15E-11 9.90E-11 1.11E-10
 2.27E-21 3.33E-16 4.84E-13 6.54E-12 2.75E-11 7.07E-11 9.95E-11 1.13E-10
   584.4 A  11   8 /FILMEM = HPSL91HE/TYPE = EXCIT    /INDM = 2/ISEL =   38
 1.00E+11 5.00E+11 1.00E+12 5.00E+12 1.00E+13 5.00E+13 1.00E+14 5.00E+14
 1.00E+15 5.00E+15 1.00E+16
 1.00E+00 2.00E+00 5.00E+00 1.00E+01 2.00E+01 5.00E+01 1.00E+02 2.00E+02
 2.82E-08 3.35E-08 2.51E-08 1.72E-08 1.01E-08 4.49E-09 2.26E-09 1.07E-09
 2.86E-08 3.41E-08 2.59E-08 1.77E-08 1.05E-08 4.62E-09 2.32E-09 1.09E-09
 2.90E-08 3.49E-08 2.68E-08 1.84E-08 1.09E-08 4.79E-09 2.40E-09 1.12E-09
 3.26E-08 4.11E-08 3.37E-08 2.35E-08 1.39E-08 6.02E-09 2.95E-09 1.35E-09
 3.62E-08 4.72E-08 4.01E-08 2.82E-08 1.67E-08 7.21E-09 3.51E-09 1.59E-09
 4.92E-08 6.71E-08 5.93E-08 4.21E-08 2.53E-08 1.11E-08 5.49E-09 2.52E-09
 5.41E-08 7.38E-08 6.51E-08 4.62E-08 2.79E-08 1.24E-08 6.24E-09 2.92E-09
 5.69E-08 7.72E-08 6.69E-08 4.74E-08 2.88E-08 1.32E-08 6.79E-09 3.28E-09
 5.40E-08 7.37E-08 6.39E-08 4.53E-08 2.77E-08 1.27E-08 6.59E-09 3.22E-09
 3.62E-08 5.42E-08 5.11E-08 3.79E-08 2.40E-08 1.13E-08 5.92E-09 2.90E-09
 2.57E-08 4.13E-08 4.25E-08 3.33E-08 2.19E-08 1.07E-08 5.65E-09 2.79E-09
   537.0 A  11   8 /FILMEM = HPSL91HE/TYPE = EXCIT    /INDM = 2/ISEL =   39
 1.00E+11 5.00E+11 1.00E+12 5.00E+12 1.00E+13 5.00E+13 1.00E+14 5.00E+14
 1.00E+15 5.00E+15 1.00E+16
 1.00E+00 2.00E+00 5.00E+00 1.00E+01 2.00E+01 5.00E+01 1.00E+02 2.00E+02
 9.43E-11 2.67E-10 3.59E-10 3.41E-10 2.64E-10 1.51E-10 8.71E-11 4.48E-11
 1.43E-10 3.79E-10 4.70E-10 4.20E-10 3.06E-10 1.65E-10 9.26E-11 4.67E-11
 1.90E-10 4.81E-10 5.70E-10 4.91E-10 3.45E-10 1.80E-10 9.86E-11 4.89E-11
 3.36E-10 8.11E-10 9.19E-10 7.51E-10 4.97E-10 2.39E-10 1.25E-10 5.93E-11
 4.00E-10 9.82E-10 1.13E-09 9.23E-10 6.03E-10 2.82E-10 1.44E-10 6.72E-11
 5.76E-10 1.56E-09 1.98E-09 1.64E-09 1.06E-09 4.76E-10 2.33E-10 1.04E-10
 6.93E-10 1.99E-09 2.67E-09 2.23E-09 1.45E-09 6.43E-10 3.11E-10 1.37E-10
 1.19E-09 3.92E-09 5.82E-09 4.95E-09 3.25E-09 1.45E-09 7.03E-10 3.09E-10
 1.47E-09 5.01E-09 7.60E-09 6.50E-09 4.30E-09 1.96E-09 9.66E-10 4.34E-10
 1.48E-09 5.65E-09 9.38E-09 8.41E-09 5.81E-09 2.83E-09 1.47E-09 6.99E-10
 1.14E-09 4.67E-09 8.43E-09 7.96E-09 5.75E-09 2.92E-09 1.55E-09 7.55E-10
   522.2 A  11   8 /FILMEM = HPSL91HE/TYPE = EXCIT    /INDM = 2/ISEL =   40
 1.00E+11 5.00E+11 1.00E+12 5.00E+12 1.00E+13 5.00E+13 1.00E+14 5.00E+14
 1.00E+15 5.00E+15 1.00E+16
 1.00E+00 2.00E+00 5.00E+00 1.00E+01 2.00E+01 5.00E+01 1.00E+02 2.00E+02
 3.58E-11 1.14E-10 1.46E-10 1.25E-10 8.51E-11 4.25E-11 2.30E-11 1.13E-11
 6.29E-11 1.88E-10 2.21E-10 1.78E-10 1.14E-10 5.32E-11 2.75E-11 1.31E-11
 7.31E-11 2.17E-10 2.54E-10 2.03E-10 1.29E-10 5.89E-11 3.00E-11 1.41E-11
 9.01E-11 2.77E-10 3.43E-10 2.79E-10 1.77E-10 7.88E-11 3.89E-11 1.77E-11
 9.73E-11 3.11E-10 4.03E-10 3.35E-10 2.14E-10 9.50E-11 4.62E-11 2.06E-11
 1.25E-10 4.55E-10 6.85E-10 6.00E-10 3.97E-10 1.77E-10 8.51E-11 3.70E-11
 1.48E-10 5.80E-10 9.40E-10 8.39E-10 5.60E-10 2.51E-10 1.20E-10 5.21E-11
 2.60E-10 1.19E-09 2.15E-09 1.96E-09 1.33E-09 6.07E-10 2.95E-10 1.29E-10
 3.24E-10 1.54E-09 2.85E-09 2.61E-09 1.78E-09 8.30E-10 4.11E-10 1.85E-10
 3.33E-10 1.76E-09 3.56E-09 3.41E-09 2.44E-09 1.21E-09 6.31E-10 3.02E-10
 2.56E-10 1.46E-09 3.21E-09 3.24E-09 2.41E-09 1.25E-09 6.68E-10 3.26E-10
 20584.6 A  11   8 /FILMEM = HPSL91HE/TYPE = EXCIT    /INDM = 2/ISEL =   41
 1.00E+11 5.00E+11 1.00E+12 5.00E+12 1.00E+13 5.00E+13 1.00E+14 5.00E+14
 1.00E+15 5.00E+15 1.00E+16
 1.00E+00 2.00E+00 5.00E+00 1.00E+01 2.00E+01 5.00E+01 1.00E+02 2.00E+02
 3.10E-11 3.68E-11 2.77E-11 1.89E-11 1.12E-11 4.94E-12 2.49E-12 1.18E-12
 3.14E-11 3.75E-11 2.84E-11 1.95E-11 1.15E-11 5.09E-12 2.55E-12 1.20E-12
 3.19E-11 3.84E-11 2.95E-11 2.03E-11 1.20E-11 5.27E-12 2.63E-12 1.24E-12
 3.58E-11 4.52E-11 3.70E-11 2.59E-11 1.53E-11 6.62E-12 3.25E-12 1.49E-12
 3.98E-11 5.19E-11 4.41E-11 3.11E-11 1.84E-11 7.93E-12 3.86E-12 1.75E-12
 5.41E-11 7.38E-11 6.52E-11 4.64E-11 2.78E-11 1.22E-11 6.04E-12 2.78E-12
 5.95E-11 8.12E-11 7.16E-11 5.08E-11 3.07E-11 1.37E-11 6.86E-12 3.21E-12
 6.26E-11 8.49E-11 7.36E-11 5.21E-11 3.17E-11 1.45E-11 7.46E-12 3.61E-12
 5.94E-11 8.10E-11 7.03E-11 4.98E-11 3.04E-11 1.40E-11 7.25E-12 3.54E-12
 3.98E-11 5.96E-11 5.62E-11 4.17E-11 2.64E-11 1.24E-11 6.51E-12 3.19E-12
 2.82E-11 4.54E-11 4.67E-11 3.66E-11 2.41E-11 1.17E-11 6.21E-12 3.06E-12
  5017.1 A  11   8 /FILMEM = HPSL91HE/TYPE = EXCIT    /INDM = 2/ISEL =   42
 1.00E+11 5.00E+11 1.00E+12 5.00E+12 1.00E+13 5.00E+13 1.00E+14 5.00E+14
 1.00E+15 5.00E+15 1.00E+16
 1.00E+00 2.00E+00 5.00E+00 1.00E+01 2.00E+01 5.00E+01 1.00E+02 2.00E+02
 2.23E-12 6.33E-12 8.49E-12 8.08E-12 6.25E-12 3.58E-12 2.06E-12 1.06E-12
 3.39E-12 8.96E-12 1.11E-11 9.94E-12 7.24E-12 3.92E-12 2.19E-12 1.11E-12
 4.49E-12 1.14E-11 1.35E-11 1.16E-11 8.18E-12 4.26E-12 2.33E-12 1.16E-12
 7.95E-12 1.92E-11 2.18E-11 1.78E-11 1.18E-11 5.66E-12 2.95E-12 1.40E-12
 9.47E-12 2.32E-11 2.68E-11 2.19E-11 1.43E-11 6.69E-12 3.41E-12 1.59E-12
 1.36E-11 3.69E-11 4.69E-11 3.88E-11 2.51E-11 1.13E-11 5.52E-12 2.47E-12
 1.64E-11 4.70E-11 6.32E-11 5.28E-11 3.43E-11 1.52E-11 7.36E-12 3.24E-12
 2.83E-11 9.27E-11 1.38E-10 1.17E-10 7.69E-11 3.44E-11 1.66E-11 7.32E-12
 3.48E-11 1.19E-10 1.80E-10 1.54E-10 1.02E-10 4.64E-11 2.29E-11 1.03E-11
 3.51E-11 1.34E-10 2.22E-10 1.99E-10 1.38E-10 6.69E-11 3.47E-11 1.66E-11
 2.69E-11 1.10E-10 1.99E-10 1.89E-10 1.36E-10 6.91E-11 3.67E-11 1.79E-11
  3965.7 A  11   8 /FILMEM = HPSL91HE/TYPE = EXCIT    /INDM = 2/ISEL =   43
 1.00E+11 5.00E+11 1.00E+12 5.00E+12 1.00E+13 5.00E+13 1.00E+14 5.00E+14
 1.00E+15 5.00E+15 1.00E+16
 1.00E+00 2.00E+00 5.00E+00 1.00E+01 2.00E+01 5.00E+01 1.00E+02 2.00E+02
 1.04E-12 3.33E-12 4.26E-12 3.65E-12 2.48E-12 1.24E-12 6.69E-13 3.30E-13
 1.83E-12 5.47E-12 6.44E-12 5.18E-12 3.33E-12 1.55E-12 8.02E-13 3.82E-13
 2.13E-12 6.32E-12 7.41E-12 5.91E-12 3.75E-12 1.72E-12 8.76E-13 4.12E-13
 2.63E-12 8.08E-12 1.00E-11 8.14E-12 5.16E-12 2.30E-12 1.13E-12 5.15E-13
 2.84E-12 9.05E-12 1.17E-11 9.75E-12 6.24E-12 2.77E-12 1.35E-12 6.01E-13
 3.65E-12 1.33E-11 2.00E-11 1.75E-11 1.16E-11 5.17E-12 2.48E-12 1.08E-12
 4.32E-12 1.69E-11 2.74E-11 2.44E-11 1.63E-11 7.32E-12 3.51E-12 1.52E-12
 7.59E-12 3.46E-11 6.28E-11 5.72E-11 3.88E-11 1.77E-11 8.59E-12 3.77E-12
 9.45E-12 4.49E-11 8.31E-11 7.61E-11 5.20E-11 2.42E-11 1.20E-11 5.38E-12
 9.70E-12 5.14E-11 1.04E-10 9.95E-11 7.10E-11 3.52E-11 1.84E-11 8.80E-12
 7.46E-12 4.25E-11 9.35E-11 9.43E-11 7.03E-11 3.64E-11 1.95E-11 9.51E-12
 10831.9 A  11   8 /FILMEM = HPSL91HE/TYPE = EXCIT    /INDM = 2/ISEL =   44
 1.00E+11 5.00E+11 1.00E+12 5.00E+12 1.00E+13 5.00E+13 1.00E+14 5.00E+14
 1.00E+15 5.00E+15 1.00E+16
 1.00E+00 2.00E+00 5.00E+00 1.00E+01 2.00E+01 5.00E+01 1.00E+02 2.00E+02
 2.51E-07 5.68E-07 9.80E-07 1.14E-06 1.15E-06 1.02E-06 8.73E-07 7.23E-07
 2.48E-07 5.60E-07 9.65E-07 1.13E-06 1.14E-06 1.01E-06 8.68E-07 7.20E-07
 2.44E-07 5.51E-07 9.46E-07 1.10E-06 1.12E-06 9.95E-07 8.59E-07 7.14E-07
 2.19E-07 4.83E-07 8.13E-07 9.46E-07 9.65E-07 8.79E-07 7.73E-07 6.55E-07
 1.93E-07 4.18E-07 6.91E-07 8.01E-07 8.22E-07 7.63E-07 6.83E-07 5.90E-07
 1.00E-07 2.02E-07 3.13E-07 3.59E-07 3.77E-07 3.71E-07 3.52E-07 3.26E-07
 6.27E-08 1.22E-07 1.86E-07 2.13E-07 2.25E-07 2.26E-07 2.20E-07 2.09E-07
 1.58E-08 2.97E-08 4.39E-08 5.02E-08 5.36E-08 5.54E-08 5.55E-08 5.49E-08
 8.22E-09 1.53E-08 2.25E-08 2.57E-08 2.75E-08 2.86E-08 2.88E-08 2.87E-08
 1.77E-09 3.20E-09 4.63E-09 5.26E-09 5.63E-09 5.87E-09 5.96E-09 5.99E-09
 9.10E-10 1.63E-09 2.33E-09 2.65E-09 2.83E-09 2.95E-09 2.99E-09 3.01E-09
  3889.7 A  11   8 /FILMEM = HPSL91HE/TYPE = EXCIT    /INDM = 2/ISEL =   45
 1.00E+11 5.00E+11 1.00E+12 5.00E+12 1.00E+13 5.00E+13 1.00E+14 5.00E+14
 1.00E+15 5.00E+15 1.00E+16
 1.00E+00 2.00E+00 5.00E+00 1.00E+01 2.00E+01 5.00E+01 1.00E+02 2.00E+02
 4.76E-10 2.89E-09 9.52E-09 1.52E-08 1.99E-08 2.32E-08 2.29E-08 2.08E-08
 5.05E-10 2.97E-09 9.39E-09 1.44E-08 1.79E-08 2.01E-08 1.97E-08 1.82E-08
 5.63E-10 3.29E-09 1.02E-08 1.52E-08 1.81E-08 1.91E-08 1.82E-08 1.65E-08
 9.71E-10 5.80E-09 1.79E-08 2.57E-08 2.83E-08 2.58E-08 2.18E-08 1.75E-08
 1.34E-09 8.01E-09 2.45E-08 3.52E-08 3.85E-08 3.47E-08 2.89E-08 2.25E-08
 2.33E-09 1.32E-08 3.86E-08 5.50E-08 6.13E-08 5.79E-08 5.04E-08 4.10E-08
 2.38E-09 1.31E-08 3.75E-08 5.31E-08 6.00E-08 5.86E-08 5.28E-08 4.47E-08
 1.32E-09 6.94E-09 1.91E-08 2.68E-08 3.12E-08 3.28E-08 3.20E-08 2.99E-08
 8.14E-10 4.22E-09 1.15E-08 1.61E-08 1.89E-08 2.03E-08 2.03E-08 1.96E-08
 2.05E-10 1.03E-09 2.75E-09 3.83E-09 4.53E-09 4.99E-09 5.13E-09 5.15E-09
 1.08E-10 5.36E-10 1.42E-09 1.97E-09 2.32E-09 2.57E-09 2.65E-09 2.68E-09
  3188.7 A  11   8 /FILMEM = HPSL91HE/TYPE = EXCIT    /INDM = 2/ISEL =   46
 1.00E+11 5.00E+11 1.00E+12 5.00E+12 1.00E+13 5.00E+13 1.00E+14 5.00E+14
 1.00E+15 5.00E+15 1.00E+16
 1.00E+00 2.00E+00 5.00E+00 1.00E+01 2.00E+01 5.00E+01 1.00E+02 2.00E+02
 5.69E-11 4.18E-10 1.46E-09 2.30E-09 3.00E-09 3.61E-09 3.72E-09 3.57E-09
 6.39E-11 4.48E-10 1.46E-09 2.15E-09 2.56E-09 2.72E-09 2.64E-09 2.46E-09
 6.72E-11 4.79E-10 1.59E-09 2.33E-09 2.68E-09 2.67E-09 2.46E-09 2.18E-09
 1.17E-10 9.93E-10 3.81E-09 5.81E-09 6.46E-09 5.58E-09 4.42E-09 3.29E-09
 1.92E-10 1.70E-09 6.66E-09 1.03E-08 1.14E-08 9.89E-09 7.76E-09 5.61E-09
 5.02E-10 4.18E-09 1.54E-08 2.35E-08 2.70E-08 2.55E-08 2.18E-08 1.72E-08
 5.63E-10 4.50E-09 1.60E-08 2.44E-08 2.84E-08 2.80E-08 2.50E-08 2.09E-08
 3.41E-10 2.55E-09 8.69E-09 1.31E-08 1.58E-08 1.69E-08 1.65E-08 1.55E-08
 2.13E-10 1.57E-09 5.28E-09 7.94E-09 9.64E-09 1.06E-08 1.06E-08 1.03E-08
 5.41E-11 3.86E-10 1.27E-09 1.90E-09 2.33E-09 2.62E-09 2.71E-09 2.73E-09
 2.84E-11 2.01E-10 6.55E-10 9.76E-10 1.19E-09 1.35E-09 1.40E-09 1.42E-09
 42955.3 A  11   8 /FILMEM = HPSL91HE/TYPE = EXCIT    /INDM = 2/ISEL =   47
 1.00E+11 5.00E+11 1.00E+12 5.00E+12 1.00E+13 5.00E+13 1.00E+14 5.00E+14
 1.00E+15 5.00E+15 1.00E+16
 1.00E+00 2.00E+00 5.00E+00 1.00E+01 2.00E+01 5.00E+01 1.00E+02 2.00E+02
 5.42E-11 3.29E-10 1.08E-09 1.73E-09 2.27E-09 2.65E-09 2.61E-09 2.37E-09
 5.75E-11 3.38E-10 1.07E-09 1.64E-09 2.04E-09 2.29E-09 2.25E-09 2.07E-09
 6.41E-11 3.75E-10 1.17E-09 1.73E-09 2.06E-09 2.18E-09 2.07E-09 1.88E-09
 1.11E-10 6.60E-10 2.04E-09 2.93E-09 3.22E-09 2.94E-09 2.49E-09 1.99E-09
 1.53E-10 9.13E-10 2.80E-09 4.01E-09 4.39E-09 3.95E-09 3.29E-09 2.56E-09
 2.66E-10 1.51E-09 4.40E-09 6.26E-09 6.98E-09 6.60E-09 5.74E-09 4.68E-09
 2.71E-10 1.50E-09 4.27E-09 6.05E-09 6.83E-09 6.67E-09 6.01E-09 5.10E-09
 1.50E-10 7.90E-10 2.17E-09 3.06E-09 3.56E-09 3.74E-09 3.65E-09 3.41E-09
 9.27E-11 4.81E-10 1.31E-09 1.84E-09 2.15E-09 2.32E-09 2.31E-09 2.24E-09
 2.33E-11 1.17E-10 3.13E-10 4.37E-10 5.16E-10 5.68E-10 5.84E-10 5.87E-10
 1.23E-11 6.10E-11 1.61E-10 2.24E-10 2.65E-10 2.92E-10 3.02E-10 3.05E-10
 12531.3 A  11   8 /FILMEM = HPSL91HE/TYPE = EXCIT    /INDM = 2/ISEL =   48
 1.00E+11 5.00E+11 1.00E+12 5.00E+12 1.00E+13 5.00E+13 1.00E+14 5.00E+14
 1.00E+15 5.00E+15 1.00E+16
 1.00E+00 2.00E+00 5.00E+00 1.00E+01 2.00E+01 5.00E+01 1.00E+02 2.00E+02
 6.85E-12 5.04E-11 1.75E-10 2.77E-10 3.62E-10 4.34E-10 4.48E-10 4.30E-10
 7.69E-12 5.39E-11 1.76E-10 2.59E-10 3.08E-10 3.28E-10 3.18E-10 2.96E-10
 8.09E-12 5.77E-11 1.92E-10 2.81E-10 3.23E-10 3.21E-10 2.96E-10 2.62E-10
 1.41E-11 1.20E-10 4.59E-10 7.00E-10 7.77E-10 6.72E-10 5.32E-10 3.96E-10
 2.31E-11 2.05E-10 8.01E-10 1.23E-09 1.38E-09 1.19E-09 9.34E-10 6.76E-10
 6.04E-11 5.04E-10 1.85E-09 2.83E-09 3.25E-09 3.07E-09 2.62E-09 2.07E-09
 6.78E-11 5.42E-10 1.93E-09 2.94E-09 3.42E-09 3.37E-09 3.01E-09 2.51E-09
 4.10E-11 3.07E-10 1.05E-09 1.58E-09 1.90E-09 2.04E-09 1.99E-09 1.86E-09
 2.56E-11 1.89E-10 6.35E-10 9.56E-10 1.16E-09 1.27E-09 1.28E-09 1.24E-09
 6.51E-12 4.64E-11 1.53E-10 2.29E-10 2.80E-10 3.15E-10 3.26E-10 3.28E-10
 3.42E-12 2.42E-11 7.88E-11 1.18E-10 1.44E-10 1.62E-10 1.68E-10 1.71E-10
 74404.8 A  11   8 /FILMEM = HPSL91HE/TYPE = EXCIT    /INDM = 2/ISEL =   49
 1.00E+11 5.00E+11 1.00E+12 5.00E+12 1.00E+13 5.00E+13 1.00E+14 5.00E+14
 1.00E+15 5.00E+15 1.00E+16
 1.00E+00 2.00E+00 5.00E+00 1.00E+01 2.00E+01 5.00E+01 1.00E+02 2.00E+02
 4.21E-14 1.20E-13 1.60E-13 1.52E-13 1.18E-13 6.75E-14 3.89E-14 2.00E-14
 6.39E-14 1.69E-13 2.10E-13 1.88E-13 1.37E-13 7.40E-14 4.14E-14 2.09E-14
 8.47E-14 2.15E-13 2.55E-13 2.19E-13 1.54E-13 8.04E-14 4.41E-14 2.19E-14
 1.50E-13 3.63E-13 4.11E-13 3.36E-13 2.22E-13 1.07E-13 5.57E-14 2.65E-14
 1.79E-13 4.39E-13 5.07E-13 4.13E-13 2.70E-13 1.26E-13 6.44E-14 3.00E-14
 2.57E-13 6.96E-13 8.86E-13 7.32E-13 4.74E-13 2.13E-13 1.04E-13 4.66E-14
 3.10E-13 8.88E-13 1.19E-12 9.97E-13 6.47E-13 2.87E-13 1.39E-13 6.12E-14
 5.33E-13 1.75E-12 2.60E-12 2.21E-12 1.45E-12 6.49E-13 3.14E-13 1.38E-13
 6.56E-13 2.24E-12 3.40E-12 2.91E-12 1.92E-12 8.77E-13 4.32E-13 1.94E-13
 6.63E-13 2.53E-12 4.19E-12 3.76E-12 2.60E-12 1.26E-12 6.56E-13 3.12E-13
 5.08E-13 2.09E-12 3.77E-12 3.56E-12 2.57E-12 1.30E-12 6.93E-13 3.37E-13
 15087.5 A  11   8 /FILMEM = HPSL91HE/TYPE = EXCIT    /INDM = 2/ISEL =   50
 1.00E+11 5.00E+11 1.00E+12 5.00E+12 1.00E+13 5.00E+13 1.00E+14 5.00E+14
 1.00E+15 5.00E+15 1.00E+16
 1.00E+00 2.00E+00 5.00E+00 1.00E+01 2.00E+01 5.00E+01 1.00E+02 2.00E+02
 1.99E-13 6.37E-13 8.13E-13 6.97E-13 4.74E-13 2.37E-13 1.28E-13 6.31E-14
 3.50E-13 1.05E-12 1.23E-12 9.90E-13 6.35E-13 2.96E-13 1.53E-13 7.29E-14
 4.07E-13 1.21E-12 1.42E-12 1.13E-12 7.16E-13 3.28E-13 1.67E-13 7.87E-14
 5.02E-13 1.54E-12 1.91E-12 1.56E-12 9.86E-13 4.39E-13 2.17E-13 9.83E-14
 5.42E-13 1.73E-12 2.24E-12 1.86E-12 1.19E-12 5.29E-13 2.57E-13 1.15E-13
 6.97E-13 2.53E-12 3.82E-12 3.34E-12 2.21E-12 9.88E-13 4.74E-13 2.06E-13
 8.26E-13 3.23E-12 5.23E-12 4.67E-12 3.12E-12 1.40E-12 6.70E-13 2.90E-13
 1.45E-12 6.62E-12 1.20E-11 1.09E-11 7.42E-12 3.38E-12 1.64E-12 7.21E-13
 1.81E-12 8.58E-12 1.59E-11 1.45E-11 9.93E-12 4.62E-12 2.29E-12 1.03E-12
 1.85E-12 9.82E-12 1.98E-11 1.90E-11 1.36E-11 6.74E-12 3.52E-12 1.68E-12
 1.43E-12 8.12E-12 1.79E-11 1.80E-11 1.34E-11 6.96E-12 3.72E-12 1.82E-12
 21128.2 A  11   8 /FILMEM = HPSL91HE/TYPE = EXCIT    /INDM = 2/ISEL =   51
 1.00E+11 5.00E+11 1.00E+12 5.00E+12 1.00E+13 5.00E+13 1.00E+14 5.00E+14
 1.00E+15 5.00E+15 1.00E+16
 1.00E+00 2.00E+00 5.00E+00 1.00E+01 2.00E+01 5.00E+01 1.00E+02 2.00E+02
 1.17E-10 6.74E-10 1.76E-09 2.22E-09 2.29E-09 1.98E-09 1.64E-09 1.28E-09
 8.61E-11 4.81E-10 1.27E-09 1.67E-09 1.80E-09 1.68E-09 1.48E-09 1.23E-09
 7.09E-11 4.05E-10 1.13E-09 1.52E-09 1.66E-09 1.56E-09 1.38E-09 1.17E-09
 6.97E-11 5.16E-10 1.83E-09 2.72E-09 2.99E-09 2.60E-09 2.08E-09 1.57E-09
 1.01E-10 8.16E-10 3.03E-09 4.60E-09 5.09E-09 4.40E-09 3.47E-09 2.53E-09
 2.45E-10 1.92E-09 6.80E-09 1.03E-08 1.17E-08 1.10E-08 9.42E-09 7.44E-09
 2.73E-10 2.06E-09 7.07E-09 1.06E-08 1.23E-08 1.21E-08 1.08E-08 9.01E-09
 1.64E-10 1.16E-09 3.83E-09 5.71E-09 6.84E-09 7.30E-09 7.13E-09 6.66E-09
 1.03E-10 7.14E-10 2.32E-09 3.46E-09 4.18E-09 4.57E-09 4.58E-09 4.43E-09
 2.61E-11 1.76E-10 5.59E-10 8.27E-10 1.01E-09 1.13E-09 1.17E-09 1.17E-09
 1.37E-11 9.15E-11 2.88E-10 4.25E-10 5.17E-10 5.81E-10 6.03E-10 6.12E-10
186219.7 A  11   8 /FILMEM = HPSL91HE/TYPE = EXCIT    /INDM = 2/ISEL =   52
 1.00E+11 5.00E+11 1.00E+12 5.00E+12 1.00E+13 5.00E+13 1.00E+14 5.00E+14
 1.00E+15 5.00E+15 1.00E+16
 1.00E+00 2.00E+00 5.00E+00 1.00E+01 2.00E+01 5.00E+01 1.00E+02 2.00E+02
 5.68E-13 3.07E-12 8.68E-12 1.18E-11 1.24E-11 1.05E-11 8.25E-12 6.16E-12
 7.07E-13 4.08E-12 1.22E-11 1.70E-11 1.80E-11 1.53E-11 1.20E-11 8.85E-12
 8.58E-13 5.14E-12 1.58E-11 2.24E-11 2.40E-11 2.05E-11 1.61E-11 1.18E-11
 1.81E-12 1.15E-11 3.67E-11 5.31E-11 5.74E-11 5.00E-11 4.00E-11 2.97E-11
 2.65E-12 1.67E-11 5.27E-11 7.64E-11 8.32E-11 7.37E-11 6.01E-11 4.53E-11
 4.85E-12 2.86E-11 8.54E-11 1.23E-10 1.37E-10 1.30E-10 1.13E-10 9.17E-11
 4.98E-12 2.85E-11 8.31E-11 1.19E-10 1.34E-10 1.31E-10 1.18E-10 1.00E-10
 2.77E-12 1.51E-11 4.24E-11 6.00E-11 7.00E-11 7.38E-11 7.20E-11 6.73E-11
 1.71E-12 9.18E-12 2.55E-11 3.60E-11 4.24E-11 4.57E-11 4.57E-11 4.42E-11
 4.31E-13 2.24E-12 6.10E-12 8.57E-12 1.02E-11 1.12E-11 1.15E-11 1.16E-11
 2.27E-13 1.17E-12 3.14E-12 4.40E-12 5.21E-12 5.77E-12 5.95E-12 6.03E-12
 17006.8 A  11   8 /FILMEM = HPSL91HE/TYPE = EXCIT    /INDM = 2/ISEL =   53
 1.00E+11 5.00E+11 1.00E+12 5.00E+12 1.00E+13 5.00E+13 1.00E+14 5.00E+14
 1.00E+15 5.00E+15 1.00E+16
 1.00E+00 2.00E+00 5.00E+00 1.00E+01 2.00E+01 5.00E+01 1.00E+02 2.00E+02
 1.09E-10 7.50E-10 2.32E-09 3.15E-09 3.35E-09 2.92E-09 2.37E-09 1.81E-09
 1.12E-10 7.92E-10 2.56E-09 3.59E-09 3.94E-09 3.57E-09 2.97E-09 2.33E-09
 1.25E-10 9.12E-10 3.06E-09 4.39E-09 4.84E-09 4.34E-09 3.58E-09 2.79E-09
 2.45E-10 2.12E-09 8.25E-09 1.26E-08 1.40E-08 1.20E-08 9.31E-09 6.73E-09
 4.07E-10 3.68E-09 1.45E-08 2.25E-08 2.51E-08 2.17E-08 1.69E-08 1.22E-08
 1.07E-09 9.09E-09 3.37E-08 5.17E-08 5.95E-08 5.62E-08 4.80E-08 3.78E-08
 1.21E-09 9.78E-09 3.51E-08 5.36E-08 6.26E-08 6.18E-08 5.52E-08 4.60E-08
 7.30E-10 5.55E-09 1.90E-08 2.88E-08 3.48E-08 3.73E-08 3.65E-08 3.41E-08
 4.56E-10 3.41E-09 1.16E-08 1.75E-08 2.12E-08 2.33E-08 2.34E-08 2.27E-08
 1.16E-10 8.39E-10 2.78E-09 4.18E-09 5.12E-09 5.76E-09 5.96E-09 6.01E-09
 6.10E-11 4.37E-10 1.44E-09 2.15E-09 2.63E-09 2.97E-09 3.08E-09 3.13E-09
 19550.3 A  11   8 /FILMEM = HPSL91HE/TYPE = EXCIT    /INDM = 2/ISEL =   54
 1.00E+11 5.00E+11 1.00E+12 5.00E+12 1.00E+13 5.00E+13 1.00E+14 5.00E+14
 1.00E+15 5.00E+15 1.00E+16
 1.00E+00 2.00E+00 5.00E+00 1.00E+01 2.00E+01 5.00E+01 1.00E+02 2.00E+02
 6.73E-12 4.94E-11 1.72E-10 2.72E-10 3.55E-10 4.26E-10 4.40E-10 4.22E-10
 7.55E-12 5.30E-11 1.73E-10 2.55E-10 3.02E-10 3.22E-10 3.13E-10 2.90E-10
 7.95E-12 5.67E-11 1.88E-10 2.76E-10 3.17E-10 3.15E-10 2.90E-10 2.57E-10
 1.39E-11 1.17E-10 4.50E-10 6.87E-10 7.63E-10 6.60E-10 5.22E-10 3.89E-10
 2.26E-11 2.01E-10 7.87E-10 1.21E-09 1.35E-09 1.17E-09 9.17E-10 6.63E-10
 5.93E-11 4.94E-10 1.82E-09 2.78E-09 3.20E-09 3.01E-09 2.57E-09 2.03E-09
 6.65E-11 5.32E-10 1.89E-09 2.88E-09 3.36E-09 3.31E-09 2.96E-09 2.47E-09
 4.03E-11 3.02E-10 1.03E-09 1.55E-09 1.87E-09 2.00E-09 1.96E-09 1.83E-09
 2.51E-11 1.85E-10 6.24E-10 9.39E-10 1.14E-09 1.25E-09 1.26E-09 1.22E-09
 6.39E-12 4.56E-11 1.50E-10 2.25E-10 2.75E-10 3.09E-10 3.20E-10 3.23E-10
 3.36E-12 2.37E-11 7.74E-11 1.15E-10 1.41E-10 1.59E-10 1.65E-10 1.68E-10
 18688.1 A  11   8 /FILMEM = HPSL91HE/TYPE = EXCIT    /INDM = 2/ISEL =   55
 1.00E+11 5.00E+11 1.00E+12 5.00E+12 1.00E+13 5.00E+13 1.00E+14 5.00E+14
 1.00E+15 5.00E+15 1.00E+16
 1.00E+00 2.00E+00 5.00E+00 1.00E+01 2.00E+01 5.00E+01 1.00E+02 2.00E+02
 1.38E-10 8.49E-10 2.18E-09 2.52E-09 2.22E-09 1.44E-09 9.17E-10 5.42E-10
 2.60E-10 1.79E-09 5.44E-09 7.21E-09 7.27E-09 5.58E-09 3.97E-09 2.59E-09
 3.25E-10 2.36E-09 7.74E-09 1.09E-08 1.15E-08 9.33E-09 6.94E-09 4.73E-09
 7.07E-10 6.16E-09 2.41E-08 3.69E-08 4.10E-08 3.48E-08 2.68E-08 1.89E-08
 1.18E-09 1.07E-08 4.27E-08 6.62E-08 7.42E-08 6.41E-08 5.01E-08 3.58E-08
 3.13E-09 2.65E-08 9.83E-08 1.51E-07 1.74E-07 1.65E-07 1.41E-07 1.11E-07
 3.51E-09 2.85E-08 1.02E-07 1.56E-07 1.83E-07 1.81E-07 1.61E-07 1.35E-07
 2.12E-09 1.62E-08 5.55E-08 8.40E-08 1.01E-07 1.09E-07 1.06E-07 9.94E-08
 1.33E-09 9.92E-09 3.37E-08 5.09E-08 6.19E-08 6.79E-08 6.82E-08 6.61E-08
 3.37E-10 2.44E-09 8.11E-09 1.22E-08 1.49E-08 1.68E-08 1.74E-08 1.75E-08
 1.77E-10 1.27E-09 4.18E-09 6.25E-09 7.66E-09 8.65E-09 8.98E-09 9.12E-09
961538.5 A  11   8 /FILMEM = HPSL91HE/TYPE = EXCIT    /INDM = 2/ISEL =   56
 1.00E+11 5.00E+11 1.00E+12 5.00E+12 1.00E+13 5.00E+13 1.00E+14 5.00E+14
 1.00E+15 5.00E+15 1.00E+16
 1.00E+00 2.00E+00 5.00E+00 1.00E+01 2.00E+01 5.00E+01 1.00E+02 2.00E+02
 2.80E-17 7.94E-17 1.06E-16 1.01E-16 7.83E-17 4.48E-17 2.58E-17 1.33E-17
 4.24E-17 1.12E-16 1.39E-16 1.25E-16 9.08E-17 4.91E-17 2.75E-17 1.39E-17
 5.63E-17 1.43E-16 1.69E-16 1.46E-16 1.02E-16 5.34E-17 2.93E-17 1.45E-17
 9.97E-17 2.41E-16 2.73E-16 2.23E-16 1.48E-16 7.10E-17 3.70E-17 1.76E-17
 1.19E-16 2.91E-16 3.36E-16 2.74E-16 1.79E-16 8.38E-17 4.28E-17 1.99E-17
 1.71E-16 4.62E-16 5.88E-16 4.86E-16 3.15E-16 1.41E-16 6.92E-17 3.09E-17
 2.06E-16 5.90E-16 7.93E-16 6.62E-16 4.29E-16 1.91E-16 9.23E-17 4.06E-17
 3.54E-16 1.16E-15 1.73E-15 1.47E-15 9.64E-16 4.31E-16 2.09E-16 9.17E-17
 4.36E-16 1.49E-15 2.26E-15 1.93E-15 1.28E-15 5.82E-16 2.87E-16 1.29E-16
 4.40E-16 1.68E-15 2.78E-15 2.50E-15 1.72E-15 8.39E-16 4.35E-16 2.08E-16
 3.37E-16 1.39E-15 2.50E-15 2.36E-15 1.71E-15 8.66E-16 4.60E-16 2.24E-16
 18698.6 A  11   8 /FILMEM = HPSL91HE/TYPE = EXCIT    /INDM = 2/ISEL =   57
 1.00E+11 5.00E+11 1.00E+12 5.00E+12 1.00E+13 5.00E+13 1.00E+14 5.00E+14
 1.00E+15 5.00E+15 1.00E+16
 1.00E+00 2.00E+00 5.00E+00 1.00E+01 2.00E+01 5.00E+01 1.00E+02 2.00E+02
 1.35E-11 3.54E-11 3.37E-11 2.24E-11 1.13E-11 3.63E-12 1.37E-12 4.72E-13
 1.57E-11 4.53E-11 5.06E-11 3.85E-11 2.24E-11 8.66E-12 3.72E-12 1.44E-12
 1.48E-11 4.38E-11 5.14E-11 4.09E-11 2.50E-11 1.04E-11 4.75E-12 1.94E-12
 1.34E-11 4.19E-11 5.34E-11 4.49E-11 2.92E-11 1.33E-11 6.50E-12 2.89E-12
 1.37E-11 4.41E-11 5.87E-11 5.01E-11 3.29E-11 1.51E-11 7.43E-12 3.32E-12
 1.67E-11 6.10E-11 9.29E-11 8.23E-11 5.51E-11 2.52E-11 1.23E-11 5.45E-12
 1.97E-11 7.72E-11 1.26E-10 1.13E-10 7.61E-11 3.46E-11 1.68E-11 7.39E-12
 3.43E-11 1.56E-10 2.84E-10 2.59E-10 1.76E-10 8.06E-11 3.93E-11 1.74E-11
 4.27E-11 2.03E-10 3.75E-10 3.43E-10 2.35E-10 1.09E-10 5.43E-11 2.45E-11
 4.38E-11 2.32E-10 4.67E-10 4.47E-10 3.19E-10 1.59E-10 8.28E-11 3.96E-11
 3.37E-11 1.91E-10 4.20E-10 4.24E-10 3.16E-10 1.64E-10 8.76E-11 4.28E-11
 18559.8 A  11   8 /FILMEM = HPSL91HE/TYPE = EXCIT    /INDM = 2/ISEL =   58
 1.00E+11 5.00E+11 1.00E+12 5.00E+12 1.00E+13 5.00E+13 1.00E+14 5.00E+14
 1.00E+15 5.00E+15 1.00E+16
 1.00E+00 2.00E+00 5.00E+00 1.00E+01 2.00E+01 5.00E+01 1.00E+02 2.00E+02
 4.03E-14 1.29E-13 1.64E-13 1.41E-13 9.58E-14 4.78E-14 2.59E-14 1.28E-14
 7.08E-14 2.11E-13 2.49E-13 2.00E-13 1.28E-13 5.99E-14 3.10E-14 1.47E-14
 8.23E-14 2.44E-13 2.86E-13 2.28E-13 1.45E-13 6.63E-14 3.38E-14 1.59E-14
 1.02E-13 3.12E-13 3.86E-13 3.14E-13 1.99E-13 8.87E-14 4.38E-14 1.99E-14
 1.10E-13 3.50E-13 4.54E-13 3.77E-13 2.41E-13 1.07E-13 5.21E-14 2.32E-14
 1.41E-13 5.12E-13 7.72E-13 6.76E-13 4.47E-13 2.00E-13 9.59E-14 4.16E-14
 1.67E-13 6.54E-13 1.06E-12 9.45E-13 6.31E-13 2.83E-13 1.35E-13 5.86E-14
 2.93E-13 1.34E-12 2.43E-12 2.21E-12 1.50E-12 6.83E-13 3.32E-13 1.46E-13
 3.65E-13 1.74E-12 3.21E-12 2.94E-12 2.01E-12 9.34E-13 4.63E-13 2.08E-13
 3.75E-13 1.99E-12 4.01E-12 3.84E-12 2.74E-12 1.36E-12 7.11E-13 3.40E-13
 2.88E-13 1.64E-12 3.61E-12 3.64E-12 2.72E-12 1.41E-12 7.52E-13 3.67E-13
 21132.7 A  11   8 /FILMEM = HPSL91HE/TYPE = EXCIT    /INDM = 2/ISEL =   59
 1.00E+11 5.00E+11 1.00E+12 5.00E+12 1.00E+13 5.00E+13 1.00E+14 5.00E+14
 1.00E+15 5.00E+15 1.00E+16
 1.00E+00 2.00E+00 5.00E+00 1.00E+01 2.00E+01 5.00E+01 1.00E+02 2.00E+02
 9.23E-12 2.22E-11 2.09E-11 1.48E-11 8.74E-12 3.78E-12 1.89E-12 8.70E-13
 4.27E-12 9.69E-12 8.96E-12 6.43E-12 3.96E-12 1.84E-12 9.93E-13 4.96E-13
 2.74E-12 6.26E-12 5.91E-12 4.30E-12 2.68E-12 1.26E-12 6.86E-13 3.48E-13
 1.14E-12 2.95E-12 3.22E-12 2.50E-12 1.57E-12 7.18E-13 3.72E-13 1.80E-13
 9.35E-13 2.63E-12 3.13E-12 2.51E-12 1.60E-12 7.19E-13 3.61E-13 1.68E-13
 9.02E-13 3.09E-12 4.48E-12 3.88E-12 2.55E-12 1.14E-12 5.51E-13 2.41E-13
 1.02E-12 3.83E-12 6.02E-12 5.32E-12 3.54E-12 1.59E-12 7.61E-13 3.31E-13
 1.74E-12 7.67E-12 1.36E-11 1.23E-11 8.33E-12 3.79E-12 1.84E-12 8.08E-13
 2.17E-12 9.93E-12 1.80E-11 1.64E-11 1.11E-11 5.17E-12 2.56E-12 1.15E-12
 2.22E-12 1.14E-11 2.25E-11 2.14E-11 1.52E-11 7.53E-12 3.93E-12 1.88E-12
 1.70E-12 9.39E-12 2.02E-11 2.03E-11 1.51E-11 7.79E-12 4.16E-12 2.03E-12
 19091.3 A  11   8 /FILMEM = HPSL91HE/TYPE = EXCIT    /INDM = 2/ISEL =   60
 1.00E+11 5.00E+11 1.00E+12 5.00E+12 1.00E+13 5.00E+13 1.00E+14 5.00E+14
 1.00E+15 5.00E+15 1.00E+16
 1.00E+00 2.00E+00 5.00E+00 1.00E+01 2.00E+01 5.00E+01 1.00E+02 2.00E+02
 1.18E-11 3.52E-11 4.12E-11 3.26E-11 2.01E-11 8.80E-12 4.28E-12 1.92E-12
 7.34E-12 2.21E-11 2.66E-11 2.18E-11 1.39E-11 6.45E-12 3.28E-12 1.54E-12
 6.14E-12 1.86E-11 2.26E-11 1.86E-11 1.20E-11 5.57E-12 2.85E-12 1.35E-12
 5.05E-12 1.57E-11 1.99E-11 1.66E-11 1.08E-11 4.95E-12 2.49E-12 1.15E-12
 5.09E-12 1.63E-11 2.15E-11 1.82E-11 1.19E-11 5.40E-12 2.68E-12 1.22E-12
 6.16E-12 2.24E-11 3.39E-11 2.99E-11 1.99E-11 9.00E-12 4.37E-12 1.92E-12
 7.25E-12 2.83E-11 4.60E-11 4.12E-11 2.76E-11 1.25E-11 6.02E-12 2.63E-12
 1.26E-11 5.75E-11 1.04E-10 9.51E-11 6.45E-11 2.95E-11 1.43E-11 6.32E-12
 1.57E-11 7.45E-11 1.38E-10 1.26E-10 8.62E-11 4.01E-11 1.99E-11 8.96E-12
 1.61E-11 8.52E-11 1.72E-10 1.65E-10 1.17E-10 5.83E-11 3.05E-11 1.46E-11
 1.24E-11 7.05E-11 1.55E-10 1.56E-10 1.16E-10 6.02E-11 3.22E-11 1.57E-11
108813.9 A  11   8 /FILMEM = HPSL91HE/TYPE = EXCIT    /INDM = 2/ISEL =   61
 1.00E+11 5.00E+11 1.00E+12 5.00E+12 1.00E+13 5.00E+13 1.00E+14 5.00E+14
 1.00E+15 5.00E+15 1.00E+16
 1.00E+00 2.00E+00 5.00E+00 1.00E+01 2.00E+01 5.00E+01 1.00E+02 2.00E+02
 2.56E-12 1.88E-11 6.54E-11 1.04E-10 1.35E-10 1.62E-10 1.67E-10 1.61E-10
 2.87E-12 2.01E-11 6.57E-11 9.68E-11 1.15E-10 1.22E-10 1.19E-10 1.10E-10
 3.02E-12 2.15E-11 7.16E-11 1.05E-10 1.21E-10 1.20E-10 1.10E-10 9.78E-11
 5.27E-12 4.47E-11 1.71E-10 2.61E-10 2.90E-10 2.51E-10 1.99E-10 1.48E-10
 8.61E-12 7.64E-11 2.99E-10 4.61E-10 5.14E-10 4.45E-10 3.49E-10 2.52E-10
 2.26E-11 1.88E-10 6.90E-10 1.06E-09 1.21E-09 1.15E-09 9.78E-10 7.71E-10
 2.53E-11 2.02E-10 7.20E-10 1.10E-09 1.28E-09 1.26E-09 1.12E-09 9.38E-10
 1.53E-11 1.15E-10 3.91E-10 5.90E-10 7.10E-10 7.60E-10 7.43E-10 6.95E-10
 9.56E-12 7.05E-11 2.37E-10 3.57E-10 4.34E-10 4.76E-10 4.78E-10 4.62E-10
 2.43E-12 1.73E-11 5.71E-11 8.54E-11 1.05E-10 1.18E-10 1.22E-10 1.23E-10
 1.28E-12 9.03E-12 2.94E-11 4.39E-11 5.37E-11 6.05E-11 6.29E-11 6.38E-11
438596.5 A  11   8 /FILMEM = HPSL91HE/TYPE = EXCIT    /INDM = 2/ISEL =   62
 1.00E+11 5.00E+11 1.00E+12 5.00E+12 1.00E+13 5.00E+13 1.00E+14 5.00E+14
 1.00E+15 5.00E+15 1.00E+16
 1.00E+00 2.00E+00 5.00E+00 1.00E+01 2.00E+01 5.00E+01 1.00E+02 2.00E+02
 6.77E-22 4.66E-21 1.44E-20 1.96E-20 2.08E-20 1.81E-20 1.47E-20 1.12E-20
 6.93E-22 4.92E-21 1.59E-20 2.23E-20 2.45E-20 2.22E-20 1.85E-20 1.45E-20
 7.74E-22 5.67E-21 1.90E-20 2.73E-20 3.00E-20 2.70E-20 2.23E-20 1.73E-20
 1.52E-21 1.32E-20 5.13E-20 7.84E-20 8.69E-20 7.43E-20 5.78E-20 4.18E-20
 2.53E-21 2.29E-20 9.04E-20 1.40E-19 1.56E-19 1.35E-19 1.05E-19 7.55E-20
 6.68E-21 5.65E-20 2.09E-19 3.21E-19 3.70E-19 3.49E-19 2.98E-19 2.35E-19
 7.49E-21 6.07E-20 2.18E-19 3.33E-19 3.89E-19 3.84E-19 3.43E-19 2.86E-19
 4.53E-21 3.45E-20 1.18E-19 1.79E-19 2.16E-19 2.32E-19 2.26E-19 2.12E-19
 2.83E-21 2.12E-20 7.18E-20 1.08E-19 1.32E-19 1.45E-19 1.45E-19 1.41E-19
 7.20E-22 5.21E-21 1.73E-20 2.60E-20 3.18E-20 3.58E-20 3.70E-20 3.74E-20
 3.79E-22 2.71E-21 8.92E-21 1.33E-20 1.63E-20 1.84E-20 1.92E-20 1.94E-20
******** A  11   8 /FILMEM = HPSL91HE/TYPE = EXCIT    /INDM = 2/ISEL =   63
 1.00E+11 5.00E+11 1.00E+12 5.00E+12 1.00E+13 5.00E+13 1.00E+14 5.00E+14
 1.00E+15 5.00E+15 1.00E+16
 1.00E+00 2.00E+00 5.00E+00 1.00E+01 2.00E+01 5.00E+01 1.00E+02 2.00E+02
 8.10E-27 4.98E-26 1.28E-25 1.48E-25 1.30E-25 8.47E-26 5.38E-26 3.18E-26
 1.53E-26 1.05E-25 3.19E-25 4.23E-25 4.26E-25 3.27E-25 2.33E-25 1.52E-25
 1.91E-26 1.38E-25 4.54E-25 6.36E-25 6.72E-25 5.47E-25 4.07E-25 2.77E-25
 4.14E-26 3.61E-25 1.41E-24 2.17E-24 2.41E-24 2.04E-24 1.57E-24 1.11E-24
 6.94E-26 6.30E-25 2.50E-24 3.88E-24 4.35E-24 3.76E-24 2.94E-24 2.10E-24
 1.84E-25 1.55E-24 5.77E-24 8.86E-24 1.02E-23 9.66E-24 8.26E-24 6.53E-24
 2.06E-25 1.67E-24 6.00E-24 9.17E-24 1.07E-23 1.06E-23 9.47E-24 7.91E-24
 1.25E-25 9.48E-25 3.25E-24 4.93E-24 5.94E-24 6.37E-24 6.23E-24 5.83E-24
 7.78E-26 5.82E-25 1.98E-24 2.98E-24 3.63E-24 3.98E-24 4.00E-24 3.87E-24
 1.98E-26 1.43E-25 4.76E-25 7.14E-25 8.75E-25 9.85E-25 1.02E-24 1.03E-24
 1.04E-26 7.45E-26 2.45E-25 3.67E-25 4.49E-25 5.07E-25 5.27E-25 5.35E-25
181159.4 A  11   8 /FILMEM = HPSL91HE/TYPE = EXCIT    /INDM = 2/ISEL =   64
 1.00E+11 5.00E+11 1.00E+12 5.00E+12 1.00E+13 5.00E+13 1.00E+14 5.00E+14
 1.00E+15 5.00E+15 1.00E+16
 1.00E+00 2.00E+00 5.00E+00 1.00E+01 2.00E+01 5.00E+01 1.00E+02 2.00E+02
 8.42E-23 2.69E-22 3.44E-22 2.94E-22 2.00E-22 1.00E-22 5.41E-23 2.67E-23
 1.48E-22 4.42E-22 5.20E-22 4.18E-22 2.69E-22 1.25E-22 6.48E-23 3.08E-23
 1.72E-22 5.10E-22 5.98E-22 4.77E-22 3.03E-22 1.39E-22 7.07E-23 3.32E-23
 2.12E-22 6.53E-22 8.08E-22 6.57E-22 4.17E-22 1.85E-22 9.15E-23 4.16E-23
 2.29E-22 7.31E-22 9.48E-22 7.87E-22 5.04E-22 2.24E-22 1.09E-22 4.85E-23
 2.94E-22 1.07E-21 1.61E-21 1.41E-21 9.34E-22 4.17E-22 2.00E-22 8.70E-23
 3.49E-22 1.37E-21 2.21E-21 1.97E-21 1.32E-21 5.91E-22 2.83E-22 1.23E-22
 6.13E-22 2.80E-21 5.07E-21 4.62E-21 3.14E-21 1.43E-21 6.94E-22 3.05E-22
 7.63E-22 3.63E-21 6.71E-21 6.14E-21 4.20E-21 1.95E-21 9.67E-22 4.35E-22
 7.84E-22 4.15E-21 8.39E-21 8.03E-21 5.73E-21 2.85E-21 1.49E-21 7.10E-22
 6.02E-22 3.43E-21 7.55E-21 7.62E-21 5.68E-21 2.94E-21 1.57E-21 7.68E-22
******** A  11   8 /FILMEM = HPSL91HE/TYPE = EXCIT    /INDM = 2/ISEL =   65
 1.00E+11 5.00E+11 1.00E+12 5.00E+12 1.00E+13 5.00E+13 1.00E+14 5.00E+14
 1.00E+15 5.00E+15 1.00E+16
 1.00E+00 2.00E+00 5.00E+00 1.00E+01 2.00E+01 5.00E+01 1.00E+02 2.00E+02
 8.29E-26 2.65E-25 3.38E-25 2.90E-25 1.97E-25 9.85E-26 5.32E-26 2.62E-26
 1.46E-25 4.35E-25 5.12E-25 4.12E-25 2.64E-25 1.23E-25 6.38E-26 3.03E-26
 1.69E-25 5.02E-25 5.89E-25 4.70E-25 2.98E-25 1.36E-25 6.96E-26 3.27E-26
 2.09E-25 6.42E-25 7.95E-25 6.47E-25 4.10E-25 1.83E-25 9.01E-26 4.09E-26
 2.25E-25 7.20E-25 9.34E-25 7.75E-25 4.96E-25 2.20E-25 1.07E-25 4.78E-26
 2.90E-25 1.05E-24 1.59E-24 1.39E-24 9.19E-25 4.11E-25 1.97E-25 8.57E-26
 3.43E-25 1.35E-24 2.18E-24 1.94E-24 1.30E-24 5.82E-25 2.79E-25 1.21E-25
 6.03E-25 2.75E-24 4.99E-24 4.55E-24 3.09E-24 1.41E-24 6.83E-25 3.00E-25
 7.52E-25 3.57E-24 6.61E-24 6.05E-24 4.13E-24 1.92E-24 9.52E-25 4.28E-25
 7.71E-25 4.09E-24 8.26E-24 7.91E-24 5.64E-24 2.80E-24 1.46E-24 6.99E-25
 5.93E-25 3.38E-24 7.43E-24 7.50E-24 5.59E-24 2.90E-24 1.55E-24 7.56E-25
******** A  11   8 /FILMEM = HPSL91HE/TYPE = EXCIT    /INDM = 2/ISEL =   66
 1.00E+11 5.00E+11 1.00E+12 5.00E+12 1.00E+13 5.00E+13 1.00E+14 5.00E+14
 1.00E+15 5.00E+15 1.00E+16
 1.00E+00 2.00E+00 5.00E+00 1.00E+01 2.00E+01 5.00E+01 1.00E+02 2.00E+02
 3.56E-28 9.32E-28 8.87E-28 5.90E-28 2.97E-28 9.55E-29 3.60E-29 1.24E-29
 4.13E-28 1.19E-27 1.33E-27 1.01E-27 5.88E-28 2.28E-28 9.80E-29 3.79E-29
 3.89E-28 1.15E-27 1.35E-27 1.08E-27 6.58E-28 2.74E-28 1.25E-28 5.12E-29
 3.53E-28 1.10E-27 1.41E-27 1.18E-27 7.68E-28 3.49E-28 1.71E-28 7.59E-29
 3.60E-28 1.16E-27 1.54E-27 1.32E-27 8.66E-28 3.96E-28 1.95E-28 8.74E-29
 4.40E-28 1.61E-27 2.44E-27 2.16E-27 1.45E-27 6.62E-28 3.24E-28 1.43E-28
 5.18E-28 2.03E-27 3.31E-27 2.97E-27 2.00E-27 9.10E-28 4.42E-28 1.94E-28
 9.03E-28 4.12E-27 7.47E-27 6.82E-27 4.63E-27 2.12E-27 1.03E-27 4.57E-28
 1.12E-27 5.33E-27 9.85E-27 9.02E-27 6.17E-27 2.88E-27 1.43E-27 6.45E-28
 1.15E-27 6.09E-27 1.23E-26 1.18E-26 8.40E-27 4.17E-27 2.18E-27 1.04E-27
 8.86E-28 5.04E-27 1.11E-26 1.12E-26 8.32E-27 4.31E-27 2.30E-27 1.13E-27
  7067.6 A  11   8 /FILMEM = HPSL91HE/TYPE = EXCIT    /INDM = 2/ISEL =   67
 1.00E+11 5.00E+11 1.00E+12 5.00E+12 1.00E+13 5.00E+13 1.00E+14 5.00E+14
 1.00E+15 5.00E+15 1.00E+16
 1.00E+00 2.00E+00 5.00E+00 1.00E+01 2.00E+01 5.00E+01 1.00E+02 2.00E+02
 2.81E-09 1.21E-08 2.84E-08 3.52E-08 3.54E-08 2.95E-08 2.37E-08 1.82E-08
 2.80E-09 1.19E-08 2.80E-08 3.49E-08 3.56E-08 3.03E-08 2.46E-08 1.91E-08
 2.79E-09 1.19E-08 2.79E-08 3.50E-08 3.60E-08 3.10E-08 2.55E-08 2.00E-08
 2.91E-09 1.26E-08 3.09E-08 4.03E-08 4.26E-08 3.77E-08 3.15E-08 2.50E-08
 3.11E-09 1.39E-08 3.51E-08 4.68E-08 4.99E-08 4.46E-08 3.75E-08 2.98E-08
 3.61E-09 1.68E-08 4.35E-08 5.94E-08 6.52E-08 6.14E-08 5.38E-08 4.44E-08
 3.41E-09 1.58E-08 4.06E-08 5.55E-08 6.17E-08 5.99E-08 5.41E-08 4.63E-08
 1.76E-09 7.94E-09 1.99E-08 2.72E-08 3.12E-08 3.26E-08 3.17E-08 2.96E-08
 1.07E-09 4.80E-09 1.20E-08 1.63E-08 1.88E-08 2.01E-08 2.00E-08 1.93E-08
 2.68E-10 1.16E-09 2.85E-09 3.86E-09 4.50E-09 4.91E-09 5.03E-09 5.05E-09
 1.41E-10 6.05E-10 1.47E-09 1.98E-09 2.31E-09 2.52E-09 2.60E-09 2.62E-09
  5877.5 A  11   8 /FILMEM = HPSL91HE/TYPE = EXCIT    /INDM = 2/ISEL =   68
 1.00E+11 5.00E+11 1.00E+12 5.00E+12 1.00E+13 5.00E+13 1.00E+14 5.00E+14
 1.00E+15 5.00E+15 1.00E+16
 1.00E+00 2.00E+00 5.00E+00 1.00E+01 2.00E+01 5.00E+01 1.00E+02 2.00E+02
 3.14E-09 1.70E-08 4.80E-08 6.52E-08 6.84E-08 5.78E-08 4.56E-08 3.40E-08
 3.91E-09 2.26E-08 6.74E-08 9.40E-08 9.98E-08 8.47E-08 6.65E-08 4.89E-08
 4.74E-09 2.84E-08 8.76E-08 1.24E-07 1.33E-07 1.13E-07 8.91E-08 6.54E-08
 1.00E-08 6.36E-08 2.03E-07 2.93E-07 3.17E-07 2.76E-07 2.21E-07 1.64E-07
 1.46E-08 9.24E-08 2.92E-07 4.22E-07 4.60E-07 4.08E-07 3.32E-07 2.51E-07
 2.68E-08 1.58E-07 4.73E-07 6.78E-07 7.57E-07 7.17E-07 6.24E-07 5.07E-07
 2.76E-08 1.58E-07 4.59E-07 6.56E-07 7.43E-07 7.27E-07 6.55E-07 5.56E-07
 1.53E-08 8.35E-08 2.34E-07 3.32E-07 3.87E-07 4.08E-07 3.98E-07 3.72E-07
 9.47E-09 5.08E-08 1.41E-07 1.99E-07 2.35E-07 2.53E-07 2.53E-07 2.44E-07
 2.39E-09 1.24E-08 3.37E-08 4.74E-08 5.62E-08 6.20E-08 6.38E-08 6.41E-08
 1.25E-09 6.45E-09 1.74E-08 2.43E-08 2.88E-08 3.19E-08 3.29E-08 3.33E-08
  4714.8 A  11   8 /FILMEM = HPSL91HE/TYPE = EXCIT    /INDM = 2/ISEL =   69
 1.00E+11 5.00E+11 1.00E+12 5.00E+12 1.00E+13 5.00E+13 1.00E+14 5.00E+14
 1.00E+15 5.00E+15 1.00E+16
 1.00E+00 2.00E+00 5.00E+00 1.00E+01 2.00E+01 5.00E+01 1.00E+02 2.00E+02
 1.91E-10 1.10E-09 2.86E-09 3.61E-09 3.73E-09 3.22E-09 2.66E-09 2.08E-09
 1.40E-10 7.83E-10 2.07E-09 2.71E-09 2.93E-09 2.73E-09 2.40E-09 2.00E-09
 1.15E-10 6.59E-10 1.83E-09 2.47E-09 2.70E-09 2.54E-09 2.25E-09 1.90E-09
 1.13E-10 8.39E-10 2.97E-09 4.42E-09 4.87E-09 4.22E-09 3.38E-09 2.55E-09
 1.64E-10 1.33E-09 4.93E-09 7.47E-09 8.28E-09 7.16E-09 5.64E-09 4.12E-09
 3.98E-10 3.12E-09 1.11E-08 1.67E-08 1.91E-08 1.80E-08 1.53E-08 1.21E-08
 4.44E-10 3.34E-09 1.15E-08 1.73E-08 2.01E-08 1.97E-08 1.76E-08 1.47E-08
 2.67E-10 1.89E-09 6.22E-09 9.28E-09 1.11E-08 1.19E-08 1.16E-08 1.08E-08
 1.67E-10 1.16E-09 3.78E-09 5.62E-09 6.79E-09 7.42E-09 7.44E-09 7.20E-09
 4.24E-11 2.86E-10 9.09E-10 1.35E-09 1.64E-09 1.83E-09 1.89E-09 1.91E-09
 2.23E-11 1.49E-10 4.69E-10 6.91E-10 8.40E-10 9.45E-10 9.80E-10 9.94E-10
  4472.9 A  11   8 /FILMEM = HPSL91HE/TYPE = EXCIT    /INDM = 2/ISEL =   70
 1.00E+11 5.00E+11 1.00E+12 5.00E+12 1.00E+13 5.00E+13 1.00E+14 5.00E+14
 1.00E+15 5.00E+15 1.00E+16
 1.00E+00 2.00E+00 5.00E+00 1.00E+01 2.00E+01 5.00E+01 1.00E+02 2.00E+02
 4.09E-10 2.82E-09 8.71E-09 1.18E-08 1.26E-08 1.10E-08 8.89E-09 6.80E-09
 4.19E-10 2.98E-09 9.61E-09 1.35E-08 1.48E-08 1.34E-08 1.12E-08 8.77E-09
 4.68E-10 3.43E-09 1.15E-08 1.65E-08 1.82E-08 1.63E-08 1.35E-08 1.05E-08
 9.21E-10 7.98E-09 3.10E-08 4.74E-08 5.26E-08 4.49E-08 3.50E-08 2.53E-08
 1.53E-09 1.38E-08 5.47E-08 8.45E-08 9.44E-08 8.15E-08 6.36E-08 4.57E-08
 4.04E-09 3.42E-08 1.27E-07 1.94E-07 2.24E-07 2.11E-07 1.80E-07 1.42E-07
 4.53E-09 3.67E-08 1.32E-07 2.01E-07 2.35E-07 2.32E-07 2.07E-07 1.73E-07
 2.74E-09 2.09E-08 7.16E-08 1.08E-07 1.31E-07 1.40E-07 1.37E-07 1.28E-07
 1.71E-09 1.28E-08 4.35E-08 6.56E-08 7.98E-08 8.76E-08 8.80E-08 8.52E-08
 4.35E-10 3.15E-09 1.05E-08 1.57E-08 1.92E-08 2.17E-08 2.24E-08 2.26E-08
 2.29E-10 1.64E-09 5.39E-09 8.06E-09 9.88E-09 1.12E-08 1.16E-08 1.18E-08
  7283.3 A  11   8 /FILMEM = HPSL91HE/TYPE = EXCIT    /INDM = 2/ISEL =   71
 1.00E+11 5.00E+11 1.00E+12 5.00E+12 1.00E+13 5.00E+13 1.00E+14 5.00E+14
 1.00E+15 5.00E+15 1.00E+16
 1.00E+00 2.00E+00 5.00E+00 1.00E+01 2.00E+01 5.00E+01 1.00E+02 2.00E+02
 2.03E-10 4.00E-10 3.64E-10 2.59E-10 1.51E-10 6.21E-11 2.95E-11 1.29E-11
 1.64E-10 3.05E-10 2.67E-10 1.89E-10 1.12E-10 4.83E-11 2.39E-11 1.09E-11
 1.33E-10 2.38E-10 2.02E-10 1.43E-10 8.63E-11 3.82E-11 1.95E-11 9.20E-12
 5.63E-11 9.54E-11 8.06E-11 5.73E-11 3.57E-11 1.66E-11 8.99E-12 4.55E-12
 3.57E-11 6.20E-11 5.45E-11 3.94E-11 2.47E-11 1.16E-11 6.25E-12 3.17E-12
 1.54E-11 3.22E-11 3.43E-11 2.66E-11 1.70E-11 7.75E-12 3.98E-12 1.90E-12
 1.33E-11 3.12E-11 3.69E-11 2.96E-11 1.90E-11 8.53E-12 4.24E-12 1.95E-12
 1.63E-11 4.78E-11 6.66E-11 5.55E-11 3.61E-11 1.61E-11 7.85E-12 3.49E-12
 1.92E-11 5.95E-11 8.52E-11 7.16E-11 4.69E-11 2.14E-11 1.05E-11 4.75E-12
 1.88E-11 6.58E-11 1.04E-10 9.14E-11 6.26E-11 3.03E-11 1.57E-11 7.50E-12
 1.44E-11 5.42E-11 9.30E-11 8.64E-11 6.18E-11 3.13E-11 1.66E-11 8.07E-12
  6680.0 A  11   8 /FILMEM = HPSL91HE/TYPE = EXCIT    /INDM = 2/ISEL =   72
 1.00E+11 5.00E+11 1.00E+12 5.00E+12 1.00E+13 5.00E+13 1.00E+14 5.00E+14
 1.00E+15 5.00E+15 1.00E+16
 1.00E+00 2.00E+00 5.00E+00 1.00E+01 2.00E+01 5.00E+01 1.00E+02 2.00E+02
 3.05E-10 7.06E-10 7.57E-10 5.96E-10 3.71E-10 1.60E-10 7.66E-11 3.34E-11
 2.89E-10 6.81E-10 7.47E-10 5.96E-10 3.76E-10 1.64E-10 7.85E-11 3.43E-11
 2.72E-10 6.47E-10 7.22E-10 5.84E-10 3.71E-10 1.64E-10 7.92E-11 3.47E-11
 2.20E-10 5.43E-10 6.41E-10 5.36E-10 3.52E-10 1.62E-10 8.00E-11 3.58E-11
 2.06E-10 5.19E-10 6.30E-10 5.32E-10 3.52E-10 1.64E-10 8.20E-11 3.70E-11
 2.21E-10 6.08E-10 7.99E-10 6.79E-10 4.51E-10 2.09E-10 1.05E-10 4.74E-11
 2.54E-10 7.34E-10 1.01E-09 8.58E-10 5.68E-10 2.61E-10 1.29E-10 5.82E-11
 4.16E-10 1.36E-09 2.03E-09 1.74E-09 1.15E-09 5.21E-10 2.56E-10 1.14E-10
 5.08E-10 1.73E-09 2.62E-09 2.24E-09 1.49E-09 6.85E-10 3.40E-10 1.54E-10
 5.09E-10 1.93E-09 3.19E-09 2.86E-09 1.97E-09 9.63E-10 5.01E-10 2.39E-10
 3.90E-10 1.59E-09 2.86E-09 2.70E-09 1.95E-09 9.90E-10 5.27E-10 2.57E-10
  5049.0 A  11   8 /FILMEM = HPSL91HE/TYPE = EXCIT    /INDM = 2/ISEL =   73
 1.00E+11 5.00E+11 1.00E+12 5.00E+12 1.00E+13 5.00E+13 1.00E+14 5.00E+14
 1.00E+15 5.00E+15 1.00E+16
 1.00E+00 2.00E+00 5.00E+00 1.00E+01 2.00E+01 5.00E+01 1.00E+02 2.00E+02
 1.32E-11 3.16E-11 2.98E-11 2.11E-11 1.25E-11 5.40E-12 2.70E-12 1.24E-12
 6.09E-12 1.38E-11 1.28E-11 9.17E-12 5.66E-12 2.63E-12 1.42E-12 7.07E-13
 3.91E-12 8.93E-12 8.43E-12 6.14E-12 3.82E-12 1.80E-12 9.78E-13 4.97E-13
 1.63E-12 4.21E-12 4.59E-12 3.56E-12 2.24E-12 1.02E-12 5.31E-13 2.57E-13
 1.33E-12 3.76E-12 4.46E-12 3.59E-12 2.28E-12 1.03E-12 5.15E-13 2.39E-13
 1.29E-12 4.41E-12 6.40E-12 5.53E-12 3.64E-12 1.63E-12 7.86E-13 3.44E-13
 1.46E-12 5.46E-12 8.59E-12 7.60E-12 5.06E-12 2.26E-12 1.09E-12 4.72E-13
 2.49E-12 1.10E-11 1.94E-11 1.76E-11 1.19E-11 5.41E-12 2.63E-12 1.15E-12
 3.09E-12 1.42E-11 2.57E-11 2.33E-11 1.59E-11 7.38E-12 3.65E-12 1.64E-12
 3.17E-12 1.62E-11 3.21E-11 3.05E-11 2.17E-11 1.08E-11 5.61E-12 2.68E-12
 2.43E-12 1.34E-11 2.89E-11 2.89E-11 2.15E-11 1.11E-11 5.93E-12 2.90E-12
  4923.2 A  11   8 /FILMEM = HPSL91HE/TYPE = EXCIT    /INDM = 2/ISEL =   74
 1.00E+11 5.00E+11 1.00E+12 5.00E+12 1.00E+13 5.00E+13 1.00E+14 5.00E+14
 1.00E+15 5.00E+15 1.00E+16
 1.00E+00 2.00E+00 5.00E+00 1.00E+01 2.00E+01 5.00E+01 1.00E+02 2.00E+02
 3.36E-11 1.00E-10 1.17E-10 9.25E-11 5.70E-11 2.50E-11 1.22E-11 5.46E-12
 2.08E-11 6.28E-11 7.56E-11 6.18E-11 3.96E-11 1.83E-11 9.32E-12 4.36E-12
 1.75E-11 5.27E-11 6.41E-11 5.27E-11 3.40E-11 1.58E-11 8.10E-12 3.82E-12
 1.43E-11 4.46E-11 5.65E-11 4.72E-11 3.06E-11 1.40E-11 7.06E-12 3.26E-12
 1.45E-11 4.64E-11 6.12E-11 5.17E-11 3.37E-11 1.53E-11 7.61E-12 3.45E-12
 1.75E-11 6.37E-11 9.64E-11 8.49E-11 5.65E-11 2.56E-11 1.24E-11 5.46E-12
 2.06E-11 8.05E-11 1.31E-10 1.17E-10 7.85E-11 3.54E-11 1.71E-11 7.47E-12
 3.59E-11 1.63E-10 2.96E-10 2.70E-10 1.83E-10 8.37E-11 4.08E-11 1.80E-11
 4.47E-11 2.12E-10 3.91E-10 3.58E-10 2.45E-10 1.14E-10 5.65E-11 2.54E-11
 4.58E-11 2.42E-10 4.88E-10 4.67E-10 3.34E-10 1.66E-10 8.65E-11 4.14E-11
 3.52E-11 2.00E-10 4.39E-10 4.43E-10 3.30E-10 1.71E-10 9.15E-11 4.47E-11
C-----------------------------------------------------------------------
C
C  PHOTON EMISSIVITY COEFFICIENTS:
C
C  SOURCE SPECIFIC ION   FILE:/JETSHP.HELIKE.DATA(HPSL91HE)
C  SOURCE IONIS. COEFFT. FILE:/JETSHP.IONELEC.DATA(SZD#HE)
C  META. ION. COEFF. SELECTOR:  1(1)    2(2)
C  POPULATION PROCESSING CODE:  ADAS208
C
C  ISEL  WAVELENGTH      TRANSITION            TYPE    METASTABLE  IMET  NMET
C  ----  ----------  ------------------------  -----  ------------ ----  ----
C   1.     584.4     5(1)1( 1.0)- 1(1)0( 0.0)  EXCIT   1(1)0( 0.0)   1     2
C   2.     537.0    11(1)1( 1.0)- 1(1)0( 0.0)  EXCIT   1(1)0( 0.0)   1     2
C   3.     522.2    19(1)1( 1.0)- 1(1)0( 0.0)  EXCIT   1(1)0( 0.0)   1     2
C   4.   20584.6     5(1)1( 1.0)- 3(1)0( 0.0)  EXCIT   1(1)0( 0.0)   1     2
C   5.    5017.1    11(1)1( 1.0)- 3(1)0( 0.0)  EXCIT   1(1)0( 0.0)   1     2
C   6.    3965.7    19(1)1( 1.0)- 3(1)0( 0.0)  EXCIT   1(1)0( 0.0)   1     2
C   7.   10831.9     4(3)1( 4.0)- 2(3)0( 1.0)  EXCIT   1(1)0( 0.0)   1     2
C   8.    3889.7     8(3)1( 4.0)- 2(3)0( 1.0)  EXCIT   1(1)0( 0.0)   1     2
C   9.    3188.7    14(3)1( 4.0)- 2(3)0( 1.0)  EXCIT   1(1)0( 0.0)   1     2
C  10.   42955.3     8(3)1( 4.0)- 6(3)0( 1.0)  EXCIT   1(1)0( 0.0)   1     2
C  11.   12531.3    14(3)1( 4.0)- 6(3)0( 1.0)  EXCIT   1(1)0( 0.0)   1     2
C  12.   74404.8    11(1)1( 1.0)- 7(1)0( 0.0)  EXCIT   1(1)0( 0.0)   1     2
C  13.   15087.5    19(1)1( 1.0)- 7(1)0( 0.0)  EXCIT   1(1)0( 0.0)   1     2
C  14.   21128.2    12(3)0( 1.0)- 8(3)1( 4.0)  EXCIT   1(1)0( 0.0)   1     2
C  15.  186219.7     9(3)2( 7.0)- 8(3)1( 4.0)  EXCIT   1(1)0( 0.0)   1     2
C  16.   17006.8    15(3)2( 7.0)- 8(3)1( 4.0)  EXCIT   1(1)0( 0.0)   1     2
C  17.   19550.3    14(3)1( 4.0)- 9(3)2( 7.0)  EXCIT   1(1)0( 0.0)   1     2
C  18.   18688.1    17(3)3(10.0)- 9(3)2( 7.0)  EXCIT   1(1)0( 0.0)   1     2
C  19.  961538.5    11(1)1( 1.0)-10(1)2( 4.0)  EXCIT   1(1)0( 0.0)   1     2
C  20.   18698.6    18(1)3( 3.0)-10(1)2( 4.0)  EXCIT   1(1)0( 0.0)   1     2
C  21.   18559.8    19(1)1( 1.0)-10(1)2( 4.0)  EXCIT   1(1)0( 0.0)   1     2
C  22.   21132.7    13(1)0( 0.0)-11(1)1( 1.0)  EXCIT   1(1)0( 0.0)   1     2
C  23.   19091.3    16(1)2( 2.0)-11(1)1( 1.0)  EXCIT   1(1)0( 0.0)   1     2
C  24.  108813.9    14(3)1( 4.0)-12(3)0( 1.0)  EXCIT   1(1)0( 0.0)   1     2
C  25.  438596.5    15(3)2( 7.0)-14(3)1( 4.0)  EXCIT   1(1)0( 0.0)   1     2
C  26.12500000.0    17(3)3(10.0)-15(3)2( 7.0)  EXCIT   1(1)0( 0.0)   1     2
C  27.  181159.4    19(1)1( 1.0)-13(1)0( 0.0)  EXCIT   1(1)0( 0.0)   1     2
C  28. 2173913.0    19(1)1( 1.0)-16(1)2( 2.0)  EXCIT   1(1)0( 0.0)   1     2
C  29.16666666.7    18(1)3( 3.0)-16(1)2( 2.0)  EXCIT   1(1)0( 0.0)   1     2
C  30.    7067.6     6(3)0( 1.0)- 4(3)1( 4.0)  EXCIT   1(1)0( 0.0)   1     2
C  31.    5877.5     9(3)2( 7.0)- 4(3)1( 4.0)  EXCIT   1(1)0( 0.0)   1     2
C  32.    4714.8    12(3)0( 1.0)- 4(3)1( 4.0)  EXCIT   1(1)0( 0.0)   1     2
C  33.    4472.9    15(3)2( 7.0)- 4(3)1( 4.0)  EXCIT   1(1)0( 0.0)   1     2
C  34.    7283.3     7(1)0( 0.0)- 5(1)1( 1.0)  EXCIT   1(1)0( 0.0)   1     2
C  35.    6680.0    10(1)2( 4.0)- 5(1)1( 1.0)  EXCIT   1(1)0( 0.0)   1     2
C  36.    5049.0    13(1)0( 0.0)- 5(1)1( 1.0)  EXCIT   1(1)0( 0.0)   1     2
C  37.    4923.2    16(1)2( 2.0)- 5(1)1( 1.0)  EXCIT   1(1)0( 0.0)   1     2
C  38.     584.4     5(1)1( 1.0)- 1(1)0( 0.0)  EXCIT   2(3)0( 1.0)   2     2
C  39.     537.0    11(1)1( 1.0)- 1(1)0( 0.0)  EXCIT   2(3)0( 1.0)   2     2
C  40.     522.2    19(1)1( 1.0)- 1(1)0( 0.0)  EXCIT   2(3)0( 1.0)   2     2
C  41.   20584.6     5(1)1( 1.0)- 3(1)0( 0.0)  EXCIT   2(3)0( 1.0)   2     2
C  42.    5017.1    11(1)1( 1.0)- 3(1)0( 0.0)  EXCIT   2(3)0( 1.0)   2     2
C  43.    3965.7    19(1)1( 1.0)- 3(1)0( 0.0)  EXCIT   2(3)0( 1.0)   2     2
C  44.   10831.9     4(3)1( 4.0)- 2(3)0( 1.0)  EXCIT   2(3)0( 1.0)   2     2
C  45.    3889.7     8(3)1( 4.0)- 2(3)0( 1.0)  EXCIT   2(3)0( 1.0)   2     2
C  46.    3188.7    14(3)1( 4.0)- 2(3)0( 1.0)  EXCIT   2(3)0( 1.0)   2     2
C  47.   42955.3     8(3)1( 4.0)- 6(3)0( 1.0)  EXCIT   2(3)0( 1.0)   2     2
C  48.   12531.3    14(3)1( 4.0)- 6(3)0( 1.0)  EXCIT   2(3)0( 1.0)   2     2
C  49.   74404.8    11(1)1( 1.0)- 7(1)0( 0.0)  EXCIT   2(3)0( 1.0)   2     2
C  50.   15087.5    19(1)1( 1.0)- 7(1)0( 0.0)  EXCIT   2(3)0( 1.0)   2     2
C  51.   21128.2    12(3)0( 1.0)- 8(3)1( 4.0)  EXCIT   2(3)0( 1.0)   2     2
C  52.  186219.7     9(3)2( 7.0)- 8(3)1( 4.0)  EXCIT   2(3)0( 1.0)   2     2
C  53.   17006.8    15(3)2( 7.0)- 8(3)1( 4.0)  EXCIT   2(3)0( 1.0)   2     2
C  54.   19550.3    14(3)1( 4.0)- 9(3)2( 7.0)  EXCIT   2(3)0( 1.0)   2     2
C  55.   18688.1    17(3)3(10.0)- 9(3)2( 7.0)  EXCIT   2(3)0( 1.0)   2     2
C  56.  961538.5    11(1)1( 1.0)-10(1)2( 4.0)  EXCIT   2(3)0( 1.0)   2     2
C  57.   18698.6    18(1)3( 3.0)-10(1)2( 4.0)  EXCIT   2(3)0( 1.0)   2     2
C  58.   18559.8    19(1)1( 1.0)-10(1)2( 4.0)  EXCIT   2(3)0( 1.0)   2     2
C  59.   21132.7    13(1)0( 0.0)-11(1)1( 1.0)  EXCIT   2(3)0( 1.0)   2     2
C  60.   19091.3    16(1)2( 2.0)-11(1)1( 1.0)  EXCIT   2(3)0( 1.0)   2     2
C  61.  108813.9    14(3)1( 4.0)-12(3)0( 1.0)  EXCIT   2(3)0( 1.0)   2     2
C  62.  438596.5    15(3)2( 7.0)-14(3)1( 4.0)  EXCIT   2(3)0( 1.0)   2     2
C  63.12500000.0    17(3)3(10.0)-15(3)2( 7.0)  EXCIT   2(3)0( 1.0)   2     2
C  64.  181159.4    19(1)1( 1.0)-13(1)0( 0.0)  EXCIT   2(3)0( 1.0)   2     2
C  65. 2173913.0    19(1)1( 1.0)-16(1)2( 2.0)  EXCIT   2(3)0( 1.0)   2     2
C  66.16666666.7    18(1)3( 3.0)-16(1)2( 2.0)  EXCIT   2(3)0( 1.0)   2     2
C  67.    7067.6     6(3)0( 1.0)- 4(3)1( 4.0)  EXCIT   2(3)0( 1.0)   2     2
C  68.    5877.5     9(3)2( 7.0)- 4(3)1( 4.0)  EXCIT   2(3)0( 1.0)   2     2
C  69.    4714.8    12(3)0( 1.0)- 4(3)1( 4.0)  EXCIT   2(3)0( 1.0)   2     2
C  70.    4472.9    15(3)2( 7.0)- 4(3)1( 4.0)  EXCIT   2(3)0( 1.0)   2     2
C  71.    7283.3     7(1)0( 0.0)- 5(1)1( 1.0)  EXCIT   2(3)0( 1.0)   2     2
C  72.    6680.0    10(1)2( 4.0)- 5(1)1( 1.0)  EXCIT   2(3)0( 1.0)   2     2
C  73.    5049.0    13(1)0( 0.0)- 5(1)1( 1.0)  EXCIT   2(3)0( 1.0)   2     2
C  74.    4923.2    16(1)2( 2.0)- 5(1)1( 1.0)  EXCIT   2(3)0( 1.0)   2     2
C
C   NOTES:  PROCESSED 11/02/92
C
C-------------------------------------------------------------------------------
 
C---------------------------------------------------------------------------------
C ADAS ADF15 DATA - SCCS info: @(#)$Header: /home/adascvs/adas/adf15/ionelec/ionelec_pec#he0.dat,v 2.1 2004/07/07 00:24:18 whitefor Exp $ Date $Date: 2004/07/07 00:24:18 $
C---------------------------------------------------------------------------------
