    9    /C+2  PHOTON EMISSIVITY COEFFICIENTS/
 977.0 A     8  10 /FILMEM = JL1990C/TYPE = EXCIT     /INDM=1   /ISEL=    1
 1.00E+11 5.00E+11 1.00E+12 5.00E+12 1.00E+13 2.00E+13 5.00E+13 1.00E+14
 5.00E+00 1.00E+01 2.00E+01 3.00E+01 4.00E+01 5.00E+01 6.00E+01 8.00E+01
 1.00E+02 2.00E+02
 1.68E-08 4.27E-08 6.38E-08 7.09E-08 7.35E-08 7.41E-08 7.39E-08 7.26E-08
 7.09E-08 6.39E-08
 1.69E-08 4.30E-08 6.42E-08 7.12E-08 7.38E-08 7.44E-08 7.42E-08 7.30E-08
 7.12E-08 6.42E-08
 1.69E-08 4.30E-08 6.42E-08 7.13E-08 7.38E-08 7.45E-08 7.43E-08 7.29E-08
 7.13E-08 6.42E-08
 1.69E-08 4.30E-08 6.42E-08 7.14E-08 7.38E-08 7.44E-08 7.42E-08 7.30E-08
 7.12E-08 6.42E-08
 1.69E-08 4.30E-08 6.42E-08 7.13E-08 7.38E-08 7.45E-08 7.43E-08 7.30E-08
 7.13E-08 6.42E-08
 1.69E-08 4.30E-08 6.40E-08 7.15E-08 7.40E-08 7.45E-08 7.45E-08 7.30E-08
 7.15E-08 6.40E-08
 1.69E-08 4.30E-08 6.40E-08 7.12E-08 7.38E-08 7.44E-08 7.42E-08 7.28E-08
 7.12E-08 6.42E-08
 1.69E-08 4.29E-08 6.40E-08 7.11E-08 7.36E-08 7.42E-08 7.41E-08 7.28E-08
 7.11E-08 6.41E-08
 386.2 A     8  10 /FILMEM = JL1990C/TYPE = EXCIT     /INDM=1   /ISEL=    2
 1.00E+11 5.00E+11 1.00E+12 5.00E+12 1.00E+13 2.00E+13 5.00E+13 1.00E+14
 5.00E+00 1.00E+01 2.00E+01 3.00E+01 4.00E+01 5.00E+01 6.00E+01 8.00E+01
 1.00E+02 2.00E+02
 1.92E-11 2.06E-10 5.80E-10 8.14E-10 9.80E-10 1.11E-09 1.20E-09 1.30E-09
 1.32E-09 1.18E-09
 1.97E-11 2.10E-10 5.92E-10 8.28E-10 9.98E-10 1.13E-09 1.22E-09 1.32E-09
 1.34E-09 1.19E-09
 1.98E-11 2.11E-10 5.93E-10 8.31E-10 1.00E-09 1.13E-09 1.23E-09 1.33E-09
 1.34E-09 1.19E-09
 2.00E-11 2.14E-10 5.98E-10 8.38E-10 1.01E-09 1.14E-09 1.23E-09 1.34E-09
 1.35E-09 1.20E-09
 2.02E-11 2.15E-10 6.04E-10 8.45E-10 1.02E-09 1.15E-09 1.24E-09 1.34E-09
 1.36E-09 1.20E-09
 2.06E-11 2.19E-10 6.15E-10 8.60E-10 1.03E-09 1.16E-09 1.25E-09 1.35E-09
 1.37E-09 1.21E-09
 2.16E-11 2.30E-10 6.44E-10 8.96E-10 1.07E-09 1.20E-09 1.30E-09 1.39E-09
 1.40E-09 1.23E-09
 2.32E-11 2.46E-10 6.89E-10 9.55E-10 1.13E-09 1.27E-09 1.36E-09 1.45E-09
 1.46E-09 1.27E-09
 574.2 A     8  10 /FILMEM = JL1990C/TYPE = EXCIT     /INDM=1   /ISEL=    3
 1.00E+11 5.00E+11 1.00E+12 5.00E+12 1.00E+13 2.00E+13 5.00E+13 1.00E+14
 5.00E+00 1.00E+01 2.00E+01 3.00E+01 4.00E+01 5.00E+01 6.00E+01 8.00E+01
 1.00E+02 2.00E+02
 1.65E-11 2.93E-10 1.19E-09 1.87E-09 2.33E-09 2.64E-09 2.84E-09 2.99E-09
 2.95E-09 2.38E-09
 1.68E-11 2.98E-10 1.20E-09 1.89E-09 2.36E-09 2.66E-09 2.86E-09 3.02E-09
 2.98E-09 2.40E-09
 1.69E-11 2.98E-10 1.20E-09 1.89E-09 2.35E-09 2.67E-09 2.87E-09 3.02E-09
 2.98E-09 2.40E-09
 1.70E-11 3.00E-10 1.20E-09 1.89E-09 2.36E-09 2.68E-09 2.88E-09 3.02E-09
 2.98E-09 2.42E-09
 1.71E-11 3.00E-10 1.21E-09 1.90E-09 2.36E-09 2.68E-09 2.88E-09 3.03E-09
 2.99E-09 2.41E-09
 1.72E-11 3.02E-10 1.21E-09 1.90E-09 2.37E-09 2.68E-09 2.88E-09 3.03E-09
 2.99E-09 2.42E-09
 1.76E-11 3.08E-10 1.23E-09 1.92E-09 2.40E-09 2.70E-09 2.90E-09 3.06E-09
 3.02E-09 2.44E-09
 1.82E-11 3.15E-10 1.25E-09 1.96E-09 2.43E-09 2.75E-09 2.95E-09 3.10E-09
 3.06E-09 2.48E-09
 884.7 A     8  10 /FILMEM = JL1990C/TYPE = EXCIT     /INDM=1   /ISEL=    4
 1.00E+11 5.00E+11 1.00E+12 5.00E+12 1.00E+13 2.00E+13 5.00E+13 1.00E+14
 5.00E+00 1.00E+01 2.00E+01 3.00E+01 4.00E+01 5.00E+01 6.00E+01 8.00E+01
 1.00E+02 2.00E+02
 2.30E-12 2.46E-11 6.92E-11 9.71E-11 1.17E-10 1.32E-10 1.44E-10 1.56E-10
 1.58E-10 1.40E-10
 2.36E-12 2.52E-11 7.06E-11 9.90E-11 1.19E-10 1.34E-10 1.46E-10 1.58E-10
 1.60E-10 1.42E-10
 2.36E-12 2.52E-11 7.08E-11 9.92E-11 1.19E-10 1.35E-10 1.46E-10 1.58E-10
 1.60E-10 1.42E-10
 2.40E-12 2.54E-11 7.14E-11 1.00E-10 1.20E-10 1.36E-10 1.47E-10 1.59E-10
 1.61E-10 1.43E-10
 2.42E-12 2.57E-11 7.21E-11 1.01E-10 1.21E-10 1.37E-10 1.48E-10 1.60E-10
 1.62E-10 1.44E-10
 2.46E-12 2.61E-11 7.35E-11 1.02E-10 1.23E-10 1.38E-10 1.50E-10 1.61E-10
 1.63E-10 1.44E-10
 2.58E-12 2.74E-11 7.68E-11 1.07E-10 1.28E-10 1.43E-10 1.55E-10 1.66E-10
 1.67E-10 1.47E-10
 2.76E-12 2.93E-11 8.22E-11 1.14E-10 1.35E-10 1.51E-10 1.62E-10 1.73E-10
 1.74E-10 1.51E-10
5696.0 A     8  10 /FILMEM = JL1990C/TYPE = EXCIT     /INDM=1   /ISEL=    5
 1.00E+11 5.00E+11 1.00E+12 5.00E+12 1.00E+13 2.00E+13 5.00E+13 1.00E+14
 5.00E+00 1.00E+01 2.00E+01 3.00E+01 4.00E+01 5.00E+01 6.00E+01 8.00E+01
 1.00E+02 2.00E+02
 1.06E-13 1.88E-12 7.60E-12 1.20E-11 1.49E-11 1.69E-11 1.82E-11 1.92E-11
 1.89E-11 1.53E-11
 1.08E-13 1.91E-12 7.68E-12 1.21E-11 1.51E-11 1.71E-11 1.83E-11 1.93E-11
 1.90E-11 1.54E-11
 1.08E-13 1.91E-12 7.69E-12 1.21E-11 1.51E-11 1.71E-11 1.84E-11 1.93E-11
 1.91E-11 1.54E-11
 1.09E-13 1.92E-12 7.72E-12 1.21E-11 1.51E-11 1.71E-11 1.84E-11 1.94E-11
 1.91E-11 1.54E-11
 1.09E-13 1.92E-12 7.73E-12 1.22E-11 1.51E-11 1.72E-11 1.84E-11 1.94E-11
 1.91E-11 1.55E-11
 1.10E-13 1.93E-12 7.75E-12 1.22E-11 1.52E-11 1.72E-11 1.85E-11 1.94E-11
 1.92E-11 1.55E-11
 1.13E-13 1.97E-12 7.86E-12 1.23E-11 1.53E-11 1.74E-11 1.86E-11 1.96E-11
 1.93E-11 1.56E-11
 1.17E-13 2.02E-12 8.02E-12 1.25E-11 1.56E-11 1.76E-11 1.89E-11 1.99E-11
 1.96E-11 1.59E-11
 690.5 A     8  10 /FILMEM = JL1990C/TYPE = EXCIT     /INDM=1   /ISEL=    6
 1.00E+11 5.00E+11 1.00E+12 5.00E+12 1.00E+13 2.00E+13 5.00E+13 1.00E+14
 5.00E+00 1.00E+01 2.00E+01 3.00E+01 4.00E+01 5.00E+01 6.00E+01 8.00E+01
 1.00E+02 2.00E+02
 3.62E-11 4.16E-10 1.27E-09 1.76E-09 2.03E-09 2.17E-09 2.23E-09 2.23E-09
 2.15E-09 1.71E-09
 3.68E-11 4.20E-10 1.28E-09 1.78E-09 2.04E-09 2.18E-09 2.24E-09 2.24E-09
 2.16E-09 1.72E-09
 3.68E-11 4.20E-10 1.28E-09 1.78E-09 2.04E-09 2.18E-09 2.25E-09 2.24E-09
 2.17E-09 1.72E-09
 3.68E-11 4.20E-10 1.28E-09 1.77E-09 2.04E-09 2.18E-09 2.24E-09 2.24E-09
 2.16E-09 1.72E-09
 3.66E-11 4.18E-10 1.27E-09 1.77E-09 2.03E-09 2.17E-09 2.23E-09 2.23E-09
 2.16E-09 1.72E-09
 3.63E-11 4.14E-10 1.26E-09 1.75E-09 2.02E-09 2.15E-09 2.22E-09 2.22E-09
 2.14E-09 1.71E-09
 3.56E-11 4.04E-10 1.23E-09 1.71E-09 1.97E-09 2.12E-09 2.18E-09 2.18E-09
 2.10E-09 1.69E-09
 3.44E-11 3.90E-10 1.19E-09 1.65E-09 1.91E-09 2.04E-09 2.11E-09 2.12E-09
 2.05E-09 1.65E-09
1175.7 A     8  10 /FILMEM = JL1990C/TYPE = EXCIT     /INDM=1   /ISEL=    7
 1.00E+11 5.00E+11 1.00E+12 5.00E+12 1.00E+13 2.00E+13 5.00E+13 1.00E+14
 5.00E+00 1.00E+01 2.00E+01 3.00E+01 4.00E+01 5.00E+01 6.00E+01 8.00E+01
 1.00E+02 2.00E+02
 1.18E-08 3.33E-08 4.88E-08 5.35E-08 5.52E-08 5.54E-08 5.50E-08 5.30E-08
 5.02E-08 3.79E-08
 1.22E-08 3.46E-08 5.10E-08 5.66E-08 5.90E-08 6.00E-08 6.02E-08 5.94E-08
 5.80E-08 4.96E-08
 1.22E-08 3.47E-08 5.12E-08 5.69E-08 5.94E-08 6.06E-08 6.09E-08 6.04E-08
 5.91E-08 5.17E-08
 1.23E-08 3.48E-08 5.14E-08 5.72E-08 5.98E-08 6.10E-08 6.16E-08 6.12E-08
 6.00E-08 5.34E-08
 1.23E-08 3.48E-08 5.15E-08 5.73E-08 5.99E-08 6.11E-08 6.16E-08 6.13E-08
 6.01E-08 5.36E-08
 1.23E-08 3.48E-08 5.15E-08 5.75E-08 6.00E-08 6.10E-08 6.15E-08 6.15E-08
 6.00E-08 5.35E-08
 1.23E-08 3.48E-08 5.16E-08 5.74E-08 6.00E-08 6.12E-08 6.18E-08 6.14E-08
 6.02E-08 5.38E-08
 1.23E-08 3.49E-08 5.17E-08 5.75E-08 6.01E-08 6.13E-08 6.18E-08 6.15E-08
 6.03E-08 5.38E-08
 538.2 A     8  10 /FILMEM = JL1990C/TYPE = EXCIT     /INDM=1   /ISEL=    8
 1.00E+11 5.00E+11 1.00E+12 5.00E+12 1.00E+13 2.00E+13 5.00E+13 1.00E+14
 5.00E+00 1.00E+01 2.00E+01 3.00E+01 4.00E+01 5.00E+01 6.00E+01 8.00E+01
 1.00E+02 2.00E+02
 1.83E-10 1.58E-09 3.74E-09 4.65E-09 5.04E-09 5.20E-09 5.22E-09 5.02E-09
 4.66E-09 3.10E-09
 1.88E-10 1.63E-09 3.88E-09 4.88E-09 5.34E-09 5.58E-09 5.66E-09 5.58E-09
 5.32E-09 4.02E-09
 1.89E-10 1.63E-09 3.89E-09 4.89E-09 5.38E-09 5.62E-09 5.72E-09 5.66E-09
 5.41E-09 4.17E-09
 1.87E-10 1.61E-09 3.84E-09 4.86E-09 5.34E-09 5.58E-09 5.70E-09 5.66E-09
 5.44E-09 4.26E-09
 1.85E-10 1.59E-09 3.79E-09 4.77E-09 5.26E-09 5.51E-09 5.62E-09 5.59E-09
 5.38E-09 4.23E-09
 1.80E-10 1.54E-09 3.67E-09 4.63E-09 5.10E-09 5.35E-09 5.45E-09 5.45E-09
 5.25E-09 4.15E-09
 1.71E-10 1.44E-09 3.40E-09 4.30E-09 4.74E-09 4.98E-09 5.10E-09 5.10E-09
 4.94E-09 3.94E-09
 1.61E-10 1.33E-09 3.11E-09 3.92E-09 4.34E-09 4.57E-09 4.69E-09 4.71E-09
 4.56E-09 3.68E-09
 459.6 A     8  10 /FILMEM = JL1990C/TYPE = EXCIT     /INDM=1   /ISEL=    9
 1.00E+11 5.00E+11 1.00E+12 5.00E+12 1.00E+13 2.00E+13 5.00E+13 1.00E+14
 5.00E+00 1.00E+01 2.00E+01 3.00E+01 4.00E+01 5.00E+01 6.00E+01 8.00E+01
 1.00E+02 2.00E+02
 1.10E-10 1.67E-09 5.85E-09 8.70E-09 1.06E-08 1.18E-08 1.26E-08 1.34E-08
 1.34E-08 1.14E-08
 1.14E-10 1.73E-09 6.10E-09 9.16E-09 1.12E-08 1.27E-08 1.38E-08 1.50E-08
 1.55E-08 1.49E-08
 1.15E-10 1.74E-09 6.13E-09 9.23E-09 1.13E-08 1.29E-08 1.39E-08 1.52E-08
 1.58E-08 1.55E-08
 1.17E-10 1.77E-09 6.22E-09 9.36E-09 1.15E-08 1.30E-08 1.42E-08 1.55E-08
 1.61E-08 1.61E-08
 1.20E-10 1.80E-09 6.30E-09 9.45E-09 1.16E-08 1.31E-08 1.43E-08 1.56E-08
 1.62E-08 1.62E-08
 1.24E-10 1.85E-09 6.45E-09 9.60E-09 1.18E-08 1.33E-08 1.44E-08 1.57E-08
 1.63E-08 1.63E-08
 1.34E-10 1.97E-09 6.72E-09 1.00E-08 1.22E-08 1.37E-08 1.49E-08 1.62E-08
 1.67E-08 1.66E-08
 1.45E-10 2.09E-09 7.07E-09 1.04E-08 1.27E-08 1.42E-08 1.53E-08 1.66E-08
 1.71E-08 1.69E-08
C-----------------------------------------------------------------------------
C
C PHOTON EMISSIVITY COEFFICIENTS LIST
C
C    ISEL  WAVELENGTH        TRANSITION      TYPE    METASTABLE   IMET
C    ----  ----------        ----------      ----    ----------   ----
C      1.    977.0           2S 2P-2S2       EXCIT   2S2 (1S0.0)    1
C                          (1P1.0)-(1S0.0)
C      2     386.2           2S 3P-2S2       EXCIT   2S2(1S0.0)     1
C                          (1P1.0)-(1S0.0)
C      3     574.2           2S 3D-2S 2P     EXCIT   2S2(1S0.0)     1
C                          (1D2.0)-(1P1.0)
C      4     884.7           2S 3P-2P2       EXCIT   2S2(1S0.0)     1
C                          (1P1.0)-(1D2.0)
C      5     5696.0          2S 3D-2S 3P     EXCIT   2S2(1S0.0)     1
C                          (1D2.0)-(1P1.0)
C      6     690.5           2S 3S-2S 2P     EXCIT   2S2(1S0.0)     1
C                          (1S0.0)-(1P1.0)
C      7     1175.7          2P2-2S 2P       EXCIT   2S2(1S0.0)     1
C                        (3P4.0)-(3P4.0)
C      8     538.2           2S 3S-2S 2P     EXCIT   2S2(1S0.0)     1
C                          (3S1.0)-(3P4.0)
C      9     459.6           2S 3D-2S 2P     EXCIT   2S2(1S0.0)     1
C                          (3D7.0)-(3P4.0)
C  N.B : PHOTON EMISSIVITY COEFFICIENTS ARE DIVIDED BY
C        ELECTRON DENSITY
C
C  NOTE: POPULATION DEPENDENT ON GROUND STATE
C
C           C.F. MAGGI   JET  30  SEPT. 1991
C
C-----------------------------------------------------------------------------
 
C---------------------------------------------------------------------------------
C ADAS ADF15 DATA - SCCS info: @(#)$Header: /home/adascvs/adas/adf15/ionelec/ionelec_pec#c2.dat,v 2.1 2004/07/07 00:24:10 whitefor Exp $ Date $Date: 2004/07/07 00:24:10 $
C---------------------------------------------------------------------------------
