   12    /C +1 PHOTON EMISSIVITY COEFFICIENTS/
 904.0 A     8  10 /FILMEM = JL1990C /TYPE = EXCIT    /INDM  = 1/ISEL=    1
 1.00E+11 5.00E+11 1.00E+12 5.00E+12 1.00E+13 2.00E+13 5.00E+13 1.00E+14
 5.00E+00 1.00E+01 2.00E+01 3.00E+01 4.00E+01 5.00E+01 6.00E+01 8.00E+01
 1.00E+02 2.00E+02
 3.70E-09 1.34E-08 2.57E-08 3.16E-08 3.48E-08 3.67E-08 3.79E-08 3.93E-08
 4.00E-08 4.07E-08
 3.72E-09 1.34E-08 2.56E-08 3.16E-08 3.48E-08 3.68E-08 3.80E-08 3.94E-08
 4.00E-08 4.08E-08
 3.71E-09 1.34E-08 2.57E-08 3.16E-08 3.49E-08 3.68E-08 3.80E-08 3.93E-08
 4.00E-08 4.08E-08
 3.72E-09 1.34E-08 2.56E-08 3.16E-08 3.48E-08 3.68E-08 3.80E-08 3.94E-08
 4.00E-08 4.08E-08
 3.71E-09 1.34E-08 2.57E-08 3.17E-08 3.49E-08 3.68E-08 3.80E-08 3.93E-08
 4.00E-08 4.08E-08
 3.71E-09 1.34E-08 2.57E-08 3.16E-08 3.48E-08 3.67E-08 3.79E-08 3.93E-08
 4.00E-08 4.07E-08
 3.72E-09 1.35E-08 2.56E-08 3.16E-08 3.48E-08 3.68E-08 3.80E-08 3.94E-08
 4.00E-08 4.08E-08
 3.72E-09 1.35E-08 2.57E-08 3.16E-08 3.49E-08 3.67E-08 3.79E-08 3.93E-08
 4.00E-08 4.07E-08
1036.8 A     8  10 /FILMEM = JL1990C/TYPE = EXCIT     /INDM=1   /ISEL=    2
 1.00E+11 5.00E+11 1.00E+12 5.00E+12 1.00E+13 2.00E+13 5.00E+13 1.00E+14
 5.00E+00 1.00E+01 2.00E+01 3.00E+01 4.00E+01 5.00E+01 6.00E+01 8.00E+01
 1.00E+02 2.00E+02
 1.80E-09 5.40E-09 8.99E-09 1.05E-08 1.11E-08 1.15E-08 1.17E-08 1.18E-08
 1.19E-08 1.16E-08
 1.80E-09 5.40E-09 9.00E-09 1.05E-08 1.12E-08 1.15E-08 1.17E-08 1.18E-08
 1.19E-08 1.16E-08
 1.80E-09 5.40E-09 8.99E-09 1.05E-08 1.12E-08 1.15E-08 1.17E-08 1.18E-08
 1.19E-08 1.16E-08
 1.79E-09 5.38E-09 8.96E-09 1.04E-08 1.11E-08 1.15E-08 1.17E-08 1.18E-08
 1.19E-08 1.16E-08
 1.79E-09 5.35E-09 8.94E-09 1.04E-08 1.11E-08 1.15E-08 1.17E-08 1.18E-08
 1.19E-08 1.16E-08
 1.77E-09 5.30E-09 8.90E-09 1.03E-08 1.10E-08 1.14E-08 1.16E-08 1.18E-08
 1.18E-08 1.16E-08
 1.74E-09 5.22E-09 8.76E-09 1.02E-08 1.10E-08 1.13E-08 1.15E-08 1.17E-08
 1.18E-08 1.16E-08
 1.71E-09 5.12E-09 8.63E-09 1.01E-08 1.09E-08 1.12E-08 1.14E-08 1.16E-08
 1.17E-08 1.15E-08
1335.8 A     8  10 /FILMEM = JL1990C/TYPE = EXCIT     /INDM=1   /ISEL=    3
 1.00E+11 5.00E+11 1.00E+12 5.00E+12 1.00E+13 2.00E+13 5.00E+13 1.00E+14
 5.00E+00 1.00E+01 2.00E+01 3.00E+01 4.00E+01 5.00E+01 6.00E+01 8.00E+01
 1.00E+02 2.00E+02
 9.45E-09 1.88E-08 2.50E-08 2.66E-08 2.70E-08 2.71E-08 2.69E-08 2.65E-08
 2.60E-08 2.41E-08
 9.50E-09 1.89E-08 2.50E-08 2.66E-08 2.72E-08 2.72E-08 2.70E-08 2.66E-08
 2.62E-08 2.42E-08
 9.51E-09 1.89E-08 2.50E-08 2.67E-08 2.71E-08 2.72E-08 2.70E-08 2.66E-08
 2.61E-08 2.42E-08
 9.50E-09 1.89E-08 2.50E-08 2.66E-08 2.72E-08 2.72E-08 2.70E-08 2.66E-08
 2.62E-08 2.42E-08
 9.48E-09 1.89E-08 2.50E-08 2.66E-08 2.71E-08 2.71E-08 2.70E-08 2.66E-08
 2.61E-08 2.42E-08
 9.45E-09 1.88E-08 2.49E-08 2.65E-08 2.70E-08 2.70E-08 2.69E-08 2.65E-08
 2.60E-08 2.42E-08
 9.38E-09 1.86E-08 2.46E-08 2.64E-08 2.68E-08 2.70E-08 2.68E-08 2.64E-08
 2.60E-08 2.40E-08
 9.27E-09 1.84E-08 2.44E-08 2.61E-08 2.66E-08 2.67E-08 2.66E-08 2.62E-08
 2.58E-08 2.40E-08
 687.2 A     8  10 /FILMEM = JL1990C/TYPE = EXCIT     /INDM=1   /ISEL=    4
 1.00E+11 5.00E+11 1.00E+12 5.00E+12 1.00E+13 2.00E+13 5.00E+13 1.00E+14
 5.00E+00 1.00E+01 2.00E+01 3.00E+01 4.00E+01 5.00E+01 6.00E+01 8.00E+01
 1.00E+02 2.00E+02
 4.16E-10 2.14E-09 4.80E-09 6.31E-09 7.23E-09 7.84E-09 8.27E-09 8.82E-09
 9.15E-09 9.75E-09
 4.18E-10 2.14E-09 4.82E-09 6.32E-09 7.24E-09 7.84E-09 8.28E-09 8.82E-09
 9.14E-09 9.76E-09
 4.20E-10 2.15E-09 4.82E-09 6.32E-09 7.24E-09 7.85E-09 8.28E-09 8.83E-09
 9.15E-09 9.76E-09
 4.38E-10 2.20E-09 4.90E-09 6.38E-09 7.30E-09 7.90E-09 8.32E-09 8.86E-09
 9.18E-09 9.78E-09
 4.58E-10 2.27E-09 4.98E-09 6.47E-09 7.37E-09 7.96E-09 8.38E-09 8.91E-09
 9.23E-09 9.80E-09
 4.93E-10 2.39E-09 5.15E-09 6.60E-09 7.50E-09 8.10E-09 8.50E-09 9.00E-09
 9.30E-09 9.85E-09
 5.78E-10 2.66E-09 5.50E-09 6.94E-09 7.80E-09 8.36E-09 8.74E-09 9.22E-09
 9.50E-09 9.96E-09
 6.74E-10 2.98E-09 5.92E-09 7.35E-09 8.18E-09 8.71E-09 9.06E-09 9.50E-09
 9.74E-09 1.01E-08
6579.7 A     8  10 /FILMEM = JL1990C/TYPE = EXCIT     /INDM=1   /ISEL=    5
 1.00E+11 5.00E+11 1.00E+12 5.00E+12 1.00E+13 2.00E+13 5.00E+13 1.00E+14
 5.00E+00 1.00E+01 2.00E+01 3.00E+01 4.00E+01 5.00E+01 6.00E+01 8.00E+01
 1.00E+02 2.00E+02
 2.11E-10 6.50E-10 8.79E-10 8.67E-10 8.18E-10 7.69E-10 7.23E-10 6.46E-10
 5.86E-10 4.17E-10
 2.10E-10 6.48E-10 8.76E-10 8.64E-10 8.16E-10 7.66E-10 7.22E-10 6.46E-10
 5.86E-10 4.16E-10
 2.09E-10 6.45E-10 8.74E-10 8.62E-10 8.14E-10 7.65E-10 7.20E-10 6.44E-10
 5.84E-10 4.16E-10
 2.02E-10 6.26E-10 8.50E-10 8.40E-10 7.96E-10 7.50E-10 7.06E-10 6.32E-10
 5.74E-10 4.12E-10
 1.95E-10 6.03E-10 8.23E-10 8.17E-10 7.75E-10 7.31E-10 6.90E-10 6.19E-10
 5.64E-10 4.06E-10
 1.82E-10 5.65E-10 7.75E-10 7.75E-10 7.35E-10 7.00E-10 6.60E-10 5.95E-10
 5.45E-10 3.95E-10
 1.53E-10 4.78E-10 6.66E-10 6.74E-10 6.50E-10 6.20E-10 5.90E-10 5.38E-10
 4.96E-10 3.70E-10
 1.24E-10 3.88E-10 5.51E-10 5.67E-10 5.53E-10 5.32E-10 5.11E-10 4.72E-10
 4.39E-10 3.37E-10
 858.4 A     8  10 /FILMEM = JL1990C/TYPE = EXCIT     /INDM=1   /ISEL=    6
 1.00E+11 5.00E+11 1.00E+12 5.00E+12 1.00E+13 2.00E+13 5.00E+13 1.00E+14
 5.00E+00 1.00E+01 2.00E+01 3.00E+01 4.00E+01 5.00E+01 6.00E+01 8.00E+01
 1.00E+02 2.00E+02
 5.33E-10 1.59E-09 2.23E-09 2.28E-09 2.25E-09 2.20E-09 2.14E-09 2.04E-09
 1.94E-09 1.61E-09
 5.32E-10 1.59E-09 2.22E-09 2.28E-09 2.24E-09 2.20E-09 2.14E-09 2.04E-09
 1.94E-09 1.61E-09
 5.32E-10 1.59E-09 2.22E-09 2.28E-09 2.25E-09 2.20E-09 2.14E-09 2.03E-09
 1.93E-09 1.60E-09
 5.30E-10 1.58E-09 2.20E-09 2.26E-09 2.24E-09 2.18E-09 2.12E-09 2.02E-09
 1.92E-09 1.60E-09
 5.25E-10 1.56E-09 2.18E-09 2.24E-09 2.21E-09 2.16E-09 2.11E-09 2.00E-09
 1.91E-09 1.59E-09
 5.20E-10 1.53E-09 2.14E-09 2.20E-09 2.17E-09 2.13E-09 2.07E-09 1.97E-09
 1.88E-09 1.57E-09
 4.96E-10 1.45E-09 2.02E-09 2.10E-09 2.08E-09 2.04E-09 1.99E-09 1.89E-09
 1.81E-09 1.52E-09
 4.64E-10 1.34E-09 1.87E-09 1.94E-09 1.92E-09 1.89E-09 1.85E-09 1.77E-09
 1.70E-09 1.44E-09
7234.4 A     8  10 /FILMEM = JL1990C/TYPE = EXCIT     /INDM=1   /ISEL=    7
 1.00E+11 5.00E+11 1.00E+12 5.00E+12 1.00E+13 2.00E+13 5.00E+13 1.00E+14
 5.00E+00 1.00E+01 2.00E+01 3.00E+01 4.00E+01 5.00E+01 6.00E+01 8.00E+01
 1.00E+02 2.00E+02
 6.16E-12 3.17E-11 7.11E-11 9.34E-11 1.07E-10 1.16E-10 1.22E-10 1.31E-10
 1.35E-10 1.44E-10
 6.20E-12 3.18E-11 7.12E-11 9.36E-11 1.07E-10 1.16E-10 1.22E-10 1.31E-10
 1.35E-10 1.44E-10
 6.22E-12 3.19E-11 7.14E-11 9.36E-11 1.07E-10 1.16E-10 1.23E-10 1.31E-10
 1.36E-10 1.44E-10
 6.48E-12 3.28E-11 7.24E-11 9.46E-11 1.08E-10 1.17E-10 1.23E-10 1.31E-10
 1.36E-10 1.45E-10
 6.78E-12 3.37E-11 7.37E-11 9.57E-11 1.09E-10 1.18E-10 1.24E-10 1.32E-10
 1.37E-10 1.45E-10
 7.30E-12 3.54E-11 7.60E-11 9.80E-11 1.11E-10 1.19E-10 1.25E-10 1.33E-10
 1.37E-10 1.46E-10
 8.56E-12 3.94E-11 8.12E-11 1.03E-10 1.16E-10 1.24E-10 1.29E-10 1.36E-10
 1.41E-10 1.48E-10
 9.97E-12 4.41E-11 8.76E-11 1.09E-10 1.21E-10 1.29E-10 1.34E-10 1.41E-10
 1.44E-10 1.50E-10
1010.2 A     8  10 /FILMEM = JL1990C/TYPE = EXCIT     /INDM=1   /ISEL=    8
 1.00E+11 5.00E+11 1.00E+12 5.00E+12 1.00E+13 2.00E+13 5.00E+13 1.00E+14
 5.00E+00 1.00E+01 2.00E+01 3.00E+01 4.00E+01 5.00E+01 6.00E+01 8.00E+01
 1.00E+02 2.00E+02
 7.16E-10 2.63E-09 4.75E-09 5.67E-09 6.12E-09 6.35E-09 6.48E-09 6.56E-09
 6.54E-09 6.17E-09
 7.32E-10 2.70E-09 4.88E-09 5.88E-09 6.38E-09 6.66E-09 6.82E-09 6.98E-09
 7.02E-09 6.86E-09
 7.34E-10 2.71E-09 4.91E-09 5.90E-09 6.41E-09 6.70E-09 6.87E-09 7.03E-09
 7.08E-09 6.96E-09
 7.36E-10 2.72E-09 4.92E-09 5.92E-09 6.44E-09 6.74E-09 6.90E-09 7.08E-09
 7.14E-09 7.04E-09
 7.36E-10 2.72E-09 4.93E-09 5.93E-09 6.45E-09 6.74E-09 6.92E-09 7.09E-09
 7.15E-09 7.05E-09
 7.35E-10 2.72E-09 4.93E-09 5.95E-09 6.45E-09 6.75E-09 6.90E-09 7.10E-09
 7.15E-09 7.05E-09
 7.38E-10 2.72E-09 4.96E-09 5.96E-09 6.48E-09 6.78E-09 6.94E-09 7.12E-09
 7.18E-09 7.08E-09
 7.42E-10 2.74E-09 4.98E-09 5.99E-09 6.51E-09 6.81E-09 6.98E-09 7.15E-09
 7.21E-09 7.11E-09
 806.4 A     8  10 /FILMEM = JL1990C/TYPE = EXCIT     /INDM=1   /ISEL=    9
 1.00E+11 5.00E+11 1.00E+12 5.00E+12 1.00E+13 2.00E+13 5.00E+13 1.00E+14
 5.00E+00 1.00E+01 2.00E+01 3.00E+01 4.00E+01 5.00E+01 6.00E+01 8.00E+01
 1.00E+02 2.00E+02
 3.02E-10 1.62E-09 3.23E-09 3.83E-09 4.06E-09 4.15E-09 4.17E-09 4.11E-09
 4.00E-09 3.49E-09
 3.08E-10 1.65E-09 3.32E-09 3.96E-09 4.22E-09 4.34E-09 4.38E-09 4.36E-09
 4.28E-09 3.88E-09
 3.08E-10 1.65E-09 3.32E-09 3.97E-09 4.24E-09 4.36E-09 4.40E-09 4.39E-09
 4.32E-09 3.93E-09
 3.02E-10 1.61E-09 3.26E-09 3.90E-09 4.18E-09 4.30E-09 4.36E-09 4.34E-09
 4.30E-09 3.94E-09
 2.94E-10 1.57E-09 3.18E-09 3.81E-09 4.09E-09 4.22E-09 4.27E-09 4.28E-09
 4.23E-09 3.89E-09
 2.83E-10 1.50E-09 3.04E-09 3.66E-09 3.94E-09 4.07E-09 4.13E-09 4.15E-09
 4.11E-09 3.80E-09
 2.62E-10 1.38E-09 2.80E-09 3.38E-09 3.64E-09 3.78E-09 3.84E-09 3.88E-09
 3.86E-09 3.62E-09
 2.46E-10 1.28E-09 2.58E-09 3.13E-09 3.38E-09 3.51E-09 3.58E-09 3.63E-09
 3.62E-09 3.42E-09
5633.9 A     8  10 /FILMEM = JL1990C/TYPE = EXCIT     /INDM=1   /ISEL=   10
 1.00E+11 5.00E+11 1.00E+12 5.00E+12 1.00E+13 2.00E+13 5.00E+13 1.00E+14
 5.00E+00 1.00E+01 2.00E+01 3.00E+01 4.00E+01 5.00E+01 6.00E+01 8.00E+01
 1.00E+02 2.00E+02
 1.33E-11 7.77E-11 1.67E-10 2.10E-10 2.31E-10 2.43E-10 2.49E-10 2.53E-10
 2.52E-10 2.34E-10
 1.35E-11 7.90E-11 1.71E-10 2.16E-10 2.40E-10 2.52E-10 2.60E-10 2.68E-10
 2.70E-10 2.60E-10
 1.34E-11 7.85E-11 1.70E-10 2.15E-10 2.39E-10 2.53E-10 2.61E-10 2.68E-10
 2.70E-10 2.61E-10
 1.25E-11 7.36E-11 1.60E-10 2.04E-10 2.26E-10 2.40E-10 2.48E-10 2.56E-10
 2.60E-10 2.54E-10
 1.16E-11 6.81E-11 1.49E-10 1.90E-10 2.12E-10 2.26E-10 2.34E-10 2.42E-10
 2.46E-10 2.42E-10
 1.01E-11 5.95E-11 1.31E-10 1.68E-10 1.89E-10 2.01E-10 2.10E-10 2.18E-10
 2.22E-10 2.21E-10
 7.56E-12 4.46E-11 9.94E-11 1.28E-10 1.45E-10 1.56E-10 1.63E-10 1.71E-10
 1.75E-10 1.79E-10
 5.60E-12 3.31E-11 7.40E-11 9.59E-11 1.09E-10 1.17E-10 1.23E-10 1.30E-10
 1.34E-10 1.38E-10
5141.8 A     8  10 /FILMEM = JL1990C/TYPE = EXCIT     /INDM=1   /ISEL=   11
 1.00E+11 5.00E+11 1.00E+12 5.00E+12 1.00E+13 2.00E+13 5.00E+13 1.00E+14
 5.00E+00 1.00E+01 2.00E+01 3.00E+01 4.00E+01 5.00E+01 6.00E+01 8.00E+01
 1.00E+02 2.00E+02
 1.20E-10 6.85E-10 1.36E-09 1.58E-09 1.64E-09 1.64E-09 1.61E-09 1.53E-09
 1.45E-09 1.15E-09
 1.22E-10 6.96E-10 1.40E-09 1.63E-09 1.70E-09 1.71E-09 1.69E-09 1.62E-09
 1.55E-09 1.27E-09
 1.21E-10 6.93E-10 1.39E-09 1.63E-09 1.70E-09 1.71E-09 1.69E-09 1.63E-09
 1.56E-09 1.28E-09
 1.13E-10 6.50E-10 1.32E-09 1.55E-09 1.62E-09 1.63E-09 1.62E-09 1.57E-09
 1.51E-09 1.26E-09
 1.04E-10 6.04E-10 1.23E-09 1.45E-09 1.53E-09 1.55E-09 1.54E-09 1.49E-09
 1.44E-09 1.21E-09
 9.05E-11 5.30E-10 1.09E-09 1.30E-09 1.37E-09 1.40E-09 1.39E-09 1.36E-09
 1.32E-09 1.12E-09
 6.60E-11 3.90E-10 8.26E-10 9.96E-10 1.07E-09 1.09E-09 1.10E-09 1.09E-09
 1.06E-09 9.34E-10
 4.67E-11 2.79E-10 6.00E-10 7.34E-10 7.94E-10 8.22E-10 8.33E-10 8.33E-10
 8.21E-10 7.40E-10
6785.6 A     8  10 /FILMEM = JL1990C/TYPE = EXCIT     /INDM=1   /ISEL=   12
 1.00E+11 5.00E+11 1.00E+12 5.00E+12 1.00E+13 2.00E+13 5.00E+13 1.00E+14
 5.00E+00 1.00E+01 2.00E+01 3.00E+01 4.00E+01 5.00E+01 6.00E+01 8.00E+01
 1.00E+02 2.00E+02
 4.90E-11 2.81E-10 5.61E-10 6.50E-10 6.73E-10 6.71E-10 6.59E-10 6.26E-10
 5.92E-10 4.66E-10
 4.98E-11 2.86E-10 5.76E-10 6.72E-10 6.98E-10 7.00E-10 6.92E-10 6.64E-10
 6.34E-10 5.18E-10
 4.95E-11 2.85E-10 5.74E-10 6.71E-10 6.99E-10 7.02E-10 6.94E-10 6.67E-10
 6.37E-10 5.23E-10
 4.68E-11 2.70E-10 5.50E-10 6.46E-10 6.76E-10 6.80E-10 6.74E-10 6.50E-10
 6.24E-10 5.16E-10
 4.37E-11 2.55E-10 5.22E-10 6.15E-10 6.46E-10 6.52E-10 6.47E-10 6.27E-10
 6.02E-10 5.03E-10
 3.87E-11 2.28E-10 4.73E-10 5.65E-10 5.95E-10 6.05E-10 6.00E-10 5.85E-10
 5.65E-10 4.76E-10
 2.94E-11 1.77E-10 3.76E-10 4.54E-10 4.86E-10 4.98E-10 5.00E-10 4.92E-10
 4.78E-10 4.16E-10
 2.21E-11 1.35E-10 2.91E-10 3.56E-10 3.84E-10 3.96E-10 4.01E-10 3.99E-10
 3.92E-10 3.50E-10
C-----------------------------------------------------------------------------
C
C PHOTON EMISSIVITY COEFFICIENTS LIST
C
C    ISEL  WAVELENGTH        TRANSITION      TYPE    METASTABLE   IMET
C    ----  ----------        ----------      ----    ----------   ----
C      1.     904.0        2S 2P2-2S2 2P     EXCIT  2S2 2P(2P2.5)  1
C                         (2P2.5)-(2P2.5)
C      2.    1036.8        2S 2P2-2S2 2P     EXCIT  2S2 2P(2P2.5)   1
C                         (2S0.5)-(2P2.5)
C      3.    1335.8        2S 2P2-2S2 2P     EXCIT  2S2 2P(2P2.5)   1
C                         (2D4.5)-(2P2.5)
C      4.    687.2         2S2 3D-2S2 2P     EXCIT  2S2 2P(2P2.5)   1
C                         (2D4.5)-(2P2.5)
C      5.    6579.7        2S2 3P-2S2 3S     EXCIT  2S2 2P(2P2.5)   1
C                         (2P2.5)-(2S0.5)
C      6.    858.4         2S2 3S-2S2 2P     EXCIT  2S2 2P(2P2.5)   1
C                         (2S0.5)-(2P2.5)
C      7.    7234.4        2S2 3D-2S2 3P     EXCIT  2S2 2P(2P2.5)   1
C                         (2D4.5)-(2P2.5)
C      8.    1010.2          2P3-2S 2P2      EXCIT  2S2 2P(2P2.5)   1
C                        (4S1.5)-(4P5.5)
C      9.    806.4       2S 2P 3S-2S 2P2     EXCIT  2S2 2P(2P2.5)   1
C                         (4P5.5)-(4P5.5)
C     10.    5633.9      2S 2P 3P-2S 2P 3P   EXCIT  2S2 2P(2P2.5)   1
C                         (4S1.5)-(4P5.5)
C     11.    5141.8      2S 2P 3P-2S 2P 3S   EXCIT  2S2 2P(2P2.5)   1
C                         (4P5.5)-(4P5.5)
C     12.    6785.6      2S 2P 3P-2S 2P 3S   EXCIT  2S2 2P(2P2.5)   1
C                         (4D9.5)-(4P5.5)
C
C
C  N.B : PHOTON EMISSIVITY COEFFICIENTS ARE DIVIDED BY
C        ELECTRON DENSITY
C
C  NOTE: POPULATION DEPENDENT ON GROUND STATE
C
C           C.F. MAGGI   JET  30  SEPT. 1991
C
C-----------------------------------------------------------------------------
 
C---------------------------------------------------------------------------------
C ADAS ADF15 DATA - SCCS info: @(#)$Header: /home/adascvs/adas/adf15/ionelec/ionelec_pec#c1.dat,v 2.1 2004/07/07 00:24:08 whitefor Exp $ Date $Date: 2004/07/07 00:24:08 $
C---------------------------------------------------------------------------------
